0.0000000000 16.3520000000 0.0070000000
0.0060688494 16.3540000000 0.0070000000
0.0075137617 16.3590000000 0.0070000000
0.0077378404 16.3540000000 0.0070000000
0.0176606445 16.3400000000 0.0070000000
0.0242984439 16.3510000000 0.0070000000
0.0569346337 16.3820000000 0.0080000000
0.0627619336 16.3660000000 0.0070000000
0.0688053823 16.3740000000 0.0080000000
0.0747021191 16.3490000000 0.0070000000
0.0950673029 16.3830000000 0.0070000000
0.0993481759 16.3850000000 0.0080000000
0.1109529271 16.3670000000 0.0080000000
0.1137465243 16.3650000000 0.0070000000
0.1266110816 16.3460000000 0.0070000000
0.1851481199 16.3240000000 0.0070000000
0.1928976479 16.3180000000 0.0060000000
0.2016805265 16.3290000000 0.0090000000
0.2161507500 16.3390000000 0.0080000000
0.2272016011 16.2920000000 0.0060000000
0.2284935767 16.3160000000 0.0070000000
0.2294227411 16.3350000000 0.0070000000
0.2346628766 16.2530000000 0.0070000000
0.2448959598 16.2660000000 0.0070000000
0.2582051928 16.2290000000 0.0070000000
0.2601331122 16.2870000000 0.0070000000
0.2648148242 16.2780000000 0.0070000000
0.2769031537 16.1980000000 0.0070000000
0.2787403050 16.1960000000 0.0060000000
0.2982572359 16.2350000000 0.0070000000
0.3071670554 16.2310000000 0.0060000000
0.3175967038 16.1770000000 0.0070000000
0.3245847862 16.1840000000 0.0060000000
0.3251769188 16.1880000000 0.0070000000
0.3256274529 16.1720000000 0.0070000000
0.3261334312 16.1860000000 0.0090000000
0.3277019306 16.1810000000 0.0070000000
0.3393379784 16.2080000000 0.0070000000
0.3495836272 16.1320000000 0.0060000000
0.3626490260 16.1810000000 0.0080000000
0.3664740352 16.1340000000 0.0060000000
0.3667586304 16.1640000000 0.0070000000
0.3755464773 16.1390000000 0.0060000000
0.3783427871 16.1300000000 0.0070000000
0.4038235662 16.1120000000 0.0060000000
0.4400442677 16.1320000000 0.0060000000
0.4461538832 16.1460000000 0.0070000000
0.4514800145 16.1140000000 0.0070000000
0.4520128786 16.1520000000 0.0070000000
0.4572583064 16.1120000000 0.0070000000
0.4612052013 16.0970000000 0.0060000000
0.4612407910 16.1300000000 0.0070000000
0.4931383564 16.1180000000 0.0060000000
0.4978557793 16.1180000000 0.0060000000
0.5032041367 16.1090000000 0.0070000000
0.5050555963 16.1230000000 0.0070000000
0.5106912871 16.0890000000 0.0070000000
0.5276652408 16.1340000000 0.0070000000
0.5619684574 16.1130000000 0.0070000000
0.5669394875 16.1270000000 0.0070000000
0.5777623026 16.1400000000 0.0070000000
0.5783665593 16.1460000000 0.0070000000
0.5800943857 16.1100000000 0.0060000000
0.6005105790 16.1290000000 0.0070000000
0.6190698825 16.1370000000 0.0070000000
0.6236578514 16.1150000000 0.0070000000
0.6309898520 16.1360000000 0.0070000000
0.6441349397 16.1460000000 0.0070000000
0.6458743787 16.1520000000 0.0060000000
0.6479462188 16.1880000000 0.0070000000
0.6480092690 16.1740000000 0.0060000000
0.6608633287 16.1550000000 0.0070000000
0.6868621351 16.1530000000 0.0060000000
0.6879108595 16.1670000000 0.0070000000
0.7147886119 16.2170000000 0.0060000000
0.7320734227 16.1910000000 0.0070000000
0.7454483314 16.2220000000 0.0070000000
0.7817920336 16.2150000000 0.0070000000
0.7845649442 16.2290000000 0.0080000000
0.7865484664 16.2220000000 0.0070000000
0.7965346037 16.2330000000 0.0070000000
0.8119086369 16.2380000000 0.0070000000
0.8317282289 16.2650000000 0.0070000000
0.8370288929 16.2450000000 0.0070000000
0.8381210876 16.2640000000 0.0090000000
0.8395184649 16.2880000000 0.0070000000
0.8488363798 16.2720000000 0.0070000000
0.8591412256 16.2790000000 0.0070000000
0.8594911011 16.2690000000 0.0080000000
0.8716222101 16.3100000000 0.0060000000
0.8741667643 16.2930000000 0.0070000000
0.8923815596 16.3030000000 0.0070000000
0.8957235567 16.2970000000 0.0070000000
0.8987508110 16.3210000000 0.0070000000
0.8997320541 16.3250000000 0.0070000000
0.9750393455 16.3550000000 0.0070000000
0.9855436517 16.3300000000 0.0070000000
0.9901708095 16.3140000000 0.0080000000
0.9914963698 16.3390000000 0.0080000000
0.9936503865 16.3360000000 0.0060000000
