2125.54864 16.612 0.017
2129.63195 16.556 0.010
2132.57623 16.529 0.010
2135.71389 16.450 0.009
2140.67188 16.551 0.012
2144.55552 16.466 0.011
2160.54532 16.456 0.011
2168.61281 16.642 0.013
2187.52210 16.621 0.013
2206.51708 16.454 0.013
2331.85808 16.534 0.011
2346.90444 16.571 0.011
2358.83006 16.531 0.011
2372.79027 16.462 0.010
2382.91443 16.632 0.012
2386.85784 16.498 0.012
2390.80099 16.522 0.011
2397.76300 16.490 0.010
2401.78776 16.620 0.011
2403.84382 16.638 0.011
2405.81231 16.470 0.010
2414.79597 16.641 0.012
2416.76361 16.562 0.011
2424.85624 16.536 0.014
2428.75790 16.424 0.009
2432.80085 16.605 0.013
2434.66867 16.439 0.010
2436.71432 16.418 0.010
2438.69258 16.607 0.011
2440.83415 16.418 0.011
2443.69867 16.599 0.012
2445.57975 16.413 0.010
2448.55695 16.479 0.016
2453.81602 16.421 0.011
2459.51381 16.606 0.013
2463.48849 16.498 0.012
2464.71867 16.430 0.009
2467.62164 16.520 0.010
2469.63607 16.625 0.010
2471.64782 16.641 0.010
2473.61289 16.475 0.010
2483.67780 16.555 0.011
2486.66111 16.624 0.014
2490.62776 16.505 0.011
2493.59003 16.455 0.011
2495.66160 16.443 0.010
2497.74108 16.416 0.010
2499.76438 16.488 0.010
2502.50804 16.472 0.011
2508.60293 16.490 0.011
2508.61041 16.488 0.011
2512.55922 16.541 0.012
2517.68095 16.640 0.013
2520.51910 16.535 0.011
2526.61482 16.452 0.010
2537.59530 16.520 0.014
2541.59331 16.568 0.011
2547.53141 16.469 0.012
2551.56759 16.666 0.016
2556.52239 16.615 0.012
2563.55589 16.535 0.011
2574.53493 16.644 0.014
2705.89734 16.431 0.010
2706.86430 16.608 0.012
2714.84859 16.637 0.011
2728.87828 16.425 0.011
2733.86118 16.435 0.011
2744.84213 16.495 0.032
2752.91385 16.659 0.014
2756.87840 16.415 0.010
2760.84667 16.657 0.013
2766.87870 16.443 0.010
2770.76626 16.446 0.011
2783.76707 16.524 0.010
2785.87872 16.596 0.013
2786.88078 16.517 0.013
2789.68676 16.574 0.011
2791.65046 16.419 0.010
2794.81306 16.583 0.012
2796.75377 16.558 0.010
2808.89421 16.660 0.018
2809.89866 16.473 0.011
2810.82564 16.398 0.010
2811.86291 16.655 0.012
2813.65963 16.647 0.012
2815.78128 16.500 0.011
2817.73421 16.638 0.012
2818.79718 16.430 0.011
2820.66943 16.623 0.012
2826.69813 16.496 0.011
2834.72037 16.445 0.018
2835.83775 16.484 0.013
2837.57574 16.540 0.014
2839.61257 16.611 0.012
2841.63195 16.646 0.012
2843.56716 16.443 0.011
2845.59805 16.425 0.011
2849.75054 16.431 0.011
2849.77812 16.480 0.013
2851.76091 16.456 0.012
2853.76381 16.578 0.013
2856.65254 16.631 0.012
2858.62787 16.481 0.011
2859.62191 16.668 0.016
2863.73725 16.650 0.018
2866.67822 16.627 0.013
2869.66923 16.662 0.012
2872.66371 16.515 0.010
2877.63299 16.635 0.012
2883.60857 16.431 0.010
2892.59851 16.605 0.016
2896.62019 16.410 0.010
2898.49622 16.609 0.014
2899.61110 16.510 0.010
2899.65002 16.601 0.011
2900.47379 16.459 0.020
2900.52689 16.570 0.013
2900.57697 16.657 0.012
2900.61825 16.647 0.013
2902.47487 16.472 0.018
2902.56248 16.518 0.014
2902.58723 16.544 0.014
2904.53200 16.454 0.013
2905.49447 16.478 0.013
2906.49830 16.671 0.016
2907.47999 16.486 0.016
2907.56159 16.489 0.013
2908.49952 16.585 0.014
2909.50061 16.550 0.012
2910.49262 16.447 0.012
2912.49961 16.450 0.012
2916.53088 16.665 0.013
2917.52852 16.433 0.012
2917.54929 16.427 0.012
2920.52882 16.464 0.013
2921.51425 16.676 0.016
2922.50259 16.485 0.014
2924.52329 16.599 0.011
2926.55544 16.667 0.013
2928.52684 16.529 0.012
2929.58708 16.481 0.014
2931.54117 16.655 0.011
2933.52038 16.507 0.012
2939.54358 16.629 0.014
2941.52923 16.620 0.014
2943.50549 16.432 0.016
2946.52769 16.572 0.017
2949.52011 16.692 0.018
2950.51041 16.498 0.014
3051.85555 16.626 0.026
3058.85051 16.601 0.010
3063.86968 16.608 0.009
3067.84906 16.490 0.010
3070.80846 16.462 0.012
3072.88727 16.406 0.009
3075.78418 16.487 0.013
3079.84065 16.690 0.012
3082.80174 16.643 0.011
3084.85750 16.657 0.010
3086.78853 16.457 0.009
3087.90609 16.445 0.010
3089.81014 16.619 0.010
3091.77227 16.449 0.009
3096.81008 16.450 0.010
3098.81356 16.461 0.009
3100.86889 16.472 0.010
3102.82488 16.650 0.011
3103.90021 16.497 0.011
3106.78318 16.433 0.012
3107.92535 16.500 0.011
3109.74619 16.421 0.009
3110.78750 16.652 0.011
3112.76226 16.532 0.010
3113.82560 16.498 0.010
3115.82417 16.629 0.011
3118.88128 16.409 0.010
3122.83381 16.624 0.013
3125.81228 16.657 0.014
3126.84347 16.415 0.010
3127.75786 16.461 0.010
3128.77618 16.643 0.011
3129.75098 16.486 0.011
3130.92906 16.487 0.011
3131.78493 16.507 0.012
3134.72126 16.578 0.022
3135.81732 16.643 0.011
3137.89480 16.685 0.013
3138.82643 16.612 0.011
3139.82123 16.434 0.009
3140.82776 16.632 0.012
3142.72273 16.480 0.010
3144.74514 16.557 0.010
3146.71846 16.637 0.011
3151.70515 16.601 0.013
3152.70922 16.543 0.010
3152.92247 16.636 0.014
3153.71330 16.478 0.011
3154.76840 16.570 0.012
3156.75578 16.624 0.011
3158.81484 16.632 0.014
3162.76229 16.545 0.014
3163.72420 16.450 0.010
3164.68794 16.618 0.010
3165.80977 16.512 0.009
3166.84348 16.609 0.016
3167.90830 16.594 0.016
3168.72088 16.434 0.010
3169.67731 16.571 0.010
3170.75020 16.431 0.009
3171.70161 16.479 0.009
3172.68845 16.645 0.010
3174.66533 16.520 0.009
3175.67104 16.630 0.010
3176.71416 16.495 0.011
3178.72972 16.423 0.011
3179.60764 16.419 0.009
3179.86343 16.482 0.011
3180.66176 16.661 0.010
3182.72849 16.638 0.010
3183.67325 16.525 0.011
3184.65288 16.463 0.009
3185.81083 16.416 0.010
3193.48884 16.437 0.013
3193.82566 16.511 0.011
3194.64447 16.413 0.010
3195.62275 16.569 0.010
3196.69830 16.442 0.012
3196.78726 16.531 0.010
3197.59844 16.438 0.009
3199.73237 16.549 0.012
3203.71934 16.515 0.010
3204.71500 16.493 0.009
3205.63996 16.552 0.009
3206.62154 16.623 0.010
3210.61174 16.481 0.010
3211.68376 16.496 0.011
3217.60779 16.476 0.012
3218.60708 16.556 0.012
3219.66627 16.492 0.012
3223.60432 16.539 0.013
3224.65404 16.504 0.009
3226.56692 16.564 0.010
3228.52547 16.451 0.010
3229.58360 16.645 0.010
3230.62232 16.426 0.009
3231.52331 16.425 0.011
3232.49713 16.653 0.014
3239.53198 16.545 0.010
3240.60940 16.437 0.010
3241.61367 16.578 0.016
3245.49816 16.630 0.014
3246.60614 16.546 0.013
3247.67678 16.456 0.010
3248.66998 16.553 0.011
3250.60939 16.501 0.011
3253.60218 16.428 0.010
3256.58481 16.457 0.011
3259.57736 16.593 0.013
3261.58075 16.446 0.009
3266.60544 16.463 0.012
3272.55219 16.544 0.012
3274.58177 16.501 0.012
3278.55582 16.646 0.011
3281.50469 16.627 0.012
3287.56466 16.485 0.010
3292.55344 16.475 0.010
3415.88787 16.643 0.010
3420.88812 16.616 0.008
3425.87315 16.598 0.012
3428.86904 16.650 0.011
3432.84057 16.412 0.010
3442.84254 16.452 0.010
3444.89639 16.457 0.009
3447.80486 16.518 0.010
3449.82212 16.630 0.009
3452.84311 16.479 0.009
3454.89669 16.498 0.010
3457.86668 16.477 0.009
3459.78021 16.630 0.013
3468.83213 16.448 0.008
3469.83909 16.669 0.010
3471.91936 16.662 0.012
3473.83459 16.440 0.010
3476.72717 16.479 0.008
3478.79286 16.497 0.009
3479.93659 16.522 0.011
3481.77141 16.437 0.009
3483.90508 16.523 0.009
3484.73000 16.396 0.011
3496.80647 16.424 0.009
3497.74419 16.496 0.010
3499.93416 16.680 0.010
3500.81012 16.646 0.010
3501.80412 16.457 0.007
3502.76991 16.502 0.009
3503.73893 16.643 0.009
3504.82863 16.511 0.009
3506.89363 16.515 0.011
3508.84424 16.480 0.011
3509.79393 16.418 0.009
3511.75155 16.610 0.011
3512.79517 16.503 0.011
3520.82297 16.631 0.011
3521.63265 16.501 0.008
3522.68700 16.526 0.009
3523.73156 16.572 0.009
3524.76804 16.502 0.010
3525.69979 16.430 0.008
3526.78217 16.625 0.010
3527.78708 16.424 0.009
3528.72987 16.536 0.009
3529.62344 16.543 0.009
3530.64383 16.528 0.009
3538.67379 16.403 0.009
3541.82434 16.602 0.010
3547.71579 16.632 0.012
3550.58981 16.592 0.010
3551.77928 16.603 0.010
3552.61845 16.579 0.008
3553.74895 16.457 0.011
3554.78991 16.605 0.010
3555.76006 16.430 0.009
3556.82579 16.706 0.014
3558.48871 16.502 0.011
3558.78796 16.520 0.010
3559.55643 16.516 0.011
3561.49679 16.595 0.012
3562.54340 16.420 0.008
3563.59839 16.666 0.009
3564.62646 16.408 0.009
3569.51507 16.617 0.012
3573.59173 16.667 0.014
3574.64826 16.438 0.010
3575.63327 16.606 0.009
3576.61357 16.581 0.010
3577.71409 16.614 0.009
3578.62265 16.654 0.010
3579.57995 16.545 0.009
3580.60252 16.485 0.009
3581.62980 16.556 0.010
3582.57795 16.448 0.009
3583.59502 16.621 0.010
3584.60402 16.494 0.009
3585.59428 16.487 0.008
3586.64003 16.568 0.009
3589.63284 16.483 0.008
3590.60157 16.463 0.009
3591.66355 16.541 0.009
3593.53641 16.436 0.008
3594.65252 16.453 0.009
3601.58496 16.605 0.010
3602.60188 16.496 0.009
3603.59899 16.529 0.010
3606.61860 16.640 0.013
3607.59091 16.524 0.009
3608.59987 16.490 0.010
3615.53509 16.559 0.010
3618.63733 16.541 0.010
3620.52576 16.626 0.009
3622.50478 16.638 0.011
3628.63344 16.466 0.012
3630.51891 16.613 0.013
3631.64906 16.614 0.016
3633.50420 16.621 0.013
3637.59419 16.662 0.012
3639.61146 16.605 0.010
3641.50660 16.509 0.011
3643.58310 16.468 0.012
3648.49890 16.629 0.010
3651.55484 16.475 0.011
3654.50799 16.411 0.016
3656.50469 16.578 0.012
3658.53883 16.650 0.016
3661.53665 16.527 0.013
3668.50970 16.637 0.012
3674.52346 16.521 0.011
3775.86797 16.664 0.012
3781.85511 16.481 0.013
