2125.52161 15.964 0.010
2132.54905 15.943 0.008
2135.68062 15.692 0.006
2144.53101 15.968 0.009
2167.52881 15.988 0.010
2187.49529 15.877 0.008
2330.86835 15.755 0.008
2344.86388 15.729 0.008
2355.82923 15.698 0.006
2390.76952 15.845 0.009
2424.72940 15.963 0.012
2434.63375 15.810 0.008
2435.86040 15.744 0.008
2446.83195 15.768 0.010
2453.78883 15.923 0.008
2462.57008 15.698 0.006
2464.69138 15.869 0.008
2467.59447 15.682 0.006
2469.60895 15.703 0.006
2471.66873 15.811 0.006
2483.65053 15.759 0.008
2486.63382 15.738 0.008
2490.60083 15.698 0.008
2493.56006 15.739 0.008
2495.63462 15.706 0.006
2496.49136 15.932 0.010
2497.49527 15.908 0.008
2498.57524 15.713 0.006
2499.73714 15.902 0.008
2501.75558 15.932 0.008
2508.57189 15.733 0.008
2512.53192 15.807 0.008
2517.70204 15.830 0.009
2520.48873 15.946 0.008
2526.58491 15.731 0.006
2535.58594 15.755 0.010
2541.56407 15.761 0.008
2547.50410 15.956 0.010
2551.53855 15.892 0.009
2556.49229 15.970 0.009
2563.52792 15.924 0.008
2574.50560 15.953 0.009
2705.86838 15.877 0.005
2713.91027 15.926 0.008
2728.85142 15.807 0.008
2733.83350 15.780 0.008
2744.80594 15.691 0.006
2752.87750 15.830 0.009
2756.85087 15.767 0.008
2760.81685 15.708 0.008
2766.85041 15.747 0.008
2770.73009 15.766 0.008
2783.79102 15.726 0.006
2786.85361 15.748 0.008
2789.65992 15.965 0.008
2791.62078 15.922 0.008
2794.77686 15.738 0.008
2796.72563 15.865 0.008
2808.86743 15.726 0.009
2810.79557 15.753 0.008
2811.83600 15.688 0.006
2813.63252 15.921 0.009
2815.75424 15.818 0.008
2817.70713 15.934 0.008
2818.76927 15.777 0.008
2820.63960 15.902 0.012
2826.63166 15.889 0.008
2834.68963 15.978 0.015
2835.81018 15.742 0.008
2837.54490 15.721 0.008
2839.58119 15.787 0.008
2841.59140 15.793 0.008
2843.52684 15.695 0.008
2845.56642 15.774 0.008
2849.71684 15.966 0.009
2851.73114 15.939 0.009
2853.73695 15.941 0.009
2856.62556 15.836 0.008
2858.60093 15.791 0.009
2863.61000 15.801 0.008
2866.69878 15.960 0.009
2869.63941 15.861 0.008
2872.61348 15.795 0.006
2877.60347 15.769 0.009
2883.54999 15.687 0.006
2892.57129 15.698 0.009
2896.59307 15.716 0.006
2902.53320 15.753 0.009
2907.53153 15.753 0.008
2916.60568 15.701 0.010
2928.54913 15.749 0.008
3050.88348 15.905 0.008
3058.83045 15.957 0.008
3061.89489 15.914 0.008
3067.83133 15.929 0.008
3072.86980 15.963 0.006
3074.90924 15.911 0.008
3079.81616 15.893 0.008
3082.78262 15.844 0.006
3086.77063 15.807 0.006
3089.79206 15.870 0.006
3091.75362 15.766 0.006
3096.78052 15.813 0.008
3098.78974 15.847 0.006
3100.90121 15.948 0.008
3102.78050 15.805 0.006
3107.78040 15.800 0.006
3108.85052 15.930 0.006
3109.92026 15.938 0.008
3110.76975 15.747 0.006
3111.82723 15.894 0.008
3113.80639 15.841 0.006
3114.74471 15.709 0.006
3115.80659 15.836 0.006
3118.86348 15.925 0.008
3122.81362 15.867 0.008
3125.79110 15.815 0.008
3126.80128 15.812 0.006
3127.73106 15.693 0.006
3128.75066 15.721 0.006
3129.73343 15.715 0.008
3130.90831 15.978 0.009
3134.70378 15.756 0.010
3137.74996 15.709 0.006
3138.85749 15.898 0.008
3139.79330 15.771 0.006
3140.80633 15.809 0.006
3142.66413 15.749 0.006
3142.92026 15.958 0.008
3144.72767 15.705 0.006
3146.69111 15.771 0.008
3151.68629 15.781 0.008
3152.69114 15.782 0.006
3152.90267 16.004 0.010
3153.69270 15.765 0.008
3154.64202 15.888 0.009
3156.73129 15.694 0.006
3158.78141 15.733 0.008
3162.74404 15.680 0.009
3163.70316 15.764 0.006
3164.67038 15.794 0.006
3166.67685 15.792 0.008
3167.88570 15.947 0.009
3168.68390 15.763 0.006
3169.65942 15.865 0.006
3170.72963 15.690 0.006
3171.68354 15.787 0.005
3172.66880 15.809 0.006
3174.64780 15.905 0.006
3175.64968 15.895 0.006
3176.68373 15.789 0.008
3178.71221 15.745 0.008
3179.74926 15.686 0.006
3180.64085 15.926 0.006
3182.70343 15.792 0.008
3183.65254 15.896 0.008
3184.62333 15.944 0.006
3185.78866 15.707 0.006
3193.46632 15.739 0.009
3193.80701 15.712 0.006
3194.67316 15.852 0.008
3195.60437 15.937 0.006
3196.68051 15.847 0.008
3197.68318 15.833 0.008
3199.71486 15.775 0.006
3203.74781 15.749 0.006
3204.74353 15.728 0.006
3205.62195 15.963 0.008
3206.59899 15.947 0.008
3210.71011 15.782 0.006
3211.61507 15.933 0.008
3212.62741 15.988 0.009
3217.58988 15.909 0.012
3218.58906 15.900 0.008
3223.58575 15.910 0.009
3224.59501 15.920 0.006
3226.54931 15.832 0.006
3228.67862 15.947 0.008
3229.56244 15.851 0.006
3230.60137 15.912 0.006
3231.50226 15.740 0.008
3239.51406 15.735 0.006
3240.71088 15.871 0.009
3241.59526 15.936 0.012
3244.69267 15.942 0.010
3246.57921 15.891 0.008
3248.60404 15.931 0.008
3250.59138 15.881 0.008
3253.58316 15.874 0.006
3256.56250 15.844 0.008
3259.55941 15.825 0.008
3262.57100 15.822 0.006
3266.58465 15.873 0.009
3272.53427 15.755 0.008
3274.56409 15.797 0.008
3278.51444 15.741 0.008
3281.54213 15.752 0.006
3287.54716 15.747 0.006
3292.53585 15.734 0.006
3415.87029 15.770 0.006
3420.87045 15.761 0.006
3424.90327 15.725 0.006
3428.85152 15.808 0.006
3430.88828 15.721 0.006
3442.82470 15.926 0.008
3444.87872 15.756 0.006
3446.90743 15.754 0.006
3449.79715 15.957 0.006
3452.82561 15.943 0.008
3454.87918 15.781 0.006
3457.81386 15.915 0.013
3458.80799 15.962 0.008
3458.85729 15.875 0.006
3467.86533 15.868 0.006
3469.77103 15.909 0.006
3471.87212 15.867 0.008
3472.92827 15.746 0.006
3473.76566 15.904 0.008
3475.78881 15.938 0.006
3477.87995 15.855 0.006
3479.82512 15.972 0.006
3481.72461 15.822 0.006
3483.88419 15.838 0.006
3496.85767 15.966 0.008
3497.72668 15.817 0.008
3500.78566 15.922 0.006
3501.77934 15.896 0.005
3502.81011 15.937 0.006
3503.77165 15.883 0.006
3504.78817 15.921 0.006
3506.92280 15.770 0.006
3509.82295 15.951 0.008
3510.83838 15.946 0.006
3511.79446 15.904 0.006
3512.66157 15.690 0.008
3520.65154 15.698 0.006
3521.75725 15.821 0.008
3522.66880 15.695 0.006
3523.70884 15.715 0.005
3524.75202 15.806 0.006
3525.72953 15.759 0.006
3525.80686 15.905 0.006
3526.81611 15.949 0.006
3528.76823 15.863 0.008
3530.59108 15.804 0.006
3538.83762 15.946 0.008
3541.87785 15.959 0.008
3547.69724 15.684 0.009
3553.68096 15.686 0.006
3554.76058 15.811 0.008
3556.64371 15.753 0.006
3558.66083 15.720 0.006
3559.74071 15.734 0.006
3562.52252 15.926 0.006
3563.57648 15.946 0.006
3564.66377 15.730 0.006
3574.62906 15.813 0.008
3576.59246 15.950 0.008
3577.65799 15.758 0.006
3578.60483 15.877 0.006
3579.53320 15.950 0.006
3580.57190 15.946 0.006
3581.61221 15.880 0.006
3582.56026 15.943 0.006
3583.51004 15.915 0.008
3584.58593 15.931 0.006
3585.57664 15.952 0.006
3586.56533 15.949 0.006
3587.70997 15.709 0.006
3589.61533 15.877 0.006
3590.58379 15.935 0.010
3592.60347 15.917 0.006
3593.60696 15.911 0.006
3601.56741 15.949 0.008
3603.58134 15.955 0.008
3607.57340 15.952 0.008
3608.57423 15.977 0.008
3619.54058 15.922 0.008
3620.64900 15.848 0.006
3649.50367 15.819 0.008
3658.51973 15.864 0.009
3661.51548 15.840 0.009
3780.87551 15.704 0.006
