 455.67162 19.103 0.023
 455.74585 19.132 0.028
 455.79342 19.239 0.032
 456.61352 19.051 0.024
 456.66326 18.951 0.044
 456.69603 19.114 0.035
 456.73404 19.120 0.029
 456.78145 19.350 0.033
 456.83287 18.582 0.019
 457.58122 19.098 0.028
 457.62516 19.229 0.031
 457.68379 19.158 0.029
 457.74238 19.321 0.037
 457.80103 18.474 0.017
 457.83052 18.465 0.019
 458.65760 19.212 0.035
 458.72666 19.154 0.036
 459.57482 19.196 0.036
 459.62098 19.166 0.033
 459.67955 19.234 0.034
 459.73899 18.426 0.017
 459.78285 18.575 0.021
 459.82666 18.820 0.027
 461.58574 19.147 0.031
 461.62948 18.736 0.022
 461.68817 18.533 0.017
 461.75432 18.812 0.021
 461.81632 18.953 0.033
 462.58626 18.761 0.019
 462.64488 18.503 0.016
 462.69085 18.723 0.022
 465.69293 18.925 0.031
 465.73739 19.157 0.042
 465.82215 19.186 0.033
 466.67342 19.080 0.032
 466.73997 19.168 0.030
 466.82496 19.291 0.040
 467.67709 19.211 0.035
 467.78168 19.117 0.030
 467.84762 19.204 0.044
 468.68799 19.199 0.037
 468.75393 19.238 0.036
 468.81255 19.021 0.028
 468.83456 18.632 0.020
 469.68468 19.193 0.039
 469.76280 19.018 0.033
 469.83175 18.446 0.027
 470.76339 18.488 0.030
 470.81047 18.497 0.029
 471.67049 19.078 0.033
 471.80728 18.741 0.036
 472.64515 19.174 0.032
 472.68893 18.438 0.017
 472.73272 18.598 0.024
 472.79864 18.895 0.037
 472.82814 18.934 0.047
 474.72467 18.792 0.029
 475.55903 18.623 0.021
 475.61780 18.640 0.024
 475.68390 18.782 0.030
 475.73606 18.899 0.037
 476.77007 19.146 0.046
 477.55575 18.625 0.018
 477.60708 18.771 0.020
 477.75454 19.129 0.032
 477.83538 19.175 0.042
 478.56192 18.810 0.023
 478.78231 19.066 0.030
 478.84125 19.247 0.035
 479.56074 18.888 0.029
 479.60461 18.973 0.024
 479.73839 19.063 0.041
 479.84221 19.381 0.062
 480.59680 19.099 0.034
 480.67795 19.166 0.030
 480.77154 19.359 0.038
 480.81565 18.958 0.031
 481.58199 19.126 0.032
 481.73037 19.256 0.040
 481.77434 18.959 0.031
 481.81828 18.586 0.025
 482.73121 19.043 0.030
 482.80912 18.622 0.021
 483.59747 19.091 0.042
 483.64193 19.350 0.041
 483.68581 19.203 0.032
 483.72978 18.518 0.020
 483.77369 18.603 0.022
 483.81761 18.816 0.033
 484.59615 19.246 0.043
 484.70482 18.555 0.021
 484.74919 18.687 0.021
 484.79320 18.771 0.027
 485.59980 19.097 0.030
 485.74673 18.791 0.025
 485.79085 18.950 0.029
 486.59633 18.632 0.024
 486.68267 18.640 0.020
 486.73839 18.900 0.029
 486.78356 19.000 0.030
 487.62329 18.553 0.017
 487.67154 18.772 0.020
 487.71936 18.890 0.023
 487.76346 18.960 0.028
 487.80765 19.175 0.033
 488.60881 18.645 0.019
 488.65271 18.765 0.021
 488.72158 18.939 0.030
 488.76558 19.060 0.035
 488.80965 19.155 0.043
 489.58450 18.744 0.020
 489.67350 18.937 0.023
 489.71740 19.143 0.030
 489.76134 19.175 0.035
 490.57774 18.836 0.019
 490.71491 19.113 0.030
 490.75903 19.053 0.033
 490.80302 19.207 0.033
 491.60225 19.089 0.033
 491.65406 19.004 0.029
 491.69820 19.098 0.034
 491.81162 19.187 0.040
 492.58643 18.999 0.029
 492.66076 19.183 0.037
 493.58947 19.113 0.034
 493.63394 19.146 0.033
 494.58420 19.058 0.029
 494.62813 19.004 0.032
 494.67232 19.112 0.035
 494.71665 19.214 0.039
 494.76163 18.511 0.020
 495.58699 19.223 0.042
 495.66062 19.179 0.046
 495.71410 18.566 0.033
 496.58236 19.131 0.039
 496.62714 19.240 0.043
 496.67122 18.561 0.029
 496.71614 18.625 0.040
 498.58145 18.849 0.027
 498.62548 18.492 0.018
 498.73921 18.882 0.032
 498.78318 18.892 0.032
 499.57640 18.453 0.019
 499.62210 18.612 0.020
 499.76240 19.160 0.045
 500.54563 18.510 0.029
 500.61909 18.755 0.035
 500.66403 18.937 0.035
 500.71514 18.999 0.040
 500.75960 18.910 0.043
 501.58328 18.923 0.040
 501.70203 19.079 0.050
 507.57171 19.249 0.037
 507.61690 19.145 0.040
 507.68872 18.957 0.053
 509.56757 19.319 0.043
 509.61470 19.022 0.035
 509.66702 18.476 0.026
 510.60920 18.359 0.020
 510.65477 18.559 0.028
 510.70235 18.831 0.043
 511.69466 18.665 0.053
 512.60134 18.656 0.024
 512.64964 18.935 0.043
 512.72397 19.052 0.033
 513.58164 18.795 0.027
 513.62721 18.875 0.024
 513.71891 19.234 0.035
 514.58987 18.902 0.024
 514.65895 19.076 0.037
 514.70929 19.262 0.043
 514.75615 19.171 0.034
 515.58401 18.872 0.025
 515.63876 19.061 0.031
 515.68700 19.220 0.041
 516.59033 19.088 0.044
 516.64452 19.038 0.037
 516.69150 19.255 0.041
 516.73799 19.000 0.039
 517.58831 19.046 0.038
 517.63814 19.171 0.041
 517.68813 19.163 0.045
 517.73427 19.531 0.062
 518.62566 19.136 0.041
 518.67090 19.322 0.052
 518.71999 19.092 0.047
 519.58627 19.257 0.033
 519.63292 19.171 0.041
 519.71532 18.526 0.025
 520.72708 18.506 0.027
 521.58259 19.411 0.056
 521.62770 18.709 0.031
 521.69049 18.564 0.031
 523.59183 18.487 0.025
 523.64464 18.699 0.027
 523.69454 18.925 0.039
 524.58425 18.719 0.029
 524.63423 18.840 0.042
 526.57123 18.838 0.043
 527.69640 19.175 0.056
 530.58653 19.236 0.071
 531.58395 19.124 0.053
 532.57343 19.045 0.048
 533.59066 19.152 0.052
 534.57989 18.774 0.036
 534.62397 18.478 0.029
 534.67574 18.696 0.040
 535.56445 18.503 0.022
 535.62475 18.601 0.026
 536.54361 18.571 0.027
 536.58878 18.636 0.029
 536.63931 18.767 0.039
 537.53820 18.651 0.022
 537.63839 18.944 0.034
 538.52618 18.771 0.034
 538.57791 18.857 0.030
 539.53482 18.917 0.034
 539.64590 19.100 0.033
 540.65163 19.066 0.042
 541.54519 19.123 0.033
 541.60221 19.077 0.032
 542.53428 19.133 0.033
 542.58616 19.147 0.033
 542.63362 19.159 0.036
 543.57252 19.189 0.035
 543.61657 19.142 0.039
 543.65362 19.135 0.038
 544.52528 19.185 0.034
 544.56959 19.139 0.033
 544.61386 19.336 0.045
 544.65910 18.926 0.035
 551.51502 18.858 0.026
 552.52647 18.944 0.033
 553.53184 19.077 0.046
 554.50854 19.003 0.043
 554.59399 19.284 0.081
 555.51487 19.298 0.088
 557.61545 18.957 0.058
 558.56222 18.996 0.079
 559.54605 18.775 0.040
 560.52408 18.603 0.043
 561.52410 18.621 0.037
 562.52566 18.773 0.044
 564.52686 18.907 0.049
 565.53264 19.041 0.049
 566.52662 19.075 0.043
 567.52770 19.124 0.040
 568.51295 19.218 0.073
 569.52273 19.256 0.058
 571.50859 19.213 0.052
 572.53884 18.501 0.029
 574.50077 18.712 0.030
 575.49937 18.816 0.046
 577.50834 18.977 0.039
 578.52188 19.133 0.043
 582.50405 19.181 0.063
 583.50680 19.287 0.055
 672.89225 18.509 0.023
 689.87625 18.956 0.038
 699.87746 18.837 0.036
 701.84308 18.905 0.055
 704.88559 19.048 0.053
 706.86699 19.285 0.069
 714.84285 19.026 0.037
 716.79904 19.099 0.041
 728.79421 19.044 0.033
 729.79425 19.127 0.052
 730.74978 19.075 0.037
 733.84080 18.596 0.042
 741.84402 19.121 0.045
 745.79888 18.805 0.030
 747.84725 18.884 0.033
 753.80112 19.030 0.049
 759.83568 18.716 0.029
 766.80980 19.112 0.065
 772.82894 18.843 0.034
 775.81065 19.090 0.037
 779.82930 19.260 0.046
 787.80569 19.128 0.042
 789.78971 19.019 0.044
 790.80018 19.161 0.048
 795.75782 18.437 0.024
 796.82971 18.794 0.034
 797.75748 18.710 0.029
 798.72945 18.742 0.027
 805.81434 18.835 0.049
 816.78536 19.162 0.043
 817.70461 19.100 0.038
 819.80427 18.560 0.036
 822.81849 18.892 0.030
 824.84773 19.155 0.046
 826.67123 18.913 0.041
 829.74181 19.064 0.051
 832.69803 18.775 0.030
 836.79685 19.122 0.053
 840.67622 19.112 0.062
 843.67665 19.334 0.049
 850.65025 18.929 0.038
 854.68808 19.172 0.052
 855.65497 19.385 0.088
 856.62129 19.317 0.066
 858.59385 19.256 0.052
 875.56918 18.836 0.034
 880.55474 19.160 0.043
 887.56805 18.852 0.046
 892.69636 19.076 0.047
 895.54247 19.197 0.060
 898.54936 18.625 0.022
 922.61669 18.931 0.043
 928.54265 19.206 0.069
 933.57432 18.755 0.040
 947.51396 18.711 0.056
 952.50782 19.172 0.051
1045.90242 18.574 0.032
1051.88264 19.243 0.054
1052.91788 19.136 0.055
1053.89811 19.142 0.037
1054.91377 19.427 0.051
1055.88627 19.307 0.064
1059.89904 18.696 0.039
1061.90880 19.120 0.061
1069.85623 18.577 0.027
1076.87817 19.286 0.054
1087.82838 19.084 0.041
1091.83089 19.304 0.073
1102.81329 19.118 0.029
1106.86831 18.649 0.027
1107.79610 18.483 0.025
1113.80887 19.088 0.041
1119.81359 18.539 0.029
1128.82185 19.145 0.045
1131.70741 19.141 0.060
1132.75943 18.506 0.025
1136.79275 19.054 0.038
1138.81918 19.013 0.037
1142.68387 19.144 0.033
1144.75278 18.478 0.022
1151.77864 19.102 0.043
1155.77795 18.513 0.025
1158.77544 18.978 0.038
1161.75337 18.967 0.030
1165.77410 19.197 0.043
1169.76897 18.664 0.030
1174.74279 19.107 0.035
1179.75962 19.136 0.057
1181.83171 18.818 0.042
1186.78611 19.129 0.036
1187.84736 19.121 0.040
1192.69324 19.390 0.049
1196.72613 18.871 0.044
1201.73500 19.181 0.058
1203.75481 19.321 0.049
1207.61170 18.929 0.044
1211.64945 18.882 0.035
1214.65036 19.117 0.052
1217.62519 19.152 0.046
1220.63003 18.437 0.023
1223.65627 19.024 0.041
1225.59722 18.975 0.034
1227.67771 19.130 0.056
1231.57363 19.280 0.062
1234.62185 18.723 0.034
1236.62937 18.990 0.061
1240.58182 19.126 0.046
1242.68351 18.441 0.032
1244.63314 18.579 0.029
1247.56373 18.750 0.042
1256.54842 19.070 0.067
1260.57395 18.816 0.033
1265.54888 19.128 0.047
1274.52678 18.938 0.053
1277.53106 19.096 0.052
1281.55954 18.438 0.031
1288.52929 19.008 0.057
1290.59672 19.179 0.055
1296.53406 18.843 0.050
1298.57197 18.939 0.063
1301.51374 19.209 0.073
1305.55951 18.491 0.031
1308.48903 18.620 0.032
1313.53555 19.056 0.071
1316.52740 19.146 0.033
1319.50369 18.568 0.029
1329.49750 19.165 0.071
1330.49702 18.839 0.057
1335.47340 18.955 0.049
1342.47222 19.286 0.069
1412.86205 19.202 0.056
1418.85926 18.420 0.029
1430.91382 18.583 0.030
1432.84764 18.714 0.040
1435.82366 18.838 0.052
1437.80756 19.089 0.051
1440.85520 19.305 0.064
1446.86726 18.975 0.056
1447.89280 19.020 0.058
1451.87706 19.086 0.050
1459.79455 18.926 0.042
1462.79884 19.086 0.056
1470.85918 18.950 0.040
1475.77181 19.131 0.047
1478.72718 19.102 0.051
1481.70082 19.013 0.049
1484.85027 19.118 0.043
1487.74720 19.073 0.039
1490.72706 18.981 0.044
1492.72018 19.235 0.052
1495.71867 18.698 0.030
1499.67645 18.921 0.047
1502.67171 19.089 0.053
1505.71230 18.897 0.043
1507.84573 18.901 0.042
1510.82173 19.078 0.043
1512.71849 19.132 0.059
1514.82960 18.950 0.042
1517.66504 19.354 0.056
1519.73869 18.794 0.032
1521.67442 18.822 0.032
1523.79517 19.084 0.057
1525.78956 19.170 0.038
1527.71849 19.097 0.038
1528.76486 18.664 0.029
1529.78592 18.641 0.027
1531.77907 18.748 0.033
1538.73559 19.110 0.042
1541.69168 19.247 0.034
1542.72156 18.475 0.026
1544.64758 18.494 0.025
1547.77450 19.136 0.038
1548.75210 19.175 0.040
1549.74637 19.090 0.032
1552.61112 19.097 0.037
1554.73759 18.549 0.022
1555.74428 18.747 0.027
1562.74724 19.084 0.059
1564.62584 19.234 0.058
1567.71839 18.520 0.030
1570.62373 18.632 0.029
1574.75042 19.314 0.043
1577.70010 19.175 0.043
1580.73615 18.757 0.033
1583.62153 18.720 0.030
1586.62179 19.047 0.037
1589.62635 19.159 0.053
1592.61811 18.728 0.029
1595.66401 18.906 0.043
1599.60371 19.033 0.037
1601.68169 19.397 0.073
1604.56322 19.295 0.060
1606.59809 18.554 0.033
1609.63945 19.051 0.043
1610.62458 19.107 0.043
1613.51560 18.958 0.047
1615.54755 19.201 0.049
1617.61894 18.487 0.025
1619.60257 18.636 0.040
1620.55376 18.640 0.044
1622.50392 18.757 0.048
1624.50047 18.819 0.050
1626.50131 18.882 0.050
1627.62242 19.347 0.075
1629.50147 19.171 0.053
1630.58286 18.550 0.029
1632.51940 18.597 0.030
1634.49712 18.726 0.030
1643.48903 18.868 0.055
1646.48801 18.776 0.048
1654.52646 18.927 0.056
1656.51266 18.510 0.028
1659.52012 19.040 0.058
1661.54407 19.114 0.056
1663.56934 19.097 0.045
1667.51100 18.560 0.039
1670.53274 18.880 0.044
1673.50320 18.946 0.059
1681.47312 18.576 0.054
1694.47759 18.816 0.053
1769.86467 18.733 0.038
1771.89150 19.159 0.076
1772.87136 18.956 0.037
1775.87244 19.282 0.055
1784.85701 19.018 0.056
1789.84573 19.234 0.032
1804.79536 18.812 0.046
1808.87592 19.034 0.051
1812.79045 19.178 0.043
1816.80182 18.519 0.024
1821.79238 18.988 0.040
1823.83449 19.272 0.043
1826.81757 19.194 0.058
1829.79123 18.492 0.031
1830.80454 18.742 0.038
1834.84352 19.127 0.055
1845.84097 19.032 0.039
1851.83834 18.712 0.042
1859.78065 19.077 0.042
1861.79787 19.111 0.044
1864.77530 19.161 0.039
1865.75551 18.639 0.026
1867.80928 18.723 0.029
1868.79486 18.921 0.029
1870.72815 18.965 0.034
1871.81215 19.184 0.035
1873.77170 19.072 0.039
2123.93450 19.138 0.078
2130.92356 18.930 0.073
2131.92535 18.966 0.087
2132.92352 19.165 0.088
2134.92508 19.016 0.076
2140.92475 18.659 0.053
2142.91199 18.986 0.083
2144.92237 19.034 0.068
2156.89607 19.051 0.097
2161.86302 19.176 0.104
2173.87628 19.104 0.058
2190.80798 18.573 0.042
2192.84593 18.950 0.055
2201.83238 18.511 0.033
2214.81394 18.696 0.054
2221.75684 19.173 0.089
2224.76955 19.275 0.071
2227.67217 19.206 0.070
2229.68563 18.633 0.053
2230.82979 19.125 0.064
2237.76461 19.131 0.058
2241.68986 18.656 0.050
2243.74372 18.975 0.062
2247.82559 19.301 0.073
2248.82818 18.809 0.040
2250.81497 18.613 0.040
2252.67528 18.669 0.047
2254.66634 18.699 0.040
2257.67301 18.992 0.050
2260.67972 18.940 0.057
2264.68510 18.468 0.035
2266.67121 18.696 0.045
2270.67890 19.042 0.056
2271.81926 19.262 0.050
2272.82721 18.880 0.062
2274.66473 19.057 0.073
2276.77484 18.689 0.044
2277.82814 18.934 0.043
2279.84574 19.099 0.056
2280.81929 18.959 0.073
2282.70891 19.049 0.056
2283.87005 18.911 0.064
2288.77751 18.760 0.064
2290.81480 19.014 0.063
2292.78782 19.036 0.074
2294.76415 19.027 0.090
2296.77979 19.331 0.119
2298.73650 19.260 0.088
2300.74697 18.815 0.067
2302.72365 18.713 0.062
2323.59973 19.192 0.055
2327.58515 18.419 0.043
2333.59517 19.086 0.095
2339.57156 18.704 0.044
2345.53263 18.949 0.066
2351.51076 19.116 0.070
2369.50827 18.876 0.061
2385.49396 19.096 0.097
2529.83955 18.885 0.058
2539.84198 18.623 0.051
2545.81155 19.228 0.088
2552.86519 18.814 0.058
2556.85656 19.077 0.056
2560.76498 19.205 0.066
2564.87325 18.888 0.055
2573.86996 18.455 0.043
2578.79432 18.894 0.058
2583.84872 19.166 0.084
2590.75492 18.833 0.051
2596.76753 19.143 0.083
2605.79479 19.083 0.062
2609.76695 19.233 0.091
2614.72524 18.781 0.061
2618.78021 19.073 0.065
2621.70532 19.066 0.050
2624.61127 19.228 0.086
2627.70978 18.809 0.074
2629.73273 18.988 0.058
2632.65867 18.999 0.054
2635.70591 19.300 0.059
2638.67689 18.598 0.042
2640.77378 19.139 0.072
2642.73000 19.158 0.092
2644.73270 19.091 0.063
2646.68693 19.160 0.077
2650.74250 18.788 0.051
2652.79989 19.033 0.053
2654.76530 19.110 0.075
2656.67072 18.936 0.064
2658.63247 19.146 0.072
2660.65080 19.193 0.072
2662.66174 18.455 0.038
2664.64180 18.726 0.050
2666.70519 19.022 0.049
2668.69131 19.235 0.075
2670.65343 19.189 0.100
2672.79219 18.709 0.049
2674.69294 18.594 0.043
2676.68205 18.747 0.046
2678.73530 19.075 0.068
2680.64606 19.044 0.063
2682.69211 19.222 0.094
2687.57192 19.155 0.082
2696.56788 19.148 0.080
2701.54953 18.440 0.047
2707.55130 19.113 0.071
2714.54340 18.512 0.053
2839.92000 18.917 0.058
2867.89101 19.071 0.073
2885.86870 18.664 0.041
2892.89721 19.010 0.072
2897.86612 18.676 0.048
2907.78634 19.175 0.066
2911.82373 18.506 0.030
2916.87415 19.120 0.053
2922.85785 18.469 0.055
2926.78955 18.766 0.045
2930.85923 19.220 0.069
2934.76126 19.185 0.057
2940.74111 18.813 0.043
2943.74630 19.065 0.066
2947.75495 19.165 0.067
2949.84495 18.819 0.043
2953.71209 18.886 0.060
2956.73743 19.116 0.056
2958.76379 19.231 0.086
2962.77629 18.732 0.040
2965.79932 19.003 0.055
2968.66661 19.050 0.068
2973.79011 18.649 0.037
2976.80254 18.978 0.057
2978.71019 18.911 0.058
2980.72261 19.123 0.059
2982.71533 19.092 0.064
2984.76246 18.551 0.041
2986.84513 18.856 0.064
2988.81550 18.988 0.056
2989.77081 19.059 0.052
2991.66595 18.998 0.055
2993.68638 19.050 0.067
2995.75421 19.245 0.060
2997.73190 18.512 0.041
3001.79094 19.107 0.060
3003.76159 19.068 0.062
3005.72343 19.098 0.062
3007.64485 19.061 0.058
3009.64270 19.160 0.068
3011.74228 18.823 0.068
3017.74779 19.194 0.068
3019.67582 19.164 0.067
3021.79439 18.742 0.043
3023.65617 18.461 0.029
3025.62407 18.666 0.038
3027.67345 18.925 0.046
3029.65848 19.041 0.054
3031.72840 19.360 0.080
3033.79204 18.723 0.036
3035.79887 18.933 0.047
3038.77649 19.194 0.075
3041.61700 18.968 0.081
3043.65104 19.027 0.080
3045.71396 18.764 0.053
3047.66771 18.511 0.043
3048.59649 18.602 0.032
3050.61600 18.550 0.032
3052.61720 18.961 0.055
3054.61742 19.101 0.067
3056.60987 19.185 0.059
3058.60386 19.431 0.087
3060.65346 18.604 0.040
3068.53938 19.044 0.079
3070.60029 19.596 0.156
3073.63148 18.814 0.067
3076.54509 18.831 0.081
3078.64050 19.109 0.061
3082.61831 19.260 0.058
3085.51940 19.389 0.098
3087.65759 19.158 0.097
3090.62374 19.124 0.069
3096.53962 19.192 0.100
3099.60940 18.710 0.069
3102.58801 19.019 0.074
3104.57473 19.019 0.067
3107.55843 19.164 0.093
3110.55650 18.474 0.044
3113.53441 18.850 0.066
3128.50692 18.943 0.067
3140.51391 19.004 0.059
3216.87814 19.025 0.091
3248.86326 18.753 0.058
3257.89160 18.787 0.040
3264.81294 18.890 0.038
3270.87973 18.400 0.030
3274.76538 18.580 0.053
3277.88741 19.156 0.067
3287.76907 18.779 0.042
3295.72749 19.185 0.048
3297.71946 19.075 0.041
3299.78378 18.731 0.028
3301.78100 18.887 0.073
3304.84134 19.279 0.078
3309.74710 18.667 0.039
3311.74507 18.655 0.038
3320.78803 18.690 0.036
3323.73416 18.598 0.039
3327.76000 19.155 0.062
3330.71865 19.104 0.078
3334.81758 18.896 0.061
3338.86601 19.137 0.085
3339.76535 19.015 0.058
3354.78126 19.126 0.068
3358.82996 18.843 0.041
3365.76005 19.107 0.064
3372.77645 18.835 0.047
3378.68907 19.183 0.068
3391.75682 19.238 0.077
3399.72563 19.124 0.071
3403.71297 19.106 0.062
3406.68250 19.115 0.045
3410.63545 18.667 0.035
3415.63265 18.967 0.046
3427.59637 19.010 0.064
3433.61897 18.421 0.040
3438.54817 18.989 0.048
3446.50533 19.133 0.073
3455.52866 19.041 0.097
3461.52273 18.772 0.052
3473.48206 18.567 0.047
3575.94071 18.882 0.066
3592.93256 19.176 0.050
3619.83448 19.076 0.054
3629.90796 19.127 0.072
3633.87299 18.663 0.043
3639.78547 19.007 0.044
3644.82209 18.669 0.033
3651.76525 18.891 0.044
3654.81277 19.235 0.059
3658.77679 18.561 0.043
3661.84749 19.161 0.083
3668.82022 18.686 0.045
3672.80849 18.785 0.045
3676.76528 19.193 0.063
3684.82727 18.939 0.043
3687.80168 19.122 0.053
3690.72154 19.197 0.072
3693.75556 19.159 0.067
3695.78832 18.713 0.037
3698.77007 18.802 0.053
3700.79865 19.120 0.052
3703.72953 19.312 0.057
3705.79670 18.422 0.028
3708.78463 18.790 0.052
3712.74225 19.135 0.054
3714.81248 19.184 0.050
3717.67492 19.080 0.059
3719.84744 19.000 0.067
3721.80841 18.957 0.051
3726.70425 19.015 0.074
3730.73649 18.809 0.037
3732.72858 18.672 0.032
3734.85942 19.122 0.061
3737.76036 19.066 0.042
3739.83034 19.106 0.051
3741.84328 18.776 0.058
3743.74041 18.561 0.039
3746.78292 19.116 0.078
3748.73612 19.101 0.073
3749.74170 19.039 0.076
3751.75306 19.135 0.067
3753.70456 19.177 0.060
3755.70556 18.529 0.036
3757.69542 18.738 0.043
3759.76021 19.011 0.043
3762.78172 18.974 0.058
3765.76881 18.905 0.038
3770.64132 18.659 0.032
3773.70740 19.162 0.072
3776.67772 19.029 0.067
3779.63230 19.265 0.116
3782.74590 18.847 0.055
3787.60911 18.902 0.050
3792.55983 19.137 0.065
3800.54182 19.040 0.058
3809.54906 18.851 0.067
3823.50916 18.821 0.049
3946.93135 18.974 0.073
3964.88773 19.067 0.047
3969.91854 18.784 0.043
3981.88634 18.644 0.049
3989.91496 19.125 0.095
3998.87866 19.055 0.052
3999.84114 19.131 0.050
4001.89016 19.364 0.055
4004.85413 18.578 0.030
4005.86808 18.640 0.036
4008.73435 18.595 0.030
4011.90124 19.239 0.100
4018.86402 18.679 0.037
4024.73147 18.934 0.042
4026.80453 19.029 0.042
4029.75376 19.265 0.071
4032.76906 18.658 0.052
4038.73513 19.162 0.059
4041.69639 19.257 0.069
4043.70124 19.310 0.084
4049.66390 19.026 0.054
4052.72531 19.366 0.070
4054.71211 19.418 0.104
4056.77013 18.645 0.039
4058.80246 18.993 0.043
4063.70106 19.122 0.048
4066.75837 19.136 0.057
4068.66326 19.387 0.064
4070.68835 18.609 0.040
4074.75598 19.099 0.078
4077.80450 18.962 0.054
4079.84939 18.832 0.050
4083.69496 19.061 0.077
4085.76069 19.014 0.063
4093.74522 18.714 0.034
4105.81779 18.968 0.058
4109.78766 18.961 0.044
4113.74349 19.182 0.047
4120.77372 19.079 0.051
4122.73018 19.164 0.052
4125.78445 19.221 0.073
4132.67221 18.949 0.071
4142.72319 18.840 0.073
4156.55829 18.505 0.038
4168.51294 19.295 0.081
4197.49220 18.910 0.070
4341.92462 18.705 0.065
4347.87554 19.019 0.060
4353.80951 19.254 0.067
4358.90781 18.992 0.068
4364.87223 18.838 0.058
4367.89668 18.848 0.057
4371.76197 18.859 0.052
4377.81834 19.181 0.073
4380.83327 18.790 0.046
4386.80899 19.130 0.080
4390.77090 19.263 0.073
4394.72705 18.590 0.038
4399.74500 19.224 0.118
4412.72350 19.151 0.068
4418.81690 18.826 0.043
4421.86271 19.168 0.094
4426.76061 19.363 0.120
4430.68799 18.509 0.058
4432.74718 18.919 0.047
4436.78711 19.264 0.091
4439.85219 18.655 0.065
4443.74022 18.735 0.061
4449.70309 19.115 0.056
4451.71284 19.124 0.075
4455.71192 18.849 0.060
4457.74238 18.909 0.064
4460.81402 19.080 0.092
4463.73231 19.148 0.058
4466.72131 18.663 0.037
4470.66877 18.947 0.058
4473.71150 18.997 0.063
4477.76998 18.757 0.058
4482.77380 19.280 0.107
4486.75162 19.071 0.082
4491.72515 18.859 0.080
4494.67051 18.949 0.076
4498.70324 19.239 0.072
4501.70049 18.405 0.041
4506.63461 18.805 0.061
4508.65764 19.030 0.062
4510.72722 19.058 0.070
4517.66144 18.726 0.060
4521.64198 19.133 0.073
4524.60471 19.175 0.074
4530.63068 18.804 0.057
4532.65643 19.080 0.072
4536.62867 19.103 0.068
4539.51064 19.290 0.088
4541.61978 18.772 0.064
