 457.76008 18.632 0.016
 458.74443 18.942 0.028
 459.69724 18.849 0.021
 461.71217 19.171 0.024
 461.83474 18.436 0.020
 462.54454 18.691 0.022
 465.78811 18.914 0.024
 466.69873 18.752 0.023
 467.80661 18.615 0.019
 468.71301 18.997 0.026
 469.71305 18.908 0.026
 470.78085 18.800 0.032
 471.83286 18.444 0.027
 472.75773 18.900 0.032
 473.66954 18.777 0.036
 474.74997 18.577 0.023
 475.64273 18.856 0.029
 476.79497 18.890 0.037
 477.77964 18.622 0.021
 478.58692 18.955 0.027
 479.78534 18.771 0.026
 480.62199 18.909 0.026
 481.60711 18.945 0.024
 482.76809 18.950 0.027
 483.55584 19.058 0.033
 484.55370 18.889 0.033
 485.55827 18.715 0.019
 486.54982 18.631 0.018
 487.57747 18.973 0.023
 488.54209 18.723 0.030
 488.68043 18.874 0.024
 489.63239 18.661 0.017
 490.60285 19.105 0.023
 491.56098 18.905 0.024
 492.54527 18.608 0.022
 492.61967 18.750 0.024
 493.54834 19.083 0.026
 494.54315 18.935 0.024
 495.54549 18.726 0.024
 496.54098 18.971 0.029
 496.75709 18.764 0.038
 498.53974 18.839 0.024
 499.53524 18.660 0.023
 500.52643 18.895 0.033
 501.52700 18.896 0.033
 507.64454 18.921 0.051
 508.59741 18.682 0.043
 510.53539 18.733 0.029
 511.64494 18.934 0.034
 512.68232 18.781 0.027
 513.67422 18.711 0.019
 514.54735 18.861 0.025
 515.53900 18.660 0.023
 516.54255 19.158 0.041
 517.54403 19.040 0.036
 518.58281 18.751 0.023
 519.53344 19.088 0.029
 521.53432 18.774 0.031
 523.54617 18.929 0.033
 524.52514 18.843 0.033
 526.52857 19.000 0.032
 526.62965 18.648 0.025
 527.52590 18.920 0.026
 528.58531 18.667 0.030
 530.61392 19.228 0.069
 531.54080 18.609 0.028
 532.52622 18.770 0.035
 533.52976 18.947 0.037
 534.53707 18.802 0.028
 535.65158 18.768 0.031
 552.63490 18.450 0.020
 553.49061 18.860 0.036
 554.54942 18.775 0.037
 561.54983 18.659 0.034
 566.48543 18.916 0.041
 567.48620 18.689 0.028
 569.48066 18.948 0.045
 571.53451 18.657 0.033
 572.49071 18.830 0.046
 573.49831 18.953 0.049
 574.52707 18.763 0.032
 673.85265 18.857 0.024
 699.82595 18.970 0.046
 701.87082 18.636 0.034
 704.81469 18.688 0.033
 706.81866 18.901 0.045
 707.86801 18.798 0.039
 712.89044 19.017 0.035
 715.85583 19.040 0.040
 726.87588 18.889 0.028
 728.84001 19.055 0.036
 729.82235 18.902 0.036
 733.87467 18.972 0.050
 742.81515 18.911 0.040
 745.74666 18.914 0.030
 747.80342 18.500 0.021
 748.75819 18.990 0.035
 750.85104 18.638 0.032
 751.74362 18.929 0.048
 755.70209 18.987 0.042
 759.77139 18.745 0.025
 760.82355 18.613 0.026
 763.81953 18.666 0.034
 769.85597 18.820 0.034
 775.83097 18.917 0.028
 778.79751 18.854 0.046
 780.82830 18.660 0.025
 787.83604 18.772 0.030
 792.77004 18.782 0.037
 796.78595 18.690 0.032
 798.80314 18.904 0.036
 816.81163 18.580 0.024
 817.80108 18.963 0.036
 822.75919 18.701 0.024
 826.62742 18.936 0.040
 827.73813 19.054 0.037
 830.81831 19.092 0.064
 831.66358 18.661 0.029
 832.79453 18.724 0.029
 833.69599 18.947 0.026
 834.78703 18.864 0.047
 839.61867 18.972 0.031
 841.80197 18.907 0.035
 843.72502 18.987 0.033
 844.67415 18.880 0.035
 850.69495 18.825 0.038
 854.71699 18.790 0.041
 855.76345 18.534 0.052
 856.72383 19.032 0.075
 858.62837 18.616 0.030
 860.71967 18.907 0.045
 874.72767 18.716 0.026
 876.64397 18.808 0.028
 879.60378 19.147 0.045
 881.53578 18.990 0.040
 887.61796 18.565 0.034
 890.54374 18.614 0.025
 892.58287 18.870 0.035
 895.56360 18.946 0.045
 900.53255 18.699 0.037
 920.53366 18.555 0.037
 925.48586 18.843 0.056
 931.47662 19.065 0.079
 933.50002 18.705 0.031
 951.51295 18.917 0.032
1040.90629 18.606 0.029
1051.90214 19.155 0.050
1065.86266 18.765 0.038
1068.82476 18.823 0.039
1069.81519 18.622 0.024
1071.83238 18.879 0.042
1077.87178 19.094 0.031
1083.79322 19.288 0.056
1088.85794 18.941 0.042
1093.85460 18.711 0.032
1102.83262 18.621 0.020
1107.81549 18.991 0.035
1113.82932 19.176 0.036
1119.76213 19.027 0.043
1126.73360 18.964 0.034
1130.69968 18.746 0.031
1132.70825 19.232 0.043
1136.82751 19.220 0.039
1142.71950 19.137 0.031
1151.81464 18.669 0.046
1154.82319 18.714 0.030
1157.77476 18.691 0.039
1161.77275 18.541 0.018
1163.74430 18.895 0.032
1166.78079 19.104 0.051
1170.82877 18.914 0.033
1174.81140 18.672 0.024
1178.72841 19.101 0.043
1181.69499 18.715 0.034
1185.77757 18.997 0.035
1187.72953 18.612 0.027
1189.79398 19.068 0.034
1192.71358 18.879 0.027
1196.58963 18.612 0.039
1202.65146 18.922 0.034
1204.75682 18.597 0.026
1207.65027 18.676 0.032
1211.73073 19.137 0.049
1214.74721 18.630 0.029
1217.70834 18.655 0.027
1219.69301 18.763 0.031
1223.60051 18.735 0.034
1226.69543 18.782 0.044
1229.68731 18.867 0.060
1230.64378 18.768 0.030
1234.57022 18.925 0.039
1238.57381 18.798 0.040
1239.70640 18.708 0.035
1241.68304 18.834 0.041
1243.54093 19.192 0.051
1245.50950 18.541 0.034
1248.51784 18.853 0.046
1253.58868 19.177 0.052
1256.56794 18.954 0.038
1259.61902 18.513 0.027
1261.56403 18.712 0.030
1265.58170 18.617 0.034
1268.56662 18.816 0.045
1276.52005 18.988 0.041
1278.58149 18.666 0.037
1279.51457 19.079 0.050
1288.54806 18.660 0.035
1291.57912 18.703 0.030
1296.55251 19.038 0.048
1300.49883 18.777 0.044
1305.47328 19.209 0.055
1308.50802 18.575 0.028
1313.48358 18.890 0.041
1317.51116 18.651 0.033
1320.48837 18.817 0.040
1330.47587 18.679 0.043
1333.48063 18.871 0.055
1397.90455 18.987 0.047
1412.88218 18.430 0.031
1431.79124 18.604 0.025
1432.88242 18.817 0.037
1435.84246 18.629 0.031
1437.83528 18.722 0.031
1440.87392 18.897 0.043
1443.87182 18.981 0.043
1447.79497 18.686 0.043
1449.83668 18.945 0.060
1454.75085 18.549 0.029
1458.78845 19.035 0.045
1459.85584 19.047 0.038
1462.72705 18.934 0.041
1470.80807 18.738 0.025
1475.80676 18.869 0.042
1477.69363 18.637 0.034
1479.73386 18.862 0.034
1484.74926 18.878 0.037
1487.79087 18.625 0.028
1491.70537 18.945 0.041
1493.81465 18.768 0.029
1496.60048 18.533 0.035
1498.74301 18.994 0.035
1501.82708 19.077 0.034
1503.72184 18.715 0.035
1505.82842 18.968 0.046
1507.77558 18.689 0.034
1509.84250 18.848 0.034
1511.64829 18.975 0.039
1514.69537 18.982 0.039
1517.68490 18.999 0.038
1519.68727 18.716 0.028
1521.70995 19.035 0.035
1522.68757 18.759 0.035
1523.74399 18.578 0.050
1525.72067 18.877 0.033
1527.80781 18.669 0.036
1528.71026 18.869 0.030
1531.72787 19.019 0.042
1538.68458 18.790 0.030
1541.64069 18.809 0.024
1542.74057 18.760 0.032
1544.69739 19.042 0.029
1547.72343 19.003 0.028
1548.70087 18.840 0.026
1549.76620 18.707 0.024
1551.73008 18.969 0.028
1552.66333 18.512 0.024
1554.75630 18.976 0.027
1555.69310 18.665 0.028
1556.66378 19.062 0.037
1562.69613 18.634 0.037
1564.67081 18.871 0.039
1567.62822 18.876 0.034
1570.72566 18.967 0.031
1574.72132 18.915 0.026
1576.62107 19.005 0.036
1578.72264 18.799 0.038
1581.63651 18.769 0.027
1584.61506 18.731 0.032
1587.60285 18.813 0.027
1590.60998 18.853 0.031
1595.68264 18.529 0.031
1599.69396 19.063 0.046
1600.66848 18.878 0.043
1604.51916 18.499 0.032
1606.53289 18.890 0.035
1609.55214 18.938 0.041
1610.59639 18.789 0.038
1611.62781 18.645 0.031
1612.52216 19.065 0.037
1613.61361 18.823 0.037
1614.51441 18.427 0.020
1615.51933 19.095 0.038
1616.53368 18.838 0.029
1617.51865 18.704 0.028
1618.52533 19.213 0.055
1619.57446 19.107 0.051
1620.59550 18.781 0.042
1621.51364 19.061 0.051
1622.58106 18.981 0.044
1623.53598 18.845 0.040
1624.54362 18.499 0.030
1625.55556 19.005 0.044
1626.64806 18.896 0.042
1627.56321 18.633 0.039
1628.50216 18.995 0.045
1630.52904 18.655 0.039
1630.57762 18.682 0.030
1631.52671 19.058 0.037
1632.56111 19.012 0.038
1633.51753 18.714 0.030
1634.55717 18.496 0.026
1635.52540 18.953 0.042
1643.54619 18.605 0.035
1644.57585 18.620 0.028
1653.58270 18.818 0.044
1655.56431 18.860 0.040
1656.56325 18.659 0.040
1658.54075 18.983 0.046
1660.56597 18.645 0.045
1663.49622 18.541 0.027
1665.51240 18.894 0.049
1671.50829 18.890 0.045
1676.50281 18.616 0.046
1684.50276 19.116 0.089
1694.50437 19.135 0.066
1766.89725 18.893 0.052
1768.88465 18.995 0.050
1771.93317 18.520 0.069
1782.87188 18.973 0.046
1789.81784 18.806 0.024
1803.90371 18.604 0.034
1804.76722 18.976 0.043
1809.82920 18.749 0.023
1812.85202 18.739 0.028
1814.86716 19.061 0.034
1817.86904 19.086 0.032
1822.81286 18.785 0.031
1828.87710 18.980 0.036
1829.84871 18.688 0.034
1843.82850 18.946 0.036
1847.85755 18.828 0.027
1850.80834 18.943 0.042
1852.74518 18.585 0.025
1855.81104 18.665 0.028
1860.78425 19.024 0.045
1863.75782 18.922 0.040
1865.81265 18.611 0.024
1867.78139 18.800 0.032
1869.75484 19.052 0.037
1872.75352 18.712 0.028
2167.84210 18.854 0.058
2173.84945 18.910 0.047
2190.78721 18.848 0.048
2192.82172 19.097 0.062
2214.78907 18.617 0.047
2224.74585 18.822 0.045
2226.84999 18.815 0.071
2229.66192 18.737 0.050
2230.80065 18.568 0.045
2232.82048 18.842 0.056
2234.81490 18.622 0.036
2239.59986 18.700 0.058
2241.66140 18.956 0.072
2243.71999 18.684 0.050
2248.79660 18.982 0.049
2250.84628 18.710 0.043
2252.65163 18.731 0.044
2254.64255 18.944 0.054
2257.64643 19.002 0.049
2261.76077 18.976 0.048
2264.75109 18.982 0.056
2266.64408 18.444 0.040
2270.64019 18.945 0.053
2271.79100 19.009 0.047
2273.72748 18.609 0.045
2275.82790 18.947 0.062
2277.64954 18.952 0.045
2279.82189 18.853 0.055
2281.80872 18.911 0.047
2283.84294 18.753 0.038
2288.74907 18.883 0.045
2290.78746 18.701 0.042
2292.76398 18.957 0.071
2294.73902 19.019 0.093
2296.74943 18.647 0.060
2298.76883 18.979 0.067
2300.72186 19.015 0.084
2302.69966 18.762 0.060
2321.67232 18.725 0.051
2327.55888 18.882 0.057
2333.56807 19.012 0.082
2339.54453 19.069 0.091
2395.51674 18.810 0.072
2526.90888 18.860 0.048
2542.88757 18.948 0.055
2552.83892 18.788 0.055
2556.83044 18.655 0.044
2559.88101 18.897 0.057
2564.84693 18.935 0.062
2573.84610 18.523 0.043
2578.77042 18.878 0.063
2583.82488 18.703 0.054
2589.85777 18.667 0.044
2596.74113 18.949 0.073
2605.74414 18.658 0.041
2609.74038 18.973 0.082
2614.70651 18.805 0.054
2618.73078 18.594 0.045
2621.64019 18.561 0.033
2623.82197 18.986 0.053
2627.68528 18.839 0.071
2629.70831 19.144 0.089
2634.76299 18.830 0.046
2635.68212 18.995 0.047
2638.65320 18.680 0.040
2639.65332 18.996 0.041
2641.72112 18.713 0.043
2643.72981 18.946 0.057
2645.71734 18.802 0.042
2647.67514 18.788 0.050
2650.83682 18.929 0.050
2652.73791 19.046 0.067
2654.67274 18.623 0.050
2656.64568 18.923 0.063
2658.60869 18.940 0.073
2660.62612 18.724 0.045
2662.60897 18.861 0.052
2664.61653 18.753 0.045
2666.67473 18.797 0.034
2668.66349 18.976 0.077
2670.62961 18.613 0.050
2672.73889 18.888 0.053
2674.63727 18.778 0.049
2676.62384 18.770 0.044
2678.71152 19.075 0.065
2680.62219 18.624 0.044
2682.67330 19.021 0.077
2687.54583 19.298 0.120
2696.53896 18.712 0.059
2701.52111 18.986 0.073
2707.51852 18.991 0.075
2714.51745 19.112 0.113
2840.90657 18.574 0.056
2867.91898 18.968 0.058
2888.91302 18.822 0.045
2894.84807 18.882 0.055
2899.84965 18.728 0.045
2905.83865 18.614 0.056
2908.89970 18.762 0.052
2911.79798 18.752 0.040
2916.84818 18.987 0.046
2922.83204 18.947 0.072
2926.75945 18.886 0.049
2930.83318 18.867 0.050
2933.87759 18.918 0.059
2940.71514 18.722 0.045
2947.72904 18.645 0.047
2949.81919 18.917 0.053
2953.68594 18.683 0.052
2956.71174 18.761 0.045
2958.73804 19.079 0.068
2962.74989 18.890 0.050
2965.76931 18.955 0.045
2968.71288 18.995 0.052
2973.85293 18.823 0.045
2975.84208 19.128 0.068
2976.83737 18.861 0.054
2978.85698 18.848 0.064
2982.68907 18.822 0.053
2984.73662 19.060 0.062
2986.81922 18.907 0.062
2988.78381 18.987 0.051
2989.80697 18.988 0.061
2991.64013 19.050 0.070
2993.62755 18.467 0.032
2995.72784 18.947 0.043
2997.70612 19.035 0.056
2999.72874 18.752 0.045
3001.76499 18.990 0.053
3003.73565 18.653 0.037
3005.64092 18.805 0.054
3007.67400 18.992 0.062
3009.74028 18.835 0.055
3011.71598 19.026 0.077
3013.72044 18.653 0.045
3017.72191 19.095 0.064
3019.64987 18.638 0.047
3021.76865 18.922 0.045
3023.63044 19.092 0.049
3024.83157 18.992 0.064
3026.82826 18.730 0.034
3029.63259 18.542 0.034
3031.70257 18.880 0.044
3033.76606 18.512 0.031
3035.77311 18.877 0.042
3038.75060 19.048 0.073
3040.72125 18.952 0.068
3044.59906 18.904 0.057
3045.68806 18.715 0.052
3047.64177 18.931 0.056
3049.64749 18.458 0.027
3051.61569 18.847 0.052
3055.60914 18.613 0.042
3057.63462 18.984 0.051
3059.57848 19.069 0.046
3061.57152 18.740 0.058
3068.51288 18.504 0.046
3070.56855 18.877 0.055
3073.56925 19.114 0.092
3075.68223 18.595 0.056
3078.61422 18.723 0.050
3082.59175 19.061 0.057
3084.66878 18.785 0.041
3087.63148 18.827 0.065
3090.59487 18.950 0.065
3099.58291 19.037 0.079
3102.56167 18.931 0.067
3105.59440 18.960 0.072
3108.57235 18.906 0.057
3112.54964 18.960 0.060
3116.53102 18.734 0.055
3127.49841 18.407 0.032
3140.48705 18.476 0.044
3223.88727 19.021 0.079
3248.83692 19.205 0.100
3257.86477 18.591 0.039
3263.91076 18.806 0.053
3270.85373 18.679 0.045
3273.90175 18.880 0.079
3277.83778 18.466 0.038
3281.88153 19.057 0.049
3287.74260 19.097 0.047
3295.69485 18.780 0.033
3297.69338 18.828 0.040
3299.75787 18.723 0.031
3301.75536 19.249 0.093
3304.81127 19.020 0.064
3309.72150 18.609 0.039
3311.71936 18.927 0.051
3320.76215 19.020 0.045
3323.69696 18.919 0.056
3327.73371 19.027 0.052
3330.69256 19.121 0.081
3334.79180 18.999 0.081
3338.83828 18.958 0.051
3340.85336 19.180 0.076
3354.71821 18.881 0.045
3358.79979 18.796 0.033
3361.83197 18.838 0.041
3365.73437 18.633 0.043
3372.75069 18.736 0.036
3378.66340 18.668 0.039
3391.73111 18.708 0.047
3394.74267 18.655 0.043
3396.62266 18.969 0.056
3399.69990 19.014 0.058
3403.68717 18.900 0.058
3408.59659 18.963 0.047
3412.64180 19.043 0.080
3417.56923 18.414 0.036
3425.57748 18.819 0.065
3431.53918 19.133 0.057
3437.54096 19.113 0.056
3445.56090 18.883 0.048
3460.49461 19.102 0.061
3477.48933 19.129 0.078
3583.93144 18.811 0.056
3593.92968 18.512 0.044
3601.86664 18.822 0.058
3618.90071 18.832 0.042
3629.88196 18.619 0.038
3634.84854 18.942 0.049
3639.84187 18.562 0.029
3644.79665 18.759 0.038
3650.88549 18.996 0.050
3654.78641 18.680 0.036
3657.86697 18.975 0.047
3660.80143 18.959 0.066
3664.83652 18.709 0.037
3668.79446 18.614 0.046
3672.78267 19.163 0.062
3675.86234 18.565 0.032
3684.77048 18.608 0.033
3687.77612 18.697 0.041
3690.69598 18.696 0.061
3693.72995 18.704 0.043
3695.75148 19.030 0.050
3698.74425 19.187 0.071
3700.77308 18.818 0.041
3702.86072 19.042 0.053
3705.76750 18.964 0.043
3708.72607 19.122 0.076
3712.71295 18.982 0.053
3714.72330 18.579 0.033
3717.63939 18.847 0.044
3719.81657 18.975 0.065
3725.81046 18.957 0.081
3727.78288 18.698 0.042
3730.67829 18.591 0.029
3732.70303 18.851 0.035
3734.80107 18.635 0.038
3736.81733 18.877 0.046
3737.70570 18.705 0.035
3739.80479 18.938 0.039
3742.69068 18.802 0.052
3745.76633 19.087 0.053
3749.66076 18.727 0.059
3750.74573 18.565 0.039
3752.75643 18.950 0.056
3754.77416 19.139 0.061
3756.59767 18.641 0.036
3758.77055 18.903 0.070
3761.78296 18.942 0.043
3764.73741 19.017 0.048
3767.59723 18.955 0.053
3770.61494 19.132 0.054
3773.61777 19.139 0.069
3776.61720 18.630 0.040
3779.60676 18.447 0.047
3782.65747 18.735 0.041
3787.58245 18.882 0.043
3792.53421 18.622 0.053
3809.52346 19.142 0.102
3822.50926 19.055 0.079
3946.90560 18.898 0.063
3964.86237 18.754 0.040
3969.88648 18.884 0.052
3981.86125 18.482 0.044
3989.88827 19.062 0.061
4001.86497 18.606 0.032
4005.84259 18.854 0.037
4007.84679 18.682 0.041
4011.84705 18.895 0.052
4018.83862 18.929 0.048
4023.87075 18.653 0.042
4026.77922 18.662 0.031
4029.72048 18.773 0.071
4031.80082 19.006 0.045
4038.70991 18.799 0.045
4041.67106 18.883 0.058
4043.67543 19.183 0.085
4048.85704 18.796 0.055
4052.69997 18.587 0.035
4054.68692 18.951 0.063
4056.74396 18.425 0.040
4058.77708 18.912 0.038
4063.67583 19.104 0.053
4066.73310 18.496 0.032
4068.82062 18.943 0.042
4070.66307 19.034 0.056
4073.82244 18.433 0.037
4076.79057 18.492 0.044
4079.75295 18.651 0.044
4083.66974 19.045 0.072
4085.73526 18.614 0.041
4092.85371 18.670 0.040
4105.68915 18.627 0.041
4109.76230 18.738 0.034
4113.71803 18.969 0.041
4120.74843 19.065 0.055
4122.70488 19.032 0.044
4125.75611 18.512 0.038
4131.60945 18.379 0.024
4142.64609 19.085 0.073
4156.53278 18.743 0.044
4166.57400 18.718 0.057
4196.52349 18.660 0.061
4340.88883 18.668 0.039
4341.89938 18.949 0.067
4343.81836 19.006 0.073
4344.87322 19.012 0.061
4345.91179 18.825 0.062
4346.84073 18.514 0.055
4347.84928 18.944 0.058
4348.84243 18.818 0.045
4349.84267 18.706 0.053
4350.92002 18.643 0.068
4353.90325 18.430 0.038
4354.88699 18.832 0.062
4357.89321 19.050 0.086
4358.89322 18.872 0.056
4361.85470 18.858 0.076
4362.80921 18.634 0.052
4363.87230 18.877 0.069
4366.83629 18.686 0.061
4367.77387 19.038 0.083
4368.88753 18.896 0.080
4369.80950 18.626 0.063
4370.81063 18.870 0.062
4371.85578 18.906 0.049
4373.78127 18.948 0.051
4377.79163 18.876 0.058
4380.80812 18.950 0.056
4386.78375 18.987 0.061
4390.74574 18.841 0.052
4393.85983 19.036 0.060
4398.87111 18.821 0.056
4403.87805 19.097 0.159
4411.86956 18.742 0.066
4418.79071 18.539 0.033
4422.85678 18.520 0.040
4426.73512 18.903 0.065
4429.84110 19.002 0.089
4432.72195 18.960 0.050
4436.76134 18.839 0.053
4439.82691 18.965 0.075
4440.86315 19.129 0.199
4441.65288 18.989 0.062
4442.67487 19.017 0.072
4443.65039 18.712 0.061
4444.82951 18.748 0.067
4448.69507 18.973 0.066
4449.74257 18.934 0.052
4450.70540 18.677 0.058
4451.64044 19.005 0.058
4451.78230 18.655 0.042
4452.85345 18.939 0.060
4453.62932 18.698 0.047
4454.65323 19.012 0.068
4454.81614 18.727 0.038
4455.63979 18.953 0.063
4455.77685 18.946 0.064
4456.72045 18.874 0.057
4456.81069 18.844 0.060
4456.85814 18.945 0.063
4457.69528 18.650 0.045
4457.84503 18.788 0.056
4458.61771 19.058 0.067
4459.60194 18.769 0.053
4459.74640 18.808 0.049
4459.80854 19.041 0.066
4461.57252 18.923 0.056
4462.63270 18.889 0.063
4462.78237 18.981 0.051
4463.62613 18.651 0.040
4464.62379 18.996 0.054
4464.76580 18.613 0.043
4465.64302 18.921 0.045
4466.63614 18.688 0.045
4466.73635 18.774 0.039
4467.60362 19.098 0.080
4467.67235 18.760 0.039
4468.63641 18.936 0.040
4469.62083 18.819 0.052
4470.60860 18.836 0.050
4470.79863 18.808 0.046
4471.59865 18.989 0.045
4471.76477 18.971 0.059
4472.59938 18.814 0.039
4472.77208 18.990 0.045
4473.68604 18.691 0.038
4477.74419 18.445 0.038
4481.68174 18.914 0.047
4485.72982 18.971 0.063
4489.71331 18.771 0.071
4493.70314 18.586 0.048
4498.67964 18.997 0.054
4501.67697 19.066 0.062
4506.61091 18.513 0.040
4508.62813 18.919 0.056
4510.70133 18.773 0.050
4521.61145 18.916 0.068
4523.62728 19.011 0.058
4525.54669 18.632 0.045
4531.56873 18.831 0.050
4533.57108 18.857 0.057
4537.62112 18.888 0.054
4539.54008 19.101 0.082
4541.59235 18.943 0.074
