 457.65232 19.359 0.046
 457.71097 19.486 0.042
 457.82824 18.933 0.035
 458.68478 19.326 0.056
 459.64810 19.066 0.034
 459.85376 19.395 0.055
 461.65669 19.385 0.045
 461.78488 18.893 0.028
 462.61346 19.383 0.043
 465.85672 19.031 0.041
 466.85219 18.885 0.028
 468.78111 19.175 0.034
 469.79003 18.968 0.038
 470.80792 19.040 0.056
 472.82583 19.394 0.067
 475.58637 19.173 0.043
 477.80393 19.175 0.044
 478.80962 18.948 0.030
 479.80988 19.307 0.057
 480.64635 19.093 0.033
 481.54417 19.314 0.047
 482.83684 19.091 0.054
 483.54232 19.392 0.056
 484.54050 19.134 0.060
 485.54507 19.178 0.038
 486.53723 19.267 0.042
 487.56461 19.210 0.043
 488.57699 19.133 0.037
 489.53704 18.885 0.028
 490.54572 19.309 0.036
 491.54729 19.248 0.045
 492.53244 19.151 0.047
 493.53557 18.925 0.030
 494.53053 19.296 0.046
 494.79001 19.115 0.033
 495.53261 19.272 0.053
 496.52780 19.205 0.045
 496.74417 19.312 0.075
 498.52712 19.346 0.058
 499.78953 18.866 0.049
 500.78701 19.533 0.103
 501.55157 19.061 0.047
 507.53773 19.412 0.055
 508.58037 19.402 0.068
 509.53492 19.060 0.045
 510.56562 18.992 0.044
 510.73084 19.253 0.073
 511.63025 19.022 0.050
 512.56459 19.326 0.052
 513.54871 19.229 0.052
 513.66050 19.236 0.036
 514.52834 19.068 0.049
 514.62381 19.079 0.033
 515.52498 19.398 0.046
 516.52850 19.220 0.049
 517.52803 19.271 0.055
 518.56490 19.049 0.035
 519.51792 19.416 0.049
 519.66747 18.947 0.039
 519.74528 19.117 0.051
 520.68415 19.408 0.060
 521.52008 19.249 0.058
 521.65763 19.323 0.062
 521.72139 19.145 0.072
 523.52542 19.232 0.050
 524.51082 19.339 0.071
 524.55090 19.185 0.047
 526.51421 19.045 0.043
 526.60997 19.138 0.051
 527.50898 18.946 0.035
 528.56881 19.406 0.079
 530.54874 19.159 0.051
 530.64631 19.147 0.088
 531.52177 18.831 0.045
 531.62077 18.938 0.060
 532.51038 19.294 0.072
 533.50942 19.316 0.066
 533.63534 19.165 0.064
 534.51865 19.176 0.055
 535.52309 18.915 0.028
 536.67211 18.946 0.049
 540.51027 19.422 0.087
 552.62202 19.002 0.041
 554.53645 19.291 0.071
 558.52949 19.582 0.123
 560.55183 18.974 0.071
 561.49232 19.303 0.074
 562.48440 19.361 0.087
 564.49330 18.941 0.064
 573.48452 18.894 0.059
 673.83912 18.968 0.039
 689.86538 19.048 0.050
 699.81144 19.378 0.081
 701.80869 19.211 0.067
 704.85051 19.272 0.059
 706.79683 18.960 0.067
 707.85016 19.139 0.095
 715.81606 18.970 0.047
 722.82662 19.289 0.058
 726.78465 19.164 0.056
 728.82436 19.203 0.047
 729.87921 19.475 0.086
 733.78007 19.359 0.090
 741.87485 19.079 0.058
 744.88033 19.160 0.079
 745.72203 19.277 0.054
 747.78902 19.205 0.052
 748.74314 18.760 0.040
 751.72635 19.135 0.063
 755.68661 19.156 0.072
 759.79973 19.262 0.051
 760.77618 18.972 0.041
 761.86112 19.092 0.051
 765.80275 18.955 0.049
 769.79352 19.009 0.049
 774.80008 18.890 0.043
 778.78342 18.852 0.058
 780.85423 19.217 0.060
 781.78826 19.207 0.058
 788.79931 19.293 0.047
 789.75576 19.270 0.057
 792.79581 19.320 0.071
 795.85749 18.873 0.042
 796.85816 19.242 0.088
 797.85567 19.468 0.081
 798.85273 19.228 0.068
 805.77807 19.522 0.094
 816.72041 19.128 0.044
 817.82665 19.553 0.071
 818.86258 19.396 0.064
 819.85660 19.422 0.084
 822.78478 19.231 0.044
 825.74408 19.528 0.101
 827.65453 19.005 0.041
 828.83910 19.115 0.053
 829.67360 19.485 0.080
 830.80501 19.394 0.067
 831.65023 19.210 0.059
 832.72640 18.961 0.041
 833.65921 19.436 0.049
 834.77355 19.313 0.085
 837.81854 18.996 0.035
 839.60536 19.161 0.049
 841.82734 19.071 0.055
 842.79251 19.422 0.078
 844.66056 19.106 0.058
 850.68159 19.397 0.071
 854.74235 19.042 0.063
 856.73366 19.384 0.110
 858.61494 19.443 0.073
 860.76158 19.152 0.076
 875.59667 19.434 0.054
 880.51369 19.259 0.053
 887.59394 19.380 0.081
 892.67790 19.293 0.068
 895.50026 19.193 0.067
 897.49898 19.215 0.053
 922.48234 19.158 0.051
 928.50086 18.915 0.060
 931.52332 19.112 0.073
 934.49550 19.258 0.074
 950.49790 19.504 0.087
 952.48958 19.056 0.055
1053.91917 19.035 0.042
1065.91534 19.026 0.075
1068.80673 19.073 0.055
1069.80094 19.058 0.046
1071.79977 19.116 0.063
1077.82628 19.197 0.052
1083.77547 19.391 0.070
1088.84432 19.509 0.081
1092.87686 19.309 0.065
1102.76867 19.196 0.040
1106.82568 19.082 0.039
1112.80721 18.854 0.037
1116.78345 18.869 0.034
1126.68321 19.326 0.067
1129.73036 19.475 0.069
1132.78056 19.086 0.049
1136.81388 19.190 0.043
1142.70612 19.303 0.046
1151.80070 19.340 0.056
1154.80854 18.994 0.050
1157.80183 19.207 0.063
1160.83530 19.446 0.060
1163.77674 19.415 0.094
1166.81070 19.145 0.064
1169.79123 19.405 0.076
1171.83967 19.073 0.042
1174.76602 19.096 0.035
1175.84732 19.064 0.052
1179.84129 19.038 0.059
1183.73609 19.037 0.042
1185.85084 19.352 0.048
1187.80637 19.110 0.044
1189.82936 19.442 0.065
1191.83482 19.205 0.044
1194.74213 19.329 0.059
1196.62263 19.463 0.086
1201.75734 19.326 0.071
1204.74296 19.050 0.047
1207.63578 19.016 0.052
1211.71612 19.221 0.066
1214.60926 19.282 0.067
1217.66265 19.101 0.050
1219.71847 19.314 0.071
1223.58676 19.057 0.055
1226.67947 19.307 0.084
1228.65326 19.331 0.083
1231.59472 19.283 0.065
1234.67221 19.151 0.057
1236.66309 19.166 0.086
1239.69292 19.308 0.073
1241.70950 19.059 0.059
1243.51647 19.300 0.069
1245.60119 19.155 0.053
1247.70063 19.292 0.086
1248.66833 19.422 0.070
1254.51982 19.288 0.066
1259.51219 19.285 0.064
1264.50640 19.334 0.085
1267.52557 19.373 0.092
1273.53175 19.285 0.085
1275.51075 19.147 0.058
1278.54327 19.139 0.066
1288.48807 19.276 0.075
1290.61778 19.096 0.078
1298.52932 19.323 0.083
1301.53460 19.319 0.093
1306.47589 19.383 0.076
1312.46881 18.934 0.061
1316.48418 18.776 0.026
1319.52477 19.260 0.064
1320.46477 19.111 0.067
1330.46182 19.430 0.106
1332.46002 19.065 0.075
1333.46562 19.096 0.086
1335.46199 19.310 0.084
1336.46138 19.162 0.097
1336.47751 19.020 0.079
1336.48555 19.387 0.116
1338.48325 18.962 0.105
1338.49119 18.823 0.087
1339.45862 19.400 0.138
1339.46855 19.241 0.105
1340.45674 19.444 0.110
1340.48136 19.169 0.079
1342.46135 18.886 0.053
1346.48000 19.173 0.166
1348.46379 19.160 0.088
1349.46529 19.153 0.106
1350.46625 19.025 0.071
1354.94427 18.815 0.071
1360.94576 19.611 0.133
1365.94553 19.358 0.113
1375.93597 18.863 0.061
1395.91124 19.181 0.071
1400.89709 18.910 0.048
1412.90748 19.033 0.057
1415.91680 19.369 0.109
1430.87158 19.335 0.062
1432.86878 19.156 0.063
1433.90612 19.266 0.072
1435.77277 19.292 0.085
1437.76647 18.948 0.059
1440.81296 19.243 0.057
1443.85600 19.453 0.091
1446.88817 19.043 0.076
1448.77924 19.122 0.074
1454.79879 19.180 0.106
1458.81484 19.066 0.062
1459.84230 18.946 0.047
1462.75365 19.005 0.049
1470.79398 19.137 0.044
1475.79364 19.063 0.053
1477.67818 19.248 0.066
1479.71906 18.859 0.047
1484.73476 19.454 0.075
1487.76044 19.171 0.047
1491.68856 19.004 0.050
1493.84048 19.174 0.061
1494.73405 19.250 0.070
1497.78993 19.402 0.064
1499.69772 19.075 0.067
1502.69302 19.191 0.060
1503.84291 19.486 0.079
1505.73341 19.321 0.068
1507.80461 19.455 0.091
1510.78067 19.530 0.070
1512.73968 18.978 0.064
1514.85091 19.034 0.056
1515.70504 19.308 0.067
1517.73671 18.876 0.033
1518.84166 18.861 0.037
1521.69579 18.891 0.038
1523.64280 19.330 0.094
1525.74680 19.037 0.045
1527.73952 19.293 0.052
1528.81864 19.396 0.062
1529.68280 19.029 0.060
1531.80017 19.448 0.068
1538.75643 19.071 0.055
1542.68029 19.081 0.053
1544.72293 19.382 0.059
1547.79528 19.028 0.047
1548.77300 19.500 0.085
1549.79174 19.366 0.055
1552.69085 19.288 0.057
1553.76654 19.254 0.054
1554.78176 19.152 0.042
1555.76877 19.006 0.051
1561.56191 19.086 0.060
1562.76813 19.267 0.068
1564.65701 19.292 0.073
1567.61454 18.835 0.042
1570.58167 19.168 0.059
1573.62197 19.422 0.067
1576.60731 19.484 0.067
1579.67026 19.019 0.043
1581.72194 19.283 0.080
1583.72082 19.100 0.059
1585.65594 19.424 0.075
1588.60610 18.957 0.053
1591.68382 19.437 0.125
1593.60278 19.637 0.091
1595.70819 19.236 0.077
1599.68044 19.361 0.060
1600.69399 19.287 0.076
1604.54463 18.993 0.049
1606.51937 19.424 0.085
1609.61998 19.046 0.053
1610.58285 19.337 0.071
1611.65348 19.278 0.075
1613.55944 18.992 0.049
1615.50570 19.178 0.048
1617.50515 18.789 0.040
1619.52770 19.221 0.078
1621.50025 19.038 0.064
1623.49869 19.227 0.077
1625.50067 18.944 0.053
1627.50081 19.482 0.099
1629.54573 19.046 0.054
1630.55456 18.881 0.053
1632.50108 19.236 0.061
1634.54117 18.956 0.046
1635.61267 19.237 0.079
1643.53265 19.326 0.065
1645.48979 19.047 0.064
1653.54542 19.605 0.117
1655.51913 18.780 0.052
1657.51050 19.177 0.083
1660.53568 19.393 0.083
1662.48659 19.145 0.058
1664.50140 19.267 0.071
1667.55515 19.118 0.069
1671.48453 19.103 0.066
1676.48926 18.942 0.057
1690.49323 19.321 0.113
1768.91050 18.864 0.047
1771.87319 19.211 0.093
1773.89604 19.328 0.062
1775.91612 19.182 0.059
1784.90322 19.077 0.052
1789.89770 18.866 0.032
1790.85969 19.267 0.047
1803.88916 19.166 0.063
1809.81524 18.998 0.037
1812.83848 19.164 0.050
1814.85335 18.999 0.049
1818.84625 18.978 0.047
1822.83861 19.129 0.055
1828.86378 19.327 0.062
1829.83502 19.266 0.071
1830.84847 18.996 0.051
1834.88741 19.190 0.095
1846.81394 19.157 0.048
1846.86492 19.232 0.056
1850.79455 19.239 0.065
1851.86988 19.391 0.120
1855.83667 19.134 0.042
1859.76265 18.957 0.046
1863.74444 19.124 0.054
1865.79911 19.441 0.060
1867.76803 19.254 0.054
1869.74142 19.436 0.053
1870.77180 19.236 0.051
1871.85595 19.306 0.055
1873.81563 19.095 0.047
2123.92555 18.863 0.059
2130.91614 19.016 0.067
2131.91795 18.872 0.071
2132.91613 19.268 0.074
2134.91771 19.150 0.082
2140.91741 18.959 0.059
2142.90522 19.211 0.081
2144.91562 18.831 0.047
2156.88873 18.969 0.074
2161.85569 19.504 0.102
2173.86826 18.950 0.043
2192.83927 19.242 0.065
2201.82575 19.087 0.044
2214.80731 19.133 0.073
2221.75024 19.094 0.062
2224.76294 19.338 0.070
2227.66558 19.099 0.066
2229.67902 19.251 0.075
2230.82321 19.225 0.067
2232.84275 18.897 0.052
2234.83757 19.243 0.050
2237.75801 19.322 0.061
2241.68325 19.369 0.088
2243.73712 19.052 0.059
2248.81770 19.049 0.043
2250.80440 19.253 0.059
2252.66867 18.909 0.044
2254.65973 19.349 0.075
2257.66640 19.431 0.077
2260.67309 18.948 0.048
2264.67849 19.049 0.054
2266.66461 19.292 0.068
2270.66773 19.482 0.079
2271.81266 19.310 0.047
2272.82059 19.248 0.072
2274.65076 19.335 0.093
2276.76822 19.198 0.060
2277.82154 19.154 0.047
2279.83915 19.197 0.067
2280.81269 19.293 0.059
2282.70231 18.954 0.044
2283.86345 18.853 0.050
2288.77091 19.359 0.080
2290.80819 19.248 0.062
2292.78123 19.365 0.090
2294.75753 19.160 0.095
2296.77319 19.355 0.106
2298.72989 19.132 0.069
2300.74038 19.274 0.076
2302.71702 19.148 0.098
2315.64814 18.972 0.047
2323.59246 18.992 0.049
2327.57787 18.883 0.055
2333.58788 19.220 0.100
2339.56424 19.163 0.071
2345.52531 19.468 0.101
2351.50345 19.186 0.074
2369.50088 18.894 0.065
2385.48656 19.132 0.088
2529.83224 19.448 0.092
2539.83472 19.329 0.091
2545.80490 19.227 0.088
2552.85792 19.215 0.074
2556.84932 19.226 0.064
2560.75773 19.082 0.056
2564.86597 19.351 0.073
2573.86333 19.412 0.080
2578.78770 19.056 0.064
2583.84211 18.923 0.060
2590.74770 19.019 0.057
2596.76032 19.371 0.088
2605.78758 19.323 0.073
2609.75971 19.253 0.083
2610.62885 18.956 0.065
2610.73429 19.208 0.093
2610.84079 19.143 0.078
2611.64100 18.987 0.070
2613.62223 19.414 0.104
2613.70004 19.326 0.101
2614.67020 19.298 0.094
2614.75358 19.419 0.094
2614.84518 19.481 0.091
2615.65425 18.838 0.055
2615.77637 19.141 0.059
2615.83410 19.164 0.061
2617.64295 19.217 0.093
2617.73735 19.546 0.123
2617.84581 19.187 0.083
2618.65946 19.256 0.074
2618.75301 19.222 0.069
2619.61623 18.977 0.049
2619.72295 19.104 0.051
2619.84735 19.363 0.079
2620.64613 19.629 0.096
2620.73131 18.966 0.046
2620.84805 19.148 0.065
2621.68015 19.287 0.054
2621.75583 19.490 0.076
2621.84902 18.867 0.043
2622.64612 19.199 0.076
2622.72752 19.398 0.095
2622.84839 19.382 0.071
2623.64484 19.105 0.066
2623.73291 19.196 0.067
2623.84424 19.210 0.060
2624.67544 18.769 0.044
2624.74651 19.070 0.060
2624.84130 19.181 0.065
2625.66043 19.269 0.071
2625.71229 19.477 0.084
2625.82244 18.950 0.048
2626.62923 19.440 0.084
2627.70321 19.224 0.087
2627.73701 19.199 0.097
2627.81090 19.253 0.093
2628.65377 18.891 0.059
2628.73083 19.024 0.065
2628.79798 19.229 0.075
2629.64955 19.350 0.090
2629.72613 19.331 0.087
2629.75787 19.193 0.071
2629.83760 18.966 0.067
2630.63737 19.247 0.086
2630.71692 19.364 0.083
2630.79726 19.342 0.104
2631.64887 19.065 0.068
2632.60482 18.897 0.042
2632.65209 18.948 0.048
2632.73159 18.953 0.045
2632.81213 19.099 0.057
2634.60361 19.221 0.055
2634.69366 19.276 0.067
2634.82749 19.339 0.080
2635.65385 19.057 0.055
2635.69932 19.178 0.055
2635.73115 19.251 0.059
2635.83411 19.340 0.081
2636.68168 18.992 0.048
2636.76208 19.076 0.065
2636.84178 19.466 0.100
2637.64375 19.446 0.075
2637.72236 18.944 0.046
2637.82542 19.022 0.047
2638.62501 19.357 0.070
2638.67030 19.303 0.068
2638.72593 19.384 0.092
2639.59810 19.132 0.047
2639.67844 19.243 0.047
2640.60705 18.978 0.053
2640.74904 19.292 0.080
2640.76720 19.190 0.067
2641.60718 19.479 0.093
2641.74354 18.924 0.053
2641.85439 19.106 0.065
2642.60529 19.256 0.066
2642.70710 19.475 0.097
2643.61220 19.145 0.049
2643.75581 19.286 0.072
2644.59486 19.033 0.061
2644.70534 19.197 0.067
2645.60974 19.276 0.323
2645.74635 19.047 0.059
2645.85274 19.138 0.077
2646.61513 19.296 0.065
2646.68034 19.374 0.077
2646.73971 19.483 0.083
2647.61473 19.218 0.083
2647.72453 19.507 0.092
2649.61191 19.097 0.052
2649.70433 19.029 0.040
2650.63207 19.384 0.068
2650.69357 19.391 0.094
2650.80339 18.911 0.054
2651.62807 19.402 0.096
2651.72383 19.264 0.071
2652.59389 19.168 0.066
2652.67288 19.115 0.075
2652.77040 19.300 0.075
2652.79239 19.241 0.067
2653.60167 19.020 0.059
2653.77467 19.256 0.072
2654.62038 19.257 0.083
2654.69743 19.308 0.088
2654.75482 18.899 0.061
2654.83803 19.010 0.049
2655.60603 19.287 0.079
2655.80504 19.468 0.087
2656.61747 19.234 0.082
2656.66410 18.955 0.082
2656.76649 19.251 0.097
2656.86376 19.364 0.107
2657.61987 18.965 0.057
2657.85641 19.249 0.104
2658.58141 19.480 0.131
2658.62586 19.428 0.095
2658.68092 18.970 0.064
2658.76196 18.978 0.094
2659.63940 19.327 0.078
2660.59412 19.246 0.080
2660.64418 19.249 0.083
2660.73985 19.275 0.071
2661.59918 19.049 0.042
2661.65298 19.023 0.046
2661.85214 19.173 0.076
2662.63790 19.319 0.081
2662.65512 19.016 0.065
2662.77351 19.035 0.062
2663.65249 19.321 0.075
2664.63380 19.335 0.085
2664.70017 19.207 0.095
2664.83811 19.585 0.156
2665.68303 19.160 0.068
2665.82004 19.349 0.096
2666.64230 18.905 0.046
2666.69855 18.930 0.042
2666.76011 19.058 0.046
2667.67727 19.414 0.097
2667.83600 18.697 0.064
2668.68466 19.309 0.073
2668.75161 19.145 0.068
2670.64678 18.931 0.070
2670.68429 18.973 0.085
2671.68720 19.410 0.083
2671.85526 19.072 0.087
2672.66437 19.133 0.106
2672.76383 19.354 0.074
2672.78556 19.361 0.073
2674.66925 18.960 0.053
2674.68631 19.105 0.063
2674.79129 19.121 0.062
2675.64794 19.318 0.078
2675.75478 18.834 0.051
2676.65402 19.394 0.106
2676.67538 19.285 0.083
2676.73478 19.336 0.077
2677.65469 19.349 0.083
2677.71341 19.166 0.066
2678.62777 19.017 0.059
2678.72866 19.129 0.070
2678.75945 19.135 0.058
2679.64827 18.963 0.060
2679.78419 19.098 0.077
2680.63942 19.285 0.073
2680.77021 19.436 0.071
2681.60814 19.277 0.085
2681.71963 19.638 0.110
2682.58552 19.145 0.077
2683.62065 19.000 0.079
2687.56478 19.435 0.101
2693.52402 19.119 0.058
2696.56071 19.319 0.087
2701.54230 19.439 0.122
2714.53618 19.126 0.088
2839.91270 19.063 0.069
2867.88376 19.282 0.081
2885.86147 19.302 0.063
2892.88998 19.090 0.076
2897.85894 19.387 0.083
2903.90475 19.122 0.050
2907.77915 19.046 0.049
2911.81660 19.139 0.047
2916.86702 19.066 0.046
2922.85073 19.304 0.076
2926.78242 19.335 0.068
2930.85214 19.434 0.070
2934.75411 19.342 0.065
2940.73363 19.112 0.051
2943.73922 19.375 0.075
2947.74786 19.366 0.070
2949.83784 19.239 0.057
2953.70505 19.177 0.083
2956.73038 19.220 0.058
2958.75670 19.063 0.063
2962.76850 18.979 0.044
2965.79224 19.276 0.052
2968.65813 19.161 0.070
2973.78304 19.310 0.059
2975.86103 19.166 0.081
2976.79548 19.282 0.063
2978.70315 19.109 0.065
2980.71554 19.563 0.075
2982.70828 19.154 0.062
2984.75542 19.010 0.054
2986.83806 19.270 0.084
2988.80845 18.961 0.046
2989.76375 19.314 0.065
2991.65889 19.040 0.047
2993.64621 19.424 0.068
2995.74717 19.147 0.051
2997.72482 19.258 0.068
2999.68900 19.215 0.065
3001.78387 19.004 0.048
3003.75453 19.179 0.058
3005.71639 19.323 0.071
3007.63776 19.150 0.050
3009.63562 19.374 0.065
3011.73519 19.126 0.081
3013.73937 18.903 0.049
3017.74072 18.874 0.042
3019.66875 19.277 0.071
3021.78730 19.223 0.057
3023.64907 19.276 0.050
3024.85017 19.331 0.060
3027.66635 19.330 0.056
3029.65134 18.986 0.043
3031.72130 19.350 0.070
3033.78493 19.097 0.039
3035.79177 19.078 0.046
3038.76939 19.051 0.062
3041.60990 18.909 0.065
3043.64394 19.128 0.082
3045.70685 19.164 0.066
3047.66059 19.407 0.081
3048.58933 19.269 0.053
3050.60765 18.911 0.036
3052.60480 19.260 0.059
3054.60543 19.057 0.055
3056.60272 19.303 0.061
3060.64630 19.342 0.066
3064.66412 19.322 0.096
3068.53222 19.199 0.081
3070.59313 19.099 0.092
3073.62433 19.330 0.104
3078.63330 19.169 0.059
3082.61114 19.106 0.047
3085.51221 19.319 0.084
3087.65043 19.253 0.071
3090.61653 19.366 0.081
3096.53240 19.002 0.073
3099.60220 19.229 0.092
3102.58080 19.282 0.086
3104.56752 19.007 0.062
3107.55011 19.451 0.113
3110.54926 19.403 0.099
3113.52715 18.941 0.068
3128.49895 19.187 0.071
3140.50665 19.345 0.077
3216.87089 18.928 0.072
3241.91385 19.130 0.056
3248.85604 19.268 0.080
3257.88441 19.319 0.058
3264.80578 19.302 0.045
3270.87253 19.122 0.050
3274.75823 19.096 0.075
3277.88024 19.472 0.071
3287.76196 19.123 0.044
3295.72037 19.264 0.040
3301.77392 18.861 0.053
3304.83423 19.089 0.057
3309.74000 18.910 0.041
3311.73799 19.235 0.056
3320.78093 19.369 0.058
3323.72707 19.667 0.120
3327.75295 19.347 0.056
3330.71158 18.931 0.053
3334.81051 19.181 0.074
3338.85895 19.197 0.056
3339.75830 19.087 0.054
3354.77421 19.175 0.063
3358.82288 19.197 0.054
3361.85127 19.408 0.059
3365.75298 19.303 0.072
3372.76938 19.087 0.047
3378.68200 19.415 0.068
3391.74976 19.194 0.071
3399.71857 19.113 0.062
3403.70589 19.204 0.060
3406.67471 19.110 0.042
3410.62841 19.261 0.051
3415.62560 19.093 0.046
3427.58930 19.730 0.116
3433.61187 19.154 0.074
3438.54112 19.129 0.057
3446.49819 18.931 0.071
3461.51560 19.334 0.067
3473.47485 19.525 0.116
3575.93349 19.282 0.074
3592.92536 19.163 0.038
3601.92543 19.087 0.059
3619.82735 19.410 0.064
3629.90085 19.340 0.065
3633.86590 19.275 0.069
3639.77838 18.916 0.036
3644.81498 19.439 0.058
3651.75819 18.851 0.036
3654.80570 19.327 0.053
3658.76970 19.203 0.063
3661.84044 19.449 0.089
3668.81315 18.966 0.052
3672.80143 19.014 0.047
3676.75823 18.932 0.043
3684.82027 19.239 0.053
3687.79469 19.150 0.049
3690.71451 19.343 0.072
3693.74858 19.060 0.054
3695.78133 19.206 0.048
3698.76306 18.968 0.057
3700.79164 19.368 0.064
3703.72253 19.449 0.058
3705.78970 19.248 0.047
3708.77763 19.259 0.073
3712.73527 19.237 0.051
3714.80547 19.060 0.041
3717.66792 19.131 0.051
3719.84044 19.093 0.059
3721.80137 19.133 0.057
3726.69722 19.211 0.067
3730.72954 19.189 0.049
3732.72155 19.457 0.052
3734.85239 19.199 0.052
3737.75336 19.401 0.048
3739.82337 19.252 0.049
3741.83626 18.825 0.052
3743.73340 19.338 0.081
3746.77587 19.523 0.097
3748.72911 18.962 0.059
3749.73470 19.415 0.095
3751.74603 19.340 0.069
3753.69756 19.377 0.059
3755.69792 19.268 0.059
3757.68838 19.218 0.060
3759.75316 19.151 0.048
3762.77469 19.565 0.096
3765.76180 18.926 0.042
3770.63427 19.399 0.059
3773.70033 18.918 0.055
3776.67065 19.206 0.062
3779.62522 19.249 0.095
3782.73880 18.999 0.052
3787.60204 19.583 0.080
3792.55275 19.048 0.053
3800.53471 19.277 0.054
3809.54197 19.187 0.084
3823.50203 19.159 0.066
3964.88064 19.030 0.036
3969.90739 19.014 0.050
3980.92123 19.390 0.083
3981.87929 18.986 0.053
3989.90789 19.022 0.052
3998.87164 19.070 0.056
3999.83413 19.593 0.074
4001.88316 19.333 0.047
4004.84712 19.320 0.055
4005.86107 19.324 0.053
4008.72737 19.081 0.041
4011.89425 19.027 0.050
4018.85702 19.224 0.055
4024.72075 19.474 0.059
4026.79758 19.292 0.045
4029.74677 19.378 0.070
4032.75458 19.034 0.067
4038.72816 19.263 0.059
4041.68946 19.200 0.062
4043.69432 19.259 0.075
4049.65698 19.437 0.065
4052.71837 19.072 0.038
4054.70520 19.300 0.077
4056.76320 19.105 0.053
4058.79553 19.482 0.060
4063.69415 19.235 0.048
4066.75146 19.550 0.065
4068.65636 19.093 0.044
4070.68146 19.273 0.058
4073.85526 19.187 0.073
4074.74906 18.982 0.064
4077.79757 19.313 0.070
4079.84249 19.070 0.054
4083.68808 19.219 0.078
4085.75379 19.223 0.070
4093.73831 19.073 0.047
4105.81088 19.188 0.064
4109.78076 19.227 0.049
4113.73657 19.414 0.050
4120.76681 19.023 0.044
4122.72328 19.368 0.052
4125.77750 19.088 0.062
4132.66527 18.870 0.052
4142.71616 19.295 0.107
4156.55128 19.082 0.054
4168.50589 19.187 0.079
4197.48514 19.284 0.086
4341.91755 19.018 0.067
4347.86750 19.382 0.081
4353.80246 18.971 0.046
4358.90078 18.914 0.053
4364.86522 19.258 0.071
4367.88968 19.292 0.061
4371.75495 19.290 0.078
4377.80977 19.221 0.074
4380.82630 19.371 0.072
4386.80201 19.282 0.086
4390.76394 19.050 0.059
4394.72008 19.069 0.055
4399.73804 18.889 0.071
4404.73625 19.461 0.105
4412.71655 19.064 0.064
4418.80996 19.357 0.061
4421.85577 19.047 0.053
4426.75370 19.231 0.089
4429.86013 19.262 0.155
4430.68016 19.647 0.157
4432.74028 19.063 0.048
4436.78017 19.186 0.067
4439.84526 19.300 0.095
4443.72514 19.186 0.095
4449.69619 18.954 0.040
4451.70595 19.359 0.085
4455.70503 19.298 0.085
4457.73548 19.127 0.066
4460.80714 19.337 0.111
4463.72538 19.358 0.064
4466.71438 18.966 0.045
4470.66184 19.033 0.059
4473.70458 19.236 0.065
4477.76301 19.352 0.096
4482.76684 19.327 0.099
4486.74392 19.252 0.085
4491.71810 19.216 0.091
4494.66343 19.262 0.083
4498.69668 19.269 0.071
4501.69393 19.670 0.111
4506.62801 19.369 0.095
4508.65104 19.109 0.061
4510.72015 19.225 0.073
4517.65435 18.910 0.062
4521.63487 18.861 0.056
4524.59760 19.155 0.078
4530.62107 19.381 0.094
4532.64931 19.238 0.073
4536.62153 19.295 0.073
4539.50349 19.266 0.080
4541.61267 19.158 0.078
