2127.48669 16.337 0.013
2130.51956 16.228 0.009
2133.53366 15.977 0.008
2136.65488 15.857 0.008
2141.64562 16.170 0.011
2165.56812 16.173 0.009
2171.63511 15.910 0.009
2179.52546 16.094 0.009
2189.52047 15.849 0.009
2212.54610 15.882 0.009
2214.50340 15.955 0.011
2337.83284 16.269 0.010
2352.85032 15.828 0.008
2361.84479 15.960 0.009
2373.79956 15.899 0.008
2464.78183 16.297 0.010
2708.91333 16.159 0.011
2850.64544 16.242 0.010
2858.77275 16.148 0.011
3059.86145 16.239 0.009
3064.87656 16.227 0.009
3068.82996 16.285 0.010
3071.88239 16.235 0.010
3073.88767 16.247 0.009
3075.90374 16.275 0.010
3080.81694 16.251 0.010
3083.76908 15.969 0.007
3085.89141 16.230 0.008
3087.79518 16.232 0.010
3089.84273 16.291 0.008
3091.89493 15.984 0.007
3097.82326 15.974 0.008
3099.90604 16.233 0.009
3101.81120 16.223 0.009
3102.90592 15.941 0.008
3104.76620 15.859 0.013
3106.90375 16.204 0.010
3107.89426 15.650 0.006
3109.83519 15.744 0.007
3110.92485 16.328 0.010
3112.90021 16.404 0.009
3113.90791 16.185 0.008
3114.83828 16.324 0.009
3115.89871 16.270 0.009
3116.87994 15.822 0.007
3124.77568 16.228 0.011
3126.71035 16.232 0.008
3127.88885 16.108 0.008
3128.87658 16.231 0.010
3130.75561 16.380 0.011
3131.72196 16.120 0.010
3134.89099 16.094 0.013
3137.77611 16.337 0.010
3138.66169 16.011 0.009
3139.94282 16.016 0.010
3142.82352 16.335 0.009
3144.84060 15.883 0.007
3146.90533 15.941 0.007
3151.81468 16.193 0.010
3152.81569 16.172 0.009
3153.81433 15.808 0.008
3154.90191 16.282 0.012
3156.87054 16.334 0.010
3157.92799 16.169 0.010
3158.89336 15.823 0.009
3162.85200 15.983 0.008
3163.81111 16.244 0.009
3164.79985 16.004 0.008
3165.71680 16.250 0.008
3167.66223 16.272 0.010
3168.86433 16.220 0.009
3169.83524 15.938 0.008
3170.64857 16.131 0.008
3171.78664 16.001 0.006
3171.91222 16.136 0.009
3172.81096 16.297 0.008
3173.85498 16.177 0.010
3174.76743 16.175 0.008
3175.81644 16.209 0.009
3175.87776 16.242 0.010
3177.82448 16.246 0.010
3179.56277 16.128 0.008
3180.78256 16.074 0.008
3182.84266 16.213 0.009
3183.80171 15.845 0.008
3184.50128 15.931 0.008
3184.62653 16.089 0.007
3184.75666 16.209 0.009
3184.85984 16.237 0.010
3184.88424 16.253 0.013
3185.49608 16.263 0.011
3185.61220 16.186 0.008
3185.68769 15.780 0.007
3185.85172 16.008 0.008
3191.80740 16.252 0.009
3193.60649 16.153 0.008
3194.55699 16.164 0.010
3194.79945 16.031 0.008
3195.55657 16.212 0.008
3195.78272 16.344 0.009
3196.75011 16.087 0.009
3197.58073 16.261 0.009
3199.68861 15.832 0.007
3201.55110 16.319 0.008
3202.67980 16.278 0.009
3203.59563 15.810 0.006
3204.63776 16.259 0.008
3205.71879 16.152 0.008
3206.78032 15.809 0.008
3210.51086 16.124 0.009
3211.66600 16.318 0.010
3217.70686 15.962 0.008
3218.70591 16.318 0.012
3223.70988 16.290 0.011
3224.75443 15.992 0.009
3226.68533 16.021 0.010
3228.65579 16.113 0.009
3230.72560 16.287 0.010
3232.66255 16.283 0.010
3238.67724 15.816 0.008
3240.52642 15.651 0.007
3241.70999 16.427 0.019
3245.61505 15.791 0.008
3247.50032 16.121 0.009
3249.60666 15.983 0.009
3254.59881 15.819 0.008
3257.51188 16.232 0.008
3260.54807 16.129 0.010
3265.53354 15.981 0.009
3267.58422 16.120 0.008
3274.54105 16.088 0.010
3277.55616 15.889 0.008
3280.55858 16.299 0.009
3282.54205 16.184 0.008
3289.51599 16.372 0.012
3294.50702 16.296 0.010
3296.54668 16.352 0.007
3302.50639 15.965 0.010
3423.87809 16.212 0.008
3427.87631 16.278 0.009
3429.90453 16.024 0.009
3436.86407 16.402 0.011
3443.81686 16.320 0.008
3445.85990 15.874 0.006
3447.90836 15.897 0.007
3450.78795 16.302 0.008
3453.82774 16.175 0.008
3455.89334 16.286 0.009
3456.91761 16.025 0.008
3457.89067 16.380 0.009
3459.88157 16.011 0.007
3468.93195 15.881 0.010
3470.92305 15.990 0.007
3472.85240 16.026 0.007
3473.91448 15.919 0.007
3474.92087 16.223 0.009
3475.91200 15.840 0.006
3477.93186 16.003 0.009
3479.79834 15.935 0.006
3482.93450 15.868 0.008
3496.78608 16.318 0.009
3497.88736 16.200 0.009
3499.85005 16.208 0.007
3500.86746 15.994 0.007
3502.68487 15.874 0.007
3503.83591 16.206 0.008
3506.79805 16.214 0.008
3508.89951 16.339 0.011
3509.69766 15.871 0.007
3511.87680 16.171 0.008
3512.89183 15.869 0.007
3517.77417 16.249 0.010
3520.88581 16.238 0.009
3521.70154 16.222 0.008
3522.80714 16.247 0.009
3523.84134 15.980 0.007
3524.84629 16.343 0.009
3525.91682 16.202 0.009
3528.62014 16.280 0.009
3530.83982 15.962 0.006
3538.73332 16.262 0.008
3540.78964 16.341 0.009
3544.80452 15.829 0.008
3547.79965 16.363 0.011
3550.81638 16.228 0.008
3551.80774 15.783 0.006
3552.82683 16.315 0.010
3553.81336 15.987 0.010
3554.83209 16.398 0.012
3555.82220 16.103 0.009
3556.73058 16.356 0.010
3558.61460 16.307 0.009
3559.62299 16.078 0.007
3560.66490 15.690 0.006
3561.60080 16.158 0.008
3562.65397 15.802 0.006
3563.70552 16.296 0.009
3564.53993 15.724 0.008
3569.64598 15.778 0.010
3573.75657 16.228 0.010
3574.74952 15.791 0.007
3575.69134 16.207 0.008
3576.75777 15.963 0.007
3577.79571 16.349 0.009
3578.73239 16.045 0.007
3579.67774 16.321 0.008
3580.71735 16.139 0.009
3581.73053 15.723 0.006
3582.67951 16.175 0.007
3583.69762 15.863 0.007
3584.70159 16.275 0.009
3585.69982 15.986 0.007
3586.75427 16.230 0.008
3588.77625 15.822 0.007
3589.74356 16.224 0.009
3590.73982 15.912 0.007
3591.71496 16.265 0.008
3592.74818 16.033 0.008
3601.71603 16.102 0.009
3602.71647 15.990 0.009
3603.71145 16.194 0.009
3607.69525 16.275 0.010
3609.52305 16.234 0.009
3615.64176 15.977 0.007
3617.67091 16.130 0.007
3619.60398 16.147 0.008
3621.63284 16.241 0.009
3628.67082 16.236 0.012
3629.52907 15.824 0.006
3631.62983 16.014 0.009
3633.55637 16.043 0.009
3634.63544 15.792 0.008
3639.50612 16.274 0.008
3644.59278 16.272 0.009
3649.56619 16.120 0.008
3652.54339 15.725 0.008
3655.57925 16.343 0.011
3664.55655 16.390 0.010
3668.54181 15.879 0.008
3676.52077 16.293 0.011
3777.88116 16.276 0.009
3783.86746 15.797 0.006
3785.88300 15.857 0.007
3788.88733 16.353 0.011
3791.89910 16.252 0.011
3794.87666 15.971 0.007
3796.86842 16.082 0.008
3797.86807 16.135 0.008
3800.84915 16.233 0.009
3802.79608 16.247 0.009
3803.82864 16.032 0.008
3804.87584 16.144 0.008
3806.88831 15.845 0.007
3808.87333 15.941 0.007
3810.78934 15.930 0.008
3812.77547 16.055 0.009
3814.76638 16.167 0.009
3818.83131 16.322 0.009
3819.89072 16.146 0.007
3820.88296 15.828 0.006
3821.89433 16.236 0.008
3822.90622 15.958 0.007
3824.90122 16.076 0.009
3825.89331 16.224 0.008
3827.89244 15.837 0.006
3828.90455 16.215 0.009
3829.89127 15.938 0.007
3830.86408 16.234 0.008
3832.89468 16.286 0.009
3833.88018 16.138 0.008
3834.80826 16.301 0.008
3835.86068 16.224 0.008
3836.87015 15.897 0.007
3837.84890 16.233 0.009
3838.85305 15.973 0.008
3839.87212 16.308 0.011
3840.85614 16.068 0.008
3841.83939 16.262 0.009
3842.75332 16.059 0.010
3842.90216 16.213 0.013
3845.84260 15.949 0.008
3846.84776 16.254 0.008
3847.88967 16.110 0.008
3848.86332 16.236 0.008
3849.89170 16.227 0.009
3850.81262 15.977 0.008
3851.81891 16.226 0.009
3852.81100 15.831 0.006
3853.80027 16.258 0.008
3856.78894 16.079 0.008
3858.85292 16.243 0.009
3860.84434 16.302 0.010
3861.85961 15.997 0.007
3862.80558 16.294 0.008
3863.78103 16.021 0.007
3864.80395 16.370 0.008
3865.76725 16.134 0.008
3866.73238 16.281 0.009
3867.73974 16.218 0.009
3868.73514 15.699 0.007
3869.71683 16.270 0.010
3873.72034 16.400 0.009
3874.76707 16.223 0.009
3875.74890 15.682 0.006
3877.70868 15.837 0.006
3880.77545 16.212 0.008
3881.78405 16.231 0.008
3882.71895 15.755 0.006
3883.77075 16.287 0.008
3886.73144 15.993 0.007
3887.71408 16.347 0.008
3889.87582 15.929 0.007
3891.60744 16.284 0.010
3892.74270 16.288 0.009
3893.77374 16.043 0.009
3894.81094 16.139 0.009
3896.75824 15.692 0.007
3900.65809 15.832 0.008
3901.66363 16.284 0.009
3902.68116 16.004 0.007
3903.81844 15.770 0.007
3904.66100 16.095 0.007
3905.67169 15.848 0.006
3906.64951 16.198 0.008
3907.71559 15.923 0.008
3908.65548 16.269 0.008
3908.68702 16.288 0.008
3909.65358 15.957 0.007
3912.65763 16.107 0.007
3913.65782 16.163 0.007
3914.69588 15.885 0.006
3915.65471 16.230 0.008
3916.73646 16.044 0.008
3917.50975 16.224 0.009
3917.75363 16.135 0.008
3918.75393 16.182 0.008
3919.68388 15.961 0.006
3920.63778 16.165 0.009
3920.67369 16.178 0.009
3920.78570 16.263 0.008
3921.64622 15.804 0.007
3930.70789 15.988 0.007
3931.62407 16.245 0.009
3932.58252 15.951 0.007
3933.47216 16.220 0.009
3933.50127 16.228 0.009
3933.53314 16.237 0.007
3933.55914 16.254 0.008
3933.59394 16.278 0.008
3933.63478 16.315 0.007
3933.69128 16.104 0.007
3933.74058 15.803 0.006
3933.78990 15.876 0.007
3933.81608 15.908 0.008
3934.45796 15.936 0.014
3934.53009 15.981 0.008
3934.60182 16.069 0.007
3934.80321 16.235 0.008
3935.46172 16.250 0.016
3935.51084 16.279 0.010
3935.58284 16.228 0.008
3935.77689 15.960 0.007
3936.46133 16.018 0.013
3936.56791 16.136 0.008
3936.70323 16.214 0.008
3936.78128 16.277 0.010
3936.81895 16.324 0.011
3937.46749 16.340 0.013
3937.64661 15.885 0.007
3938.46295 16.122 0.013
3938.61214 16.224 0.008
3938.71329 16.299 0.008
3939.53356 15.872 0.007
3940.56735 16.260 0.008
3940.60620 16.250 0.007
3940.75291 15.804 0.006
3941.64262 16.121 0.009
3942.50666 16.265 0.010
3944.48814 16.344 0.008
3944.53970 16.037 0.006
3944.70793 15.943 0.006
3944.78188 16.065 0.009
3945.47343 16.128 0.008
3945.59558 16.207 0.008
3945.67846 16.270 0.008
3945.76742 16.356 0.010
3946.47999 15.867 0.007
3946.64001 15.973 0.007
3946.78497 16.164 0.009
3950.47870 15.989 0.008
3950.49331 16.028 0.008
3950.53847 16.083 0.008
3950.58944 16.114 0.007
3950.62580 16.181 0.007
3950.65664 16.213 0.008
3950.69132 16.214 0.008
3950.71185 16.235 0.008
3950.72623 16.254 0.009
3950.74846 16.256 0.009
3950.77531 16.270 0.009
3950.79092 16.264 0.010
3950.79379 16.259 0.010
3951.47423 16.307 0.010
3951.56645 15.967 0.008
3951.71388 15.951 0.008
3957.66048 16.206 0.010
3959.62723 16.250 0.008
3960.61836 15.894 0.006
3963.62378 16.368 0.009
3964.65602 16.173 0.008
3965.47352 16.294 0.010
3965.50199 16.295 0.008
3965.53069 16.358 0.008
3965.56336 16.352 0.009
3965.63474 15.713 0.006
3965.66603 15.735 0.006
3965.69331 15.827 0.007
3965.71147 15.848 0.007
3966.62927 16.250 0.009
3967.65268 15.886 0.008
3968.61214 16.303 0.009
3969.62262 15.991 0.007
3970.62942 16.334 0.010
3971.66071 16.173 0.008
3973.68896 16.269 0.009
3974.62653 15.792 0.007
3975.61903 16.289 0.008
3976.61299 15.949 0.007
3979.64821 15.902 0.009
3982.67023 16.309 0.013
3986.66150 15.928 0.009
3987.61027 16.161 0.008
3988.64244 15.714 0.007
3989.56059 16.214 0.009
3991.56196 16.292 0.009
3995.50978 16.377 0.009
4001.58014 16.064 0.008
4002.61577 15.766 0.006
4003.57019 16.180 0.008
4011.55356 15.759 0.007
4015.58250 16.015 0.010
4017.55621 16.127 0.008
4019.55757 16.230 0.010
4021.58049 16.273 0.011
4025.49874 16.275 0.009
4027.50648 15.767 0.007
4029.54802 15.970 0.008
4151.87195 15.806 0.008
4153.89388 15.958 0.009
4156.87227 16.287 0.011
4158.89764 15.808 0.008
4161.85985 16.248 0.011
4163.84269 16.290 0.011
4165.82273 16.189 0.012
4165.88640 15.766 0.008
4166.82743 16.170 0.013
4166.86214 16.203 0.012
4167.84093 15.822 0.009
4168.82130 16.223 0.011
4170.81492 16.266 0.011
4175.80381 16.224 0.009
4177.78947 16.246 0.010
4178.82327 15.999 0.008
4179.86319 16.198 0.010
4181.79963 16.003 0.009
4182.84816 16.227 0.009
4183.88072 15.948 0.008
4185.75695 15.894 0.009
4189.87590 16.251 0.011
4191.84365 16.302 0.013
4193.77227 16.304 0.013
4194.80159 16.063 0.009
4196.79163 16.154 0.010
4202.77320 16.357 0.010
4203.76122 16.087 0.009
4204.75352 16.220 0.010
4205.75004 16.209 0.009
4205.92900 16.303 0.012
4207.73951 16.276 0.011
4208.76159 15.935 0.008
4211.80819 15.695 0.007
4212.88736 16.311 0.012
4213.72615 15.656 0.007
4213.92971 16.020 0.009
4215.75879 15.906 0.008
4216.71658 16.283 0.010
4217.72407 15.993 0.008
4217.93352 16.258 0.011
4218.77369 16.307 0.011
4219.77732 16.194 0.010
4220.72215 15.838 0.008
4222.68805 15.700 0.008
4224.79875 16.062 0.009
4228.69421 16.187 0.010
4228.92778 16.367 0.012
4229.68790 15.686 0.008
4229.88486 16.046 0.009
4230.69761 16.244 0.010
4230.88568 16.255 0.010
4231.63997 15.792 0.007
4231.78415 16.026 0.008
4231.90834 16.195 0.010
4232.69203 16.298 0.012
4232.85304 15.745 0.008
4233.83292 16.206 0.012
4234.72819 16.109 0.009
4235.65350 16.089 0.009
4235.81476 16.254 0.009
4235.90713 16.311 0.011
4238.67759 15.895 0.009
4238.89183 16.149 0.010
4239.65420 16.255 0.010
4240.69356 15.999 0.008
4240.83645 16.184 0.010
4243.65941 16.037 0.009
4243.75208 15.839 0.008
4243.84581 15.961 0.009
4244.63169 16.165 0.011
4244.72810 16.224 0.010
4244.82077 16.282 0.010
4245.62480 15.758 0.007
4245.71875 15.932 0.008
4245.81458 16.046 0.008
4246.68313 16.246 0.010
4246.77599 16.331 0.010
4246.86933 15.830 0.008
4247.69838 16.010 0.008
4250.74655 15.807 0.008
4251.81810 16.270 0.014
4256.63424 16.038 0.010
4256.78029 16.194 0.011
4257.66588 16.140 0.011
4258.64858 16.168 0.010
4258.77109 16.241 0.010
4258.86520 16.298 0.012
4267.60923 16.194 0.010
4268.57242 15.797 0.008
4268.85536 16.155 0.010
4269.59165 16.214 0.009
4269.71219 16.290 0.010
4270.58520 15.933 0.008
4272.61354 16.067 0.009
4272.76270 16.217 0.009
4272.83437 16.257 0.010
4273.63065 15.951 0.009
4273.81132 15.972 0.009
4273.87247 16.061 0.011
4274.56335 16.138 0.012
4274.71724 16.258 0.011
4274.77820 16.238 0.010
4274.83662 16.315 0.011
4275.61576 15.817 0.008
4275.79112 16.073 0.010
4275.85222 16.152 0.012
4276.60060 16.234 0.011
4277.54436 15.847 0.009
4277.72134 16.078 0.009
4277.77998 16.167 0.012
4278.58923 16.264 0.012
4278.76539 15.793 0.009
4283.52384 16.156 0.011
4284.51874 15.753 0.009
4284.70932 16.032 0.009
4284.77165 16.132 0.010
4284.83650 16.199 0.012
4285.52188 16.244 0.012
4285.71531 16.292 0.011
4285.77641 15.792 0.008
4285.84171 15.815 0.008
4286.52154 15.912 0.009
4286.82650 16.254 0.012
4289.52936 16.355 0.012
4289.74788 15.960 0.009
4289.81301 16.041 0.010
4290.57563 16.213 0.011
4291.63828 15.919 0.008
4292.50390 16.229 0.010
4292.68311 16.296 0.010
4292.74174 16.275 0.009
4292.80024 15.726 0.007
4293.50428 15.823 0.008
4293.72888 16.173 0.009
4293.78765 16.230 0.010
4294.50346 16.276 0.010
4295.51055 15.972 0.009
4295.70860 16.228 0.009
4295.76721 16.264 0.010
4296.50756 16.327 0.011
4296.70873 15.857 0.008
4297.52718 16.132 0.010
4297.72876 16.289 0.009
4298.56203 15.687 0.007
4298.66774 15.930 0.008
4298.77363 16.085 0.011
4299.54505 16.244 0.009
4299.63853 16.300 0.010
4299.73026 16.362 0.010
4300.54074 15.844 0.008
4300.66081 16.046 0.009
4300.75631 16.178 0.009
4301.53161 16.272 0.009
4301.62734 16.341 0.010
4301.73000 15.691 0.007
4302.60461 16.085 0.010
4302.70474 16.219 0.010
4303.69060 15.739 0.008
4304.56471 16.146 0.011
4304.68283 16.292 0.013
4306.64866 16.307 0.011
4306.70931 16.326 0.012
4307.55725 15.827 0.008
4310.62802 16.153 0.012
4312.56022 15.874 0.009
4312.75864 15.976 0.009
4315.65122 16.371 0.012
4316.72438 16.195 0.010
4317.57245 16.370 0.010
4319.52973 16.380 0.011
4319.78454 16.014 0.010
4320.55651 16.208 0.010
4326.52377 16.397 0.010
4326.72097 15.885 0.009
4327.60311 16.240 0.011
4328.52990 15.622 0.008
4328.70793 15.994 0.009
4329.53893 16.268 0.011
4329.68686 16.395 0.012
4330.51078 15.826 0.008
4330.70588 16.137 0.010
4331.49092 16.282 0.011
4331.69979 15.765 0.009
4332.52072 15.982 0.008
4333.54221 16.376 0.011
4334.51522 16.108 0.011
4334.64341 16.273 0.014
4338.51506 16.270 0.011
4339.49237 15.926 0.009
4339.70882 16.199 0.011
4340.61267 15.987 0.010
4341.51568 16.075 0.010
4342.54489 15.763 0.008
4343.52371 16.180 0.009
4344.55201 15.877 0.009
4345.51714 16.240 0.009
4346.52981 15.960 0.010
4347.54453 16.347 0.011
4349.50618 16.242 0.010
4350.55280 16.199 0.009
4351.51870 15.797 0.008
4352.56924 16.269 0.012
4353.52261 15.948 0.008
4354.55132 16.334 0.011
4355.55544 16.100 0.009
4356.51932 16.196 0.011
4357.54843 16.191 0.011
4358.51140 15.786 0.009
4359.54895 16.233 0.011
4360.57832 15.981 0.009
4361.58178 16.320 0.013
4365.57438 15.887 0.009
4367.50766 15.907 0.009
4368.54403 16.263 0.011
4370.50809 16.315 0.011
4371.54653 16.157 0.009
4372.53225 15.796 0.007
4373.51842 16.202 0.011
4377.49661 16.295 0.010
4377.62035 15.794 0.010
4378.53093 16.142 0.010
4379.54598 15.795 0.009
4380.55745 16.212 0.010
4381.53614 15.918 0.010
4382.57870 16.257 0.012
4383.56924 16.052 0.010
4384.54341 16.312 0.011
4388.51331 15.855 0.009
4393.54322 15.907 0.009
4394.55856 16.222 0.012
4395.52999 15.805 0.009
4396.52204 16.252 0.013
4397.54629 15.980 0.010
4398.55121 16.323 0.012
4399.54389 16.078 0.011
4400.54596 16.055 0.012
4402.56239 15.802 0.009
4403.56148 16.281 0.014
4507.87589 15.958 0.009
4510.87270 16.128 0.009
4513.87385 16.241 0.009
4517.87296 16.303 0.012
4519.89395 15.744 0.007
4522.88786 16.266 0.011
4524.82368 16.297 0.011
4530.83129 15.929 0.007
4533.86715 15.758 0.008
4535.84993 15.730 0.007
4536.90759 16.286 0.010
4537.89322 16.006 0.007
4538.82831 16.302 0.010
4539.86640 16.072 0.008
4540.81258 16.377 0.010
4541.80529 16.113 0.008
4542.79999 15.730 0.007
4543.79554 16.225 0.009
4544.79236 15.783 0.007
4545.79877 16.271 0.010
4546.80583 15.962 0.008
4547.79983 16.344 0.010
4548.81077 16.106 0.009
4550.75383 16.147 0.010
4551.77700 15.711 0.007
4552.77296 16.227 0.013
4556.76909 16.321 0.010
4557.78626 16.162 0.008
4558.76323 15.655 0.006
4559.76118 16.210 0.009
4560.76134 15.856 0.007
4561.75137 16.240 0.009
4564.74151 16.092 0.009
4565.73955 15.942 0.007
4566.73912 16.190 0.008
4567.73212 15.798 0.007
4568.74064 16.253 0.009
4569.74977 15.979 0.008
4570.74043 16.305 0.011
4571.73506 16.067 0.009
4571.92358 16.249 0.010
4572.76256 15.837 0.007
4573.75095 16.162 0.009
4573.91725 16.296 0.009
4574.75330 15.847 0.008
4575.76241 16.253 0.010
4575.91928 16.109 0.009
4576.76889 15.983 0.008
4577.85060 15.943 0.008
4578.80165 16.127 0.010
4579.83322 15.815 0.007
4579.87875 15.878 0.008
4583.74539 15.928 0.009
4583.75713 15.941 0.009
4583.77178 15.949 0.009
4583.82889 16.030 0.008
4583.86435 16.089 0.008
4583.89597 16.117 0.009
4583.92383 16.135 0.009
4585.69006 15.965 0.009
4585.77254 16.095 0.009
4585.93271 16.222 0.013
4586.73147 16.233 0.011
4586.79876 15.819 0.008
4587.78204 16.190 0.010
4588.70517 15.821 0.008
4589.68743 16.162 0.009
4589.84283 16.271 0.010
4589.90481 16.310 0.011
4590.71318 15.897 0.007
4590.91481 16.131 0.009
4591.71867 16.235 0.009
4591.84417 16.154 0.009
4591.91071 15.798 0.007
4592.67736 15.938 0.008
4592.86662 16.162 0.010
4593.66644 16.248 0.010
4593.87618 15.869 0.008
4594.68748 16.068 0.008
4594.88252 16.233 0.009
4595.67705 16.101 0.008
4595.87143 15.951 0.008
4595.93331 16.025 0.009
4596.67221 16.167 0.009
4597.69665 15.850 0.007
4597.88820 16.099 0.009
4598.67293 16.196 0.008
4599.64545 15.914 0.008
4600.65468 16.258 0.009
4600.86344 15.809 0.007
4601.66027 16.022 0.008
4601.87653 16.213 0.009
4602.65291 16.292 0.009
4602.86231 15.922 0.007
4603.89545 16.271 0.010
4606.65420 15.868 0.008
4606.91252 16.191 0.010
4610.75036 16.204 0.013
4611.63968 16.006 0.009
4611.83052 15.981 0.008
4612.66107 16.204 0.010
4615.80282 16.175 0.010
4616.61497 16.227 0.010
4616.82836 15.775 0.007
4616.91128 15.933 0.009
4617.68632 16.123 0.008
4618.62362 16.277 0.010
4621.93718 15.776 0.007
4622.82201 16.177 0.010
4622.93943 16.248 0.011
4623.67939 16.287 0.011
4623.88116 15.866 0.010
4624.60113 15.975 0.009
4624.82528 16.242 0.010
4624.89160 16.274 0.010
4625.61525 16.344 0.011
4625.83464 15.907 0.009
4625.92351 16.044 0.010
4626.61377 16.128 0.010
4626.89350 16.354 0.013
4627.57419 16.221 0.009
4627.86349 16.077 0.008
4627.93075 16.168 0.009
4628.56151 16.174 0.010
4628.76775 16.280 0.010
4628.83322 16.311 0.010
4628.90307 15.668 0.007
4629.63889 15.873 0.007
4629.84149 16.175 0.009
4629.91951 16.254 0.010
4630.57484 16.253 0.010
4630.78066 16.077 0.008
4630.86404 15.747 0.007
4630.92678 15.880 0.009
4631.57619 15.918 0.007
4631.79194 16.217 0.009
4631.87863 16.271 0.010
4632.58001 16.284 0.010
4632.86676 15.928 0.009
4633.57997 16.035 0.009
4633.69148 16.198 0.009
4633.80724 16.274 0.010
4638.76509 16.143 0.010
4638.87530 16.261 0.013
4639.58762 16.281 0.010
4639.68542 16.330 0.011
4640.60711 16.053 0.008
4640.73925 16.240 0.009
4640.84430 16.276 0.012
4641.68113 15.618 0.007
4641.79106 15.919 0.009
4642.60507 16.168 0.009
4642.76758 16.276 0.010
4642.84266 16.375 0.011
4643.56282 15.721 0.007
4644.61019 16.279 0.011
4644.87190 15.617 0.007
4645.53327 15.704 0.008
4645.78173 16.150 0.010
4645.85645 16.242 0.011
4646.53133 16.254 0.009
4646.86369 15.859 0.008
4647.52766 15.914 0.009
4647.75072 16.222 0.010
4647.77443 16.236 0.010
4647.81940 16.281 0.011
4647.86772 16.289 0.012
4648.51084 16.291 0.010
4648.73292 15.741 0.007
4648.82836 15.944 0.009
4649.53690 16.041 0.009
4649.81579 16.313 0.011
4649.87206 16.377 0.013
4650.52291 16.334 0.013
4650.78682 16.003 0.009
4651.52632 16.170 0.011
4651.82139 16.233 0.011
4652.51728 15.590 0.007
4652.73181 16.044 0.008
4652.80530 16.157 0.009
4652.85502 16.237 0.012
4653.51365 16.232 0.011
4653.73280 16.263 0.010
4654.55247 15.919 0.008
4654.76395 16.218 0.010
4655.51354 16.272 0.011
4655.73800 15.708 0.007
4655.79981 15.871 0.008
4656.51543 15.979 0.008
4656.70523 16.222 0.010
4656.82449 16.295 0.012
4657.74279 15.940 0.009
4658.67397 16.257 0.010
4660.62629 16.276 0.012
4661.50351 15.811 0.008
4661.70419 16.128 0.010
4661.76569 16.207 0.011
4661.83289 16.264 0.012
4665.67104 16.262 0.012
4666.57646 15.718 0.007
4666.71956 15.988 0.010
4666.76170 16.052 0.010
4670.66110 16.147 0.010
4671.59672 16.085 0.008
4672.52217 16.077 0.008
4672.71464 16.266 0.009
4672.73690 16.264 0.010
4674.52527 16.182 0.010
4674.71841 16.334 0.010
4675.76740 16.159 0.010
4677.50196 15.914 0.008
4677.65569 16.134 0.011
4679.55260 16.104 0.010
4681.54333 16.185 0.009
4681.64332 16.264 0.010
4681.77559 16.213 0.010
4682.51432 15.795 0.007
4682.67165 16.018 0.008
4682.76684 16.115 0.009
4683.53281 16.231 0.011
4683.71978 15.950 0.008
4684.52534 15.935 0.008
4684.73906 16.189 0.009
4685.51034 16.279 0.012
4685.74535 15.863 0.008
4686.51409 16.061 0.008
4687.49785 16.252 0.010
4687.75335 15.991 0.008
4688.51073 16.135 0.009
4688.70060 16.285 0.010
4688.76237 16.270 0.011
4693.55853 16.088 0.010
4694.61969 15.815 0.009
4697.51426 16.191 0.009
4698.51980 15.907 0.007
4699.51596 16.241 0.009
4700.52220 16.024 0.008
4701.51751 16.250 0.010
4702.51604 16.109 0.010
4703.58653 15.876 0.008
4704.65625 16.281 0.010
4705.51966 15.884 0.007
4707.65000 16.156 0.009
4708.55291 16.149 0.011
4709.52902 16.141 0.011
4710.55861 15.817 0.007
4715.59799 15.958 0.010
4716.60038 16.190 0.010
4720.56756 16.229 0.011
4721.49995 15.945 0.010
4722.61239 15.974 0.009
4724.52144 16.045 0.010
4725.50024 16.165 0.011
4726.56117 15.893 0.010
4728.60631 16.056 0.010
4730.58045 16.133 0.009
4731.58508 15.697 0.008
4733.53672 15.763 0.007
4734.56605 16.267 0.011
4737.55699 16.088 0.010
4740.56751 15.771 0.008
4741.59885 16.284 0.011
4743.58081 16.324 0.011
4753.56101 16.157 0.012
4756.53985 15.821 0.008
4758.52269 15.946 0.009
4869.88835 16.359 0.013
4870.86428 16.073 0.009
4873.86552 15.760 0.007
4874.85998 16.277 0.011
4877.85978 16.043 0.008
4884.86733 16.040 0.008
4887.83944 15.644 0.006
4890.89540 16.314 0.009
4896.88362 15.917 0.007
4899.85454 16.295 0.010
4900.89595 16.153 0.008
4901.89431 15.774 0.007
4902.89304 16.209 0.009
4904.81718 16.220 0.009
4910.82316 15.814 0.007
4911.79366 16.192 0.008
4912.79065 15.890 0.007
4914.80769 16.014 0.008
4917.76872 15.945 0.007
4920.75300 16.194 0.008
4924.88737 15.890 0.008
4925.82903 16.186 0.008
4925.91660 16.243 0.009
4927.72879 16.191 0.010
4927.88325 16.283 0.011
4928.74525 15.918 0.008
4929.80152 16.307 0.009
4930.71600 15.986 0.008
4930.83494 16.141 0.009
4931.73086 16.310 0.012
4931.87651 15.819 0.007
4932.73388 16.105 0.008
4932.83456 16.187 0.008
4933.78223 15.828 0.008
4934.78068 16.214 0.009
4934.88543 16.254 0.011
4938.69122 16.215 0.010
4938.89600 15.820 0.008
4939.71016 16.073 0.009
4940.71015 16.137 0.008
4941.68888 16.135 0.009
4941.78688 16.212 0.010
4942.72668 15.809 0.007
4943.68073 16.199 0.008
4943.82022 16.278 0.009
4944.67754 15.876 0.007
4944.68619 15.887 0.007
4944.71071 15.921 0.007
4944.74033 15.960 0.008
4944.78276 16.029 0.008
4944.83299 16.083 0.008
4945.67990 16.245 0.009
4945.69906 16.226 0.009
4945.72602 16.277 0.009
4945.75084 16.303 0.009
4945.78245 16.295 0.009
4945.84800 15.814 0.006
4946.67563 15.983 0.008
4946.69224 16.014 0.008
4946.73092 16.063 0.008
4946.80531 16.160 0.008
4947.66936 16.310 0.009
4947.69080 16.331 0.009
4947.72878 16.116 0.008
4947.81497 15.760 0.006
4947.86756 15.886 0.007
4948.67055 16.101 0.008
4948.82882 16.227 0.008
4948.84991 16.226 0.008
4949.66701 15.880 0.007
4949.82916 15.948 0.007
4950.66115 16.202 0.009
4951.65803 15.788 0.007
4952.65629 16.256 0.009
4953.64992 15.941 0.008
4953.82450 16.187 0.009
4954.65150 16.268 0.010
4954.84432 15.779 0.007
4955.65218 16.050 0.008
