2166.83748 19.083 0.058
2172.88623 18.969 0.055
2189.84343 18.650 0.051
2212.79165 19.329 0.071
2217.77657 19.318 0.096
2223.79686 19.067 0.067
2226.77167 19.004 0.061
2228.81518 19.249 0.064
2230.72832 18.733 0.055
2232.74882 19.196 0.058
2234.74264 19.079 0.058
2238.69340 19.117 0.063
2240.82234 19.060 0.059
2242.82814 18.798 0.064
2249.76134 19.164 0.053
2251.79384 18.977 0.044
2253.75428 19.199 0.053
2256.72961 18.968 0.051
2258.67093 19.233 0.058
2261.65657 19.002 0.056
2265.75860 19.001 0.059
2271.70452 18.941 0.052
2273.67123 19.212 0.078
2275.77768 19.073 0.065
2277.77244 18.856 0.046
2279.77750 19.295 0.060
2281.79140 19.309 0.067
2283.79454 18.728 0.034
2289.72371 19.180 0.060
2291.73116 19.319 0.108
2293.70325 18.484 0.046
2295.73002 19.302 0.056
2297.72087 18.960 0.052
2299.74326 18.668 0.042
2302.59445 18.776 0.048
2317.64009 19.025 0.047
2323.54234 18.875 0.047
2326.55999 19.171 0.065
2338.52768 19.012 0.062
2344.52051 18.905 0.047
2354.52229 18.891 0.081
2368.50633 19.348 0.150
2401.50848 18.926 0.070
2520.91714 19.168 0.090
2521.89652 18.951 0.051
2537.84983 19.056 0.100
2539.82390 19.152 0.081
2542.81624 18.878 0.047
2545.79791 19.017 0.068
2551.86336 19.099 0.056
2555.88740 19.169 0.072
2559.79629 19.246 0.080
2563.84651 18.727 0.052
2573.77444 18.670 0.059
2577.83528 19.097 0.063
2580.86474 19.051 0.056
2589.77257 18.836 0.044
2594.78968 18.877 0.091
2599.83307 19.063 0.054
2609.64554 18.883 0.079
2617.80153 19.188 0.087
2620.76956 18.921 0.049
2623.71394 19.084 0.065
2627.61011 19.178 0.115
2629.63417 18.851 0.056
2631.68345 19.020 0.071
2634.67835 18.918 0.044
2637.70436 19.138 0.052
2639.81916 19.178 0.054
2641.64179 18.997 0.056
2643.65282 19.215 0.065
2645.64554 18.828 0.044
2646.67298 18.773 0.050
2650.73012 19.053 0.067
2652.72025 18.935 0.059
2654.82401 19.341 0.078
2657.74250 18.658 0.056
2659.70755 19.092 0.068
2661.80725 18.968 0.062
2665.77723 19.200 0.065
2667.81113 19.067 0.083
2671.72300 19.081 0.075
2673.68642 18.918 0.073
2675.71335 19.176 0.059
2677.74802 18.857 0.061
2679.73873 19.124 0.090
2681.75607 18.995 0.060
2686.56479 19.042 0.081
2690.64303 19.002 0.082
2695.57361 19.184 0.073
2700.52470 19.032 0.080
2712.55909 19.026 0.075
2735.48926 19.190 0.084
2884.85213 18.965 0.050
2890.81992 18.894 0.071
2895.85556 18.934 0.056
2900.81121 18.953 0.048
2906.84218 18.936 0.044
2910.87563 18.952 0.041
2915.87181 19.010 0.040
2921.87412 18.915 0.052
2925.81959 18.988 0.050
2929.86420 19.276 0.065
2933.80112 19.329 0.059
2939.80964 19.292 0.082
2942.78503 18.711 0.035
2946.80546 18.990 0.057
2948.85057 18.732 0.038
2952.78982 18.943 0.058
2955.84684 19.149 0.098
2957.77439 18.892 0.053
2961.75771 19.075 0.056
2963.81598 18.932 0.052
2966.75531 19.049 0.041
2970.76943 19.208 0.046
2974.68407 18.864 0.043
2975.80922 18.880 0.043
2979.84567 18.916 0.047
2983.75366 19.026 0.057
2986.73614 18.986 0.054
2988.70308 18.987 0.051
2990.72774 19.039 0.054
2992.72452 19.081 0.049
2994.81527 18.983 0.046
2996.69078 19.191 0.052
2998.68137 18.959 0.050
3000.69087 19.103 0.053
3002.67862 19.151 0.054
3004.67782 18.763 0.036
3006.62356 19.191 0.051
3010.69811 18.613 0.053
3012.79358 19.149 0.097
3016.71227 19.288 0.071
3018.70212 19.250 0.064
3020.77749 18.980 0.052
3022.80392 19.019 0.056
3024.75257 19.018 0.052
3026.72167 18.536 0.031
3028.75735 19.240 0.041
3030.76235 19.008 0.051
3033.68881 19.264 0.046
3035.69051 18.931 0.049
3038.67415 19.340 0.084
3041.57130 19.001 0.070
3043.60115 19.007 0.071
3045.64016 18.926 0.051
3047.59434 19.106 0.062
3049.60003 19.051 0.044
3050.57063 18.978 0.041
3052.56497 19.056 0.051
3054.56660 19.189 0.058
3056.56578 18.930 0.044
3058.55882 19.244 0.067
3060.57993 19.081 0.052
3067.64162 18.937 0.053
3069.60016 19.153 0.068
3073.51014 19.153 0.083
3075.60287 19.141 0.070
3078.52501 19.189 0.065
3081.67770 19.114 0.058
3084.58994 19.100 0.049
3087.55172 18.852 0.053
3089.65514 18.871 0.057
3092.59315 19.034 0.093
3098.59529 18.791 0.071
3101.55561 19.000 0.080
3104.52703 19.149 0.069
3107.50886 18.876 0.067
3110.53540 19.180 0.103
3113.51905 18.865 0.065
3125.51654 19.341 0.117
3135.48243 18.991 0.099
3229.89656 19.224 0.054
3239.91042 18.872 0.046
3247.88130 19.122 0.057
3256.85796 19.152 0.061
3268.85013 18.983 0.037
3273.80892 19.012 0.064
3276.89442 19.033 0.062
3281.80461 19.276 0.051
3289.81829 19.070 0.050
3294.81623 19.162 0.049
3296.82162 18.593 0.030
3298.85221 19.229 0.055
3301.67247 19.248 0.087
3303.84156 19.217 0.083
3306.81630 18.749 0.047
3308.83315 19.295 0.084
3310.86546 19.064 0.054
3314.83297 19.194 0.074
3329.80481 19.189 0.049
3334.70094 19.322 0.109
3338.75700 18.906 0.046
3352.64367 18.912 0.042
3355.66553 19.061 0.055
3359.72451 19.026 0.043
3363.70248 18.798 0.046
3369.76939 18.776 0.043
3372.67450 19.093 0.043
3377.70863 18.945 0.057
3386.79126 19.218 0.040
3391.58205 19.160 0.070
3395.63681 19.238 0.075
3398.69364 19.013 0.057
3403.66875 19.019 0.059
3406.60276 19.274 0.052
3410.62036 18.688 0.030
3415.59210 18.804 0.040
3421.58049 18.952 0.049
3428.57948 19.077 0.065
3436.57381 18.862 0.049
3443.51655 19.220 0.075
3452.53640 19.073 0.055
3574.92713 19.021 0.059
3588.91748 19.259 0.065
3590.91936 19.187 0.052
3614.90854 19.136 0.060
3629.80389 19.091 0.067
3634.76201 19.078 0.055
3640.75832 19.072 0.049
3650.81034 19.252 0.053
3653.83825 19.037 0.048
3657.78888 19.099 0.053
3661.80058 19.155 0.074
3666.79773 19.415 0.078
3671.79611 19.202 0.054
3675.81053 18.844 0.038
3683.83368 19.120 0.048
3687.69548 19.217 0.057
3689.79908 19.027 0.053
3692.71966 19.106 0.055
3694.85194 19.073 0.052
3696.67242 18.784 0.037
3699.68469 19.160 0.042
3701.73581 18.914 0.038
3704.75719 18.986 0.042
3706.75623 18.996 0.042
3711.64744 18.929 0.042
3713.66103 19.222 0.064
3716.69449 18.891 0.057
3719.67175 19.218 0.068
3725.75511 19.284 0.076
3727.70307 18.876 0.044
3730.63130 19.008 0.035
3733.62006 19.140 0.044
3734.72290 19.180 0.047
3736.74183 19.025 0.046
3738.66378 19.128 0.054
3740.69875 19.222 0.052
3743.66427 18.962 0.046
3746.73822 19.054 0.068
3748.69151 18.631 0.046
3750.58305 19.165 0.073
3752.70435 18.960 0.046
3754.69276 19.089 0.059
3758.71362 18.901 0.053
3762.67174 19.015 0.047
3769.73428 18.818 0.034
3772.70243 19.104 0.048
3778.67291 19.054 0.053
3781.73392 18.925 0.064
3786.55702 19.088 0.050
3791.55265 19.118 0.050
3798.55296 19.066 0.056
3805.53818 18.931 0.057
3819.51713 18.937 0.048
3938.93494 19.479 0.113
3961.91187 18.968 0.064
3968.89435 19.173 0.071
3974.87994 19.259 0.075
3981.78737 19.055 0.059
3987.91136 18.823 0.051
3995.81896 19.140 0.053
4002.81834 18.856 0.033
4004.83956 19.180 0.055
4007.77218 18.832 0.036
4011.75290 18.987 0.055
4018.79225 18.709 0.040
4023.78666 18.765 0.035
4026.70261 18.984 0.043
4028.83859 18.955 0.040
4031.72633 19.239 0.061
4037.83526 19.112 0.050
4040.80199 19.063 0.053
4042.81747 19.123 0.053
4048.78165 19.046 0.052
4051.77127 19.195 0.071
4053.82255 19.117 0.051
4056.64241 19.100 0.080
4059.65340 18.754 0.043
4064.67608 18.956 0.038
4067.67653 19.075 0.050
4069.66466 19.083 0.052
4072.70181 19.170 0.060
4076.77226 18.795 0.047
4079.64714 18.937 0.047
4082.66778 19.060 0.060
4084.74823 19.124 0.060
4087.66804 19.120 0.047
4093.81639 19.011 0.051
4109.65264 19.215 0.056
4113.67151 19.396 0.052
4118.57843 19.637 0.133
4120.66456 19.083 0.038
4124.69528 19.271 0.055
4127.64924 18.692 0.029
4132.62724 18.761 0.052
4142.56227 19.028 0.083
4150.53933 19.210 0.050
4154.51775 19.248 0.095
4165.54574 18.958 0.070
4183.50211 18.906 0.065
4341.84888 18.799 0.078
4345.90798 19.163 0.082
4350.88238 19.008 0.056
4355.88996 19.220 0.073
4361.85070 18.961 0.084
4364.85751 19.080 0.068
4367.76999 19.036 0.073
4370.80688 18.935 0.063
4376.84194 18.922 0.065
4379.84828 19.225 0.074
4383.85254 19.046 0.068
4388.79243 19.165 0.075
4392.84668 18.869 0.042
4398.79546 18.648 0.043
4403.73524 18.902 0.069
4410.86233 19.082 0.064
4417.75029 19.083 0.051
4421.72627 19.183 0.052
4421.78217 19.166 0.049
4425.74630 19.073 0.061
4429.71045 18.858 0.070
4431.85028 19.233 0.119
4436.71470 19.128 0.059
4439.72276 18.927 0.061
4442.70008 19.062 0.062
4448.75352 19.100 0.061
4450.76040 18.908 0.059
4453.73604 19.023 0.049
4456.74940 19.031 0.069
4458.69703 18.975 0.059
4461.64710 19.143 0.052
4465.66793 18.834 0.038
4468.69869 19.125 0.040
4473.63501 19.164 0.060
4477.72255 19.087 0.055
4479.74417 19.183 0.054
4483.70407 19.172 0.072
4486.70251 18.703 0.056
4490.70075 19.106 0.071
4493.77158 18.812 0.063
4498.63551 19.322 0.063
4501.62863 18.793 0.041
4505.59917 19.025 0.064
4508.57668 19.291 0.072
4510.65490 19.172 0.061
4516.53559 18.966 0.083
4520.62560 19.153 0.087
4523.60915 18.850 0.053
4530.55256 19.164 0.085
4532.54627 18.966 0.067
4535.60374 19.057 0.073
4538.62430 18.960 0.067
4540.59362 19.153 0.082
