2112.79124 14.897 0.004
2128.60401 14.701 0.004
2131.72672 14.812 0.004
2134.70234 14.804 0.004
2138.58160 14.570 0.004
2143.54849 14.694 0.004
2155.63830 14.790 0.004
2162.54304 14.574 0.004
2168.56921 14.613 0.004
2173.52732 14.762 0.004
2180.52587 14.597 0.004
2184.53064 14.980 0.004
2194.58560 14.859 0.004
2322.88853 14.652 0.004
2326.83773 14.902 0.004
2341.84686 14.651 0.004
2350.86091 14.529 0.004
2359.82625 14.508 0.004
2370.86566 14.784 0.004
2384.72080 14.838 0.004
2388.72188 14.711 0.004
2390.69278 14.838 0.004
2400.72070 14.739 0.004
2404.87014 14.715 0.004
2406.92819 14.936 0.004
2415.64704 14.726 0.004
2417.68012 14.916 0.004
2425.61149 14.569 0.004
2431.66157 14.614 0.004
2433.59956 14.733 0.004
2435.75615 14.545 0.004
2437.64049 14.602 0.004
2439.58115 14.739 0.004
2440.58901 14.560 0.004
2443.64248 14.626 0.004
2444.76299 14.544 0.004
2446.58676 14.578 0.004
2452.57098 14.567 0.004
2458.56666 14.595 0.004
2462.85011 14.692 0.004
2464.49095 14.517 0.004
2466.80206 14.621 0.004
2468.51311 14.950 0.004
2470.52338 14.588 0.004
2474.64224 14.512 0.004
2482.65592 14.755 0.004
2485.66626 14.779 0.004
2489.73638 14.676 0.004
2492.68167 14.647 0.004
2497.53795 14.699 0.004
2499.57433 14.890 0.004
2501.60158 14.605 0.004
2503.52679 14.709 0.004
2511.58195 14.929 0.004
2518.50378 14.732 0.004
2519.69189 14.722 0.004
2524.52540 14.765 0.004
2529.64811 14.537 0.004
2537.51266 14.622 0.004
2540.52849 14.636 0.004
2546.53870 14.668 0.004
2550.52031 14.628 0.004
2554.59579 14.937 0.004
2558.57180 14.743 0.004
2565.53198 14.522 0.004
2699.89168 14.913 0.004
2711.90755 14.969 0.004
2726.90053 14.656 0.004
2732.81651 14.983 0.004
2743.80829 14.628 0.004
2748.82793 14.830 0.004
2755.81597 14.675 0.004
2759.81348 14.613 0.004
2765.82153 14.574 0.004
2769.84838 14.899 0.004
2782.74307 14.686 0.004
2784.73595 14.828 0.004
2786.62679 14.935 0.004
2788.74468 14.715 0.004
2790.81632 14.953 0.004
2792.61864 14.939 0.004
2794.64606 14.638 0.004
2796.59773 14.771 0.004
2802.61987 14.813 0.004
2808.66401 14.846 0.004
2810.56254 14.977 0.004
2812.55130 14.602 0.004
2814.55494 14.798 0.004
2816.55340 14.968 0.004
2818.54100 14.605 0.004
2820.52578 14.785 0.004
2826.59358 14.845 0.004
2834.61046 14.520 0.005
2836.52351 14.655 0.004
2838.56489 14.847 0.004
2840.53544 14.587 0.004
2842.58955 14.738 0.004
2844.64507 14.962 0.004
2848.71223 14.834 0.004
2851.57006 14.744 0.004
2853.57419 14.918 0.004
2854.77888 14.935 0.004
2857.75626 14.915 0.004
2862.56146 14.932 0.004
2866.63736 14.830 0.004
2868.55156 14.932 0.004
2871.52418 14.931 0.004
2875.67060 14.883 0.004
2878.63566 14.849 0.004
2884.50727 14.784 0.004
2893.63588 14.926 0.004
2896.49879 14.820 0.004
2900.67017 14.810 0.004
2905.58325 14.928 0.004
2909.53909 14.712 0.004
2912.57948 14.765 0.004
2927.54418 14.785 0.004
3045.87317 14.724 0.004
3056.84508 14.900 0.004
3105.90064 14.926 0.004
