2127.58155 16.285 0.014
2130.60291 16.319 0.011
2133.61529 16.349 0.012
2137.56676 16.252 0.011
2142.54726 16.234 0.009
2171.66197 16.417 0.012
2190.51968 16.126 0.008
2215.53022 16.196 0.014
2338.83324 16.422 0.013
2353.86395 16.539 0.016
2363.84146 16.442 0.014
2377.78670 16.474 0.017
2384.86898 16.467 0.011
2388.88775 16.506 0.013
2390.90700 16.562 0.013
2393.82907 16.452 0.014
2400.82962 16.453 0.012
2404.70487 16.326 0.009
2406.80803 16.445 0.013
2416.82861 16.437 0.013
2424.92024 16.613 0.022
2431.76540 16.388 0.009
2433.75547 16.382 0.012
2434.92620 16.586 0.020
2436.91294 16.539 0.017
2439.87407 16.427 0.013
2441.82887 16.478 0.014
2444.88127 16.539 0.017
2445.73771 16.363 0.012
2448.78774 16.386 0.017
2454.58313 16.037 0.008
2460.65819 16.216 0.011
2463.64676 16.171 0.009
2466.46893 16.563 0.018
2468.81538 16.427 0.014
2469.65238 16.184 0.008
2471.61435 16.089 0.008
2473.62861 16.135 0.011
2481.76754 16.357 0.014
2484.72074 16.399 0.017
2491.55572 15.973 0.011
2496.58718 15.987 0.008
2498.62691 16.098 0.008
2500.65216 16.170 0.008
2502.67062 16.198 0.011
2510.56840 15.953 0.008
2516.67361 16.207 0.016
2519.60490 16.038 0.008
2524.63280 16.109 0.011
2529.55351 15.861 0.008
2538.60273 16.048 0.011
2543.50153 16.445 0.012
2548.55677 15.845 0.009
2552.59275 15.996 0.009
2557.55638 15.817 0.008
2564.55700 15.844 0.009
2583.50479 16.585 0.020
2709.87808 16.364 0.009
2719.91119 16.390 0.011
2730.82188 16.290 0.009
2734.92005 16.363 0.012
2747.79599 16.259 0.013
2754.80392 16.244 0.011
2757.88764 16.377 0.014
2763.84694 16.301 0.011
2767.91650 16.388 0.014
2776.70215 16.033 0.013
2783.91226 16.376 0.011
2785.69072 16.016 0.009
2787.79174 16.220 0.011
2790.58583 16.531 0.008
2793.72781 16.083 0.007
2795.69532 15.997 0.007
2795.72848 16.080 0.008
2795.76937 16.146 0.011
2795.82339 16.227 0.007
2795.91249 16.371 0.009
2796.55118 16.528 0.012
2796.67748 15.936 0.008
2796.80185 16.220 0.009
2797.56235 16.559 0.013
2797.69961 16.013 0.008
2797.84927 16.298 0.009
2802.56780 16.566 0.020
2802.75031 16.198 0.014
2808.79996 16.228 0.012
2809.82432 16.241 0.011
2811.74372 16.114 0.011
2812.86864 16.325 0.012
2814.82069 16.253 0.011
2816.72859 16.090 0.011
2818.70557 15.989 0.009
2820.82929 16.255 0.011
2829.83343 16.282 0.014
2835.73554 16.071 0.009
2837.74938 16.142 0.013
2838.79075 16.193 0.012
2840.76232 16.098 0.011
2843.75554 16.110 0.008
2845.74108 16.074 0.009
2850.68739 15.905 0.008
2852.68503 15.894 0.007
2854.65191 15.889 0.009
2857.55250 16.460 0.012
2862.67883 15.928 0.013
2865.56810 16.478 0.013
2868.65198 15.976 0.008
2872.51444 16.425 0.012
2877.67785 15.844 0.009
2883.66352 15.882 0.008
2893.53964 16.462 0.012
2896.65421 16.103 0.009
2902.60327 16.578 0.017
2907.57731 16.493 0.016
2911.58486 16.516 0.013
2927.55408 16.443 0.013
3053.82888 16.104 0.009
3066.80936 16.052 0.011
3068.86989 16.170 0.009
3072.78899 15.964 0.008
3076.81795 16.040 0.009
3077.84169 16.119 0.014
3081.82385 16.041 0.008
3084.80168 15.979 0.008
3086.86308 16.120 0.008
3088.85248 16.090 0.008
3090.76567 15.863 0.007
3097.86786 16.127 0.009
3099.84419 16.086 0.011
3101.86309 16.134 0.012
3103.82858 16.008 0.008
3104.81466 15.992 0.012
3107.81805 16.006 0.008
3108.86775 16.118 0.009
3112.91749 16.191 0.011
3114.90403 16.189 0.011
3115.91585 16.172 0.008
3116.82720 16.013 0.008
3124.84514 16.070 0.011
3126.72753 16.452 0.011
3127.92881 16.192 0.009
3128.91802 16.240 0.011
3130.79579 15.935 0.009
3131.73936 16.239 0.012
3135.75163 16.030 0.008
3138.75327 16.045 0.008
3140.72860 16.472 0.011
3141.79058 15.869 0.008
3142.86455 16.078 0.009
3144.88255 16.096 0.009
3147.70530 16.585 0.013
3151.85874 16.087 0.011
3152.85591 16.080 0.009
3153.86067 16.081 0.012
3156.91199 16.180 0.009
3162.62569 16.431 0.012
3163.86286 16.089 0.009
3164.84402 16.011 0.008
3165.62611 16.458 0.011
3167.70747 16.574 0.014
3168.78041 15.852 0.007
3169.88604 16.128 0.011
3170.91541 16.164 0.011
3171.75729 16.181 0.007
3173.79469 15.836 0.007
3174.80781 15.880 0.008
3175.92063 16.137 0.009
3177.86448 16.106 0.013
3178.58251 16.474 0.014
3179.82156 15.914 0.008
3180.82880 15.947 0.007
3182.88596 16.097 0.009
3183.85680 16.094 0.012
3184.81553 15.899 0.008
3185.59638 16.364 0.011
3193.65391 16.414 0.011
3194.50008 16.348 0.013
3194.84083 15.977 0.008
3195.77413 16.056 0.007
3195.84927 16.003 0.009
3196.57795 16.435 0.013
3201.58509 16.324 0.008
3202.80977 15.874 0.008
3203.81906 15.907 0.008
3204.82696 15.919 0.009
3206.69771 16.486 0.011
3210.75108 16.543 0.011
3211.78337 16.000 0.012
3217.75683 16.528 0.016
3218.76442 16.418 0.017
3224.51968 16.297 0.009
3229.70407 16.483 0.012
3231.69638 16.486 0.013
3239.50125 16.238 0.008
3245.67931 16.394 0.012
3247.54142 16.336 0.011
3249.66134 16.414 0.012
3254.64029 16.471 0.014
3257.58037 16.343 0.009
3261.51305 16.287 0.012
3265.57467 16.301 0.011
3267.63226 16.364 0.011
3273.53628 16.335 0.014
3277.49671 16.202 0.011
3280.49563 16.244 0.011
3283.50406 16.263 0.011
3289.55760 16.320 0.011
3294.55243 16.354 0.009
3296.50078 16.272 0.013
3419.87079 15.885 0.007
3424.87438 15.864 0.007
3427.89360 15.857 0.007
3430.85961 16.123 0.008
3436.90432 15.873 0.007
3443.87644 15.946 0.006
3445.90397 15.852 0.006
3448.81061 16.522 0.012
3450.82813 16.554 0.009
3453.87144 16.104 0.008
3457.91645 15.884 0.007
3458.90647 15.845 0.007
3468.90566 15.823 0.007
3469.93185 15.918 0.009
3472.89844 15.841 0.007
3474.82644 16.575 0.012
3476.92321 15.880 0.007
3479.84998 16.537 0.008
3481.83029 16.528 0.009
3484.88066 16.116 0.008
3502.94001 15.897 0.008
3508.94005 15.878 0.009
3520.69997 16.431 0.013
3521.94498 15.924 0.008
3522.84674 16.527 0.012
3523.87354 16.520 0.012
3526.91822 15.851 0.007
3528.86933 16.550 0.012
3538.89578 16.236 0.011
3544.86486 16.504 0.013
3547.88255 16.559 0.014
3550.86552 16.562 0.011
3551.87144 16.539 0.014
3553.83447 16.473 0.013
3556.76845 16.418 0.012
3558.76404 16.409 0.011
3560.68282 16.382 0.011
3561.81825 16.475 0.011
3562.69823 16.380 0.009
3563.76628 16.406 0.011
3574.79778 16.426 0.013
3575.73166 16.365 0.009
3579.72107 16.352 0.009
3581.78675 16.385 0.012
3582.71982 16.370 0.009
3583.73768 16.411 0.012
3584.74169 16.346 0.011
3585.75015 16.388 0.011
3618.69146 16.371 0.012
3631.60075 16.155 0.009
3635.59511 16.162 0.007
3652.58359 16.152 0.012
3778.87310 16.445 0.012
4153.84880 16.233 0.011
4155.88357 16.301 0.011
4158.84531 16.238 0.011
4161.81314 16.174 0.013
4162.89604 16.322 0.012
4165.88038 16.317 0.012
4167.88402 16.332 0.012
4169.88767 16.305 0.011
4174.88968 16.279 0.011
4176.86701 16.290 0.011
4178.79331 16.134 0.009
4179.81818 16.139 0.009
4180.88674 16.366 0.016
4182.79925 16.136 0.008
4183.83207 16.186 0.011
4185.80788 16.147 0.011
4190.91074 16.330 0.012
4192.91008 16.296 0.009
4193.92169 16.350 0.012
4196.90101 16.304 0.011
4202.91230 16.350 0.012
4203.90050 16.294 0.009
4204.90734 16.307 0.009
4205.89683 16.266 0.009
4207.92389 16.334 0.011
4208.92948 16.344 0.012
4213.90104 16.298 0.012
4216.85967 16.218 0.009
4217.88261 16.270 0.009
4218.92628 16.328 0.011
4220.91601 16.361 0.016
4222.87600 16.237 0.011
4228.87412 16.242 0.012
4229.84010 16.167 0.011
4230.82118 16.130 0.009
4231.86305 16.218 0.011
4232.88397 16.258 0.013
4234.82207 16.130 0.009
4235.84255 16.152 0.009
4237.65935 16.354 0.013
4238.84701 16.157 0.009
4240.64506 16.523 0.016
4243.89336 16.256 0.012
4244.90409 16.271 0.011
4246.94747 16.345 0.016
4247.60705 16.537 0.013
4250.93375 16.316 0.012
4256.83216 16.142 0.013
4257.76644 16.038 0.011
4258.81784 16.141 0.012
4268.59889 16.486 0.014
4269.73930 15.942 0.008
4272.66052 16.488 0.012
4273.70852 15.801 0.008
4274.69179 15.991 0.009
4275.74861 15.910 0.009
4277.58944 16.426 0.013
4278.72278 15.825 0.009
4283.66976 16.464 0.011
4284.65105 16.578 0.016
4285.65799 16.545 0.014
4286.75171 15.902 0.008
4289.70153 15.939 0.009
4291.59589 16.468 0.016
4292.63638 16.516 0.012
4293.66481 16.545 0.012
4295.48932 16.389 0.013
4295.66605 16.507 0.012
4296.64999 16.534 0.011
4297.57606 16.392 0.011
4298.80823 16.113 0.013
4299.77779 15.961 0.008
4300.71390 15.845 0.008
4301.57704 16.404 0.011
4302.81099 16.085 0.012
4306.56808 16.429 0.014
4311.72016 15.839 0.011
4312.67786 16.490 0.013
4317.67092 16.493 0.012
4319.67395 16.536 0.016
4326.68304 16.501 0.013
4327.71937 15.915 0.011
4328.65416 16.581 0.014
4329.64426 16.598 0.016
4330.65881 16.564 0.012
4331.65424 16.535 0.014
4332.71618 15.926 0.009
4333.65796 16.528 0.014
4334.67150 16.584 0.023
4338.69111 16.448 0.016
4339.66101 16.509 0.013
4340.72423 15.864 0.009
4341.70564 16.189 0.014
4342.70214 16.315 0.014
4343.67196 16.576 0.016
4345.67182 16.567 0.020
4346.67696 16.572 0.017
4347.69110 16.502 0.014
4349.66618 16.537 0.013
4351.66156 16.560 0.016
4354.67033 16.574 0.020
4359.58188 16.407 0.012
4365.62997 16.498 0.020
4370.58082 16.401 0.011
4372.61478 16.428 0.013
4377.57545 16.419 0.017
4383.58010 16.406 0.014
4519.86839 16.006 0.008
4520.89856 16.089 0.011
4523.88152 16.037 0.011
4525.87619 16.004 0.009
4532.90167 16.067 0.009
4535.86660 15.978 0.009
4537.81649 15.814 0.008
4539.82131 15.825 0.007
4541.85324 15.947 0.007
4543.84294 15.903 0.008
4544.83977 15.879 0.008
4545.85734 15.926 0.008
4547.83121 15.843 0.008
4550.83007 15.837 0.008
4552.82021 15.846 0.008
4556.91199 16.067 0.008
4558.90705 16.046 0.008
4559.90208 16.065 0.009
4560.90224 16.054 0.007
4561.89135 16.023 0.007
4564.89574 16.039 0.007
4565.88501 15.989 0.007
4566.88629 16.008 0.007
4567.89225 16.023 0.007
4569.91010 16.073 0.009
4570.91571 16.063 0.009
4571.87732 15.980 0.007
4572.91592 16.099 0.011
4573.89168 16.021 0.008
4574.89948 16.049 0.009
4575.91068 16.051 0.008
4583.88094 15.967 0.009
4585.86468 15.917 0.008
4586.88343 15.942 0.008
4587.89529 16.029 0.009
4588.78553 16.463 0.011
4589.75497 16.571 0.014
4590.86766 15.929 0.008
4591.74742 16.516 0.012
4592.82085 15.875 0.008
4593.80653 16.087 0.008
4594.83704 15.805 0.007
4595.82606 15.842 0.008
4596.78115 16.502 0.011
4597.84305 15.835 0.008
4598.81256 16.050 0.007
4599.79177 16.436 0.009
4600.81501 16.026 0.007
4601.80322 16.214 0.008
4602.80670 16.148 0.007
4606.87303 15.906 0.007
4611.78532 16.509 0.012
4616.77991 16.554 0.012
4618.68039 16.377 0.011
4622.75986 16.550 0.013
4623.83222 15.889 0.009
4624.77101 16.551 0.013
4625.75456 16.548 0.014
4626.81598 16.160 0.009
4627.79360 16.509 0.011
4628.72225 16.421 0.011
4629.79158 16.512 0.012
4630.73136 16.419 0.011
4631.74662 16.476 0.011
4632.78041 16.539 0.012
4633.91591 16.013 0.011
4642.55644 16.306 0.012
4643.71351 16.414 0.012
4644.80303 16.496 0.012
4645.71561 16.434 0.012
4646.68301 16.393 0.009
4647.70457 16.396 0.012
4649.68913 16.427 0.011
4650.72715 16.442 0.012
4651.72773 16.432 0.014
4652.66028 16.363 0.011
4653.68775 16.392 0.012
4654.69259 16.392 0.012
4655.69320 16.398 0.009
4656.66011 16.370 0.011
4661.64996 16.369 0.009
4666.52052 16.189 0.011
4670.75213 16.454 0.014
4671.70560 16.412 0.011
4672.66540 16.375 0.011
4674.69339 16.414 0.012
4677.73748 16.456 0.013
4681.72138 16.422 0.013
4682.71907 16.411 0.011
4683.67506 16.382 0.013
4684.69385 16.388 0.011
4685.71967 16.376 0.012
4685.77178 16.473 0.013
4687.70789 16.414 0.012
4688.65381 16.363 0.011
4694.74174 16.434 0.017
4697.68718 16.461 0.016
4698.68082 16.423 0.014
4700.67602 16.377 0.012
4701.65934 16.382 0.012
4702.67380 16.389 0.013
4708.69545 16.372 0.012
4715.65652 16.391 0.014
4720.66698 16.306 0.018
4722.66022 16.375 0.013
4725.63311 16.371 0.013
4733.62240 16.303 0.013
4739.51513 16.182 0.012
4750.56444 16.232 0.013
4758.55880 16.194 0.011
4763.54764 16.182 0.012
4877.88766 16.568 0.013
4883.90152 16.478 0.017
4886.86824 16.563 0.013
4890.84074 16.460 0.012
4894.89172 16.617 0.017
4899.80935 16.397 0.012
4900.87049 16.538 0.012
4902.84765 16.487 0.011
4903.91037 16.393 0.012
4904.87587 16.544 0.011
4911.91108 16.454 0.009
4914.91576 16.386 0.009
4924.91887 16.422 0.011
4926.77976 16.354 0.009
4928.82516 16.400 0.011
4930.76061 16.400 0.012
4932.81061 16.395 0.011
4933.75820 16.372 0.012
4934.85646 16.478 0.012
4938.86499 16.480 0.012
4940.83301 16.461 0.013
4941.86171 16.469 0.011
4943.74413 16.360 0.009
4944.80900 16.417 0.009
4949.82349 16.404 0.009
4951.86150 16.451 0.012
4953.75297 16.406 0.012
