2123.93450 19.047 0.072
2130.92356 18.555 0.053
2131.92535 18.455 0.056
2132.92352 18.369 0.044
2134.92508 19.126 0.084
2140.92475 19.030 0.073
2142.91199 18.837 0.071
2144.92237 18.799 0.055
2156.89607 19.124 0.108
2161.86302 18.513 0.056
2173.87628 18.869 0.047
2190.80798 18.671 0.045
2192.84593 18.554 0.039
2201.83238 18.983 0.049
2214.81394 19.059 0.076
2221.75684 18.749 0.062
2224.76955 18.715 0.045
2227.67217 19.001 0.058
2229.68563 18.979 0.069
2230.82979 18.983 0.057
2237.76461 18.610 0.039
2241.68986 19.079 0.073
2243.74372 18.920 0.060
2247.82559 19.091 0.065
2248.82818 19.088 0.051
2250.81497 19.039 0.057
2252.67528 18.416 0.038
2254.66634 19.130 0.057
2257.67301 19.091 0.056
2260.67972 18.964 0.058
2264.68510 18.665 0.043
2266.67121 18.612 0.044
2270.67890 19.167 0.062
2271.81926 18.611 0.031
2272.82721 18.477 0.045
2274.66473 19.087 0.075
2276.77484 19.136 0.067
2277.82814 19.021 0.048
2279.84574 19.034 0.054
2280.81929 19.018 0.077
2282.70891 18.639 0.040
2283.87005 19.053 0.080
2288.77751 18.566 0.056
2290.81480 19.071 0.068
2292.78782 19.210 0.091
2294.76415 19.043 0.095
2296.77979 19.151 0.105
2298.73650 18.793 0.058
2300.74697 18.701 0.062
2302.72365 18.513 0.054
2323.59973 18.889 0.046
2327.58515 18.623 0.053
2333.59517 19.114 0.102
2339.57156 18.890 0.055
2345.53263 19.082 0.078
2351.51076 18.949 0.063
2369.50827 18.774 0.058
2385.49396 18.855 0.079
2529.83955 18.417 0.041
2539.84198 18.989 0.074
2545.81155 18.859 0.068
2552.86519 18.999 0.069
2556.85656 18.782 0.045
2560.76498 19.152 0.066
2564.87325 19.137 0.070
2573.86996 18.888 0.061
2578.79432 19.093 0.071
2583.84872 19.012 0.075
2590.75492 18.398 0.037
2596.76753 19.172 0.086
2605.79479 18.612 0.040
2609.76695 19.209 0.091
2614.72524 18.976 0.073
2618.78021 18.763 0.052
2621.70532 18.495 0.034
2624.61127 19.050 0.079
2627.70978 19.174 0.097
2629.73273 18.976 0.061
2632.65867 18.760 0.045
2635.70591 18.525 0.034
2638.67689 19.105 0.065
2640.77378 19.027 0.068
2642.73000 18.943 0.078
2644.73270 18.979 0.062
2646.68693 18.948 0.068
2650.74250 18.826 0.057
2652.79989 18.707 0.045
2654.76530 18.428 0.045
2656.67072 18.959 0.072
2658.63247 19.026 0.068
2660.65080 18.893 0.059
2662.66174 18.732 0.053
2664.64180 18.693 0.051
2666.70519 18.620 0.039
2668.69131 18.364 0.037
2670.65343 18.965 0.084
2672.79219 18.729 0.049
2674.69294 19.077 0.067
2676.68205 18.990 0.062
2678.73530 18.979 0.068
2680.64606 18.729 0.052
2682.69211 18.599 0.055
2687.57192 19.113 0.080
2693.53115 18.594 0.038
2696.56788 18.359 0.043
2701.54953 19.059 0.086
2707.55130 18.804 0.056
2714.54340 19.064 0.089
2839.92000 19.018 0.061
2867.89101 18.989 0.068
2885.86870 19.115 0.056
2892.89721 18.877 0.066
2897.86612 18.392 0.038
2907.78634 18.791 0.047
2911.82373 18.436 0.028
2916.87415 19.031 0.048
2922.85785 19.018 0.088
2926.78955 18.414 0.034
2930.85923 19.021 0.054
2934.76126 18.979 0.047
2940.74111 18.494 0.033
2943.74630 19.103 0.065
2947.75495 19.087 0.060
2949.84495 19.098 0.052
2953.71209 18.727 0.053
2956.73743 18.492 0.034
2958.76379 18.468 0.043
2962.77629 19.063 0.049
2965.79932 19.002 0.051
2968.66661 18.736 0.051
2973.79011 18.569 0.034
2976.80254 18.893 0.050
2978.71019 19.078 0.068
2980.72261 18.984 0.050
2982.71533 18.844 0.050
2984.76246 18.798 0.046
2986.84513 18.875 0.062
2988.81550 18.671 0.041
2989.77081 18.503 0.033
2991.66595 19.021 0.052
2993.68638 19.083 0.064
2995.75421 19.166 0.057
2997.73190 18.861 0.052
3001.79094 18.847 0.047
3003.76159 18.633 0.041
3005.72343 18.548 0.038
3007.64485 19.080 0.056
3009.64270 19.049 0.056
3011.74228 19.152 0.085
3017.74779 18.694 0.041
3019.67582 18.403 0.034
3021.79439 18.526 0.034
3023.65617 19.001 0.042
3025.62407 18.981 0.046
3027.67345 18.962 0.046
3029.65848 18.779 0.042
3031.72840 18.858 0.050
3033.79204 18.808 0.036
3035.79887 18.783 0.042
3038.77649 18.414 0.038
3041.61700 18.944 0.075
3043.65104 18.959 0.076
3045.71396 18.878 0.058
3047.66771 18.772 0.052
3048.59649 18.412 0.028
3050.61600 18.794 0.038
3052.61720 19.145 0.062
3054.61742 19.145 0.068
3056.60987 19.045 0.054
3058.60386 18.832 0.050
3060.65346 18.910 0.051
3068.53938 19.177 0.086
3070.60029 19.047 0.094
3073.63148 19.128 0.087
3076.54509 18.692 0.068
3078.64050 18.698 0.042
3082.61831 18.874 0.041
3085.51940 19.109 0.075
3087.65759 19.086 0.086
3090.62374 19.003 0.063
3096.53962 18.906 0.076
3099.60940 19.310 0.124
3102.58801 19.030 0.073
3104.57473 18.870 0.059
3107.55843 18.736 0.065
3110.55650 18.507 0.048
3113.53441 19.095 0.083
3128.50692 19.004 0.069
3140.51391 18.560 0.042
3216.87814 18.507 0.055
3248.86326 18.415 0.043
3257.89160 19.101 0.051
3264.81294 19.020 0.042
3270.87973 19.013 0.049
3274.76538 18.724 0.059
3277.88741 18.721 0.045
3287.76907 18.964 0.045
3295.72749 19.059 0.042
3297.71946 19.066 0.039
3299.78378 19.182 0.042
3301.78100 18.870 0.068
3304.84134 19.014 0.060
3309.74710 18.496 0.034
3311.74507 18.995 0.052
3320.78803 18.834 0.041
3323.73416 18.567 0.038
3327.76000 19.059 0.055
3330.71865 19.195 0.082
3334.81758 19.030 0.069
3338.86601 18.844 0.063
3339.76535 18.659 0.043
3354.78126 18.747 0.047
3358.82996 18.531 0.033
3365.76005 18.991 0.057
3372.77645 18.508 0.036
3378.68907 19.063 0.060
3391.75682 19.102 0.070
3399.72563 18.727 0.052
3403.71297 18.393 0.035
3406.68250 19.044 0.045
3410.63545 19.013 0.047
3415.63265 18.596 0.035
3427.59637 18.707 0.051
3433.61897 18.630 0.049
3438.54817 19.009 0.051
3446.50533 18.893 0.060
3455.52866 18.936 0.093
3461.52273 18.358 0.038
3473.48206 18.788 0.060
3575.94071 19.039 0.080
3592.93256 19.009 0.045
3619.83448 19.021 0.054
3629.90796 18.827 0.059
3633.87299 18.844 0.052
3639.78547 18.837 0.040
3644.82209 18.680 0.034
3651.76525 19.060 0.052
3654.81277 18.904 0.045
3658.77679 18.657 0.046
3661.84749 18.621 0.051
3668.82022 19.062 0.062
3672.80849 18.977 0.054
3676.76528 18.510 0.035
3684.82727 19.106 0.049
3687.80168 18.853 0.042
3690.72154 18.544 0.041
3693.75556 18.616 0.042
3695.78832 19.011 0.048
3698.77007 19.011 0.065
3700.79865 18.967 0.046
3703.72953 18.881 0.041
3705.79670 18.735 0.036
3708.78463 18.528 0.042
3712.74225 19.133 0.052
3714.81248 19.104 0.046
3717.67492 18.802 0.045
3719.84744 18.991 0.066
3721.80841 18.825 0.045
3726.70425 19.209 0.082
3730.73649 19.055 0.045
3732.72858 18.930 0.036
3734.85942 19.187 0.065
3737.76036 18.658 0.029
3739.83034 18.725 0.037
3741.84328 18.617 0.049
3743.74041 19.061 0.056
3746.78292 19.012 0.074
3748.73612 19.002 0.064
3749.74170 18.963 0.072
3751.75306 18.813 0.053
3753.70456 18.491 0.032
3755.70556 18.445 0.034
3757.69542 18.964 0.052
3759.76021 19.069 0.045
3762.78172 19.019 0.065
3765.76881 18.905 0.037
3770.64132 19.071 0.044
3773.70740 19.189 0.071
3776.67772 18.954 0.063
3779.63230 18.944 0.087
3782.74590 19.003 0.061
3787.60911 19.135 0.058
3792.55983 18.822 0.047
3800.54182 19.150 0.064
3809.54906 18.703 0.059
3823.50916 18.906 0.054
3946.93135 18.980 0.074
3964.88773 18.805 0.036
3969.91854 18.463 0.033
3981.88634 18.726 0.055
3989.91496 18.950 0.080
3998.87866 18.635 0.036
3999.84114 18.564 0.032
4001.89016 18.993 0.039
4004.85413 19.000 0.043
4005.86808 19.183 0.054
4008.73435 18.747 0.034
4011.90124 18.758 0.064
4018.86402 19.066 0.049
4024.73147 18.713 0.034
4026.80453 18.720 0.032
4029.75376 19.095 0.059
4032.76906 18.993 0.068
4038.73513 18.866 0.045
4041.69639 18.375 0.032
4043.70124 18.880 0.057
4049.66390 18.921 0.048
4052.72531 19.042 0.050
4054.71211 18.812 0.057
4056.77013 18.827 0.044
4058.80246 18.671 0.034
4063.70106 18.980 0.042
4066.75837 19.007 0.048
4068.66326 18.718 0.035
4070.68835 18.787 0.045
4074.75598 18.498 0.046
4077.80450 18.388 0.034
4079.84939 18.594 0.040
4083.69496 19.084 0.077
4085.76069 18.991 0.062
4093.74522 19.207 0.052
4105.81779 18.756 0.051
4109.78766 18.447 0.029
4113.74349 19.058 0.043
4120.77372 18.743 0.039
4122.73018 18.468 0.030
4125.78445 18.692 0.046
4132.67221 19.007 0.071
4142.72319 18.889 0.078
4156.55829 19.130 0.064
4168.51294 19.063 0.068
4197.49220 19.119 0.085
4341.92462 19.052 0.094
4347.87554 18.702 0.048
4353.80951 18.997 0.054
4358.90781 19.025 0.070
4364.87223 18.677 0.051
4367.89668 18.450 0.041
4371.76197 19.039 0.061
4377.81834 18.779 0.054
4380.83327 18.490 0.036
4386.80899 19.084 0.079
4390.77090 18.834 0.051
4394.72705 18.396 0.034
4399.74500 19.034 0.108
4412.72350 19.102 0.066
4418.81690 19.002 0.050
4421.86271 18.963 0.078
4426.76061 18.571 0.062
4430.68799 19.142 0.103
4432.74718 19.065 0.055
4436.78711 18.947 0.067
4439.85219 18.846 0.076
4443.74022 18.595 0.055
4449.70309 18.942 0.047
4451.71284 18.857 0.058
4455.71192 18.730 0.054
4457.74238 18.501 0.046
4460.81402 18.494 0.055
4463.73231 19.058 0.053
4466.72131 18.934 0.045
4470.66877 18.565 0.042
4473.71150 18.398 0.037
4477.76998 19.224 0.085
4482.77380 19.023 0.084
4486.75162 18.735 0.062
4491.72515 19.005 0.091
4494.67051 19.032 0.081
4498.70324 19.068 0.061
4501.70049 18.662 0.049
4506.63461 19.213 0.084
4508.65764 19.187 0.070
4510.72722 19.127 0.072
4517.66144 18.647 0.056
4521.64198 19.151 0.073
4524.60471 19.042 0.064
4530.63068 18.736 0.051
4532.65643 18.676 0.049
4536.62867 18.921 0.055
4539.51064 19.076 0.069
4541.61978 19.095 0.084
