 856.86976 16.239 0.014
 885.81243 15.786 0.007
 895.78221 16.261 0.008
 896.87373 16.075 0.007
 898.86769 15.585 0.006
 900.77821 15.790 0.006
 911.85388 16.091 0.007
 918.72142 15.772 0.012
 924.86419 15.945 0.007
 925.73604 16.258 0.007
 926.78255 16.068 0.008
 928.72201 16.256 0.008
 931.70480 16.276 0.009
 933.72328 15.805 0.007
 934.90770 15.783 0.007
 936.69806 15.770 0.006
 941.65012 15.994 0.007
 945.66895 15.747 0.007
 949.73292 15.779 0.007
 952.65305 16.258 0.007
 953.67141 16.043 0.007
 963.63955 15.781 0.007
 965.81786 16.237 0.010
 966.90860 16.091 0.007
 971.84875 16.191 0.008
 985.74665 15.681 0.006
 986.81480 16.215 0.009
 989.73689 16.178 0.008
 990.87414 16.092 0.009
 991.68580 15.606 0.006
 996.68554 15.935 0.007
 998.73737 16.227 0.008
1005.78721 16.087 0.009
1007.69249 16.173 0.008
1020.66943 15.961 0.007
1026.59129 15.897 0.007
1035.48639 15.777 0.007
1048.50998 15.868 0.007
1053.49069 15.834 0.007
1062.48391 15.857 0.007
1068.52216 15.930 0.009
1072.65894 15.852 0.008
1075.56357 15.706 0.007
1079.59874 16.264 0.012
1082.60010 16.251 0.011
1088.56222 16.238 0.010
1092.52743 15.995 0.008
1095.52541 15.993 0.008
1102.55216 15.792 0.008
1110.53740 16.028 0.010
1112.50968 16.259 0.012
1117.54300 15.819 0.007
1215.86020 15.975 0.008
1223.85517 16.209 0.010
1233.82696 15.988 0.010
1237.84209 15.746 0.007
1245.79500 15.960 0.009
1252.77363 15.683 0.007
1254.90555 16.097 0.008
1257.89451 16.075 0.008
1259.76625 16.197 0.008
1261.89622 15.909 0.007
1263.76213 15.979 0.008
1264.77792 15.729 0.008
1265.88521 15.594 0.007
1267.74519 15.687 0.007
1268.89630 15.598 0.007
1272.74185 15.975 0.009
1278.72535 15.972 0.008
1280.71971 16.199 0.009
1281.71289 15.964 0.007
1288.74048 15.752 0.007
1290.80770 16.082 0.008
1294.90710 15.998 0.011
1297.80624 15.886 0.007
1299.75576 16.059 0.008
1299.82649 16.095 0.009
1301.73827 16.233 0.014
1306.65562 15.670 0.007
1308.73061 16.052 0.007
1313.74328 15.943 0.007
1315.88651 16.024 0.008
1316.82193 15.657 0.007
1317.87349 16.249 0.009
1318.75523 15.886 0.007
1320.76305 16.081 0.008
1321.88379 16.020 0.009
1331.79265 15.654 0.007
1333.62942 15.730 0.007
1340.71777 15.640 0.007
1342.78129 15.965 0.007
1347.57721 15.964 0.007
1348.58082 15.685 0.007
1349.57616 16.176 0.009
1350.57133 15.976 0.008
1353.58638 15.979 0.009
1354.54286 15.648 0.007
1359.57672 15.990 0.009
1361.59779 16.268 0.011
1365.55169 15.972 0.008
1366.53511 15.692 0.007
1367.55050 16.211 0.009
1368.53911 15.970 0.007
1369.55449 15.728 0.007
1370.51467 16.154 0.009
1373.52733 16.186 0.010
1374.60854 16.070 0.008
1375.52213 15.699 0.007
1395.70565 16.228 0.012
1398.65340 16.146 0.008
1400.63406 15.625 0.007
1401.70536 16.257 0.009
1403.54989 16.001 0.008
1407.67235 16.222 0.009
1410.70322 16.239 0.015
1412.49731 16.242 0.015
1412.51943 16.147 0.013
1412.53922 15.845 0.011
1412.55822 15.698 0.009
1412.57762 15.566 0.008
1412.59743 15.581 0.008
1412.61647 15.624 0.009
1412.63553 15.669 0.009
1412.65957 15.693 0.010
1412.68353 15.755 0.011
1417.72271 16.079 0.012
1432.51533 15.871 0.009
1435.63595 16.020 0.010
1437.48786 16.083 0.009
1441.61856 16.001 0.010
1443.59428 16.222 0.010
1446.58983 16.218 0.013
1449.49358 16.088 0.009
1454.49177 15.584 0.008
1458.49821 16.097 0.011
1461.53130 16.154 0.009
1476.52296 16.212 0.012
1484.50835 15.719 0.008
1578.84784 16.085 0.009
1580.84720 15.620 0.007
1582.85218 15.936 0.008
1584.85185 16.141 0.009
1586.83195 15.609 0.007
1588.86089 15.958 0.009
1590.84454 16.150 0.011
1592.85542 15.670 0.007
1602.83083 16.169 0.008
1608.81252 16.148 0.008
1614.83049 16.230 0.010
1619.77486 15.612 0.007
1622.75208 15.603 0.007
1624.77627 15.949 0.008
1627.75559 15.952 0.009
1629.84469 16.234 0.014
1631.78080 15.700 0.008
1634.76801 15.678 0.007
1644.71067 16.112 0.008
1646.70467 15.598 0.007
1652.70188 15.631 0.007
1654.68599 15.927 0.008
1656.70864 16.157 0.010
1660.82781 16.083 0.008
1662.76791 16.271 0.008
1664.65632 15.580 0.007
1666.71215 15.967 0.007
1667.69780 15.684 0.007
1669.69769 15.971 0.008
1671.64899 16.091 0.009
1672.64872 15.921 0.007
1675.66422 15.949 0.007
1677.78881 15.795 0.007
1681.71730 16.013 0.009
1682.80589 15.883 0.008
1683.79070 15.660 0.008
1689.66224 16.213 0.009
1693.69078 16.005 0.007
1695.77559 15.601 0.006
1698.89354 15.779 0.009
1699.61706 15.951 0.007
1701.69355 16.245 0.008
1703.67881 15.770 0.007
1705.64374 15.995 0.008
1709.80188 15.956 0.008
1716.84547 15.758 0.009
1718.80387 15.967 0.009
1726.88571 15.799 0.009
1728.71761 15.579 0.006
1730.81809 16.026 0.007
1731.74410 15.651 0.007
1732.76815 16.196 0.008
1733.55272 15.666 0.007
1738.54178 15.951 0.010
1740.66604 15.677 0.008
1742.55320 15.705 0.007
1744.58494 15.999 0.008
1749.62285 15.893 0.007
1750.72242 16.173 0.009
1751.63650 15.870 0.007
1752.76908 15.761 0.007
1754.74772 15.995 0.009
1756.75505 16.273 0.014
1757.46896 15.598 0.008
1758.47291 16.118 0.010
1759.63944 16.079 0.007
1760.50637 15.684 0.007
1761.47906 16.147 0.009
1762.47436 15.941 0.007
1763.47939 15.655 0.007
1764.47948 16.146 0.008
1766.47205 15.643 0.011
1769.50134 15.706 0.007
1770.53573 16.279 0.013
1771.47581 15.952 0.009
1772.48714 15.695 0.007
1773.50160 16.221 0.008
1774.60301 16.065 0.007
1775.50094 15.735 0.007
1776.49811 16.219 0.008
1777.50404 15.999 0.007
1783.51100 16.024 0.008
1784.49818 15.760 0.007
1785.49746 16.259 0.010
1786.51437 16.041 0.007
1787.51222 15.796 0.007
1788.50227 16.259 0.007
1789.49346 16.014 0.007
1802.54044 15.883 0.009
1804.49620 16.069 0.008
1810.58150 16.147 0.009
1812.60431 15.693 0.007
1815.55534 15.619 0.007
1818.53784 15.610 0.007
1825.58299 16.224 0.008
2072.58269 15.897 0.005
2075.59243 15.941 0.006
2077.56793 16.094 0.007
2088.54023 15.616 0.005
2123.67111 16.091 0.006
2125.66100 15.632 0.006
2129.71381 16.158 0.006
2132.65502 16.081 0.005
2136.56016 15.777 0.005
2141.57108 16.045 0.005
2144.65940 16.114 0.006
2157.53955 15.830 0.006
2169.50782 15.810 0.006
2178.49095 15.819 0.006
2211.52098 15.952 0.007
2333.85866 16.135 0.006
2339.87533 16.214 0.007
2340.84751 15.943 0.007
2353.90920 15.805 0.005
2361.90432 16.048 0.006
2372.87037 16.242 0.006
2383.89822 15.872 0.005
2384.80878 16.236 0.006
2388.69063 15.858 0.006
2390.84521 16.169 0.006
2396.78652 16.243 0.006
2401.85408 15.867 0.005
2404.66899 15.615 0.005
2406.87736 16.084 0.006
2412.65518 15.903 0.004
2414.60431 16.077 0.007
2416.87279 15.929 0.006
2424.57229 15.832 0.006
2428.57545 16.064 0.006
2433.60301 15.892 0.006
2435.58686 16.065 0.006
2438.77703 15.801 0.005
2440.55758 15.934 0.005
2445.65912 15.980 0.005
2452.53957 15.834 0.006
2458.52992 15.829 0.006
2463.56940 15.921 0.005
2466.62376 15.978 0.006
2468.70791 15.844 0.005
2470.69253 15.845 0.005
2472.71575 16.074 0.005
2481.58564 15.982 0.006
2484.64910 16.065 0.006
2486.74168 15.645 0.006
2490.72507 16.103 0.007
2493.66979 16.071 0.006
2496.49727 15.918 0.005
2498.53604 16.157 0.005
2500.57981 15.769 0.005
2502.59349 16.038 0.006
2508.69165 16.115 0.007
2512.63901 15.917 0.006
2517.51738 15.977 0.007
2520.60700 16.064 0.006
2528.62134 15.595 0.005
2538.52474 16.038 0.007
2542.58312 15.907 0.005
2548.48402 15.753 0.006
2552.52001 15.940 0.006
2557.48545 15.815 0.006
2562.48768 16.060 0.007
2707.89281 15.970 0.005
2719.83802 15.939 0.006
2729.86322 15.723 0.005
2734.80228 15.932 0.005
2747.72602 15.772 0.007
2753.91286 15.867 0.006
2761.88645 16.090 0.006
2767.82575 16.019 0.006
2775.74965 16.163 0.007
2783.85108 15.884 0.005
2784.57795 16.009 0.006
2786.93094 15.981 0.007
2788.65173 15.894 0.005
2789.75002 15.748 0.004
2791.75312 16.001 0.006
2795.56915 16.251 0.006
2797.61889 15.866 0.005
2809.74259 16.025 0.006
2811.66964 16.169 0.007
2812.74409 16.044 0.007
2814.61497 16.097 0.006
2816.63877 15.645 0.005
2818.61005 15.908 0.005
2821.67611 15.986 0.006
2826.78048 15.595 0.005
2834.52868 15.850 0.006
2836.71870 16.064 0.006
2838.46707 16.001 0.006
2839.74157 16.078 0.007
2842.51911 15.871 0.005
2844.79080 15.668 0.005
2850.55989 16.114 0.006
2852.56759 15.645 0.006
2854.56769 15.946 0.006
2857.47577 15.857 0.006
2862.62022 16.269 0.007
2865.72312 15.607 0.005
2867.72242 15.944 0.006
2870.71214 15.933 0.006
2872.70570 16.097 0.006
2878.57214 16.002 0.005
2885.52184 15.691 0.005
2893.58484 16.056 0.005
2896.63163 16.079 0.006
2903.52612 15.765 0.004
2910.56765 15.855 0.005
2918.58526 15.902 0.007
2931.52866 15.835 0.005
3052.84321 16.036 0.005
3134.79181 15.963 0.005
