2187.76460 18.736 0.070
2190.86970 19.180 0.055
2193.83414 18.634 0.036
2202.83391 19.235 0.065
2215.78674 19.008 0.066
2222.78661 18.707 0.049
2224.83418 19.009 0.066
2227.74514 19.008 0.066
2229.75083 18.763 0.051
2231.71935 19.080 0.072
2233.68758 18.695 0.042
2237.60681 18.495 0.056
2239.66784 19.034 0.063
2241.75948 18.775 0.048
2248.68929 19.011 0.052
2250.72072 18.560 0.037
2252.81786 19.062 0.076
2254.73581 18.618 0.037
2257.74961 18.926 0.042
2260.76295 19.172 0.061
2265.70137 18.876 0.044
2266.76317 18.782 0.051
2270.81281 18.845 0.046
2272.66038 19.023 0.063
2274.79132 18.959 0.065
2276.84666 18.810 0.057
2278.80568 19.050 0.080
2280.78537 19.230 0.067
2282.78468 18.876 0.061
2290.68057 18.762 0.052
2293.80003 19.017 0.077
2295.82389 18.786 0.044
2297.81068 19.079 0.063
2299.82712 18.828 0.061
2301.72121 18.955 0.066
2302.79642 19.242 0.123
2303.71919 18.699 0.065
2321.69167 19.057 0.068
2328.56868 19.336 0.120
2334.56678 18.820 0.056
2340.55842 19.236 0.071
2346.49904 18.861 0.071
2360.49393 19.021 0.080
2391.49482 18.924 0.071
2540.87271 19.166 0.096
2548.80976 19.229 0.082
2553.77648 18.982 0.080
2557.84187 19.113 0.078
2561.83989 19.112 0.065
2565.84585 19.027 0.086
2574.80294 18.890 0.058
2578.85953 18.955 0.070
2586.75883 18.872 0.057
2590.83382 19.112 0.068
2596.84082 18.803 0.058
2606.73712 18.986 0.052
2609.84645 18.544 0.053
2614.80823 19.110 0.065
2619.68488 18.862 0.044
2621.81219 18.642 0.039
2624.70927 18.688 0.043
2627.82938 19.115 0.099
2630.59908 18.930 0.073
2632.74994 18.842 0.043
2636.69976 18.789 0.041
2643.78945 19.037 0.062
2645.78750 18.808 0.044
2649.66280 18.484 0.037
2651.74260 19.095 0.061
2653.73683 18.730 0.057
2655.76745 19.106 0.072
2657.75531 18.773 0.056
2659.81646 19.055 0.089
2661.61661 18.571 0.032
2666.60052 19.189 0.063
2666.62475 19.097 0.055
2668.82748 19.030 0.065
2673.77424 18.988 0.077
2676.75452 19.059 0.061
2678.80048 18.790 0.046
2680.69265 19.077 0.055
2684.57212 18.890 0.057
2688.54819 18.803 0.058
2692.52262 18.922 0.060
2697.53752 18.691 0.043
2702.53911 18.733 0.061
2708.56592 18.986 0.057
2725.49840 18.721 0.055
2875.86555 18.973 0.071
2884.88663 18.923 0.061
2890.90774 18.727 0.072
2896.86062 18.861 0.063
2902.79504 19.174 0.055
2917.80727 18.770 0.047
2923.80995 19.031 0.070
2926.86239 18.656 0.042
2931.79114 19.190 0.070
2934.83132 18.700 0.047
2940.81160 19.085 0.056
2943.81639 19.029 0.051
2947.82458 18.651 0.033
2950.74097 18.660 0.051
2954.76693 18.696 0.055
2956.80720 19.129 0.057
2958.85174 18.926 0.065
2963.74309 18.709 0.060
2966.76332 18.864 0.041
2968.73207 19.021 0.055
2971.79410 18.577 0.041
2974.81714 19.004 0.048
2976.67703 19.056 0.060
2979.66096 18.985 0.073
2981.68152 19.038 0.126
2983.81338 18.660 0.048
2985.78045 19.069 0.053
2987.73699 18.644 0.041
2989.67719 19.021 0.049
2991.75104 18.655 0.039
2993.75719 19.014 0.052
2995.83246 18.908 0.049
2997.80361 19.141 0.062
2998.74903 18.971 0.056
3000.75224 18.666 0.042
3002.74911 18.932 0.051
3004.74210 18.592 0.033
3006.73526 18.912 0.048
3010.79598 19.064 0.062
3012.80154 18.683 0.071
3016.74596 18.578 0.034
3018.77660 19.043 0.063
3020.84017 18.738 0.052
3021.86512 18.650 0.062
3023.72647 18.839 0.051
3025.72962 19.199 0.048
3027.74819 18.842 0.048
3029.73264 19.149 0.056
3031.80460 19.099 0.068
3034.62969 18.970 0.041
3036.65995 18.617 0.036
3039.60196 18.790 0.051
3041.68482 19.231 0.086
3042.70983 19.074 0.068
3044.64887 18.661 0.043
3046.63501 19.006 0.061
3048.66818 18.703 0.036
3050.65997 19.030 0.043
3052.66143 18.805 0.038
3054.66697 18.993 0.052
3056.65476 18.773 0.039
3058.64798 19.046 0.057
3060.69745 18.798 0.046
3066.58518 19.102 0.072
3068.61335 18.778 0.058
3071.51172 18.934 0.057
3073.70178 18.680 0.055
3076.62537 19.010 0.094
3079.62778 19.060 0.048
3082.69455 18.728 0.036
3085.59798 18.549 0.032
3088.55476 18.821 0.048
3091.53788 18.942 0.056
3100.51724 18.820 0.078
3102.63335 18.619 0.052
3106.55727 19.055 0.056
3109.54182 18.643 0.042
3113.55929 18.685 0.062
3127.51723 19.099 0.053
3133.53291 18.788 0.061
3230.90766 18.963 0.053
3242.88209 19.039 0.067
3249.84904 19.009 0.091
3260.84103 18.522 0.036
3264.88306 18.635 0.029
3271.83145 18.807 0.058
3274.83477 19.087 0.081
3279.78843 18.896 0.060
3282.85404 19.048 0.052
3291.77700 19.070 0.066
3295.79745 19.033 0.044
3297.78888 18.979 0.038
3299.85681 18.955 0.034
3301.86833 18.714 0.060
3305.75923 18.934 0.056
3309.82054 18.632 0.034
3311.81407 19.054 0.053
3315.85352 19.029 0.052
3321.72063 18.696 0.042
3324.82858 18.989 0.056
3327.83480 19.101 0.051
3336.66035 18.777 0.058
3339.84222 19.157 0.077
3353.74380 18.824 0.038
3357.77140 18.836 0.042
3360.74927 19.004 0.042
3363.82385 18.814 0.048
3370.78108 18.746 0.049
3376.73315 18.952 0.057
3378.75837 18.757 0.041
3394.64187 18.664 0.051
3396.66820 19.121 0.061
3399.79541 18.755 0.065
3402.70542 18.811 0.039
3404.63702 19.030 0.061
3409.55397 18.781 0.044
3413.55260 18.851 0.051
3426.54052 18.677 0.043
3432.52636 19.044 0.047
3439.50245 18.787 0.062
3447.52793 18.582 0.048
3457.50481 19.022 0.073
3594.91643 18.536 0.048
3603.85877 19.088 0.068
3619.91439 18.745 0.051
3620.89513 19.066 0.044
3630.80624 18.570 0.057
3637.74462 18.788 0.070
3640.80287 19.213 0.062
3651.83540 18.675 0.047
3654.88156 18.926 0.044
3658.84755 18.854 0.051
3660.84491 19.286 0.090
3664.85451 18.884 0.043
3668.83842 18.918 0.052
3672.82708 18.887 0.041
3676.71387 19.132 0.056
3685.78374 18.935 0.048
3688.71788 19.339 0.067
3690.79264 18.938 0.053
3693.69432 19.114 0.066
3695.85924 18.865 0.051
3699.74973 18.872 0.037
3701.80285 19.153 0.052
3703.80156 18.802 0.038
3706.67687 18.892 0.038
3711.71234 18.794 0.043
3713.80021 19.003 0.052
3715.77676 18.913 0.046
3718.74562 19.064 0.062
3722.64053 18.973 0.057
3726.72268 19.036 0.057
3727.85865 18.918 0.062
3730.75479 19.041 0.042
3732.83026 18.895 0.043
3734.82316 19.227 0.056
3735.67151 18.887 0.034
3737.83004 18.714 0.032
3739.84870 19.010 0.048
3741.58698 19.097 0.062
3743.75890 18.990 0.057
3746.80130 19.110 0.071
3748.78005 19.003 0.081
3750.79481 18.895 0.058
3753.66789 18.587 0.043
3755.74946 19.129 0.066
3757.76891 18.765 0.043
3760.74855 18.953 0.055
3763.70152 18.935 0.032
3766.71828 19.058 0.062
3770.74572 18.392 0.041
3774.61908 19.009 0.058
3777.57767 18.533 0.041
3781.74196 18.823 0.057
3786.59433 19.220 0.063
3793.54396 18.659 0.042
3801.53390 18.630 0.034
3811.52644 19.030 0.066
3828.49028 19.057 0.066
3958.91574 19.259 0.107
3965.86917 19.251 0.056
3970.88934 19.073 0.056
3982.83993 19.069 0.066
3993.79308 18.927 0.068
4002.85351 19.089 0.052
4004.87182 18.901 0.038
4006.78133 19.140 0.055
4008.80235 18.763 0.038
4013.81397 18.590 0.046
4019.81674 19.101 0.055
4024.80827 18.968 0.049
4026.87730 18.544 0.042
4029.82329 18.819 0.042
4032.85805 19.002 0.067
4039.69027 18.986 0.058
4041.76403 18.789 0.044
4043.76911 19.076 0.071
4049.73228 18.784 0.038
4052.79381 19.005 0.042
4054.78061 18.615 0.037
4056.83908 19.143 0.049
4059.73379 19.115 0.057
4064.84752 18.961 0.038
4066.80396 18.799 0.041
4068.83880 19.039 0.044
4070.76120 18.682 0.044
4074.80004 18.891 0.052
4077.84882 19.082 0.061
4080.72855 19.160 0.070
4083.71525 18.778 0.051
4095.64012 19.095 0.056
4103.77058 18.632 0.056
4106.60134 18.587 0.051
4112.77563 18.511 0.033
4117.75814 19.091 0.077
4121.77013 19.091 0.068
4126.74965 19.047 0.071
4129.78324 19.228 0.060
4143.56003 18.640 0.037
4157.55803 18.991 0.070
4169.51495 19.103 0.065
4199.48431 18.955 0.058
4343.87684 18.714 0.049
4348.84956 19.142 0.067
4353.87716 19.070 0.063
4358.82934 18.988 0.081
4363.84616 18.749 0.066
4367.83433 18.805 0.048
4371.78390 18.695 0.051
4378.72334 18.822 0.053
4381.75892 19.036 0.082
4386.87644 19.044 0.062
4390.83851 19.025 0.053
4395.70532 18.742 0.065
4399.86396 18.942 0.065
4408.71781 18.575 0.047
4412.80135 18.835 0.060
4427.75286 18.944 0.066
4430.75621 19.165 0.090
4433.77366 18.550 0.039
4437.70028 18.863 0.066
4440.71991 18.849 0.052
4443.83751 19.007 0.068
4449.77924 18.785 0.058
4451.81486 18.992 0.058
4455.78457 19.042 0.068
4458.76325 18.741 0.047
4462.75726 18.611 0.033
4464.80285 19.022 0.058
4467.77393 19.160 0.048
4472.68986 18.914 0.042
4476.77683 19.043 0.046
4480.72729 19.109 0.044
4484.80668 19.113 0.049
4488.72759 18.933 0.072
4492.74684 19.145 0.065
4497.75140 18.813 0.046
4500.62443 18.962 0.051
4502.73425 18.735 0.060
4507.73826 18.582 0.049
4509.68895 19.161 0.066
4512.73710 19.253 0.067
4518.67701 18.768 0.080
4521.72335 19.095 0.073
4524.62293 19.153 0.065
4530.64901 18.861 0.051
4533.61467 19.117 0.052
4534.59610 18.763 0.057
4538.63213 18.882 0.060
4542.53886 18.793 0.065
