2166.89225 18.914 0.047
2173.81269 18.872 0.042
2189.88410 18.688 0.051
2192.78709 18.738 0.033
2201.79989 18.939 0.037
2212.83157 18.810 0.048
2217.81638 19.102 0.070
2223.83622 18.708 0.044
2228.85320 19.021 0.052
2230.76674 18.748 0.041
2232.78651 18.996 0.062
2234.78069 19.068 0.048
2240.86054 18.769 0.069
2248.75405 18.988 0.045
2251.71599 19.092 0.049
2253.80009 18.879 0.044
2255.67502 19.052 0.052
2261.69529 18.850 0.044
2264.77635 18.794 0.036
2269.80975 19.089 0.062
2271.75714 18.782 0.040
2273.84220 19.124 0.073
2274.62533 18.711 0.056
2276.69820 19.003 0.061
2278.63250 18.960 0.054
2280.63070 18.899 0.048
2282.63927 18.987 0.052
2284.63051 18.781 0.058
2289.77292 18.722 0.044
2291.78101 18.960 0.061
2293.74677 19.129 0.073
2295.76867 18.831 0.041
2297.76198 19.022 0.058
2299.80255 18.968 0.070
2303.69283 19.043 0.090
2321.64288 18.974 0.051
2327.52137 19.016 0.065
2332.55426 18.828 0.063
2333.51831 19.052 0.077
2339.50649 18.747 0.058
2347.50118 19.011 0.072
2402.49504 18.773 0.065
2524.89092 18.998 0.062
2537.89084 18.910 0.069
2542.85382 18.773 0.042
2556.79377 18.713 0.041
2559.84196 18.824 0.049
2563.88722 18.829 0.072
2564.80994 19.088 0.063
2573.81214 18.790 0.055
2578.73633 19.036 0.075
2583.77184 18.818 0.054
2589.81418 19.059 0.052
2596.70245 19.074 0.092
2605.70369 19.090 0.059
2609.69443 18.953 0.059
2614.62929 18.701 0.042
2620.81492 19.091 0.051
2623.78582 19.100 0.054
2627.65087 19.051 0.087
2629.67440 19.152 0.068
2631.69437 18.920 0.065
2634.72217 19.006 0.051
2635.59458 18.655 0.036
2637.79365 19.128 0.068
2639.61953 18.954 0.037
2641.68471 18.954 0.052
2643.69350 18.998 0.056
2645.68323 18.856 0.037
2647.64093 19.034 0.051
2650.85606 18.811 0.044
2653.62253 19.044 0.061
2655.73580 18.935 0.059
2657.58850 18.967 0.058
2659.60350 18.672 0.045
2661.82147 18.979 0.069
2665.84044 19.060 0.077
2668.59044 18.989 0.065
2670.59556 18.872 0.055
2672.58214 18.792 0.061
2674.60353 19.038 0.065
2676.58998 18.746 0.044
2678.65893 18.983 0.055
2680.58846 18.595 0.037
2686.63153 18.920 0.070
2695.61388 19.090 0.072
2700.56799 18.807 0.051
2706.58679 19.008 0.086
2713.55186 19.001 0.077
2840.92954 18.953 0.073
2868.86931 18.916 0.055
2885.83428 18.881 0.040
2892.86389 18.972 0.070
2897.83323 18.945 0.066
2903.87901 18.833 0.040
2906.88217 18.921 0.038
2911.76200 19.059 0.048
2916.80605 18.894 0.041
2922.79596 18.965 0.075
2925.88447 18.833 0.059
2930.79710 18.852 0.048
2933.84145 18.997 0.042
2939.84975 19.087 0.066
2942.79937 19.041 0.048
2944.84379 18.952 0.049
2946.84569 19.087 0.054
2948.86215 18.850 0.047
2952.83623 18.772 0.047
2956.67549 18.974 0.049
2958.70219 18.789 0.045
2962.71307 18.612 0.037
2965.73217 18.805 0.037
2967.83170 19.014 0.042
2970.79706 19.166 0.044
2974.73486 18.947 0.044
2976.76957 18.631 0.034
2978.73338 18.898 0.055
2980.68969 19.048 0.055
2982.64912 18.684 0.042
2984.69968 19.058 0.054
2986.77778 18.703 0.044
2988.74706 19.006 0.058
2990.61923 19.031 0.051
2992.76977 18.947 0.040
2994.61602 19.000 0.054
2995.62563 18.897 0.034
2997.63461 19.066 0.044
2999.75431 18.911 0.047
3001.72547 18.972 0.045
3003.69963 18.763 0.038
3005.69041 18.943 0.059
3007.70484 18.752 0.049
3009.70288 18.908 0.047
3011.67221 19.009 0.070
3013.67545 18.761 0.045
3017.68584 18.757 0.051
3019.61342 18.867 0.041
3023.59453 18.761 0.034
3024.79557 18.857 0.038
3026.79189 19.053 0.048
3028.80382 18.704 0.033
3031.66579 18.618 0.031
3033.72975 19.035 0.037
3035.73609 18.630 0.036
3038.71447 18.698 0.040
3041.58263 18.680 0.049
3043.61805 18.910 0.061
3045.65168 18.765 0.048
3047.60577 18.827 0.054
3049.61138 19.064 0.042
3051.57867 18.766 0.041
3053.57379 18.996 0.047
3055.57292 18.815 0.044
3057.59777 18.941 0.052
3060.62026 19.055 0.054
3064.62457 18.938 0.054
3067.68158 19.011 0.059
3070.52990 18.954 0.061
3073.59656 19.074 0.077
3075.64578 18.823 0.051
3078.56588 18.897 0.066
3082.55527 18.771 0.047
3084.63217 19.035 0.049
3087.59386 19.072 0.055
3090.55047 18.975 0.070
3093.55805 18.678 0.063
3099.49243 18.726 0.047
3102.51922 18.705 0.049
3108.53629 19.068 0.058
3112.50665 18.977 0.065
3116.49494 18.937 0.063
3126.50065 18.923 0.049
3144.51599 18.782 0.066
3241.88819 19.072 0.059
3247.92105 18.838 0.054
3256.89960 19.018 0.059
3263.87451 18.997 0.037
3268.89005 18.810 0.042
3273.86534 19.141 0.061
3277.85456 19.088 0.055
3281.84468 18.808 0.033
3287.70623 18.942 0.044
3289.85839 18.627 0.036
3296.86162 18.720 0.034
3301.71263 18.916 0.061
3306.85628 18.789 0.047
3308.87309 19.058 0.070
3311.68342 18.837 0.047
3320.72620 19.100 0.051
3327.69525 19.120 0.052
3338.80191 19.063 0.044
3350.62821 18.640 0.033
3354.63391 18.909 0.047
3358.68738 18.989 0.044
3361.78766 18.748 0.037
3363.74260 18.906 0.049
3367.69641 18.749 0.041
3372.71485 19.107 0.045
3378.62756 18.815 0.048
3387.61389 18.930 0.052
3391.69047 18.823 0.048
3395.68651 18.762 0.049
3399.66259 18.573 0.037
3402.67948 18.782 0.038
3404.61005 18.914 0.044
3408.56067 18.727 0.038
3412.60612 18.774 0.041
3416.58953 18.716 0.036
3424.59259 19.168 0.073
3430.56698 19.000 0.049
3437.50516 19.052 0.054
3445.50987 18.828 0.055
3453.53165 18.899 0.054
3462.50689 19.080 0.063
3582.91346 18.915 0.055
3589.92025 18.927 0.044
3634.81078 18.971 0.047
3639.86367 18.803 0.034
3650.84992 18.721 0.033
3657.83102 18.856 0.040
3661.81488 18.894 0.058
3666.81111 18.898 0.051
3671.83949 18.908 0.041
3675.82654 18.921 0.041
3683.84767 18.936 0.041
3687.74041 18.628 0.031
3689.84090 18.889 0.045
3692.76472 19.000 0.056
3694.77967 18.731 0.038
3699.72467 18.979 0.040
3701.77579 18.808 0.036
3703.86295 18.966 0.070
3706.81353 19.055 0.051
3713.70093 18.900 0.042
3716.80009 19.022 0.048
3719.78099 18.832 0.072
3725.77266 18.727 0.047
3727.74747 19.067 0.048
3730.64276 19.013 0.037
3732.66727 18.670 0.033
3734.76527 19.078 0.041
3736.78162 18.646 0.034
3737.67018 18.956 0.040
3739.76923 18.812 0.034
3742.59217 18.669 0.056
3745.70368 18.902 0.040
3749.61605 18.657 0.058
3751.72018 19.046 0.055
3753.59179 19.142 0.066
3755.62933 18.852 0.049
3757.66221 19.018 0.054
3759.72642 18.879 0.038
3762.71474 18.988 0.052
3765.73329 19.015 0.033
3770.57479 18.793 0.038
3773.58217 18.670 0.040
3776.58122 18.856 0.042
3779.57122 18.937 0.059
3782.62095 18.943 0.047
3787.54580 18.686 0.037
3791.59302 18.891 0.045
3799.51754 19.035 0.083
3821.49549 18.676 0.041
3945.92011 18.705 0.034
3963.91496 18.948 0.070
3969.84684 18.647 0.038
3975.89687 18.929 0.051
3995.87651 19.017 0.049
4001.82964 19.133 0.044
4005.80750 19.045 0.047
4011.80732 18.845 0.048
4023.83533 18.927 0.044
4037.87472 18.913 0.056
4052.66409 19.107 0.045
4058.64666 18.752 0.042
4063.64070 19.012 0.048
4066.63851 19.149 0.072
4071.63272 18.777 0.047
4076.70498 18.629 0.048
4083.63459 19.200 0.072
4085.65056 18.933 0.058
4092.81719 19.067 0.047
4112.68870 18.991 0.037
4124.73641 18.847 0.041
4129.74899 19.211 0.056
4142.60797 19.208 0.070
4150.59641 18.928 0.037
4155.50971 18.987 0.087
4166.53855 19.098 0.084
4196.48804 18.634 0.044
4341.86409 18.976 0.070
4347.81398 18.642 0.044
4351.85945 18.531 0.037
4357.86804 18.907 0.076
4363.79654 18.902 0.076
4366.84711 19.073 0.075
4369.88763 18.889 0.055
4372.79055 19.096 0.055
4386.74852 19.054 0.049
4388.88645 18.946 0.080
4393.75948 18.988 0.049
4411.77109 18.915 0.044
4418.72195 19.024 0.041
4432.68669 18.908 0.049
4443.66151 18.829 0.055
4448.81548 18.607 0.037
4451.65571 18.954 0.052
4455.65451 19.060 0.072
4457.71001 18.861 0.049
4471.69699 18.808 0.038
4476.66404 18.945 0.040
4480.66382 18.958 0.058
4488.66533 18.725 0.052
4493.66748 19.149 0.070
4498.64612 18.849 0.037
4506.57726 19.091 0.072
4508.58727 18.852 0.049
4519.68229 18.853 0.058
4521.53105 19.002 0.056
4524.51623 19.123 0.103
4532.62394 19.161 0.066
4537.58559 18.804 0.047
