2187.79538 19.134 0.087
2193.86181 19.012 0.048
2194.75555 19.309 0.102
2202.86188 18.799 0.046
2206.77085 18.954 0.066
2215.81478 19.277 0.081
2225.69717 18.886 0.056
2227.77225 19.265 0.071
2229.77807 19.020 0.071
2231.74651 19.249 0.084
2233.71474 19.060 0.062
2239.69507 19.188 0.069
2241.78685 19.087 0.058
2243.85744 18.913 0.091
2251.68460 19.476 0.095
2254.77132 18.980 0.051
2257.79099 19.255 0.052
2262.81989 19.092 0.052
2265.79451 19.105 0.059
2269.70384 19.247 0.074
2272.69364 19.200 0.071
2274.68914 19.138 0.065
2276.71346 19.158 0.078
2278.83293 19.052 0.074
2280.65563 19.303 0.089
2282.81698 19.196 0.082
2288.79889 18.939 0.056
2291.83239 19.116 0.069
2293.83355 19.047 0.092
2298.82043 19.182 0.085
2303.75049 19.067 0.082
2321.72157 18.716 0.052
2328.59870 18.905 0.075
2335.50853 18.848 0.075
2341.50584 19.077 0.107
2358.49811 19.418 0.115
2391.52472 19.118 0.092
2548.83933 19.013 0.069
2553.80679 18.684 0.059
2557.87164 18.960 0.069
2561.87431 18.949 0.055
2566.77897 19.178 0.128
2574.84553 18.661 0.048
2579.75450 19.375 0.101
2586.79065 18.503 0.038
2590.86570 18.908 0.062
2598.74246 18.606 0.046
2606.76714 18.938 0.051
2610.66926 18.617 0.054
2615.79668 18.748 0.041
2619.63514 19.305 0.081
2622.75516 18.970 0.069
2625.62047 19.088 0.069
2628.61884 19.130 0.088
2630.65577 18.811 0.062
2632.77698 19.360 0.085
2636.72693 19.276 0.076
2638.84405 19.179 0.092
2641.81942 19.208 0.079
2643.81894 18.912 0.049
2645.81872 19.285 0.085
2649.72451 19.224 0.052
2651.77193 18.973 0.075
2653.79587 19.264 0.148
2655.82677 18.833 0.056
2657.81877 19.435 0.102
2660.76554 18.851 0.058
2664.75545 18.754 0.081
2669.60852 19.478 0.120
2672.60639 19.343 0.112
2674.80858 19.189 0.074
2676.78171 18.908 0.061
2678.82762 19.399 0.075
2684.61220 18.868 0.055
2688.58280 19.053 0.076
2693.55139 19.244 0.066
2697.56740 19.232 0.072
2702.57397 19.254 0.101
2709.51937 19.216 0.078
2726.48551 19.076 0.094
2875.89653 19.019 0.076
2885.88717 19.235 0.074
2897.88450 19.056 0.065
2908.80523 18.763 0.062
2912.82844 18.853 0.042
2917.83661 18.558 0.036
2923.83938 19.235 0.081
2927.74773 19.174 0.100
2931.82593 19.241 0.078
2934.86080 19.186 0.065
2940.84085 19.080 0.052
2943.84568 19.189 0.055
2951.73105 19.184 0.071
2954.79818 18.677 0.055
2956.83652 19.194 0.064
2961.77291 19.003 0.076
2963.82388 19.351 0.072
2963.85689 19.191 0.065
2966.80058 18.689 0.031
2968.76139 19.184 0.059
2971.76464 19.208 0.071
2974.84703 19.043 0.059
2976.85599 19.293 0.076
2978.67368 18.818 0.055
2980.76795 19.289 0.069
2982.77550 18.905 0.052
2985.71968 19.026 0.055
2987.76731 18.995 0.055
2989.70838 19.016 0.048
2991.78180 18.570 0.038
2993.78646 19.120 0.059
2996.76544 19.185 0.064
2998.77825 18.969 0.052
3000.78930 19.403 0.079
3002.77969 19.023 0.058
3004.80535 19.255 0.064
3006.79195 19.020 0.048
3008.75455 19.300 0.066
3010.82527 19.136 0.068
3012.83247 18.919 0.115
3013.75099 19.184 0.061
3016.77526 18.977 0.062
3019.84602 19.035 0.058
3022.64784 18.902 0.042
3023.75589 18.943 0.048
3025.75897 19.271 0.052
3027.77763 19.022 0.059
3029.76223 19.176 0.076
3032.61106 19.318 0.078
3034.65910 19.036 0.039
3036.68923 18.781 0.043
3039.63113 18.816 0.049
3041.71419 19.103 0.082
3042.73946 19.383 0.107
3044.67825 18.508 0.043
3046.66437 19.145 0.072
3048.69758 18.756 0.038
3052.69071 18.776 0.038
3054.69684 19.190 0.074
3056.68389 18.836 0.043
3058.67720 19.124 0.052
3059.62350 18.951 0.045
3061.62065 19.315 0.085
3068.64265 18.885 0.065
3071.54104 18.953 0.065
3074.54097 19.156 0.085
3076.66029 18.752 0.069
3079.65747 19.052 0.051
3083.52433 18.756 0.061
3085.62822 18.590 0.039
3091.58907 19.105 0.069
3097.50720 19.427 0.159
3100.55104 18.808 0.079
3103.55912 19.149 0.061
3106.58849 19.460 0.076
3126.52654 19.095 0.082
3132.52958 19.164 0.104
3147.47136 19.226 0.130
3242.91119 19.140 0.072
3249.88877 19.172 0.091
3260.87042 18.735 0.043
3271.86077 19.142 0.061
3274.86396 19.291 0.095
3279.81750 18.951 0.055
3282.88328 19.196 0.054
3291.80666 19.234 0.079
3295.82673 19.092 0.041
3297.81801 18.836 0.033
3300.68215 18.793 0.051
3302.67688 19.144 0.092
3305.78845 18.837 0.049
3309.84964 18.938 0.052
3315.78562 19.151 0.061
3321.75007 18.808 0.039
3324.79945 19.233 0.069
3328.84832 19.282 0.059
3333.84804 19.061 0.064
3335.79714 18.984 0.128
3340.68099 19.127 0.055
3353.77305 19.122 0.054
3357.80068 18.999 0.068
3360.78030 19.160 0.055
3366.74432 18.949 0.051
3373.83194 19.337 0.085
3378.78757 19.083 0.064
3385.57748 19.119 0.071
3394.67654 18.973 0.056
3404.66648 19.243 0.056
3410.52438 18.948 0.111
3416.53194 19.378 0.085
3424.61822 18.944 0.068
3430.53503 18.979 0.094
3448.51610 18.665 0.052
3458.48748 19.160 0.089
3603.88783 18.749 0.045
3621.86560 19.257 0.054
3624.88943 18.761 0.061
3630.83654 19.076 0.085
3640.83189 18.817 0.038
3651.86441 19.232 0.078
3655.78155 19.016 0.049
3659.76500 19.093 0.078
3663.72894 19.016 0.066
3669.82408 18.665 0.039
3673.70144 19.261 0.081
3685.82845 18.883 0.041
3688.74734 19.008 0.046
3690.82194 18.884 0.058
3693.82828 18.965 0.058
3696.76588 19.098 0.058
3699.77875 19.190 0.048
3701.83370 18.977 0.045
3703.83052 19.261 0.058
3706.70581 19.081 0.094
3711.74131 19.151 0.052
3713.82930 19.018 0.056
3715.80564 19.260 0.059
3718.83674 18.960 0.062
3728.81432 19.255 0.061
3731.82149 18.736 0.035
3733.71753 19.084 0.046
3735.70044 19.337 0.054
3738.73437 18.895 0.048
3740.79930 19.294 0.062
3742.81873 19.178 0.094
3745.83620 19.204 0.061
3755.77854 18.793 0.052
3757.79851 19.191 0.049
3758.81653 18.963 0.098
3760.61013 19.194 0.071
3766.74734 19.110 0.069
3771.65419 18.773 0.041
3774.64826 19.185 0.072
3777.60656 19.356 0.076
3780.67070 19.026 0.087
3788.59702 19.281 0.056
3794.56657 19.021 0.075
3801.56346 19.165 0.064
3812.52019 19.218 0.062
3829.49483 19.273 0.089
3959.87230 18.644 0.066
3965.90205 19.238 0.056
3970.91784 19.123 0.059
3982.86842 19.097 0.058
3999.88470 18.963 0.051
4003.76047 18.764 0.033
4006.80984 19.084 0.052
4008.83088 18.625 0.032
4019.84561 19.092 0.049
4024.83695 18.858 0.046
4027.74154 19.047 0.056
4029.85213 18.703 0.041
4036.73074 18.732 0.041
4039.71887 19.163 0.079
4041.79260 18.921 0.046
4047.65735 18.971 0.076
4049.76079 18.840 0.042
4052.82240 19.091 0.043
4054.80922 19.325 0.064
4057.73430 18.609 0.042
4060.67369 18.863 0.058
4065.75773 18.896 0.042
4067.71387 19.156 0.051
4069.84951 18.977 0.049
4074.82873 18.758 0.052
4078.74662 19.005 0.059
4080.75798 19.363 0.082
4083.83266 19.176 0.078
4096.64074 19.114 0.059
4103.79998 18.780 0.064
4106.63131 18.931 0.075
4112.80453 19.359 0.079
4120.79200 19.389 0.059
4127.71201 18.600 0.032
4145.64571 19.060 0.066
4158.51592 18.943 0.074
4169.54522 19.189 0.066
4344.84790 19.243 0.087
4348.87819 19.326 0.072
4354.80649 19.055 0.081
4358.86303 18.939 0.072
4363.88357 19.020 0.079
4367.80585 18.830 0.056
4371.81332 18.887 0.058
4378.77051 19.097 0.064
4381.78741 19.286 0.092
4387.72998 18.824 0.051
4390.86704 19.224 0.064
4396.76775 18.721 0.054
4400.77577 18.755 0.056
4408.78744 18.909 0.064
4415.85312 19.233 0.064
4423.81518 19.308 0.072
4427.78161 19.195 0.071
4430.78481 19.359 0.097
4433.80234 18.932 0.062
4437.72879 18.854 0.065
4440.74860 18.973 0.055
4444.69361 18.998 0.071
4449.80814 18.945 0.069
4451.84361 19.282 0.092
4454.78343 18.664 0.043
4456.78576 19.230 0.089
4458.79249 18.819 0.052
4463.77588 19.267 0.068
4465.79259 19.091 0.061
4473.75562 18.942 0.085
4478.79710 18.985 0.055
4481.83924 19.125 0.074
4486.83698 19.116 0.104
4490.65513 18.759 0.059
4493.72395 19.093 0.089
4497.77838 19.297 0.081
4500.65136 19.255 0.066
4502.76121 19.017 0.088
4506.77148 19.076 0.107
4509.71595 19.066 0.069
4518.71474 19.175 0.114
4530.67924 19.093 0.061
4532.67457 18.477 0.042
4534.64645 19.189 0.071
4538.66179 19.110 0.079
4540.66182 18.831 0.065
4542.57895 19.054 0.072
