 455.67355 19.196 0.037
 455.74778 18.848 0.030
 455.79535 19.153 0.041
 456.61545 19.475 0.049
 456.66519 19.581 0.090
 456.69796 19.692 0.085
 456.73597 19.602 0.057
 456.78338 18.895 0.031
 456.83480 18.918 0.034
 457.58315 19.308 0.042
 457.62709 19.343 0.047
 457.68572 19.641 0.063
 457.74431 19.466 0.058
 457.80296 20.055 0.095
 457.83245 19.504 0.062
 458.65953 19.551 0.061
 458.72859 19.376 0.062
 459.57675 18.968 0.037
 459.62291 19.101 0.042
 459.68148 19.245 0.046
 459.74092 19.201 0.044
 459.78478 19.367 0.054
 459.82859 19.394 0.055
 461.58767 19.478 0.060
 461.63141 19.659 0.064
 461.69010 18.884 0.032
 461.75625 19.145 0.041
 461.81825 19.135 0.051
 462.58819 19.514 0.052
 462.64681 19.373 0.048
 462.69278 19.852 0.075
 465.69486 19.265 0.056
 465.73932 19.276 0.057
 465.82408 19.364 0.049
 466.67535 18.989 0.039
 466.74190 19.177 0.042
 466.82689 19.291 0.047
 467.67902 18.837 0.030
 467.78361 19.201 0.041
 467.84955 19.302 0.066
 468.68992 19.662 0.072
 468.75586 18.812 0.034
 468.81448 18.989 0.035
 468.83649 18.982 0.034
 469.68661 19.400 0.059
 469.76473 19.783 0.086
 469.83368 18.843 0.042
 470.76532 19.453 0.086
 470.81240 19.397 0.083
 471.67242 19.262 0.052
 471.80921 19.872 0.129
 472.64708 18.875 0.033
 472.69086 19.081 0.039
 472.73464 19.111 0.047
 472.80057 19.223 0.065
 472.83007 19.531 0.086
 474.72660 18.597 0.033
 475.56096 19.588 0.075
 475.61973 19.466 0.067
 475.68583 19.409 0.082
 475.73799 19.893 0.120
 476.77200 19.418 0.075
 477.55768 19.071 0.036
 477.60901 19.196 0.039
 477.75647 19.257 0.048
 477.83731 19.551 0.073
 478.56385 18.828 0.031
 478.78424 19.265 0.048
 478.84318 19.431 0.061
 479.56267 19.954 0.093
 479.60653 19.063 0.034
 479.74032 19.063 0.046
 479.84414 19.026 0.053
 480.59873 20.249 0.126
 480.67988 19.265 0.044
 480.77347 18.961 0.036
 480.81758 19.043 0.045
 481.58392 19.434 0.055
 481.73230 19.659 0.070
 481.77627 19.106 0.049
 481.82021 18.868 0.038
 482.73314 19.317 0.050
 482.81105 19.659 0.072
 483.59940 19.169 0.056
 483.64386 19.491 0.066
 483.68774 19.279 0.047
 483.73171 19.282 0.053
 483.77562 19.317 0.058
 483.81954 19.843 0.111
 484.59808 19.038 0.040
 484.70675 19.164 0.045
 484.75112 19.193 0.042
 484.79513 19.385 0.057
 485.60173 18.693 0.029
 485.74866 19.140 0.041
 485.79278 19.201 0.048
 486.59826 19.811 0.094
 486.68460 18.720 0.037
 486.74032 18.900 0.038
 486.78549 19.018 0.040
 487.62521 19.599 0.054
 487.67347 19.388 0.046
 487.72129 19.666 0.057
 487.76539 18.921 0.034
 487.80958 18.745 0.032
 488.61074 19.379 0.050
 488.65464 19.322 0.042
 488.72351 19.367 0.060
 488.76751 20.128 0.121
 488.81158 19.475 0.076
 489.58643 19.191 0.039
 489.67542 19.422 0.051
 489.71933 19.447 0.048
 489.76327 19.488 0.059
 490.57967 18.997 0.029
 490.71684 19.581 0.056
 490.76096 19.358 0.052
 490.80495 19.382 0.052
 491.60418 18.891 0.032
 491.65599 19.132 0.043
 491.70013 19.352 0.058
 491.81355 19.161 0.053
 492.58836 19.941 0.101
 492.66268 18.735 0.036
 493.59140 19.340 0.052
 493.63587 19.606 0.065
 494.58612 19.637 0.066
 494.63006 19.595 0.061
 494.67425 19.447 0.061
 494.71858 19.391 0.053
 494.76356 19.847 0.082
 495.58892 19.114 0.049
 495.66255 19.428 0.070
 496.58429 19.061 0.044
 496.62907 19.073 0.048
 496.67315 19.391 0.081
 496.71807 18.863 0.052
 498.58338 19.459 0.056
 498.62741 18.916 0.033
 498.74114 18.909 0.039
 498.78511 19.093 0.052
 499.57833 19.498 0.065
 499.62403 19.472 0.054
 499.76433 19.009 0.049
 500.54756 19.273 0.065
 500.62102 19.243 0.071
 500.66596 19.637 0.089
 500.71707 19.482 0.076
 500.76153 19.370 0.081
 501.58521 19.319 0.065
 501.70396 19.534 0.085
 507.57364 19.271 0.048
 507.61883 19.201 0.052
 507.69065 19.403 0.089
 509.56950 19.053 0.044
 509.61663 19.056 0.047
 509.66895 19.188 0.057
 510.61113 18.841 0.039
 510.65670 18.987 0.047
 510.70428 18.843 0.049
 511.69659 19.114 0.077
 512.60327 19.547 0.067
 512.65157 19.527 0.094
 512.72590 19.412 0.058
 513.58357 19.511 0.069
 513.62914 19.251 0.040
 513.72084 19.783 0.074
 514.59180 19.240 0.042
 514.66088 19.343 0.059
 514.71122 19.551 0.064
 514.75808 19.641 0.067
 515.58594 19.137 0.039
 515.64069 19.153 0.039
 515.68893 19.061 0.041
 516.59226 18.801 0.045
 516.64645 18.932 0.041
 516.69343 19.305 0.056
 516.73992 19.018 0.052
 517.59023 19.606 0.078
 517.64007 19.132 0.048
 518.62759 19.400 0.057
 518.67283 19.673 0.088
 518.72192 18.970 0.051
 519.58820 19.346 0.051
 519.63485 19.243 0.061
 519.71725 19.692 0.096
 520.72901 19.571 0.082
 521.58452 19.251 0.056
 521.62963 18.954 0.049
 521.69242 19.406 0.087
 523.59376 19.322 0.067
 523.64657 18.877 0.039
 523.69647 18.839 0.045
 524.58618 19.382 0.069
 524.63616 19.488 0.090
 526.57316 19.117 0.065
 527.69833 19.644 0.097
 530.58846 19.343 0.094
 531.58588 19.418 0.080
 532.57536 19.299 0.073
 533.59259 19.051 0.054
 534.58182 18.997 0.052
 534.62589 18.868 0.047
 534.67767 18.720 0.047
 535.56638 19.148 0.048
 535.62668 18.780 0.039
 536.54554 19.498 0.073
 536.59071 19.514 0.076
 536.64124 19.501 0.094
 537.54013 19.527 0.060
 537.64032 19.919 0.102
 538.52811 19.514 0.079
 538.57984 19.394 0.057
 539.53675 19.101 0.048
 539.64783 19.370 0.054
 540.65356 19.218 0.058
 541.54712 19.135 0.044
 541.60414 18.882 0.033
 542.53621 19.322 0.052
 542.58809 19.627 0.071
 542.63555 18.970 0.042
 543.57445 19.373 0.054
 543.61850 19.485 0.063
 543.65555 19.606 0.072
 544.52721 19.376 0.058
 544.57152 19.334 0.053
 544.61579 19.063 0.047
 544.66103 19.648 0.080
 551.51695 19.223 0.047
 552.52840 19.101 0.047
 553.53377 18.801 0.044
 554.51047 19.568 0.094
 554.59592 18.782 0.065
 555.51679 19.215 0.107
 557.61738 19.394 0.098
 558.56414 18.888 0.081
 559.54798 18.902 0.056
 560.52601 19.889 0.153
 561.52603 19.547 0.095
 562.52759 19.652 0.118
 564.52879 19.093 0.065
 565.53457 18.825 0.047
 566.52855 19.340 0.068
 567.52963 19.425 0.065
 568.51488 19.906 0.188
 569.52466 19.305 0.078
 571.51052 18.923 0.052
 572.54077 18.866 0.050
 574.50270 19.459 0.071
 575.50129 19.204 0.080
 577.51027 18.982 0.052
 578.52381 18.660 0.045
 582.50598 19.066 0.075
 583.50873 18.980 0.053
 672.89418 19.440 0.065
 689.87818 19.469 0.072
 699.87939 19.148 0.056
 701.84501 19.491 0.105
 704.88752 19.437 0.091
 706.86892 19.158 0.072
 714.84478 19.684 0.087
 716.80097 19.527 0.080
 720.85730 19.148 0.065
 728.79614 19.388 0.061
 729.79618 19.644 0.100
 730.75171 18.987 0.045
 733.84273 19.771 0.153
 741.84595 19.725 0.103
 745.80081 19.373 0.071
 747.84918 19.373 0.065
 753.80305 19.428 0.079
 759.83761 19.599 0.088
 766.81173 19.296 0.092
 772.83087 19.379 0.078
 775.81258 18.888 0.040
 779.83123 19.334 0.064
 787.80762 19.073 0.048
 789.79164 19.418 0.077
 790.80211 19.695 0.092
 795.75975 19.485 0.074
 796.83164 19.599 0.086
 797.75941 19.495 0.073
 798.73138 19.043 0.048
 805.81627 19.023 0.071
 816.78729 19.343 0.061
 817.70653 19.066 0.046
 819.80620 18.973 0.059
 822.82041 19.257 0.051
 824.84966 19.279 0.074
 826.67316 19.221 0.065
 829.74374 19.325 0.078
 832.69996 19.514 0.074
 836.79878 19.066 0.064
 840.67815 19.137 0.075
 843.67858 19.091 0.052
 850.65218 19.688 0.096
 854.69001 19.132 0.066
 855.65690 18.797 0.058
 856.62322 19.677 0.115
 858.59578 18.932 0.050
 875.57111 19.574 0.078
 880.55667 20.065 0.136
 887.56998 19.346 0.080
 892.69829 19.078 0.058
 895.54440 19.331 0.085
 898.55129 19.551 0.067
 922.61861 19.282 0.074
 928.54458 18.958 0.070
 933.57625 19.071 0.065
 947.51589 18.560 0.059
 952.50975 19.124 0.062
1045.90435 19.021 0.066
1051.88457 18.806 0.049
1052.91981 18.839 0.059
1053.90004 19.847 0.092
1054.91570 19.254 0.061
1055.88820 19.707 0.135
1059.90097 19.422 0.097
1061.91073 19.226 0.085
1069.85816 18.937 0.049
1076.88010 19.006 0.051
1087.83031 18.965 0.051
1091.83282 19.379 0.093
1102.81522 19.428 0.054
1106.87024 19.148 0.056
1107.79803 18.980 0.050
1113.81080 18.914 0.045
1119.81552 18.898 0.045
1128.82378 19.491 0.077
1131.70933 18.902 0.068
1132.76136 19.428 0.074
1136.79468 19.317 0.058
1138.82111 18.882 0.043
1142.68580 19.135 0.044
1144.75470 18.977 0.044
1151.78057 19.358 0.072
1155.77988 19.041 0.052
1158.77737 20.180 0.151
1161.75530 19.018 0.040
1165.77603 19.248 0.063
1169.77090 18.814 0.045
1174.74472 19.111 0.052
1179.76155 19.226 0.077
1181.83363 19.145 0.072
1186.78804 19.308 0.054
1187.84929 19.137 0.051
1192.69517 18.949 0.043
1196.72806 19.554 0.110
1201.73693 19.699 0.115
1203.75674 19.400 0.070
1207.61363 19.361 0.083
1211.65138 18.843 0.046
1214.65229 19.437 0.087
1217.62712 18.845 0.043
1220.63196 19.265 0.062
1223.65819 19.053 0.053
1225.59915 19.122 0.046
1227.67964 19.722 0.150
1231.57556 20.069 0.160
1234.62378 19.370 0.087
1236.63130 18.689 0.059
1240.58375 19.340 0.073
1242.68544 18.902 0.060
1244.63507 19.428 0.079
1247.56566 19.182 0.073
1256.55035 19.568 0.118
1260.57588 18.795 0.041
1265.55080 19.364 0.076
1274.52871 19.554 0.114
1277.53299 19.291 0.081
1281.56147 19.343 0.092
1288.53122 19.201 0.085
1290.59865 19.251 0.078
1296.53599 19.161 0.078
1298.57390 18.845 0.076
1301.51567 19.311 0.092
1305.56144 19.588 0.102
1308.49096 19.403 0.079
1313.53748 19.740 0.155
1316.52933 19.148 0.040
1319.50562 19.450 0.080
1329.49943 18.985 0.076
1330.49895 19.403 0.119
1335.47533 19.081 0.075
1342.47415 19.860 0.162
1412.86397 19.296 0.080
1418.86119 19.340 0.077
1430.91575 19.412 0.095
1432.84957 19.048 0.076
1435.82558 19.226 0.087
1437.80949 19.201 0.076
1440.85713 19.485 0.093
1446.86919 19.482 0.105
1447.89473 19.581 0.119
1451.87899 18.977 0.056
1459.79648 19.740 0.102
1462.80077 19.243 0.084
1470.86111 18.961 0.049
1475.77374 18.980 0.051
1478.72911 19.588 0.108
1481.70275 18.982 0.068
1484.85220 19.602 0.084
1487.74913 19.001 0.049
1490.72899 19.305 0.080
1492.72211 19.099 0.059
1495.72059 19.652 0.095
1499.67837 18.739 0.052
1502.67364 19.537 0.101
1505.71423 19.073 0.056
1507.84766 18.968 0.058
1510.82366 19.226 0.066
1512.72042 19.177 0.084
1514.83153 18.773 0.049
1517.66697 19.099 0.066
1519.74062 18.884 0.041
1521.67635 19.382 0.071
1523.79710 19.485 0.111
1525.79149 19.009 0.046
1527.72042 19.602 0.080
1528.76679 19.140 0.055
1529.78785 19.456 0.069
1531.78100 19.058 0.058
1538.73752 18.817 0.041
1541.69361 19.288 0.047
1542.72349 19.201 0.065
1544.64951 19.744 0.095
1547.77643 19.355 0.060
1548.75403 19.285 0.057
1549.74830 19.132 0.044
1552.61304 19.403 0.065
1554.73952 19.440 0.061
1555.74620 19.240 0.052
1562.74917 19.096 0.071
1564.62777 19.331 0.096
1567.72032 19.201 0.076
1570.62566 19.343 0.068
1574.75235 19.101 0.050
1577.70203 19.434 0.074
1580.73808 19.223 0.060
1583.62346 19.331 0.067
1586.62372 18.994 0.046
1589.62828 19.714 0.106
1592.62004 18.977 0.050
1595.66594 19.475 0.093
1599.60564 18.730 0.036
1601.68362 19.508 0.099
1604.56515 18.817 0.051
1606.60002 19.561 0.098
1609.64138 19.248 0.065
1610.62651 19.268 0.068
1613.51753 19.524 0.102
1615.54948 19.043 0.052
1617.62087 18.994 0.047
1619.60450 19.352 0.088
1620.55569 19.229 0.092
1622.50585 19.237 0.078
1624.50240 19.517 0.111
1626.50324 19.919 0.160
1627.62435 19.271 0.084
1629.50340 18.769 0.046
1630.58479 18.795 0.044
1632.52133 19.397 0.079
1634.49905 19.041 0.055
1643.49096 19.475 0.122
1646.48994 19.041 0.075
1654.52839 18.762 0.057
1656.51459 19.373 0.073
1659.52205 18.963 0.067
1661.54600 18.703 0.047
1663.57127 19.394 0.070
1667.51293 19.174 0.086
1670.53467 19.450 0.097
1673.50513 18.946 0.074
1681.47505 19.972 0.312
1694.47952 19.541 0.119
1769.86660 18.975 0.058
1771.89343 18.797 0.068
1772.87329 19.613 0.093
1775.87437 19.418 0.077
1784.85894 19.462 0.105
1789.84766 18.830 0.031
1804.79729 19.524 0.096
1808.87785 19.135 0.069
1812.79238 19.322 0.060
1816.80375 19.434 0.066
1821.79430 19.595 0.084
1823.83642 19.293 0.061
1826.81950 18.875 0.050
1829.79316 19.488 0.104
1830.80647 19.023 0.064
1834.84545 19.221 0.075
1845.84290 18.821 0.040
1851.84027 19.026 0.071
1859.78258 19.764 0.098
1861.79980 19.581 0.090
1864.77723 18.999 0.044
1865.75744 19.630 0.078
1867.81121 19.534 0.075
1868.79679 19.212 0.048
1870.73008 19.514 0.074
1871.81408 19.325 0.057
1873.77363 19.385 0.066
2123.93450 19.778 0.139
2130.92356 19.691 0.150
2131.92535 19.505 0.146
2132.92352 19.412 0.119
2134.92508 19.125 0.087
2140.92475 19.049 0.078
2142.91199 19.371 0.119
2144.92237 19.374 0.092
2156.89607 19.661 0.187
2161.86302 19.415 0.134
2173.87628 19.451 0.082
2190.80798 19.373 0.087
2192.84593 19.343 0.082
2201.83238 19.053 0.056
2214.81394 19.014 0.074
2221.75684 19.440 0.116
2224.76955 19.326 0.083
2227.67217 19.441 0.093
2229.68563 19.365 0.104
2230.82979 19.484 0.096
2237.76461 19.160 0.066
2241.68986 19.433 0.111
2243.74372 19.135 0.078
2247.82559 19.701 0.119
2248.82818 19.369 0.069
2250.81497 19.338 0.082
2252.67528 19.568 0.110
2254.66634 19.318 0.072
2257.67301 18.907 0.052
2260.67972 19.358 0.098
2264.68510 19.576 0.097
2266.67121 19.252 0.077
2270.67890 19.631 0.097
2271.81926 18.722 0.036
2272.82721 19.726 0.136
2274.66473 19.188 0.084
2276.77484 18.990 0.061
2277.82814 18.884 0.047
2279.84574 19.478 0.085
2280.81929 19.409 0.121
2282.70891 18.808 0.048
2283.87005 18.957 0.071
2288.77751 19.057 0.092
2290.81480 19.079 0.075
2292.78782 19.482 0.122
2294.76415 19.152 0.108
2296.77979 19.311 0.128
2298.73650 19.517 0.120
2300.74697 19.211 0.105
2302.72365 19.981 0.213
2323.59973 19.100 0.052
2327.58515 19.389 0.105
2333.59517 19.464 0.135
2339.57156 19.394 0.086
2345.53263 19.456 0.107
2351.51076 19.506 0.098
2369.50827 19.503 0.109
2385.49396 19.263 0.120
2529.83955 19.620 0.119
2539.84198 19.186 0.088
2545.81155 18.981 0.075
2552.86519 19.269 0.099
2556.85656 19.381 0.081
2560.76498 19.471 0.090
2564.87325 19.179 0.075
2573.86996 19.436 0.107
2578.79432 19.707 0.134
2583.84872 19.120 0.089
2590.75492 19.377 0.089
2596.76753 19.034 0.083
2605.79479 19.381 0.091
2609.76695 19.695 0.155
2614.72524 18.739 0.066
2618.78021 19.206 0.078
2621.70532 19.580 0.080
2624.61127 19.117 0.086
2627.70978 19.503 0.155
2629.73273 19.475 0.095
2632.65867 18.830 0.052
2635.70591 19.393 0.068
2638.67689 18.847 0.052
2640.77378 19.073 0.071
2642.73000 19.330 0.115
2644.73270 19.050 0.062
2646.68693 19.435 0.106
2650.74250 19.229 0.081
2652.79989 18.912 0.051
2654.76530 19.629 0.125
2656.67072 19.018 0.068
2658.63247 19.550 0.104
2660.65080 19.442 0.092
2662.66174 19.053 0.065
2664.64180 19.734 0.121
2666.70519 19.570 0.078
2668.69131 19.220 0.078
2670.65343 19.047 0.092
2672.79219 19.655 0.122
2674.69294 19.321 0.086
2676.68205 18.810 0.050
2678.73530 19.841 0.147
2680.64606 19.105 0.071
2682.69211 19.005 0.086
2687.57192 18.841 0.065
2693.53115 18.870 0.052
2696.56788 19.813 0.158
2701.54953 19.655 0.144
2707.55130 19.777 0.149
2714.54340 19.739 0.162
2839.92000 19.298 0.090
2867.89101 19.554 0.120
2885.86870 18.840 0.054
2892.89721 19.397 0.108
2897.86612 18.819 0.061
2907.78634 19.227 0.077
2911.82373 19.401 0.069
2916.87415 18.817 0.047
2922.85785 18.962 0.093
2926.78955 19.106 0.066
2930.85923 19.534 0.105
2934.76126 18.987 0.053
2940.74111 19.090 0.061
2943.74630 19.293 0.090
2947.75495 19.571 0.107
2949.84495 19.394 0.071
2953.71209 19.618 0.122
2956.73743 19.254 0.063
2958.76379 19.053 0.080
2962.77629 19.423 0.073
2965.79932 19.025 0.064
2968.66661 19.245 0.089
2973.79011 19.401 0.074
2976.80254 19.187 0.069
2978.71019 19.640 0.118
2980.72261 19.437 0.083
2982.71533 19.011 0.061
2984.76246 18.951 0.059
2986.84513 19.782 0.155
2988.81550 19.197 0.072
2989.77081 19.005 0.054
2991.66595 19.626 0.113
2993.68638 19.207 0.085
2995.75421 19.047 0.053
2997.73190 19.403 0.093
3001.79094 19.171 0.070
3003.76159 19.277 0.081
3005.72343 19.397 0.085
3007.64485 18.869 0.050
3009.64270 19.485 0.096
3011.74228 19.608 0.145
3017.74779 19.435 0.091
3019.67582 19.069 0.073
3021.79439 18.911 0.053
3023.65617 19.403 0.067
3025.62407 19.054 0.058
3027.67345 19.149 0.061
3029.65848 19.471 0.083
3031.72840 19.478 0.097
3033.79204 19.013 0.050
3035.79887 19.746 0.109
3038.77649 19.214 0.084
3041.61700 19.642 0.155
3043.65104 18.939 0.076
3045.71396 18.941 0.065
3047.66771 19.418 0.101
3048.59649 19.316 0.057
3050.61600 18.928 0.043
3052.61720 19.790 0.121
3054.61742 19.389 0.095
3056.60987 19.101 0.057
3058.60386 19.774 0.129
3060.65346 19.604 0.105
3068.53938 19.120 0.085
3070.60029 19.682 0.183
3073.63148 19.786 0.174
3076.54509 19.863 0.217
3078.64050 19.444 0.083
3082.61831 18.836 0.041
3085.51940 19.315 0.093
3087.65759 19.322 0.123
3090.62374 19.536 0.110
3096.53962 19.810 0.187
3099.60940 19.172 0.111
3102.58801 19.503 0.109
3104.57473 19.300 0.090
3107.55843 19.406 0.130
3110.55650 19.503 0.119
3113.53441 19.321 0.106
3128.50692 19.380 0.113
3140.51391 19.707 0.119
3216.87814 18.930 0.088
3248.86326 19.151 0.093
3257.89160 19.424 0.081
3264.81294 19.177 0.053
3270.87973 19.257 0.073
3274.76538 19.551 0.147
3277.88741 19.191 0.074
3287.76907 19.525 0.091
3295.72749 19.013 0.047
3297.71946 19.590 0.071
3299.78378 19.515 0.061
3301.78100 19.401 0.126
3304.84134 18.806 0.054
3309.74710 18.809 0.049
3311.74507 19.483 0.084
3320.78803 19.291 0.064
3323.73416 19.336 0.080
3327.76000 19.040 0.061
3330.71865 19.366 0.112
3334.81758 19.073 0.072
3338.86601 19.541 0.117
3339.76535 18.987 0.063
3354.78126 19.679 0.126
3358.82996 19.206 0.065
3365.76005 18.818 0.052
3372.77645 18.909 0.056
3378.68907 19.921 0.144
3391.75682 19.591 0.110
3399.72563 19.450 0.101
3403.71297 19.651 0.110
3406.68250 19.207 0.052
3410.63545 19.337 0.063
3415.63265 19.423 0.073
3427.59637 19.892 0.148
3433.61897 19.087 0.076
3438.54817 18.752 0.040
3446.50533 19.367 0.096
3455.52866 19.419 0.142
3461.52273 19.128 0.078
3473.48206 19.263 0.094
3575.94071 20.009 0.193
3592.93256 18.925 0.043
3619.83448 19.563 0.092
3629.90796 19.000 0.068
3633.87299 19.278 0.079
3639.78547 19.189 0.058
3644.82209 19.283 0.057
3651.76525 19.262 0.070
3654.81277 18.898 0.049
3658.77679 19.175 0.084
3661.84749 18.915 0.072
3668.82022 19.616 0.115
3672.80849 18.953 0.056
3676.76528 19.230 0.072
3684.82727 19.035 0.051
3687.80168 19.349 0.067
3690.72154 18.936 0.064
3693.75556 19.274 0.078
3695.78832 19.334 0.070
3698.77007 19.729 0.138
3700.79865 19.547 0.084
3703.72953 18.721 0.039
3705.79670 19.521 0.074
3708.78463 19.332 0.092
3712.74225 19.543 0.087
3714.81248 19.342 0.064
3717.67492 19.433 0.086
3719.84744 19.546 0.125
3721.80841 19.176 0.065
3726.70425 19.476 0.125
3730.73649 19.512 0.072
3732.72858 19.247 0.058
3734.85942 19.200 0.073
3737.76036 19.408 0.056
3739.83034 19.406 0.072
3741.84328 19.108 0.088
3743.74041 19.534 0.099
3746.78292 19.247 0.095
3748.73612 19.591 0.113
3749.74170 19.332 0.098
3751.75306 19.326 0.081
3753.70456 18.843 0.048
3755.70556 19.479 0.084
3757.69542 19.064 0.063
3759.76021 18.970 0.049
3762.78172 19.540 0.109
3765.76881 18.996 0.044
3770.64132 19.138 0.051
3773.70740 19.829 0.143
3776.67772 19.098 0.077
3779.63230 19.826 0.199
3782.74590 19.337 0.092
3787.60911 19.416 0.087
3792.55983 19.356 0.083
3800.54182 18.900 0.055
3809.54906 19.737 0.156
3823.50916 19.234 0.078
3946.93135 19.526 0.137
3964.88773 19.497 0.076
3969.91854 19.421 0.084
3981.88634 19.576 0.126
3989.91496 19.856 0.201
3998.87866 19.058 0.056
3999.84114 19.451 0.075
4001.89016 19.404 0.060
4004.85413 18.968 0.047
4005.86808 18.637 0.038
4008.73435 19.049 0.052
4011.90124 19.030 0.088
4018.86402 19.464 0.081
4024.73147 19.454 0.076
4026.80453 19.382 0.067
4029.75376 18.977 0.063
4032.76906 19.801 0.162
4038.73513 19.407 0.085
4041.69639 19.119 0.068
4043.70124 19.485 0.110
4049.66390 19.366 0.078
4052.72531 19.197 0.068
4054.71211 20.026 0.208
4056.77013 19.562 0.097
4058.80246 19.301 0.059
4063.70106 19.362 0.064
4066.75837 18.841 0.048
4068.66326 19.511 0.078
4070.68835 19.201 0.071
4074.75598 19.410 0.109
4077.80450 19.456 0.089
4079.84939 19.113 0.069
4083.69496 19.130 0.090
4085.76069 18.813 0.056
4093.74522 19.572 0.071
4105.81779 19.072 0.070
4109.78766 19.163 0.058
4113.74349 19.289 0.059
4120.77372 19.346 0.074
4122.73018 19.074 0.055
4125.78445 19.782 0.143
4132.67221 19.117 0.079
4142.72319 19.642 0.160
4156.55829 19.205 0.072
4168.51294 19.161 0.078
4197.49220 19.368 0.108
4341.92462 19.126 0.095
4347.87554 19.188 0.077
4353.80951 19.209 0.077
4358.90781 19.479 0.113
4364.87223 19.581 0.125
4367.89668 19.285 0.093
4371.76197 19.339 0.086
4377.81834 19.456 0.099
4380.83327 18.785 0.051
4386.80899 18.843 0.072
4390.77090 19.242 0.076
4394.72705 19.394 0.084
4399.74500 19.800 0.225
4412.72350 19.457 0.103
4418.81690 19.424 0.078
4421.86271 19.480 0.120
4426.76061 19.426 0.136
4430.68799 19.390 0.135
4432.74718 19.489 0.083
4436.78711 18.812 0.067
4439.85219 19.660 0.166
4443.74022 19.417 0.121
4449.70309 19.326 0.075
4451.71284 19.298 0.098
4455.71192 19.528 0.119
4457.74238 19.308 0.092
4460.81402 19.015 0.091
4463.73231 19.513 0.087
4466.72131 18.936 0.050
4470.66877 19.047 0.069
4473.71150 19.168 0.078
4477.76998 19.404 0.107
4482.77380 19.489 0.131
4486.75162 19.299 0.095
4491.72515 19.113 0.102
4494.67051 19.732 0.162
4498.70324 19.280 0.079
4501.70049 19.379 0.104
4506.63461 19.353 0.095
4508.65764 19.233 0.075
4510.72722 18.922 0.065
4517.66144 19.734 0.159
4521.64198 19.041 0.073
4524.60471 19.544 0.110
4530.63068 19.405 0.096
4532.65643 19.347 0.098
4536.62867 19.594 0.116
4539.51064 18.934 0.065
4541.61978 19.556 0.130
