2115.78469 15.854 0.008
2128.63809 15.994 0.007
2131.66757 16.149 0.010
2135.51726 15.807 0.007
2138.67138 16.183 0.010
2143.58442 15.643 0.008
2162.58569 16.275 0.010
2170.49213 16.045 0.008
2173.56524 16.273 0.012
2183.50180 16.298 0.012
2195.54728 16.130 0.011
2324.89115 15.827 0.009
2341.88333 16.091 0.009
2350.90050 16.227 0.009
2359.86082 16.065 0.009
2370.90182 16.073 0.009
2384.73926 15.891 0.008
2388.74220 15.732 0.008
2390.71190 16.142 0.011
2397.92196 16.416 0.012
2401.67262 16.056 0.009
2403.73370 16.403 0.010
2405.66982 15.932 0.008
2410.74972 15.904 0.005
2415.67161 16.122 0.012
2417.73326 15.689 0.007
2425.63233 16.239 0.013
2431.68177 15.657 0.007
2433.65794 16.098 0.009
2435.77688 15.698 0.007
2439.60007 16.262 0.009
2441.60870 15.755 0.007
2444.59654 15.953 0.008
2446.60830 16.255 0.010
2452.58986 15.667 0.008
2458.70962 16.167 0.009
2462.69529 16.098 0.008
2464.51090 16.152 0.010
2466.83140 16.160 0.012
2468.54180 16.134 0.008
2470.55175 16.295 0.010
2474.69447 15.699 0.007
2483.48927 15.891 0.008
2489.75491 15.758 0.007
2492.70308 15.704 0.008
2495.49580 16.414 0.012
2497.55633 16.116 0.008
2499.59385 16.304 0.009
2501.61988 16.110 0.008
2503.56795 16.309 0.019
2511.60020 16.229 0.011
2518.55077 16.189 0.009
2521.54693 16.262 0.010
2529.66730 16.240 0.010
2537.53777 15.957 0.010
2540.55000 16.105 0.010
2545.55338 15.693 0.008
2550.53892 16.269 0.011
2555.50118 15.865 0.009
2560.57692 16.345 0.015
2566.55409 15.898 0.010
2700.88197 16.130 0.009
2712.85269 15.733 0.007
2727.82152 16.405 0.010
2732.83528 16.127 0.009
2743.82707 16.099 0.009
2748.84642 15.674 0.008
2755.84616 15.744 0.007
2759.83516 15.982 0.008
2765.86732 16.048 0.008
2769.90852 16.008 0.008
2782.77714 16.118 0.010
2784.77113 16.415 0.010
2786.66446 15.824 0.008
2788.76825 16.305 0.008
2790.85292 16.068 0.009
2795.58414 16.184 0.007
2797.57193 16.307 0.010
2802.64320 16.262 0.011
2808.68745 15.718 0.009
2810.61433 16.085 0.010
2812.58878 16.322 0.010
2814.58842 15.919 0.008
2815.62322 15.673 0.007
2817.65372 16.132 0.010
2819.54168 16.285 0.010
2821.51915 15.833 0.009
2830.56194 16.260 0.011
2835.49814 15.929 0.010
2836.62992 15.820 0.010
2838.62029 16.212 0.010
2840.54174 16.396 0.011
2842.59540 16.113 0.009
2844.65534 15.771 0.007
2849.47744 16.005 0.009
2851.58823 16.340 0.010
2853.59911 16.086 0.009
2855.64884 16.382 0.013
2857.77436 16.189 0.011
2860.61723 16.135 0.011
2863.70452 16.320 0.013
2867.55780 16.102 0.010
2870.63120 16.246 0.010
2872.68171 15.933 0.008
2876.62681 15.670 0.007
2879.56307 15.736 0.007
2884.59053 16.270 0.010
2888.56662 16.203 0.017
2894.65234 15.704 0.009
2897.66167 15.933 0.009
2906.62140 16.271 0.011
2910.61389 16.170 0.011
2912.60044 15.981 0.009
2923.58041 16.414 0.012
2933.57454 15.714 0.008
3047.86611 16.394 0.011
3056.87365 16.047 0.009
3060.89314 15.966 0.008
3066.88653 16.188 0.008
3069.83914 16.282 0.010
3071.84675 15.783 0.007
3074.83434 15.968 0.008
3076.87160 16.320 0.010
3078.88116 15.937 0.009
3081.77445 15.922 0.008
3083.89990 16.421 0.009
3085.91623 16.060 0.009
3087.91538 16.329 0.010
3088.73113 15.871 0.007
3090.82971 16.344 0.009
3092.80577 15.918 0.008
3097.76853 16.265 0.010
3099.76285 15.881 0.008
3101.70431 16.177 0.013
3103.70713 15.948 0.010
3105.76651 16.138 0.015
3107.84752 15.747 0.007
3109.68484 15.981 0.008
3110.69546 15.661 0.007
3112.69595 16.108 0.009
3113.73914 15.948 0.007
3114.91340 15.976 0.007
3115.73283 16.250 0.009
3118.71417 16.353 0.011
3122.74740 16.291 0.010
3124.92393 16.143 0.010
3126.66294 16.154 0.009
3127.66499 15.923 0.008
3128.68341 15.929 0.008
3129.66281 16.271 0.011
3130.82528 16.278 0.011
3131.82473 16.092 0.010
3134.63207 15.895 0.009
3135.69834 15.687 0.007
3138.89543 16.184 0.009
3139.69421 16.318 0.009
3140.66168 16.210 0.009
3141.82535 16.209 0.008
3144.65761 16.145 0.009
3145.72544 16.028 0.009
3147.81905 16.384 0.010
3152.62330 15.880 0.007
3153.62469 16.398 0.011
3153.91168 16.109 0.009
3154.70093 16.303 0.010
3156.60907 15.685 0.007
3158.64952 16.169 0.010
3162.66666 16.137 0.008
3163.58490 15.713 0.006
3163.90629 16.223 0.010
3164.57833 16.305 0.009
3165.57802 16.157 0.009
3166.78891 16.181 0.010
3167.80360 16.037 0.008
3168.61915 16.275 0.009
3169.58945 16.108 0.008
3170.68435 15.988 0.006
3171.60229 16.398 0.009
3172.59202 16.173 0.008
3174.57802 15.826 0.007
3174.89715 16.191 0.009
3175.57925 16.253 0.008
3176.60523 16.146 0.009
3178.64109 15.871 0.007
3179.66551 16.266 0.008
3180.54004 15.948 0.008
3182.57444 16.299 0.010
3182.61365 16.359 0.010
3183.54718 16.104 0.008
3183.57731 16.143 0.008
3184.55733 15.843 0.007
3184.82415 16.247 0.009
3185.64099 15.667 0.006
3191.85668 16.259 0.010
3193.72827 16.089 0.008
3194.70375 16.257 0.009
3195.51255 15.664 0.006
3196.51091 16.290 0.012
3197.74664 16.420 0.010
3199.54660 15.957 0.008
3202.60647 15.946 0.009
3203.55051 16.412 0.009
3205.54703 16.013 0.007
3206.52905 15.761 0.006
3207.53208 16.267 0.010
3210.75964 15.985 0.007
3211.51841 16.219 0.009
3212.51344 16.016 0.009
3217.52393 16.353 0.009
3218.52130 16.277 0.011
3223.51271 15.925 0.008
3224.52813 15.885 0.007
3226.48306 16.067 0.009
3229.49163 16.158 0.008
3230.53162 16.025 0.008
3239.64022 15.724 0.007
3241.52762 15.952 0.010
3246.52831 16.419 0.011
3248.53593 16.026 0.009
3250.52085 16.265 0.009
3251.66455 16.263 0.010
3254.52314 16.229 0.010
3257.66063 15.657 0.006
3262.50425 16.076 0.009
3266.48564 15.916 0.009
3268.50882 16.251 0.009
3270.55237 15.900 0.010
3273.57079 16.097 0.010
3277.56115 15.990 0.008
3279.55574 16.270 0.010
3285.47870 16.415 0.017
3287.47996 16.092 0.011
3291.53848 16.053 0.008
3307.53458 16.438 0.016
3431.87797 16.106 0.008
3438.87615 15.687 0.006
3444.81279 15.909 0.006
3446.83776 16.246 0.009
3448.86741 15.885 0.006
3450.90641 16.262 0.008
3454.81326 16.125 0.011
3456.82087 16.400 0.009
3467.75922 16.272 0.009
3469.89476 16.091 0.007
3471.77145 16.255 0.010
3473.92545 16.064 0.008
3477.88469 15.837 0.006
3478.71364 16.194 0.008
3478.74871 16.273 0.008
3478.80519 16.285 0.008
3478.85450 16.369 0.007
3478.88480 16.434 0.009
3479.73217 16.039 0.007
3479.74471 16.057 0.007
3479.74874 16.061 0.007
3479.77576 16.093 0.007
3479.80175 16.131 0.007
3479.82857 16.149 0.007
3479.85953 16.168 0.007
3479.88944 16.225 0.008
3479.92755 16.269 0.008
3480.68349 15.919 0.007
3480.70993 15.658 0.006
3480.73878 15.717 0.006
3480.80626 15.874 0.006
3480.84008 15.945 0.007
3480.87422 16.023 0.007
3480.92672 16.111 0.007
3481.67365 16.259 0.009
3481.72792 16.308 0.009
3481.75400 16.363 0.009
3481.78037 16.399 0.008
3481.80090 16.404 0.008
3481.82187 16.284 0.008
3481.83679 16.017 0.007
3481.85214 15.788 0.006
3481.86802 15.654 0.006
3481.88676 15.693 0.006
3481.89954 15.710 0.006
3481.91101 15.734 0.006
3481.92245 15.775 0.006
3481.93137 15.792 0.007
3481.93428 15.814 0.008
3482.67020 16.090 0.008
3482.68206 16.115 0.008
3482.71045 16.134 0.008
3482.82251 16.253 0.008
3482.84869 16.252 0.008
3482.90738 16.356 0.008
3482.92881 16.402 0.009
3483.67386 15.778 0.006
3483.77505 16.010 0.007
3483.83617 16.106 0.008
3483.88772 16.162 0.008
3484.67584 16.411 0.013
3484.71331 16.375 0.013
3484.85608 15.820 0.007
3486.71030 16.060 0.009
3490.80250 16.091 0.008
3491.81200 15.816 0.006
3491.90582 16.012 0.007
3492.80402 16.389 0.009
3496.67805 16.164 0.009
3496.73490 16.226 0.008
3496.81588 16.295 0.009
3496.92445 16.264 0.010
3497.71231 16.005 0.008
3497.80534 16.139 0.008
3497.93539 16.264 0.010
3498.88530 16.020 0.007
3499.66961 16.264 0.009
3499.84384 16.019 0.006
3500.68805 16.106 0.008
3500.80706 16.226 0.008
3500.92533 16.372 0.009
3501.67662 15.778 0.007
3501.79782 16.027 0.006
3502.64063 16.299 0.009
3502.77917 15.657 0.006
3502.93698 16.012 0.008
3503.64649 16.134 0.007
3503.80676 16.321 0.008
3504.66292 15.962 0.008
3504.81078 16.151 0.007
3506.73808 16.369 0.009
3506.84574 15.666 0.006
3506.87582 15.722 0.006
3508.73915 15.978 0.007
3508.82649 16.117 0.008
3509.63411 16.370 0.009
3509.77359 15.691 0.006
3509.85082 15.876 0.006
3509.91094 16.006 0.007
3510.77938 16.338 0.009
3510.87790 16.028 0.007
3511.67506 16.041 0.007
3511.78822 16.168 0.007
3512.69612 15.756 0.007
3512.81424 15.991 0.008
3512.85601 16.074 0.008
3517.70352 16.253 0.013
3517.78192 16.387 0.015
3517.84923 16.032 0.008
3520.62704 16.280 0.009
3520.80297 15.687 0.006
3521.64371 16.157 0.007
3521.73302 16.275 0.008
3521.84674 16.406 0.010
3522.61718 15.845 0.006
3522.73219 16.070 0.007
3523.68083 15.698 0.006
3523.85573 16.013 0.008
3524.61527 16.217 0.007
3524.76092 16.434 0.009
3524.81739 16.039 0.007
3524.87467 15.705 0.006
3525.65564 16.093 0.007
3525.73516 16.165 0.008
3525.84307 16.259 0.008
3526.73888 15.967 0.007
3526.82033 16.101 0.007
3526.87391 16.140 0.008
3527.62677 16.329 0.009
3527.72094 16.064 0.007
3527.81760 15.789 0.007
3528.59279 16.138 0.008
3528.65964 16.187 0.008
3528.74120 16.248 0.008
3529.63391 15.945 0.006
3529.68221 16.042 0.005
3529.86029 16.263 0.008
3530.59567 16.393 0.008
3530.68198 15.683 0.005
3530.74029 15.833 0.006
3530.78025 15.925 0.006
3537.75667 15.938 0.007
3538.62165 16.260 0.008
3538.68337 16.363 0.008
3538.74022 16.315 0.008
3538.81106 15.685 0.006
3539.74726 16.278 0.008
3540.68826 15.993 0.007
3541.80368 15.888 0.007
3541.84271 15.965 0.007
3547.77583 16.142 0.008
3550.67335 16.125 0.007
3550.72595 16.179 0.007
3551.70237 15.944 0.005
3552.70984 15.908 0.006
3553.68475 16.273 0.009
3554.76746 16.145 0.008
3555.71959 15.835 0.007
3556.64754 16.290 0.008
3558.54660 15.657 0.006
3559.57515 16.343 0.010
3560.55592 16.141 0.008
3562.79677 16.050 0.007
3563.68165 16.413 0.009
3568.79724 16.275 0.009
3569.75543 16.039 0.008
3573.65826 15.679 0.007
3574.51423 16.154 0.008
3575.74096 16.255 0.008
3576.47772 16.419 0.009
3577.53357 16.247 0.008
3578.48293 16.062 0.007
3579.53787 15.845 0.006
3580.50465 16.366 0.009
3581.51097 16.185 0.008
3582.49317 15.959 0.007
3583.67387 15.987 0.007
3584.49537 16.262 0.009
3585.48624 16.090 0.007
3586.47348 15.769 0.007
3587.65586 15.803 0.007
3589.48192 15.996 0.007
3590.52574 15.727 0.006
3592.61022 16.282 0.008
3593.63379 16.110 0.007
3594.72552 16.017 0.008
3601.50220 15.886 0.007
3602.66064 15.939 0.007
3603.53794 16.135 0.008
3604.47943 15.777 0.006
3607.50266 16.020 0.007
3608.58104 15.844 0.007
3617.54965 16.213 0.008
3618.52260 15.985 0.007
3619.49579 16.089 0.008
3620.50622 16.266 0.008
3622.48558 15.775 0.006
3628.55742 16.186 0.009
3629.50460 15.874 0.007
3631.54422 16.249 0.010
3632.57454 16.133 0.009
3634.50469 16.335 0.009
3639.51066 16.101 0.007
3644.52220 15.672 0.006
3649.52586 16.284 0.008
3650.52854 16.096 0.008
3651.53315 15.772 0.007
3655.49980 16.238 0.009
3656.57284 16.346 0.011
3660.56718 16.283 0.011
3665.49943 15.837 0.007
3666.50313 16.411 0.010
3774.84921 16.098 0.008
3777.83387 16.155 0.009
3778.83521 15.973 0.008
3782.86963 15.904 0.007
3783.87165 16.181 0.007
3785.85973 16.060 0.007
3786.88935 15.810 0.007
3790.85988 15.909 0.008
3793.84986 15.763 0.006
3795.89284 16.269 0.008
3803.91072 16.122 0.009
3804.83836 15.669 0.006
3805.87570 16.368 0.009
3806.87865 16.169 0.008
3809.84907 16.263 0.009
3810.89711 16.128 0.008
3812.76605 16.257 0.010
3814.75663 15.768 0.007
3818.81758 15.768 0.006
3820.84492 16.199 0.008
3821.85496 16.052 0.007
3822.89981 15.803 0.006
3823.86337 16.328 0.008
3825.88679 15.989 0.007
3826.86418 16.010 0.007
3827.88577 16.254 0.008
3828.85983 16.098 0.008
3829.83757 15.727 0.006
3830.84786 16.359 0.008
3832.82162 15.908 0.006
3833.69596 16.254 0.009
3834.83793 16.246 0.008
3835.78836 16.027 0.007
3836.78641 15.682 0.006
3837.78330 16.276 0.009
3838.78749 16.127 0.009
3839.78343 15.885 0.007
3840.79053 16.264 0.008
3841.76861 16.241 0.009
3842.79290 16.095 0.010
3846.77407 15.930 0.007
3847.84971 15.749 0.006
3848.79771 16.265 0.008
3849.80012 16.122 0.008
3850.74377 15.715 0.006
3851.75366 16.348 0.010
3852.74219 16.145 0.009
3853.73491 15.909 0.006
3856.72382 16.075 0.008
3858.78397 16.385 0.009
3859.68119 16.134 0.009
3860.87411 16.164 0.009
3861.71598 16.008 0.008
3862.72940 16.236 0.008
3863.74105 16.116 0.007
3864.73420 15.829 0.006
3865.61957 16.260 0.009
3866.61978 16.092 0.008
3867.77249 16.098 0.008
3868.61904 16.427 0.011
3869.78374 16.422 0.013
3873.60458 16.106 0.008
3874.82817 16.160 0.008
3875.59974 16.406 0.009
3876.70823 16.298 0.008
3877.59434 16.001 0.007
3880.69830 16.271 0.008
3881.70646 16.085 0.007
3882.64150 15.802 0.006
3883.69407 16.333 0.008
3886.65285 16.423 0.010
3887.64842 16.224 0.008
3889.80312 16.023 0.007
3890.59376 16.265 0.009
3891.72650 16.248 0.008
3892.77935 16.139 0.008
3893.67746 15.798 0.007
3894.72496 16.323 0.009
3896.66615 15.807 0.008
3896.80117 16.081 0.010
3900.57773 16.412 0.010
3901.59794 16.251 0.009
3902.61255 16.073 0.007
3903.70831 15.953 0.007
3904.59554 16.321 0.008
3905.59576 16.154 0.007
3906.58385 15.898 0.007
3907.64068 15.668 0.007
3908.57381 16.250 0.008
3909.57987 16.075 0.007
3910.63509 15.864 0.007
3912.58131 16.155 0.007
3913.57883 15.937 0.006
3914.59678 15.690 0.006
3915.57668 16.265 0.008
3916.62789 16.134 0.008
3917.66836 15.981 0.007
3918.66698 15.674 0.006
3919.60818 16.255 0.009
3920.56012 15.976 0.007
3920.83772 16.278 0.008
3921.57223 15.679 0.006
3922.75947 15.700 0.007
3930.61311 16.184 0.008
3931.55824 15.899 0.007
3931.69587 16.123 0.007
3932.64874 15.726 0.006
3933.56238 16.253 0.008
3934.53310 16.031 0.007
3935.61127 15.858 0.006
3936.53358 16.302 0.009
3938.54220 15.926 0.007
3940.67826 16.411 0.008
3944.61329 16.263 0.007
3945.56365 16.028 0.007
3946.56083 15.664 0.006
3950.56442 16.340 0.008
3951.57313 16.278 0.010
3956.61023 16.045 0.009
3957.54786 16.202 0.009
3958.62032 16.331 0.009
3959.56053 16.113 0.008
3960.53820 15.742 0.006
3961.61341 16.184 0.010
3963.58337 16.045 0.007
3964.57310 15.683 0.006
3965.56670 16.275 0.008
3966.55460 16.130 0.007
3967.58704 15.927 0.007
3968.54117 16.440 0.010
3969.54853 16.228 0.008
3970.55344 16.040 0.007
3971.59348 15.791 0.007
3973.62319 16.256 0.008
3974.54818 15.923 0.008
3975.55052 16.252 0.008
3976.54805 16.259 0.008
3979.56272 16.381 0.011
3982.48166 16.428 0.015
3983.48291 16.203 0.011
3986.57428 16.384 0.012
3986.62466 15.661 0.007
3987.54466 16.220 0.008
3988.55757 16.034 0.007
3989.62734 15.866 0.008
3991.52034 16.114 0.008
3994.58895 16.263 0.009
3994.62141 16.328 0.011
3995.61661 16.136 0.007
3999.52311 15.909 0.008
4001.54647 16.266 0.008
4002.54318 16.105 0.008
4004.56606 16.456 0.013
4005.58155 16.261 0.009
4006.56723 16.050 0.007
4011.48336 16.339 0.011
4012.56999 16.287 0.012
4015.51089 16.273 0.012
4017.48547 15.805 0.007
4019.48974 16.227 0.009
4021.48612 15.676 0.009
4024.52529 15.973 0.007
4026.52080 16.276 0.009
4028.53690 15.836 0.007
4031.53686 16.057 0.009
4145.87623 15.850 0.009
4151.83575 16.116 0.010
4154.84540 16.232 0.010
4157.81566 16.259 0.010
4159.83205 15.872 0.008
4161.88567 16.273 0.011
4163.90157 15.889 0.008
4168.86606 16.279 0.010
4170.88119 15.914 0.008
4175.89421 16.405 0.010
4177.79588 15.791 0.007
4178.84919 16.243 0.009
4179.88894 16.268 0.010
4181.82570 15.698 0.007
4182.87410 16.416 0.010
4183.90635 16.270 0.009
4184.76538 15.785 0.007
4185.88403 15.680 0.007
4190.75120 16.101 0.010
4191.87030 16.059 0.010
4192.78892 16.260 0.011
4193.80735 16.250 0.011
4194.82889 16.112 0.009
4196.81735 16.419 0.011
4202.79888 15.845 0.007
4203.78696 16.403 0.010
4204.77907 16.194 0.009
4205.77741 15.993 0.008
4207.77384 16.253 0.009
4208.77079 16.121 0.008
4211.83394 16.273 0.010
4213.77803 15.714 0.007
4215.78452 16.147 0.009
4216.74227 15.856 0.007
4217.74985 16.398 0.009
4218.80183 16.247 0.010
4219.82135 16.134 0.009
4220.75992 15.745 0.007
4222.72859 16.140 0.009
4224.75634 15.932 0.010
4224.83095 15.757 0.008
4227.90738 16.083 0.009
4228.65090 16.264 0.011
4228.72937 16.353 0.010
4229.71369 16.157 0.010
4230.70352 15.906 0.008
4231.68579 16.404 0.009
4232.69798 16.278 0.010
4233.87633 16.250 0.010
4234.86211 16.080 0.009
4235.65958 16.270 0.010
4235.93383 15.922 0.009
4238.72915 15.662 0.007
4239.67977 16.270 0.009
4240.72270 16.130 0.009
4241.61400 15.749 0.006
4244.65711 15.931 0.008
4245.65045 16.210 0.009
4246.70924 16.292 0.010
4247.73010 16.163 0.009
4250.77315 16.303 0.011
4256.56605 16.262 0.012
4258.57326 15.864 0.009
4267.54278 16.259 0.011
4268.77895 16.291 0.010
4269.52580 15.671 0.009
4272.54920 15.945 0.007
4273.74777 16.030 0.009
4274.60721 16.344 0.011
4275.64004 16.187 0.010
4276.73244 16.122 0.010
4277.65582 15.677 0.007
4278.61324 16.248 0.012
4283.55086 15.885 0.008
4284.54268 16.414 0.011
4285.54608 16.246 0.010
4286.54561 16.053 0.011
4289.55944 16.170 0.011
4290.60293 16.051 0.009
4291.66329 15.830 0.008
4292.52803 16.263 0.009
4293.53425 16.067 0.008
4294.52732 15.739 0.007
4295.54159 16.375 0.011
4295.79516 15.984 0.008
4296.53178 16.163 0.009
4297.65536 16.123 0.008
4298.49456 16.345 0.011
4299.46640 16.202 0.011
4300.57304 16.150 0.009
4301.75426 16.155 0.009
4302.71052 15.864 0.008
4303.71879 16.384 0.011
4304.48925 15.919 0.011
4307.69012 16.277 0.011
4310.65695 16.405 0.016
4312.56564 15.820 0.008
4315.57301 16.037 0.009
4316.65581 15.867 0.008
4317.57963 16.318 0.010
4319.55645 15.872 0.008
4320.64320 15.692 0.007
4326.57442 15.965 0.008
4327.53193 16.405 0.012
4328.53766 16.268 0.010
4329.47525 15.975 0.009
4330.54358 15.750 0.007
4331.53942 16.354 0.010
4332.55334 16.167 0.009
4333.47444 15.800 0.009
4338.54113 16.402 0.012
4339.53727 16.185 0.009
4340.47582 15.874 0.010
4340.66069 16.143 0.010
4341.54170 15.659 0.008
4346.55909 16.262 0.011
4353.56354 16.252 0.010
4354.58289 16.142 0.010
4355.59929 15.944 0.009
4356.54783 16.422 0.012
4358.56703 16.041 0.009
4361.59316 16.184 0.011
4367.55737 16.372 0.012
4371.55650 16.246 0.010
4377.52200 15.927 0.009
4383.59612 16.104 0.011
4393.56909 16.199 0.010
4505.85934 16.367 0.011
4508.85150 15.714 0.006
4511.88873 16.007 0.008
4514.84949 16.089 0.009
4518.83912 15.962 0.009
4523.81186 16.370 0.012
4525.80393 15.954 0.012
4531.81817 16.260 0.012
4534.77832 16.239 0.010
4536.85958 16.000 0.008
4538.78110 16.196 0.010
4539.89459 16.147 0.008
4540.76539 15.662 0.007
4541.86236 16.418 0.010
4542.82581 16.180 0.009
4543.91393 16.107 0.008
4544.91130 15.825 0.007
4545.89798 16.384 0.010
4546.81226 16.097 0.008
4547.84324 15.893 0.007
4548.90904 15.668 0.008
4550.90483 16.143 0.008
4551.82498 15.690 0.007
4552.83030 16.307 0.016
4556.79753 16.210 0.008
4557.82057 16.079 0.008
4558.78920 15.675 0.006
4559.78778 16.293 0.009
4560.78818 16.138 0.008
4561.77709 15.867 0.007
4564.78127 16.060 0.007
4565.76588 15.694 0.006
4566.76671 16.317 0.008
4567.76567 16.137 0.008
4568.77490 15.906 0.006
4569.78488 15.924 0.007
4570.77527 16.261 0.009
4571.76596 16.098 0.009
4572.78915 15.812 0.007
4573.77674 16.379 0.009
4574.77914 16.190 0.009
4575.78791 16.020 0.008
4577.87685 16.414 0.011
4578.83049 16.179 0.010
4583.78266 15.711 0.007
4585.68713 16.073 0.009
4586.89870 16.118 0.008
4587.65178 16.279 0.011
4588.63171 16.102 0.009
4589.79541 16.104 0.009
4590.63253 16.397 0.012
4591.79144 16.422 0.010
4592.70312 16.120 0.008
4593.69216 15.801 0.007
4594.71344 16.418 0.010
4595.70575 16.220 0.008
4596.69772 16.010 0.008
4597.72240 15.714 0.006
4598.69845 16.280 0.008
4599.67098 16.118 0.008
4600.68334 15.852 0.006
4601.68604 16.410 0.009
4602.67837 16.208 0.008
4603.90141 16.246 0.009
4606.68636 16.132 0.011
4610.78969 16.185 0.011
4611.66528 15.719 0.007
4611.85618 16.092 0.008
4612.68972 16.396 0.010
4615.83226 15.949 0.009
4616.64818 16.262 0.009
4617.74783 16.165 0.009
4618.68908 15.826 0.007
4622.55498 16.375 0.012
4622.84786 16.028 0.009
4623.70946 16.348 0.010
4624.63103 16.102 0.009
4625.54519 15.962 0.009
4626.66629 16.394 0.010
4627.60439 16.152 0.008
4628.60720 15.936 0.008
4629.67193 15.718 0.007
4630.60546 16.266 0.009
4631.63042 16.104 0.008
4632.61507 15.805 0.007
4633.61080 16.408 0.010
4638.79468 16.311 0.010
4639.61579 15.876 0.008
4640.63267 16.196 0.009
4641.71516 16.355 0.011
4642.63124 16.095 0.008
4643.59739 15.689 0.007
4644.65875 16.407 0.010
4645.57118 16.124 0.009
4646.56772 15.835 0.007
4647.56134 16.416 0.011
4648.56577 16.229 0.009
4649.56787 16.031 0.008
4650.60058 15.762 0.007
4651.57207 16.303 0.010
4652.54485 16.114 0.009
4653.53882 15.848 0.009
4654.57800 16.096 0.008
4655.53865 16.211 0.010
4656.54059 16.031 0.008
4658.69929 15.678 0.007
4660.65202 16.086 0.009
4661.52869 16.368 0.010
4665.69646 15.743 0.008
4666.60172 16.271 0.010
4670.66663 16.274 0.011
4671.71386 16.119 0.009
4672.54757 16.397 0.009
4674.55350 16.043 0.009
4677.53015 16.129 0.009
4678.64637 16.076 0.007
4681.47621 15.961 0.008
4682.51984 15.678 0.007
4683.55834 16.397 0.011
4684.55167 16.168 0.009
4685.54203 15.950 0.008
4686.54301 15.826 0.008
4687.54303 16.255 0.010
4688.53625 16.103 0.009
4693.70456 16.003 0.008
4694.47596 16.264 0.013
4697.53987 16.374 0.011
4698.54874 16.258 0.009
4699.56035 16.100 0.010
4701.54420 16.358 0.011
4702.55909 16.169 0.009
4707.65563 16.037 0.009
4709.55438 16.209 0.012
4710.59496 16.060 0.009
4716.62722 16.301 0.015
4721.54514 15.936 0.010
4724.55203 16.104 0.009
4743.58831 15.874 0.008
4748.53195 16.241 0.012
4754.50726 15.750 0.008
4874.86611 15.887 0.008
4877.89686 16.086 0.011
4884.89316 16.142 0.009
4887.86557 16.189 0.008
4891.82212 16.091 0.009
4897.81145 16.248 0.009
4899.90680 16.022 0.008
4900.81798 16.415 0.011
4902.79503 15.980 0.008
4904.82333 16.319 0.009
4906.84579 15.941 0.008
4910.85241 15.826 0.007
4911.81762 16.354 0.008
4912.90777 16.251 0.008
4914.81709 15.864 0.007
4919.73378 16.123 0.008
4925.73706 16.305 0.009
4927.75316 15.949 0.008
4929.75272 16.249 0.010
4930.89196 16.263 0.009
4931.73676 15.766 0.008
4932.86969 15.704 0.007
4933.86442 16.322 0.010
4938.73392 15.829 0.007
4939.75694 16.359 0.010
4941.71335 15.994 0.008
4942.81780 15.872 0.007
4943.82583 16.338 0.009
4944.84169 16.259 0.008
4945.73523 15.902 0.007
4950.81743 16.020 0.008
4951.80342 16.271 0.009
4953.70002 16.348 0.009
4954.69420 16.240 0.008
4955.70115 16.060 0.008
