 455.69325 19.017 0.038
 455.72089 19.095 0.043
 455.76543 19.057 0.049
 456.58855 18.989 0.038
 456.62578 18.988 0.041
 456.70900 18.973 0.046
 456.75646 19.024 0.041
 456.80790 18.370 0.027
 457.55623 18.953 0.049
 457.60016 18.968 0.043
 457.65883 19.087 0.051
 457.71739 19.076 0.043
 457.77607 18.553 0.031
 458.63256 19.041 0.046
 458.69127 19.024 0.063
 458.76047 18.743 0.047
 459.54981 19.022 0.063
 459.59603 18.958 0.050
 459.65457 18.991 0.044
 459.71404 19.071 0.044
 459.75781 18.487 0.031
 459.80165 18.392 0.027
 461.56075 18.926 0.043
 461.60457 18.959 0.043
 461.66316 19.042 0.046
 461.72935 18.667 0.030
 461.79134 18.436 0.030
 462.56125 18.988 0.046
 462.61990 19.126 0.046
 462.66587 19.170 0.047
 465.66472 19.210 0.068
 465.71240 18.334 0.033
 465.79726 18.677 0.036
 466.64848 19.122 0.051
 466.71500 18.393 0.028
 466.79996 18.571 0.038
 467.65213 19.037 0.046
 467.75673 18.594 0.036
 467.82267 18.796 0.041
 468.65882 18.793 0.053
 468.72899 18.550 0.034
 468.78760 18.704 0.034
 469.65968 18.399 0.034
 469.73650 18.638 0.041
 469.79671 18.896 0.056
 470.73447 18.613 0.044
 471.64554 18.367 0.030
 471.78230 18.762 0.049
 472.62010 18.542 0.037
 472.66398 18.481 0.031
 472.70775 18.657 0.041
 472.77371 18.761 0.049
 472.84707 18.894 0.070
 473.68777 18.658 0.060
 474.69968 18.599 0.041
 474.76614 18.782 0.056
 475.53408 19.116 0.063
 475.59285 18.437 0.034
 475.65901 18.516 0.038
 475.71114 18.760 0.056
 475.75822 18.925 0.081
 476.73916 18.810 0.046
 477.53082 19.194 0.070
 477.57638 18.462 0.030
 477.72956 18.728 0.038
 477.81044 18.849 0.046
 477.85468 19.068 0.065
 478.53695 19.024 0.051
 478.75737 18.910 0.040
 478.81630 18.919 0.043
 479.53578 18.956 0.051
 479.57971 18.370 0.024
 479.77174 18.976 0.054
 479.81732 19.063 0.065
 480.57183 18.420 0.033
 480.65299 18.692 0.034
 480.74659 18.878 0.044
 480.79068 18.947 0.050
 481.55702 18.391 0.028
 481.70543 18.801 0.040
 481.74940 18.779 0.043
 481.79335 18.965 0.051
 482.70624 18.798 0.041
 482.78419 18.872 0.047
 483.57253 18.483 0.037
 483.61696 18.632 0.037
 483.66087 18.775 0.041
 483.70485 18.776 0.038
 483.74874 18.888 0.046
 483.79266 19.032 0.050
 484.57121 18.601 0.043
 484.67989 18.791 0.043
 484.72426 18.854 0.043
 484.76828 18.884 0.046
 485.57486 18.574 0.033
 485.72176 18.972 0.046
 485.76592 18.882 0.046
 486.57132 18.659 0.034
 486.61691 18.711 0.037
 486.71345 18.959 0.049
 486.75862 18.936 0.047
 487.59828 18.709 0.033
 487.64652 18.912 0.040
 487.69437 18.894 0.037
 487.73851 18.926 0.041
 487.78268 18.907 0.043
 488.58382 18.743 0.040
 488.62779 18.813 0.037
 488.69664 18.949 0.046
 488.74066 19.005 0.050
 488.78472 18.915 0.057
 489.55958 18.632 0.034
 489.61610 18.771 0.034
 489.64854 18.825 0.034
 489.69246 18.920 0.041
 489.73639 18.959 0.044
 489.78042 18.944 0.047
 490.55282 18.689 0.030
 490.69001 18.970 0.049
 490.73411 19.017 0.044
 490.77807 19.099 0.050
 491.57733 18.869 0.043
 491.62913 18.757 0.036
 491.67325 18.934 0.047
 491.78662 19.145 0.062
 492.56149 18.710 0.046
 492.60539 18.937 0.070
 492.63584 18.890 0.044
 492.68171 18.974 0.056
 493.56452 18.813 0.037
 493.60903 18.753 0.038
 494.55925 18.775 0.046
 494.60318 18.734 0.036
 494.64741 18.991 0.049
 494.69171 18.960 0.046
 494.73672 19.099 0.056
 495.56205 18.750 0.047
 495.63568 18.873 0.053
 495.68917 18.987 0.066
 496.55746 18.785 0.041
 496.60220 18.857 0.053
 496.64628 18.939 0.054
 496.69118 19.099 0.076
 497.58518 18.887 0.050
 498.55651 18.800 0.044
 498.60055 18.888 0.041
 498.71430 19.112 0.060
 498.75824 18.915 0.057
 499.55147 18.974 0.051
 499.59718 18.959 0.053
 499.73745 18.989 0.056
 500.59421 18.819 0.062
 500.63907 18.943 0.076
 500.69024 19.071 0.073
 500.73465 19.071 0.070
 501.55834 18.958 0.056
 501.67711 18.931 0.068
 507.54678 18.951 0.044
 507.59199 19.032 0.044
 507.66381 18.888 0.073
 509.54270 18.951 0.060
 509.58975 18.973 0.057
 509.64206 18.963 0.060
 510.58430 19.065 0.062
 510.62986 19.002 0.056
 510.67746 19.116 0.065
 511.66975 19.191 0.073
 512.57637 19.025 0.054
 512.62475 19.044 0.069
 512.69906 18.902 0.053
 512.74457 18.347 0.027
 513.55672 18.966 0.059
 513.60227 18.933 0.046
 513.69396 18.650 0.033
 513.74119 18.424 0.030
 514.56494 18.914 0.046
 514.63402 19.203 0.054
 514.68438 18.673 0.037
 514.73123 18.409 0.030
 515.55908 19.126 0.051
 515.61199 19.163 0.046
 515.66209 18.922 0.047
 516.56538 18.987 0.051
 516.61957 19.122 0.060
 516.66656 18.623 0.040
 516.71309 18.456 0.034
 517.56337 19.015 0.056
 517.61326 19.001 0.059
 517.70939 18.501 0.036
 518.60073 19.102 0.057
 518.64598 18.646 0.038
 518.69506 18.429 0.038
 519.56137 19.082 0.041
 519.60799 19.152 0.049
 519.67554 18.463 0.036
 520.70216 18.585 0.044
 521.55765 19.240 0.069
 521.60276 19.025 0.078
 521.66556 18.469 0.040
 523.56672 19.036 0.065
 523.61801 18.368 0.033
 523.66887 18.453 0.031
 524.55897 18.938 0.054
 524.60908 18.413 0.038
 526.54632 18.930 0.070
 526.64832 18.676 0.060
 527.67150 18.671 0.044
 530.56163 18.391 0.040
 531.55902 18.407 0.038
 532.54851 18.483 0.040
 533.56576 18.470 0.043
 534.55492 18.578 0.044
 534.59911 18.784 0.056
 534.65086 18.674 0.057
 535.53957 18.532 0.033
 535.59984 18.738 0.051
 535.67357 18.788 0.057
 536.51865 18.408 0.037
 536.56388 18.657 0.043
 536.61438 18.865 0.069
 537.51328 18.498 0.036
 537.61349 18.757 0.047
 537.66031 18.865 0.049
 538.50129 18.494 0.036
 538.55301 18.703 0.043
 539.50989 18.521 0.037
 539.62103 18.831 0.044
 539.66511 18.905 0.047
 540.54011 18.718 0.062
 540.67116 18.872 0.051
 541.52025 18.600 0.036
 541.57733 18.803 0.043
 542.50002 18.540 0.037
 542.50933 18.637 0.038
 542.56127 18.708 0.043
 542.60874 18.801 0.040
 542.65288 18.904 0.051
 543.54759 18.754 0.040
 543.59168 18.817 0.043
 543.62873 18.822 0.044
 543.67276 19.112 0.063
 544.50042 18.736 0.041
 544.54467 18.815 0.050
 544.58892 18.848 0.046
 544.63415 18.986 0.057
 551.49013 18.804 0.040
 552.49843 18.787 0.044
 553.50681 18.770 0.059
 553.61759 18.941 0.070
 554.48362 18.888 0.069
 554.56906 19.083 0.087
 555.48995 18.836 0.072
 557.59049 19.141 0.130
 558.53733 18.993 0.117
 559.52111 18.900 0.072
 560.49918 18.934 0.089
 561.49921 18.939 0.072
 562.50071 19.113 0.106
 564.50191 19.089 0.123
 565.50772 19.011 0.069
 566.50170 19.071 0.072
 567.50280 18.989 0.059
 568.48802 18.980 0.081
 569.49786 19.145 0.084
 570.47746 19.007 0.144
 571.48367 18.989 0.075
 572.51218 18.905 0.076
 573.51601 19.042 0.089
 575.47308 19.037 0.075
 577.48203 19.093 0.098
 578.49504 19.100 0.065
 582.47775 18.962 0.095
 583.48051 18.560 0.046
 665.80581 18.887 0.051
 672.86585 18.983 0.053
 689.89631 18.386 0.033
 699.89969 18.666 0.044
 701.81661 18.491 0.051
 704.85910 18.717 0.050
 706.84059 18.763 0.076
 714.80797 18.849 0.051
 715.88073 18.967 0.065
 716.77255 18.726 0.046
 728.76779 18.947 0.059
 729.76776 18.908 0.065
 730.72336 18.813 0.059
 733.81431 18.875 0.084
 741.81759 19.195 0.082
 745.77239 19.122 0.075
 747.82085 18.389 0.036
 753.76877 18.518 0.044
 759.80925 18.706 0.049
 766.78340 18.736 0.070
 772.80249 18.976 0.060
 775.78420 18.931 0.049
 779.80288 19.008 0.062
 781.81973 18.929 0.062
 787.77930 19.032 0.066
 789.76326 18.941 0.062
 790.77380 19.094 0.076
 795.73141 19.180 0.068
 796.80326 18.326 0.041
 797.73106 19.011 0.056
 798.70305 19.188 0.063
 805.78795 18.608 0.057
 816.75898 18.795 0.051
 817.67820 18.749 0.047
 819.77791 18.919 0.060
 822.79208 18.962 0.050
 824.82137 19.011 0.063
 826.64487 18.784 0.056
 829.71549 18.860 0.059
 832.67165 18.939 0.062
 836.77048 18.967 0.075
 840.64987 19.055 0.075
 843.65038 19.010 0.053
 850.62393 19.007 0.060
 854.65467 19.313 0.132
 855.62869 19.144 0.079
 856.59496 18.966 0.072
 858.56756 18.998 0.070
 860.74803 18.641 0.075
 866.62966 18.513 0.088
 875.54289 18.540 0.041
 879.62939 18.813 0.068
 880.52849 18.590 0.046
 887.54177 18.768 0.065
 892.62531 18.894 0.062
 895.51620 19.047 0.107
 898.52301 19.016 0.054
 922.59039 18.589 0.056
 928.51631 18.784 0.076
 931.53825 18.657 0.063
 933.54805 18.802 0.059
 940.52929 18.947 0.072
 947.48770 18.983 0.107
 951.53763 19.100 0.068
1045.86967 18.754 0.068
1051.85623 18.770 0.070
1052.89145 19.035 0.087
1053.87161 18.916 0.057
1054.88734 18.841 0.057
1055.85983 19.071 0.091
1059.87257 18.914 0.088
1068.86670 19.040 0.079
1069.87738 19.067 0.068
1071.89444 19.109 0.076
1081.85486 18.474 0.037
1087.80192 18.427 0.047
1091.80437 18.442 0.059
1095.78614 18.655 0.066
1102.78684 18.762 0.036
1106.84189 18.965 0.049
1107.76966 18.725 0.047
1112.86961 18.960 0.066
1119.78718 19.164 0.089
1126.80907 19.030 0.068
1131.67668 19.147 0.092
1132.73301 19.031 0.073
1136.76627 18.916 0.062
1138.79040 18.335 0.038
1142.65746 19.058 0.057
1144.72639 18.409 0.036
1151.75224 18.616 0.053
1155.75149 18.802 0.053
1158.74905 18.819 0.053
1161.72700 18.856 0.044
1165.74771 18.901 0.060
1169.74263 18.911 0.059
1174.71642 18.977 0.057
1179.73328 19.077 0.085
1181.80530 18.895 0.065
1186.75975 18.635 0.038
1187.82100 18.568 0.040
1188.74903 18.600 0.034
1196.69974 18.409 0.047
1201.70866 18.640 0.046
1203.72680 18.743 0.047
1207.58543 18.426 0.053
1211.62316 18.609 0.047
1214.62402 18.762 0.060
1217.59888 18.798 0.046
1220.60371 18.723 0.050
1223.62995 18.908 0.063
1225.57088 18.855 0.054
1227.65144 19.063 0.066
1231.54733 18.888 0.065
1234.59554 19.069 0.078
1236.60306 18.968 0.081
1240.55352 19.028 0.073
1242.65528 19.109 0.084
1244.60465 19.114 0.081
1247.53739 19.000 0.073
1252.65329 18.536 0.053
1256.52215 19.133 0.104
1260.54470 18.364 0.040
1265.52258 18.512 0.047
1273.56849 18.657 0.073
1277.50476 18.778 0.063
1288.50302 18.930 0.076
1290.57043 19.097 0.091
1296.50779 18.987 0.076
1298.54572 18.951 0.075
1301.48739 18.969 0.084
1305.53322 18.801 0.065
1308.46274 19.149 0.103
1313.50922 18.421 0.059
1316.50110 18.522 0.030
1319.47733 18.589 0.051
1329.53219 18.995 0.129
1332.50742 18.951 0.106
1339.47571 18.924 0.108
1412.83563 19.081 0.087
1418.83282 19.144 0.091
1430.88729 18.724 0.047
1432.82114 18.558 0.047
1435.79719 18.631 0.063
1437.78109 18.613 0.054
1440.82876 18.724 0.053
1446.84079 18.905 0.101
1447.86633 19.041 0.108
1451.76144 18.841 0.069
1458.85240 19.047 0.076
1459.76809 19.081 0.089
1462.77234 19.005 0.089
1470.83273 18.794 0.049
1475.74534 19.080 0.075
1478.70074 19.139 0.110
1478.83559 18.494 0.046
1481.67440 19.163 0.094
1487.70378 18.424 0.041
1490.70061 18.420 0.047
1492.69370 18.540 0.054
1495.69223 18.607 0.051
1497.81839 18.902 0.066
1499.65005 18.591 0.069
1502.64525 18.723 0.081
1505.68585 18.840 0.072
1507.81933 19.070 0.084
1510.79534 18.976 0.063
1512.69204 19.107 0.095
1514.80314 19.082 0.078
1517.63862 19.002 0.076
1519.71230 18.982 0.068
1521.64804 18.901 0.062
1523.76876 19.110 0.095
1525.76314 18.933 0.050
1527.69209 19.082 0.065
1528.73842 18.712 0.043
1529.75959 18.405 0.046
1531.75266 18.469 0.041
1538.70926 18.530 0.044
1541.66534 18.472 0.031
1542.69519 18.597 0.050
1544.62121 18.437 0.038
1547.74811 18.839 0.041
1548.72572 18.825 0.047
1549.72000 18.783 0.041
1552.58473 18.628 0.050
1554.71118 18.936 0.054
1562.72088 19.074 0.095
1564.59948 18.812 0.073
1567.69209 18.939 0.070
1570.59744 18.982 0.072
1574.78515 18.370 0.031
1577.73685 18.682 0.049
1580.77093 18.488 0.040
1583.65624 18.986 0.066
1585.74287 18.566 0.041
1588.75056 18.777 0.085
1591.72347 18.708 0.091
1593.56954 18.783 0.066
1595.73860 18.761 0.088
1596.71852 18.747 0.069
1599.64041 18.723 0.044
1601.71648 18.855 0.076
1604.59795 18.704 0.056
1606.63291 19.001 0.081
1609.67422 18.953 0.063
1610.65932 19.025 0.087
1613.55039 18.826 0.070
1615.58233 18.790 0.051
1617.65367 19.095 0.070
1619.63733 19.167 0.097
1620.58849 18.951 0.084
1622.53868 18.984 0.082
1624.53524 18.894 0.072
1626.53606 18.905 0.069
1627.65718 19.133 0.087
1629.53617 18.979 0.076
1630.61764 19.045 0.066
1634.53188 19.083 0.075
1643.52388 19.226 0.094
1654.56120 18.631 0.063
1656.54742 18.723 0.092
1659.55486 18.822 0.070
1661.57882 18.742 0.057
1664.54051 18.855 0.065
1667.54571 18.889 0.089
1670.56745 18.907 0.111
1672.55648 19.020 0.092
1769.89928 18.658 0.078
1771.92608 18.819 0.095
1772.90593 18.857 0.066
1775.90703 18.890 0.066
1784.89161 18.948 0.069
1789.88031 18.943 0.049
1804.82990 19.119 0.081
1809.85428 18.565 0.037
1812.82505 18.561 0.041
1816.83635 18.470 0.034
1821.82694 18.627 0.047
1823.86907 18.810 0.046
1826.85215 18.892 0.060
1829.82585 18.712 0.065
1830.83921 18.794 0.063
1834.87814 19.015 0.084
1859.81530 19.068 0.066
1861.83248 18.359 0.041
1864.80992 18.361 0.033
1865.79009 18.412 0.036
1866.85885 18.725 0.050
1868.82952 18.654 0.037
1870.76281 18.383 0.031
1871.84676 18.762 0.044
1873.80633 18.673 0.041
2167.89381 18.806 0.057
2190.85320 19.067 0.056
2193.81645 18.984 0.049
2202.81579 18.460 0.034
2214.86348 18.751 0.068
2215.76899 18.635 0.050
2224.81711 18.957 0.057
2227.72793 18.775 0.054
2229.73370 18.926 0.065
2231.70196 18.764 0.047
2233.67022 18.773 0.046
2237.58963 18.696 0.076
2239.65063 18.867 0.059
2241.74231 19.005 0.059
2243.80731 19.050 0.072
2248.66639 18.998 0.051
2250.75440 19.134 0.085
2252.72763 19.064 0.057
2254.71868 19.187 0.062
2257.72272 19.033 0.053
2265.77702 18.615 0.044
2266.74805 18.616 0.040
2270.79366 18.787 0.044
2272.64320 18.629 0.046
2274.77055 18.823 0.063
2276.82849 18.885 0.062
2278.78534 18.893 0.072
2280.76808 18.982 0.056
2282.76531 18.966 0.050
2284.78667 18.972 0.047
2289.82775 19.133 0.062
2291.81379 18.898 0.060
2293.78268 19.144 0.098
2295.80656 19.120 0.060
2297.79262 19.184 0.075
2300.81764 18.431 0.057
2302.77888 18.534 0.057
2315.70265 18.508 0.040
2324.56429 18.452 0.040
2328.54993 18.457 0.047
2340.53977 18.746 0.054
2347.53707 18.860 0.059
2373.49226 19.044 0.098
2385.55539 18.731 0.078
2534.88796 18.537 0.051
2539.89513 18.535 0.047
2545.86324 18.721 0.056
2553.75513 18.613 0.062
2557.82317 18.751 0.060
2561.82122 18.827 0.056
2565.82358 18.906 0.072
2574.78580 18.995 0.065
2578.84219 19.012 0.060
2584.73799 19.106 0.089
2590.81471 18.482 0.043
2596.82113 18.565 0.054
2606.71766 18.598 0.043
2609.82623 18.670 0.063
2614.79301 18.860 0.066
2619.66906 18.752 0.043
2621.79703 18.886 0.057
2624.69405 18.874 0.053
2629.81236 18.989 0.069
2632.70645 18.973 0.053
2635.80699 18.971 0.076
2638.80015 19.022 0.078
2641.76834 18.976 0.057
2643.77433 18.411 0.034
2645.77028 18.376 0.034
2647.69929 19.106 0.059
2650.78079 18.659 0.049
2653.65314 18.810 0.059
2655.70618 18.528 0.040
2657.64464 18.356 0.040
2659.79844 18.836 0.091
2660.70490 18.736 0.053
2662.71468 18.769 0.054
2664.73011 18.742 0.073
2666.78396 18.892 0.049
2668.77550 18.879 0.059
2675.80256 19.067 0.063
2677.78956 18.955 0.082
2679.80820 18.949 0.085
2682.73022 18.951 0.092
2687.62960 18.856 0.078
2692.57241 19.004 0.063
2697.51878 18.991 0.070
2702.51760 19.129 0.107
2708.54636 19.078 0.078
2724.51619 18.599 0.047
2871.92310 18.449 0.040
2884.86732 18.585 0.051
2890.88933 18.752 0.085
2896.84200 18.764 0.062
2902.77665 18.823 0.047
2911.88518 18.999 0.046
2917.78872 18.992 0.059
2923.78809 19.066 0.073
2926.84399 18.646 0.046
2931.77246 19.063 0.057
2934.81289 18.450 0.036
2940.79327 18.566 0.038
2943.79746 18.708 0.046
2947.80603 18.753 0.043
2950.71998 18.711 0.053
2954.74324 18.790 0.063
2956.78879 18.940 0.053
2958.83338 19.000 0.082
2962.82762 18.978 0.049
2964.84605 19.038 0.053
2967.77657 18.904 0.056
2970.83056 19.028 0.049
2974.76858 18.995 0.049
2976.65806 18.906 0.056
2979.64149 18.992 0.070
2983.76964 18.531 0.040
2985.81736 18.609 0.040
2987.71611 18.703 0.050
2989.65877 19.126 0.053
2991.73102 18.532 0.037
2993.73876 18.601 0.047
2995.81398 18.746 0.043
2997.78287 18.784 0.047
2998.73041 18.711 0.046
3000.73292 18.705 0.050
3002.72028 18.723 0.046
3004.72374 18.772 0.038
3006.71666 18.812 0.040
3008.73111 18.878 0.049
3010.77757 18.880 0.069
3011.79389 18.816 0.065
3016.72753 18.959 0.051
3018.75793 19.110 0.070
3020.82169 19.099 0.065
3021.84662 18.988 0.069
3023.70761 18.956 0.050
3025.67925 19.044 0.040
3027.72469 19.029 0.047
3029.70955 18.999 0.049
3031.77988 18.501 0.044
3034.61124 18.975 0.041
3036.64160 19.002 0.049
3039.58352 19.061 0.062
3042.69103 18.428 0.041
3044.63047 18.681 0.049
3046.61643 18.541 0.041
3047.71878 18.611 0.051
3048.64989 18.485 0.033
3049.67343 18.651 0.031
3051.64276 18.624 0.043
3053.61798 18.587 0.033
3055.63502 18.641 0.043
3057.66015 18.725 0.040
3059.60480 18.715 0.036
3061.59709 18.745 0.050
3066.56666 18.791 0.072
3068.59449 18.741 0.057
3073.68314 18.971 0.072
3076.60687 18.918 0.075
3079.58591 18.973 0.041
3082.67517 19.075 0.050
3085.57569 18.949 0.053
3088.53594 18.935 0.063
3091.51829 18.925 0.066
3096.56735 19.143 0.087
3099.63501 18.474 0.068
3100.49492 19.068 0.087
3103.51656 18.825 0.050
3106.53783 18.457 0.038
3109.52343 18.460 0.034
3112.57526 18.643 0.054
3116.55695 18.846 0.069
3127.55410 18.979 0.059
3133.51457 18.813 0.072
3223.91288 18.651 0.060
3242.86376 18.977 0.056
3248.91771 18.979 0.068
3258.89848 19.118 0.069
3264.86473 18.653 0.034
3271.81252 18.392 0.046
3274.81650 18.584 0.059
3278.88949 18.911 0.063
3282.78169 18.693 0.044
3287.82063 18.825 0.037
3291.75792 18.768 0.044
3295.77841 18.823 0.034
3297.77051 18.947 0.036
3299.83857 19.003 0.036
3301.83194 18.949 0.057
3305.74093 19.028 0.057
3309.80223 19.006 0.046
3311.79584 19.114 0.062
3320.85927 18.579 0.037
3327.81171 18.664 0.036
3330.78777 18.701 0.049
3336.64017 18.402 0.044
3339.81866 18.839 0.056
3353.81239 18.977 0.047
3357.75304 18.932 0.046
3360.72979 19.027 0.044
3365.84920 18.374 0.033
3373.81327 18.561 0.054
3378.74006 18.425 0.033
3394.62320 18.504 0.047
3399.77693 18.986 0.079
3403.76402 18.928 0.053
3408.68719 18.940 0.046
3413.53345 18.839 0.051
3417.62735 19.005 0.062
3427.56333 18.803 0.053
3434.51518 18.916 0.053
3440.53930 18.936 0.053
3447.50851 18.542 0.049
3456.53407 18.742 0.056
3469.48894 18.867 0.054
3478.48143 18.844 0.051
3601.89190 18.696 0.053
3619.89465 18.699 0.043
3636.83348 19.040 0.069
3640.78340 19.128 0.057
3651.81728 19.084 0.065
3654.86348 18.426 0.028
3658.82715 18.372 0.036
3661.87290 18.601 0.050
3665.84610 18.562 0.043
3670.81571 18.726 0.049
3673.82600 18.740 0.036
3676.82616 18.799 0.040
3685.76551 18.865 0.044
3687.85223 19.046 0.049
3690.77418 19.060 0.065
3693.80984 19.009 0.053
3695.84093 18.979 0.049
3698.83056 19.094 0.059
3701.69953 18.982 0.050
3703.78331 19.199 0.057
3705.84751 18.401 0.028
3708.83524 18.390 0.041
3712.79278 18.444 0.031
3715.75846 18.439 0.033
3718.69427 18.695 0.054
3720.84406 18.762 0.063
3724.76166 18.743 0.038
3728.73970 18.716 0.038
3731.80278 18.889 0.043
3733.66553 18.674 0.034
3735.65337 18.726 0.031
3737.81189 18.979 0.037
3740.77524 18.937 0.041
3742.78580 18.920 0.081
3745.81781 19.080 0.066
3749.76785 19.029 0.089
3751.78169 19.160 0.079
3753.73108 18.997 0.053
3755.73117 18.958 0.059
3757.72090 19.113 0.057
3759.81120 18.467 0.036
3763.68320 19.165 0.040
3766.69980 18.592 0.040
3770.72735 18.578 0.041
3773.75860 18.728 0.049
3776.73294 18.780 0.066
3783.60021 18.543 0.034
3788.57439 18.673 0.036
3793.57995 18.735 0.041
3801.51572 18.703 0.043
3810.55057 19.024 0.066
3826.49142 18.984 0.066
3958.88150 18.609 0.069
3965.85132 18.788 0.038
3970.87144 18.988 0.054
3982.82223 19.055 0.069
3993.77491 18.988 0.076
3999.86642 18.546 0.038
4003.74235 19.057 0.047
4006.76350 18.431 0.028
4008.78441 18.615 0.034
4013.79602 18.742 0.056
4019.79718 18.867 0.044
4026.85923 18.867 0.056
4029.80359 18.870 0.047
4032.84018 19.022 0.076
4038.78624 18.986 0.059
4041.74613 18.878 0.051
4043.75117 19.084 0.070
4049.71442 19.030 0.050
4052.77577 18.408 0.030
4054.76191 18.380 0.031
4056.82105 18.743 0.038
4059.71581 18.365 0.033
4064.78346 18.778 0.034
4066.78343 18.802 0.044
4069.73650 18.792 0.044
4071.66445 18.622 0.046
4076.73667 18.885 0.059
4079.77815 18.974 0.063
4082.82607 19.135 0.062
4084.79132 18.989 0.060
4086.81634 18.967 0.062
4103.64098 18.986 0.060
4106.57279 19.021 0.076
4111.79511 18.832 0.044
4117.73573 18.810 0.049
4127.66433 18.809 0.038
4132.75326 18.959 0.066
4143.54049 18.873 0.047
4157.53273 19.024 0.060
4168.57350 18.410 0.031
4198.52607 18.896 0.066
4343.85899 18.646 0.057
4348.82789 18.712 0.046
4353.85926 18.868 0.056
4358.81128 18.805 0.070
4364.89765 19.023 0.073
4367.87148 19.001 0.056
4370.89316 19.073 0.070
4373.84918 18.997 0.059
4378.75260 19.032 0.076
4381.74078 18.900 0.078
4386.85866 18.430 0.040
4390.82065 18.454 0.036
4394.86724 18.744 0.041
4399.79496 18.734 0.054
4412.78237 18.862 0.053
4423.73272 19.018 0.057
4427.73480 18.994 0.054
4430.73810 19.026 0.076
4433.75565 19.064 0.066
4437.75361 19.039 0.078
4440.69785 19.088 0.069
4443.79033 18.563 0.047
4444.83318 18.724 0.066
4448.69883 18.323 0.037
4449.74629 18.535 0.038
4449.76126 18.645 0.047
4450.70919 18.510 0.051
4451.64436 18.608 0.044
4451.79687 18.739 0.054
4452.85714 18.915 0.062
4453.63323 18.449 0.044
4454.65681 18.432 0.043
4455.64357 18.486 0.043
4455.76226 18.829 0.062
4456.72431 18.744 0.053
4457.69906 18.647 0.046
4457.79348 18.829 0.070
4458.62146 18.508 0.041
4459.60572 18.527 0.046
4459.76070 18.861 0.051
4461.61908 18.658 0.038
4461.76401 18.818 0.075
4462.63643 18.699 0.056
4462.78618 18.931 0.050
4463.62998 18.670 0.038
4463.75744 18.849 0.043
4464.63233 18.674 0.041
4464.76176 18.884 0.051
4465.63922 18.710 0.038
4465.77419 18.952 0.049
4466.64882 18.814 0.050
4466.74017 18.913 0.043
4467.60771 18.706 0.059
4467.68454 18.807 0.038
4468.64028 18.752 0.038
4468.73844 18.895 0.044
4469.62461 18.769 0.047
4470.62132 18.777 0.051
4470.69399 18.884 0.050
4471.60692 18.807 0.041
4471.76879 19.007 0.065
4472.60315 18.799 0.040
4472.77579 18.991 0.044
4473.73714 18.973 0.070
4476.75810 19.036 0.050
4482.79898 18.991 0.070
4485.78930 18.658 0.054
4490.63654 18.953 0.057
4494.70260 18.586 0.049
4498.72699 18.573 0.040
4501.72433 18.672 0.054
4506.65834 18.627 0.049
4508.68520 18.735 0.051
4509.74931 18.730 0.049
4512.71884 18.849 0.054
4518.65903 18.770 0.076
4521.69958 18.859 0.059
4523.67859 18.898 0.066
4525.64320 18.901 0.054
4531.62691 19.082 0.056
4534.55580 18.938 0.066
4537.67158 19.018 0.060
4539.59085 19.004 0.063
4542.50823 18.976 0.079
