2131.51180 17.142 0.017
2134.47992 17.147 0.018
2168.49266 17.171 0.017
2194.51129 17.128 0.017
2462.76134 17.235 0.014
2463.72525 17.045 0.012
2469.77271 17.054 0.013
2489.66079 17.255 0.013
2494.66617 17.067 0.016
2511.50107 17.164 0.021
2516.53412 17.107 0.016
2519.56966 17.085 0.013
2524.61604 17.233 0.016
2528.51867 17.155 0.016
2711.83893 17.078 0.012
2791.88204 17.079 0.014
2796.85695 17.179 0.014
2811.61563 17.291 0.021
2821.77688 17.218 0.017
2836.58992 17.145 0.018
2838.60268 17.104 0.014
2847.63318 17.079 0.018
2851.49288 17.197 0.015
2853.49816 17.333 0.016
2855.59434 17.128 0.018
2857.67975 17.284 0.019
2861.56897 17.050 0.015
2864.57922 17.078 0.017
2875.58126 17.112 0.014
2884.53373 17.133 0.015
2888.54300 17.262 0.030
2894.48157 17.169 0.017
2898.49937 17.075 0.017
2905.52853 17.213 0.022
2910.52530 17.340 0.019
2923.54226 17.104 0.016
2935.53387 17.084 0.018
3076.86860 17.060 0.017
3080.88510 17.337 0.016
3083.83499 17.257 0.015
3090.88475 17.109 0.013
3113.73081 17.256 0.013
3122.74443 17.319 0.020
3124.92093 17.153 0.017
3135.69516 17.050 0.014
3141.74037 17.054 0.016
3147.81536 17.084 0.014
3162.66334 17.244 0.014
3166.78536 17.171 0.018
3167.79544 17.092 0.014
3168.61053 17.151 0.013
3170.67979 17.296 0.020
3174.89393 17.301 0.018
3178.63775 17.234 0.015
3179.66207 17.268 0.014
3191.85327 17.337 0.021
3193.72491 17.327 0.015
3194.75124 17.238 0.017
3197.71067 17.141 0.014
3204.80169 17.087 0.016
3210.73019 17.349 0.017
3217.52044 17.065 0.014
3219.57823 17.205 0.026
3224.63589 17.302 0.014
3228.55438 17.122 0.014
3232.54639 17.380 0.022
3239.60605 17.194 0.013
3239.63319 17.203 0.014
3240.66122 17.097 0.016
3244.62257 17.337 0.027
3245.63828 17.146 0.017
3247.58809 17.222 0.016
3251.64559 17.150 0.014
3254.51774 17.091 0.015
3257.65333 17.112 0.014
3266.53119 17.322 0.022
3270.54818 17.187 0.022
3271.54742 17.092 0.016
3475.76273 17.369 0.014
3480.79565 17.069 0.011
3497.86463 17.123 0.014
3502.83607 17.148 0.012
3508.79101 17.140 0.014
3509.88281 17.089 0.012
3510.87008 17.275 0.013
3511.90664 17.184 0.014
3520.91060 17.167 0.018
3521.87447 17.319 0.015
3530.71459 17.175 0.010
3539.58668 17.079 0.016
3561.76460 17.235 0.012
3640.56557 17.234 0.014
3650.54088 17.097 0.013
