2123.93450 17.838 0.027
2130.92356 18.002 0.033
2131.92535 17.899 0.035
2132.92352 17.889 0.030
2134.92508 17.872 0.029
2140.92475 17.993 0.030
2142.91199 17.965 0.034
2144.92237 17.865 0.026
2156.89607 17.811 0.034
2161.86302 17.902 0.034
2173.87628 17.952 0.023
2190.80798 17.749 0.022
2192.84593 17.680 0.020
2201.83238 17.766 0.019
2214.81394 17.740 0.025
2221.75684 17.791 0.028
2224.76955 17.674 0.019
2227.67217 17.918 0.025
2229.68563 17.925 0.029
2230.82979 17.967 0.025
2237.76461 18.043 0.025
2241.68986 17.824 0.026
2243.74372 17.850 0.025
2247.82559 17.739 0.020
2248.82818 17.660 0.017
2250.81497 17.968 0.024
2252.67528 17.899 0.026
2254.66634 17.785 0.020
2257.67301 17.886 0.021
2260.67972 17.969 0.026
2264.68510 17.874 0.022
2266.67121 17.788 0.022
2270.67890 17.907 0.023
2271.81926 17.712 0.016
2272.82721 17.872 0.027
2274.66473 17.945 0.029
2276.77484 17.871 0.024
2277.82814 17.911 0.019
2279.84574 17.843 0.020
2280.81929 17.811 0.028
2282.70891 17.960 0.023
2283.87005 17.672 0.023
2288.77751 17.870 0.030
2290.81480 17.820 0.023
2292.78782 17.707 0.024
2294.76415 17.946 0.035
2296.77979 18.002 0.037
2298.73650 17.861 0.027
2300.74697 17.826 0.029
2302.72365 17.702 0.027
2323.59973 17.865 0.021
2327.58515 17.943 0.029
2333.59517 17.699 0.030
2339.57156 17.927 0.025
2345.53263 18.012 0.031
2351.51076 17.843 0.025
2369.50827 18.014 0.031
2385.49396 17.853 0.034
2529.83955 17.812 0.026
2539.84198 17.861 0.029
2545.81155 17.963 0.032
2552.86519 17.804 0.026
2556.85656 17.981 0.025
2560.76498 17.841 0.023
2564.87325 17.799 0.024
2573.86996 17.873 0.027
2578.79432 17.967 0.028
2583.84872 17.922 0.030
2590.75492 17.925 0.026
2596.76753 17.782 0.027
2605.79479 17.916 0.024
2609.76695 17.688 0.026
2614.72524 17.932 0.030
2618.78021 17.843 0.025
2621.70532 17.983 0.023
2624.61127 17.893 0.029
2627.70978 17.856 0.031
2629.73273 17.827 0.024
2632.65867 17.957 0.024
2635.70591 17.908 0.021
2638.67689 17.866 0.024
2640.77378 17.811 0.026
2642.73000 17.678 0.027
2644.73270 18.042 0.029
2646.68693 17.964 0.029
2650.74250 17.863 0.027
2652.79989 17.822 0.022
2654.76530 17.663 0.024
2656.67072 17.977 0.031
2658.63247 17.882 0.027
2660.65080 17.859 0.025
2662.66174 17.750 0.024
2664.64180 17.963 0.029
2666.70519 17.917 0.022
2668.69131 17.985 0.029
2670.65343 17.897 0.034
2672.79219 17.954 0.027
2674.69294 17.773 0.023
2676.68205 17.907 0.026
2678.73530 18.023 0.030
2680.64606 17.892 0.027
2682.69211 17.898 0.031
2687.57192 17.964 0.030
2693.53115 17.800 0.021
2696.56788 17.758 0.027
2701.54953 17.827 0.030
2707.55130 17.765 0.024
2714.54340 17.813 0.030
2839.92000 17.674 0.021
2867.89101 17.891 0.028
2885.86870 17.974 0.023
2892.89721 17.838 0.029
2897.86612 17.946 0.027
2907.78634 17.930 0.024
2911.82373 17.917 0.020
2916.87415 17.736 0.018
2922.85785 18.026 0.037
2926.78955 17.678 0.020
2930.85923 18.000 0.025
2934.76126 17.857 0.020
2940.74111 17.975 0.022
2943.74630 17.888 0.025
2947.75495 17.811 0.022
2949.84495 17.770 0.019
2953.71209 17.937 0.028
2956.73743 17.881 0.022
2958.76379 17.801 0.025
2962.77629 17.954 0.021
2965.79932 17.954 0.023
2968.66661 17.812 0.025
2973.79011 17.875 0.020
2976.80254 17.931 0.025
2978.71019 17.870 0.026
2980.72261 17.830 0.021
2982.71533 17.634 0.020
2984.76246 17.969 0.025
2986.84513 18.025 0.031
2988.81550 17.965 0.024
2989.77081 17.908 0.021
2991.66595 17.740 0.019
2993.68638 17.798 0.023
2995.75421 17.984 0.023
2997.73190 17.938 0.025
3001.79094 17.878 0.022
3003.76159 17.808 0.022
3005.72343 17.747 0.021
3007.64485 17.931 0.023
3009.64270 17.938 0.025
3011.74228 17.945 0.031
3017.74779 17.779 0.021
3019.67582 17.976 0.026
3021.79439 17.959 0.023
3023.65617 17.849 0.018
3025.62407 17.651 0.017
3027.67345 17.868 0.020
3029.65848 17.965 0.023
3031.72840 17.961 0.025
3033.79204 17.962 0.020
3035.79887 17.917 0.021
3038.77649 17.791 0.023
3041.61700 17.998 0.035
3043.65104 17.932 0.032
3045.71396 17.925 0.028
3047.66771 17.856 0.026
3048.59649 17.813 0.018
3050.61600 17.991 0.022
3052.61720 17.936 0.025
3054.61742 17.928 0.026
3056.60987 17.788 0.020
3058.60386 17.729 0.022
3060.65346 17.665 0.019
3068.53938 17.749 0.027
3070.60029 17.704 0.030
3073.63148 17.973 0.034
3076.54509 17.911 0.037
3078.64050 17.914 0.023
3082.61831 17.718 0.017
3085.51940 17.990 0.030
3087.65759 17.888 0.032
3090.62374 17.833 0.024
3096.53962 17.971 0.035
3099.60940 17.949 0.038
3102.58801 17.755 0.026
3104.57473 17.888 0.026
3107.55843 17.975 0.034
3110.55650 17.880 0.029
3113.53441 17.710 0.027
3128.50692 17.957 0.029
3140.51391 17.941 0.026
3216.87814 17.944 0.033
3248.86326 17.932 0.029
3257.89160 17.675 0.017
3264.81294 17.827 0.017
3270.87973 18.016 0.023
3274.76538 17.818 0.028
3277.88741 17.824 0.021
3287.76907 17.812 0.018
3295.72749 17.886 0.017
3297.71946 17.767 0.014
3299.78378 17.727 0.013
3301.78100 17.738 0.027
3304.84134 17.957 0.025
3309.74710 17.816 0.020
3311.74507 17.681 0.018
3320.78803 17.872 0.019
3323.73416 17.789 0.020
3327.76000 17.936 0.022
3330.71865 17.815 0.025
3334.81758 17.735 0.024
3338.86601 17.987 0.030
3339.76535 17.967 0.024
3354.78126 17.879 0.023
3358.82996 17.658 0.017
3365.76005 17.822 0.022
3372.77645 17.962 0.023
3378.68907 17.647 0.019
3391.75682 17.668 0.021
3399.72563 17.832 0.024
3403.71297 17.996 0.025
3406.68250 17.952 0.018
3410.63545 17.703 0.017
3415.63265 17.968 0.021
3427.59637 17.980 0.027
3433.61897 17.605 0.020
3438.54817 17.899 0.020
3455.52866 18.013 0.040
3461.52273 17.870 0.025
3473.48206 17.842 0.026
3575.94071 17.764 0.025
3592.93256 17.906 0.017
3619.83448 17.669 0.017
3629.90796 17.866 0.025
3633.87299 18.049 0.025
3639.78547 17.792 0.017
3644.82209 17.974 0.018
3651.76525 17.709 0.017
3654.81277 17.914 0.020
3658.77679 17.978 0.026
3661.84749 17.828 0.026
3668.82022 18.001 0.026
3672.80849 17.880 0.022
3676.76528 17.984 0.022
3684.82727 17.874 0.018
3687.80168 17.801 0.018
3690.72154 17.976 0.025
3693.75556 17.876 0.023
3695.78832 17.799 0.018
3698.77007 17.982 0.027
3700.79865 17.981 0.021
3703.72953 17.903 0.018
3705.79670 17.900 0.018
3708.78463 17.679 0.020
3712.74225 17.993 0.021
3714.81248 17.916 0.019
3717.67492 17.702 0.019
3719.84744 17.789 0.023
3721.80841 17.702 0.018
3726.70425 17.878 0.028
3730.73649 17.698 0.017
3732.72858 17.970 0.018
3734.85942 17.818 0.021
3737.76036 17.908 0.017
3739.83034 17.891 0.019
3741.84328 17.844 0.026
3743.74041 17.848 0.021
3746.78292 17.937 0.029
3748.73612 17.959 0.027
3749.74170 17.902 0.029
3751.75306 17.852 0.024
3753.70456 17.716 0.017
3755.70556 17.928 0.022
3757.69542 17.902 0.022
3759.76021 17.973 0.019
3762.78172 17.877 0.024
3765.76881 17.672 0.015
3770.64132 17.882 0.017
3773.70740 17.767 0.022
3776.67772 18.019 0.029
3779.63230 17.991 0.038
3782.74590 17.917 0.025
3787.60911 17.973 0.023
3792.55983 17.831 0.022
3800.54182 17.927 0.024
3809.54906 17.926 0.030
3823.50916 17.916 0.024
3946.93135 17.888 0.029
3964.88773 17.931 0.018
3969.91854 17.818 0.020
3981.88634 17.803 0.025
3989.91496 17.901 0.032
3998.87866 17.923 0.020
3999.84114 17.934 0.019
4001.89016 17.913 0.017
4004.85413 17.788 0.017
4005.86808 17.732 0.017
4008.73435 17.952 0.018
4011.90124 17.962 0.032
4018.86402 17.966 0.020
4024.73147 17.748 0.017
4026.80453 17.702 0.015
4029.75376 17.950 0.023
4032.76906 17.910 0.027
4038.73513 18.027 0.023
4041.69639 17.974 0.023
4043.70124 17.911 0.025
4049.66390 17.916 0.021
4052.72531 18.032 0.023
4054.71211 17.821 0.025
4056.77013 17.866 0.020
4058.80246 17.799 0.017
4063.70106 17.930 0.018
4066.75837 17.887 0.020
4068.66326 17.687 0.016
4070.68835 17.807 0.020
4074.75598 17.990 0.030
4077.80450 17.931 0.023
4079.84939 18.005 0.025
4083.69496 17.983 0.029
4085.76069 17.961 0.026
4093.74522 17.697 0.016
4105.81779 17.765 0.022
4109.78766 17.927 0.018
4113.74349 17.906 0.017
4120.77372 17.949 0.020
4122.73018 17.957 0.019
4125.78445 17.867 0.022
4132.67221 17.930 0.028
4142.72319 17.944 0.036
4156.55829 17.741 0.022
4168.51294 17.668 0.023
4197.49220 17.894 0.031
4341.92462 17.925 0.035
4347.87554 17.989 0.028
4353.80951 17.833 0.022
4358.90781 17.755 0.025
4364.87223 17.876 0.027
4367.89668 17.741 0.024
4371.76197 17.922 0.025
4377.81834 17.740 0.023
4380.83327 18.022 0.026
4386.80899 17.867 0.029
4390.77090 18.038 0.028
4394.72705 17.901 0.023
4399.74500 17.644 0.032
4412.72350 18.002 0.027
4418.81690 17.887 0.022
4421.86271 17.862 0.031
4426.76061 17.933 0.036
4430.68799 17.769 0.031
4432.74718 17.746 0.020
4436.78711 18.000 0.031
4439.85219 17.899 0.035
4443.74022 17.809 0.029
4449.70309 17.921 0.022
4451.71284 17.866 0.027
4455.71192 17.666 0.023
4457.74238 18.022 0.032
4460.81402 17.948 0.036
4463.73231 17.841 0.021
4466.72131 17.712 0.018
4470.66877 17.913 0.026
4473.71150 17.920 0.027
4477.76998 17.815 0.028
4482.77380 18.011 0.037
4486.75162 17.886 0.031
4491.72515 17.947 0.037
4494.67051 17.883 0.031
4498.70324 17.796 0.023
4501.70049 17.927 0.029
4506.63461 17.882 0.029
4508.65764 17.826 0.025
4510.72722 17.744 0.024
4517.66144 17.895 0.031
4521.64198 17.761 0.025
4524.60471 17.955 0.028
4530.63068 17.775 0.025
4532.65643 17.751 0.024
4536.62867 17.949 0.027
4539.51064 17.846 0.027
4541.61978 17.843 0.031
