2187.81339 19.180 0.092
2193.87840 19.003 0.044
2194.77218 18.763 0.054
2202.87845 18.838 0.050
2206.78747 18.803 0.057
2215.83135 18.767 0.061
2222.83084 19.081 0.070
2225.71368 18.969 0.055
2227.78873 18.801 0.070
2229.79459 19.201 0.085
2231.76294 18.816 0.048
2233.73125 19.010 0.055
2237.65059 18.975 0.074
2239.71153 18.866 0.050
2241.80328 18.763 0.045
2244.68293 18.775 0.058
2249.79280 18.607 0.038
2251.70108 18.886 0.050
2254.78780 19.202 0.054
2257.81128 18.781 0.032
2260.81868 19.033 0.072
2262.83633 18.667 0.038
2265.81093 18.854 0.054
2269.76097 18.940 0.065
2272.74127 18.946 0.066
2274.70970 18.744 0.050
2276.72991 18.963 0.058
2278.84939 18.735 0.053
2280.67212 18.971 0.067
2282.83346 18.847 0.054
2288.81538 19.003 0.054
2291.84888 18.784 0.053
2296.84400 18.899 0.087
2298.83697 18.942 0.063
2301.76773 19.176 0.106
2303.76705 18.712 0.058
2321.73955 19.189 0.121
2328.61671 18.796 0.053
2335.52661 18.736 0.055
2341.52394 19.026 0.063
2358.51637 18.961 0.057
2391.54303 19.240 0.105
2553.82476 19.109 0.082
2557.88959 18.724 0.058
2561.89222 18.682 0.093
2579.77239 19.007 0.063
2586.80851 18.803 0.045
2591.77743 19.072 0.058
2598.76029 18.623 0.042
2610.68706 18.649 0.054
2619.65760 19.167 0.053
2622.77269 18.892 0.054
2625.63796 18.949 0.059
2628.63526 18.984 0.078
2630.67222 18.720 0.045
2632.79342 18.654 0.037
2636.74340 18.852 0.050
2641.83589 18.864 0.048
2643.83648 18.994 0.057
2649.74664 19.199 0.055
2651.78950 18.988 0.051
2655.84325 19.125 0.106
2657.83925 18.701 0.055
2658.82745 19.095 0.112
2660.78203 18.844 0.054
2662.75551 19.141 0.071
2672.62295 18.736 0.054
2674.82515 18.691 0.058
2676.80240 18.997 0.109
2678.84415 18.775 0.044
2680.75249 19.012 0.050
2684.62992 18.929 0.050
2688.60740 18.795 0.051
2693.56912 18.639 0.040
2697.58519 18.777 0.063
2702.59173 18.610 0.057
2709.53719 18.783 0.071
2726.50337 18.791 0.058
2875.91444 19.089 0.083
2885.90502 18.633 0.037
2893.88570 18.762 0.059
2897.90228 18.844 0.054
2908.82296 18.930 0.057
2912.84614 18.968 0.054
2917.85431 18.848 0.042
2923.85921 18.981 0.054
2927.76540 19.256 0.097
2931.84353 18.615 0.041
2935.73796 19.093 0.079
2940.85848 19.108 0.053
2943.86324 18.683 0.037
2951.74859 18.672 0.045
2954.81571 18.842 0.065
2956.85911 18.617 0.042
2961.79043 19.126 0.059
2963.84138 18.937 0.053
2964.73876 18.898 0.074
2966.81804 19.058 0.048
2968.77891 18.652 0.040
2971.78214 18.936 0.055
2975.70323 18.778 0.048
2978.69116 18.996 0.063
2980.78545 18.745 0.051
2982.83448 19.176 0.083
2985.73717 18.817 0.044
2987.78482 19.023 0.070
2989.72583 18.665 0.033
2991.79927 19.008 0.054
2993.81269 18.777 0.044
2996.78291 18.900 0.042
2998.79570 18.778 0.046
3000.80683 19.016 0.065
3002.79713 18.620 0.038
3004.82289 19.030 0.055
3006.80944 18.747 0.040
3008.77204 19.033 0.057
3010.84273 18.750 0.051
3013.76848 18.792 0.054
3016.79277 19.090 0.066
3023.77340 18.650 0.034
3025.77652 18.946 0.037
3029.77981 19.027 0.059
3032.62864 18.985 0.059
3034.67673 18.750 0.031
3036.70680 19.138 0.054
3039.64878 18.692 0.045
3041.74166 19.003 0.075
3042.75705 19.011 0.078
3044.69586 19.092 0.074
3046.68199 18.917 0.065
3048.71517 18.805 0.041
3050.71212 18.992 0.044
3052.70840 18.706 0.033
3054.71449 19.041 0.059
3056.70160 18.604 0.033
3058.69490 19.041 0.046
3059.64115 18.805 0.042
3066.63216 19.029 0.062
3068.66037 18.669 0.050
3071.55877 18.809 0.058
3074.56364 18.998 0.067
3076.67803 18.812 0.057
3079.67765 19.105 0.082
3083.54781 18.968 0.085
3085.64603 18.568 0.058
3088.60339 18.834 0.055
3091.60692 19.016 0.087
3097.53140 18.683 0.062
3100.56895 18.926 0.079
3103.57703 18.933 0.116
3106.60642 18.821 0.051
3109.58955 18.857 0.054
3126.54454 18.812 0.065
3132.54756 18.907 0.075
3242.92906 18.828 0.088
3249.90660 18.997 0.074
3271.87846 18.688 0.049
3274.88166 19.038 0.074
3279.83514 18.790 0.051
3295.84431 18.970 0.037
3297.83560 18.895 0.036
3300.69974 18.637 0.061
3302.72235 19.238 0.092
3305.80601 18.658 0.042
3309.86718 18.791 0.048
3315.80317 19.047 0.049
3321.76753 18.793 0.040
3324.81697 18.924 0.055
3329.67116 18.678 0.040
3335.81465 19.144 0.088
3353.79053 19.075 0.044
3357.81815 19.133 0.053
3360.79776 19.153 0.053
3366.76181 18.997 0.061
3373.84941 19.198 0.082
3378.80510 18.986 0.058
3385.59503 19.007 0.068
3387.80310 19.041 0.063
3394.69408 19.099 0.058
3402.75239 19.335 0.063
3404.68404 18.763 0.050
3410.54184 18.973 0.048
3416.54941 18.737 0.049
3425.55579 18.791 0.072
3430.55258 19.165 0.067
3436.60345 18.968 0.051
3448.53507 18.897 0.065
3458.50519 18.682 0.046
3603.90557 18.879 0.046
3621.88326 18.644 0.037
3624.90709 18.773 0.048
3630.85418 19.126 0.085
3637.80526 18.696 0.051
3640.84943 18.964 0.046
3651.88185 19.155 0.066
3655.79909 19.027 0.046
3659.78243 19.234 0.087
3663.74636 19.171 0.078
3669.84148 18.921 0.051
3673.71889 18.907 0.054
3681.78650 19.025 0.071
3685.84579 19.008 0.046
3688.76466 19.136 0.054
3690.83923 19.023 0.080
3693.84554 19.097 0.061
3696.78319 18.662 0.037
3699.79606 18.893 0.037
3701.85105 19.190 0.062
3703.84785 18.935 0.040
3706.72310 18.936 0.038
3711.75861 18.878 0.040
3713.84661 18.678 0.044
3715.82293 18.949 0.046
3718.85406 19.297 0.072
3724.79738 18.843 0.041
3728.83167 18.906 0.050
3731.83883 18.990 0.044
3733.73819 18.709 0.036
3735.71936 18.955 0.040
3738.75173 18.817 0.042
3740.81664 19.073 0.051
3742.83608 18.694 0.061
3747.85654 18.590 0.046
3749.80383 18.898 0.083
3751.81768 18.905 0.080
3753.76778 18.891 0.048
3755.79595 18.772 0.046
3757.81591 19.078 0.048
3760.62754 18.993 0.053
3763.74826 18.631 0.029
3766.76483 18.755 0.058
3771.67425 18.769 0.042
3774.66576 18.808 0.044
3777.62410 19.026 0.055
3780.68821 19.113 0.075
3784.53618 18.855 0.067
3788.61457 19.019 0.049
3794.58411 18.963 0.055
3802.52496 18.770 0.053
3812.53776 18.768 0.041
3830.49118 19.077 0.070
3959.89366 18.984 0.084
3965.91956 18.751 0.036
3973.83517 18.721 0.058
3982.88582 18.754 0.048
3990.83272 18.763 0.046
3999.90203 18.752 0.050
4003.77781 18.810 0.036
4006.82717 18.913 0.046
4008.84816 19.009 0.044
4013.86003 18.981 0.065
4019.86465 18.883 0.048
4024.85419 18.748 0.044
4027.75875 18.887 0.053
4029.86938 18.751 0.042
4036.74790 18.745 0.038
4039.73604 18.895 0.055
4041.80978 18.647 0.037
4047.67448 18.729 0.059
4050.65023 19.003 0.058
4052.83950 18.923 0.042
4054.82633 18.928 0.050
4060.69080 18.871 0.041
4065.77484 18.922 0.044
4068.74529 18.936 0.037
4070.78970 18.766 0.055
4074.84578 18.862 0.057
4078.76371 18.742 0.045
4080.77508 19.050 0.074
4083.84975 18.865 0.061
4085.82453 18.922 0.065
4096.65787 19.063 0.070
4103.81706 18.718 0.054
4106.64846 18.766 0.053
4112.82530 18.756 0.041
4122.75340 18.965 0.041
4128.62302 18.707 0.044
4145.66308 18.673 0.054
4158.53328 19.021 0.065
4169.56262 18.689 0.041
4344.86539 18.679 0.046
4348.89560 18.711 0.054
4358.88555 19.102 0.076
4363.90093 18.990 0.083
4367.82321 18.951 0.054
4371.83393 19.000 0.059
4378.78782 19.146 0.070
4381.80471 18.772 0.067
4390.88429 18.772 0.083
4396.78500 19.010 0.070
4400.79293 18.984 0.087
4408.80462 18.966 0.065
4423.83231 18.730 0.046
4427.79871 18.760 0.050
4430.80197 18.908 0.068
4433.81941 19.111 0.072
4437.74590 19.020 0.082
4440.76570 18.605 0.042
4444.71068 18.772 0.058
4449.82522 18.674 0.046
4451.86079 18.921 0.118
4454.80052 19.045 0.049
4456.80290 18.852 0.054
4458.80958 19.160 0.066
4463.79300 19.018 0.058
4465.80977 18.698 0.042
4470.72976 19.132 0.062
4478.81425 18.664 0.040
4481.85639 18.903 0.059
4486.85417 18.856 0.075
4490.67225 18.738 0.062
4493.74292 18.864 0.063
4497.79478 18.973 0.055
4500.66778 18.985 0.054
4502.77763 18.860 0.076
4507.76874 18.733 0.054
4509.73243 18.935 0.053
4518.73208 18.945 0.097
4522.53238 18.742 0.053
4524.67281 19.109 0.065
4530.69722 19.085 0.058
4534.66386 18.995 0.054
4538.67917 19.034 0.065
4540.67924 18.746 0.058
4542.59638 19.015 0.067
