 455.69292 18.676 0.025
 455.72056 18.623 0.027
 455.76511 18.710 0.031
 456.58822 18.767 0.028
 456.62546 18.736 0.028
 456.70867 18.695 0.031
 456.75614 18.758 0.031
 456.80757 18.604 0.028
 457.55590 18.674 0.033
 457.59984 18.631 0.028
 457.65851 18.649 0.033
 457.71706 18.655 0.027
 457.77574 18.748 0.031
 458.63223 18.788 0.033
 458.69095 18.763 0.044
 458.76015 18.768 0.040
 459.54949 18.516 0.034
 459.59570 18.601 0.033
 459.65425 18.637 0.030
 459.71371 18.724 0.030
 459.75749 18.708 0.031
 459.80133 18.799 0.031
 461.56042 18.598 0.027
 461.60424 18.688 0.030
 461.66284 18.756 0.031
 461.72902 18.720 0.027
 461.79101 18.787 0.036
 462.56093 18.859 0.034
 462.61958 18.728 0.030
 462.66555 18.690 0.028
 465.66440 18.747 0.038
 465.71207 18.763 0.040
 465.79693 18.823 0.034
 466.64816 18.621 0.030
 466.71468 18.610 0.031
 466.79964 18.719 0.037
 467.65180 18.756 0.031
 467.75641 18.829 0.037
 467.82235 18.571 0.031
 468.65849 18.598 0.040
 468.72867 18.638 0.031
 468.78728 18.711 0.030
 469.65936 18.853 0.044
 469.73618 18.798 0.041
 469.79639 18.643 0.038
 470.73415 18.714 0.043
 471.64522 18.822 0.038
 471.78197 18.609 0.037
 472.61978 18.706 0.037
 472.66365 18.736 0.033
 472.70743 18.724 0.038
 472.77339 18.743 0.041
 472.84674 18.706 0.051
 473.68745 18.630 0.051
 474.69936 18.739 0.038
 474.76582 18.695 0.046
 475.53376 18.879 0.046
 475.59253 18.711 0.037
 475.65869 18.585 0.034
 475.71082 18.624 0.047
 475.75790 18.569 0.050
 476.73884 18.726 0.038
 477.53049 18.682 0.040
 477.57606 18.610 0.030
 477.72923 18.631 0.033
 477.81011 18.627 0.033
 477.85436 18.664 0.038
 478.53663 18.669 0.033
 478.75705 18.791 0.031
 478.81598 18.695 0.031
 479.53546 18.553 0.033
 479.57938 18.571 0.025
 479.77142 18.776 0.038
 479.81700 18.777 0.043
 480.57150 18.760 0.037
 480.65267 18.763 0.031
 480.74627 18.855 0.036
 480.79036 18.611 0.033
 481.55670 18.637 0.031
 481.70510 18.697 0.031
 481.74907 18.734 0.034
 481.79303 18.792 0.038
 482.70591 18.740 0.034
 482.78387 18.565 0.030
 483.57221 18.628 0.037
 483.61663 18.666 0.033
 483.66054 18.706 0.033
 483.70453 18.690 0.031
 483.74842 18.710 0.033
 483.79234 18.812 0.036
 484.57088 18.779 0.043
 484.67956 18.569 0.031
 484.72394 18.622 0.031
 484.76795 18.613 0.031
 485.57454 18.705 0.031
 485.72144 18.708 0.031
 485.76559 18.828 0.038
 486.57100 18.756 0.031
 486.61659 18.683 0.031
 486.71313 18.546 0.031
 486.75829 18.601 0.031
 487.59796 18.689 0.028
 487.64620 18.702 0.030
 487.69405 18.750 0.028
 487.73819 18.750 0.031
 487.78236 18.811 0.034
 488.58349 18.652 0.031
 488.62746 18.563 0.028
 488.69632 18.598 0.030
 488.74033 18.740 0.034
 488.78440 18.723 0.043
 489.55926 18.779 0.031
 489.61577 18.770 0.030
 489.64822 18.722 0.028
 489.69214 18.779 0.031
 489.73606 18.816 0.033
 489.78009 18.803 0.037
 490.55250 18.624 0.024
 490.68969 18.642 0.033
 490.73379 18.651 0.030
 490.77774 18.678 0.031
 491.57701 18.688 0.031
 491.62881 18.687 0.030
 491.67293 18.745 0.034
 491.78630 18.689 0.036
 492.56116 18.622 0.037
 492.60506 18.687 0.050
 492.63551 18.640 0.031
 492.68138 18.672 0.038
 493.56420 18.819 0.033
 493.60871 18.793 0.036
 494.55892 18.623 0.034
 494.60286 18.639 0.028
 494.64708 18.703 0.033
 494.69139 18.653 0.031
 494.73640 18.719 0.036
 495.56173 18.823 0.043
 495.63536 18.674 0.041
 495.68884 18.679 0.043
 496.55713 18.625 0.031
 496.60188 18.708 0.041
 496.64595 18.719 0.040
 496.69086 18.842 0.051
 497.58486 18.783 0.040
 498.55619 18.691 0.036
 498.60023 18.686 0.031
 498.71398 18.713 0.037
 498.75792 18.781 0.044
 499.55115 18.650 0.033
 499.59685 18.724 0.040
 499.73713 18.622 0.036
 500.57867 18.665 0.043
 500.59388 18.668 0.050
 500.63874 18.768 0.056
 500.68991 18.740 0.046
 500.73432 18.778 0.047
 501.55802 18.616 0.037
 501.67679 18.662 0.046
 507.54645 18.629 0.030
 507.59166 18.627 0.030
 507.66349 18.713 0.056
 509.54238 18.676 0.043
 509.58942 18.730 0.040
 509.64174 18.674 0.041
 510.58398 18.719 0.041
 510.62953 18.669 0.037
 510.67714 18.597 0.037
 511.66942 18.865 0.047
 512.57605 18.639 0.034
 512.62443 18.664 0.043
 512.69873 18.595 0.034
 512.74424 18.635 0.030
 513.55640 18.750 0.043
 513.60194 18.719 0.033
 513.69363 18.756 0.031
 513.74087 18.847 0.038
 514.56462 18.605 0.031
 514.63370 18.693 0.031
 514.68405 18.656 0.033
 514.73091 18.638 0.033
 515.55876 18.769 0.033
 515.61166 18.721 0.028
 515.66177 18.784 0.036
 516.56506 18.553 0.033
 516.61925 18.633 0.034
 516.66624 18.630 0.034
 516.71277 18.644 0.034
 517.56305 18.700 0.036
 517.61293 18.858 0.046
 517.70907 18.692 0.037
 518.60040 18.639 0.033
 518.64566 18.732 0.036
 518.69473 18.764 0.047
 519.56105 18.837 0.030
 519.60767 18.810 0.030
 519.67521 18.640 0.036
 520.70184 18.800 0.047
 521.55733 18.812 0.041
 521.60243 18.641 0.046
 521.66524 18.660 0.041
 523.56639 18.718 0.046
 523.61769 18.588 0.034
 523.66855 18.629 0.033
 524.55864 18.648 0.038
 524.60876 18.816 0.047
 526.54599 18.673 0.051
 526.64800 18.830 0.059
 527.67117 18.630 0.036
 530.56131 18.714 0.047
 531.55870 18.628 0.043
 532.54818 18.752 0.046
 533.56543 18.709 0.049
 534.55459 18.733 0.043
 534.59878 18.620 0.041
 534.65053 18.712 0.051
 535.53924 18.713 0.031
 535.59952 18.791 0.047
 535.67325 18.729 0.044
 536.51832 18.630 0.038
 536.56355 18.596 0.034
 536.61405 18.628 0.047
 537.51296 18.664 0.037
 537.61317 18.771 0.041
 537.65999 18.803 0.038
 538.50096 18.586 0.034
 538.55269 18.558 0.034
 539.50957 18.729 0.037
 539.62070 18.743 0.036
 539.66479 18.745 0.034
 540.53978 18.611 0.049
 540.67084 18.696 0.038
 541.51993 18.833 0.038
 541.57700 18.716 0.036
 542.49969 18.646 0.034
 542.50901 18.665 0.033
 542.56094 18.632 0.034
 542.60842 18.680 0.033
 542.65255 18.743 0.038
 543.54727 18.773 0.036
 543.59136 18.857 0.040
 543.62840 18.726 0.036
 543.67243 18.653 0.037
 544.50010 18.610 0.033
 544.54435 18.616 0.036
 544.58860 18.670 0.034
 544.63383 18.835 0.043
 551.48980 18.653 0.031
 552.49811 18.809 0.038
 553.50648 18.581 0.044
 553.61727 18.687 0.050
 554.48330 18.839 0.054
 554.56874 18.803 0.059
 555.48962 18.576 0.050
 557.59017 18.723 0.087
 558.53701 18.684 0.075
 559.52079 18.707 0.051
 560.49886 18.605 0.057
 561.49889 18.766 0.054
 562.50039 18.564 0.056
 564.50159 18.514 0.062
 565.50739 18.665 0.044
 566.50138 18.663 0.044
 567.50248 18.838 0.047
 568.48769 18.576 0.050
 569.49754 18.839 0.056
 570.47714 18.776 0.104
 571.48335 18.802 0.053
 572.51185 18.720 0.057
 573.51569 18.647 0.056
 574.47411 18.685 0.046
 575.47275 18.523 0.041
 577.48170 18.593 0.054
 578.49472 18.781 0.046
 582.47742 18.753 0.070
 583.48018 18.707 0.044
 665.80549 18.556 0.034
 672.86552 18.671 0.036
 689.89598 18.763 0.040
 699.89937 18.571 0.036
 701.81629 18.657 0.053
 704.85878 18.786 0.046
 706.84027 18.876 0.076
 714.80764 18.612 0.036
 715.88040 18.768 0.047
 716.77223 18.620 0.036
 728.76747 18.775 0.044
 729.76744 18.659 0.046
 730.72304 18.863 0.056
 733.81399 18.680 0.063
 741.81726 18.808 0.050
 745.77207 18.763 0.046
 747.82053 18.608 0.037
 753.76845 18.572 0.040
 759.80892 18.716 0.041
 766.78307 18.595 0.054
 772.80216 18.801 0.044
 775.78388 18.593 0.033
 779.80256 18.691 0.043
 781.81941 18.776 0.050
 787.77898 18.746 0.046
 789.76294 18.757 0.047
 790.77348 18.519 0.041
 795.73109 18.682 0.038
 796.80293 18.761 0.054
 797.73074 18.659 0.038
 798.70273 18.709 0.038
 805.78763 18.681 0.054
 816.75865 18.686 0.041
 817.67787 18.803 0.043
 819.77759 18.612 0.040
 822.79176 18.744 0.037
 824.82105 18.735 0.043
 826.64454 18.745 0.049
 829.71516 18.699 0.046
 832.67133 18.684 0.044
 836.77016 18.732 0.051
 840.64954 18.586 0.043
 843.65005 18.700 0.037
 850.62360 18.732 0.041
 854.65435 18.814 0.073
 855.62837 18.648 0.046
 856.59463 18.756 0.054
 858.56724 18.717 0.049
 860.74771 18.599 0.060
 866.62934 18.532 0.075
 875.54256 18.621 0.037
 879.62906 18.698 0.053
 880.52817 18.873 0.051
 887.54144 18.640 0.051
 892.62499 18.718 0.047
 895.51588 18.581 0.059
 898.52269 18.757 0.038
 922.59006 18.896 0.063
 928.51599 18.783 0.065
 931.53793 18.711 0.060
 933.54773 18.687 0.047
 940.52897 18.735 0.051
 951.53731 18.659 0.041
1045.86935 18.697 0.053
1051.85590 18.627 0.056
1052.89113 18.719 0.057
1053.87129 18.660 0.040
1054.88702 18.764 0.047
1055.85951 18.753 0.059
1059.87225 18.850 0.072
1068.86637 18.713 0.054
1069.87705 18.644 0.043
1071.89411 18.592 0.041
1081.85454 18.645 0.037
1087.80160 18.823 0.059
1091.80405 18.766 0.068
1095.78581 18.571 0.054
1102.78652 18.764 0.031
1106.84157 18.553 0.030
1107.76934 18.754 0.041
1112.86929 18.625 0.040
1119.78686 18.556 0.044
1126.80875 18.763 0.047
1131.67635 18.681 0.054
1132.73269 18.668 0.049
1136.76595 18.551 0.038
1138.79008 18.622 0.041
1142.65713 18.618 0.037
1144.72607 18.745 0.041
1151.75191 18.613 0.044
1155.75116 18.848 0.049
1158.74873 18.611 0.037
1161.72667 18.785 0.036
1165.74738 18.664 0.041
1169.74231 18.555 0.038
1174.71609 18.748 0.040
1179.73295 18.738 0.051
1181.80497 18.736 0.050
1186.75943 18.612 0.033
1187.82067 18.665 0.036
1188.74870 18.696 0.031
1196.69942 18.610 0.051
1201.70834 18.692 0.041
1203.72648 18.670 0.037
1207.58511 18.786 0.063
1211.62283 18.748 0.047
1214.62369 18.601 0.047
1217.59856 18.710 0.038
1220.60339 18.778 0.046
1223.62962 18.563 0.040
1225.57056 18.662 0.041
1227.65112 18.682 0.043
1231.54701 18.679 0.047
1234.59521 18.588 0.047
1236.60273 18.645 0.053
1240.55320 18.653 0.047
1242.65496 18.695 0.051
1244.60433 18.822 0.054
1247.53706 18.600 0.046
1252.65297 18.561 0.050
1256.52182 18.602 0.056
1260.54438 18.633 0.044
1265.52226 18.756 0.051
1273.56817 18.655 0.062
1277.50444 18.677 0.050
1288.50270 18.693 0.054
1290.57011 18.714 0.057
1296.50747 18.895 0.062
1298.54540 18.704 0.053
1301.48706 18.683 0.056
1305.53290 18.761 0.054
1308.46241 18.545 0.054
1313.50890 18.659 0.062
1316.50078 18.679 0.030
1319.47700 18.638 0.049
1329.53187 18.682 0.088
1332.50710 18.499 0.066
1339.47539 18.555 0.069
1412.83530 18.631 0.053
1418.83249 18.678 0.054
1430.88697 18.591 0.037
1432.82081 18.634 0.044
1435.79686 18.794 0.063
1437.78076 18.712 0.053
1440.82843 18.636 0.044
1446.84047 18.780 0.079
1447.86601 18.682 0.066
1451.76112 18.706 0.053
1458.85208 18.678 0.049
1459.76777 18.828 0.063
1462.77202 18.604 0.054
1470.83241 18.758 0.041
1475.74501 18.603 0.046
1478.70042 18.924 0.084
1478.83527 18.591 0.043
1481.67408 18.704 0.057
1487.70346 18.796 0.051
1490.70029 18.708 0.051
1492.69337 18.709 0.060
1495.69191 18.613 0.046
1497.81807 18.641 0.047
1499.64972 18.579 0.060
1502.64492 18.870 0.082
1505.68553 18.710 0.059
1507.81901 18.946 0.065
1510.79502 18.585 0.040
1512.69172 18.766 0.063
1514.80282 18.694 0.049
1517.63830 18.754 0.053
1519.71198 18.516 0.041
1521.64772 18.545 0.040
1523.76844 18.622 0.054
1525.76281 18.675 0.036
1527.69176 18.665 0.041
1528.73810 18.655 0.036
1529.75926 18.830 0.056
1531.75233 18.780 0.047
1538.70894 18.704 0.046
1541.66501 18.644 0.031
1542.69487 18.756 0.051
1544.62088 18.810 0.047
1547.74778 18.708 0.033
1548.72540 18.638 0.036
1549.71967 18.722 0.034
1552.58440 18.752 0.049
1554.71086 18.570 0.036
1555.71764 18.780 0.046
1562.72055 18.695 0.060
1564.59915 18.666 0.054
1567.69177 18.714 0.051
1570.59711 18.698 0.049
1574.78482 18.512 0.033
1577.73653 18.801 0.046
1580.77060 18.646 0.040
1583.65592 18.865 0.053
1585.74255 18.576 0.036
1588.75024 18.777 0.070
1591.72315 18.645 0.073
1593.56922 18.683 0.053
1595.73828 18.738 0.078
1596.71820 18.671 0.056
1599.64009 18.699 0.037
1601.71616 18.766 0.062
1604.59763 18.559 0.043
1606.63259 18.619 0.050
1609.67390 18.702 0.044
1610.65900 18.621 0.053
1613.55007 18.643 0.051
1615.58201 18.606 0.038
1617.65335 18.563 0.038
1619.63701 18.669 0.053
1620.58817 18.802 0.063
1622.53836 18.721 0.054
1624.53492 18.837 0.059
1626.53574 18.675 0.049
1627.65686 18.782 0.056
1629.53585 18.795 0.054
1630.61732 18.568 0.038
1634.53156 18.657 0.044
1643.52356 18.563 0.047
1654.56087 18.645 0.054
1656.54709 18.712 0.079
1659.55453 18.641 0.053
1661.57849 18.591 0.046
1664.54018 18.750 0.051
1667.54539 18.672 0.065
1670.56712 18.790 0.089
1672.55615 18.685 0.062
1769.89896 18.588 0.065
1771.92576 18.708 0.078
1772.90561 18.748 0.051
1775.90671 18.734 0.051
1784.89129 18.700 0.049
1789.87998 18.638 0.034
1804.82957 18.609 0.046
1809.85395 18.759 0.038
1812.82472 18.741 0.044
1816.83603 18.737 0.038
1821.82662 18.639 0.044
1823.86875 18.763 0.038
1826.85183 18.590 0.041
1829.82552 18.825 0.065
1830.83888 18.650 0.050
1834.87781 18.725 0.057
1859.81498 18.671 0.041
1861.83215 18.564 0.043
1864.80960 18.652 0.037
1865.78976 18.565 0.037
1866.85853 18.798 0.047
1868.82920 18.727 0.034
1870.76248 18.828 0.041
1871.84644 18.748 0.038
1873.80601 18.668 0.037
2167.89381 18.618 0.049
2190.85320 18.806 0.046
2193.81645 18.681 0.038
2202.81579 18.666 0.040
2214.86348 18.710 0.063
2215.76899 18.645 0.051
2224.81711 18.633 0.043
2227.72793 18.793 0.054
2229.73370 18.814 0.059
2231.70196 18.789 0.049
2233.67022 18.801 0.047
2237.58963 18.838 0.087
2239.65063 18.584 0.047
2241.74231 18.643 0.043
2243.80731 18.670 0.051
2248.66639 18.622 0.037
2250.75440 18.592 0.053
2252.72763 18.642 0.040
2254.71868 18.655 0.038
2257.72272 18.627 0.037
2265.77702 18.655 0.046
2266.74805 18.692 0.041
2270.79366 18.606 0.038
2272.64320 18.621 0.046
2274.77055 18.616 0.053
2276.82849 18.666 0.051
2278.78534 18.713 0.060
2280.76808 18.654 0.041
2282.76531 18.780 0.041
2284.78667 18.757 0.040
2289.82775 18.695 0.041
2291.81379 18.741 0.051
2293.78268 18.695 0.065
2295.80656 18.822 0.046
2297.79262 18.779 0.051
2300.81764 18.582 0.066
2315.70265 18.750 0.049
2324.56429 18.601 0.046
2328.54993 18.630 0.054
2334.54312 18.704 0.053
2340.53977 18.792 0.056
2347.53707 18.705 0.051
2373.49226 18.783 0.078
2385.55539 18.817 0.085
2534.88796 18.748 0.062
2539.89513 18.749 0.057
2545.86324 18.852 0.063
2553.75513 18.806 0.070
2557.82317 18.566 0.051
2561.82122 18.629 0.049
2565.82358 18.731 0.062
2574.78580 18.639 0.047
2578.84219 18.752 0.049
2584.73799 18.771 0.066
2590.81471 18.661 0.049
2596.82113 18.611 0.056
2606.71766 18.707 0.046
2609.82623 18.682 0.065
2614.79301 18.639 0.056
2619.66906 18.731 0.043
2621.79703 18.796 0.054
2624.69405 18.637 0.043
2629.81236 18.623 0.051
2632.70645 18.729 0.044
2635.80699 18.691 0.062
2638.80015 18.672 0.059
2641.76834 18.748 0.047
2643.77433 18.706 0.043
2645.77028 18.717 0.046
2647.69929 18.828 0.047
2650.78079 18.789 0.056
2653.65314 18.645 0.053
2655.70618 18.654 0.046
2657.64464 18.563 0.049
2659.79844 18.753 0.085
2660.70490 18.784 0.056
2662.71468 18.652 0.051
2664.73011 18.510 0.060
2666.78396 18.601 0.038
2668.77550 18.725 0.051
2675.80256 18.584 0.043
2677.78956 18.579 0.059
2679.80820 18.618 0.065
2682.73022 18.726 0.075
2687.62960 18.635 0.065
2692.57241 18.664 0.047
2697.51878 18.732 0.056
2702.51760 18.757 0.078
2708.54636 18.681 0.056
2724.51619 18.582 0.046
2871.92310 18.806 0.053
2884.86732 18.830 0.063
2890.88933 18.637 0.076
2896.84200 18.616 0.054
2902.77665 18.645 0.040
2911.88518 18.676 0.036
2917.78872 18.759 0.049
2923.78809 18.788 0.057
2926.84399 18.723 0.049
2931.77246 18.624 0.040
2934.81289 18.820 0.049
2940.79327 18.649 0.041
2943.79746 18.736 0.047
2947.80603 18.770 0.043
2950.71998 18.704 0.053
2954.74324 18.725 0.059
2956.78879 18.742 0.046
2958.83338 18.774 0.068
2962.82762 18.579 0.036
2964.84605 18.594 0.037
2967.77657 18.774 0.050
2970.83056 18.666 0.036
2974.76858 18.754 0.040
2976.65806 18.759 0.049
2979.64149 18.680 0.054
2983.76964 18.630 0.044
2985.81736 18.714 0.043
2987.71611 18.791 0.051
2989.65877 18.730 0.038
2991.73102 18.713 0.041
2993.73876 18.795 0.054
2995.81398 18.697 0.041
2997.78287 18.650 0.043
2998.73041 18.712 0.046
3000.73292 18.658 0.047
3002.72028 18.770 0.047
3004.72374 18.804 0.040
3006.71666 18.772 0.040
3008.73111 18.762 0.043
3010.77757 18.598 0.054
3011.79389 18.737 0.060
3016.72753 18.652 0.040
3018.75793 18.680 0.049
3020.82169 18.674 0.044
3021.84662 18.485 0.043
3023.70761 18.661 0.038
3025.67925 18.623 0.030
3027.72469 18.635 0.034
3029.70955 18.659 0.037
3031.77988 18.646 0.050
3034.61124 18.793 0.036
3036.64160 18.666 0.037
3039.58352 18.683 0.044
3042.69103 18.600 0.049
3044.63047 18.668 0.049
3046.61643 18.611 0.044
3047.71878 18.592 0.050
3048.64989 18.748 0.040
3049.67343 18.590 0.030
3051.64276 18.592 0.041
3053.61798 18.632 0.034
3055.63502 18.659 0.044
3057.66015 18.663 0.038
3059.60480 18.702 0.036
3061.59709 18.644 0.046
3066.56666 18.526 0.056
3068.59449 18.615 0.053
3073.68314 18.574 0.051
3076.60687 18.806 0.068
3079.58591 18.644 0.033
3082.67517 18.689 0.037
3085.57569 18.657 0.043
3088.53594 18.608 0.049
3091.51829 18.704 0.056
3096.56735 18.587 0.053
3099.63501 18.614 0.076
3100.49492 18.643 0.060
3103.51656 18.609 0.043
3106.53783 18.734 0.049
3109.52343 18.658 0.041
3112.57526 18.712 0.057
3116.55695 18.640 0.057
3127.55410 18.703 0.047
3223.91288 18.699 0.063
3242.86376 18.634 0.041
3248.91771 18.692 0.051
3258.89848 18.697 0.047
3264.86473 18.610 0.033
3271.81252 18.802 0.065
3274.81650 18.750 0.068
3278.88949 18.805 0.057
3282.78169 18.831 0.049
3287.82063 18.730 0.034
3291.75792 18.766 0.044
3295.77841 18.805 0.034
3297.77051 18.664 0.028
3299.83857 18.637 0.027
3301.83194 18.621 0.043
3305.74093 18.672 0.041
3309.80223 18.714 0.036
3311.79584 18.775 0.047
3320.85927 18.724 0.043
3327.81171 18.635 0.034
3330.78777 18.746 0.049
3336.64017 18.820 0.065
3339.81866 18.750 0.053
3353.81239 18.720 0.038
3357.75304 18.702 0.038
3360.72979 18.606 0.031
3365.84920 18.673 0.043
3373.81327 18.714 0.062
3378.74006 18.723 0.041
3394.62320 18.731 0.059
3399.77693 18.668 0.060
3403.76402 18.761 0.046
3408.68719 18.553 0.033
3413.53345 18.621 0.043
3417.62735 18.778 0.050
3427.56333 18.697 0.050
3434.51518 18.653 0.041
3440.53930 18.670 0.041
3447.50851 18.692 0.057
3456.53407 18.769 0.057
3469.48894 18.822 0.054
3478.48143 18.771 0.049
3601.89190 18.531 0.046
3619.89465 18.654 0.041
3636.83348 18.639 0.049
3640.78340 18.648 0.038
3651.81728 18.576 0.041
3654.86348 18.663 0.036
3658.82715 18.629 0.043
3661.87290 18.790 0.059
3665.84610 18.671 0.046
3670.81571 18.719 0.049
3673.82600 18.589 0.031
3676.82616 18.807 0.040
3685.76551 18.794 0.041
3687.85223 18.913 0.044
3690.77418 18.695 0.047
3693.80984 18.606 0.038
3695.84093 18.639 0.037
3698.83056 18.851 0.047
3701.69953 18.610 0.036
3703.78331 18.644 0.036
3705.84751 18.765 0.037
3708.83524 18.736 0.054
3712.79278 18.698 0.038
3715.75846 18.773 0.043
3718.69427 18.703 0.056
3720.84406 18.822 0.066
3724.76166 18.841 0.041
3728.73970 18.728 0.040
3731.80278 18.747 0.037
3733.66553 18.717 0.036
3735.65337 18.729 0.031
3737.81189 18.663 0.030
3740.77524 18.682 0.036
3742.78580 18.841 0.076
3745.81781 18.676 0.047
3749.76785 18.692 0.066
3751.78169 18.730 0.054
3753.73108 18.744 0.043
3755.73117 18.791 0.051
3757.72090 18.824 0.044
3759.81120 18.803 0.047
3763.68320 18.769 0.030
3766.69980 18.707 0.046
3770.72735 18.705 0.046
3773.75860 18.664 0.046
3776.73294 18.741 0.063
3783.60021 18.773 0.041
3788.57439 18.676 0.036
3793.57995 18.689 0.040
3801.51572 18.592 0.040
3810.55057 18.565 0.046
3826.49142 18.796 0.056
3958.88150 18.636 0.070
3965.85132 18.816 0.040
3970.87144 18.808 0.046
3982.82223 18.706 0.050
3993.77491 18.780 0.062
3999.86642 18.604 0.040
4003.74235 18.653 0.033
4006.76350 18.675 0.034
4008.78441 18.649 0.034
4013.79602 18.790 0.057
4019.79718 18.562 0.034
4026.85923 18.706 0.049
4038.78624 18.599 0.043
4041.74613 18.775 0.047
4043.75117 18.624 0.047
4049.71442 18.656 0.037
4052.77577 18.690 0.037
4054.76191 18.660 0.038
4056.82105 18.601 0.034
4059.71581 18.729 0.046
4064.78346 18.759 0.033
4066.78343 18.732 0.041
4069.73650 18.532 0.036
4071.66445 18.608 0.046
4076.73667 18.654 0.049
4079.77815 18.736 0.051
4082.82607 18.642 0.040
4084.79132 18.670 0.046
4086.81634 18.639 0.046
4103.64098 18.652 0.044
4106.57279 18.525 0.050
4111.79511 18.669 0.038
4117.73573 18.633 0.041
4127.66433 18.716 0.036
4132.75326 18.745 0.056
4143.54049 18.631 0.038
4157.53273 18.734 0.047
4168.57350 18.732 0.040
4198.52607 18.773 0.059
4343.85899 18.553 0.053
4348.82789 18.853 0.051
4353.85926 18.721 0.049
4358.81128 18.682 0.062
4364.89765 18.711 0.056
4367.87148 18.596 0.040
4370.89316 18.780 0.056
4373.84918 18.699 0.046
4378.75260 18.599 0.051
4381.74078 18.790 0.070
4386.85866 18.746 0.053
4390.82065 18.758 0.046
4394.86724 18.799 0.043
4399.79496 18.639 0.050
4412.78237 18.739 0.047
4423.73272 18.698 0.044
4427.73480 18.718 0.044
4430.73810 18.588 0.053
4433.75565 18.776 0.051
4437.75361 18.565 0.053
4440.69785 18.799 0.054
4443.79033 18.612 0.049
4448.69883 18.797 0.054
4449.74629 18.673 0.043
4449.76126 18.788 0.053
4450.70919 18.721 0.060
4451.64436 18.721 0.049
4451.79687 18.761 0.056
4453.63323 18.664 0.051
4454.65681 18.482 0.046
4455.64357 18.837 0.059
4456.72431 18.647 0.047
4457.69906 18.732 0.050
4457.79348 18.640 0.060
4458.62146 18.577 0.044
4459.60572 18.804 0.057
4461.61908 18.739 0.041
4462.63643 18.783 0.060
4463.62998 18.652 0.037
4464.63233 18.697 0.041
4465.63922 18.585 0.034
4465.77419 18.681 0.038
4466.64882 18.708 0.046
4466.74017 18.766 0.038
4467.60771 18.653 0.056
4467.68454 18.639 0.034
4468.64028 18.735 0.037
4468.73844 18.775 0.040
4469.62461 18.599 0.040
4470.62132 18.738 0.050
4470.69399 18.785 0.046
4471.60692 18.659 0.037
4471.76879 18.821 0.056
4472.60315 18.761 0.040
4472.77579 18.584 0.033
4473.73714 18.736 0.057
4476.75810 18.626 0.036
4482.79898 18.717 0.056
4490.63654 18.772 0.050
4494.70260 18.715 0.056
4506.65834 18.662 0.051
4512.71884 18.724 0.050
4518.65903 18.802 0.078
4523.67859 18.728 0.057
4525.64320 18.873 0.053
4534.55580 18.697 0.053
4539.59085 18.600 0.044
4542.50823 18.778 0.066
