2167.84574 18.557 0.034
2173.85310 18.830 0.037
2190.79086 18.696 0.035
2192.82504 18.871 0.042
2214.79237 18.676 0.043
2224.74915 18.633 0.033
2226.85328 18.675 0.046
2229.66520 18.897 0.051
2230.80394 18.776 0.039
2232.82377 18.886 0.051
2234.81821 18.810 0.034
2239.60316 18.807 0.052
2241.66469 18.883 0.047
2243.72326 18.556 0.037
2248.80370 18.640 0.029
2250.84955 18.640 0.033
2252.65492 18.612 0.034
2254.64582 18.610 0.031
2257.64974 18.607 0.029
2261.76977 18.770 0.031
2264.75892 18.628 0.027
2266.64738 18.677 0.046
2270.64348 18.747 0.037
2271.79429 18.711 0.030
2273.74415 18.774 0.044
2275.83120 19.003 0.054
2277.65284 18.789 0.033
2279.82518 18.635 0.035
2281.81203 18.605 0.029
2283.84625 18.691 0.029
2288.75237 18.691 0.034
2290.79075 18.584 0.030
2292.76729 18.849 0.051
2294.74233 18.688 0.055
2296.75272 18.903 0.063
2298.77215 18.625 0.044
2300.72515 18.506 0.039
2302.70297 18.585 0.042
2321.67593 18.592 0.037
2327.56249 18.728 0.043
2333.57172 18.705 0.051
2339.54816 18.770 0.050
2357.51941 18.737 0.073
2395.52044 19.064 0.074
2526.91254 18.760 0.043
2542.89090 18.858 0.040
2552.84252 18.745 0.042
2556.83406 18.934 0.045
2559.88462 18.743 0.042
2564.85053 18.753 0.042
2573.84940 18.856 0.047
2578.77372 18.752 0.047
2583.82819 18.707 0.040
2589.86137 18.653 0.035
2596.74472 18.989 0.060
2605.74771 18.604 0.031
2609.74396 18.720 0.043
2610.63255 18.950 0.055
2610.73803 18.696 0.046
2610.84445 18.610 0.046
2611.64466 18.835 0.056
2613.62585 18.902 0.059
2613.70368 18.890 0.059
2614.67385 18.584 0.044
2614.75720 18.640 0.040
2614.84881 18.815 0.040
2615.65789 18.791 0.044
2615.78000 18.714 0.035
2615.83773 18.608 0.040
2617.64659 18.927 0.061
2617.74099 18.523 0.037
2617.84945 18.711 0.045
2618.66304 18.768 0.040
2618.75661 18.836 0.043
2619.61985 18.607 0.033
2619.72661 18.644 0.028
2619.85098 18.679 0.037
2620.64977 18.766 0.038
2620.73495 18.868 0.035
2620.85168 18.650 0.036
2621.68384 18.642 0.027
2621.75947 18.693 0.033
2621.85267 18.784 0.035
2622.64975 18.964 0.054
2622.73115 18.782 0.045
2622.85203 18.554 0.030
2623.64846 18.717 0.044
2623.73653 18.790 0.039
2623.84787 18.819 0.037
2624.67905 18.668 0.036
2624.75013 18.597 0.033
2624.84494 18.754 0.042
2625.66405 18.770 0.037
2625.71593 18.755 0.035
2626.63287 18.591 0.037
2627.68857 18.890 0.063
2627.74066 18.941 0.076
2627.81453 18.671 0.051
2628.65740 18.795 0.048
2628.73450 18.712 0.051
2628.80160 18.765 0.043
2629.65317 18.864 0.054
2629.71160 18.745 0.053
2629.76148 18.580 0.037
2629.84126 18.557 0.040
2630.64100 18.699 0.048
2630.72053 18.807 0.046
2631.65248 18.604 0.042
2631.73528 18.623 0.048
2631.84459 18.652 0.052
2632.60844 18.737 0.031
2632.73521 18.842 0.035
2632.81577 18.906 0.043
2634.60724 18.875 0.036
2634.69729 18.898 0.036
2634.83106 18.576 0.039
2635.65747 18.677 0.030
2635.68541 18.688 0.030
2635.73477 18.729 0.031
2635.83774 18.782 0.039
2636.68532 18.674 0.029
2636.76570 18.515 0.034
2636.84540 18.619 0.043
2637.64737 18.798 0.039
2637.72598 18.836 0.038
2637.82907 18.836 0.035
2638.62863 18.578 0.030
2638.65648 18.519 0.029
2638.72956 18.575 0.037
2638.82904 18.717 0.046
2639.60172 18.773 0.030
2639.65661 18.765 0.027
2639.68205 18.801 0.028
2639.83809 18.664 0.030
2640.61066 18.577 0.033
2640.75266 18.705 0.035
2641.61078 18.801 0.039
2641.74718 18.618 0.033
2641.85800 18.611 0.038
2642.60891 18.627 0.030
2642.71070 18.842 0.051
2643.61583 18.836 0.033
2643.75945 18.605 0.031
2644.59846 18.837 0.044
2644.70897 18.821 0.040
2645.61325 18.603 0.167
2645.72061 18.646 0.031
2645.74959 18.668 0.034
2645.85598 18.841 0.068
2646.61837 18.798 0.040
2646.74334 18.912 0.045
2647.61833 18.639 0.038
2647.72815 18.808 0.040
2649.61551 18.692 0.033
2649.70794 18.746 0.028
2650.63569 18.535 0.028
2650.69719 18.577 0.031
2650.80702 18.632 0.034
2651.63170 18.733 0.044
2651.72748 18.894 0.042
2652.59714 18.627 0.033
2652.67609 18.714 0.047
2652.74121 18.670 0.037
2652.77365 18.697 0.034
2653.60489 18.816 0.044
2653.78178 18.592 0.039
2654.62362 18.696 0.043
2654.67605 18.746 0.045
2654.70065 18.781 0.047
2654.84126 18.825 0.042
2655.60925 18.894 0.048
2655.81278 18.554 0.036
2656.62072 18.701 0.045
2656.64960 18.848 0.048
2656.76970 18.895 0.066
2656.86699 18.887 0.067
2657.62310 18.535 0.033
2657.86347 18.832 0.079
2658.58464 18.801 0.056
2658.61199 18.948 0.073
2658.68416 18.796 0.051
2658.76520 18.776 0.070
2659.64265 18.554 0.034
2659.77783 18.794 0.076
2660.59735 18.876 0.047
2660.62945 18.818 0.038
2660.74688 18.618 0.039
2661.60242 18.679 0.027
2661.65621 18.719 0.028
2661.85537 18.831 0.051
2662.61226 18.702 0.035
2662.64112 18.652 0.036
2662.77674 18.651 0.042
2663.65571 18.765 0.038
2664.61984 18.579 0.036
2664.70343 18.658 0.052
2665.68631 18.912 0.037
2665.82329 18.646 0.043
2666.64553 18.685 0.033
2666.68327 18.734 0.028
2666.76334 18.737 0.030
2667.68051 18.725 0.038
2667.84120 18.616 0.058
2668.66680 18.802 0.050
2668.75486 18.838 0.039
2670.63291 18.838 0.044
2671.69045 18.731 0.044
2672.66757 18.792 0.063
2672.74220 18.694 0.036
2674.64057 18.704 0.034
2674.67248 18.621 0.031
2674.79456 18.633 0.037
2675.65119 18.750 0.036
2675.75802 18.872 0.039
2676.62716 18.586 0.033
2676.65728 18.584 0.037
2676.73803 18.669 0.037
2677.65794 18.815 0.051
2677.71667 18.908 0.044
2678.63103 18.676 0.037
2678.71484 18.643 0.039
2678.76271 18.771 0.040
2679.65151 18.879 0.047
2679.78743 18.662 0.053
2680.62551 18.752 0.045
2680.77345 18.823 0.036
2681.61176 18.596 0.039
2681.72328 18.670 0.040
2682.58918 18.730 0.042
2683.62429 18.643 0.046
2687.54937 18.761 0.058
2696.54251 18.789 0.050
2701.52466 18.803 0.050
2707.52211 18.816 0.047
2714.52102 18.669 0.055
2840.91018 18.847 0.052
2867.92234 18.739 0.042
2888.92133 18.855 0.063
2894.85165 18.702 0.035
2899.85322 18.913 0.040
2905.84221 18.681 0.045
2908.90525 18.546 0.050
2911.80152 18.913 0.038
2916.85176 18.805 0.033
2922.83557 18.596 0.042
2926.77463 18.669 0.033
2930.83672 18.870 0.040
2934.73852 18.640 0.034
2940.71861 18.811 0.036
2942.84006 18.876 0.039
2947.73256 18.743 0.048
2949.82274 18.937 0.043
2953.68946 18.687 0.040
2956.71527 18.800 0.034
2958.74155 18.764 0.046
2962.75343 18.706 0.034
2965.77282 18.573 0.027
2968.71638 18.798 0.037
2973.85644 18.942 0.048
2975.84561 18.687 0.037
2976.84087 18.738 0.039
2978.86049 18.761 0.065
2982.69256 18.882 0.043
2984.74014 18.670 0.035
2986.82271 18.672 0.042
2988.79315 18.720 0.033
2989.81048 18.615 0.035
2991.64362 18.931 0.045
2993.63105 18.515 0.027
2995.73185 18.690 0.029
2997.70963 18.785 0.039
2999.73225 18.904 0.039
3001.76851 18.807 0.035
3003.73915 18.564 0.028
3005.64443 18.637 0.043
3007.67749 18.641 0.037
3009.74381 18.715 0.040
3011.71950 18.743 0.050
3013.72395 18.800 0.042
3017.72544 18.666 0.036
3019.65340 18.726 0.042
3021.77219 18.754 0.034
3023.63397 18.763 0.031
3024.83507 18.693 0.036
3026.83178 18.800 0.027
3029.63611 18.682 0.030
3031.70609 18.657 0.030
3033.76960 18.722 0.029
3035.77665 18.851 0.034
3038.75414 18.711 0.043
3042.66870 18.781 0.042
3044.60264 18.815 0.047
3045.69160 18.711 0.040
3047.64530 18.684 0.039
3049.65103 18.831 0.028
3051.61921 18.902 0.044
3055.61273 18.571 0.033
3057.63816 18.617 0.030
3059.58205 18.669 0.028
3061.57507 18.784 0.050
3068.51642 18.609 0.042
3070.58507 18.808 0.060
3073.58586 18.744 0.051
3075.68581 18.722 0.051
3078.61780 18.733 0.039
3082.59532 18.761 0.036
3084.67238 18.722 0.036
3087.63508 18.801 0.047
3090.59846 18.617 0.038
3096.51619 18.812 0.062
3099.58649 18.740 0.053
3102.56524 18.639 0.044
3105.59803 18.659 0.046
3108.57595 18.831 0.043
3112.55325 18.633 0.043
3116.53462 18.683 0.040
3127.50202 18.804 0.037
3140.49129 18.563 0.046
3223.89087 18.743 0.048
3241.87707 18.647 0.039
3248.84050 18.566 0.043
3257.86832 18.786 0.037
3270.85731 18.646 0.035
3277.84134 18.594 0.035
3281.88508 18.842 0.030
3287.74615 18.912 0.036
3295.69838 18.689 0.030
3297.69691 18.849 0.035
3299.76141 19.002 0.030
3301.75888 18.679 0.039
3304.81916 18.827 0.040
3309.72502 18.795 0.036
3311.72289 18.856 0.035
3320.76566 18.595 0.027
3323.70049 18.880 0.043
3327.73724 18.588 0.029
3330.69610 18.833 0.047
3334.79528 18.542 0.039
3338.84177 18.773 0.036
3340.85688 18.960 0.060
3350.67532 18.664 0.027
3354.72295 18.852 0.038
3358.80332 18.580 0.023
3361.83549 18.747 0.031
3365.73788 18.607 0.034
3372.75422 18.608 0.026
3378.66691 18.756 0.035
3391.73465 18.623 0.036
3394.74618 18.836 0.042
3396.62618 18.952 0.045
3399.70344 18.863 0.044
3403.69073 18.662 0.036
3408.60013 18.914 0.038
3417.57276 18.554 0.034
3425.58101 18.904 0.062
3431.56321 18.568 0.028
3445.54986 18.607 0.033
3455.50659 18.709 0.052
3460.49818 18.993 0.043
3477.49288 18.997 0.055
3583.93502 18.956 0.059
3593.93327 18.765 0.054
3601.87021 18.570 0.035
3618.90424 18.629 0.029
3629.88551 18.887 0.042
3634.85205 18.716 0.034
3639.84540 18.679 0.025
3644.80017 18.510 0.025
3650.88901 18.862 0.040
3654.79060 18.865 0.035
3657.87049 18.834 0.035
3660.80493 18.662 0.046
3664.84004 18.844 0.030
3668.79795 18.599 0.038
3672.78617 18.708 0.035
3675.86583 18.566 0.027
3684.77397 18.684 0.028
3687.77961 18.579 0.030
3690.69948 18.852 0.048
3693.73343 18.755 0.036
3695.75496 18.780 0.035
3698.74775 18.764 0.043
3700.77654 18.835 0.035
3702.86420 18.860 0.048
3705.77098 18.755 0.029
3708.72957 18.582 0.037
3712.71641 18.709 0.033
3714.72680 18.830 0.033
3717.64285 18.586 0.028
3719.82007 18.816 0.050
3725.81394 18.535 0.036
3727.78641 18.596 0.031
3730.68175 18.957 0.031
3732.70650 18.569 0.022
3734.80454 18.625 0.028
3736.82082 18.735 0.034
3737.70918 18.791 0.029
3739.80828 18.618 0.026
3742.69418 18.947 0.056
3745.76986 18.772 0.034
3749.66424 19.013 0.063
3750.74920 18.787 0.047
3752.75991 18.822 0.046
3754.77766 18.838 0.038
3756.60118 18.913 0.036
3758.77406 18.683 0.050
3761.78647 18.645 0.027
3764.74093 18.898 0.034
3767.60073 18.621 0.031
3770.61844 18.750 0.034
3773.62129 18.750 0.043
3776.62071 18.642 0.034
3779.61027 18.546 0.040
3782.66098 18.618 0.028
3787.58599 18.900 0.036
3792.53776 18.733 0.043
3800.51518 18.650 0.036
3822.51281 18.678 0.044
3934.93127 18.846 0.043
3935.92565 18.613 0.029
3936.93045 18.825 0.043
3937.93196 18.677 0.040
3944.92896 18.767 0.044
3945.94201 18.627 0.036
3946.90928 18.842 0.054
3950.93384 18.851 0.036
3959.90160 18.588 0.039
3960.90392 18.800 0.035
3961.91566 18.619 0.040
3964.86596 18.829 0.030
3964.90226 18.677 0.026
3965.89471 18.771 0.029
3967.90772 18.920 0.035
3968.89813 18.669 0.036
3969.83274 18.986 0.052
3969.89007 18.971 0.044
3970.85716 18.763 0.033
3975.84244 18.728 0.039
3979.91885 18.743 0.042
3980.91352 18.593 0.028
3981.86482 18.940 0.048
3982.80795 18.673 0.037
3983.91517 18.602 0.029
3986.84673 18.834 0.046
3987.80478 18.751 0.039
3988.86234 18.907 0.045
3989.89186 18.756 0.038
3999.80001 18.566 0.029
4001.86850 18.726 0.028
4005.84614 18.764 0.030
4007.85035 18.972 0.042
4011.85061 18.606 0.034
4011.88644 18.654 0.036
4018.84215 18.633 0.030
4023.87428 18.634 0.033
4026.78279 18.851 0.028
4031.80436 18.784 0.031
4038.71342 18.768 0.034
4041.67461 18.706 0.040
4043.67892 18.696 0.048
4048.86059 18.854 0.052
4052.70353 18.827 0.031
4054.69044 18.928 0.050
4056.74751 18.589 0.036
4058.78063 18.660 0.023
4063.67937 18.499 0.026
4066.73666 18.923 0.039
4068.82417 18.580 0.026
4070.66655 18.597 0.033
4073.82602 18.564 0.035
4076.79412 18.858 0.051
4079.75648 18.710 0.038
4083.67324 18.945 0.058
4085.73875 18.825 0.037
4092.85720 18.603 0.033
4105.69268 18.795 0.038
4109.76585 18.959 0.035
4113.72158 18.661 0.026
4120.75195 18.660 0.031
4122.70841 18.682 0.025
4125.75964 18.660 0.036
4131.61298 18.713 0.027
4142.64965 18.938 0.052
4156.53631 18.871 0.040
4166.57758 18.842 0.052
4196.52708 18.627 0.050
4341.90293 18.778 0.044
4347.85284 18.551 0.033
4357.91067 18.657 0.058
4362.81273 18.938 0.063
4365.83139 18.755 0.063
4369.81303 18.857 0.054
4371.85933 18.566 0.031
4377.79513 18.675 0.040
4380.81165 18.650 0.037
4386.78729 18.803 0.040
4390.74922 18.862 0.043
4393.86331 18.971 0.047
4398.87461 18.931 0.054
4404.72143 18.678 0.044
4412.86203 19.080 0.074
4418.79420 18.663 0.029
4422.86029 18.888 0.051
4426.73859 18.870 0.056
4429.84458 18.876 0.067
4432.72543 18.678 0.033
4436.76481 18.817 0.040
4439.83038 18.810 0.054
4443.69661 18.861 0.053
4449.68137 18.558 0.028
4451.69091 18.598 0.038
4454.70742 18.645 0.034
4455.68969 18.842 0.052
4458.74814 18.739 0.037
4461.66498 18.592 0.031
4465.74814 18.718 0.031
4468.71669 18.622 0.027
4473.68952 18.610 0.031
4477.74767 18.728 0.042
4481.68528 18.759 0.036
4485.73334 18.589 0.039
4489.71681 18.646 0.053
4493.70662 18.799 0.048
4498.68295 18.732 0.039
4501.68031 18.700 0.037
4506.61426 18.531 0.035
4508.63146 18.645 0.035
4510.70487 18.792 0.039
4521.61499 18.888 0.053
4523.63079 18.819 0.042
4525.55022 18.725 0.036
4531.57225 18.687 0.036
4533.57462 18.830 0.044
4537.62465 18.490 0.033
4539.54364 18.609 0.042
4541.59590 18.754 0.052
