2230.81566 19.018 0.061
2232.83036 18.723 0.056
2232.83548 18.743 0.053
2234.83018 18.993 0.044
2264.76550 19.048 0.048
2552.84981 19.002 0.071
2556.84132 19.140 0.059
2583.83476 18.987 0.074
2596.75198 18.876 0.062
2629.71818 19.107 0.094
2638.66312 18.957 0.054
2682.68046 18.703 0.057
3330.70314 18.987 0.063
3601.87741 19.200 0.074
3618.91141 19.036 0.048
3629.89261 18.526 0.037
3634.85914 19.054 0.049
3639.85253 19.050 0.039
3644.80726 18.903 0.040
3654.79769 18.539 0.032
3657.87758 18.948 0.044
3660.81202 18.825 0.061
3668.80500 19.131 0.068
3672.79320 19.077 0.054
3695.76201 19.098 0.053
3698.75484 18.985 0.052
3700.78358 18.864 0.047
3712.72711 18.891 0.041
3714.73381 18.853 0.039
3719.82708 18.844 0.069
3725.82097 19.157 0.106
3727.79343 18.569 0.034
3730.68879 18.781 0.033
3732.71357 18.970 0.036
3739.81532 18.786 0.037
3749.67125 19.068 0.079
3756.60822 18.867 0.044
3767.60781 18.889 0.045
3770.62550 19.058 0.047
3773.62833 18.591 0.040
3776.62774 18.811 0.049
3779.61737 19.005 0.077
3782.66808 18.673 0.040
3792.54488 18.945 0.052
3969.89717 19.303 0.063
3981.87187 18.577 0.046
3989.89886 18.859 0.049
4001.87551 18.893 0.037
4007.85735 18.952 0.049
4011.85759 18.737 0.042
4018.84913 18.841 0.040
4023.88127 18.821 0.055
4026.78975 18.817 0.030
4029.73875 18.930 0.063
4031.81132 18.824 0.037
4038.72036 18.913 0.046
4041.68158 18.992 0.066
4043.68587 18.746 0.061
4048.86749 19.049 0.090
4052.71043 18.700 0.032
4054.69735 19.024 0.065
4056.75441 18.826 0.048
4058.78757 19.094 0.042
4063.68632 18.904 0.040
4070.67346 19.021 0.056
4076.80105 19.021 0.068
4079.76339 18.702 0.045
4083.68016 19.176 0.083
4092.86412 18.760 0.054
4105.69960 18.905 0.055
4109.77278 18.561 0.032
4120.75894 19.034 0.046
4122.71535 19.166 0.045
4131.61995 19.074 0.048
4142.65669 18.689 0.058
4156.54336 19.040 0.059
4166.58468 19.007 0.074
4196.53420 18.728 0.065
4341.91000 18.750 0.057
4347.85989 19.101 0.059
4362.83033 18.772 0.060
4365.83841 18.963 0.089
4369.82003 18.995 0.077
4371.86633 18.718 0.040
4377.80211 18.961 0.062
4380.81864 18.647 0.049
4386.79430 18.978 0.056
4390.75621 19.068 0.060
4393.87027 18.660 0.044
4399.73032 18.746 0.090
4404.72837 18.736 0.059
4412.86898 18.964 0.090
4418.80117 18.676 0.035
4424.81765 18.996 0.059
4426.74552 18.797 0.067
4429.85151 18.908 0.085
4432.73236 19.086 0.054
4436.77173 19.153 0.070
4439.83731 18.976 0.076
4443.70357 18.744 0.064
4449.68831 19.046 0.049
4451.69786 18.760 0.053
4454.71434 19.023 0.052
4455.69663 19.003 0.071
4458.75505 18.987 0.057
4461.67194 19.159 0.068
4465.75508 18.661 0.037
4477.75463 18.859 0.069
4481.69225 18.754 0.039
4485.74027 19.041 0.074
4489.72374 18.895 0.082
4493.71597 19.021 0.077
4498.68950 18.786 0.051
4501.68689 18.984 0.055
4506.62084 18.855 0.059
4508.63805 19.277 0.066
4510.71191 18.915 0.050
4521.62197 19.067 0.069
4523.63783 18.920 0.055
4525.55724 19.115 0.055
4531.57930 18.890 0.048
4533.58168 18.775 0.043
4537.63171 18.676 0.047
4539.55070 18.993 0.069
4541.60295 18.782 0.061
