2167.87173 18.863 0.047
2186.84550 18.865 0.071
2190.83091 18.768 0.037
2192.87354 18.781 0.040
2193.79512 18.688 0.028
2202.79458 18.731 0.040
2214.84223 18.699 0.052
2224.79666 18.844 0.039
2227.70753 18.699 0.039
2229.71301 18.687 0.050
2231.68136 18.668 0.042
2233.64970 18.688 0.036
2236.66205 18.762 0.047
2239.63007 19.003 0.058
2241.71700 18.763 0.044
2243.78688 18.732 0.042
2247.85258 18.721 0.036
2248.85526 18.726 0.035
2250.78760 18.753 0.039
2252.70639 18.612 0.029
2254.69754 18.568 0.028
2257.70181 18.805 0.036
2260.70724 18.721 0.030
2264.71769 18.766 0.033
2266.69861 18.807 0.039
2270.76576 18.852 0.039
2271.84682 18.734 0.023
2272.75196 18.890 0.052
2274.74351 18.805 0.039
2276.80490 18.921 0.056
2278.66914 18.721 0.041
2280.74750 18.711 0.033
2282.74340 18.747 0.034
2284.81762 18.786 0.031
2289.80686 18.653 0.031
2294.79142 18.690 0.060
2298.80576 18.629 0.040
2300.78337 18.635 0.047
2302.75649 18.552 0.041
2315.68225 18.651 0.034
2324.54046 18.736 0.047
2328.52739 18.668 0.051
2340.51749 18.656 0.047
2364.51016 18.637 0.055
2385.52764 18.801 0.055
2529.87176 18.612 0.034
2539.87173 18.803 0.046
2545.83858 18.795 0.046
2552.89744 18.599 0.057
2556.88611 18.748 0.040
2560.79534 18.872 0.050
2561.79685 18.672 0.040
2565.80298 18.673 0.045
2574.75304 18.596 0.031
2578.82138 18.691 0.041
2586.74377 18.649 0.041
2590.79205 18.585 0.037
2596.79876 18.632 0.042
2605.83855 18.787 0.040
2609.80359 18.699 0.046
2610.63614 18.824 0.044
2610.74162 18.763 0.051
2610.84798 18.792 0.052
2611.64822 18.634 0.045
2611.71853 18.663 0.054
2613.62940 18.826 0.056
2613.70724 18.574 0.046
2614.67741 18.714 0.049
2614.76078 18.764 0.054
2614.85236 18.826 0.044
2615.66143 18.795 0.051
2615.78356 18.646 0.036
2615.84128 18.576 0.041
2617.74454 18.740 0.047
2617.85300 18.742 0.057
2618.66671 18.691 0.040
2618.76029 18.727 0.036
2619.62341 18.880 0.042
2619.73018 18.685 0.030
2619.85452 18.553 0.035
2620.65334 18.674 0.039
2620.73853 18.666 0.031
2620.85526 18.810 0.045
2621.68750 18.779 0.029
2621.76301 18.711 0.034
2621.85622 18.558 0.031
2622.65331 18.610 0.044
2622.73472 18.746 0.044
2622.85562 18.809 0.042
2623.65204 18.861 0.050
2623.74012 18.797 0.041
2623.85144 18.626 0.034
2624.68260 18.687 0.040
2624.75370 18.617 0.034
2624.84850 18.772 0.045
2625.66762 18.773 0.037
2625.71950 18.782 0.037
2626.63646 18.625 0.044
2627.74422 18.717 0.062
2627.76500 18.744 0.054
2627.81813 18.792 0.062
2628.66101 18.642 0.042
2628.73807 18.678 0.056
2628.80515 18.697 0.044
2629.65673 18.690 0.049
2629.76509 18.843 0.049
2629.78595 18.843 0.046
2629.84486 18.714 0.044
2630.64460 18.620 0.045
2630.72411 18.566 0.040
2630.80450 18.728 0.068
2631.65608 18.847 0.057
2631.73886 18.949 0.063
2631.84821 18.793 0.063
2632.61205 18.636 0.030
2632.68576 18.665 0.034
2632.73882 18.641 0.029
2632.81937 18.632 0.033
2634.61085 18.666 0.033
2634.70087 18.564 0.030
2635.66104 18.679 0.033
2635.73837 18.791 0.034
2635.78639 18.803 0.039
2635.84131 18.794 0.041
2636.68893 18.627 0.029
2636.76930 18.644 0.040
2636.84899 18.655 0.042
2637.65097 18.712 0.037
2637.72956 18.729 0.034
2637.83268 18.838 0.035
2638.63223 18.828 0.040
2638.70419 18.579 0.035
2638.73317 18.624 0.040
2638.83262 18.644 0.044
2639.60532 18.653 0.028
2639.68566 18.764 0.029
2639.84171 18.780 0.031
2640.61426 18.818 0.041
2640.75625 18.642 0.035
2641.61439 18.692 0.040
2641.75081 18.757 0.039
2641.86162 18.831 0.050
2642.61252 18.815 0.040
2642.71428 18.667 0.045
2643.61944 18.652 0.031
2643.76310 18.770 0.040
2644.60207 18.761 0.044
2644.71262 18.752 0.039
2645.61691 18.671 0.184
2645.75295 18.708 0.036
2645.85934 18.721 0.052
2646.62173 18.720 0.041
2646.71780 18.842 0.042
2646.74698 18.747 0.040
2649.61911 18.604 0.033
2649.71156 18.745 0.033
2650.63929 18.745 0.034
2650.70085 18.821 0.042
2650.81063 18.723 0.036
2651.63533 18.641 0.037
2651.73111 18.679 0.034
2652.60050 18.776 0.040
2652.67946 18.748 0.055
2652.77704 18.772 0.036
2652.86345 18.757 0.040
2653.60835 18.691 0.041
2653.78515 18.701 0.046
2654.62699 18.785 0.049
2654.70403 18.788 0.047
2654.79249 18.854 0.047
2654.84465 18.784 0.037
2655.61263 18.694 0.039
2655.81616 18.626 0.036
2656.62411 18.714 0.044
2656.69796 18.672 0.046
2656.77310 18.736 0.055
2656.87038 18.684 0.051
2657.62650 18.710 0.042
2657.86684 18.689 0.057
2658.58802 18.673 0.051
2658.66041 18.747 0.040
2658.68757 18.675 0.045
2658.76857 18.753 0.067
2659.64605 18.692 0.039
2659.78121 18.823 0.077
2660.60075 18.728 0.041
2660.67957 18.665 0.045
2660.75408 18.688 0.051
2661.60582 18.727 0.029
2661.65961 18.721 0.031
2661.86454 18.591 0.045
2662.64451 18.704 0.040
2662.69413 18.742 0.041
2662.78016 18.777 0.044
2663.65913 18.785 0.041
2664.66913 18.669 0.040
2664.70682 18.803 0.055
2665.69457 18.698 0.029
2665.82669 18.602 0.040
2666.64895 18.651 0.030
2666.73859 18.687 0.034
2666.76674 18.715 0.028
2666.83277 18.785 0.054
2667.68391 18.787 0.042
2668.72558 18.695 0.044
2668.75827 18.709 0.035
2670.71135 18.753 0.060
2671.69385 18.891 0.057
2672.67099 18.664 0.060
2672.77502 18.683 0.035
2672.81930 18.606 0.035
2674.67588 18.660 0.035
2674.72516 18.672 0.036
2674.79798 18.718 0.037
2675.65463 18.793 0.046
2675.76145 18.783 0.035
2676.71434 18.606 0.035
2676.74402 18.706 0.035
2677.72009 18.749 0.035
2678.63444 18.574 0.031
2678.76615 18.678 0.034
2678.78669 18.675 0.031
2679.65496 18.769 0.044
2679.79087 18.795 0.051
2680.67344 18.617 0.033
2680.77692 18.625 0.030
2681.61547 18.722 0.045
2681.72698 18.793 0.046
2682.59286 18.760 0.045
2683.62802 18.749 0.050
2687.60744 18.701 0.050
2692.62115 18.824 0.052
2696.59736 18.797 0.045
2701.58905 18.664 0.049
2708.51874 18.680 0.056
2715.51437 18.798 0.065
2870.93268 18.704 0.058
2890.86718 18.782 0.056
2895.90302 18.671 0.033
2900.86726 18.817 0.035
2911.85264 18.676 0.029
2917.76660 18.725 0.036
2922.88880 18.619 0.051
2926.82169 18.619 0.037
2931.74994 18.724 0.035
2934.79076 18.727 0.031
2940.77126 18.820 0.035
2943.77543 18.630 0.036
2947.78408 18.612 0.030
2950.69786 18.649 0.035
2954.72120 18.690 0.045
2956.76655 18.724 0.036
2958.80821 18.732 0.041
2962.80535 18.637 0.034
2965.82836 18.849 0.037
2968.69607 18.571 0.031
2973.76954 18.809 0.037
2976.63599 18.813 0.042
2978.83706 18.656 0.035
2980.75201 18.776 0.037
2982.76011 18.714 0.035
2984.79168 18.734 0.039
2987.67309 18.641 0.036
2989.63150 18.586 0.028
2991.70359 18.672 0.034
2993.71549 18.606 0.037
2995.79031 18.602 0.031
2997.76092 18.687 0.036
3000.70954 18.671 0.035
3002.69782 18.683 0.034
3004.69869 18.676 0.030
3006.64215 18.620 0.031
3008.79708 18.647 0.034
3010.71666 18.643 0.045
3011.77162 18.829 0.065
3015.78919 18.825 0.051
3017.77687 18.700 0.037
3019.73059 18.754 0.042
3021.82355 18.723 0.039
3023.68565 18.723 0.028
3025.65709 18.615 0.024
3027.70264 18.668 0.029
3029.68757 18.622 0.035
3031.75763 18.609 0.031
3033.82121 18.735 0.035
3036.61972 18.704 0.033
3039.56157 18.845 0.040
3041.66962 18.710 0.054
3043.68033 18.863 0.071
3045.74318 18.675 0.040
3047.69687 18.760 0.042
3048.62809 18.636 0.029
3050.64507 18.693 0.033
3052.64648 18.596 0.030
3054.65099 18.593 0.031
3056.63910 18.589 0.028
3058.63308 18.681 0.037
3060.68271 18.613 0.031
3066.54467 18.815 0.056
3068.56857 18.957 0.063
3073.66066 18.637 0.044
3076.58451 18.695 0.045
3078.67132 18.800 0.049
3082.64830 18.776 0.031
3085.55181 18.844 0.044
3088.51376 18.596 0.045
3090.65546 18.698 0.036
3093.53808 18.712 0.050
3099.52499 18.845 0.052
3102.61808 18.626 0.041
3105.62382 18.745 0.042
3111.55016 18.803 0.061
3129.49250 18.899 0.058
3134.51336 18.631 0.040
3216.90720 18.596 0.047
3242.84194 18.714 0.039
3248.89468 18.750 0.041
3264.84231 18.627 0.028
3274.79435 18.801 0.050
3282.82547 18.821 0.037
3287.79885 18.596 0.025
3295.75647 18.705 0.029
3297.74856 18.869 0.030
3299.81271 18.760 0.024
3301.81005 18.797 0.045
3304.87451 18.710 0.044
3309.77604 18.714 0.033
3311.77401 18.731 0.034
3320.82164 18.753 0.033
3327.78955 18.643 0.034
3330.74793 18.785 0.050
3339.79524 18.754 0.037
3353.84150 18.791 0.037
3357.63257 18.600 0.029
3360.67065 18.847 0.040
3363.77888 18.668 0.037
3369.85618 18.645 0.041
3375.79256 18.671 0.031
3378.71812 18.645 0.030
3394.60123 18.668 0.041
3396.65207 18.730 0.039
3399.75467 18.809 0.049
3403.74202 18.732 0.034
3408.62649 18.986 0.045
3413.58146 18.581 0.030
3417.59855 18.619 0.031
3425.60670 18.765 0.050
3431.59469 18.747 0.034
3437.57025 18.702 0.030
3446.53935 18.896 0.042
3456.51928 18.737 0.045
3474.48751 18.523 0.042
3603.92968 18.932 0.058
3619.87270 18.638 0.031
3639.81562 18.689 0.029
3644.85167 18.661 0.026
3651.79411 18.671 0.029
3654.84186 18.855 0.036
3658.80545 18.787 0.040
3660.83027 18.823 0.049
3665.82423 18.650 0.039
3670.79397 18.763 0.037
3673.80408 18.804 0.033
3676.80412 18.662 0.030
3684.85811 18.774 0.035
3687.83047 18.739 0.033
3690.75042 18.812 0.042
3693.78793 18.617 0.034
3695.81923 18.720 0.029
3698.80881 18.827 0.041
3700.82742 18.800 0.039
3703.76151 18.638 0.029
3705.82569 18.585 0.025
3708.81351 18.703 0.037
3712.77102 18.736 0.028
3714.84181 18.825 0.033
3717.73419 18.912 0.057
3720.82225 18.636 0.039
3724.73992 18.547 0.026
3727.81450 18.842 0.036
3728.77725 18.607 0.028
3731.78078 18.788 0.031
3732.76387 18.585 0.025
3735.62029 18.683 0.024
3737.79018 18.689 0.025
3740.75207 18.781 0.031
3742.75945 18.781 0.039
3745.79535 18.659 0.030
3748.76518 18.657 0.045
3750.77589 18.778 0.042
3752.78540 18.872 0.046
3754.80319 18.800 0.036
3757.58418 18.827 0.039
3759.78925 18.648 0.030
3763.66121 18.847 0.025
3766.61761 18.579 0.028
3770.70413 18.634 0.031
3773.73690 18.720 0.039
3776.70862 18.658 0.039
3783.57853 18.759 0.042
3788.55130 18.812 0.031
3792.58876 18.698 0.035
3800.57065 18.690 0.035
3810.52871 18.663 0.041
3824.49893 18.830 0.049
3950.92248 18.717 0.035
3964.92123 18.646 0.026
3970.84609 18.603 0.029
3981.91465 18.880 0.047
3990.90335 18.691 0.033
3998.90716 18.787 0.046
4003.72081 18.781 0.031
4005.89654 18.658 0.030
4006.74210 18.606 0.026
4008.76290 18.667 0.025
4013.76344 18.721 0.037
4019.87248 18.811 0.035
4024.75994 18.783 0.030
4026.83761 18.792 0.031
4029.78216 18.620 0.031
4032.81301 18.891 0.054
4038.76475 18.890 0.042
4041.72472 18.714 0.034
4043.72965 18.707 0.036
4049.69219 18.778 0.034
4052.75351 18.650 0.026
4056.79949 18.635 0.029
4058.84661 18.695 0.034
4063.72945 18.796 0.033
4065.85260 18.777 0.045
4067.69448 18.733 0.031
4070.71670 18.849 0.042
4074.78544 18.820 0.044
4077.83422 18.596 0.030
4080.71082 18.819 0.041
4084.63914 18.693 0.036
4086.79486 18.650 0.037
4093.83624 18.594 0.030
4111.77357 18.704 0.028
4117.71400 18.520 0.035
4124.77422 18.830 0.030
4142.75187 18.779 0.060
4156.58702 18.859 0.039
4168.54752 18.739 0.035
4198.50169 18.807 0.050
4343.83767 18.853 0.046
4347.90472 18.846 0.040
4353.83788 18.702 0.034
4358.78929 18.759 0.056
4363.83180 18.751 0.051
4367.79158 18.609 0.040
4370.82836 18.730 0.042
4373.82779 18.612 0.031
4377.84678 18.615 0.037
4380.89144 18.739 0.044
4386.83730 18.757 0.041
4390.79929 18.684 0.037
4394.81686 18.705 0.030
4399.77346 18.728 0.050
4407.73639 18.700 0.041
4412.75999 18.883 0.049
4418.84551 18.807 0.033
4422.73760 18.702 0.034
4427.71325 18.846 0.050
4430.71659 18.646 0.046
4433.73420 18.815 0.039
4436.81555 18.675 0.046
4440.67644 18.662 0.035
4443.76888 18.812 0.046
4449.73151 18.661 0.030
4451.77109 18.661 0.035
4452.75040 18.864 0.049
4455.74057 18.683 0.044
4457.77080 18.663 0.055
4459.73547 18.615 0.039
4462.71327 18.744 0.040
4464.78361 18.998 0.057
4467.75934 18.682 0.035
4471.81728 18.560 0.036
4472.64669 18.704 0.029
4476.70020 18.645 0.030
4480.80368 18.697 0.035
4483.79199 18.852 0.047
4486.81825 18.709 0.058
4492.67607 18.791 0.045
4497.73753 18.780 0.037
4500.61060 18.810 0.041
4502.72039 18.781 0.052
4507.72328 18.636 0.042
4509.67497 18.668 0.042
4518.63743 18.652 0.047
4521.67184 18.874 0.049
4523.65688 18.755 0.047
4525.62153 18.837 0.045
4531.59968 18.803 0.036
4533.59989 18.621 0.035
4537.64996 18.657 0.037
4539.56912 18.732 0.051
4541.65133 18.784 0.041
