2124.51209 16.249 0.010
2128.54081 16.045 0.006
2131.53617 16.204 0.007
2135.50730 16.263 0.007
2138.53725 16.150 0.007
2142.51232 16.369 0.008
2171.62523 16.301 0.007
2345.86110 16.144 0.007
2356.85426 16.144 0.007
2369.90112 16.024 0.007
2379.80169 16.047 0.007
2385.80930 16.394 0.007
2389.81240 16.145 0.007
2396.85734 16.139 0.007
2401.90156 16.028 0.007
2403.92899 16.174 0.007
2405.92755 16.260 0.007
2411.70382 16.368 0.008
2426.63711 16.266 0.008
2432.62781 16.135 0.007
2434.87487 16.053 0.007
2436.86978 16.158 0.007
2438.87952 16.284 0.007
2439.78874 16.245 0.007
2443.75087 16.135 0.007
2445.87971 16.224 0.008
2453.69350 16.041 0.007
2458.67239 16.299 0.007
2462.55127 16.165 0.007
2463.75173 16.215 0.007
2464.58798 16.120 0.007
2465.55441 16.144 0.007
2466.52349 16.162 0.007
2467.55164 16.263 0.007
2468.66474 16.191 0.007
2469.81690 16.170 0.007
2471.50722 16.139 0.007
2473.75678 16.346 0.007
2484.53185 16.293 0.008
2489.65426 16.243 0.007
2492.60700 16.401 0.009
2494.65442 16.064 0.007
2496.71612 16.247 0.007
2499.49104 16.197 0.007
2501.52333 16.365 0.008
2516.55957 16.319 0.008
2519.55795 16.033 0.007
2524.60286 16.375 0.008
2528.54851 16.087 0.007
2539.55167 16.282 0.008
2545.51400 16.106 0.007
2554.50558 16.163 0.008
2560.55495 16.091 0.009
2711.83217 16.317 0.007
2725.91299 16.271 0.007
2731.85197 16.109 0.007
2747.91044 16.163 0.008
2758.88927 16.308 0.009
2764.89817 16.211 0.007
2769.71606 16.314 0.007
2783.68835 16.188 0.007
2785.62538 16.241 0.007
2787.68249 16.313 0.007
2789.89245 16.256 0.007
2791.87144 16.374 0.008
2793.93474 16.101 0.009
2796.92636 16.236 0.008
2797.82714 16.223 0.006
2809.62547 16.255 0.007
2811.60908 16.340 0.008
2813.55205 16.359 0.009
2815.56198 16.076 0.007
2817.60199 16.229 0.009
2819.71013 16.148 0.007
2821.76696 16.152 0.007
2830.55258 16.056 0.009
2834.63048 16.282 0.013
2836.58364 16.383 0.008
2838.59630 16.047 0.007
2840.61141 16.165 0.007
2842.50827 16.180 0.007
2844.56671 16.368 0.007
2847.62332 16.129 0.008
2851.48648 16.225 0.007
2853.49162 16.353 0.007
2855.58797 16.111 0.007
2857.67351 16.275 0.008
2861.53601 16.362 0.013
2864.60379 16.169 0.009
2867.53841 16.280 0.007
2870.59703 16.052 0.007
2876.51460 16.309 0.007
2882.54296 16.225 0.007
2885.59442 16.129 0.009
2888.65835 16.190 0.011
2894.51377 16.182 0.007
2908.52110 16.302 0.009
2923.56689 16.286 0.008
2934.55035 16.038 0.008
3054.89270 16.341 0.008
3060.83625 16.179 0.007
3066.83388 16.056 0.007
3068.89142 16.237 0.007
3072.81054 16.386 0.008
3076.79385 16.139 0.008
3077.90005 16.299 0.009
3081.85659 16.028 0.007
3084.82296 16.181 0.007
3086.88646 16.347 0.007
3088.87489 16.106 0.006
3090.78719 16.023 0.006
3097.90305 16.079 0.006
3099.81453 16.103 0.007
3101.89223 16.284 0.007
3103.85163 16.377 0.012
3107.84056 16.127 0.007
3108.92489 16.265 0.007
3114.88433 16.113 0.007
3116.78998 16.142 0.007
3124.86781 16.216 0.008
3126.74848 16.211 0.007
3128.62726 16.211 0.008
3130.81756 16.069 0.007
3135.77312 16.281 0.007
3138.78176 16.044 0.006
3140.74989 16.109 0.007
3141.81300 16.237 0.007
3142.88586 16.361 0.007
3144.90766 16.035 0.007
3147.75224 16.057 0.007
3151.87981 16.363 0.007
3152.87703 16.064 0.007
3153.88437 16.070 0.007
3156.93642 16.291 0.009
3162.89356 16.136 0.007
3163.89070 16.169 0.007
3164.86821 16.234 0.008
3165.65014 16.070 0.006
3167.73301 16.270 0.007
3168.80636 16.403 0.007
3169.79283 16.175 0.007
3171.59392 16.367 0.007
3173.77457 16.189 0.007
3174.83048 16.283 0.007
3175.89368 16.253 0.009
3178.56235 16.259 0.008
3179.84190 16.156 0.007
3180.84912 16.216 0.007
3184.48550 16.083 0.007
3185.54825 16.193 0.007
3193.67480 16.343 0.008
3194.47981 16.189 0.009
3195.72953 16.044 0.006
3196.76633 16.132 0.007
3197.72572 16.140 0.007
3201.80730 16.102 0.007
3202.74936 16.106 0.007
3203.79843 16.104 0.007
3205.66054 16.086 0.006
3206.67696 16.156 0.007
3210.68389 16.397 0.007
3211.73408 16.045 0.007
3218.72037 16.183 0.009
3224.60945 16.210 0.007
3229.68326 16.128 0.007
3231.72593 16.262 0.009
3239.57958 16.125 0.007
3240.58801 16.188 0.007
3247.56150 16.123 0.007
3249.68805 16.369 0.010
3251.58336 16.359 0.007
3254.66637 16.186 0.008
3257.60059 16.235 0.007
3261.53935 16.207 0.007
3265.61468 16.263 0.008
3270.52299 16.038 0.008
3273.55594 16.204 0.008
3277.50652 16.374 0.009
3280.50754 16.099 0.007
3283.52420 16.291 0.007
3289.57735 16.239 0.007
3779.85222 16.190 0.007
