2124.51209 16.033 0.010
2128.54081 15.838 0.006
2131.53617 15.796 0.007
2135.50730 16.086 0.007
2138.53725 16.054 0.007
2142.51232 15.816 0.007
2171.62523 15.899 0.007
2345.86110 16.109 0.008
2356.85426 16.113 0.008
2369.90112 15.742 0.007
2379.80169 15.870 0.008
2385.80930 15.807 0.007
2389.81240 15.974 0.008
2396.85734 15.874 0.008
2401.90156 16.034 0.009
2403.92899 15.655 0.007
2405.92755 15.811 0.007
2411.70382 16.109 0.008
2426.63711 15.798 0.007
2432.62781 15.716 0.007
2434.87487 16.137 0.009
2436.86978 15.705 0.007
2438.87952 15.872 0.007
2439.78874 16.091 0.007
2443.75087 15.871 0.007
2445.87971 16.128 0.010
2453.69350 16.044 0.009
2458.67239 16.179 0.007
2462.55127 15.805 0.007
2463.75173 15.790 0.007
2464.58798 15.984 0.007
2465.55441 15.756 0.007
2466.52349 16.103 0.008
2467.55164 15.922 0.007
2468.66474 15.821 0.007
2469.81690 15.761 0.007
2471.50722 15.879 0.007
2484.53185 15.860 0.007
2489.65426 16.079 0.007
2492.60700 15.989 0.008
2494.65442 16.076 0.007
2499.49104 16.183 0.008
2501.52333 15.798 0.007
2516.55957 16.202 0.009
2519.55795 16.118 0.007
2524.60286 15.699 0.007
2528.54851 15.978 0.008
2539.55167 15.996 0.008
2545.51400 15.882 0.007
2554.50558 15.736 0.007
2560.55495 15.699 0.008
2711.83217 15.722 0.006
2747.91044 15.798 0.009
2758.88927 15.804 0.009
2764.89817 15.763 0.007
2769.71606 15.729 0.007
2785.62538 15.780 0.007
2787.68249 16.007 0.007
2789.89245 15.824 0.007
2791.87144 15.963 0.007
2793.93474 16.073 0.011
2796.92636 16.164 0.009
2797.82714 15.833 0.005
2809.62547 16.022 0.007
2811.60908 16.104 0.009
2813.55205 15.721 0.007
2815.56198 15.889 0.007
2817.60199 16.091 0.009
2821.76696 15.996 0.008
2830.55258 15.818 0.010
2836.58364 16.178 0.008
2838.59630 15.761 0.007
2840.61141 15.958 0.007
2842.50827 16.014 0.008
2844.56671 15.825 0.007
2847.62332 15.778 0.007
2851.48648 15.861 0.007
2853.49162 16.026 0.007
2855.58797 15.703 0.007
2857.67351 15.951 0.007
2861.53601 16.102 0.014
2864.60379 16.185 0.010
2867.53841 16.026 0.007
2870.59703 16.052 0.009
2876.51460 15.893 0.007
2882.54296 15.811 0.006
2885.59442 15.852 0.008
2888.65835 15.862 0.010
2894.51377 16.054 0.008
2908.52110 16.162 0.011
2923.56689 15.996 0.008
2934.55035 16.012 0.010
3054.89270 15.579 0.007
3060.83625 16.029 0.008
3072.81054 15.835 0.007
3076.79385 15.739 0.008
3086.88646 15.881 0.007
3097.90305 15.911 0.007
3099.81453 15.986 0.008
3101.89223 15.669 0.007
3103.85163 15.791 0.010
3107.84056 16.037 0.007
3108.92489 15.984 0.008
3114.88433 15.873 0.007
3116.78998 15.926 0.007
3124.86781 16.114 0.009
3128.62726 15.720 0.007
3135.77312 16.054 0.007
3138.78176 16.002 0.007
3140.74989 16.128 0.007
3141.81300 15.987 0.007
3142.88586 15.886 0.007
3144.90766 16.053 0.008
3147.75224 15.870 0.007
3151.87981 15.767 0.007
3152.87703 16.130 0.008
3153.88437 15.923 0.007
3156.93642 15.929 0.008
3162.89356 15.808 0.007
3163.89070 16.191 0.009
3164.86821 15.953 0.007
3167.73301 15.755 0.007
3168.80636 16.041 0.007
3169.79283 15.982 0.007
3173.77457 15.710 0.007
3174.83048 16.156 0.007
3175.89368 15.979 0.008
3179.84190 15.724 0.006
3180.84912 16.054 0.007
3184.48550 16.016 0.007
3193.67480 16.089 0.007
3194.47981 15.694 0.007
3195.72953 15.733 0.006
3196.76633 16.164 0.008
3201.80730 15.713 0.006
3202.74936 16.012 0.007
3203.79843 15.882 0.007
3205.66054 15.908 0.006
3206.67696 15.719 0.006
3210.68389 16.030 0.007
3211.73408 15.900 0.007
3218.72037 16.188 0.010
3229.68326 16.168 0.007
3231.72593 15.777 0.007
3239.57958 15.715 0.006
3240.58801 16.054 0.007
3247.56150 15.760 0.007
3249.68805 16.026 0.009
3251.58336 16.106 0.007
3254.66637 16.161 0.009
3257.60059 16.009 0.007
3261.53935 15.717 0.006
3265.61468 16.098 0.008
3270.52299 16.176 0.011
3273.55594 16.152 0.009
3277.50652 15.842 0.007
3280.50754 15.789 0.007
3283.52420 15.759 0.006
3289.57735 15.718 0.006
3779.85222 15.756 0.008
