2167.86446 18.812 0.056
2190.82369 18.676 0.042
2192.86690 18.731 0.047
2193.78846 18.655 0.037
2201.85453 18.750 0.042
2202.78795 18.682 0.049
2214.83563 18.579 0.055
2221.77762 18.463 0.047
2224.79006 18.770 0.051
2227.70093 18.737 0.053
2229.70640 18.718 0.057
2231.67480 18.747 0.056
2233.64310 18.697 0.048
2236.65544 18.691 0.059
2239.62349 18.622 0.060
2241.71043 18.734 0.060
2243.76412 18.713 0.057
2247.84603 18.557 0.040
2248.84868 18.718 0.042
2250.77870 18.733 0.043
2252.69570 18.724 0.042
2254.68697 18.791 0.045
2257.69518 18.633 0.040
2260.70066 18.617 0.040
2264.70623 18.632 0.038
2266.69201 18.708 0.047
2270.73280 18.571 0.044
2271.83993 18.753 0.032
2274.73272 18.535 0.040
2276.79830 18.624 0.050
2278.66255 18.671 0.049
2280.74090 18.750 0.047
2282.73680 18.780 0.047
2284.81104 18.606 0.040
2289.80028 18.775 0.049
2292.81670 18.651 0.059
2294.78481 18.675 0.077
2296.80551 18.692 0.082
2298.79913 18.723 0.064
2300.77677 18.682 0.062
2302.74988 18.588 0.056
2324.53319 18.680 0.066
2328.52009 18.686 0.068
2334.51340 18.822 0.072
2364.50284 18.766 0.076
2385.52029 18.755 0.074
2529.86450 18.553 0.044
2539.86448 18.681 0.061
2545.83192 18.580 0.051
2552.89019 18.580 0.051
2556.87890 18.701 0.045
2560.78812 18.719 0.051
2561.78963 18.577 0.054
2565.79636 18.683 0.059
2574.74640 18.669 0.044
2578.81476 18.647 0.051
2583.86940 18.782 0.078
2590.78486 18.618 0.055
2596.79160 18.584 0.049
2605.83138 18.625 0.048
2609.79644 18.703 0.059
2614.77383 18.547 0.054
2618.80429 18.758 0.059
2621.72962 18.526 0.037
2624.64914 18.718 0.057
2627.75843 18.708 0.065
2629.77936 18.816 0.067
2632.67919 18.664 0.043
2635.77980 18.564 0.042
2638.69760 18.751 0.054
2640.79429 18.539 0.067
2642.75235 18.534 0.054
2644.75134 18.564 0.045
2646.71121 18.580 0.048
2650.76230 18.710 0.054
2652.85689 18.597 0.045
2654.78589 18.599 0.050
2656.69138 18.653 0.061
2658.65378 18.611 0.048
2660.67297 18.632 0.053
2662.68755 18.589 0.053
2664.66254 18.706 0.051
2666.72807 18.764 0.044
2668.71895 18.731 0.061
2672.81267 18.550 0.049
2674.71854 18.616 0.056
2676.70356 18.631 0.068
2678.78007 18.687 0.044
2680.66681 18.704 0.045
2682.71193 18.743 0.065
2687.60034 18.691 0.064
2696.59026 18.738 0.054
2701.58192 18.556 0.061
2708.51158 18.642 0.079
2715.50720 18.599 0.078
2870.92550 18.782 0.070
2890.86000 18.557 0.066
2895.89589 18.621 0.042
2900.86012 18.769 0.051
2907.80837 18.842 0.048
2911.84555 18.603 0.038
2917.75951 18.594 0.048
2922.88168 18.628 0.068
2926.81462 18.746 0.053
2931.74287 18.589 0.044
2934.78364 18.646 0.042
2940.76418 18.644 0.044
2943.76839 18.589 0.048
2947.77702 18.687 0.044
2949.86686 18.762 0.053
2950.69083 18.694 0.055
2954.71418 18.571 0.054
2956.75946 18.646 0.047
2958.80117 18.790 0.054
2962.79829 18.714 0.043
2965.82136 18.801 0.047
2968.68904 18.605 0.054
2973.76251 18.589 0.039
2976.62900 18.764 0.065
2978.83003 18.582 0.040
2980.74503 18.593 0.043
2982.75308 18.566 0.039
2984.78467 18.645 0.045
2987.66604 18.710 0.049
2989.62271 18.686 0.045
2991.68813 18.622 0.040
2993.70847 18.668 0.056
2995.78330 18.726 0.050
2997.75392 18.761 0.048
2999.65357 18.740 0.045
3000.70249 18.637 0.044
3002.69078 18.688 0.044
3004.69165 18.729 0.042
3006.63513 18.698 0.045
3008.79004 18.638 0.049
3010.70961 18.627 0.056
3011.76457 18.818 0.072
3015.78214 18.703 0.070
3017.76983 18.589 0.045
3019.72354 18.649 0.049
3021.81653 18.658 0.047
3023.67861 18.632 0.036
3025.65003 18.617 0.034
3027.69559 18.803 0.044
3029.68054 18.733 0.045
3033.81415 18.643 0.042
3036.61264 18.738 0.042
3039.55454 18.589 0.051
3041.66255 18.656 0.073
3043.67327 18.750 0.074
3045.73615 18.635 0.056
3047.68978 18.619 0.049
3048.62100 18.687 0.037
3050.63801 18.727 0.039
3052.63942 18.778 0.048
3054.64387 18.763 0.049
3056.63202 18.657 0.043
3058.62594 18.614 0.048
3060.67560 18.601 0.045
3066.52187 18.684 0.072
3068.56143 18.795 0.068
3070.63368 18.640 0.071
3073.65353 18.914 0.076
3076.57737 18.661 0.062
3078.66414 18.698 0.055
3082.64117 18.855 0.042
3085.54361 18.682 0.051
3088.50659 18.665 0.054
3090.64831 18.593 0.050
3093.53086 18.845 0.084
3098.64020 18.853 0.065
3102.61091 18.565 0.056
3105.61664 18.814 0.072
3108.59459 18.636 0.044
3111.54296 18.512 0.061
3129.48526 18.661 0.073
3134.50612 18.527 0.053
3216.89999 18.535 0.062
3242.83473 18.581 0.053
3248.88753 18.718 0.059
3264.83518 18.674 0.040
3270.90187 18.683 0.047
3274.78725 18.723 0.064
3278.84220 18.582 0.055
3282.81838 18.733 0.045
3287.79177 18.627 0.030
3291.72814 18.917 0.053
3295.74942 18.732 0.038
3297.74149 18.595 0.030
3299.80563 18.633 0.028
3301.80298 18.710 0.057
3304.86742 18.545 0.043
3309.76903 18.755 0.048
3311.76698 18.597 0.044
3320.81461 18.641 0.040
3327.78252 18.586 0.039
3330.74088 18.819 0.064
3334.84036 18.565 0.061
3339.78820 18.649 0.045
3353.83450 18.661 0.050
3357.62479 18.765 0.054
3360.66363 18.718 0.043
3363.77189 18.730 0.050
3369.84919 18.600 0.050
3375.78551 18.688 0.050
3378.71103 18.592 0.036
3394.59414 18.731 0.060
3396.64501 18.638 0.047
3399.74762 18.746 0.067
3403.73498 18.570 0.042
3408.61941 18.761 0.047
3412.65350 18.574 0.059
3417.59151 18.652 0.042
3425.59966 18.693 0.073
3431.58766 18.804 0.044
3437.56317 18.618 0.044
3446.53227 18.665 0.048
3456.49380 18.830 0.071
3474.48037 18.598 0.065
3596.93354 18.546 0.051
3603.92049 18.650 0.048
3619.86442 18.620 0.044
3633.84209 18.718 0.056
3639.80857 18.682 0.037
3644.84463 18.602 0.033
3651.78707 18.682 0.042
3654.83482 18.789 0.047
3658.79846 18.687 0.045
3660.82325 18.682 0.061
3665.81723 18.564 0.049
3670.78698 18.726 0.049
3673.79706 18.696 0.042
3676.78898 18.603 0.045
3684.85115 18.788 0.048
3687.82351 18.915 0.053
3690.74344 18.571 0.048
3693.77743 18.859 0.055
3695.81017 18.637 0.037
3698.80187 18.682 0.051
3700.82046 18.785 0.059
3703.75453 18.745 0.037
3705.81875 18.756 0.039
3708.80654 18.690 0.044
3712.76406 18.744 0.038
3714.83483 18.696 0.037
3717.72721 18.707 0.051
3720.81529 18.591 0.049
3724.73296 18.658 0.037
3727.80477 18.572 0.044
3731.77384 18.702 0.039
3732.75050 18.630 0.033
3735.61332 18.724 0.036
3737.78320 18.742 0.034
3740.74512 18.825 0.044
3742.75245 18.817 0.072
3745.78840 18.718 0.045
3748.75819 18.499 0.048
3750.76840 18.644 0.045
3752.77845 18.631 0.051
3754.79623 18.766 0.051
3757.57718 18.728 0.051
3759.78228 18.682 0.039
3763.65423 18.688 0.028
3766.61061 18.603 0.036
3770.69713 18.711 0.044
3773.72992 18.637 0.047
3776.70160 18.673 0.062
3779.65490 18.835 0.077
3783.57152 18.853 0.050
3788.54424 18.681 0.036
3792.58171 18.715 0.047
3800.56359 18.699 0.047
3810.52162 18.702 0.059
3824.49179 18.812 0.066
3950.91543 18.585 0.043
3964.91420 18.667 0.036
3970.83907 18.624 0.044
3981.90763 18.719 0.055
3990.89639 18.720 0.042
3998.90017 18.531 0.039
4003.71387 18.726 0.039
4005.88958 18.597 0.036
4006.73519 18.688 0.038
4008.75595 18.708 0.036
4013.75649 18.681 0.048
4018.88906 18.641 0.044
4024.75305 18.807 0.043
4026.83068 18.637 0.036
4029.77527 18.716 0.050
4032.80611 18.672 0.059
4038.75786 18.673 0.044
4041.71783 18.675 0.047
4043.72277 18.783 0.056
4049.68530 18.690 0.044
4052.74664 18.809 0.038
4054.73358 18.841 0.061
4056.79260 18.675 0.039
4058.83974 18.613 0.045
4063.72257 18.742 0.043
4065.84572 18.720 0.043
4067.68762 18.608 0.037
4070.70988 18.792 0.049
4074.77859 18.606 0.044
4077.82739 18.696 0.048
4080.70396 18.810 0.057
4084.63226 18.795 0.055
4086.78800 18.596 0.047
4093.82938 18.513 0.042
4105.84759 18.537 0.049
4111.76670 18.573 0.038
4117.70712 18.715 0.048
4121.68505 18.867 0.079
4124.76734 18.753 0.039
4132.72324 18.494 0.049
4142.74495 18.762 0.070
4156.58004 18.697 0.047
4168.54051 18.603 0.040
4198.49465 18.596 0.055
4343.83063 18.570 0.054
4347.89773 18.684 0.049
4353.83090 18.786 0.048
4358.78231 18.676 0.066
4363.82481 18.725 0.068
4367.78460 18.738 0.061
4370.82140 18.602 0.051
4373.82083 18.589 0.043
4377.83983 18.548 0.047
4380.88450 18.619 0.043
4386.83036 18.672 0.061
4390.79236 18.676 0.050
4394.80995 18.648 0.038
4399.76655 18.679 0.068
4407.72950 18.638 0.050
4412.75311 18.701 0.064
4418.83862 18.722 0.038
4422.73073 18.774 0.044
4427.70638 18.730 0.053
4430.70967 18.590 0.055
4433.72732 18.653 0.047
4436.80870 18.751 0.059
4440.66957 18.705 0.053
4443.76203 18.734 0.066
4449.72466 18.607 0.038
4451.76424 18.580 0.044
4452.74355 18.717 0.051
4455.73371 18.661 0.055
4457.76391 18.612 0.062
4459.72859 18.724 0.047
4462.70642 18.634 0.048
4464.77673 18.738 0.059
4467.75250 18.677 0.038
4471.81041 18.725 0.050
4472.63978 18.631 0.037
4476.69333 18.649 0.038
4480.79680 18.684 0.042
4483.78510 18.614 0.056
4486.81138 18.586 0.065
4492.66913 18.641 0.053
4497.73097 18.601 0.042
4500.57264 18.747 0.059
4502.71383 18.533 0.054
4507.71669 18.641 0.053
4509.66840 18.661 0.053
4517.69602 18.773 0.078
4521.66487 18.753 0.054
4523.64989 18.668 0.055
4525.61455 18.619 0.048
4531.59055 18.659 0.040
4533.59291 18.629 0.043
4537.64300 18.702 0.051
4539.56211 18.768 0.060
4541.64428 18.634 0.055
