 552.76775 19.008 0.056
 553.83776 18.903 0.037
 554.73828 18.968 0.063
 557.91341 19.204 0.070
 559.74229 18.780 0.065
 559.76855 18.961 0.056
 560.91175 19.109 0.064
 561.70769 19.164 0.068
 562.76834 19.212 0.062
 563.86140 19.187 0.164
 567.76795 18.881 0.051
 568.76648 18.985 0.047
 569.73656 19.093 0.057
 570.73268 19.104 0.061
 572.75662 18.918 0.059
 573.79114 18.882 0.039
 574.72843 18.723 0.041
 575.66204 19.228 0.080
 576.64241 19.033 0.064
 577.78833 19.159 0.064
 578.64281 18.864 0.066
 578.89799 19.283 0.064
 581.63805 19.315 0.076
 582.65194 19.035 0.060
 583.64674 19.130 0.067
 583.93407 18.799 0.061
 587.66169 18.778 0.047
 588.91892 19.071 0.059
 590.92263 18.793 0.122
 596.63621 19.306 0.082
 599.94392 18.892 0.059
 601.66766 18.955 0.043
 601.89147 19.010 0.049
 605.83502 19.027 0.064
 606.84741 19.078 0.055
 607.84404 19.023 0.050
 608.83567 18.912 0.044
 615.87277 18.897 0.055
 616.87400 18.778 0.066
 622.84743 18.989 0.073
 623.78733 18.888 0.054
 624.80310 19.314 0.070
 625.88595 19.269 0.085
 626.74812 19.124 0.062
 627.74721 18.910 0.056
 628.86368 18.953 0.080
 629.81430 18.747 0.051
 632.68749 19.137 0.060
 633.83385 19.139 0.059
 635.66597 18.975 0.059
 643.80362 18.716 0.051
 645.64278 19.185 0.060
 652.74832 19.134 0.055
 653.60168 18.915 0.040
 655.67765 18.753 0.039
 656.78791 18.743 0.045
 657.75732 19.291 0.080
 664.66209 19.198 0.064
 666.55075 18.812 0.041
 669.55225 19.219 0.053
 670.64793 19.254 0.063
 671.77051 19.355 0.074
 685.59864 19.138 0.058
 688.55579 18.723 0.043
 689.51883 19.129 0.052
 694.52302 18.815 0.051
 698.66046 19.231 0.085
 701.60633 19.095 0.115
 704.60577 19.400 0.141
 707.52027 18.831 0.065
 716.57563 19.004 0.065
 728.57490 18.874 0.068
 741.56813 19.190 0.069
 748.51692 18.806 0.101
 857.88262 19.541 0.116
 885.80531 19.290 0.120
 891.86482 19.221 0.077
 896.80674 18.692 0.033
 900.80689 18.998 0.044
 909.88044 18.827 0.073
 924.92868 18.868 0.082
 926.86018 19.249 0.105
 931.75640 19.151 0.068
 934.85510 19.004 0.059
 936.75701 18.737 0.036
 937.90228 18.875 0.052
 941.88159 19.098 0.056
 944.80769 18.791 0.060
 949.78420 18.923 0.088
 951.74898 19.266 0.072
 952.83619 19.309 0.079
 953.84378 19.112 0.065
 963.78029 18.879 0.053
 965.67328 19.082 0.062
 966.85288 19.276 0.061
 968.73978 19.010 0.061
 968.86655 18.995 0.068
 969.79985 19.075 0.081
 970.72021 18.775 0.055
 970.89464 18.911 0.065
 971.62843 19.069 0.077
 978.64610 19.070 0.067
 982.77813 18.979 0.121
 985.73003 19.397 0.071
 986.80907 19.246 0.076
 987.76391 19.139 0.072
 988.65908 19.002 0.057
 989.65504 18.779 0.047
 990.62366 19.188 0.078
 991.83542 18.911 0.065
 992.60951 19.150 0.074
 992.77983 19.141 0.072
 995.57755 18.801 0.055
 995.72463 18.925 0.067
 997.61785 19.278 0.088
1005.59217 19.193 0.072
1007.60191 19.282 0.092
1011.60521 19.240 0.063
1020.62946 19.061 0.064
1021.55258 18.854 0.052
1025.64517 19.215 0.072
1026.72876 19.250 0.071
1035.53943 18.822 0.062
1036.55760 18.762 0.041
1037.74784 19.019 0.102
1038.57788 19.309 0.095
1039.69274 19.250 0.100
1040.57361 19.070 0.056
1041.59806 19.054 0.050
1042.58278 18.888 0.039
1043.50076 19.208 0.080
1043.52772 18.962 0.057
1044.48548 19.313 0.100
1045.48703 19.132 0.067
1045.72216 18.721 0.052
1046.49785 19.119 0.059
1046.72291 19.054 0.089
1047.51128 19.012 0.062
1047.66166 19.198 0.070
1048.50052 18.799 0.048
1049.50064 18.696 0.047
1051.53311 19.205 0.076
1052.69495 18.920 0.058
1053.52460 19.060 0.051
1054.49944 18.967 0.059
1060.51753 19.152 0.080
1061.61922 19.271 0.095
1062.60265 19.365 0.193
1063.57432 18.859 0.077
1064.50513 19.146 0.090
1068.51444 18.835 0.074
1072.65299 18.954 0.058
1077.55527 18.729 0.045
1079.64417 18.979 0.094
1082.59441 18.981 0.086
1088.50457 18.932 0.073
1091.50500 19.244 0.084
1094.54827 19.097 0.069
1103.50423 18.743 0.056
1108.51383 18.899 0.088
1111.51811 18.937 0.126
1117.51648 18.778 0.061
1126.50340 19.451 0.243
1218.87332 18.850 0.063
1228.85698 19.274 0.091
1232.85512 19.268 0.086
1235.84571 18.945 0.085
1241.85009 19.087 0.075
1246.81339 19.075 0.125
1253.80303 19.244 0.073
1256.79698 19.068 0.064
1260.79002 19.312 0.076
1265.84833 18.800 0.053
1267.83161 19.080 0.080
1270.82037 18.924 0.078
1278.78359 18.725 0.043
1280.83009 19.388 0.076
1289.74077 18.906 0.058
1294.75030 19.142 0.085
1296.70143 18.945 0.059
1297.92651 19.091 0.063
1299.85933 18.774 0.065
1305.78904 18.817 0.052
1306.72564 19.212 0.060
1307.83360 19.173 0.105
1310.67250 18.910 0.053
1313.80902 18.955 0.049
1315.68606 19.210 0.070
1316.78398 19.131 0.060
1317.75512 19.027 0.057
1318.66774 18.856 0.058
1319.72813 19.027 0.052
1320.92425 18.965 0.061
1321.92415 18.788 0.057
1327.65147 19.217 0.116
1333.78111 18.844 0.053
1336.62821 18.992 0.068
1339.64113 19.350 0.063
1341.74014 19.261 0.071
1345.80402 18.894 0.062
1347.81732 18.826 0.050
1348.87713 18.923 0.057
1349.88695 19.530 0.119
1352.84942 18.966 0.060
1361.62951 19.104 0.072
1363.61746 19.037 0.069
1364.57830 18.841 0.065
1366.60788 19.341 0.071
1367.60742 19.199 0.082
1369.81962 19.405 0.116
1373.55927 19.283 0.096
1373.68327 18.930 0.082
1374.64919 19.155 0.075
1375.79510 19.219 0.090
1376.57021 19.077 0.049
1394.55227 19.141 0.060
1395.52989 19.110 0.058
1397.63856 19.117 0.081
1398.52666 18.743 0.041
1399.54324 19.345 0.077
1400.51247 19.184 0.066
1401.54435 19.203 0.073
1402.53784 19.051 0.058
1403.54008 19.006 0.054
1404.54286 18.855 0.045
1405.52467 19.157 0.070
1407.53096 19.253 0.071
1408.59559 19.205 0.064
1410.54755 18.995 0.073
1415.54440 19.134 0.089
1416.68349 19.264 0.095
1417.55222 19.015 0.068
1419.62566 18.782 0.047
1430.54566 18.877 0.075
1433.50259 19.304 0.080
1437.51993 18.971 0.068
1443.50242 19.019 0.077
1446.58258 18.735 0.091
1448.62056 19.396 0.122
1451.53380 18.959 0.072
1454.52395 19.125 0.087
1459.58774 18.927 0.091
1462.52043 19.096 0.084
1471.52129 19.064 0.109
1480.51936 18.788 0.081
1593.87702 18.853 0.074
1594.86416 19.144 0.091
1595.84942 19.157 0.081
1596.87565 19.265 0.108
1605.85896 19.063 0.069
1610.82840 19.083 0.068
1614.86242 18.788 0.068
1615.84742 19.460 0.099
1617.81831 19.077 0.058
1621.87183 18.838 0.052
1623.78767 19.115 0.085
1625.78291 18.974 0.065
1627.79834 18.966 0.074
1630.88055 19.184 0.101
1632.82671 18.951 0.064
1643.75811 19.201 0.096
1644.89329 19.232 0.062
1646.84295 18.975 0.055
1653.79368 18.895 0.062
1655.88160 18.821 0.052
1661.73498 19.399 0.076
1662.80282 19.188 0.058
1663.79186 19.255 0.063
1664.69919 19.017 0.067
1665.70447 18.984 0.056
1666.70300 18.775 0.051
1667.80853 18.916 0.054
1669.83164 19.405 0.100
1670.74076 19.156 0.053
1671.75737 19.070 0.051
1672.73723 18.937 0.041
1675.84540 18.781 0.057
1676.67035 19.115 0.068
1681.64942 19.284 0.121
1682.68278 19.073 0.146
1689.62800 19.108 0.079
1693.62806 18.756 0.045
1695.90168 18.908 0.056
1698.64596 18.995 0.050
1700.91696 19.183 0.078
1702.66507 19.332 0.078
1703.65109 19.121 0.065
1704.63761 19.024 0.060
1705.87249 19.114 0.097
1716.78331 19.045 0.066
1718.62179 19.021 0.088
1725.75310 19.091 0.084
1726.73727 19.007 0.058
1728.57931 19.090 0.088
1729.61675 19.668 0.084
1730.59746 19.231 0.066
1731.63304 19.174 0.049
1732.55677 18.992 0.066
1733.71567 19.085 0.055
1737.72295 19.137 0.127
1743.63325 19.220 0.065
1744.70528 19.292 0.099
1745.64339 19.176 0.061
1748.56871 19.273 0.082
1749.75867 18.754 0.040
1751.66867 19.103 0.053
1752.60527 19.068 0.068
1754.49888 19.389 0.136
1755.54389 19.326 0.076
1756.67529 19.421 0.100
1758.55846 19.077 0.068
1759.74805 19.103 0.074
1761.72664 18.871 0.061
1762.72751 18.775 0.062
1763.70984 19.307 0.078
1764.70522 19.271 0.066
1770.62279 19.180 0.121
1771.55856 18.909 0.100
1772.56876 19.061 0.058
1773.58322 18.901 0.058
1774.63489 19.006 0.055
1775.58418 19.321 0.070
1776.57921 19.315 0.065
1777.59174 19.262 0.071
1783.59438 19.233 0.058
1784.58412 19.083 0.061
1785.58339 19.029 0.056
1786.57090 18.934 0.044
1787.57840 18.781 0.049
1789.57482 19.295 0.067
1790.56092 19.126 0.059
1803.50799 19.156 0.066
1811.51067 19.007 0.058
1814.51486 18.836 0.053
1817.60471 19.353 0.099
1824.53691 19.263 0.089
1828.53376 18.720 0.085
2072.60813 19.066 0.065
2072.61948 19.079 0.063
2072.62808 19.081 0.063
2072.63669 19.127 0.063
2072.65214 19.088 0.065
2072.66075 19.094 0.066
2072.66940 19.124 0.061
2072.67807 19.182 0.062
2072.68670 19.043 0.062
2072.69536 19.042 0.065
2072.70463 19.206 0.071
2072.72545 19.185 0.063
2072.73409 19.183 0.061
2072.74270 19.276 0.069
2072.75131 19.111 0.059
2072.75992 19.182 0.073
2072.76854 19.249 0.072
2072.77757 19.231 0.070
2072.78619 19.228 0.071
2072.79478 19.302 0.076
2072.80341 19.319 0.082
2072.81204 19.311 0.077
2072.82065 19.209 0.075
2072.83019 19.211 0.081
2072.83909 19.286 0.088
2072.84818 19.248 0.086
2072.85906 18.987 0.070
2072.86764 18.944 0.066
2072.87625 18.817 0.068
2072.89043 18.728 0.074
2072.89901 18.713 0.075
2072.90758 18.733 0.065
2073.57944 18.955 0.070
2073.59481 19.031 0.067
2073.60345 18.903 0.056
2073.61203 18.933 0.058
2073.62065 18.984 0.056
2073.62927 19.012 0.059
2073.63788 19.024 0.059
2073.64666 19.048 0.064
2073.65531 19.032 0.061
2073.66392 19.055 0.055
2073.67476 19.081 0.057
2073.68338 19.069 0.060
2073.69205 19.104 0.060
2073.70065 19.135 0.059
2073.70929 19.074 0.056
2073.71793 19.096 0.055
2073.72741 19.047 0.062
2073.73599 19.132 0.063
2073.74457 19.107 0.058
2073.75315 19.097 0.056
2073.76176 19.056 0.056
2073.77035 19.154 0.058
2073.78361 19.153 0.059
2073.79221 19.249 0.069
2073.82208 19.226 0.074
2073.83106 19.243 0.102
2073.84627 19.220 0.081
2073.85487 19.146 0.069
2073.86348 19.100 0.079
2073.87206 19.133 0.080
2073.88066 19.460 0.106
2073.89417 19.201 0.098
2073.90273 19.144 0.091
2073.91133 19.178 0.103
2074.57341 18.779 0.047
2074.58204 18.798 0.044
2074.59067 18.839 0.053
2074.59929 18.868 0.054
2074.60790 18.914 0.052
2074.61656 18.849 0.057
2074.62566 18.880 0.054
2074.63427 18.895 0.061
2074.64289 18.976 0.072
2074.65149 18.922 0.059
2074.66011 19.007 0.070
2074.66876 18.949 0.054
2074.67760 18.987 0.053
2074.69996 18.973 0.063
2074.70863 19.073 0.059
2074.71724 19.060 0.061
2074.72848 19.119 0.059
2074.73707 19.052 0.057
2074.76083 19.017 0.058
2074.76943 19.115 0.069
2074.77804 19.004 0.060
2074.78664 19.024 0.074
2074.79650 19.122 0.075
2074.80510 19.142 0.073
2074.81394 19.182 0.063
2074.82256 19.079 0.064
2074.83117 19.132 0.057
2074.83978 19.020 0.057
2074.84840 19.113 0.053
2074.85699 19.088 0.052
2074.86605 19.253 0.065
2074.87460 19.194 0.069
2074.88319 19.103 0.070
2074.89183 19.040 0.062
2074.90046 19.129 0.072
2074.90905 19.152 0.076
2075.60820 18.822 0.059
2075.61680 18.684 0.049
2075.62539 18.661 0.049
2075.63403 18.761 0.053
2075.64264 18.849 0.055
2075.66227 18.932 0.058
2075.67087 18.948 0.064
2075.67947 18.836 0.050
2075.68807 18.860 0.047
2075.69674 18.933 0.054
2075.70534 18.907 0.055
2075.71436 18.870 0.052
2075.72360 19.013 0.068
2075.73220 18.930 0.058
2075.74080 18.984 0.059
2075.76760 18.970 0.057
2075.77619 19.019 0.071
2075.78477 19.064 0.066
2075.79365 19.070 0.070
2075.80226 19.079 0.072
2075.81086 19.107 0.072
2075.81946 19.057 0.070
2075.82805 19.067 0.065
2075.84070 19.078 0.068
2075.84929 19.110 0.066
2075.85790 19.090 0.072
2075.86650 19.096 0.075
2075.87510 19.118 0.081
2075.88364 19.016 0.071
2075.89256 19.123 0.091
2076.68671 18.830 0.057
2076.69532 18.783 0.054
2076.70396 18.785 0.050
2076.71257 18.780 0.061
2076.72734 18.753 0.065
2076.73613 18.770 0.055
2076.74494 18.830 0.069
2076.75368 18.878 0.065
2076.76245 18.924 0.059
2076.77125 18.899 0.055
2076.78711 18.912 0.058
2076.79852 18.971 0.066
2076.81120 18.975 0.071
2076.82370 19.058 0.074
2076.83245 18.947 0.058
2076.84118 18.979 0.063
2076.84991 18.904 0.067
2076.85866 18.934 0.062
2076.86741 18.965 0.072
2076.87671 19.010 0.068
2076.88543 19.036 0.070
2077.58337 19.176 0.081
2077.60399 19.247 0.085
2077.61467 19.254 0.075
2077.62559 19.153 0.065
2077.63434 19.148 0.060
2077.64726 19.284 0.058
2077.65601 19.205 0.056
2077.66475 19.214 0.055
2077.67350 19.211 0.054
2077.68568 19.315 0.060
2077.69444 19.227 0.055
2077.70322 19.143 0.057
2077.71199 19.073 0.055
2077.72072 18.935 0.050
2077.72947 18.907 0.049
2077.73923 18.836 0.053
2077.74802 18.812 0.051
2077.75681 18.729 0.041
2077.76558 18.707 0.040
2077.77432 18.761 0.044
2077.78643 18.730 0.041
2077.79519 18.831 0.048
2077.80390 18.913 0.050
2077.81269 18.870 0.045
2077.82145 18.879 0.047
2077.83020 18.809 0.049
2077.83932 18.823 0.071
2077.84805 18.901 0.064
2077.85681 18.854 0.075
2077.86557 18.882 0.062
2077.87425 18.836 0.061
2077.88299 18.926 0.070
2077.89198 18.969 0.070
2077.90071 19.016 0.088
2078.58929 19.177 0.072
2078.59800 19.051 0.068
2078.60677 19.107 0.070
2078.61552 19.126 0.063
2078.62429 19.138 0.069
2078.63305 19.225 0.069
2078.65343 19.145 0.052
2078.66218 19.202 0.052
2078.67094 19.120 0.049
2078.67968 19.194 0.057
2078.68846 19.253 0.060
2078.69721 19.141 0.057
2078.70686 19.230 0.058
2078.71577 19.168 0.058
2078.72452 19.301 0.059
2078.73325 19.247 0.058
2078.74200 19.265 0.059
2078.75075 19.243 0.067
2078.76379 19.288 0.067
2078.78265 19.129 0.061
2078.79142 19.097 0.062
2078.80018 18.969 0.059
2078.80891 18.924 0.055
2078.83496 18.630 0.044
2078.84375 18.779 0.058
2078.85248 18.787 0.055
2078.86202 18.790 0.059
2078.87072 18.778 0.061
2078.87947 18.812 0.069
2078.88825 18.989 0.085
2079.61930 18.973 0.063
2079.62802 19.073 0.073
2079.63683 19.085 0.065
2079.64558 19.117 0.067
2079.65431 19.107 0.062
2079.66308 19.146 0.063
2079.67289 19.171 0.060
2079.68164 19.200 0.061
2079.69040 19.088 0.057
2079.69911 19.055 0.061
2079.70783 19.270 0.074
2079.71661 19.038 0.057
2079.73070 19.146 0.059
2079.73949 19.045 0.058
2079.74824 19.179 0.066
2079.75696 19.252 0.067
2079.76570 19.239 0.064
2079.77443 19.274 0.063
2079.79311 19.261 0.070
2079.80185 19.275 0.073
2079.81061 19.189 0.075
2079.82108 19.181 0.093
2080.55266 18.941 0.047
2080.56711 18.976 0.049
2080.57583 18.881 0.042
2080.58455 18.884 0.042
2080.59328 18.985 0.050
2080.60202 19.030 0.048
2080.61074 18.945 0.057
2080.62544 18.962 0.052
2080.63422 19.085 0.055
2080.64297 19.032 0.053
2080.65177 19.082 0.055
2080.66048 19.111 0.055
2080.67514 19.015 0.052
2080.69678 19.042 0.062
2080.70554 18.984 0.060
2080.71428 19.037 0.058
2080.74805 19.079 0.054
2080.76051 19.139 0.056
2080.77481 19.005 0.054
2080.80020 19.120 0.062
2080.81055 19.157 0.068
2080.81932 19.136 0.075
2080.82807 19.243 0.084
2080.83678 19.126 0.074
2080.84552 19.144 0.077
2080.85430 19.131 0.094
2081.56627 18.792 0.045
2081.57616 18.826 0.048
2081.58490 18.829 0.045
2081.59555 18.790 0.044
2081.61509 18.854 0.052
2081.65783 18.907 0.051
2081.69927 18.991 0.054
2081.70808 19.004 0.055
2081.71687 19.041 0.058
2081.72563 19.082 0.057
2081.73439 19.045 0.059
2081.74314 18.922 0.055
2081.75394 18.997 0.055
2081.76271 19.055 0.058
2081.77148 19.069 0.063
2081.78026 19.077 0.063
2081.79834 19.202 0.074
2081.80708 19.050 0.059
2081.81583 19.101 0.066
2081.82786 19.186 0.066
2081.83658 19.132 0.062
2081.86137 19.082 0.059
2081.87668 19.098 0.077
2082.63985 18.814 0.053
2082.64861 18.838 0.054
2082.68219 18.809 0.049
2082.69294 18.901 0.052
2082.70231 18.851 0.052
2082.71108 18.977 0.066
2082.72356 18.876 0.056
2082.73527 18.927 0.053
2082.74402 18.936 0.055
2082.75275 18.964 0.052
2082.76382 19.008 0.055
2082.78055 18.911 0.049
2082.78930 19.004 0.054
2082.79806 19.014 0.052
2082.80677 19.016 0.054
2082.81553 19.066 0.058
2082.82428 19.248 0.069
2082.83680 18.989 0.060
2082.84556 18.949 0.062
2082.85433 19.110 0.066
2082.86309 19.075 0.070
2082.87185 19.061 0.075
2082.88062 19.129 0.087
2085.62793 19.125 0.076
2085.63649 19.102 0.073
2085.64506 19.168 0.080
2085.65371 19.274 0.082
2085.66233 19.239 0.078
2085.67091 19.178 0.070
2085.68217 19.112 0.077
2085.69075 19.254 0.090
2085.69931 19.123 0.082
2085.70792 19.083 0.075
2085.71663 19.297 0.095
2085.72527 19.103 0.081
2085.73505 19.149 0.080
2085.74364 19.229 0.093
2085.75587 19.274 0.105
2085.76598 19.333 0.099
2085.78189 19.164 0.090
2085.79206 19.312 0.095
2085.80064 18.967 0.073
2085.82309 18.856 0.071
2085.83168 18.815 0.072
2085.84027 18.761 0.071
2085.84886 18.698 0.069
2085.85747 18.641 0.063
2086.55194 18.962 0.049
2086.56053 19.014 0.050
2086.56914 18.948 0.047
2086.58887 18.948 0.051
2086.59750 18.942 0.051
2086.60610 19.062 0.050
2086.62541 18.989 0.045
2086.63403 19.142 0.054
2086.64261 19.172 0.054
2086.65121 19.067 0.054
2086.65980 19.075 0.053
2086.66842 19.120 0.052
2086.68017 19.130 0.051
2086.68873 19.113 0.051
2086.69729 19.190 0.057
2086.70590 19.198 0.058
2086.71455 19.061 0.061
2086.72797 19.223 0.075
2086.73664 19.071 0.061
2086.74527 19.216 0.068
2086.75386 19.150 0.062
2086.76246 19.095 0.062
2086.77577 18.998 0.060
2086.78437 19.230 0.072
2086.79301 19.145 0.072
2086.80541 19.100 0.075
2086.81399 19.180 0.078
2086.82259 19.225 0.079
2086.83504 19.288 0.099
2086.84367 19.335 0.112
2086.85228 19.307 0.111
2086.86091 19.379 0.130
2087.55752 18.856 0.049
2087.59914 18.972 0.049
2087.60787 18.919 0.045
2087.61660 19.008 0.057
2087.62535 19.076 0.055
2087.63409 18.995 0.049
2087.64284 19.083 0.056
2087.65180 18.987 0.052
2087.66056 19.108 0.056
2087.67263 19.076 0.056
2087.68138 18.984 0.051
2087.69076 19.024 0.054
2087.70821 19.127 0.058
2087.71697 19.080 0.055
2087.72575 19.101 0.056
2087.73454 19.079 0.053
2087.74334 19.072 0.053
2087.75209 19.241 0.065
2087.76256 19.149 0.059
2087.77131 19.196 0.059
2087.78006 19.352 0.069
2087.78881 19.157 0.060
2087.79755 19.304 0.069
2087.80630 19.209 0.070
2087.81553 19.230 0.070
2087.82429 19.301 0.073
2087.83300 19.090 0.066
2087.84176 19.125 0.070
2087.85055 19.188 0.076
2087.85925 18.994 0.072
2088.55489 18.797 0.058
2088.56685 18.813 0.057
2088.57556 18.861 0.057
2088.58433 18.830 0.055
2088.59312 18.773 0.052
2088.60207 18.900 0.055
2088.61082 18.806 0.049
2088.61961 18.881 0.054
2088.62839 18.895 0.052
2088.63867 18.832 0.049
2088.64745 18.868 0.051
2088.65624 18.813 0.045
2088.66500 18.908 0.053
2088.67619 19.044 0.059
2088.68549 18.925 0.051
2088.69419 18.999 0.053
2088.70292 18.948 0.056
2088.71168 19.042 0.062
2088.73565 19.012 0.058
2088.74439 19.075 0.061
2088.75314 18.966 0.054
2088.76188 18.899 0.061
2088.77373 19.081 0.068
2088.78249 19.042 0.069
2088.79130 19.160 0.071
2088.80006 19.005 0.074
2088.80886 19.241 0.088
2088.81760 19.078 0.073
2088.82677 19.122 0.084
2088.83550 19.078 0.075
2088.84428 19.151 0.100
2089.60741 18.833 0.061
2089.61615 18.801 0.060
2089.62486 18.608 0.049
2089.63361 18.620 0.047
2089.64236 18.716 0.047
2089.65153 18.731 0.045
2089.66021 18.819 0.056
2090.63951 19.132 0.074
2090.64831 19.169 0.077
2090.65825 19.155 0.068
2090.66702 18.991 0.060
2090.67577 18.855 0.058
2090.68468 18.791 0.069
2090.70421 18.680 0.054
2090.71295 18.716 0.064
2090.72169 18.874 0.069
2090.73040 18.919 0.074
2090.73913 18.876 0.059
2090.74788 18.786 0.062
2090.75745 18.860 0.057
2090.76620 18.802 0.051
2090.77493 18.759 0.051
2090.78369 18.856 0.056
2090.79246 18.921 0.056
2090.80127 18.908 0.054
2090.81334 18.778 0.066
2090.82207 18.867 0.071
2090.83642 18.881 0.075
2091.58381 19.223 0.071
2091.59258 19.158 0.066
2091.60137 19.227 0.065
2091.61206 19.219 0.069
2091.62820 19.226 0.061
2091.64867 19.264 0.062
2091.65933 19.286 0.068
2091.66805 19.221 0.062
2091.67740 19.190 0.062
2091.68618 19.229 0.071
2091.69495 19.197 0.068
2091.70370 19.252 0.069
2091.71271 19.203 0.067
2091.72142 19.105 0.061
2091.73016 19.198 0.065
2091.73891 19.088 0.059
2091.74769 18.970 0.052
2091.75881 18.856 0.050
2091.77170 18.772 0.047
2091.78046 18.703 0.051
2091.78922 18.719 0.042
2091.79798 18.693 0.041
2091.80675 18.745 0.044
2091.81552 18.750 0.048
2091.82443 18.838 0.052
2091.83367 18.778 0.054
2091.84243 18.764 0.050
2091.85120 18.855 0.054
2091.85993 18.825 0.059
2091.86863 18.850 0.062
2092.64121 19.158 0.065
2092.64999 19.199 0.065
2092.65880 19.188 0.070
2092.67034 19.176 0.063
2092.67910 19.120 0.075
2092.68785 19.134 0.101
2092.69665 19.198 0.072
2092.70541 19.236 0.079
2092.71418 19.179 0.071
2092.72946 19.220 0.070
2092.73822 19.238 0.071
2092.74882 19.171 0.073
2092.75754 19.321 0.092
2092.76628 19.316 0.100
2092.77503 19.164 0.085
2092.78379 19.339 0.102
2092.79427 19.312 0.093
2092.80305 19.117 0.093
2092.81177 19.118 0.084
2092.82695 18.975 0.112
2101.54876 18.800 0.055
2101.55749 18.880 0.058
2101.56621 18.838 0.050
2101.57498 18.938 0.052
2101.58369 18.813 0.051
2101.59244 18.816 0.062
2101.60700 18.971 0.055
2101.61575 18.871 0.065
2101.62456 18.857 0.047
2101.63331 18.916 0.054
2101.64202 18.941 0.055
2101.65141 18.916 0.056
2101.66040 18.933 0.058
2101.66914 19.023 0.059
2101.67790 18.986 0.058
2101.68664 18.968 0.062
2101.69539 18.918 0.058
2101.70412 19.041 0.061
2101.72132 19.093 0.067
2101.73008 19.037 0.062
2101.75527 19.108 0.073
2101.76399 18.935 0.076
2101.77278 18.886 0.065
2101.78151 19.126 0.088
2102.53314 19.079 0.050
2102.54191 18.938 0.043
2102.55249 18.854 0.044
2102.56123 18.771 0.041
2102.57699 18.773 0.042
2102.58575 18.769 0.041
2102.59451 18.790 0.043
2102.60327 18.837 0.050
2102.61202 18.752 0.040
2102.62080 18.815 0.043
2102.63011 18.769 0.042
2102.63888 19.003 0.049
2102.64826 18.837 0.044
2103.49708 19.048 0.062
2103.50580 19.202 0.069
2103.51625 19.134 0.062
2103.52502 19.227 0.068
2103.53378 19.240 0.069
2103.54249 19.223 0.067
2103.55125 19.198 0.063
2103.55995 19.267 0.071
2103.57185 19.416 0.068
2103.58063 19.259 0.059
2103.58938 19.292 0.060
2103.59815 19.271 0.052
2103.60757 19.051 0.044
2103.61633 18.892 0.036
2103.62509 18.932 0.039
2103.63382 18.790 0.035
2103.64312 18.821 0.034
2103.65186 18.685 0.033
2103.66175 18.748 0.033
2103.67058 18.768 0.036
2103.67931 18.735 0.036
2103.72031 18.853 0.050
2103.72909 18.873 0.052
2103.74662 18.867 0.063
2103.75538 18.963 0.055
2103.76410 18.985 0.055
2103.77285 18.878 0.045
2103.78160 18.908 0.050
2103.79033 18.929 0.047
2105.50333 19.040 0.077
2105.51593 18.982 0.068
2105.52609 19.111 0.071
2105.53482 19.055 0.060
2105.54357 19.116 0.068
2105.55229 19.036 0.060
2105.56351 19.133 0.064
2105.57223 19.109 0.057
2105.58100 19.118 0.052
2105.58972 19.162 0.053
2105.59922 19.070 0.048
2105.61765 19.214 0.053
2105.62948 19.184 0.048
2105.64029 19.122 0.044
2105.64905 19.192 0.052
2105.66159 19.188 0.052
2105.67033 19.171 0.055
2105.67909 19.228 0.058
2105.68783 19.133 0.053
2105.69659 19.263 0.058
2105.70535 19.259 0.058
2105.71153 19.214 0.058
2105.72177 19.221 0.059
2105.73048 19.381 0.070
2105.73920 19.229 0.066
2105.74797 19.186 0.061
2105.75671 19.190 0.073
2105.76546 19.134 0.067
2105.77462 18.842 0.054
2105.78336 18.919 0.057
2105.79210 18.798 0.061
2105.80093 18.826 0.063
2106.59248 19.119 0.064
2106.60210 19.136 0.061
2106.61137 19.113 0.059
2106.62012 18.962 0.056
2106.62888 19.097 0.074
2106.63841 19.106 0.063
2106.64716 19.126 0.066
2106.65593 19.121 0.067
2106.66499 19.080 0.056
2106.67377 19.137 0.059
2106.68251 19.174 0.063
2106.69122 19.133 0.066
2106.69994 19.166 0.065
2106.72413 19.119 0.058
2106.73287 19.156 0.061
2106.74164 19.169 0.070
2106.75036 19.133 0.069
2106.75910 19.083 0.070
2111.50915 19.231 0.075
2111.51790 19.126 0.081
2111.52667 19.129 0.075
2111.53544 19.190 0.098
2111.55298 19.275 0.090
2111.56217 19.158 0.075
2111.57097 19.251 0.079
2111.57973 19.103 0.074
2111.58846 19.094 0.069
2111.59724 19.188 0.076
2111.60596 19.203 0.066
2111.61509 19.246 0.086
2111.62443 19.155 0.084
2111.64197 19.286 0.109
2111.65073 19.302 0.099
2111.65948 19.210 0.073
2111.66868 19.315 0.091
2111.67742 19.305 0.085
2111.68618 19.276 0.089
2111.69492 19.101 0.081
2111.70366 18.998 0.074
2111.71241 18.876 0.061
2111.72175 18.900 0.064
2111.73047 18.744 0.068
2111.73918 18.709 0.061
2111.74796 18.938 0.074
2112.50173 19.077 0.069
2112.51136 19.138 0.069
2112.52438 19.020 0.057
2112.53313 19.019 0.060
2112.55267 19.150 0.069
2112.56142 19.167 0.071
2112.57572 19.192 0.068
2112.58446 19.077 0.062
2112.59775 19.170 0.057
2112.60654 19.181 0.053
2112.61530 19.133 0.048
2112.62402 19.094 0.049
2112.63277 19.240 0.060
2112.64162 19.121 0.051
2112.66347 19.195 0.058
2112.67221 19.191 0.056
2112.68098 19.150 0.058
2112.68971 19.157 0.058
2112.69848 19.313 0.067
2112.70884 19.278 0.068
2112.71761 19.258 0.062
2112.72635 19.280 0.066
2112.73517 19.192 0.063
2112.74391 19.277 0.068
2112.75331 19.289 0.068
2113.51288 18.927 0.073
2113.52163 19.103 0.091
2113.53041 18.949 0.076
2113.53970 18.908 0.069
2113.54846 19.003 0.067
2113.55721 18.898 0.057
2113.56594 18.994 0.067
2113.57465 19.064 0.071
2113.58339 19.023 0.056
2113.59266 18.934 0.055
2113.60142 19.182 0.092
2113.61015 19.043 0.073
2113.61922 18.986 0.067
2113.62797 19.144 0.071
2113.63667 19.023 0.069
2113.64622 19.063 0.064
2113.65499 19.063 0.076
2113.71240 19.157 0.077
2113.72115 19.207 0.075
2113.72989 19.227 0.075
2113.73865 19.179 0.076
2113.74740 19.180 0.079
2113.75611 19.218 0.088
2113.76535 19.067 0.082
2113.77410 19.300 0.092
2114.69080 19.021 0.066
2114.69958 19.111 0.070
2114.70833 19.047 0.071
2114.71713 18.979 0.065
2114.72784 19.062 0.076
2114.73760 19.052 0.076
2114.74631 19.213 0.096
2114.75729 19.182 0.094
2114.76608 19.225 0.095
2114.77488 19.184 0.090
2114.79498 19.086 0.085
2115.55031 18.821 0.067
2115.55907 18.851 0.061
2115.56942 18.777 0.056
2115.58381 18.805 0.057
2115.59258 18.881 0.060
2115.60130 18.817 0.057
2115.61524 18.813 0.067
2115.62395 18.860 0.073
2115.63275 19.023 0.085
2115.64159 18.839 0.061
2115.65312 18.858 0.059
2115.66184 19.024 0.071
2115.67062 18.994 0.070
2115.67933 18.992 0.066
2115.68808 18.968 0.066
2115.69685 18.822 0.057
2115.73080 19.050 0.068
2115.74234 19.166 0.068
2116.50651 19.281 0.090
2116.51528 19.288 0.096
2116.55956 19.069 0.069
2116.56831 18.890 0.057
2116.58642 18.771 0.057
2116.59806 18.715 0.044
2116.60740 18.705 0.041
2116.61613 18.738 0.044
2116.62494 18.810 0.049
2116.63370 18.773 0.047
2116.65382 18.768 0.045
2116.66253 18.863 0.048
2116.67131 18.928 0.050
2116.68007 18.917 0.054
2116.68882 18.869 0.048
2116.69755 18.921 0.051
2116.70751 18.858 0.052
2116.71627 18.919 0.054
2116.72506 18.966 0.056
2116.73380 18.868 0.055
2116.74253 18.889 0.062
2116.75461 18.974 0.063
2116.76340 18.979 0.068
2117.48725 19.142 0.062
2117.49606 19.212 0.064
2117.50525 19.147 0.058
2117.51396 19.050 0.051
2117.52271 19.129 0.056
2117.55409 19.150 0.059
2117.56282 19.268 0.067
2117.57157 19.337 0.072
2117.58101 19.293 0.069
2117.58977 19.326 0.069
2117.59852 19.289 0.063
2117.61055 19.256 0.059
2117.61931 19.288 0.062
2117.62807 19.106 0.053
2117.63688 19.048 0.051
2117.64561 18.903 0.047
2117.65439 18.807 0.047
2117.66355 18.818 0.048
2117.67237 18.754 0.055
2117.68112 18.794 0.048
2117.68991 18.677 0.050
2117.69867 18.761 0.048
2117.70902 18.793 0.049
2117.71777 18.778 0.048
2117.72652 18.809 0.050
2117.73529 18.768 0.051
2117.74403 18.801 0.053
2117.75272 18.850 0.058
2118.49489 19.144 0.070
2118.50365 19.129 0.065
2118.51242 19.111 0.069
2118.52121 19.187 0.073
2118.64024 19.232 0.059
2118.65295 19.245 0.062
2118.66171 19.371 0.068
2118.67049 19.312 0.069
2118.67924 19.302 0.077
2118.68799 19.234 0.067
2118.69675 19.116 0.063
2118.70692 19.288 0.066
2118.71565 18.990 0.057
2118.72441 18.873 0.052
2118.73321 18.962 0.058
2125.63682 19.208 0.123
2128.56705 18.881 0.047
2131.56377 19.180 0.058
2134.66675 19.068 0.076
2138.54419 19.091 0.069
2143.51767 19.263 0.100
2155.64420 18.973 0.106
2156.48328 18.951 0.066
2158.49164 19.189 0.062
2158.53461 19.244 0.067
2162.50112 18.798 0.057
2168.53590 18.838 0.069
2173.49387 19.056 0.094
2184.49712 19.127 0.115
2194.55176 19.049 0.076
2321.87019 19.044 0.082
2324.87230 18.823 0.053
2341.82879 19.055 0.085
2350.84190 18.947 0.052
2358.88135 18.829 0.056
2370.80960 18.915 0.062
2381.80499 19.165 0.066
2384.78749 18.862 0.052
2388.84731 19.149 0.065
2391.68985 19.091 0.110
2400.68770 19.189 0.081
2402.80267 19.191 0.069
2404.83958 18.967 0.052
2414.60114 18.958 0.096
2414.61026 19.175 0.114
2414.61966 19.266 0.103
2414.63051 18.954 0.085
2414.64075 19.068 0.096
2414.65895 19.182 0.094
2414.66939 19.007 0.089
2414.67833 19.107 0.084
2414.68729 19.051 0.071
2414.69635 19.163 0.072
2414.70973 19.109 0.069
2414.72089 19.137 0.063
2414.73163 19.256 0.067
2414.74051 19.138 0.059
2414.74957 19.232 0.064
2414.75861 19.184 0.060
2414.76761 19.240 0.067
2414.77468 19.141 0.062
2414.78359 19.154 0.066
2414.79318 19.155 0.064
2414.80206 19.204 0.074
2414.81130 19.161 0.079
2414.82196 19.332 0.081
2414.83112 19.256 0.080
2414.84152 19.296 0.073
2414.85062 19.238 0.065
2414.85854 19.368 0.075
2414.86843 19.315 0.074
2414.87750 19.229 0.075
2414.88637 19.142 0.072
2414.89911 19.003 0.071
2414.91050 18.910 0.066
2414.92833 18.771 0.074
2414.93245 18.881 0.071
2414.93571 18.817 0.069
2414.93936 18.795 0.079
2415.72058 19.188 0.089
2416.74275 19.035 0.061
2417.59416 19.049 0.112
2417.61864 18.833 0.088
2417.63944 18.651 0.064
2417.64895 18.714 0.059
2417.65788 18.788 0.062
2417.66801 18.753 0.059
2417.67719 18.845 0.067
2417.68690 18.827 0.068
2417.69591 18.829 0.063
2417.70656 18.919 0.066
2417.71834 18.846 0.062
2417.72735 18.908 0.061
2417.73632 18.906 0.063
2417.74846 18.848 0.059
2417.75736 19.029 0.075
2417.76685 18.870 0.066
2417.77609 18.918 0.064
2417.78508 18.994 0.065
2417.79456 18.926 0.071
2417.80393 18.981 0.075
2417.81463 19.035 0.075
2417.82346 19.046 0.072
2417.83232 19.038 0.074
2417.84120 19.046 0.069
2417.85268 19.067 0.073
2417.86163 19.084 0.070
2417.87075 19.097 0.071
2417.88301 19.035 0.065
2417.89203 19.118 0.077
2417.91857 19.176 0.101
2417.92197 19.097 0.115
2424.76068 18.866 0.116
2426.57757 19.060 0.094
2426.59343 19.133 0.068
2426.60264 19.135 0.082
2426.61593 19.064 0.069
2426.62504 19.083 0.070
2426.63397 19.208 0.084
2426.64427 19.184 0.078
2426.65339 19.182 0.072
2426.66260 19.225 0.071
2426.67194 19.185 0.072
2426.68175 19.224 0.074
2426.69063 19.211 0.074
2426.70066 19.245 0.066
2426.71069 19.314 0.073
2426.71985 19.230 0.096
2431.80628 18.988 0.058
2433.73344 19.278 0.073
2434.80649 19.230 0.061
2436.57924 18.861 0.057
2438.61141 19.276 0.077
2440.59264 19.152 0.066
2442.61073 19.027 0.063
2444.70336 18.898 0.063
2446.63790 19.171 0.074
2448.52439 19.027 0.156
2448.54209 18.960 0.146
2448.55101 19.018 0.158
2448.55993 19.165 0.168
2448.57055 19.123 0.196
2448.57749 19.146 0.199
2448.58634 18.982 0.141
2448.59540 18.851 0.177
2448.60443 19.395 0.272
2448.61341 18.959 0.177
2448.62353 18.884 0.160
2448.63245 18.986 0.174
2448.64146 18.881 0.162
2448.65030 19.078 0.186
2448.66042 19.040 0.091
2448.66940 19.104 0.078
2448.67825 19.248 0.182
2448.68709 18.861 0.115
2448.69719 19.180 0.103
2448.70601 19.272 0.249
2448.71735 19.079 0.247
2448.72641 19.333 0.314
2448.74441 18.793 0.209
2448.76517 19.187 0.300
2448.79362 19.016 0.300
2453.73371 19.205 0.093
2454.52468 18.874 0.074
2454.54857 19.161 0.073
2454.55753 19.126 0.065
2454.56649 19.133 0.061
2454.57719 19.142 0.061
2454.58607 19.070 0.058
2454.59489 19.081 0.055
2454.60383 19.069 0.063
2454.61282 19.140 0.067
2454.63062 19.122 0.078
2454.63966 19.186 0.070
2454.64861 19.229 0.070
2454.65908 19.145 0.065
2454.66821 19.179 0.067
2454.67707 19.109 0.074
2454.68680 19.224 0.072
2454.69653 19.263 0.072
2454.70534 19.122 0.062
2454.71600 19.205 0.061
2454.72492 19.216 0.066
2454.73382 19.146 0.076
2454.74292 19.221 0.079
2454.75346 19.235 0.077
2454.76228 19.251 0.085
2454.77109 19.560 0.143
2454.78464 19.655 0.177
2458.73095 18.922 0.056
2462.71975 19.136 0.051
2463.81682 19.068 0.056
2465.46506 19.182 0.131
2465.47403 19.238 0.107
2465.48323 19.259 0.099
2465.49219 19.102 0.091
2465.50123 19.185 0.080
2465.52029 19.172 0.072
2465.52943 19.216 0.078
2465.53950 19.381 0.085
2465.54849 19.274 0.073
2465.55750 19.403 0.078
2465.56646 19.314 0.072
2465.58092 19.283 0.065
2465.58996 19.282 0.072
2465.59921 19.205 0.063
2465.60827 19.123 0.055
2465.61861 18.966 0.051
2465.62822 18.938 0.047
2465.63796 18.802 0.042
2465.64795 18.776 0.039
2465.65723 18.728 0.042
2465.66613 18.738 0.040
2465.67597 18.804 0.044
2465.68492 18.823 0.041
2465.69394 18.786 0.041
2465.70298 18.828 0.045
2465.71217 18.826 0.042
2465.72139 18.834 0.043
2465.73042 18.853 0.048
2465.74066 18.848 0.043
2465.74963 18.868 0.045
2465.75867 18.906 0.047
2465.76553 18.893 0.065
2465.77452 18.969 0.071
2465.78593 18.892 0.065
2465.79477 18.834 0.066
2465.80367 19.009 0.067
2465.81278 19.031 0.081
2465.82251 19.090 0.091
2465.83147 19.103 0.082
2465.84248 18.979 0.076
2466.74680 18.746 0.060
2468.46189 19.040 0.142
2470.46218 19.160 0.142
2470.47159 19.054 0.095
2470.48048 18.969 0.081
2470.49118 18.847 0.085
2470.50450 18.781 0.061
2470.51117 18.754 0.065
2470.52037 18.815 0.056
2470.53036 18.743 0.051
2470.53943 18.812 0.058
2470.54885 18.838 0.051
2470.55772 18.832 0.051
2470.57682 18.841 0.048
2470.58566 18.896 0.051
2470.59471 18.900 0.053
2470.60381 18.862 0.055
2470.61281 18.938 0.054
2470.62319 19.018 0.056
2470.63210 19.027 0.058
2470.64490 18.959 0.050
2470.66016 18.985 0.050
2470.66917 18.938 0.052
2470.67802 19.056 0.053
2470.68699 19.046 0.051
2470.69891 19.018 0.048
2470.70799 19.118 0.053
2470.71789 19.133 0.055
2470.72671 19.065 0.054
2470.73628 19.095 0.054
2470.74526 19.031 0.060
2470.75439 19.075 0.061
2470.76331 19.014 0.057
2470.77287 19.072 0.059
2470.78205 19.091 0.061
2470.79136 19.114 0.069
2470.80406 19.101 0.067
2470.81323 19.043 0.069
2470.82245 19.007 0.078
2474.46247 19.092 0.106
2474.47380 19.109 0.108
2474.48269 19.000 0.162
2474.61134 19.166 0.069
2474.62067 19.130 0.058
2474.62972 19.089 0.060
2474.63908 19.176 0.065
2474.64919 19.204 0.064
2474.65834 19.128 0.061
2474.66747 19.121 0.065
2474.67784 19.207 0.070
2474.68692 19.141 0.066
2474.69752 19.116 0.060
2474.70637 19.271 0.088
2482.61915 19.078 0.079
2485.62915 18.765 0.057
2489.70001 19.107 0.059
2492.64469 18.787 0.047
2494.69903 19.289 0.076
2497.50157 18.816 0.052
2499.53738 19.281 0.068
2501.56513 19.186 0.062
2503.48859 19.089 0.186
2511.54530 18.818 0.067
2521.51374 19.159 0.067
2526.54389 19.338 0.078
2537.47505 18.942 0.122
2540.49166 19.213 0.106
2546.50226 19.443 0.123
2550.48040 19.092 0.132
2554.55539 19.336 0.091
2558.49192 18.925 0.088
2565.48480 18.969 0.162
2693.88926 18.749 0.059
2698.88723 18.978 0.059
2711.87027 19.051 0.056
2721.86303 18.872 0.176
2721.87771 18.855 0.162
2721.90102 18.839 0.113
2721.91165 18.673 0.101
2721.92050 19.030 0.176
2730.89105 19.257 0.071
2743.76745 19.112 0.065
2748.78598 19.281 0.098
2755.77588 19.290 0.067
2758.92729 19.172 0.094
2765.78399 19.031 0.060
2769.76862 18.986 0.070
2782.70485 19.195 0.076
2784.69609 19.175 0.054
2786.58164 19.399 0.146
2788.68346 19.202 0.061
2790.78856 19.324 0.081
2794.55196 19.103 0.122
2796.56046 19.151 0.067
2802.55533 19.039 0.137
2808.62355 19.254 0.080
2810.56612 18.951 0.068
2812.56799 18.829 0.065
2813.81172 19.070 0.064
2815.59032 19.201 0.069
2816.65576 19.155 0.058
2817.77043 19.215 0.074
2818.66527 19.035 0.060
2819.75935 19.077 0.076
2821.65763 19.252 0.079
2826.64829 18.921 0.065
2830.77849 19.349 0.129
2835.47491 19.080 0.106
2837.49370 19.128 0.094
2838.72418 19.151 0.068
2840.49577 19.348 0.100
2842.53224 19.218 0.088
2844.60836 19.032 0.052
2848.53607 19.276 0.142
2851.53080 18.945 0.058
2853.52865 18.949 0.066
2853.54060 18.781 0.059
2853.57767 18.806 0.048
2854.47799 19.187 0.100
2854.49041 19.293 0.107
2854.51895 19.278 0.090
2854.53985 19.429 0.094
2854.56145 19.289 0.077
2854.58118 19.128 0.071
2854.61779 18.872 0.074
2854.63296 18.808 0.062
2854.64531 18.856 0.055
2854.66402 18.779 0.060
2854.68446 18.809 0.061
2854.70532 18.949 0.085
2854.72477 18.974 0.082
2854.73730 18.955 0.082
2854.75157 19.027 0.091
2854.78219 18.994 0.104
2855.52631 19.290 0.117
2855.54818 19.217 0.089
2855.57011 19.254 0.095
2855.60741 19.299 0.112
2855.65903 19.272 0.117
2856.49445 19.188 0.094
2856.58183 19.221 0.080
2856.66539 19.285 0.086
2857.48826 19.191 0.104
2857.71452 19.276 0.086
2858.46566 18.918 0.122
2862.49084 19.288 0.129
2864.49781 19.170 0.112
2865.55629 18.913 0.056
2865.58847 19.080 0.062
2866.64757 18.977 0.069
2867.65300 18.906 0.059
2868.51132 19.188 0.071
2869.58563 19.178 0.070
2871.47390 18.906 0.069
2875.61249 19.192 0.089
2877.64804 19.171 0.069
2879.55036 18.935 0.058
2884.47335 18.953 0.103
2892.50218 18.941 0.081
2896.57802 19.281 0.077
2899.60146 18.886 0.056
2905.54135 19.053 0.092
2909.51216 19.325 0.100
2912.53477 19.106 0.078
2921.59534 18.991 0.116
2926.56257 18.870 0.064
3040.88078 18.959 0.089
3044.85536 19.138 0.108
3046.86528 18.971 0.082
3047.85403 18.938 0.064
3055.87169 18.781 0.050
3058.88993 19.297 0.076
3064.81044 19.262 0.112
3067.88390 18.960 0.048
3070.84543 19.258 0.101
3073.80092 18.943 0.065
3075.83947 18.737 0.055
3079.88409 19.155 0.100
3082.85735 18.858 0.048
3084.89668 19.244 0.059
3086.82903 18.995 0.047
3088.78653 18.830 0.039
3089.89577 18.894 0.050
3091.81595 19.047 0.057
3096.85406 18.859 0.060
3098.83457 19.202 0.061
3100.79506 18.992 0.061
3101.90156 19.059 0.064
3103.76632 19.292 0.078
3104.88084 19.479 0.207
3108.75891 18.832 0.047
3109.79382 18.858 0.050
3110.82546 19.295 0.068
3111.85665 19.331 0.077
3112.77429 19.104 0.055
3113.86407 19.178 0.059
3114.77560 18.890 0.048
3115.85666 18.897 0.049
3116.91449 18.893 0.057
3118.91822 19.175 0.070
3122.90162 18.994 0.068
3125.86188 19.218 0.084
3126.88748 19.257 0.073
3127.79298 18.986 0.063
3128.81136 18.861 0.051
3130.68937 19.169 0.090
3135.85426 18.982 0.052
3137.92972 18.960 0.062
3138.69243 19.199 0.080
3139.86373 19.212 0.055
3140.86946 19.217 0.065
3142.75778 18.831 0.045
3144.77868 19.325 0.070
3146.77847 19.179 0.070
3151.74126 19.293 0.080
3151.89394 18.729 0.057
3152.74455 19.198 0.071
3153.74930 18.974 0.069
3154.81079 19.119 0.081
3156.83051 18.850 0.057
3158.90120 18.816 0.100
3162.80550 18.954 0.063
3163.61482 19.286 0.069
3164.72710 19.297 0.075
3165.74794 19.223 0.058
3166.89306 19.283 0.122
3167.74593 19.093 0.067
3168.74111 18.982 0.057
3169.71700 18.798 0.048
3170.79455 18.813 0.040
3171.81721 18.870 0.042
3172.74423 19.222 0.056
3174.70053 19.003 0.047
3175.71047 18.898 0.041
3178.77418 19.269 0.065
3179.78392 19.158 0.061
3180.71227 19.098 0.045
3182.76372 18.984 0.053
3183.73236 18.759 0.050
3184.69020 19.264 0.057
3185.74282 19.345 0.090
3193.52836 18.846 0.057
3194.58705 18.795 0.065
3195.63433 18.842 0.040
3195.79202 19.048 0.051
3196.53745 19.135 0.075
3197.50497 19.202 0.066
3199.61473 19.109 0.069
3201.50657 18.801 0.056
3202.56101 19.000 0.055
3203.65048 18.993 0.050
3204.64375 19.317 0.058
3205.76688 19.324 0.069
3206.70935 19.154 0.060
3207.65791 19.122 0.072
3209.70296 18.786 0.053
3210.53672 19.120 0.088
3210.64614 19.023 0.061
3210.73364 18.889 0.069
3211.48856 19.246 0.081
3211.57520 19.122 0.070
3211.69245 19.340 0.084
3217.46637 19.202 0.104
3217.64378 19.290 0.078
3218.64209 19.150 0.088
3223.64335 18.883 0.074
3224.68887 18.867 0.052
3226.60618 19.225 0.084
3228.59258 18.913 0.048
3229.62508 18.806 0.043
3230.65867 18.849 0.047
3231.56199 19.193 0.070
3232.58990 19.275 0.092
3238.65420 19.266 0.084
3239.68974 19.040 0.076
3240.67085 19.106 0.097
3245.54564 19.185 0.075
3246.64934 19.077 0.078
3247.61549 19.123 0.078
3249.51743 18.870 0.059
3250.65018 18.946 0.075
3253.51445 19.026 0.070
3256.62725 18.824 0.064
3259.61406 19.117 0.080
3264.52422 19.373 0.097
3267.52331 18.913 0.064
3272.57873 19.155 0.090
3275.56167 18.761 0.067
3278.59060 19.549 0.135
3281.58952 19.040 0.060
3288.53718 19.081 0.059
3293.50776 18.938 0.050
3295.51795 19.051 0.054
3314.50671 19.347 0.162
3408.88185 19.114 0.069
3410.87793 18.888 0.059
3413.88277 19.474 0.102
3421.88901 19.140 0.049
3422.85895 18.951 0.061
3426.85454 19.064 0.062
3429.82767 18.775 0.061
3432.87996 19.044 0.092
3442.88236 18.996 0.049
3445.79519 19.279 0.057
3447.84580 19.149 0.061
3449.85843 18.930 0.045
3452.87903 19.059 0.045
3455.81331 18.895 0.065
3457.84678 18.935 0.050
3459.84196 19.316 0.077
3467.87187 19.212 0.053
3469.77775 18.930 0.041
3470.79072 18.862 0.042
3472.75314 19.261 0.063
3473.77293 19.283 0.065
3474.76957 19.192 0.065
3475.79515 18.976 0.045
3477.75700 18.727 0.039
3479.75583 19.190 0.048
3480.71598 19.065 0.047
3481.73390 18.960 0.057
3482.67623 18.990 0.066
3496.71345 18.824 0.048
3497.78498 18.920 0.064
3498.90661 19.054 0.055
3499.85612 18.712 0.035
3500.72233 19.109 0.057
3501.81875 19.002 0.055
3502.71460 19.046 0.045
3503.68379 18.786 0.038
3504.69854 18.794 0.048
3506.74234 19.177 0.056
3508.74653 19.144 0.064
3509.72500 19.056 0.050
3510.79482 18.936 0.049
3511.83394 18.977 0.053
3512.70311 19.382 0.093
3517.67944 18.970 0.087
3520.75467 19.267 0.076
3521.71188 19.141 0.054
3522.73992 19.115 0.047
3522.93112 19.293 0.086
3523.74441 18.980 0.036
3524.88960 18.968 0.065
3525.74278 18.847 0.039
3526.74625 19.216 0.061
3528.66711 18.991 0.048
3529.68946 18.984 0.038
3530.60453 18.735 0.034
3537.73536 18.933 0.048
3538.60666 19.314 0.066
3539.60989 19.005 0.062
3540.64718 19.107 0.059
3544.72217 18.893 0.053
3546.84126 18.774 0.071
3547.80554 19.277 0.092
3549.84801 18.993 0.075
3550.62918 18.957 0.058
3551.62841 19.237 0.052
3552.66286 19.313 0.063
3553.71453 19.296 0.087
3554.64982 19.038 0.076
3555.66194 19.109 0.059
3556.66970 19.063 0.053
3558.52450 19.222 0.073
3558.82324 18.840 0.054
3559.69317 19.411 0.077
3560.59450 19.130 0.049
3561.54228 19.088 0.060
3562.58293 18.998 0.061
3563.63361 18.817 0.036
3564.57139 18.931 0.056
3572.81223 18.851 0.085
3573.64318 19.094 0.076
3574.68309 19.151 0.062
3575.53058 19.014 0.047
3575.76719 19.052 0.061
3576.47399 18.699 0.044
3576.50563 18.733 0.040
3576.52929 18.800 0.039
3576.53553 18.888 0.041
3576.56937 18.971 0.048
3576.59549 19.047 0.066
3576.62253 18.997 0.053
3576.65195 19.097 0.058
3576.68449 19.019 0.061
3576.73632 19.044 0.062
3577.52434 19.003 0.047
3577.58460 18.762 0.042
3577.63169 18.860 0.044
3577.70998 19.122 0.058
3578.47803 19.120 0.056
3578.55518 19.213 0.056
3578.66918 18.791 0.040
3579.61462 19.233 0.056
3580.47338 19.128 0.069
3580.61533 19.058 0.054
3580.64784 19.172 0.057
3580.73281 19.357 0.110
3580.77667 18.741 0.075
3581.48375 19.138 0.067
3581.55874 18.958 0.055
3581.66775 19.197 0.052
3581.75638 19.509 0.127
3582.46531 18.759 0.085
3582.58673 18.939 0.039
3582.63955 19.118 0.057
3583.46339 18.984 0.106
3583.63000 18.930 0.045
3583.74987 18.836 0.068
3583.76998 18.938 0.074
3584.63869 18.868 0.038
3584.75330 19.022 0.057
3585.62900 18.800 0.038
3586.71410 18.800 0.037
3589.66765 19.078 0.043
3590.65160 18.924 0.042
3591.67514 18.968 0.043
3592.75108 18.909 0.054
3593.74208 18.793 0.056
3594.70429 19.247 0.073
3601.65283 19.142 0.071
3602.61344 19.126 0.063
3603.63343 19.117 0.066
3607.63181 19.158 0.057
3608.64715 19.144 0.065
3609.62771 19.209 0.067
3615.57495 19.013 0.049
3618.57656 18.809 0.054
3620.53972 19.110 0.045
3622.51763 19.044 0.065
3628.59381 19.224 0.097
3630.53314 19.209 0.108
3632.58328 18.629 0.051
3634.48385 19.127 0.074
3639.54274 19.175 0.053
3641.54118 19.019 0.079
3644.50148 18.886 0.066
3648.53330 19.096 0.068
3650.58738 19.143 0.080
3654.53737 19.263 0.110
3656.51861 19.104 0.085
3658.55044 19.004 0.109
3660.52305 19.248 0.101
3664.49986 18.976 0.067
3669.52773 19.219 0.113
3675.50517 19.044 0.115
3776.86388 19.149 0.078
3782.84860 19.225 0.093
3784.87392 19.017 0.058
3786.89348 18.616 0.053
3788.84275 19.154 0.070
3790.88652 19.086 0.077
3793.85379 18.944 0.051
3795.84037 19.282 0.101
3798.80442 18.875 0.053
3799.80466 18.721 0.068
3800.82351 19.122 0.075
3801.88301 19.221 0.075
3802.84859 19.168 0.069
3803.88390 19.160 0.062
3805.80025 18.909 0.059
3806.76661 19.206 0.080
3807.78573 19.259 0.107
3808.79336 19.214 0.079
3809.87847 19.113 0.069
3810.84513 19.114 0.067
3811.83671 18.983 0.058
3812.83280 18.698 0.057
3813.82275 18.910 0.051
3814.82463 19.239 0.072
3817.85617 19.168 0.066
3818.88525 19.025 0.053
3819.80297 18.797 0.036
3820.76961 19.285 0.065
3821.77275 19.099 0.056
3822.81214 19.173 0.071
3823.77512 19.082 0.065
3824.73849 18.993 0.065
3825.80335 18.820 0.056
3826.73188 19.393 0.074
3827.79966 19.341 0.066
3828.73548 19.409 0.116
3829.75931 19.136 0.064
3830.69838 18.911 0.064
3832.71309 18.841 0.054
3833.75941 19.073 0.053
3834.73841 19.168 0.071
3834.90943 18.766 0.048
3835.73421 19.138 0.069
3836.76245 19.138 0.080
3837.72981 19.005 0.062
3837.90155 19.147 0.059
3838.74155 18.931 0.070
3838.90888 19.320 0.096
3839.73736 18.681 0.059
3840.70334 19.290 0.099
3840.90827 18.794 0.049
3841.74188 19.119 0.073
3841.89247 18.714 0.051
3842.84379 19.197 0.067
3845.71737 19.055 0.108
3845.90517 18.807 0.072
3846.72807 18.912 0.048
3846.91239 19.019 0.055
3847.79422 18.916 0.069
3848.74917 19.144 0.066
3848.92861 18.847 0.079
3849.74825 19.203 0.065
3850.69229 19.002 0.052
3850.86400 19.141 0.060
3851.70743 19.101 0.086
3851.87228 18.965 0.055
3851.91844 19.121 0.067
3852.69601 18.789 0.058
3852.86638 19.010 0.060
3853.68444 19.329 0.067
3853.85277 18.875 0.039
3853.92352 19.008 0.047
3854.74827 19.220 0.062
3856.67448 19.136 0.060
3856.84124 19.148 0.063
3857.91215 19.229 0.065
3858.76087 18.846 0.038
3859.79907 18.842 0.043
3860.66753 19.238 0.078
3860.90742 18.971 0.068
3861.66497 19.128 0.066
3861.77023 19.218 0.061
3861.93348 18.799 0.053
3862.69836 19.208 0.061
3862.86233 19.291 0.066
3863.63379 19.073 0.071
3863.85142 19.206 0.056
3863.93072 19.340 0.076
3864.67432 18.875 0.054
3864.86432 19.074 0.045
3865.68511 18.846 0.052
3865.82060 18.881 0.048
3865.89859 19.152 0.054
3866.68353 18.967 0.050
3866.82304 18.861 0.051
3866.90194 18.991 0.055
3867.62645 19.049 0.081
3867.81208 18.708 0.048
3867.88514 18.939 0.055
3868.70952 19.307 0.092
3868.85477 18.802 0.060
3869.68929 19.136 0.078
3869.87029 19.331 0.104
3872.88665 18.934 0.054
3873.64160 19.345 0.078
3873.78430 18.771 0.047
3873.85707 19.088 0.063
3873.92662 19.107 0.069
3874.74127 19.212 0.078
3875.65497 19.075 0.044
3875.80246 19.228 0.056
3875.90137 18.738 0.043
3876.63222 19.034 0.048
3877.63034 18.996 0.048
3877.78104 19.079 0.051
3877.85555 19.230 0.060
3877.94175 19.246 0.144
3879.66177 18.752 0.035
3880.83117 18.889 0.056
3880.90999 18.923 0.055
3881.66036 19.069 0.061
3881.87189 18.779 0.040
3881.91865 18.889 0.050
3882.74867 19.088 0.062
3882.82290 19.303 0.071
3882.89179 18.661 0.041
3883.63808 19.231 0.087
3883.83290 19.233 0.061
3886.60016 19.304 0.076
3886.79289 18.897 0.042
3886.86476 18.991 0.056
3887.57346 19.069 0.069
3887.77601 18.797 0.041
3887.87567 19.047 0.059
3889.65596 19.130 0.061
3889.93422 18.717 0.052
3890.63145 18.922 0.051
3891.66555 19.070 0.056
3891.79383 19.093 0.076
3891.87580 19.123 0.069
3892.56716 18.997 0.080
3893.61656 19.339 0.090
3893.85840 18.842 0.061
3894.66979 19.387 0.102
3896.60739 18.950 0.086
3900.52871 19.286 0.119
3900.71437 18.870 0.096
3900.79371 19.015 0.062
3900.86232 18.952 0.062
3901.53883 19.185 0.075
3901.72014 19.303 0.076
3901.79741 18.723 0.051
3901.86635 18.888 0.064
3902.55896 19.051 0.061
3902.74101 19.281 0.066
3902.85520 18.721 0.053
3903.64917 18.982 0.063
3903.89484 18.985 0.079
3904.54975 18.806 0.042
3904.71284 19.031 0.050
3904.78181 19.170 0.055
3904.88405 19.218 0.073
3905.54658 18.874 0.052
3905.72317 18.986 0.043
3905.79327 19.086 0.047
3905.86181 19.112 0.062
3906.56110 19.257 0.076
3906.70090 18.816 0.043
3906.77404 18.877 0.050
3906.85326 19.073 0.070
3907.59185 19.257 0.070
3907.77409 18.878 0.063
3907.85863 18.971 0.086
3908.52688 18.976 0.062
3908.71359 19.278 0.071
3908.79365 18.674 0.038
3908.87327 18.840 0.055
3908.88482 18.829 0.052
3909.52970 19.004 0.067
3909.71251 19.250 0.050
3909.80300 19.162 0.051
3909.87925 18.693 0.048
3910.55917 19.008 0.072
3912.52899 19.138 0.050
3912.71629 18.961 0.038
3912.81018 19.035 0.047
3913.52043 19.215 0.057
3913.72582 18.956 0.054
3913.81478 19.021 0.051
3914.54418 19.179 0.072
3914.78539 18.964 0.054
3915.52197 19.141 0.071
3915.72396 19.278 0.060
3915.82214 18.718 0.039
3916.56066 18.992 0.072
3916.80451 19.258 0.089
3917.54833 18.924 0.059
3917.81506 19.249 0.088
3918.81282 19.011 0.067
3919.53957 19.288 0.089
3919.74957 18.828 0.040
3920.50727 19.135 0.069
3920.70334 18.805 0.049
3920.78874 18.984 0.047
3921.50345 19.166 0.073
3921.70269 19.123 0.096
3921.71716 18.947 0.077
3922.70712 19.507 0.106
3930.52818 19.082 0.058
3930.78216 19.183 0.088
3931.49269 18.757 0.056
3931.80961 19.068 0.097
3932.52357 18.729 0.043
3932.79533 19.059 0.077
3933.51006 19.242 0.071
3933.69445 18.868 0.043
3933.76643 18.928 0.049
3934.48388 19.169 0.062
3934.65393 18.968 0.044
3934.72375 18.715 0.034
3935.53380 19.108 0.065
3935.70508 19.220 0.077
3935.80267 18.775 0.055
3936.48720 19.000 0.065
3936.65264 19.176 0.065
3936.72903 19.123 0.070
3937.55147 19.123 0.084
3938.49489 18.839 0.065
3938.68585 18.866 0.056
3938.79512 19.215 0.086
3940.57518 19.236 0.054
3941.69619 18.788 0.055
3944.54750 18.800 0.050
3944.74786 19.258 0.070
3945.50886 18.822 0.053
3945.77570 18.962 0.065
3946.50661 19.179 0.089
3946.69878 18.912 0.048
3950.51554 18.986 0.055
3950.73056 19.077 0.062
3951.50824 18.893 0.060
3951.73952 19.139 0.093
3955.68501 19.261 0.189
3956.56076 19.120 0.097
3957.49986 19.026 0.076
3958.57061 18.880 0.054
3959.50341 18.685 0.051
3959.67785 18.938 0.059
3960.49270 19.334 0.069
3960.67174 18.850 0.042
3961.56400 19.093 0.076
3963.52530 18.962 0.055
3963.70267 19.140 0.065
3964.52039 18.991 0.050
3964.72529 19.123 0.063
3965.50484 18.860 0.042
3965.69614 19.104 0.054
3966.48002 19.016 0.064
3966.68176 19.108 0.069
3967.51439 19.475 0.105
3967.70721 18.806 0.052
3968.49247 19.128 0.073
3968.66241 18.749 0.044
3969.47414 19.199 0.084
3969.67478 19.414 0.082
3970.50321 19.016 0.067
3970.68177 19.205 0.066
3971.54714 19.088 0.074
3973.56523 18.775 0.053
3974.50258 19.302 0.082
3974.68136 18.742 0.062
3975.50549 19.181 0.066
3975.67737 18.799 0.057
3976.50002 19.083 0.057
3976.67603 19.291 0.095
3979.50230 18.634 0.085
3982.56293 19.032 0.065
3983.51661 19.174 0.129
3986.57735 18.941 0.075
3987.49973 19.250 0.079
3988.50553 19.145 0.060
3989.52320 19.182 0.077
3990.54007 19.097 0.073
3991.49582 19.005 0.072
3993.54752 18.835 0.058
3994.55816 18.844 0.064
3995.56575 19.276 0.065
3999.58099 18.971 0.067
4002.48924 18.943 0.053
4003.48671 19.057 0.059
4004.52089 19.160 0.063
4006.51381 18.835 0.056
4012.49369 18.949 0.070
4016.50936 19.351 0.103
4018.54560 19.318 0.108
4020.53238 19.114 0.081
4023.53270 19.318 0.114
4025.55212 18.830 0.062
4027.55814 18.837 0.073
4030.54927 19.207 0.094
4038.49695 19.287 0.159
4040.51131 18.872 0.091
4041.49353 19.070 0.152
4043.50374 19.538 0.181
4141.87150 18.766 0.056
4143.88868 19.275 0.128
4150.88669 19.309 0.090
4153.87460 18.948 0.061
4156.85304 19.318 0.094
4158.87261 19.176 0.071
4161.84059 18.740 0.059
4163.82343 19.137 0.089
4165.80480 19.134 0.112
4168.79813 18.944 0.067
4170.79398 19.087 0.126
4175.78462 19.248 0.085
4176.89600 18.923 0.051
4178.79973 19.088 0.066
4179.84407 19.062 0.060
4181.78041 18.752 0.058
4182.82543 18.934 0.050
4183.86156 19.309 0.084
4184.90217 19.181 0.055
4189.81336 19.368 0.112
4191.80246 19.113 0.094
4193.73681 19.015 0.110
4194.78234 18.930 0.062
4196.77248 19.259 0.098
4202.75398 19.326 0.075
4203.74198 19.156 0.058
4204.73427 19.165 0.074
4204.91660 19.364 0.076
4205.73080 18.972 0.062
4207.72026 18.796 0.057
4208.74233 18.808 0.049
4211.78649 19.248 0.085
4212.86368 19.185 0.092
4213.70688 19.013 0.074
4213.91044 19.092 0.059
4215.73959 18.976 0.059
4216.69737 19.114 0.077
4216.92176 18.875 0.061
4217.70481 19.137 0.066
4217.90843 18.854 0.041
4218.75443 19.256 0.100
4219.75258 19.085 0.076
4220.69458 18.845 0.065
4222.66330 19.239 0.122
4222.91079 18.910 0.071
4224.77952 19.092 0.082
4228.67496 19.047 0.071
4228.90853 19.139 0.088
4229.66860 19.268 0.097
4229.86559 18.919 0.055
4229.93276 19.025 0.071
4230.67833 19.140 0.063
4230.86638 18.818 0.054
4230.93125 18.846 0.077
4231.62065 19.099 0.086
4231.76485 19.160 0.075
4231.88907 19.306 0.093
4231.93217 18.835 0.069
4232.67273 19.076 0.098
4232.83373 19.155 0.107
4233.80450 19.032 0.077
4234.70615 18.893 0.059
4235.63422 19.212 0.073
4235.79542 18.895 0.047
4235.88783 19.012 0.057
4238.62007 19.197 0.109
4238.87252 19.320 0.095
4239.62101 18.882 0.068
4240.67422 18.879 0.047
4240.80858 19.035 0.061
4243.64003 19.222 0.088
4243.73272 19.317 0.075
4243.82647 18.735 0.055
4243.94389 18.849 0.109
4244.61240 19.055 0.087
4244.70861 19.117 0.064
4244.80142 19.263 0.074
4244.91326 18.776 0.059
4245.60547 19.147 0.074
4245.69937 19.103 0.054
4245.79521 19.192 0.056
4246.66378 18.953 0.056
4246.75668 19.078 0.070
4246.84997 19.270 0.090
4247.67899 18.898 0.057
4247.81687 19.059 0.056
4250.72715 19.383 0.093
4251.79870 19.218 0.178
4256.61483 19.196 0.101
4256.76085 18.768 0.072
4256.85866 18.932 0.099
4257.64651 19.334 0.104
4258.63030 19.091 0.079
4258.75282 19.127 0.072
4258.84690 19.331 0.093
4267.59089 18.854 0.071
4268.55408 19.693 0.162
4268.83697 18.967 0.060
4269.57333 19.303 0.085
4269.69385 18.915 0.050
4269.78310 18.953 0.060
4270.56684 19.203 0.084
4272.59518 19.005 0.057
4272.74435 19.213 0.063
4272.80358 19.227 0.073
4272.87511 19.440 0.132
4273.61232 18.908 0.070
4273.79297 19.059 0.091
4273.85287 19.098 0.088
4274.54497 18.854 0.067
4274.69728 18.964 0.062
4274.75985 19.067 0.061
4274.81825 19.414 0.117
4275.59741 19.277 0.074
4275.77274 18.938 0.071
4275.83122 18.928 0.080
4275.89255 19.211 0.154
4276.58216 19.309 0.094
4277.52596 19.048 0.085
4277.70155 19.270 0.073
4277.76157 19.097 0.086
4277.82020 18.910 0.088
4278.56317 19.031 0.100
4278.74704 19.187 0.105
4278.82606 19.260 0.132
4283.50538 19.080 0.093
4283.72571 18.921 0.074
4284.50036 19.107 0.086
4284.69050 19.293 0.092
4284.75326 19.277 0.075
4284.81220 18.826 0.066
4285.50341 19.070 0.104
4285.69153 19.217 0.087
4285.75798 19.161 0.069
4285.82331 19.313 0.095
4286.50313 18.776 0.066
4286.80030 19.084 0.111
4289.51092 19.244 0.101
4289.72949 18.856 0.063
4289.79460 18.848 0.064
4290.55726 19.259 0.101
4291.61985 19.286 0.084
4291.78255 19.190 0.096
4292.48553 18.931 0.058
4292.66468 19.169 0.061
4292.72329 19.193 0.063
4292.78183 19.208 0.069
4293.46379 18.709 0.076
4293.48584 18.859 0.055
4293.52666 18.848 0.051
4293.67020 19.164 0.068
4293.71043 19.097 0.055
4293.76923 19.187 0.069
4294.48500 19.130 0.078
4295.49211 19.335 0.092
4295.69012 18.902 0.045
4295.74874 18.942 0.047
4296.48907 19.229 0.092
4296.68177 18.815 0.047
4296.79993 18.977 0.059
4297.50870 19.046 0.075
4297.71029 19.238 0.062
4298.54358 19.238 0.095
4298.64932 19.168 0.072
4298.74890 19.310 0.093
4299.52661 18.891 0.054
4299.61958 19.094 0.060
4299.71180 19.160 0.060
4299.80254 19.296 0.099
4300.52226 18.867 0.054
4300.64236 19.015 0.052
4300.73786 19.057 0.060
4301.51313 18.929 0.058
4301.60891 18.836 0.043
4301.70750 19.005 0.056
4301.79987 19.084 0.058
4302.58611 19.088 0.070
4302.68583 18.934 0.057
4303.67135 19.049 0.072
4304.54623 19.098 0.092
4304.65633 19.170 0.094
4306.63020 19.084 0.081
4306.67096 19.189 0.094
4310.60943 19.318 0.131
4311.75808 19.165 0.132
4312.54171 19.161 0.094
4312.74016 19.162 0.076
4315.63268 18.932 0.081
4316.70587 18.827 0.054
4317.55392 19.107 0.059
4319.51120 19.105 0.077
4319.76604 19.125 0.085
4320.53802 18.938 0.055
4326.50525 19.003 0.059
4326.70244 19.190 0.080
4327.58349 18.925 0.078
4327.72477 19.137 0.097
4328.51025 18.790 0.066
4328.68829 19.074 0.078
4329.52041 19.368 0.091
4329.66830 18.844 0.060
4330.49120 19.296 0.082
4330.68444 18.733 0.050
4331.47127 19.154 0.138
4331.68012 19.315 0.101
4332.50104 19.010 0.060
4333.52212 18.968 0.068
4333.68329 19.092 0.072
4334.62373 18.705 0.129
4338.49538 19.166 0.090
4339.47272 18.949 0.102
4339.68913 19.200 0.121
4340.58777 19.126 0.087
4341.49604 18.869 0.077
4342.52524 18.940 0.068
4343.50109 19.214 0.058
4344.53225 19.315 0.120
4345.49714 19.096 0.058
4346.51016 18.964 0.068
4347.52487 18.969 0.068
4349.48608 19.621 0.132
4350.53316 19.303 0.074
4351.49905 19.278 0.079
4352.54961 19.162 0.091
4353.50297 18.971 0.058
4354.53167 18.971 0.057
4355.53329 18.870 0.064
4356.49967 19.385 0.079
4357.52873 19.175 0.095
4358.48524 19.129 0.093
4359.52932 19.082 0.077
4360.51675 19.020 0.093
4361.56211 19.048 0.101
4362.50384 18.705 0.060
4365.55468 19.233 0.117
4367.48077 18.948 0.069
4368.52437 18.956 0.079
4369.60376 18.827 0.090
4370.48168 19.274 0.114
4371.52685 19.243 0.073
4372.51141 19.177 0.065
4373.48710 19.120 0.107
4376.56349 18.866 0.088
4377.60074 18.817 0.074
4378.51127 19.243 0.079
4379.52631 19.309 0.117
4380.53781 19.207 0.080
4381.51649 18.955 0.089
4382.55819 18.887 0.077
4383.54959 18.773 0.063
4384.52374 19.381 0.109
4387.57497 19.047 0.078
4393.52361 19.042 0.065
4394.53896 19.012 0.073
4395.51035 18.928 0.075
4396.50237 18.728 0.085
4397.52669 19.191 0.098
4398.53159 19.192 0.100
4399.52425 19.216 0.119
4400.52633 19.225 0.138
4402.54274 18.804 0.084
4403.54182 18.828 0.091
4407.51774 19.235 0.113
4507.84838 19.091 0.086
4510.85351 18.822 0.058
4513.85463 19.235 0.075
4517.84808 19.106 0.116
4519.87471 19.203 0.077
4522.86861 19.042 0.093
4524.80451 19.273 0.095
4530.81211 18.900 0.051
4533.84572 19.180 0.078
4535.79914 18.972 0.074
4536.88837 18.929 0.053
4537.87402 18.866 0.045
4538.80916 19.235 0.088
4539.84720 19.297 0.073
4540.79336 19.131 0.064
4541.78610 19.037 0.063
4542.78076 19.047 0.075
4543.77630 18.773 0.052
4544.77321 19.374 0.111
4545.77948 19.310 0.097
4546.78666 19.138 0.072
4547.78063 19.138 0.075
4548.74964 18.799 0.081
4550.73460 19.402 0.138
4551.75217 19.177 0.079
4552.75373 18.981 0.181
4556.74983 18.924 0.054
4557.76711 19.069 0.062
4558.74405 19.141 0.061
4558.91381 18.842 0.045
4559.74196 19.220 0.068
4560.74206 19.056 0.062
4561.73209 18.983 0.055
4561.91830 19.187 0.070
4564.72231 19.255 0.071
4564.92279 18.953 0.063
4565.72039 19.160 0.057
4565.91123 18.766 0.038
4566.71987 19.168 0.058
4566.91623 19.294 0.067
4567.71285 18.973 0.059
4567.91871 19.223 0.071
4568.71873 19.095 0.071
4569.72775 18.890 0.059
4570.72116 18.997 0.075
4571.71582 19.390 0.114
4571.90437 18.901 0.052
4572.74329 19.284 0.084
4573.73167 19.133 0.076
4573.89804 19.195 0.060
4574.73405 19.315 0.088
4575.73956 18.926 0.061
4576.74968 18.935 0.061
4577.83137 18.850 0.059
4578.78242 19.562 0.141
4579.85930 19.197 0.085
4583.72612 18.899 0.070
4583.91225 19.083 0.057
4585.74985 19.270 0.092
4586.77502 19.267 0.089
4587.76273 19.170 0.087
4587.92132 19.290 0.103
4588.68523 18.933 0.068
4588.91611 19.282 0.074
4589.66814 18.775 0.058
4589.82356 19.090 0.062
4589.88557 19.032 0.072
4590.68773 18.804 0.059
4590.89340 18.966 0.060
4591.69943 19.350 0.091
4591.82431 18.853 0.050
4591.89143 18.805 0.052
4592.65800 19.044 0.070
4592.84732 18.919 0.079
4592.92564 18.796 0.058
4593.64716 18.928 0.075
4593.85688 19.242 0.080
4593.93905 18.843 0.096
4594.66821 19.104 0.072
4594.86320 19.265 0.079
4594.92873 19.111 0.080
4595.65774 18.942 0.056
4595.85212 19.203 0.068
4595.91400 19.119 0.070
4596.65293 18.683 0.051
4597.67739 19.144 0.072
4597.86891 18.981 0.061
4598.65367 19.221 0.059
4598.92234 18.858 0.058
4599.62609 19.125 0.093
4599.91666 18.756 0.061
4600.63538 19.084 0.058
4600.84411 19.243 0.070
4601.64098 18.974 0.059
4601.85719 19.058 0.055
4601.91906 19.321 0.089
4602.63360 18.824 0.049
4602.84300 19.073 0.057
4603.76103 18.867 0.056
4606.63488 19.095 0.091
4606.88623 18.845 0.060
4610.73103 18.827 0.057
4610.93824 19.187 0.104
4611.62038 19.150 0.087
4611.81123 18.815 0.049
4612.64172 19.027 0.084
4615.78345 19.130 0.074
4616.59249 18.935 0.085
4616.80896 19.118 0.064
4616.87892 19.195 0.085
4617.65870 18.996 0.056
4618.60421 19.228 0.080
4621.90199 19.264 0.082
4622.80264 19.163 0.078
4622.90409 19.100 0.100
4623.62699 18.716 0.056
4623.86179 19.060 0.093
4623.93423 19.057 0.097
4624.58170 19.145 0.085
4624.80589 18.828 0.057
4624.87225 19.008 0.062
4625.59581 19.078 0.080
4625.78616 18.685 0.058
4625.87774 19.021 0.085
4626.59432 19.184 0.079
4626.84963 18.699 0.045
4627.55477 19.046 0.067
4627.82208 19.270 0.058
4627.91135 18.949 0.051
4628.54050 18.798 0.058
4628.74834 19.136 0.070
4628.81376 19.136 0.072
4628.88367 19.141 0.074
4629.61946 18.845 0.049
4629.82210 19.032 0.062
4629.90011 19.138 0.074
4630.55538 19.496 0.105
4630.76126 18.913 0.055
4630.84456 18.950 0.057
4630.90736 19.238 0.109
4631.55682 19.175 0.065
4631.77256 18.853 0.044
4631.85920 18.945 0.057
4632.56056 19.124 0.072
4632.84733 18.805 0.060
4633.56056 19.066 0.067
4633.67207 19.135 0.069
4633.78783 19.463 0.090
4633.81048 19.259 0.079
4638.74557 18.809 0.059
4638.85583 18.910 0.069
4639.56814 19.118 0.089
4639.66593 19.208 0.077
4640.58767 19.179 0.063
4640.71983 19.258 0.073
4640.82486 19.369 0.109
4641.66165 19.042 0.061
4641.77162 19.101 0.071
4642.58555 18.994 0.064
4642.74808 18.968 0.065
4642.82316 19.206 0.082
4643.54333 19.055 0.080
4644.59069 19.438 0.109
4644.84692 18.962 0.059
4645.51375 19.203 0.099
4645.76224 18.832 0.062
4645.83697 18.981 0.073
4646.51180 19.197 0.080
4646.84421 18.774 0.057
4647.50818 18.904 0.076
4647.73124 19.055 0.074
4647.84226 19.294 0.105
4648.49132 18.763 0.060
4648.70497 19.127 0.071
4648.80886 19.189 0.086
4649.51742 18.742 0.060
4649.72613 19.058 0.060
4649.85253 19.235 0.096
4650.50338 19.488 0.130
4650.76731 19.005 0.059
4650.86103 19.168 0.096
4651.50676 19.139 0.095
4651.80189 18.891 0.063
4652.49780 19.095 0.079
4652.71095 19.189 0.069
4652.78584 18.793 0.054
4652.83557 18.819 0.065
4653.49413 19.142 0.094
4653.71334 19.268 0.079
4653.77849 19.294 0.109
4654.53294 18.981 0.065
4654.74438 19.221 0.079
4654.80950 19.258 0.100
4655.49403 18.975 0.075
4655.71852 19.098 0.055
4655.78029 19.096 0.070
4656.49595 19.099 0.059
4656.68571 19.120 0.081
4656.80498 19.167 0.099
4657.61237 18.923 0.075
4658.65428 19.039 0.069
4659.58841 19.284 0.091
4660.60674 19.270 0.092
4661.48403 19.084 0.091
4661.68472 19.219 0.099
4661.74620 19.066 0.117
4661.81338 19.330 0.139
4665.65144 19.442 0.149
4666.55690 19.207 0.089
4666.69997 19.336 0.098
4666.74214 19.191 0.090
4667.49984 19.064 0.100
4667.56843 19.368 0.117
4669.60716 18.894 0.085
4670.64159 18.926 0.062
4671.57711 19.418 0.078
4672.50261 19.234 0.071
4672.69508 18.972 0.051
4672.71738 18.880 0.048
4674.50573 19.211 0.093
4674.69883 19.302 0.078
4677.48232 19.431 0.089
4677.62862 18.903 0.066
4677.77120 19.167 0.082
4678.68571 18.829 0.053
4679.48790 19.062 0.088
4681.52369 19.046 0.060
4681.62371 19.108 0.069
4681.75592 19.265 0.081
4682.49471 18.889 0.054
4682.65204 19.141 0.062
4682.74725 19.221 0.073
4683.51323 18.968 0.080
4683.70013 19.052 0.066
4684.50576 19.332 0.086
4684.71947 18.954 0.056
4685.49068 19.132 0.093
4685.72565 18.902 0.061
4686.49447 19.171 0.075
4687.47824 18.961 0.068
4687.73374 19.373 0.105
4688.49115 19.103 0.089
4688.68099 19.235 0.069
4688.74279 19.089 0.089
4693.53875 19.253 0.073
4694.53396 19.198 0.107
4697.49462 19.024 0.062
4698.50015 19.244 0.074
4699.49628 19.170 0.078
4700.50255 19.186 0.066
4701.49785 19.125 0.081
4702.49636 18.981 0.061
4703.56687 18.948 0.061
4704.63663 18.970 0.057
4705.50005 19.241 0.074
4707.60089 19.093 0.063
4708.53323 19.023 0.072
4709.50936 18.865 0.071
4710.53899 18.857 0.062
4711.51834 19.178 0.095
4715.57835 19.147 0.092
4716.58073 18.941 0.097
4720.54785 19.190 0.094
4721.47940 19.153 0.127
4722.51196 19.004 0.074
4724.50178 18.835 0.079
4725.47656 19.489 0.190
4726.54148 19.368 0.130
4728.58661 19.190 0.099
4729.54210 18.996 0.070
4730.55843 18.980 0.060
4731.56536 18.770 0.055
4733.51704 19.372 0.089
4734.54641 19.221 0.090
4737.53734 18.931 0.065
4740.54781 19.236 0.093
4741.55551 18.995 0.067
4743.53048 18.997 0.073
4753.54140 19.214 0.101
4756.51746 18.991 0.095
4758.50304 18.916 0.087
4868.87357 19.275 0.076
4869.85742 19.086 0.077
4873.84624 19.538 0.121
4874.84076 19.120 0.106
4877.84058 18.956 0.059
4884.84809 18.926 0.061
4886.89705 18.900 0.084
4890.87618 19.142 0.065
4896.86443 19.191 0.064
4899.83531 18.870 0.060
4900.87678 19.170 0.071
4901.87516 19.154 0.069
4902.87388 19.203 0.069
4904.79796 18.926 0.057
4905.90196 18.892 0.068
4910.80386 19.096 0.077
4911.77450 18.898 0.047
4912.77141 18.835 0.041
4914.78848 19.217 0.072
4917.74954 19.040 0.055
4920.72997 19.162 0.063
4924.77047 18.928 0.048
4925.81095 18.863 0.048
4925.89800 19.009 0.047
4927.70459 19.214 0.098
4927.86511 18.980 0.072
4928.72711 19.157 0.079
4929.78340 19.173 0.073
4930.69787 18.843 0.066
4930.81681 19.189 0.081
4931.71270 18.717 0.063
4931.85840 19.055 0.073
4932.71579 19.134 0.070
4932.81646 18.936 0.057
4933.76410 19.173 0.092
4934.76250 19.408 0.156
4934.86994 19.012 0.081
4938.67310 18.901 0.069
4938.87773 19.113 0.069
4939.69200 19.190 0.082
4940.69199 19.188 0.070
4941.67077 19.037 0.062
4941.76876 19.281 0.084
4941.88713 19.062 0.085
4942.66541 18.962 0.066
4942.70853 19.029 0.055
4943.66259 18.966 0.062
4943.80209 19.022 0.058
4944.65939 18.754 0.052
4944.81486 18.991 0.053
4945.70783 18.765 0.053
4945.76430 18.908 0.049
4946.65750 19.381 0.085
4947.65119 19.092 0.063
4947.84913 18.697 0.038
4948.83174 19.229 0.058
4949.77984 19.078 0.062
4951.63988 18.862 0.056
4952.63810 19.241 0.085
4953.63173 19.311 0.088
4953.80630 18.791 0.055
4954.63325 19.170 0.084
4954.82614 19.149 0.063
4955.62825 19.173 0.098
4955.76735 19.252 0.088
