2167.86076 18.631 0.037
2173.89500 18.695 0.029
2190.82002 18.826 0.036
2192.86357 18.624 0.033
2193.78514 18.815 0.030
2201.85120 18.682 0.029
2202.78466 18.806 0.040
2214.83233 18.462 0.038
2221.77432 18.864 0.052
2224.78677 18.787 0.038
2227.69763 18.664 0.037
2229.70310 18.430 0.036
2231.67151 18.595 0.037
2233.63980 18.783 0.037
2236.65216 18.748 0.047
2239.62019 18.719 0.050
2241.70713 18.447 0.035
2243.76083 18.784 0.046
2247.84273 18.723 0.033
2248.84538 18.554 0.028
2250.77542 18.653 0.034
2252.69241 18.700 0.030
2254.68368 18.708 0.035
2257.69189 18.716 0.029
2260.69737 18.611 0.027
2264.70293 18.765 0.031
2266.68873 18.526 0.030
2270.72475 18.842 0.038
2271.83663 18.739 0.024
2272.72311 18.589 0.037
2274.72944 18.715 0.037
2276.79500 18.534 0.038
2278.65924 18.511 0.033
2280.73761 18.728 0.034
2282.73351 18.700 0.031
2284.80775 18.651 0.029
2289.79698 18.805 0.036
2292.81340 18.826 0.050
2294.78152 18.442 0.042
2296.80221 18.776 0.063
2298.79582 18.835 0.052
2300.77345 18.542 0.043
2302.74655 18.728 0.048
2324.52953 18.613 0.043
2328.51640 18.820 0.062
2334.50972 18.817 0.046
2340.50649 18.767 0.065
2364.49583 18.612 0.047
2385.51656 18.576 0.046
2529.86082 18.552 0.033
2539.86081 18.775 0.046
2545.82861 18.706 0.043
2552.88655 18.713 0.036
2556.87522 18.688 0.034
2560.78448 18.628 0.034
2565.79304 18.634 0.042
2574.74308 18.614 0.035
2578.81146 18.507 0.036
2583.86609 18.758 0.053
2590.77985 18.507 0.035
2596.78796 18.616 0.038
2605.82777 18.713 0.035
2609.79281 18.534 0.036
2610.62496 18.720 0.048
2610.83696 18.896 0.060
2611.63717 18.578 0.043
2611.70756 18.650 0.056
2613.61839 18.729 0.049
2613.69623 18.771 0.057
2614.66639 18.456 0.036
2614.74977 18.688 0.046
2614.84136 18.718 0.036
2615.65045 18.827 0.052
2615.77257 18.513 0.027
2615.83026 18.611 0.033
2617.63913 18.570 0.052
2617.73353 18.561 0.042
2617.84200 18.635 0.043
2618.65585 18.706 0.043
2618.74943 18.503 0.031
2619.61242 18.664 0.034
2619.71914 18.762 0.031
2619.84355 18.726 0.038
2620.64231 18.557 0.031
2620.72754 18.637 0.030
2620.84423 18.745 0.037
2621.67628 18.585 0.028
2621.75202 18.477 0.029
2621.84523 18.594 0.029
2622.64233 18.762 0.044
2622.72370 18.773 0.043
2622.84458 18.697 0.036
2623.64105 18.651 0.041
2623.72913 18.632 0.036
2623.84042 18.698 0.034
2624.67161 18.553 0.033
2624.74272 18.485 0.030
2624.83750 18.576 0.031
2625.65660 18.768 0.040
2625.70850 18.750 0.038
2625.81865 18.706 0.034
2626.62545 18.583 0.035
2627.73322 18.566 0.048
2627.80708 18.669 0.053
2628.64998 18.757 0.046
2628.72704 18.939 0.054
2628.79419 18.660 0.043
2629.64572 18.637 0.043
2629.75407 18.795 0.044
2629.77608 18.706 0.052
2629.83380 18.776 0.047
2630.63358 18.618 0.042
2630.71313 18.567 0.035
2630.79345 18.600 0.044
2631.64508 18.788 0.049
2631.72784 18.829 0.055
2632.60104 18.614 0.030
2632.67589 18.709 0.031
2632.72778 18.739 0.031
2632.80833 18.753 0.035
2634.59982 18.698 0.033
2634.68986 18.838 0.038
2634.82375 18.546 0.034
2635.65007 18.683 0.033
2635.72737 18.696 0.031
2635.77649 18.711 0.033
2635.83032 18.798 0.044
2636.67787 18.554 0.028
2636.75828 18.634 0.036
2636.83800 18.772 0.046
2637.63994 18.796 0.031
2637.71855 18.695 0.030
2637.82165 18.550 0.027
2638.62121 18.591 0.031
2638.69433 18.827 0.042
2638.72214 18.727 0.042
2638.82160 18.706 0.049
2639.59431 18.541 0.027
2639.67464 18.568 0.023
2639.83067 18.666 0.027
2640.60325 18.774 0.040
2640.74526 18.617 0.036
2640.79099 18.566 0.056
2641.60339 18.693 0.038
2641.73974 18.713 0.037
2641.85058 18.853 0.043
2642.60150 18.541 0.033
2642.70331 18.482 0.031
2643.60841 18.783 0.034
2643.75202 18.547 0.031
2644.59107 18.730 0.037
2644.70154 18.762 0.040
2645.60582 18.572 0.164
2645.74303 18.734 0.049
2645.84939 18.800 0.052
2646.61179 18.860 0.040
2646.70793 18.602 0.034
2646.73593 18.553 0.030
2647.61095 18.765 0.040
2647.72075 18.743 0.036
2649.70048 18.487 0.024
2650.62830 18.699 0.033
2650.68980 18.795 0.047
2650.79961 18.865 0.041
2651.62428 18.533 0.042
2651.71496 18.658 0.035
2652.59059 18.951 0.046
2652.66953 18.559 0.036
2652.76708 18.534 0.038
2652.85358 18.571 0.031
2653.59835 18.697 0.037
2653.77134 18.805 0.043
2654.61631 18.633 0.040
2654.69412 18.699 0.048
2654.83473 18.752 0.036
2655.60273 18.859 0.044
2655.80171 18.537 0.035
2656.61415 18.814 0.046
2656.68807 18.785 0.047
2656.76317 18.634 0.050
2656.86043 18.408 0.036
2657.61656 18.595 0.034
2657.85309 18.738 0.061
2658.57811 18.736 0.054
2658.65048 18.360 0.030
2658.67760 18.399 0.034
2658.75860 18.551 0.055
2659.63531 18.819 0.042
2659.86290 18.323 0.046
2660.59080 18.591 0.038
2660.66967 18.692 0.041
2660.73653 18.707 0.037
2661.59588 18.684 0.025
2661.64965 18.398 0.023
2661.84883 18.733 0.046
2662.63457 18.792 0.038
2662.67992 18.794 0.040
2662.77019 18.836 0.053
2664.65923 18.435 0.035
2664.69687 18.565 0.043
2664.83478 18.834 0.074
2665.67972 18.839 0.035
2665.81674 18.321 0.034
2666.63846 18.644 0.031
2666.72478 18.719 0.031
2666.75680 18.765 0.031
2667.67394 18.490 0.030
2667.82884 18.724 0.055
2668.71564 18.783 0.049
2668.74832 18.852 0.047
2669.58786 18.654 0.040
2671.68390 18.905 0.047
2672.66104 18.672 0.056
2672.76053 18.694 0.037
2672.80938 18.742 0.041
2674.66594 18.821 0.041
2674.71522 18.777 0.050
2674.78798 18.369 0.029
2675.64063 18.668 0.040
2675.75147 18.758 0.037
2676.65069 18.437 0.030
2676.70025 18.520 0.035
2676.73147 18.625 0.049
2677.64772 18.807 0.046
2677.71012 18.690 0.038
2678.62445 18.693 0.035
2678.75614 18.765 0.037
2678.77677 18.840 0.038
2679.64496 18.500 0.036
2679.78087 18.734 0.042
2680.66348 18.825 0.035
2680.76692 18.437 0.025
2681.60438 18.713 0.043
2681.71587 18.846 0.048
2682.58179 18.508 0.035
2683.61690 18.709 0.050
2687.59670 18.687 0.049
2696.58662 18.841 0.048
2701.57830 18.794 0.053
2708.50797 18.681 0.057
2870.92186 18.858 0.054
2890.85636 18.541 0.048
2895.89226 18.713 0.033
2900.85412 18.689 0.034
2907.80474 18.761 0.031
2911.84194 18.611 0.025
2916.89280 18.774 0.035
2922.87808 18.741 0.046
2926.81102 18.731 0.036
2930.88550 18.619 0.047
2934.78003 18.934 0.037
2940.76059 18.854 0.038
2943.76480 18.823 0.040
2947.77345 18.810 0.033
2949.86346 18.486 0.027
2950.68724 18.835 0.047
2954.71059 18.594 0.042
2956.75589 18.735 0.035
2958.79759 18.432 0.030
2962.79474 18.771 0.034
2965.81778 18.821 0.036
2968.68548 18.788 0.044
2973.75895 18.518 0.027
2976.62542 18.635 0.040
2978.82647 18.739 0.036
2980.74146 18.881 0.040
2982.73474 18.488 0.029
2984.78110 18.728 0.034
2987.66248 18.627 0.033
2989.61756 18.801 0.036
2991.68456 18.504 0.027
2993.70491 18.728 0.037
2997.75035 18.633 0.033
2999.64999 18.782 0.036
3000.69893 18.639 0.029
3002.68669 18.723 0.033
3004.68805 18.645 0.027
3006.63157 18.563 0.030
3008.78646 18.850 0.044
3010.70603 18.534 0.035
3011.76099 18.820 0.048
3015.77857 18.712 0.053
3017.76627 18.759 0.037
3019.70050 18.522 0.025
3021.81298 18.723 0.037
3023.67503 18.839 0.029
3025.64643 18.472 0.021
3027.69202 18.713 0.029
3029.67695 18.895 0.042
3031.74699 18.641 0.033
3033.81055 18.827 0.034
3036.60904 18.755 0.031
3039.55095 18.763 0.040
3041.63589 18.630 0.055
3041.65897 18.511 0.041
3043.66968 18.707 0.050
3045.73255 18.864 0.048
3047.68617 18.471 0.031
3048.61740 18.745 0.028
3050.63439 18.394 0.022
3052.63584 18.653 0.033
3054.64026 18.782 0.040
3056.62842 18.480 0.025
3058.62235 18.732 0.038
3060.67198 18.879 0.040
3066.51823 18.703 0.055
3068.55782 18.433 0.036
3070.63006 18.615 0.048
3073.64991 18.764 0.047
3076.57374 18.720 0.046
3078.66051 18.686 0.037
3082.63752 18.749 0.029
3085.53997 18.799 0.041
3088.50294 18.691 0.040
3090.64465 18.503 0.034
3093.52723 18.706 0.052
3098.63656 18.740 0.044
3102.60725 18.534 0.040
3105.61299 18.521 0.036
3108.59094 18.573 0.031
3111.53931 18.435 0.040
3129.48161 18.675 0.054
3134.50247 18.799 0.047
3216.89632 18.752 0.057
3242.83109 18.457 0.030
3248.88390 18.665 0.043
3257.91598 18.714 0.043
3264.83155 18.473 0.024
3270.89828 18.489 0.027
3274.78366 18.747 0.046
3282.81477 18.509 0.027
3287.78817 18.800 0.025
3291.72456 18.465 0.024
3295.74581 18.771 0.028
3297.73792 18.616 0.024
3299.80204 18.718 0.022
3301.79939 18.594 0.037
3304.85965 18.511 0.031
3309.76543 18.604 0.029
3311.76340 18.760 0.036
3320.81102 18.848 0.037
3327.77896 18.787 0.034
3330.73732 18.797 0.046
3334.83681 18.691 0.041
3339.78463 18.783 0.037
3353.83091 18.536 0.029
3357.62122 18.826 0.036
3360.66006 18.817 0.036
3363.76831 18.802 0.038
3369.84562 18.507 0.033
3375.78193 18.577 0.028
3378.70749 18.827 0.031
3394.59057 18.857 0.047
3396.64142 18.583 0.031
3399.74403 18.435 0.036
3403.73140 18.975 0.044
3408.61582 18.475 0.028
3412.64995 18.815 0.052
3417.58795 18.445 0.029
3425.59609 18.673 0.050
3437.55960 18.665 0.029
3446.52866 18.696 0.037
3456.49014 18.673 0.047
3579.92359 18.619 0.041
3596.92992 18.801 0.038
3603.91687 18.621 0.028
3619.85724 18.492 0.029
3633.83852 18.711 0.040
3639.80390 18.664 0.025
3644.84106 18.687 0.025
3651.78352 18.778 0.033
3654.83125 18.834 0.034
3658.79489 18.622 0.033
3665.81369 18.587 0.033
3670.78341 18.654 0.035
3673.79350 18.659 0.029
3676.78545 18.655 0.036
3684.84763 18.430 0.024
3687.81999 18.402 0.023
3690.73990 18.817 0.042
3693.77391 18.338 0.025
3695.80662 18.691 0.028
3698.79832 18.668 0.035
3703.74751 18.736 0.028
3705.81468 18.535 0.024
3708.80300 18.578 0.033
3712.76053 18.882 0.030
3714.83130 18.660 0.027
3717.72371 18.560 0.033
3720.80957 18.576 0.034
3724.72942 18.823 0.030
3727.80124 18.517 0.027
3731.77030 18.734 0.029
3732.74699 18.586 0.022
3735.60979 18.499 0.021
3737.77968 18.770 0.027
3740.74160 18.705 0.027
3742.74891 18.530 0.038
3745.78485 18.565 0.027
3748.75464 18.594 0.040
3750.76422 18.665 0.037
3752.77490 18.828 0.041
3754.79269 18.564 0.030
3757.57363 18.757 0.034
3759.77871 18.720 0.030
3763.64936 18.544 0.020
3766.60706 18.530 0.024
3770.69231 18.785 0.036
3773.72634 18.349 0.024
3776.69709 18.460 0.035
3779.65135 18.594 0.042
3783.56795 18.747 0.036
3788.54067 18.848 0.030
3792.57815 18.736 0.035
3800.56001 18.535 0.029
3810.51802 18.656 0.044
3824.48821 18.474 0.040
3950.91185 18.531 0.028
3964.91062 18.720 0.025
3970.83406 18.700 0.031
3981.90408 18.761 0.042
3990.89284 18.371 0.023
3998.89664 18.718 0.031
4003.71033 18.733 0.028
4005.88603 18.526 0.024
4006.72824 18.724 0.029
4008.75244 18.715 0.027
4013.75298 18.517 0.033
4018.88482 18.807 0.034
4024.74955 18.725 0.028
4026.82254 18.586 0.023
4029.77175 18.547 0.030
4032.80259 18.598 0.042
4038.75435 18.541 0.029
4041.71433 18.460 0.027
4043.71928 18.690 0.036
4049.68180 18.725 0.033
4052.74314 18.731 0.025
4054.73009 18.512 0.035
4056.78911 18.718 0.028
4058.83625 18.790 0.037
4063.71905 18.418 0.022
4065.84226 18.835 0.033
4067.68413 18.749 0.030
4070.70640 18.824 0.036
4074.77511 18.773 0.038
4077.82253 18.727 0.033
4080.70047 18.657 0.033
4086.78453 18.779 0.042
4093.82589 18.643 0.031
4111.76319 18.687 0.028
4117.70361 18.813 0.043
4121.67881 18.586 0.038
4124.76160 18.660 0.027
4142.74141 18.715 0.048
4156.57651 18.735 0.031
4168.53696 18.854 0.037
4198.49109 18.646 0.042
4343.82705 18.738 0.043
4347.89414 18.614 0.034
4353.82735 18.548 0.029
4358.77875 18.855 0.061
4363.82126 18.390 0.036
4367.78104 18.789 0.047
4370.81787 18.892 0.048
4373.81731 18.838 0.037
4377.83631 18.735 0.036
4380.88099 18.715 0.034
4386.82684 18.739 0.044
4390.78883 18.573 0.033
4394.80643 18.617 0.027
4399.76303 18.556 0.038
4407.72599 18.803 0.042
4412.74960 18.571 0.034
4418.83514 18.631 0.027
4422.72726 18.844 0.036
4427.70289 18.470 0.029
4430.70616 18.519 0.038
4433.72382 18.549 0.034
4436.80520 18.630 0.043
4440.66606 18.799 0.040
4443.75853 18.455 0.034
4449.72118 18.446 0.025
4451.76077 18.735 0.036
4452.74005 18.461 0.028
4455.73022 18.521 0.034
4457.76041 18.768 0.054
4459.72511 18.907 0.042
4462.70292 18.816 0.038
4464.77325 18.606 0.036
4467.74901 18.581 0.027
4471.77625 18.438 0.031
4476.68982 18.561 0.025
4480.79332 18.532 0.028
4483.77839 18.543 0.035
4486.80788 18.672 0.049
4492.66564 18.582 0.036
4497.72768 18.719 0.033
4499.72354 18.759 0.038
4502.71053 18.801 0.050
4507.71341 18.544 0.034
4509.66512 18.664 0.038
4517.69249 18.561 0.048
4521.66136 18.745 0.038
4523.64637 18.457 0.031
4525.61103 18.598 0.029
4531.58701 18.637 0.029
4533.58938 18.793 0.040
4537.63945 18.668 0.037
4539.55855 18.764 0.046
4541.64070 18.495 0.036
