 552.79077 16.890 0.013
 553.85920 16.863 0.011
 554.85190 16.798 0.012
 555.79595 16.618 0.012
 557.70287 16.889 0.014
 557.79251 16.986 0.015
 557.88235 16.485 0.010
 558.74804 16.850 0.014
 558.88405 16.976 0.014
 559.69823 16.737 0.015
 560.67719 16.582 0.012
 560.76765 16.699 0.013
 560.88055 16.844 0.014
 561.67623 16.470 0.011
 561.80452 16.647 0.011
 561.87396 16.729 0.013
 562.71641 16.842 0.015
 562.80059 16.517 0.011
 562.89131 16.642 0.013
 563.80770 16.833 0.013
 563.89512 16.492 0.012
 567.71619 16.505 0.009
 567.84551 16.722 0.013
 568.71488 16.700 0.013
 568.79965 16.501 0.010
 569.68114 16.911 0.013
 570.67511 16.831 0.013
 570.85461 17.000 0.014
 570.88485 16.796 0.012
 570.89715 16.617 0.012
 571.65647 16.737 0.014
 571.77615 16.853 0.013
 571.89000 16.988 0.014
 572.72392 16.713 0.012
 572.86049 16.823 0.015
 573.65097 16.406 0.010
 573.82621 16.722 0.011
 574.67296 16.964 0.014
 574.76333 16.433 0.010
 575.67395 16.887 0.022
 575.86079 16.466 0.010
 576.67701 16.886 0.013
 576.81819 17.032 0.013
 576.92420 16.398 0.009
 577.83052 16.938 0.013
 578.67836 16.674 0.011
 581.65027 16.910 0.015
 581.86987 16.535 0.010
 582.66343 16.910 0.017
 582.88040 16.352 0.010
 583.65841 16.801 0.012
 583.76811 16.912 0.013
 583.90317 17.036 0.017
 587.67358 16.961 0.015
 588.65644 16.924 0.016
 588.77422 17.003 0.016
 588.93013 16.505 0.010
 590.67492 16.758 0.019
 590.75583 16.829 0.020
 599.66751 17.035 0.015
 600.65354 16.877 0.013
 600.79302 16.800 0.012
 601.72384 16.859 0.012
 601.92556 16.442 0.011
 605.58606 16.903 0.021
 605.91503 16.739 0.018
 605.94295 16.800 0.019
 606.58595 16.822 0.012
 606.72514 16.990 0.012
 606.89894 16.587 0.012
 607.57904 16.763 0.011
 607.69921 16.864 0.012
 607.85586 16.860 0.013
 608.57417 16.647 0.012
 608.69104 16.794 0.012
 608.84752 16.912 0.013
 614.59582 16.686 0.012
 614.78506 16.910 0.013
 615.57612 16.506 0.010
 615.67071 16.674 0.011
 615.76568 16.783 0.013
 615.88459 16.894 0.013
 615.93491 16.964 0.020
 616.57649 16.717 0.012
 616.69469 16.585 0.010
 616.79012 16.716 0.013
 616.88581 16.808 0.015
 622.78627 16.747 0.014
 623.66070 16.557 0.010
 623.80006 16.630 0.012
 624.57764 16.937 0.014
 624.67330 17.014 0.015
 624.74767 16.534 0.010
 625.58762 16.837 0.013
 625.68700 16.932 0.015
 626.56881 16.703 0.012
 626.64331 16.815 0.012
 626.78294 16.931 0.013
 627.80526 16.898 0.015
 628.62204 16.477 0.009
 628.72188 16.673 0.011
 628.83088 16.827 0.015
 629.59194 17.069 0.016
 629.71210 16.491 0.010
 630.56184 16.946 0.015
 631.63926 16.933 0.013
 631.73547 17.034 0.014
 632.63000 16.826 0.014
 632.72206 16.935 0.013
 633.60916 16.693 0.011
 635.67874 16.459 0.011
 643.55317 16.880 0.014
 643.64836 16.864 0.014
 645.56663 16.659 0.011
 649.50735 16.825 0.015
 652.55260 16.523 0.011
 653.69403 16.602 0.012
 655.71984 16.952 0.012
 656.59405 16.805 0.011
 657.59079 16.733 0.011
 658.59767 16.612 0.012
 663.53722 16.674 0.012
 665.56444 16.453 0.009
 666.50072 16.942 0.015
 667.53682 16.880 0.012
 669.49944 16.655 0.011
 670.66784 16.743 0.013
 671.50270 16.839 0.015
 673.64023 17.013 0.018
 684.48951 17.002 0.013
 685.48034 16.928 0.013
 686.53222 16.885 0.013
 687.52541 16.804 0.012
 688.50592 16.634 0.012
 689.49081 16.352 0.008
 694.49578 16.647 0.014
 699.48914 16.772 0.012
 701.48875 16.507 0.016
 857.87768 16.825 0.017
 877.88819 16.770 0.011
 878.84089 16.542 0.009
 890.88603 16.708 0.012
 896.81430 16.600 0.009
 900.81353 16.840 0.011
 918.82345 16.889 0.013
 924.88373 16.989 0.016
 928.88382 16.551 0.012
 930.80640 16.810 0.013
 933.78676 16.575 0.012
 934.83783 16.495 0.011
 936.83014 16.962 0.012
 937.77323 16.824 0.013
 939.73391 16.491 0.011
 941.70787 16.915 0.013
 950.68505 16.640 0.012
 951.75560 16.641 0.012
 952.72234 16.431 0.009
 953.73627 17.030 0.015
 954.74151 16.894 0.015
 961.77758 16.872 0.013
 962.70288 16.718 0.012
 963.70988 16.604 0.011
 964.77804 16.588 0.010
 965.68007 16.981 0.014
 966.65584 16.823 0.012
 970.82533 16.679 0.013
 984.70276 16.990 0.014
 985.60670 16.810 0.011
 988.80990 16.763 0.015
 990.66676 16.925 0.012
 991.66463 16.871 0.012
 995.73409 16.446 0.012
 998.75718 16.924 0.014
1006.71621 16.668 0.015
1006.72439 16.709 0.015
1011.75974 16.816 0.013
1021.65079 16.894 0.014
1026.61048 16.994 0.014
1035.55160 16.673 0.013
1036.59633 16.592 0.010
1037.58770 16.330 0.009
1038.63438 16.748 0.015
1040.51762 16.803 0.013
1041.53405 16.707 0.013
1043.56392 16.310 0.010
1045.51228 16.898 0.013
1046.51956 16.800 0.012
1047.55367 16.770 0.015
1048.53296 16.558 0.011
1051.57956 16.941 0.017
1053.61568 16.821 0.014
1054.50805 16.536 0.010
1060.52785 16.614 0.013
1061.51634 16.469 0.011
1064.51998 16.833 0.015
1065.48737 16.705 0.012
1069.63200 16.741 0.014
1074.53139 16.701 0.014
1077.58453 16.859 0.013
1080.49666 16.908 0.015
1087.54602 17.064 0.016
1090.55370 16.789 0.015
1092.59636 16.579 0.014
1105.56458 16.428 0.010
1107.52434 16.853 0.014
1113.56434 16.893 0.021
1119.51017 16.860 0.018
1220.86139 16.503 0.015
1225.84305 16.582 0.013
1237.86169 16.648 0.014
1242.79910 16.709 0.019
1252.79492 16.918 0.019
1255.84846 16.722 0.015
1259.81207 16.886 0.013
1264.89528 16.638 0.013
1272.86870 16.863 0.015
1279.88355 16.832 0.014
1289.78090 16.898 0.014
1291.86343 16.846 0.013
1295.75955 16.910 0.015
1296.87548 16.951 0.013
1297.82698 16.851 0.014
1298.92011 16.849 0.015
1299.86667 16.668 0.015
1305.79692 16.559 0.012
1306.67585 16.940 0.015
1307.89237 16.399 0.011
1310.81628 16.763 0.012
1312.77091 16.542 0.010
1313.89202 16.480 0.011
1315.78233 16.819 0.014
1316.70755 16.629 0.011
1317.78782 16.628 0.013
1318.77584 16.509 0.012
1318.87148 16.634 0.013
1319.80883 16.783 0.014
1319.88034 16.518 0.013
1320.65953 16.801 0.014
1320.90570 16.718 0.013
1321.68401 16.732 0.013
1321.87751 16.919 0.017
1323.82277 16.676 0.015
1327.76134 16.828 0.016
1332.81424 17.030 0.017
1335.71533 16.570 0.011
1338.76304 16.962 0.015
1340.66166 16.669 0.012
1342.61728 17.049 0.015
1346.67535 16.727 0.012
1347.70538 16.629 0.012
1348.73871 16.478 0.011
1349.75258 16.481 0.011
1350.78028 17.086 0.014
1354.62996 16.814 0.015
1355.60480 16.937 0.018
1365.66935 16.669 0.012
1366.61584 16.560 0.012
1367.68301 16.713 0.015
1368.63174 16.882 0.013
1368.81150 16.508 0.013
1369.57592 16.778 0.014
1369.73283 16.916 0.014
1370.57262 16.653 0.013
1374.71856 16.930 0.017
1375.64228 16.843 0.013
1394.58586 16.783 0.014
1395.56449 16.615 0.010
1397.71365 16.537 0.013
1398.56780 16.921 0.013
1399.58995 16.911 0.014
1400.59667 16.825 0.013
1401.55477 16.618 0.012
1402.54753 16.360 0.010
1403.61760 16.336 0.010
1404.55094 16.918 0.013
1407.56887 16.686 0.013
1408.54607 16.464 0.010
1410.55827 16.911 0.020
1415.55303 16.641 0.014
1416.53330 16.920 0.013
1418.51405 16.775 0.015
1430.60377 16.872 0.015
1433.50979 16.576 0.011
1436.61023 16.948 0.013
1441.51560 16.898 0.021
1443.50988 16.757 0.015
1447.53620 16.925 0.019
1449.53606 16.814 0.014
1454.53407 16.928 0.018
1459.51244 16.956 0.017
1479.50696 16.828 0.021
1595.85975 16.815 0.015
1596.88343 16.747 0.015
1597.86386 16.540 0.013
1597.87395 16.577 0.014
1599.89030 17.046 0.018
1600.88286 16.908 0.017
1609.82241 16.533 0.011
1612.86458 16.887 0.016
1616.89659 16.571 0.012
1618.83299 16.881 0.015
1621.78420 16.573 0.014
1623.79607 16.933 0.016
1625.84560 16.836 0.015
1627.80536 16.621 0.013
1630.88744 16.943 0.020
1633.77928 16.617 0.011
1643.78978 16.920 0.022
1644.90062 16.941 0.013
1646.85017 16.617 0.012
1652.81620 16.582 0.012
1653.80478 16.308 0.009
1655.90814 17.057 0.018
1661.85274 16.985 0.014
1662.90069 16.917 0.013
1663.81817 16.782 0.013
1665.73043 16.782 0.015
1666.82171 16.764 0.012
1667.86595 16.999 0.015
1668.87964 16.879 0.013
1670.74822 16.590 0.010
1671.84222 16.599 0.011
1674.80299 16.848 0.014
1676.78468 16.675 0.011
1681.82508 16.830 0.015
1682.82769 16.737 0.015
1687.84744 16.844 0.017
1692.66543 16.801 0.012
1693.76749 16.817 0.013
1695.84691 16.673 0.010
1698.70208 16.857 0.017
1700.86823 16.863 0.013
1702.69277 17.069 0.015
1703.84960 16.313 0.009
1705.69098 16.783 0.014
1706.71211 16.697 0.012
1709.63392 16.928 0.014
1717.66482 16.790 0.011
1721.73963 16.864 0.015
1722.64648 16.847 0.013
1725.66552 16.575 0.012
1725.70491 16.649 0.011
1726.61386 16.898 0.013
1728.65798 16.815 0.014
1729.63343 16.814 0.011
1730.60458 16.638 0.012
1731.51965 16.903 0.015
1732.67206 16.520 0.010
1738.64916 16.483 0.026
1742.66344 16.756 0.013
1743.64039 16.572 0.010
1744.72272 16.563 0.014
1745.65052 17.037 0.015
1748.57586 16.648 0.014
1749.51673 16.462 0.010
1750.65991 16.416 0.010
1751.57686 16.951 0.013
1752.61266 16.957 0.015
1754.60687 16.762 0.014
1755.62140 16.619 0.012
1756.55928 16.998 0.013
1757.59673 17.005 0.015
1758.60341 16.933 0.014
1759.53219 16.785 0.012
1760.58173 16.736 0.012
1761.54876 16.500 0.011
1762.54607 16.853 0.013
1763.50007 16.918 0.013
1764.58975 16.910 0.013
1765.59287 16.850 0.017
1769.56371 16.962 0.015
1772.57586 16.748 0.013
1773.59038 16.639 0.012
1775.59124 16.777 0.013
1776.58649 16.922 0.013
1777.60094 16.871 0.013
1787.58562 16.603 0.013
1803.51549 16.669 0.012
1806.56544 17.081 0.017
1809.57479 16.782 0.012
1811.58296 16.493 0.014
1814.53143 16.829 0.014
1816.51906 16.605 0.013
1818.50126 16.971 0.017
1824.54409 16.763 0.015
1829.52957 16.561 0.013
1834.51079 16.673 0.013
1843.51241 16.972 0.016
1848.52904 16.327 0.012
2125.61979 16.801 0.019
2129.69452 16.549 0.012
2132.63609 16.750 0.013
2136.54015 16.846 0.018
2141.55189 16.974 0.016
2144.64178 16.783 0.015
2160.60957 17.031 0.026
2211.50426 16.766 0.023
2347.83597 16.447 0.012
2357.86350 16.845 0.016
2372.85137 16.416 0.013
2383.82325 16.665 0.013
2388.79393 16.737 0.016
2390.82334 16.541 0.013
2397.70101 16.931 0.016
2401.83268 16.675 0.014
2403.90965 16.530 0.013
2405.89704 16.985 0.019
2414.90207 16.755 0.017
2416.85436 16.881 0.017
2424.82173 16.867 0.017
2428.85034 16.421 0.012
2434.74867 16.950 0.015
2436.79738 16.841 0.016
2438.75816 16.645 0.014
2441.73585 16.904 0.015
2445.64198 16.949 0.017
2448.66336 16.776 0.016
2455.70000 16.593 0.012
2459.62002 16.900 0.013
2463.55132 17.009 0.019
2466.65047 16.868 0.018
2468.68070 16.627 0.012
2470.66313 17.050 0.017
2472.68832 16.892 0.015
2481.56771 16.748 0.019
2484.63026 16.862 0.018
2486.72225 16.750 0.020
2490.69045 16.888 0.017
2493.65197 16.592 0.014
2495.75392 16.444 0.013
2498.51746 16.514 0.011
2500.56195 16.993 0.016
2502.57318 16.845 0.016
2508.67348 16.937 0.021
2512.61982 16.229 0.012
2517.57373 16.464 0.012
2520.58903 16.951 0.018
2528.49432 16.630 0.015
2538.50073 16.834 0.017
2542.52805 16.497 0.014
2552.50201 16.709 0.018
2556.58612 17.052 0.025
2563.50055 16.862 0.017
2575.52875 16.987 0.021
2707.86995 16.348 0.011
2714.90923 16.849 0.014
2729.84320 16.800 0.020
2733.92335 16.841 0.024
2744.92116 16.584 0.013
2753.89559 16.888 0.018
2757.80733 16.983 0.017
2761.82443 16.581 0.013
2767.79975 16.561 0.016
2775.72882 16.997 0.028
2783.83278 16.919 0.017
2785.75841 16.667 0.015
2787.60875 16.895 0.019
2789.76546 16.874 0.017
2791.72186 16.657 0.014
2794.93652 16.596 0.016
2796.83556 16.872 0.015
2797.89680 16.813 0.014
2812.72352 17.014 0.020
2826.76240 16.965 0.015
2835.64653 16.689 0.020
2839.71578 16.807 0.018
2841.72507 16.596 0.013
2843.65161 16.892 0.018
2845.66224 16.762 0.017
2850.53023 16.695 0.014
2852.54263 16.523 0.016
2854.54637 16.932 0.018
2856.73671 16.957 0.024
2858.68936 16.663 0.020
2862.60203 16.906 0.022
2865.70560 16.594 0.015
2868.59182 16.884 0.015
2876.58808 16.666 0.015
2879.63836 17.037 0.019
2884.66873 16.487 0.014
2892.65710 16.978 0.025
2895.63079 16.660 0.014
2900.55901 16.681 0.016
2906.51093 16.648 0.017
2911.53510 16.816 0.018
2918.55911 16.799 0.018
2930.58009 16.907 0.021
3051.88964 16.840 0.020
3064.82450 16.683 0.015
3067.89793 16.516 0.011
3070.85946 16.798 0.017
3073.81488 17.056 0.018
3075.85355 16.925 0.016
3079.89809 16.348 0.012
3082.86906 16.856 0.015
3084.91151 16.671 0.012
3086.84305 17.027 0.014
3088.80051 16.776 0.012
3089.90977 16.793 0.014
3091.83799 16.450 0.011
3096.87096 16.637 0.015
3098.85999 16.830 0.013
3100.80908 16.800 0.014
3101.92282 16.848 0.019
3103.78037 16.694 0.013
3104.90106 16.517 0.032
3108.77292 16.545 0.011
3109.80510 16.447 0.011
3110.83951 16.826 0.014
3112.79783 16.846 0.014
3113.87878 16.832 0.014
3114.78965 16.574 0.011
3115.87313 16.560 0.013
3122.91566 16.487 0.013
3125.87600 16.920 0.020
3126.90157 16.844 0.016
3127.81242 16.546 0.013
3128.82547 16.308 0.010
3130.70337 16.828 0.017
3134.82508 16.365 0.011
3135.90470 16.320 0.011
3138.70644 16.589 0.014
3139.88373 16.709 0.013
3140.88350 16.589 0.012
3142.77177 16.851 0.015
3144.79272 16.739 0.014
3146.81537 16.520 0.012
3151.75537 16.591 0.014
3151.90803 16.782 0.016
3152.75944 16.531 0.012
3153.76335 16.937 0.019
3154.82491 16.959 0.020
3156.84461 16.818 0.017
3158.91873 16.729 0.022
3162.81961 16.801 0.016
3163.63249 16.448 0.011
3163.65425 16.414 0.010
3164.74184 16.418 0.011
3165.76199 16.928 0.013
3166.90713 16.371 0.015
3167.76736 16.922 0.021
3168.75519 16.785 0.014
3169.73152 16.599 0.013
3170.80857 16.570 0.011
3171.83134 16.432 0.009
3172.75829 16.975 0.015
3174.71522 16.773 0.013
3175.72457 16.651 0.012
3177.76174 16.402 0.014
3178.78828 17.066 0.016
3179.79797 16.934 0.016
3180.72690 16.809 0.013
3182.77789 16.651 0.013
3183.74646 16.401 0.012
3184.70427 16.938 0.014
3185.75690 16.959 0.017
3193.54250 16.442 0.011
3194.60108 16.719 0.015
3195.65305 16.958 0.014
3195.80607 16.588 0.012
3196.55154 16.862 0.017
3197.51903 16.693 0.012
3199.62887 16.612 0.013
3199.65432 16.634 0.012
3199.69189 16.676 0.013
3199.74855 16.774 0.016
3201.46721 16.782 0.019
3201.52071 16.867 0.013
3201.75110 16.528 0.009
3201.81594 16.605 0.012
3202.48400 16.785 0.014
3202.57508 16.841 0.014
3202.75877 16.720 0.014
3203.47277 16.641 0.014
3203.66466 16.865 0.014
3204.55145 16.627 0.010
3204.65896 16.774 0.013
3205.47386 16.766 0.014
3205.77261 16.799 0.012
3206.52586 16.952 0.014
3206.72343 16.628 0.013
3209.55358 16.768 0.014
3210.51728 16.596 0.013
3211.58924 16.559 0.013
3217.65788 16.708 0.014
3218.65628 16.517 0.013
3219.61213 16.878 0.021
3223.65746 16.776 0.018
3224.70295 16.700 0.013
3226.62651 17.063 0.021
3228.60674 16.832 0.016
3229.63921 16.784 0.015
3230.67280 16.683 0.013
3231.57620 16.930 0.016
3232.60399 17.057 0.023
3238.62516 16.999 0.018
3239.70386 17.019 0.019
3240.68499 16.886 0.019
3241.65990 16.803 0.016
3245.55978 16.871 0.016
3246.66348 16.895 0.021
3247.62967 16.792 0.016
3249.53168 16.701 0.014
3250.66435 16.493 0.013
3253.53211 16.688 0.014
3256.64139 16.556 0.014
3267.53745 16.432 0.012
3272.59287 16.740 0.015
3275.57584 17.016 0.021
3278.60473 16.790 0.015
3282.57874 16.943 0.012
3288.55130 16.859 0.015
3293.52192 17.029 0.014
3295.53211 16.851 0.010
3305.55151 16.698 0.016
3308.52278 16.789 0.022
3309.50992 16.637 0.015
3310.52952 16.543 0.016
3311.50067 16.957 0.023
3314.49992 16.758 0.025
3409.88298 16.954 0.017
3414.87145 16.692 0.014
3421.90301 17.003 0.016
3422.87736 16.922 0.014
3426.86849 16.338 0.010
3429.85054 16.869 0.016
3432.89394 16.400 0.011
3442.89643 16.808 0.014
3445.80917 17.023 0.014
3447.85984 16.857 0.015
3449.87244 16.684 0.011
3452.89303 16.975 0.014
3455.82728 16.651 0.015
3457.86081 16.545 0.011
3459.85598 16.899 0.015
3467.88584 16.779 0.013
3469.79180 16.810 0.012
3470.80468 16.978 0.013
3472.76715 16.783 0.013
3473.78692 16.673 0.012
3474.78359 16.465 0.013
3475.80919 16.392 0.010
3477.77097 16.903 0.014
3478.71692 16.754 0.013
3478.75179 16.779 0.013
3478.80826 16.832 0.013
3478.85760 16.949 0.013
3478.88800 16.936 0.015
3479.73613 16.603 0.010
3479.76980 16.665 0.010
3479.88615 16.843 0.013
3479.93074 16.899 0.014
3480.72995 16.334 0.009
3480.90065 16.751 0.012
3481.74789 17.074 0.015
3482.72465 16.932 0.014
3496.72745 16.787 0.014
3497.79900 16.759 0.015
3498.92327 16.819 0.015
3499.87015 16.613 0.012
3500.67928 16.992 0.014
3500.69150 16.916 0.013
3500.73635 16.965 0.015
3500.80361 16.650 0.012
3500.84459 16.462 0.010
3500.87357 16.495 0.012
3500.89815 16.562 0.013
3500.92882 16.643 0.012
3501.67097 16.838 0.014
3501.80112 16.919 0.011
3502.72586 16.814 0.012
3503.69502 16.672 0.011
3504.70975 16.594 0.011
3506.75359 16.847 0.015
3508.76315 16.845 0.015
3509.73625 16.733 0.012
3510.80601 16.709 0.012
3511.84514 16.639 0.012
3512.71484 16.919 0.017
3517.69576 16.503 0.014
3520.76921 16.918 0.015
3521.72598 16.776 0.011
3522.75394 16.681 0.011
3523.75914 16.532 0.010
3524.90085 16.630 0.014
3525.75731 17.016 0.014
3526.76027 16.949 0.014
3528.68120 16.608 0.011
3529.70347 16.407 0.008
3530.61859 16.959 0.012
3537.74378 17.069 0.016
3538.61508 16.813 0.013
3539.82538 16.916 0.010
3540.65843 16.624 0.012
3544.73061 16.906 0.017
3546.85251 16.850 0.020
3547.81678 16.722 0.016
3550.64326 16.819 0.012
3551.64420 16.782 0.009
3552.67916 16.734 0.013
3553.72858 16.644 0.014
3554.66710 16.536 0.013
3555.68547 16.935 0.015
3556.68154 16.908 0.014
3558.53858 16.575 0.012
3558.83726 16.877 0.016
3559.70721 16.642 0.011
3560.60858 16.776 0.014
3561.55353 16.883 0.014
3562.59695 16.826 0.017
3563.64772 16.783 0.013
3564.58268 16.617 0.015
3571.72133 16.735 0.018
3571.76990 16.753 0.027
3573.66576 16.864 0.017
3574.69718 17.015 0.016
3575.54466 16.739 0.012
3575.78127 16.975 0.016
3576.69853 16.801 0.015
3577.59862 16.527 0.011
3578.68327 16.525 0.015
3579.62878 17.045 0.015
3580.66196 16.997 0.015
3581.68181 16.955 0.020
3582.65369 16.804 0.016
3583.64412 16.663 0.012
3583.76402 16.816 0.016
3584.65276 16.467 0.010
3584.76743 16.741 0.013
3585.64311 16.861 0.015
3585.73270 16.430 0.010
3586.72818 16.885 0.013
3587.60040 16.899 0.017
3587.66330 16.934 0.016
3587.72592 16.973 0.020
3588.55089 16.695 0.012
3588.61080 16.773 0.011
3589.48957 16.248 0.009
3589.55448 16.494 0.010
3589.68174 16.766 0.011
3589.69107 16.763 0.012
3590.46905 17.035 0.017
3590.55387 16.452 0.010
3590.63339 16.472 0.011
3590.69046 16.626 0.012
3591.48216 16.936 0.014
3591.63190 16.659 0.011
3591.68927 16.358 0.009
3592.48129 16.839 0.014
3592.54857 16.922 0.014
3592.66234 17.053 0.014
3593.47185 16.711 0.011
3593.57555 16.868 0.013
3593.75621 17.016 0.017
3594.49555 16.618 0.013
3594.57037 16.713 0.011
3594.71839 16.893 0.016
3596.64570 16.566 0.014
3599.63624 16.895 0.022
3601.66691 16.773 0.014
3602.62752 16.588 0.013
3603.46679 16.915 0.028
3603.64755 16.505 0.011
3607.64591 16.738 0.013
3608.66127 16.652 0.012
3615.58902 16.552 0.011
3618.59062 16.848 0.015
3620.55383 16.560 0.011
3622.53169 16.942 0.017
3628.61253 16.747 0.018
3630.54722 16.857 0.017
3632.59889 16.718 0.017
3634.49797 16.996 0.018
3639.55684 16.394 0.015
3641.55525 16.936 0.020
3644.51564 16.573 0.012
3648.54874 16.934 0.020
3650.59588 16.728 0.016
3654.55143 16.880 0.020
3656.53269 16.711 0.018
3658.56453 16.523 0.016
3659.55107 16.892 0.021
3660.53717 16.921 0.019
3661.51846 16.772 0.020
3661.56298 16.810 0.024
3662.49871 16.604 0.013
3662.52567 16.668 0.016
3664.53504 16.549 0.012
3665.50793 16.905 0.017
3665.54056 16.896 0.018
3666.49476 16.867 0.016
3668.49178 16.658 0.018
3669.51705 16.593 0.014
3670.50700 16.574 0.017
3672.51508 16.934 0.024
3675.51925 16.532 0.014
3776.87794 16.889 0.026
3782.86258 16.856 0.014
3784.88789 16.695 0.012
3788.85534 16.901 0.026
3790.89772 16.744 0.017
3793.86505 17.036 0.014
3795.85244 16.800 0.027
3798.81564 16.962 0.014
3799.83983 16.943 0.015
3800.83475 16.930 0.024
3801.89424 16.884 0.015
3802.85979 16.730 0.014
3803.89509 16.667 0.013
3805.81154 16.935 0.015
3806.77781 16.833 0.015
3807.79692 16.794 0.016
3808.80460 16.665 0.012
3809.88971 16.679 0.012
3810.85632 16.540 0.011
3811.84791 16.932 0.016
3812.84401 16.927 0.019
3813.83695 16.823 0.014
3814.83584 16.727 0.013
3817.86909 16.794 0.013
3818.89648 16.959 0.015
3819.81415 16.836 0.012
3820.78084 16.676 0.011
3821.78397 16.566 0.011
3822.82336 16.528 0.011
3823.78355 16.986 0.015
3824.74974 16.859 0.016
3825.81460 16.805 0.020
3826.74312 16.645 0.011
3827.81091 16.598 0.011
3828.78553 16.410 0.015
3829.76772 17.026 0.016
3830.74408 16.872 0.022
3831.92105 16.978 0.015
3832.75462 16.738 0.012
3833.76778 16.546 0.016
3833.82029 16.657 0.011
3833.88322 16.795 0.013
3834.75356 16.341 0.011
3834.92441 16.770 0.025
3835.74261 17.031 0.027
3836.77366 16.960 0.018
3837.74101 16.867 0.018
3837.91292 17.016 0.020
3838.75280 16.747 0.017
3838.92013 16.963 0.018
3839.74857 16.553 0.017
3840.71457 16.900 0.016
3840.91955 16.699 0.014
3841.75309 17.095 0.019
3841.90379 16.520 0.012
3842.85690 17.129 0.017
3845.72861 16.546 0.017
3845.91994 16.872 0.017
3846.73933 16.333 0.009
3846.93200 16.758 0.016
3847.80540 16.485 0.016
3848.76035 16.945 0.015
3849.75951 16.862 0.021
3850.70416 16.720 0.013
3850.87719 16.964 0.016
3851.71879 16.633 0.012
3851.88357 16.837 0.016
3851.92970 16.842 0.024
3852.70727 16.489 0.011
3852.87851 16.715 0.015
3853.69568 17.000 0.014
3853.86397 16.551 0.011
3853.93481 16.693 0.014
3856.68573 16.708 0.013
3856.85248 16.900 0.013
3857.92338 16.836 0.015
3858.77212 16.606 0.011
3859.81028 16.567 0.011
3860.67979 16.910 0.016
3860.91864 16.570 0.014
3861.67787 16.824 0.022
3861.78150 16.900 0.013
3862.71114 16.742 0.012
3862.87361 16.933 0.015
3863.64860 16.573 0.012
3863.86271 16.852 0.013
3864.68553 16.589 0.023
3864.87561 16.755 0.012
3864.93455 16.828 0.013
3865.69637 16.954 0.015
3865.83310 16.604 0.012
3865.90983 16.675 0.012
3866.69482 16.947 0.014
3866.83432 16.731 0.013
3866.91323 16.582 0.011
3867.63767 16.810 0.014
3867.82523 16.987 0.017
3867.89641 16.850 0.014
3868.72078 16.815 0.016
3868.87245 16.922 0.018
3869.70059 16.649 0.013
3869.88154 16.922 0.026
3872.90486 16.567 0.011
3873.65409 16.859 0.013
3873.79629 16.964 0.015
3873.86827 16.952 0.016
3873.93786 16.498 0.012
3874.75257 16.842 0.015
3875.66624 16.603 0.010
3875.82210 16.811 0.023
3875.91265 16.915 0.014
3876.64345 16.485 0.008
3877.64160 17.056 0.015
3877.79290 16.527 0.010
3877.86678 16.649 0.012
3880.61464 16.717 0.010
3880.84246 16.912 0.016
3880.92127 17.084 0.017
3881.67167 16.662 0.012
3881.88312 16.900 0.020
3882.58366 16.978 0.016
3882.75994 16.664 0.012
3882.83419 16.792 0.014
3882.90300 16.876 0.013
3883.64931 17.032 0.022
3883.84986 16.669 0.011
3886.61143 16.779 0.014
3886.80422 16.956 0.014
3886.87606 17.041 0.017
3887.58474 16.465 0.011
3887.78738 16.874 0.025
3887.88691 16.967 0.016
3888.60082 16.276 0.009
3889.66721 16.869 0.013
3889.94543 16.827 0.014
3890.65235 17.008 0.015
3891.67684 16.966 0.018
3891.80508 17.097 0.016
3891.88707 16.301 0.010
3892.57843 16.716 0.017
3892.94721 16.328 0.011
3893.63066 16.670 0.012
3893.87534 16.906 0.018
3894.68104 16.586 0.013
3896.62168 16.939 0.033
3900.53993 16.814 0.019
3900.72634 16.714 0.012
3900.80499 16.811 0.014
3900.87362 16.875 0.014
3901.55010 16.968 0.017
3901.73144 16.544 0.012
3901.80867 16.678 0.014
3901.87761 16.765 0.016
3902.57431 16.890 0.013
3902.75226 16.447 0.011
3902.87511 16.662 0.017
3903.66391 16.952 0.015
3904.56110 16.720 0.011
3904.72408 16.880 0.014
3904.79317 16.959 0.015
3904.89531 16.647 0.013
3905.55784 16.606 0.011
3905.73454 16.826 0.013
3905.80455 16.869 0.020
3905.87311 16.906 0.014
3906.57234 16.507 0.012
3906.71297 16.680 0.012
3906.78532 16.802 0.014
3906.86843 16.863 0.021
3907.60313 16.822 0.014
3907.78535 16.737 0.019
3907.86991 16.816 0.018
3908.53925 16.892 0.015
3908.72488 16.577 0.012
3908.80494 16.588 0.011
3908.88803 16.684 0.012
3909.54110 16.837 0.014
3909.72379 16.970 0.013
3909.81427 16.559 0.019
3909.89056 16.573 0.012
3910.57754 16.763 0.013
3912.54020 16.557 0.009
3912.72756 16.703 0.012
3912.82149 16.817 0.012
3913.53172 16.957 0.012
3913.73714 16.630 0.013
3913.82606 16.729 0.011
3914.55548 16.867 0.014
3915.53320 16.803 0.014
3915.73521 16.938 0.015
3915.83342 16.545 0.013
3916.57189 16.775 0.013
3916.81583 16.993 0.015
3917.62064 16.691 0.015
3917.82640 16.947 0.016
3918.61399 16.593 0.014
3918.82410 16.848 0.018
3919.55226 16.961 0.019
3919.76088 16.658 0.010
3920.51857 16.907 0.016
3920.71466 16.543 0.012
3920.80007 16.591 0.010
3921.51475 16.802 0.022
3921.72849 17.001 0.024
3922.71843 16.938 0.019
3930.55167 16.463 0.010
3930.79626 16.871 0.020
3931.50732 17.056 0.021
3932.53491 16.968 0.016
3932.80662 16.670 0.012
3933.52129 16.877 0.013
3933.70579 17.015 0.014
3933.77776 16.369 0.010
3934.49520 16.765 0.015
3934.66524 16.960 0.014
3934.73508 17.043 0.018
3935.54509 16.726 0.013
3935.71644 16.935 0.018
3935.81397 16.999 0.017
3936.49849 16.354 0.013
3936.66399 16.755 0.013
3936.74035 16.877 0.017
3937.56274 16.276 0.012
3938.50622 16.939 0.018
3938.70127 16.448 0.011
3938.80641 16.687 0.015
3940.59091 16.898 0.014
3941.70756 16.964 0.017
3944.55881 17.083 0.016
3944.75917 16.666 0.013
3945.78710 16.490 0.012
3946.51796 16.810 0.015
3946.71017 17.042 0.018
3950.52664 17.010 0.014
3950.74171 16.656 0.014
3951.51937 16.903 0.016
3951.75068 16.492 0.014
3956.57257 16.658 0.017
3957.51100 16.894 0.018
3958.58179 16.873 0.015
3959.51457 16.742 0.014
3959.68900 16.879 0.017
3960.50381 16.622 0.011
3960.68291 16.824 0.012
3961.57514 16.595 0.014
3963.53645 16.914 0.019
3963.60637 16.883 0.017
3963.71382 16.543 0.012
3964.53156 16.864 0.013
3965.51597 16.739 0.012
3965.70725 16.915 0.013
3966.49117 16.614 0.015
3966.69286 16.843 0.013
3967.52956 16.536 0.013
3967.71832 16.759 0.013
3968.50366 16.941 0.017
3968.67360 16.633 0.014
3969.48524 16.903 0.016
3969.68594 16.507 0.011
3970.51951 16.882 0.016
3970.69301 16.934 0.025
3971.55825 16.845 0.017
3973.58445 16.640 0.012
3974.51373 16.746 0.014
3975.51662 16.938 0.014
3975.69325 16.487 0.012
3976.51116 16.876 0.013
3976.68722 16.798 0.016
3979.51342 16.493 0.019
3982.57406 16.976 0.016
3983.53170 16.872 0.020
3986.58852 16.489 0.013
3987.51087 17.083 0.018
3988.52377 16.955 0.013
3989.53438 16.866 0.015
3990.55118 16.787 0.014
3991.50697 16.602 0.014
3993.55864 16.563 0.012
3994.56934 17.044 0.018
3995.57693 16.927 0.014
3999.61428 16.471 0.011
4002.50368 16.798 0.018
4003.49789 16.660 0.012
4004.53199 16.557 0.011
4006.52495 16.956 0.016
4012.50486 16.986 0.019
4016.52049 16.603 0.014
4018.55866 16.861 0.017
4020.54349 16.900 0.016
4023.54383 16.488 0.014
4025.56321 16.953 0.017
4028.50263 16.602 0.014
4031.50274 16.940 0.019
4038.50809 16.902 0.020
4041.50711 16.409 0.014
4043.51486 17.034 0.025
4141.88253 16.952 0.018
4151.86370 16.365 0.012
4153.88564 16.897 0.016
4156.86404 16.618 0.016
4158.88364 16.771 0.017
4161.85158 16.739 0.018
4163.83446 16.482 0.013
4165.81587 16.866 0.025
4168.81305 16.573 0.014
4170.80499 16.989 0.031
4175.79563 16.371 0.013
4176.90697 16.439 0.012
4178.81071 16.846 0.015
4179.85500 16.804 0.014
4181.79144 16.356 0.012
4182.83638 16.569 0.012
4183.87253 17.062 0.019
4184.91317 16.947 0.015
4189.85583 17.070 0.019
4191.81764 16.841 0.021
4193.74780 16.289 0.015
4194.79339 16.745 0.015
4196.78345 16.885 0.019
4202.76499 16.877 0.016
4203.75300 16.780 0.014
4204.74526 16.667 0.014
4204.92756 16.863 0.017
4205.74180 16.476 0.012
4207.73126 16.916 0.016
4208.75336 16.869 0.015
4211.79753 16.633 0.016
4212.87469 16.623 0.016
4213.71789 16.898 0.017
4213.92147 16.536 0.012
4215.75057 16.820 0.017
4216.70836 16.628 0.014
4217.71581 16.515 0.012
4217.92528 16.827 0.014
4218.76543 16.475 0.016
4219.76635 17.020 0.023
4220.71108 16.865 0.017
4222.67982 16.616 0.016
4222.92458 16.919 0.017
4224.79053 16.501 0.013
4224.80204 16.500 0.013
4224.82484 16.552 0.015
4224.84518 16.590 0.017
4224.86690 16.619 0.017
4224.87624 16.654 0.016
4224.87907 16.638 0.016
4224.88198 16.653 0.016
4224.89350 16.677 0.015
4224.90463 16.681 0.018
4224.91573 16.708 0.017
4224.92582 16.724 0.017
4224.92877 16.725 0.017
4224.93165 16.712 0.018
4224.93464 16.740 0.020
4224.93731 16.745 0.021
4227.84608 16.911 0.017
4227.85365 16.937 0.019
4227.85748 16.939 0.020
4227.87452 16.972 0.019
4227.88697 16.974 0.021
4227.91069 17.044 0.020
4227.92031 17.037 0.021
4227.92898 17.030 0.023
4228.62646 16.537 0.019
4228.63472 16.540 0.017
4228.68594 16.643 0.015
4228.71727 16.702 0.014
4228.75741 16.768 0.016
4228.79369 16.813 0.016
4228.83544 16.841 0.020
4228.88015 16.905 0.021
4228.90557 16.950 0.023
4228.91952 16.973 0.024
4228.93093 16.911 0.021
4228.93383 16.934 0.021
4229.63499 16.352 0.013
4229.67962 16.453 0.014
4229.74178 16.575 0.014
4229.80924 16.697 0.014
4229.87657 16.805 0.016
4229.92715 16.869 0.016
4230.63240 17.012 0.023
4230.68932 16.811 0.015
4230.76230 16.445 0.011
4230.87737 16.689 0.016
4230.92849 16.777 0.020
4231.61575 16.915 0.017
4231.63166 16.926 0.015
4231.77588 16.843 0.015
4231.90008 16.558 0.015
4232.61690 16.832 0.019
4232.68373 16.937 0.022
4232.84474 17.089 0.027
4232.93389 16.417 0.015
4233.71743 16.868 0.021
4233.81901 16.941 0.019
4233.92541 17.079 0.024
4234.61098 16.544 0.015
4234.71719 16.746 0.015
4234.93152 16.932 0.019
4235.61953 16.279 0.013
4235.64519 16.373 0.012
4235.80644 16.743 0.014
4235.89887 16.868 0.016
4237.61072 16.955 0.022
4238.61573 16.869 0.022
4238.63114 16.890 0.021
4238.68155 16.932 0.020
4238.81931 17.083 0.020
4238.88354 16.276 0.014
4239.63789 16.788 0.018
4240.68525 16.711 0.016
4240.82533 16.893 0.017
4243.65106 16.991 0.019
4243.74377 16.790 0.016
4243.83752 16.493 0.013
4244.62339 16.873 0.019
4244.71965 16.939 0.017
4244.81246 17.036 0.019
4245.61649 16.777 0.015
4245.71041 16.885 0.016
4245.80622 16.935 0.017
4246.67478 16.729 0.015
4246.76766 16.833 0.016
4246.86099 16.925 0.018
4247.69003 16.598 0.015
4250.73818 16.993 0.019
4251.80976 16.970 0.026
4256.62587 16.881 0.021
4256.77191 16.986 0.021
4257.65753 16.862 0.021
4258.64076 16.730 0.017
4258.76325 16.863 0.017
4258.85737 16.913 0.020
4267.60137 16.958 0.017
4268.56459 16.783 0.017
4268.84745 16.523 0.014
4269.58377 16.815 0.015
4269.70432 16.899 0.016
4269.81308 17.068 0.014
4270.57732 16.656 0.016
4272.60568 16.427 0.011
4272.75483 16.663 0.013
4272.81404 16.772 0.014
4272.88563 16.872 0.018
4273.62279 17.038 0.022
4273.80343 16.606 0.016
4273.86459 16.734 0.022
4274.55545 16.860 0.020
4274.70919 17.035 0.020
4274.77032 16.490 0.013
4274.82873 16.543 0.013
4275.60788 16.851 0.017
4275.78325 17.049 0.021
4275.84433 16.640 0.026
4276.59266 16.720 0.017
4277.53647 16.452 0.016
4277.71337 16.802 0.016
4277.77206 16.842 0.020
4277.83310 16.927 0.024
4278.58134 16.403 0.014
4278.75750 16.730 0.018
4283.51589 16.427 0.014
4283.73620 16.837 0.019
4284.51082 17.068 0.021
4284.70140 16.643 0.015
4284.76374 16.761 0.015
4284.82858 16.838 0.019
4285.51393 16.961 0.022
4285.70668 16.448 0.014
4285.76847 16.623 0.014
4285.83380 16.745 0.021
4286.51362 16.881 0.018
4286.81855 16.525 0.017
4289.52143 16.495 0.014
4289.73997 16.864 0.018
4289.80508 16.946 0.018
4290.56772 16.328 0.013
4291.63034 16.332 0.011
4292.49600 16.878 0.015
4292.67518 17.068 0.018
4292.73378 16.289 0.010
4292.79229 16.489 0.012
4293.49631 16.819 0.016
4293.72094 17.039 0.017
4293.77973 16.867 0.015
4294.49549 16.661 0.014
4295.50260 16.468 0.013
4295.70065 16.836 0.014
4295.75924 16.875 0.015
4296.49965 16.853 0.017
4296.69618 16.709 0.013
4297.51920 17.016 0.019
4297.72083 16.583 0.010
4298.55408 16.912 0.017
4298.65980 17.030 0.019
4298.76568 16.491 0.014
4299.53709 16.865 0.016
4299.63056 16.929 0.017
4299.72230 17.055 0.017
4300.53278 16.746 0.016
4300.65284 16.882 0.016
4300.74837 16.921 0.016
4301.52366 16.571 0.012
4301.61939 16.756 0.015
4301.72092 16.857 0.015
4301.81079 16.894 0.016
4302.59663 16.556 0.012
4302.69681 16.730 0.016
4303.68264 16.563 0.015
4304.55675 16.937 0.021
4304.67489 16.535 0.016
4306.64074 16.869 0.019
4306.69645 16.887 0.018
4310.61994 16.973 0.022
4312.55219 16.769 0.019
4312.75064 16.989 0.019
4315.64319 16.580 0.016
4316.71636 16.540 0.014
4317.56446 16.908 0.019
4319.52171 16.641 0.016
4319.77654 16.944 0.020
4320.54851 16.566 0.013
4326.51577 16.507 0.012
4326.71293 16.821 0.018
4327.59458 16.512 0.015
4328.52138 17.006 0.020
4328.69941 16.534 0.015
4329.53094 16.946 0.020
4329.67883 16.868 0.018
4330.50224 16.826 0.017
4330.69553 17.033 0.019
4331.48238 16.658 0.017
4331.69125 16.963 0.021
4332.51217 16.532 0.015
4333.53326 16.338 0.013
4333.69438 16.724 0.018
4334.50664 17.038 0.036
4334.63487 16.415 0.027
4338.50649 16.554 0.017
4339.48382 16.544 0.015
4340.60410 16.327 0.012
4341.50712 16.965 0.036
4342.53631 16.915 0.018
4343.51515 16.793 0.014
4344.54338 16.705 0.020
4345.50857 16.382 0.011
4346.52128 17.066 0.020
4347.53599 16.970 0.019
4349.49762 16.797 0.016
4350.54427 16.738 0.015
4351.51016 16.480 0.013
4353.51404 16.977 0.018
4355.54571 16.856 0.017
4356.51077 16.720 0.016
4365.56579 16.895 0.036
4377.61179 16.447 0.020
4381.52760 16.710 0.020
4382.57014 16.605 0.019
4383.56068 16.313 0.020
4393.53468 16.742 0.017
4394.55002 16.610 0.016
4395.52146 16.367 0.018
4396.51345 17.024 0.027
4397.53776 16.938 0.021
4398.54267 16.905 0.023
4399.53538 16.794 0.022
4400.53744 16.659 0.024
4402.55386 16.977 0.030
4403.55293 16.951 0.024
4408.54369 16.797 0.023
4507.86818 16.808 0.019
4510.86450 16.429 0.012
4513.86562 16.878 0.015
4517.86475 16.901 0.024
4519.88571 16.883 0.015
4522.87963 16.544 0.014
4524.81545 16.880 0.018
4530.82308 16.898 0.014
4533.85894 16.699 0.015
4535.84170 16.519 0.014
4536.89938 17.065 0.018
4537.88501 16.939 0.014
4538.82012 16.808 0.015
4539.85817 16.738 0.014
4540.80438 16.430 0.011
4541.79708 17.049 0.016
4542.79177 16.902 0.019
4543.78731 16.891 0.016
4544.78420 16.802 0.017
4545.79051 16.645 0.014
4546.79763 16.471 0.012
4547.79160 16.871 0.016
4548.80256 16.948 0.018
4550.74561 16.759 0.016
4551.76880 16.648 0.014
4552.76478 16.441 0.018
4556.76088 16.779 0.014
4557.77809 16.702 0.014
4558.75503 16.488 0.011
4559.75295 16.824 0.014
4560.75308 16.930 0.015
4561.74314 16.857 0.015
4564.73329 16.481 0.011
4565.73137 16.875 0.013
4565.92227 16.667 0.011
4566.73085 16.924 0.015
4567.72389 16.851 0.014
4568.73243 16.755 0.014
4569.74153 16.663 0.015
4570.73215 16.509 0.013
4571.72682 16.728 0.016
4571.91537 16.685 0.012
4572.75431 16.992 0.015
4573.74269 16.856 0.016
4573.90905 16.643 0.011
4574.74508 16.812 0.016
4575.75416 16.717 0.014
4576.76067 16.598 0.012
4577.84238 16.577 0.015
4578.79340 16.885 0.025
4579.87032 16.979 0.028
4583.73713 16.303 0.011
4583.92992 16.732 0.014
4585.76084 16.930 0.021
4586.78604 16.923 0.020
4587.77378 16.812 0.016
4587.93231 16.924 0.020
4588.69625 16.478 0.012
4588.92710 16.862 0.015
4589.67916 16.858 0.016
4589.83455 16.604 0.013
4589.89658 16.715 0.015
4590.70193 17.019 0.017
4590.90659 16.568 0.012
4591.71043 16.929 0.016
4591.83587 17.050 0.017
4591.90243 16.308 0.010
4592.66906 16.808 0.017
4592.85831 16.982 0.017
4592.93667 16.944 0.024
4593.65819 16.635 0.014
4593.86790 16.926 0.015
4594.67921 16.505 0.013
4594.87425 16.836 0.015
4595.66872 16.668 0.014
4595.86316 16.707 0.016
4595.92500 16.806 0.015
4596.66395 16.961 0.018
4597.68837 16.908 0.016
4597.87989 16.335 0.013
4598.66466 16.818 0.012
4598.93338 16.623 0.013
4599.63716 16.641 0.014
4599.92771 16.961 0.027
4600.64641 16.493 0.011
4600.85513 16.833 0.013
4601.65198 16.601 0.012
4601.86823 16.766 0.013
4601.93009 16.818 0.015
4602.64461 16.951 0.015
4602.85403 16.569 0.011
4603.88713 16.446 0.011
4606.64588 16.534 0.012
4606.90096 16.863 0.017
4610.74205 16.882 0.019
4611.63136 16.698 0.015
4611.82221 16.903 0.015
4612.65274 16.587 0.013
4612.68400 16.635 0.013
4615.79448 16.646 0.014
4616.60350 16.771 0.016
4616.82002 17.032 0.018
4616.88998 16.559 0.013
4617.67523 16.769 0.014
4618.61526 16.538 0.012
4621.91663 16.606 0.011
4622.81368 17.014 0.017
4622.92925 16.452 0.017
4623.64823 16.750 0.017
4623.87279 16.998 0.024
4624.59278 16.499 0.015
4624.81690 16.856 0.019
4624.88327 16.894 0.017
4625.60687 16.434 0.015
4625.79722 16.677 0.014
4625.91464 16.837 0.019
4626.60536 17.000 0.020
4626.86586 16.665 0.015
4627.56583 16.872 0.016
4627.85512 16.525 0.011
4627.92238 16.647 0.015
4628.55309 16.765 0.015
4628.75937 16.983 0.017
4628.82481 17.000 0.018
4628.89472 16.380 0.012
4629.63051 16.756 0.013
4629.83313 16.942 0.019
4629.91115 17.059 0.021
4630.56646 16.485 0.013
4630.77227 16.815 0.013
4630.85565 16.879 0.016
4630.91842 16.922 0.019
4631.56784 16.677 0.012
4631.78357 16.737 0.013
4631.87027 16.848 0.016
4632.57163 16.953 0.017
4632.85838 16.700 0.015
4633.57160 16.891 0.016
4633.60406 16.896 0.015
4633.68311 17.048 0.016
4633.79886 16.349 0.019
4633.81655 16.440 0.012
4633.82604 16.476 0.012
4633.88732 16.595 0.020
4638.70762 16.394 0.012
4638.75667 16.531 0.013
4638.86687 16.737 0.019
4639.53524 16.855 0.017
4639.57919 16.917 0.018
4639.67699 17.060 0.017
4640.59870 16.835 0.015
4640.73086 16.975 0.018
4640.83590 16.313 0.013
4641.67270 16.845 0.015
4641.78265 16.928 0.017
4642.59663 16.609 0.013
4642.75915 16.862 0.016
4642.83422 16.955 0.019
4643.55439 16.313 0.012
4644.60177 16.990 0.020
4644.86349 16.764 0.015
4645.52485 16.881 0.020
4645.77331 16.393 0.011
4645.84802 16.577 0.016
4646.52286 16.800 0.014
4646.85525 16.400 0.013
4647.51925 16.675 0.016
4647.74229 16.931 0.018
4647.85331 17.048 0.023
4648.50239 16.436 0.013
4648.71887 16.829 0.016
4648.81991 16.972 0.021
4649.52851 16.507 0.014
4649.80734 16.823 0.016
4649.86359 16.868 0.019
4650.51447 16.950 0.020
4650.77839 16.686 0.014
4650.87211 16.807 0.018
4651.51784 16.923 0.023
4651.81296 16.538 0.021
4652.50887 16.821 0.016
4652.72200 17.037 0.016
4652.79687 16.444 0.012
4652.84661 16.468 0.015
4653.50521 16.678 0.018
4653.72438 16.904 0.016
4653.78961 16.970 0.023
4654.54402 16.584 0.014
4654.75549 16.869 0.016
4654.83706 16.935 0.029
4655.50509 16.580 0.015
4655.72955 16.751 0.013
4655.79134 16.842 0.016
4656.50700 16.988 0.015
4656.69679 16.567 0.013
4656.81601 16.735 0.016
4657.73315 16.444 0.016
4658.66550 16.929 0.017
4659.60482 16.865 0.020
4660.61782 16.716 0.016
4661.49505 16.518 0.014
4661.69573 16.745 0.016
4661.75723 16.831 0.019
4661.82445 16.872 0.019
4665.66253 16.843 0.019
4666.56798 16.692 0.014
4666.71103 16.867 0.018
4666.75322 16.892 0.019
4670.65266 16.938 0.022
4671.58820 16.853 0.014
4672.51369 16.635 0.011
4672.70613 16.853 0.016
4672.72842 16.790 0.016
4674.51678 16.950 0.019
4674.70989 16.663 0.014
4675.68463 16.428 0.011
4677.49339 16.754 0.015
4677.63979 16.887 0.015
4678.69678 16.875 0.017
4679.49902 16.446 0.015
4679.63577 16.722 0.019
4681.53480 16.984 0.017
4681.63479 16.347 0.011
4681.76702 16.630 0.014
4682.50580 16.895 0.026
4682.66313 17.052 0.017
4682.75832 16.412 0.011
4683.52431 16.802 0.019
4683.71125 16.993 0.020
4684.51682 16.677 0.014
4684.73055 16.955 0.018
4685.50183 16.494 0.014
4685.73679 16.850 0.016
4686.50554 16.730 0.017
4687.48930 16.930 0.017
4687.74484 16.588 0.016
4688.50224 16.927 0.018
4688.69207 16.447 0.012
4688.75386 16.410 0.014
4693.55003 17.089 0.023
4694.54507 16.960 0.023
4697.50573 16.546 0.016
4698.51122 16.334 0.010
4699.50738 17.060 0.018
4700.51366 16.903 0.015
4701.50895 16.814 0.015
4702.50748 16.768 0.016
4703.57800 16.745 0.013
4704.64773 16.697 0.015
4705.51109 16.998 0.017
4707.64146 16.973 0.015
4708.54436 16.792 0.019
4709.52046 16.677 0.017
4710.55006 16.553 0.011
4715.58940 16.786 0.020
4716.59182 16.669 0.020
4720.55897 16.879 0.017
4721.49143 16.670 0.018
4722.60381 16.717 0.016
4724.51288 17.028 0.025
4725.49167 16.885 0.019
4726.55259 16.869 0.023
4728.59773 16.710 0.018
4729.55322 16.463 0.015
4730.57189 16.521 0.013
4731.57649 17.022 0.021
4733.52815 16.757 0.016
4734.55751 16.679 0.016
4737.54843 16.990 0.018
4740.55896 16.744 0.017
4741.56664 16.553 0.013
4743.57228 17.094 0.021
4753.55244 16.612 0.016
4756.53130 16.939 0.024
4758.51414 16.732 0.019
4868.88455 16.669 0.016
4870.85555 17.045 0.023
4873.85726 16.725 0.016
4874.85174 16.611 0.017
4877.85157 16.924 0.017
4884.85910 16.920 0.015
4887.83120 16.437 0.011
4890.88717 16.932 0.015
4896.87541 16.935 0.017
4899.84634 16.563 0.013
4900.88774 16.467 0.011
4901.88614 17.027 0.016
4902.88483 16.935 0.015
4904.80896 16.694 0.014
4905.91295 16.738 0.018
4910.81490 16.740 0.015
4911.78546 16.541 0.011
4912.78241 16.698 0.012
4914.79944 16.920 0.016
4917.76047 16.527 0.011
4920.74039 16.889 0.014
4924.78141 16.429 0.011
4925.82136 16.935 0.015
4925.90842 16.488 0.010
4925.91983 16.510 0.011
4927.72109 16.769 0.018
4927.87553 16.947 0.019
4928.73755 16.662 0.015
4929.79382 16.597 0.012
4930.70831 17.043 0.020
4930.82726 16.530 0.014
4931.72315 16.973 0.034
4931.86880 16.410 0.011
4932.72618 16.872 0.021
4932.82687 16.981 0.015
4933.77452 16.886 0.020
4934.77294 16.777 0.022
4934.87774 16.882 0.020
4938.68351 16.852 0.017
4938.88815 16.896 0.016
4939.70243 16.826 0.020
4940.70242 16.688 0.015
4941.68119 16.410 0.011
4941.77917 16.651 0.012
4942.71898 16.424 0.011
4943.67301 16.950 0.016
4943.81250 16.371 0.010
4944.66980 16.873 0.019
4944.70803 16.942 0.015
4944.82528 17.088 0.016
4945.71828 16.849 0.014
4945.77474 16.908 0.014
4946.66793 16.616 0.013
4947.66163 16.408 0.011
4947.85986 16.808 0.014
4948.84217 16.623 0.011
4950.66985 16.866 0.015
4951.65030 16.791 0.016
4952.64856 16.637 0.014
4953.64219 16.429 0.012
4953.81674 16.795 0.014
4954.64373 17.019 0.022
4954.83660 16.691 0.013
4955.64442 16.936 0.020
4955.77778 16.418 0.012
