2123.92911 18.992 0.069
2130.91972 19.245 0.086
2131.92152 19.137 0.085
2132.91971 19.134 0.073
2134.92126 19.002 0.080
2140.92095 18.945 0.065
2142.90855 19.118 0.100
2144.91896 19.025 0.061
2156.89230 19.222 0.108
2161.85927 19.060 0.075
2173.87257 19.115 0.054
2186.80962 18.869 0.097
2192.84264 19.023 0.052
2201.82913 19.171 0.051
2214.81070 19.094 0.077
2221.75363 19.029 0.065
2224.76634 19.189 0.064
2227.66897 19.062 0.064
2229.68243 19.328 0.087
2230.82660 19.097 0.065
2234.84097 18.982 0.077
2237.76141 19.122 0.065
2241.68666 19.229 0.086
2243.74053 19.144 0.074
2248.82110 19.149 0.051
2250.80780 19.123 0.057
2252.67210 19.074 0.058
2254.66315 19.157 0.060
2257.66981 18.888 0.051
2260.67652 19.115 0.059
2264.68191 19.063 0.067
2266.66803 19.058 0.064
2270.67571 19.240 0.064
2271.81606 18.957 0.046
2272.82401 19.368 0.092
2274.66154 18.913 0.061
2276.77163 18.977 0.054
2277.82494 19.009 0.053
2279.84254 19.083 0.060
2280.81608 18.935 0.063
2282.70572 19.068 0.053
2283.86685 18.937 0.070
2288.77429 18.934 0.071
2290.81158 19.134 0.073
2292.78462 19.037 0.076
2294.76093 19.052 0.101
2296.77657 19.223 0.111
2298.73327 18.920 0.062
2300.74375 19.006 0.084
2302.72041 19.103 0.093
2315.65152 18.987 0.052
2323.59607 19.222 0.060
2327.58148 18.990 0.066
2333.59149 19.019 0.092
2339.56784 18.882 0.057
2345.52891 18.904 0.064
2351.50702 18.992 0.062
2369.50445 19.051 0.074
2385.49012 19.059 0.096
2529.83582 19.105 0.073
2539.83830 19.054 0.077
2545.80825 19.151 0.086
2552.86153 19.063 0.071
2556.85291 18.984 0.052
2560.76134 19.077 0.063
2564.86960 19.122 0.064
2573.86673 18.949 0.059
2578.79109 19.051 0.063
2583.84550 19.300 0.100
2590.75135 19.039 0.065
2596.76396 18.996 0.065
2605.79124 19.156 0.066
2609.76337 19.071 0.075
2614.72176 19.094 0.082
2618.77677 19.105 0.071
2621.70184 18.945 0.047
2624.60778 19.048 0.076
2627.70660 19.110 0.088
2629.72955 19.158 0.078
2632.65550 19.011 0.060
2635.70274 19.169 0.060
2638.67371 18.961 0.052
2640.77060 19.079 0.070
2642.72648 19.084 0.085
2644.72918 19.002 0.065
2646.68372 19.335 0.084
2650.73898 19.028 0.067
2652.79668 18.971 0.058
2654.76207 19.222 0.086
2656.66748 18.929 0.085
2658.62926 19.217 0.088
2660.64757 18.999 0.066
2662.65851 18.985 0.069
2664.63857 19.235 0.082
2666.70194 19.077 0.057
2668.68806 18.986 0.060
2670.65017 19.160 0.088
2672.78894 19.167 0.074
2674.68969 18.910 0.062
2676.67878 19.172 0.079
2678.73204 19.062 0.069
2680.64279 19.035 0.067
2682.68849 19.041 0.080
2687.56832 19.088 0.077
2693.52755 19.123 0.063
2696.56423 18.997 0.074
2701.54586 19.002 0.086
2707.54763 19.056 0.074
2714.53972 18.963 0.079
2839.91619 19.213 0.074
2867.88725 18.866 0.064
2885.86501 19.022 0.052
2892.89351 19.125 0.084
2897.86247 19.048 0.066
2903.90827 19.083 0.065
2907.78269 18.833 0.047
2911.82013 19.190 0.052
2916.87055 19.200 0.059
2922.85427 19.075 0.080
2926.78595 19.111 0.064
2930.85568 19.102 0.059
2934.75768 19.151 0.060
2940.73721 19.054 0.052
2943.74277 18.996 0.063
2947.75143 19.027 0.059
2949.84141 18.965 0.048
2953.70861 18.995 0.077
2956.73393 19.258 0.067
2958.76028 19.045 0.070
2962.77279 19.107 0.050
2965.79582 19.014 0.050
2968.66172 19.144 0.075
2973.78661 18.953 0.044
2976.79905 19.095 0.058
2978.70672 18.959 0.061
2980.71912 19.257 0.064
2982.71186 18.968 0.060
2984.75899 19.014 0.063
2986.84163 19.097 0.084
2988.81201 19.129 0.059
2989.76734 19.032 0.049
2991.66246 19.231 0.061
2993.68290 19.071 0.061
2995.75073 19.071 0.052
2997.72841 19.029 0.063
2999.69258 19.210 0.057
3001.78744 19.019 0.058
3003.75809 19.036 0.059
3005.71995 19.161 0.062
3007.64135 18.944 0.048
3009.63921 19.227 0.070
3011.73875 19.156 0.085
3013.74295 19.010 0.057
3017.74428 19.225 0.066
3019.67231 18.908 0.054
3021.79086 19.010 0.053
3023.65264 19.063 0.044
3025.62053 18.988 0.046
3027.66991 19.123 0.050
3029.65491 19.086 0.052
3031.72485 18.982 0.050
3033.78849 18.979 0.040
3035.79532 19.051 0.053
3038.77293 18.898 0.061
3041.61344 19.005 0.084
3043.64748 19.035 0.078
3045.71038 19.132 0.073
3047.66415 19.079 0.069
3048.59289 18.986 0.046
3050.61242 19.231 0.050
3052.61361 19.030 0.056
3054.60901 19.084 0.075
3056.60625 19.292 0.065
3058.60026 18.988 0.054
3060.64982 18.942 0.052
3064.66762 19.176 0.093
3068.53573 19.083 0.078
3070.59667 19.167 0.109
3073.62783 19.045 0.100
3076.54143 19.316 0.124
3078.63682 19.008 0.052
3082.61463 19.045 0.049
3085.51571 19.199 0.078
3087.65391 19.105 0.077
3090.62004 18.969 0.064
3096.53590 18.890 0.079
3099.60568 19.168 0.102
3102.58427 18.912 0.066
3104.57100 19.154 0.070
3107.55359 19.085 0.091
3110.55273 19.352 0.119
3113.53063 18.930 0.078
3128.50311 19.093 0.079
3140.51010 19.173 0.074
3216.87434 19.109 0.098
3248.85955 19.008 0.070
3264.80930 18.972 0.040
3270.87608 19.020 0.050
3274.76175 19.122 0.091
3277.88379 19.033 0.058
3287.76550 19.014 0.043
3295.72393 19.091 0.039
3299.78020 19.019 0.036
3301.77746 19.175 0.086
3304.83779 19.129 0.066
3309.74357 19.145 0.056
3311.74156 18.965 0.051
3320.78450 19.372 0.064
3323.73068 18.839 0.057
3327.75651 19.119 0.052
3330.71515 19.097 0.074
3334.81408 19.103 0.084
3338.86252 19.180 0.062
3339.76188 19.041 0.057
3354.77778 19.034 0.062
3358.82648 19.090 0.048
3365.75656 18.977 0.059
3372.77295 18.893 0.048
3378.68556 19.050 0.054
3391.75332 19.329 0.096
3399.72210 18.996 0.061
3403.70942 19.170 0.063
3406.67894 19.058 0.045
3410.63190 19.062 0.048
3415.62911 19.161 0.054
3427.59277 19.150 0.076
3433.61536 18.979 0.067
3438.54458 19.134 0.059
3446.50168 18.986 0.073
3455.52502 19.150 0.105
3461.51904 19.060 0.069
3473.47833 19.126 0.080
3575.93694 19.025 0.067
3592.92883 19.041 0.043
3601.92891 19.300 0.089
3619.83084 19.082 0.057
3629.90434 18.928 0.047
3633.86939 19.022 0.061
3639.78189 18.976 0.046
3644.81849 19.149 0.051
3651.76170 18.901 0.045
3654.80921 19.381 0.069
3658.77324 18.941 0.059
3661.84395 19.257 0.082
3668.81670 19.029 0.058
3672.80498 19.262 0.066
3676.76177 19.061 0.054
3684.82380 19.294 0.059
3687.79821 19.021 0.051
3690.71805 19.089 0.065
3693.75210 18.876 0.049
3695.78488 19.185 0.057
3698.76659 19.025 0.062
3700.79520 18.992 0.046
3703.72607 19.090 0.044
3705.79324 19.011 0.044
3708.78117 19.155 0.069
3712.73880 19.211 0.053
3714.80902 19.133 0.046
3717.67146 19.214 0.065
3719.84398 19.106 0.075
3721.80494 18.973 0.052
3726.70077 18.990 0.069
3730.73307 19.220 0.052
3732.72511 19.130 0.041
3734.85594 19.055 0.054
3737.75690 19.140 0.041
3739.82690 19.056 0.053
3741.83982 18.808 0.062
3743.73694 19.265 0.070
3746.77942 19.046 0.075
3748.73264 19.252 0.083
3749.73821 19.217 0.093
3751.74957 19.223 0.075
3753.70109 19.124 0.050
3755.70204 19.108 0.058
3757.69192 19.170 0.061
3759.75669 19.108 0.052
3762.77820 18.955 0.064
3765.76532 18.921 0.043
3770.63778 19.056 0.048
3773.70386 19.227 0.080
3776.67416 19.058 0.069
3779.62873 18.941 0.082
3782.74231 18.890 0.053
3787.60553 19.109 0.056
3792.55623 18.971 0.053
3800.53819 19.161 0.063
3809.54542 18.891 0.070
3823.50547 19.202 0.077
3946.92759 19.136 0.088
3964.88406 19.283 0.053
3969.91490 18.901 0.047
3981.88272 19.033 0.064
3989.91134 19.008 0.064
3998.87508 18.992 0.053
3999.83758 19.273 0.061
4001.88661 19.151 0.048
4004.85058 18.921 0.044
4005.86455 19.096 0.049
4008.73081 18.888 0.037
4011.89772 19.136 0.079
4018.86050 19.238 0.060
4024.72422 19.105 0.049
4026.80105 18.934 0.037
4029.75028 19.093 0.060
4032.76558 19.050 0.071
4038.73166 19.045 0.056
4041.69294 19.091 0.061
4043.69780 19.028 0.067
4049.66047 18.965 0.050
4052.72186 19.255 0.057
4054.70867 19.151 0.075
4056.76670 18.924 0.047
4058.79903 19.129 0.052
4063.69765 19.150 0.051
4066.75496 19.078 0.051
4068.65986 18.994 0.045
4070.68493 19.000 0.053
4073.85875 19.113 0.110
4074.75254 18.911 0.062
4077.80107 19.201 0.069
4079.84598 19.029 0.049
4083.69157 19.273 0.092
4085.75729 19.011 0.058
4093.74181 19.198 0.053
4105.81434 18.820 0.056
4109.78425 19.013 0.047
4113.74006 19.040 0.037
4120.77028 18.999 0.046
4122.72674 19.007 0.043
4125.78098 19.148 0.075
4132.66874 18.970 0.066
4142.71966 19.142 0.089
4156.55474 18.955 0.051
4168.50936 19.125 0.074
4197.48854 19.025 0.072
4341.92097 19.229 0.088
4347.87094 19.121 0.070
4353.80593 19.060 0.049
4358.90424 19.099 0.065
4364.86868 19.190 0.078
4367.89313 19.025 0.054
4371.75842 18.971 0.066
4377.81323 19.095 0.066
4380.82975 19.179 0.064
4386.80547 19.330 0.089
4390.76741 18.986 0.058
4394.72357 19.132 0.062
4399.74154 19.182 0.135
4404.73974 19.410 0.143
4412.72006 19.060 0.067
4418.81346 19.155 0.056
4421.85928 19.026 0.061
4426.75718 19.049 0.096
4430.68457 19.094 0.099
4432.74378 19.048 0.051
4436.78369 19.112 0.067
4439.84878 18.921 0.073
4443.73680 19.027 0.074
4449.69969 19.007 0.048
4451.70944 19.182 0.082
4455.70852 18.861 0.063
4457.73898 19.176 0.072
4460.81063 19.113 0.086
4463.72889 19.207 0.058
4466.71789 19.002 0.045
4470.66535 19.080 0.058
4473.70808 18.972 0.059
4477.76655 19.110 0.073
4482.77034 19.043 0.077
4486.74818 18.924 0.073
4491.72175 19.008 0.086
4494.66710 19.152 0.087
4498.70003 19.293 0.070
4501.69728 19.083 0.067
4506.63137 19.087 0.073
4508.65439 18.979 0.054
4510.72379 19.123 0.065
4517.65798 19.053 0.078
4521.63850 19.251 0.076
4524.60122 19.116 0.072
4530.62469 19.043 0.069
4532.65292 18.847 0.056
4536.62515 19.046 0.056
4539.50709 19.173 0.072
4541.61626 19.194 0.086
