2130.47735 16.152 0.010
2133.50402 16.408 0.012
2136.62524 16.394 0.012
2179.49575 16.348 0.013
2189.49090 16.379 0.014
2333.89683 16.124 0.011
2337.80349 16.165 0.011
2349.82189 16.194 0.011
2357.81505 16.142 0.011
2365.88959 16.396 0.013
2373.76895 16.208 0.011
2405.84973 16.219 0.011
2464.76100 16.383 0.011
2708.89580 16.292 0.011
2850.62812 16.314 0.011
2858.75544 16.262 0.012
3059.84180 16.402 0.012
3064.85700 16.413 0.012
3068.81038 16.105 0.011
3070.89562 16.186 0.010
3073.84807 16.124 0.010
3075.88267 16.185 0.011
3077.87371 16.206 0.017
3080.79138 16.140 0.010
3083.74847 16.339 0.011
3085.84603 16.132 0.010
3087.77377 16.134 0.011
3089.82072 16.216 0.010
3091.87499 16.340 0.011
3096.91391 16.335 0.012
3097.79599 16.106 0.010
3099.88645 16.204 0.011
3100.91925 16.118 0.010
3101.78776 16.221 0.011
3102.88102 16.140 0.010
3104.74200 16.151 0.018
3106.88365 16.261 0.012
3107.87411 16.103 0.011
3109.81107 16.127 0.009
3110.87771 16.421 0.011
3112.87698 16.119 0.009
3113.88827 16.328 0.011
3114.81864 16.137 0.010
3115.87910 16.390 0.011
3116.85944 16.207 0.011
3124.75120 16.316 0.013
3126.69074 16.219 0.010
3127.85711 16.380 0.011
3128.85693 16.223 0.011
3130.73592 16.211 0.011
3131.70227 16.219 0.012
3134.87134 16.205 0.012
3137.75328 16.271 0.011
3138.63251 16.238 0.011
3139.92218 16.202 0.010
3142.80667 16.291 0.010
3144.82373 16.400 0.011
3146.86246 16.173 0.011
3151.79432 16.428 0.012
3152.79591 16.230 0.011
3153.79450 16.171 0.011
3154.88215 16.362 0.014
3156.85083 16.388 0.012
3157.91303 16.268 0.011
3158.86859 16.144 0.011
3162.83229 16.220 0.011
3163.79142 16.356 0.011
3164.78003 16.258 0.010
3165.69283 16.326 0.010
3167.63191 16.170 0.013
3168.84453 16.303 0.011
3169.81125 16.245 0.011
3170.62881 16.393 0.009
3171.76684 16.311 0.009
3171.89240 16.375 0.011
3172.79123 16.170 0.009
3173.75019 16.349 0.012
3173.84168 16.370 0.012
3174.50268 16.326 0.012
3174.74768 16.194 0.010
3174.85829 16.261 0.011
3175.53166 16.289 0.011
3175.75814 16.341 0.010
3175.83396 16.178 0.010
3177.69963 16.221 0.012
3178.55601 16.197 0.012
3179.53881 16.340 0.011
3180.76279 16.412 0.011
3182.82288 16.137 0.010
3183.78188 16.325 0.012
3184.73647 16.151 0.010
3185.66757 16.329 0.011
3191.81419 16.241 0.011
3194.53713 16.354 0.012
3194.77764 16.146 0.009
3195.53683 16.189 0.010
3195.71468 16.326 0.010
3196.56057 16.258 0.011
3196.73031 16.173 0.010
3197.49911 16.260 0.011
3197.56094 16.270 0.010
3197.65406 16.338 0.011
3197.73383 16.405 0.011
3197.81115 16.298 0.012
3199.60888 16.382 0.012
3199.66892 16.414 0.011
3201.52979 16.447 0.011
3202.48027 16.203 0.011
3202.65752 16.325 0.011
3202.70597 16.350 0.011
3202.76641 16.412 0.011
3202.82551 16.387 0.013
3203.47587 16.327 0.011
3203.57405 16.130 0.009
3203.69742 16.167 0.010
3203.75134 16.197 0.010
3203.83090 16.247 0.011
3204.54112 16.303 0.010
3204.60779 16.360 0.011
3204.69006 16.416 0.010
3204.77468 16.232 0.011
3205.47083 16.130 0.010
3205.52043 16.144 0.010
3205.59360 16.205 0.009
3205.66783 16.215 0.009
3205.67115 16.234 0.010
3205.72176 16.283 0.010
3205.76392 16.311 0.010
3206.46457 16.333 0.012
3206.48291 16.317 0.013
3206.49570 16.393 0.012
3206.52285 16.392 0.011
3206.75645 16.140 0.011
3207.65058 16.286 0.011
3209.54938 16.304 0.011
3210.49098 16.137 0.010
3211.64629 16.391 0.011
3217.68705 16.280 0.011
3217.71329 16.294 0.011
3217.73948 16.319 0.012
3218.68610 16.113 0.011
3223.69002 16.177 0.011
3224.73460 16.341 0.011
3224.75760 16.362 0.012
3226.66545 16.356 0.013
3229.73572 16.290 0.013
3230.70582 16.147 0.010
3231.60914 16.305 0.011
3232.64261 16.184 0.011
3238.65746 16.415 0.012
3240.50658 16.371 0.011
3241.69016 16.285 0.016
3245.59342 16.421 0.013
3247.48050 16.397 0.011
3249.58682 16.141 0.011
3250.69383 16.360 0.015
3254.54756 16.172 0.011
3254.65119 16.141 0.010
3255.61703 16.331 0.013
3256.53728 16.128 0.011
3256.55936 16.145 0.011
3256.62052 16.180 0.011
3256.67926 16.230 0.011
3257.49196 16.348 0.011
3257.65736 16.251 0.011
3257.67267 16.236 0.011
3258.56645 16.254 0.011
3260.52822 16.286 0.012
3261.52168 16.139 0.010
3264.51778 16.422 0.011
3265.51373 16.251 0.011
3267.56436 16.366 0.011
3272.62496 16.328 0.011
3277.53637 16.298 0.011
3279.59171 16.397 0.011
3282.51415 16.247 0.010
3294.48711 16.184 0.014
3295.55939 16.183 0.007
3300.54676 16.113 0.012
3305.54804 16.200 0.011
3307.52800 16.130 0.014
3311.50730 16.237 0.013
3417.89338 16.237 0.010
3423.85220 16.376 0.012
3423.87538 16.375 0.009
3426.90067 16.364 0.011
3429.88490 16.241 0.011
3436.84204 16.267 0.011
3443.79725 16.304 0.010
3445.84026 16.388 0.010
3447.88876 16.162 0.010
3449.90596 16.179 0.009
3453.80814 16.248 0.011
3455.86792 16.346 0.011
3456.87649 16.200 0.010
3457.87098 16.395 0.011
3459.86192 16.133 0.009
3467.91528 16.437 0.011
3470.90339 16.306 0.009
3472.81322 16.340 0.010
3473.89480 16.202 0.010
3474.89673 16.318 0.010
3474.90678 16.278 0.010
3475.89233 16.280 0.009
3477.90810 16.350 0.010
3479.77871 16.344 0.009
3480.90762 16.271 0.009
3482.91052 16.342 0.010
3484.67908 16.263 0.013
3484.87770 16.419 0.011
3496.76639 16.345 0.011
3497.86761 16.250 0.011
3499.76085 16.222 0.009
3500.84778 16.154 0.009
3502.66360 16.203 0.009
3503.81629 16.417 0.010
3506.76354 16.268 0.011
3508.87988 16.411 0.012
3509.67727 16.166 0.010
3510.91779 16.145 0.009
3511.85114 16.313 0.010
3512.86249 16.155 0.011
3517.71375 16.346 0.013
3520.86606 16.344 0.011
3521.67894 16.177 0.008
3522.78749 16.248 0.009
3523.82158 16.336 0.010
3524.82198 16.157 0.009
3525.89707 16.363 0.011
3526.92785 16.293 0.012
3528.60033 16.202 0.009
3530.81998 16.374 0.009
3537.78776 16.401 0.010
3538.71359 16.180 0.008
3540.76726 16.323 0.010
3544.77536 16.423 0.011
3547.77991 16.309 0.011
3550.79326 16.252 0.009
3551.78801 16.130 0.011
3552.80714 16.319 0.011
3553.78689 16.165 0.010
3554.80901 16.407 0.012
3555.79853 16.217 0.012
3556.71083 16.415 0.011
3558.59488 16.409 0.011
3559.60332 16.263 0.010
3560.64459 16.129 0.008
3561.58107 16.315 0.010
3562.63372 16.174 0.009
3563.68575 16.335 0.010
3564.52010 16.179 0.012
3569.62430 16.189 0.012
3573.73264 16.422 0.011
3574.72976 16.233 0.010
3575.67150 16.258 0.009
3576.72758 16.295 0.011
3577.77595 16.201 0.010
3578.71261 16.367 0.009
3579.65795 16.193 0.009
3580.69758 16.314 0.010
3581.71082 16.263 0.009
3582.65973 16.153 0.008
3583.67793 16.341 0.010
3584.68187 16.185 0.008
3585.68010 16.412 0.010
3586.69343 16.254 0.009
3588.76301 16.356 0.011
3589.72380 16.202 0.010
3590.72005 16.404 0.011
3591.69508 16.223 0.009
3592.72841 16.163 0.009
3593.49194 16.173 0.007
3593.58185 16.226 0.009
3601.69622 16.177 0.010
3602.69652 16.375 0.012
3603.67775 16.199 0.010
3607.67544 16.381 0.011
3609.50330 16.341 0.011
3615.62075 16.215 0.010
3617.65122 16.312 0.011
3619.58414 16.338 0.010
3621.58653 16.404 0.011
3628.65113 16.109 0.012
3629.50919 16.241 0.009
3631.61000 16.383 0.011
3633.53663 16.397 0.013
3634.61567 16.301 0.011
3639.48627 16.179 0.008
3641.59028 16.322 0.011
3644.57303 16.197 0.009
3649.54648 16.162 0.008
3651.59072 16.272 0.011
3655.55940 16.411 0.011
3657.54929 16.227 0.011
3659.55717 16.142 0.012
3662.55553 16.338 0.015
3668.52203 16.205 0.012
3676.50107 16.110 0.011
3777.86161 16.196 0.010
3783.84568 16.251 0.010
3785.86348 16.363 0.010
3787.87312 16.317 0.010
3791.84747 16.154 0.011
3793.89168 16.255 0.009
3795.87594 16.314 0.011
3796.90837 16.174 0.011
3798.83928 16.198 0.010
3799.89364 16.200 0.011
3801.84840 16.137 0.009
3802.88285 16.371 0.011
3804.79605 16.376 0.011
3805.83458 16.253 0.010
3806.83130 16.177 0.011
3807.85548 16.318 0.011
3807.89632 16.367 0.009
3807.90503 16.373 0.010
3807.91118 16.358 0.011
3807.91409 16.344 0.011
3808.76521 16.114 0.011
3808.85912 16.132 0.010
3809.76706 16.359 0.011
3810.77419 16.164 0.010
3810.91209 16.247 0.011
3811.80264 16.338 0.011
3812.88357 16.315 0.011
3813.86328 16.157 0.009
3814.85875 16.367 0.011
3818.77638 16.201 0.009
3819.84001 16.320 0.009
3820.80408 16.150 0.008
3821.80723 16.415 0.010
3822.85089 16.249 0.010
3823.81187 16.205 0.009
3824.80582 16.288 0.011
3825.83793 16.163 0.010
3826.80709 16.360 0.010
3827.83806 16.223 0.009
3828.81814 16.289 0.010
3829.74596 16.202 0.010
3830.77449 16.162 0.009
3833.80514 16.422 0.010
3834.77810 16.226 0.009
3835.76576 16.235 0.010
3836.72721 16.274 0.011
3837.76783 16.151 0.009
3838.77580 16.350 0.012
3838.89389 16.281 0.011
3839.77172 16.202 0.010
3840.77488 16.323 0.010
3841.73007 16.237 0.010
3841.87998 16.326 0.010
3842.72843 16.189 0.011
3845.75158 16.415 0.018
3846.76244 16.256 0.009
3846.89113 16.296 0.010
3847.83550 16.134 0.010
3848.78557 16.303 0.011
3848.90987 16.408 0.011
3849.78309 16.159 0.009
3850.73190 16.367 0.010
3850.90112 16.190 0.010
3851.74188 16.191 0.009
3851.90666 16.287 0.010
3852.73041 16.376 0.011
3852.85449 16.126 0.009
3853.72310 16.259 0.008
3853.88729 16.368 0.009
3856.71133 16.163 0.009
3856.89945 16.263 0.009
3858.74823 16.267 0.010
3860.70365 16.284 0.011
3861.70108 16.138 0.009
3861.71268 16.158 0.010
3861.80518 16.202 0.009
3861.81679 16.211 0.008
3861.90411 16.265 0.009
3862.68289 16.379 0.011
3862.89767 16.147 0.010
3863.69575 16.204 0.009
3863.83970 16.296 0.009
3863.91565 16.339 0.009
3864.71253 16.303 0.010
3864.89874 16.171 0.008
3865.67324 16.279 0.010
3865.80812 16.340 0.010
3865.88673 16.425 0.010
3866.71802 16.145 0.008
3866.85747 16.219 0.010
3867.66390 16.312 0.011
3867.84934 16.360 0.010
3867.91960 16.185 0.009
3868.67170 16.177 0.011
3868.81497 16.252 0.011
3868.89548 16.303 0.011
3869.64142 16.397 0.011
3869.82985 16.141 0.011
3869.90603 16.158 0.011
3873.70531 16.165 0.009
3873.84437 16.244 0.010
3873.91485 16.290 0.010
3874.70660 16.407 0.011
3874.87507 16.130 0.009
3875.64326 16.202 0.009
3875.79049 16.264 0.008
3875.86922 16.313 0.009
3876.66667 16.359 0.008
3877.67114 16.287 0.010
3877.81936 16.377 0.010
3877.89316 16.436 0.011
3880.87469 16.310 0.010
3881.60906 16.347 0.013
3881.69491 16.380 0.010
3881.83767 16.152 0.008
3882.60700 16.219 0.010
3882.81000 16.348 0.010
3882.88014 16.404 0.011
3883.67237 16.159 0.009
3883.91105 16.230 0.010
3886.64052 16.393 0.010
3886.82717 16.165 0.009
3886.89922 16.142 0.009
3886.92525 16.152 0.010
3887.60771 16.214 0.010
3887.81040 16.311 0.010
3887.83819 16.330 0.011
3887.91025 16.402 0.011
3889.69018 16.297 0.009
3890.57848 16.218 0.011
3891.71478 16.403 0.011
3891.83175 16.214 0.010
3891.91343 16.135 0.010
3892.62514 16.152 0.010
3893.66227 16.395 0.011
3893.91077 16.182 0.011
3894.70724 16.270 0.011
3896.65098 16.326 0.011
3900.56626 16.409 0.013
3900.59217 16.356 0.011
3900.64886 16.230 0.010
3900.75271 16.154 0.009
3900.82805 16.184 0.011
3901.58013 16.256 0.012
3901.75490 16.368 0.011
3901.83171 16.393 0.011
3901.90419 16.211 0.011
3902.60105 16.118 0.008
3902.78615 16.221 0.010
3902.90842 16.277 0.014
3903.69345 16.415 0.011
3904.58406 16.175 0.008
3904.74729 16.256 0.010
3904.81632 16.316 0.010
3904.86914 16.346 0.011
3905.58098 16.409 0.010
3905.75500 16.118 0.008
3905.82762 16.172 0.008
3905.89622 16.186 0.010
3906.51963 16.187 0.011
3906.55793 16.206 0.010
3906.68948 16.320 0.010
3906.76247 16.353 0.010
3906.83513 16.399 0.011
3907.62615 16.150 0.009
3907.82101 16.228 0.011
3908.56231 16.290 0.010
3908.59983 16.325 0.009
3908.68391 16.365 0.009
3908.75277 16.403 0.010
3908.79053 16.324 0.010
3908.82803 16.226 0.009
3909.56743 16.141 0.009
3909.76534 16.248 0.009
3909.84374 16.334 0.010
3910.62364 16.418 0.011
3912.56658 16.330 0.009
3912.76336 16.167 0.008
3912.85122 16.215 0.009
3913.56434 16.272 0.009
3913.76654 16.438 0.011
3913.85636 16.228 0.010
3914.58178 16.145 0.009
3915.56234 16.353 0.010
3915.76563 16.216 0.009
3915.86268 16.153 0.010
3916.61018 16.205 0.010
3916.78284 16.302 0.011
3917.65016 16.238 0.011
3917.85643 16.204 0.011
3918.64362 16.334 0.010
3918.85333 16.384 0.011
3919.59647 16.122 0.010
3919.83352 16.275 0.010
3920.54811 16.327 0.010
3920.74439 16.377 0.011
3920.82316 16.185 0.009
3921.54115 16.162 0.010
3921.75159 16.258 0.011
3922.74806 16.112 0.011
3930.59564 16.255 0.009
3931.54672 16.128 0.009
3931.67339 16.197 0.010
3932.55856 16.340 0.011
3933.54755 16.179 0.009
3933.72885 16.292 0.009
3933.80453 16.320 0.010
3934.51833 16.384 0.011
3934.64235 16.242 0.009
3934.71212 16.139 0.009
3934.78118 16.158 0.009
3935.56812 16.231 0.011
3935.73945 16.366 0.010
3935.79124 16.398 0.012
3936.52173 16.237 0.011
3936.68708 16.171 0.009
3936.76470 16.205 0.010
3937.59696 16.328 0.009
3938.52929 16.133 0.010
3938.73087 16.255 0.010
3938.78008 16.260 0.011
3940.63229 16.266 0.008
3941.68144 16.127 0.010
3944.58578 16.389 0.009
3945.53466 16.193 0.010
3945.72269 16.288 0.010
3946.54495 16.416 0.011
3946.73434 16.131 0.009
3950.48162 16.136 0.009
3950.55277 16.175 0.008
3950.68809 16.246 0.009
3950.77229 16.301 0.011
3951.54903 16.407 0.011
3956.59543 16.398 0.012
3957.53632 16.186 0.010
3958.60907 16.162 0.010
3959.54902 16.304 0.010
3959.71338 16.371 0.011
3960.52700 16.153 0.009
3960.70690 16.208 0.009
3961.60212 16.358 0.013
3963.48860 16.396 0.011
3963.66319 16.146 0.009
3963.73652 16.130 0.011
3964.56184 16.270 0.009
3965.54873 16.143 0.008
3966.53991 16.327 0.010
3966.72241 16.311 0.011
3967.56372 16.134 0.011
3968.52643 16.384 0.011
3968.69794 16.138 0.010
3969.53421 16.198 0.010
3969.70894 16.306 0.011
3970.54213 16.201 0.010
3971.58193 16.290 0.011
3973.60711 16.404 0.011
3974.53692 16.175 0.011
3975.53941 16.322 0.010
3976.53415 16.283 0.010
3979.54393 16.175 0.013
3982.61108 16.165 0.011
3986.61114 16.255 0.011
3987.53354 16.228 0.010
3988.54638 16.300 0.009
3989.60808 16.166 0.011
3990.65032 16.341 0.011
3994.50305 16.189 0.011
3995.60067 16.428 0.010
3999.63824 16.167 0.011
4000.54525 16.320 0.011
4001.53500 16.153 0.009
4002.53171 16.388 0.010
4004.55466 16.215 0.011
4005.55733 16.320 0.011
4006.55204 16.140 0.009
4012.52771 16.342 0.012
4016.57282 16.121 0.011
4018.58224 16.132 0.011
4021.56619 16.209 0.011
4024.51391 16.333 0.011
4026.50944 16.449 0.011
4028.52544 16.131 0.010
4031.52557 16.357 0.013
4039.50047 16.212 0.014
4042.49824 16.140 0.014
4142.88109 16.337 0.014
4151.88623 16.245 0.012
4154.83367 16.318 0.011
4156.88666 16.376 0.013
4159.82070 16.281 0.011
4161.87414 16.409 0.012
4163.89014 16.184 0.010
4165.84701 16.112 0.011
4168.84450 16.402 0.012
4170.85511 16.125 0.011
4175.88059 16.145 0.009
4177.78031 16.142 0.010
4178.83766 16.370 0.011
4179.87753 16.230 0.011
4181.81396 16.259 0.011
4182.86253 16.141 0.009
4183.89501 16.379 0.012
4185.77146 16.377 0.012
4191.78201 16.181 0.011
4193.79311 16.261 0.012
4194.81594 16.148 0.011
4196.80598 16.185 0.011
4202.78754 16.394 0.011
4203.77533 16.196 0.010
4204.76773 16.321 0.011
4205.76590 16.280 0.010
4205.91729 16.362 0.011
4207.75716 16.326 0.011
4208.71110 16.148 0.011
4211.82243 16.125 0.011
4212.85199 16.350 0.012
4213.76006 16.157 0.010
4215.77306 16.220 0.011
4216.73092 16.336 0.011
4217.73845 16.270 0.010
4217.89974 16.381 0.010
4218.78822 16.129 0.011
4219.79824 16.400 0.011
4220.73725 16.177 0.011
4222.70587 16.236 0.011
4224.81623 16.384 0.011
4228.70854 16.264 0.011
4229.70212 16.267 0.011
4229.89908 16.424 0.011
4230.65032 16.168 0.010
4230.83831 16.193 0.011
4230.89998 16.214 0.012
4231.67426 16.364 0.010
4231.72538 16.328 0.010
4231.88035 16.229 0.011
4232.66200 16.155 0.012
4232.78704 16.222 0.011
4232.92457 16.326 0.012
4233.85477 16.141 0.010
4234.78508 16.299 0.011
4234.90745 16.385 0.011
4235.69867 16.163 0.010
4235.75612 16.134 0.010
4235.85972 16.197 0.011
4235.92229 16.233 0.011
4237.62521 16.120 0.011
4238.69655 16.405 0.011
4238.90605 16.140 0.011
4239.66842 16.200 0.011
4240.70805 16.214 0.011
4240.86449 16.171 0.011
4243.67373 16.358 0.011
4243.76716 16.430 0.012
4243.86006 16.204 0.011
4244.64593 16.166 0.011
4244.74230 16.240 0.011
4244.83490 16.290 0.011
4245.63899 16.412 0.011
4245.73331 16.231 0.010
4245.82877 16.131 0.010
4245.90140 16.156 0.011
4246.69766 16.264 0.011
4246.79081 16.331 0.011
4246.88350 16.393 0.011
4247.71273 16.123 0.011
4247.72115 16.122 0.011
4247.72730 16.142 0.010
4247.73296 16.139 0.010
4247.73869 16.142 0.010
4247.74464 16.136 0.011
4247.75041 16.149 0.010
4247.75651 16.151 0.010
4247.76508 16.158 0.010
4247.77346 16.169 0.010
4247.78293 16.158 0.010
4247.78839 16.174 0.010
4247.79392 16.160 0.010
4247.79944 16.176 0.010
4247.81981 16.189 0.010
4247.82532 16.189 0.010
4247.83358 16.204 0.010
4247.83647 16.196 0.011
4247.83921 16.197 0.010
4247.84199 16.202 0.011
4247.84475 16.193 0.010
4247.84749 16.195 0.011
4247.85043 16.199 0.010
4247.85318 16.195 0.011
4247.85588 16.202 0.010
4247.85864 16.219 0.010
4247.86139 16.205 0.011
4247.86450 16.218 0.011
4247.86726 16.215 0.011
4247.86996 16.216 0.011
4247.87270 16.234 0.011
4247.87544 16.236 0.011
4247.87813 16.211 0.011
4247.88174 16.216 0.011
4247.88442 16.215 0.011
4247.88709 16.209 0.011
4247.88984 16.213 0.011
4247.89253 16.217 0.011
4247.89529 16.209 0.012
4247.89806 16.214 0.012
4247.90074 16.228 0.013
4247.90350 16.221 0.012
4247.90626 16.236 0.012
4247.90947 16.237 0.011
4247.91217 16.221 0.012
4247.91493 16.236 0.012
4247.91762 16.235 0.012
4247.92036 16.238 0.012
4247.92311 16.235 0.012
4247.92579 16.214 0.013
4247.92856 16.245 0.012
4247.93130 16.236 0.012
4247.93400 16.246 0.013
4247.93706 16.222 0.013
4247.94349 16.237 0.013
4247.94644 16.202 0.014
4250.69952 16.400 0.012
4250.76078 16.233 0.011
4256.65321 16.198 0.012
4256.79874 16.270 0.013
4257.68008 16.253 0.011
4258.66320 16.249 0.012
4258.78602 16.327 0.012
4258.87865 16.406 0.013
4267.62287 16.329 0.010
4268.73794 16.272 0.009
4268.86985 16.353 0.012
4269.60508 16.408 0.011
4269.75534 16.118 0.010
4270.53978 16.205 0.011
4272.58625 16.305 0.011
4272.73615 16.412 0.011
4272.79477 16.246 0.011
4272.86615 16.132 0.011
4273.64665 16.177 0.011
4273.82479 16.306 0.013
4273.88599 16.344 0.015
4274.57769 16.389 0.013
4274.73064 16.182 0.011
4274.79153 16.115 0.011
4275.62924 16.241 0.011
4275.80452 16.346 0.012
4275.86562 16.432 0.015
4276.61399 16.198 0.011
4277.55771 16.255 0.012
4277.73476 16.381 0.012
4277.79343 16.409 0.013
4278.60265 16.144 0.011
4278.78952 16.237 0.013
4283.54025 16.200 0.011
4284.53200 16.290 0.012
4284.68237 16.399 0.012
4284.74176 16.334 0.011
4284.80379 16.179 0.011
4284.86876 16.116 0.013
4285.53519 16.160 0.011
4285.72872 16.249 0.011
4285.79002 16.296 0.011
4285.85522 16.326 0.012
4286.53496 16.401 0.013
4286.84314 16.145 0.014
4289.54583 16.288 0.011
4289.76472 16.379 0.012
4289.83144 16.209 0.011
4290.59212 16.139 0.011
4291.61180 16.420 0.011
4292.51738 16.181 0.010
4292.69639 16.264 0.011
4292.75518 16.312 0.011
4292.81816 16.380 0.012
4293.51812 16.414 0.011
4293.70227 16.131 0.010
4293.76104 16.162 0.010
4293.80129 16.178 0.011
4293.83879 16.195 0.011
4294.51675 16.252 0.011
4295.52691 16.170 0.010
4295.72200 16.201 0.010
4295.78061 16.242 0.011
4296.52099 16.312 0.012
4296.73204 16.236 0.010
4297.54080 16.185 0.011
4297.74537 16.298 0.010
4298.59111 16.345 0.011
4298.68687 16.139 0.010
4298.82431 16.155 0.012
4299.56236 16.266 0.010
4299.65228 16.322 0.010
4299.74354 16.374 0.011
4300.55899 16.157 0.010
4300.67415 16.157 0.010
4300.81961 16.237 0.011
4301.54513 16.323 0.011
4301.64139 16.381 0.011
4301.74357 16.355 0.011
4302.61811 16.186 0.011
4302.78321 16.279 0.011
4303.70470 16.175 0.011
4304.58298 16.230 0.011
4306.58874 16.303 0.012
4310.64235 16.156 0.013
4312.52992 16.153 0.011
4312.77281 16.233 0.011
4314.78739 16.307 0.013
4315.56140 16.419 0.012
4316.59166 16.269 0.011
4317.51358 16.237 0.010
4319.54864 16.148 0.010
4319.69461 16.216 0.011
4320.61596 16.395 0.012
4326.53727 16.186 0.010
4326.74151 16.306 0.011
4327.61725 16.206 0.011
4328.48238 16.207 0.011
4328.72203 16.375 0.013
4329.55289 16.119 0.011
4329.70021 16.167 0.011
4330.48272 16.290 0.011
4330.72003 16.316 0.011
4331.52487 16.156 0.010
4332.53488 16.409 0.011
4333.55986 16.239 0.011
4333.62988 16.300 0.013
4333.70600 16.328 0.014
4334.53262 16.237 0.011
4338.53002 16.218 0.011
4338.70788 16.294 0.017
4339.52612 16.364 0.011
4340.64632 16.327 0.011
4341.53038 16.119 0.011
4342.56242 16.366 0.012
4343.54627 16.193 0.010
4344.57584 16.321 0.011
4345.53792 16.243 0.011
4346.54753 16.126 0.011
4347.56186 16.344 0.011
4349.52756 16.416 0.011
4350.58106 16.248 0.010
4351.53275 16.231 0.010
4352.58909 16.314 0.013
4353.55240 16.147 0.010
4354.57180 16.404 0.011
4355.57963 16.226 0.011
4356.53682 16.313 0.012
4357.50824 16.244 0.013
4358.55165 16.138 0.011
4359.52059 16.311 0.012
4361.53396 16.397 0.015
4362.55133 16.245 0.013
4365.58955 16.195 0.012
4367.54295 16.226 0.011
4368.51592 16.249 0.014
4369.59507 16.319 0.015
4370.52295 16.124 0.010
4371.49737 16.339 0.011
4372.54650 16.208 0.010
4373.53755 16.312 0.012
4377.51076 16.155 0.010
4378.54514 16.380 0.012
4380.50261 16.228 0.011
4381.55027 16.315 0.014
4382.53677 16.150 0.012
4383.54098 16.387 0.013
4384.51540 16.216 0.012
4388.59074 16.399 0.014
4393.55744 16.363 0.011
4394.53067 16.170 0.011
4395.56684 16.344 0.014
4396.53660 16.237 0.014
4397.56031 16.133 0.011
4398.56565 16.321 0.013
4399.51558 16.119 0.012
4400.56002 16.399 0.018
4403.51393 16.247 0.013
4409.53138 16.116 0.013
4507.88949 16.189 0.014
4511.85694 16.275 0.010
4511.87672 16.310 0.010
4513.88812 16.410 0.011
4517.88724 16.132 0.011
4521.82658 16.227 0.012
4523.89901 16.332 0.012
4525.84290 16.383 0.014
4531.85079 16.202 0.011
4534.87993 16.127 0.011
4536.80444 16.138 0.011
4537.86457 16.424 0.011
4538.89697 16.259 0.011
4539.88308 16.140 0.010
4540.82701 16.300 0.010
4541.81950 16.142 0.010
4542.81431 16.349 0.011
4543.80980 16.202 0.010
4544.80678 16.395 0.011
4545.77089 16.227 0.011
4546.77759 16.187 0.011
4547.75228 16.297 0.011
4548.86818 16.205 0.011
4548.89552 16.197 0.013
4550.77464 16.219 0.012
4551.80115 16.221 0.011
4552.74496 16.235 0.016
4556.78436 16.390 0.011
4557.80551 16.282 0.011
4558.73515 16.217 0.010
4559.77602 16.323 0.010
4560.77640 16.163 0.010
4561.76571 16.417 0.010
4564.75596 16.301 0.010
4565.75399 16.142 0.009
4566.75343 16.365 0.010
4567.75338 16.198 0.010
4568.76290 16.323 0.010
4569.77330 16.282 0.010
4570.75858 16.144 0.010
4571.75025 16.318 0.011
4572.77707 16.196 0.010
4573.76524 16.427 0.011
4574.76781 16.254 0.011
4574.91632 16.355 0.011
4575.77663 16.155 0.010
4576.88654 16.434 0.012
4577.86483 16.220 0.011
4577.92085 16.259 0.011
4578.81915 16.362 0.012
4579.89298 16.297 0.011
4583.76322 16.377 0.011
4585.79017 16.225 0.011
4586.76627 16.270 0.011
4587.79985 16.142 0.011
4588.67500 16.283 0.011
4588.90749 16.344 0.011
4589.72145 16.173 0.010
4589.87675 16.222 0.011
4590.73024 16.417 0.011
4590.93545 16.125 0.011
4591.67133 16.194 0.010
4591.88264 16.320 0.011
4592.69155 16.319 0.011
4592.88084 16.184 0.011
4593.68073 16.293 0.011
4593.89056 16.423 0.012
4593.93039 16.403 0.011
4594.70197 16.147 0.010
4594.89681 16.245 0.011
4595.69452 16.354 0.011
4595.88581 16.211 0.011
4596.68637 16.200 0.010
4597.71100 16.381 0.011
4597.90260 16.171 0.010
4598.68720 16.251 0.010
4599.65971 16.225 0.011
4599.69899 16.161 0.010
4599.73331 16.134 0.009
4599.79820 16.154 0.009
4599.83033 16.173 0.009
4599.91321 16.209 0.011
4599.93063 16.242 0.011
4600.61240 16.255 0.010
4600.65788 16.310 0.010
4600.67207 16.312 0.010
4600.77249 16.368 0.010
4600.82132 16.429 0.010
4600.86657 16.355 0.010
4600.88074 16.314 0.010
4601.61815 16.135 0.010
4601.67460 16.161 0.009
4601.89086 16.275 0.010
4602.66717 16.385 0.011
4602.89148 16.137 0.008
4603.87857 16.350 0.011
4606.67500 16.131 0.010
4606.93018 16.283 0.011
4610.90559 16.410 0.012
4611.65384 16.175 0.010
4611.80271 16.184 0.010
4612.67533 16.315 0.011
4615.81766 16.322 0.011
4616.62931 16.290 0.011
4616.84560 16.178 0.011
4617.73021 16.314 0.012
4618.63787 16.153 0.010
4622.65145 16.254 0.011
4622.83640 16.378 0.012
4623.69808 16.119 0.011
4623.89568 16.244 0.012
4624.61956 16.319 0.013
4624.83957 16.225 0.010
4624.90863 16.122 0.011
4625.62997 16.164 0.011
4625.84933 16.288 0.012
4626.65397 16.409 0.012
4627.58855 16.201 0.011
4627.87797 16.392 0.010
4628.59552 16.280 0.011
4628.78527 16.142 0.011
4628.84761 16.202 0.010
4628.92181 16.230 0.011
4629.65835 16.320 0.011
4629.86595 16.254 0.011
4630.59339 16.129 0.009
4630.80917 16.260 0.011
4630.87872 16.279 0.011
4631.61894 16.364 0.011
4631.81760 16.148 0.009
4631.89300 16.138 0.011
4632.52865 16.147 0.012
4632.55250 16.159 0.011
4632.58365 16.180 0.010
4632.59802 16.195 0.010
4632.60115 16.189 0.011
4632.61761 16.214 0.010
4632.64501 16.206 0.010
4632.67028 16.233 0.010
4632.69008 16.244 0.010
4632.71813 16.273 0.010
4632.74917 16.259 0.010
4632.78719 16.328 0.011
4632.80797 16.315 0.010
4632.84104 16.345 0.011
4632.87022 16.338 0.012
4633.53368 16.381 0.012
4633.59507 16.418 0.011
4633.63889 16.258 0.010
4633.70603 16.161 0.009
4633.83944 16.180 0.010
4638.70403 16.222 0.011
4638.77952 16.145 0.010
4639.53214 16.191 0.011
4639.60317 16.220 0.010
4639.74620 16.329 0.011
4640.62129 16.156 0.011
4640.75320 16.181 0.010
4641.69686 16.360 0.011
4641.80894 16.333 0.011
4642.61928 16.166 0.010
4642.78151 16.257 0.012
4642.86060 16.320 0.012
4643.57854 16.365 0.011
4644.62705 16.225 0.011
4645.55742 16.418 0.013
4645.80512 16.152 0.010
4645.87068 16.224 0.011
4646.55245 16.233 0.010
4646.87818 16.227 0.011
4647.54876 16.165 0.010
4647.76496 16.219 0.011
4647.78915 16.208 0.011
4648.54584 16.310 0.011
4648.79974 16.175 0.011
4649.55607 16.167 0.010
4649.78245 16.279 0.011
4650.55722 16.408 0.011
4650.82030 16.143 0.011
4651.54064 16.205 0.011
4652.53210 16.275 0.011
4652.74630 16.173 0.010
4653.52772 16.281 0.012
4653.74697 16.416 0.012
4654.56682 16.139 0.011
4654.78141 16.273 0.011
4655.52758 16.351 0.011
4655.75217 16.156 0.009
4656.52953 16.179 0.010
4656.71939 16.314 0.011
4656.83872 16.386 0.013
4657.75793 16.158 0.011
4658.68817 16.348 0.012
4660.64044 16.402 0.012
4661.51763 16.165 0.011
4661.71830 16.266 0.012
4661.78534 16.307 0.011
4665.68526 16.433 0.013
4666.59055 16.182 0.010
4666.69156 16.231 0.011
4666.73375 16.272 0.011
4666.80609 16.291 0.015
4670.58764 16.293 0.012
4671.61073 16.177 0.009
4671.78282 16.272 0.013
4672.53658 16.334 0.010
4672.68677 16.251 0.010
4672.77195 16.120 0.011
4674.54237 16.360 0.011
4674.73259 16.144 0.011
4675.79013 16.363 0.013
4677.51595 16.311 0.011
4677.60065 16.381 0.012
4677.75545 16.180 0.011
4679.65472 16.164 0.011
4681.56455 16.140 0.010
4681.65734 16.147 0.010
4681.74762 16.204 0.010
4682.58191 16.314 0.011
4682.68564 16.408 0.011
4683.54697 16.149 0.011
4683.73557 16.268 0.011
4684.53956 16.381 0.011
4684.71093 16.130 0.010
4685.48218 16.147 0.011
4685.75967 16.355 0.012
4686.52827 16.293 0.011
4687.53164 16.266 0.011
4687.76752 16.347 0.011
4688.52494 16.133 0.010
4688.71465 16.218 0.011
4693.58398 16.127 0.011
4694.63375 16.388 0.014
4697.52838 16.230 0.010
4698.53382 16.219 0.009
4699.53195 16.306 0.011
4700.53644 16.143 0.010
4701.53251 16.377 0.012
4702.54791 16.203 0.011
4703.61536 16.123 0.011
4704.67073 16.369 0.011
4705.59899 16.151 0.011
4707.62721 16.235 0.010
4708.57908 16.265 0.011
4709.54318 16.244 0.011
4710.58391 16.150 0.011
4715.61819 16.129 0.011
4716.61582 16.356 0.012
4720.53612 16.281 0.011
4721.53387 16.260 0.013
4722.49963 16.140 0.011
4724.53638 16.187 0.011
4725.51508 16.399 0.012
4726.51158 16.204 0.013
4729.49662 16.130 0.011
4729.52561 16.131 0.011
4729.61628 16.197 0.011
4730.49801 16.364 0.011
4731.60499 16.249 0.011
4733.55344 16.280 0.011
4734.58278 16.147 0.011
4737.57140 16.211 0.011
4740.58427 16.372 0.014
4753.57528 16.211 0.012
4758.54105 16.168 0.011
4767.52667 16.274 0.012
4768.52082 16.106 0.012
4869.87694 16.129 0.011
4872.86932 16.412 0.014
4873.89111 16.222 0.013
4875.89098 16.323 0.012
4878.86509 16.194 0.010
4884.88169 16.372 0.011
4887.85411 16.319 0.011
4891.81041 16.306 0.012
4896.90135 16.210 0.010
4899.86909 16.339 0.011
4901.79869 16.395 0.011
4903.79442 16.266 0.011
4905.84265 16.153 0.010
4910.84069 16.120 0.010
4911.87765 16.392 0.010
4913.89115 16.231 0.009
4917.73775 16.126 0.009
4921.73931 16.244 0.011
4925.72610 16.379 0.011
4925.84240 16.271 0.010
4926.71922 16.199 0.011
4927.74226 16.219 0.011
4927.89691 16.156 0.010
4928.79069 16.312 0.011
4929.73735 16.138 0.011
4930.72934 16.361 0.011
4930.87720 16.250 0.011
4931.77350 16.195 0.011
4932.70760 16.411 0.011
4932.90675 16.156 0.010
4933.72348 16.247 0.011
4933.90119 16.383 0.012
4934.82212 16.160 0.010
4938.72305 16.238 0.010
4939.68387 16.311 0.011
4940.68386 16.273 0.011
4941.87897 16.231 0.011
4942.70033 16.360 0.011
4942.77230 16.429 0.011
4943.71273 16.193 0.009
4943.86956 16.303 0.011
4944.72414 16.299 0.010
4945.66930 16.240 0.010
4946.69519 16.139 0.009
4947.68274 16.345 0.010
4948.66239 16.135 0.010
4950.65311 16.207 0.010
4951.81683 16.121 0.011
4952.78599 16.368 0.010
4953.68618 16.136 0.009
4954.66492 16.363 0.011
4954.73103 16.431 0.011
4955.83400 16.288 0.011
