2166.90333 18.907 0.058
2166.90695 18.972 0.076
2173.82374 18.795 0.052
2173.82739 18.751 0.052
2192.79707 18.572 0.036
2192.80040 18.594 0.039
2201.80985 18.609 0.033
2212.84480 18.878 0.064
2223.84615 18.923 0.055
2226.82611 19.101 0.073
2226.82943 18.948 0.073
2229.63805 18.887 0.064
2229.64135 18.818 0.071
2230.77663 18.809 0.052
2230.77993 18.891 0.072
2232.79638 18.973 0.058
2234.79057 18.617 0.036
2238.76257 18.965 0.051
2238.76587 18.928 0.067
2241.63760 18.786 0.055
2241.64090 18.862 0.074
2243.69603 18.520 0.045
2243.69933 18.534 0.056
2248.76843 18.806 0.042
2248.77173 18.775 0.050
2251.72586 18.804 0.042
2251.72917 18.816 0.052
2253.80995 19.014 0.056
2253.81325 18.866 0.056
2255.68493 18.559 0.045
2261.70519 18.619 0.042
2261.71420 18.789 0.087
2264.78624 18.661 0.037
2264.78954 18.670 0.042
2269.81964 18.841 0.051
2269.82293 18.868 0.063
2271.76707 18.939 0.046
2271.77035 19.015 0.061
2273.85209 18.712 0.052
2274.63676 18.893 0.071
2274.64007 19.007 0.090
2276.74387 18.699 0.052
2276.74718 18.704 0.056
2278.64240 18.783 0.050
2278.64571 18.704 0.059
2280.64059 18.941 0.058
2280.64389 18.966 0.072
2282.64916 18.456 0.042
2282.65246 18.543 0.069
2284.64042 18.775 0.058
2289.78281 18.605 0.043
2289.78613 18.542 0.050
2291.79091 18.604 0.052
2291.79422 18.738 0.068
2295.77858 18.535 0.037
2295.78190 18.558 0.046
2297.77191 18.631 0.045
2297.77521 18.718 0.061
2299.81245 18.908 0.072
2299.81577 18.901 0.077
2301.70658 19.029 0.082
2301.70988 19.120 0.097
2303.70276 18.593 0.056
2303.70607 18.675 0.085
2321.65386 18.627 0.050
2327.53239 18.522 0.050
2327.53602 18.560 0.063
2332.56527 18.737 0.077
2332.56891 18.836 0.090
2333.52934 18.496 0.060
2333.53297 18.583 0.090
2339.51756 18.516 0.050
2339.52117 18.465 0.054
2347.51223 18.665 0.052
2347.51586 18.730 0.061
2402.50628 18.620 0.067
2402.50998 18.681 0.073
2524.90196 18.829 0.056
2542.86381 18.793 0.050
2542.86714 18.841 0.064
2552.81317 18.441 0.039
2552.81679 18.645 0.060
2556.80478 18.867 0.051
2556.80841 18.932 0.068
2559.85293 19.085 0.072
2559.85653 19.174 0.095
2564.82091 18.560 0.047
2564.82451 18.566 0.052
2573.82208 18.648 0.056
2573.82539 18.587 0.058
2578.74624 18.677 0.061
2578.74955 18.710 0.069
2583.78172 18.977 0.065
2589.82510 19.014 0.054
2596.71333 18.727 0.064
2605.71460 18.836 0.048
2605.71818 18.779 0.056
2609.70531 18.449 0.043
2614.64001 18.655 0.046
2614.64355 18.761 0.059
2618.69759 18.476 0.045
2618.70120 18.570 0.056
2620.82562 18.883 0.052
2623.79652 18.886 0.051
2623.80002 18.930 0.060
2627.66075 18.456 0.058
2629.68427 18.894 0.084
2631.70428 18.882 0.068
2631.70756 19.031 0.095
2634.73288 18.973 0.064
2634.73640 19.027 0.069
2635.60448 18.658 0.039
2635.60778 18.669 0.046
2637.80352 18.663 0.045
2637.80682 18.619 0.050
2639.62942 18.502 0.029
2639.63272 18.494 0.034
2641.69546 18.813 0.055
2641.69898 18.801 0.056
2643.70422 19.029 0.069
2643.70775 18.983 0.072
2645.69310 18.623 0.036
2645.69638 18.603 0.039
2647.65084 18.805 0.048
2647.65414 18.739 0.051
2651.60577 18.606 0.052
2651.60929 18.570 0.058
2653.63241 18.829 0.067
2653.63571 18.836 0.071
2655.75336 18.837 0.059
2655.75667 18.848 0.078
2657.59837 18.546 0.043
2657.60168 18.537 0.046
2659.61338 18.795 0.058
2661.83138 18.618 0.060
2661.83467 18.641 0.065
2663.84544 18.742 0.082
2665.85136 18.864 0.082
2668.60119 18.697 0.063
2668.60451 18.831 0.077
2670.60549 18.987 0.074
2672.59210 18.723 0.063
2672.59541 18.457 0.058
2674.61346 18.716 0.050
2674.61677 18.724 0.052
2676.59995 18.901 0.060
2676.60327 18.890 0.054
2678.67272 18.702 0.055
2678.67602 18.750 0.059
2680.59848 18.843 0.047
2680.60178 18.803 0.048
2682.64778 18.965 0.074
2682.65136 18.921 0.076
2686.64232 18.858 0.074
2686.64584 18.788 0.080
2691.58891 19.020 0.091
2691.59249 19.077 0.103
2695.62474 18.808 0.059
2695.62829 18.802 0.064
2700.58023 18.816 0.064
2700.58379 19.056 0.090
2706.59766 18.929 0.082
2713.56280 18.774 0.074
2713.56635 18.834 0.090
2840.94313 18.481 0.060
2841.90661 18.967 0.095
2885.84521 18.479 0.036
2885.84878 18.482 0.038
2892.87477 18.971 0.080
2892.87834 18.971 0.093
2897.84409 18.510 0.048
2897.84767 18.539 0.060
2903.88987 18.671 0.033
2903.89343 18.645 0.041
2906.89301 18.646 0.036
2906.89655 18.631 0.046
2911.77285 18.708 0.041
2911.77641 18.730 0.050
2916.82256 18.952 0.042
2916.82613 18.894 0.051
2922.80677 18.873 0.064
2922.81032 18.896 0.084
2926.73334 18.694 0.050
2926.73688 18.643 0.058
2930.80789 18.632 0.041
2930.81142 18.642 0.050
2933.85223 18.674 0.038
2933.85576 18.686 0.048
2939.86051 18.647 0.048
2939.86405 18.710 0.059
2942.81110 18.628 0.037
2942.81462 18.720 0.047
2944.85455 18.843 0.054
2944.85807 18.816 0.063
2946.85645 18.798 0.050
2946.85998 18.830 0.060
2949.77089 18.863 0.048
2949.79756 18.937 0.064
2952.85130 18.791 0.061
2956.68621 18.703 0.045
2956.68973 18.765 0.056
2958.71289 18.890 0.055
2958.71640 18.892 0.064
2962.72462 18.688 0.043
2962.72814 18.703 0.054
2965.74284 18.743 0.036
2965.74638 18.762 0.047
2967.84240 18.756 0.064
2967.84592 18.789 0.043
2970.80776 18.808 0.034
2970.81128 18.801 0.045
2974.74557 18.893 0.056
2974.74907 18.749 0.050
2976.78028 18.948 0.054
2976.78379 18.856 0.055
2978.76036 18.722 0.051
2978.76385 18.706 0.056
2980.70042 18.773 0.045
2980.70393 18.748 0.056
2982.66319 18.813 0.050
2982.66667 18.856 0.071
2984.71036 18.733 0.043
2984.71390 18.711 0.056
2986.79365 18.773 0.086
2986.79712 18.888 0.067
2988.75771 18.924 0.078
2988.76125 18.942 0.069
2990.62989 18.691 0.046
2990.63338 18.596 0.048
2992.78047 18.867 0.046
2992.78398 18.884 0.059
2994.62675 18.799 0.043
2994.63027 18.880 0.061
2995.63632 18.727 0.034
2995.63983 18.756 0.043
2997.64631 18.894 0.041
2997.64981 18.839 0.052
2999.76503 18.666 0.046
2999.76854 18.669 0.052
3001.73707 18.919 0.077
3001.74057 18.777 0.055
3003.71034 18.983 0.050
3003.71383 18.975 0.058
3005.70109 18.660 0.045
3005.70459 18.659 0.051
3007.71551 18.730 0.067
3007.71902 18.785 0.056
3009.71360 18.930 0.051
3009.71710 18.911 0.059
3011.68295 18.609 0.047
3011.69662 18.622 0.056
3013.68614 18.856 0.050
3013.68966 18.871 0.061
3017.69655 18.675 0.050
3017.70005 18.717 0.056
3019.62416 18.788 0.047
3019.62767 18.829 0.064
3021.74329 18.833 0.045
3021.74682 18.733 0.047
3023.60525 18.614 0.030
3023.60877 18.574 0.037
3024.80628 18.662 0.038
3024.80977 18.544 0.045
3026.80255 18.739 0.033
3026.80610 18.702 0.043
3028.81457 18.886 0.050
3028.81809 18.940 0.068
3031.67655 18.836 0.051
3031.68007 18.863 0.047
3033.74047 18.707 0.034
3035.74786 18.729 0.060
3035.75138 18.689 0.046
3038.72523 18.700 0.054
3038.72876 18.696 0.060
3041.59341 18.620 0.060
3041.59695 18.572 0.068
3043.62880 18.805 0.067
3043.63234 18.814 0.077
3045.66251 18.979 0.063
3045.66607 18.967 0.071
3047.61656 18.584 0.048
3047.62009 18.644 0.055
3049.62217 18.741 0.034
3049.62570 18.821 0.042
3051.58945 18.940 0.056
3051.59299 18.885 0.058
3053.58457 18.536 0.037
3053.58813 18.582 0.042
3055.58373 18.857 0.051
3055.58726 18.833 0.056
3057.60855 18.938 0.056
3057.61211 18.994 0.061
3060.63106 19.004 0.058
3060.63462 18.992 0.068
3064.63971 18.981 0.076
3064.64326 18.715 0.076
3067.69387 18.843 0.052
3067.69745 18.917 0.063
3070.54073 18.723 0.054
3070.54430 18.700 0.064
3073.60907 18.928 0.087
3073.61264 18.876 0.093
3075.65665 18.906 0.069
3075.66022 18.761 0.077
3078.57678 19.030 0.072
3078.58036 18.943 0.073
3082.56613 18.751 0.058
3082.56969 18.861 0.069
3084.64306 18.868 0.046
3084.64665 18.717 0.051
3087.60617 18.983 0.054
3087.60970 19.008 0.063
3090.56846 19.008 0.072
3090.57201 19.006 0.087
3099.50466 18.896 0.071
3102.53495 19.101 0.085
3102.53849 19.014 0.081
3105.56873 18.961 0.063
3105.57228 19.140 0.085
3108.54721 18.941 0.054
3108.55077 19.018 0.069
3112.51858 18.854 0.064
3112.52214 18.812 0.067
3116.50584 18.610 0.047
3116.50937 18.561 0.054
3126.51159 18.925 0.065
3126.51516 18.979 0.085
3146.47769 18.689 0.081
3241.89908 18.754 0.050
3241.90262 18.723 0.059
3256.91046 18.859 0.052
3256.91397 18.919 0.078
3263.88529 18.699 0.034
3263.88880 18.624 0.036
3268.90089 18.710 0.047
3268.90440 18.892 0.064
3273.87613 18.950 0.054
3273.87962 18.989 0.071
3277.86535 18.746 0.043
3277.86885 18.739 0.055
3281.85543 18.658 0.032
3281.85890 18.672 0.039
3287.72048 18.690 0.041
3289.86913 18.985 0.047
3289.87266 18.873 0.052
3294.86459 19.025 0.046
3296.87234 18.691 0.045
3296.87585 18.667 0.048
3299.72359 18.714 0.033
3301.72330 18.698 0.047
3301.72678 18.724 0.060
3304.78600 18.812 0.051
3304.78947 18.941 0.069
3306.86699 18.936 0.058
3306.87048 18.734 0.055
3309.69634 18.857 0.043
3309.69980 18.884 0.056
3311.69409 18.635 0.038
3311.69757 18.706 0.054
3320.73687 18.553 0.036
3320.74034 18.636 0.047
3327.70590 18.933 0.048
3327.70936 19.002 0.059
3329.85651 18.665 0.039
3329.85997 18.672 0.051
3334.76245 18.789 0.068
3334.76593 18.905 0.091
3338.81258 18.668 0.038
3338.81602 18.628 0.045
3350.64439 18.468 0.030
3350.64785 18.482 0.034
3354.64459 18.867 0.052
3354.64803 18.888 0.073
3358.69805 18.841 0.037
3358.70151 18.716 0.041
3361.80348 18.883 0.045
3361.80694 18.909 0.055
3363.75327 18.981 0.055
3363.75674 19.112 0.074
3367.70706 18.949 0.073
3367.71051 18.796 0.073
3372.72550 19.106 0.051
3372.72897 19.019 0.051
3378.63822 18.894 0.056
3378.64168 18.952 0.061
3383.76758 18.676 0.032
3383.77106 18.745 0.038
3391.70578 18.795 0.052
3391.70926 18.827 0.059
3395.69722 18.552 0.051
3399.67332 18.937 0.055
3399.67679 19.032 0.073
3402.69018 19.123 0.056
3402.69363 18.932 0.055
3404.62074 18.523 0.038
3404.62420 18.555 0.041
3408.57137 18.897 0.050
3408.57485 18.896 0.052
3412.61674 18.890 0.054
3412.62020 18.817 0.055
3416.60015 18.683 0.058
3416.61067 18.629 0.042
3424.60325 18.787 0.056
3424.60671 18.855 0.069
3431.50489 18.549 0.042
3431.50834 18.502 0.041
3437.51591 18.448 0.043
3437.51937 18.441 0.038
3445.52066 18.783 0.052
3445.52415 18.737 0.056
3453.54238 19.018 0.078
3453.54588 18.943 0.081
3462.51768 18.913 0.059
3462.52119 18.843 0.065
3589.93105 18.806 0.042
3589.93457 18.839 0.058
3617.91647 18.490 0.052
3629.85610 18.543 0.046
3629.85957 18.518 0.045
3634.82145 18.742 0.045
3639.87436 19.057 0.048
3639.87783 18.983 0.055
3641.86874 18.581 0.045
3650.86056 18.595 0.032
3650.86404 18.616 0.037
3653.89190 18.648 0.073
3657.84163 19.021 0.047
3661.82552 19.049 0.065
3661.82902 18.746 0.061
3671.85456 18.643 0.038
3671.85800 18.591 0.041
3675.83712 19.075 0.051
3675.84058 18.990 0.055
3683.85826 18.744 0.045
3683.86169 18.630 0.048
3687.75097 18.909 0.043
3687.75441 18.895 0.051
3689.85143 18.689 0.041
3689.85488 18.831 0.055
3692.77528 18.647 0.043
3692.77870 18.574 0.045
3694.79021 18.883 0.048
3694.79363 18.917 0.056
3696.73268 18.916 0.046
3696.73611 18.893 0.052
3699.73524 18.891 0.037
3701.78821 18.691 0.037
3701.79166 18.686 0.042
3704.69530 18.568 0.032
3704.69872 18.551 0.039
3706.82408 18.896 0.045
3706.82750 18.872 0.052
3711.69773 18.918 0.046
3713.71149 18.514 0.036
3713.71490 18.655 0.046
3716.81062 18.721 0.036
3716.81403 18.689 0.046
3719.79153 18.697 0.055
3719.79496 18.778 0.090
3725.78322 18.628 0.048
3727.75798 18.797 0.043
3730.65334 18.795 0.033
3730.65676 18.754 0.038
3732.67783 18.959 0.039
3732.68125 18.893 0.046
3734.77580 18.646 0.033
3734.77920 18.757 0.046
3736.79221 18.845 0.046
3736.79561 18.886 0.059
3737.68073 18.648 0.038
3737.68418 18.690 0.041
3739.77976 18.851 0.038
3739.78320 18.916 0.050
3742.60281 18.752 0.048
3742.60624 18.793 0.061
3745.71551 18.790 0.041
3745.71895 18.862 0.055
3749.62662 18.718 0.072
3749.63005 18.644 0.090
3751.73078 18.841 0.056
3751.73425 18.890 0.065
3753.60240 18.873 0.058
3753.60584 18.894 0.068
3755.63993 18.719 0.059
3755.64337 18.775 0.072
3757.67338 18.703 0.045
3757.67684 18.794 0.052
3759.73807 18.780 0.036
3759.74153 18.780 0.046
3762.72536 18.692 0.047
3762.72883 18.754 0.059
3765.74393 18.723 0.032
3765.74739 18.662 0.037
3770.58545 18.671 0.043
3770.58890 18.704 0.050
3773.59281 18.547 0.042
3773.59628 18.594 0.048
3776.59184 18.756 0.043
3776.59531 18.765 0.060
3779.58191 18.564 0.052
3779.58536 18.618 0.059
3782.63161 18.780 0.045
3782.63507 18.624 0.046
3787.55744 18.703 0.043
3787.56088 18.755 0.052
3791.60370 18.680 0.043
3791.60719 18.664 0.048
3799.52824 18.837 0.063
3799.53170 18.758 0.074
3821.50628 18.542 0.034
3821.50978 18.673 0.050
3945.93097 19.036 0.043
3945.93452 18.879 0.051
3963.92703 18.963 0.064
3963.93049 19.036 0.085
3969.85747 18.914 0.061
3969.86094 19.050 0.090
3975.90751 18.994 0.051
3975.91095 18.997 0.061
3981.83672 18.870 0.055
3981.84017 18.799 0.067
3995.88710 18.753 0.054
3995.89055 18.714 0.071
4001.84019 18.680 0.037
4001.84361 18.569 0.043
4005.81802 18.947 0.042
4007.82546 18.679 0.046
4011.82221 19.021 0.067
4018.81714 18.736 0.050
4023.84585 19.098 0.060
4023.84926 18.943 0.064
4026.75220 18.952 0.043
4026.75559 18.818 0.047
4029.69554 18.901 0.063
4029.69894 18.912 0.100
4031.77950 18.662 0.043
4038.68529 18.846 0.042
4038.68868 18.954 0.060
4040.85549 18.847 0.073
4042.86784 18.855 0.051
4042.87125 18.742 0.059
4048.83570 18.904 0.068
4052.67449 18.651 0.034
4054.64757 18.731 0.055
4054.65096 18.640 0.064
4056.71904 18.784 0.052
4056.72243 18.848 0.073
4058.65708 18.712 0.043
4058.66049 18.746 0.059
4063.65110 18.698 0.036
4063.65447 18.693 0.043
4066.64890 18.718 0.034
4069.71789 18.820 0.061
4071.64313 18.990 0.061
4071.64650 18.979 0.082
4076.71537 18.674 0.046
4076.71876 18.721 0.058
4079.72808 18.599 0.055
4079.73146 18.646 0.055
4083.64499 18.763 0.052
4083.64837 18.978 0.077
4085.71031 18.713 0.045
4085.71370 18.734 0.052
4092.82763 18.575 0.033
4112.69915 18.628 0.029
4112.70252 18.638 0.036
4117.68800 18.924 0.055
4117.69139 18.975 0.061
4121.66401 18.639 0.046
4121.66741 18.793 0.072
4124.74690 18.818 0.041
4124.75029 18.790 0.048
4129.75945 18.973 0.059
4129.76757 18.893 0.052
4142.61849 18.613 0.046
4142.62193 18.629 0.054
4150.62896 18.799 0.043
4155.52029 18.918 0.055
4155.52373 18.926 0.056
4166.54917 18.590 0.060
4196.49867 18.548 0.051
4196.50214 18.531 0.051
4341.87470 18.844 0.064
4341.87814 18.917 0.076
4347.82460 18.848 0.059
4347.82807 18.856 0.067
4351.87051 18.791 0.055
4351.87395 18.801 0.064
4357.88246 18.867 0.065
4363.80706 18.725 0.060
4363.81049 18.860 0.080
4366.85768 18.864 0.061
4366.86112 18.840 0.065
4369.89818 18.933 0.072
4369.90159 18.874 0.091
4372.80110 18.806 0.050
4372.80453 18.823 0.065
4376.89152 18.573 0.063
4376.89494 18.743 0.103
4379.89791 18.614 0.081
4380.78689 18.916 0.060
4386.75905 18.933 0.050
4386.76247 18.929 0.059
4393.76998 18.843 0.055
4398.84619 18.999 0.058
4398.84960 18.961 0.063
4403.85600 18.797 0.082
4411.78157 18.827 0.043
4411.78495 18.868 0.056
4411.84325 18.889 0.052
4411.84663 18.879 0.058
4418.73238 18.523 0.032
4418.73577 18.539 0.037
4422.83236 18.596 0.042
4429.77487 18.885 0.115
4432.69713 18.793 0.056
4432.70050 18.815 0.063
4436.73652 18.610 0.043
4436.73990 18.636 0.048
4439.80560 18.705 0.065
4443.67192 18.944 0.080
4448.82591 18.695 0.047
4451.66611 18.601 0.043
4451.66948 18.511 0.050
4455.66489 18.989 0.068
4457.72042 18.734 0.067
4464.71317 18.923 0.047
4464.71656 19.035 0.056
4467.70568 19.097 0.060
4467.70907 19.047 0.055
4471.75195 18.973 0.074
4476.67447 18.958 0.047
4476.67785 18.975 0.052
4480.67427 18.816 0.055
4480.67767 18.802 0.052
4484.75670 18.810 0.084
4488.67582 19.065 0.094
4493.67796 18.777 0.067
4498.65599 18.908 0.048
4498.65927 18.856 0.054
4501.64903 18.823 0.054
4501.65231 18.870 0.060
4506.58714 19.022 0.073
4506.59042 18.893 0.071
4508.59714 18.670 0.048
4510.67667 19.026 0.074
4510.68009 18.777 0.059
4516.62643 18.684 0.097
4519.69795 18.762 0.073
4519.70138 18.949 0.082
4521.54161 18.710 0.058
4521.54506 18.906 0.089
4524.58212 18.922 0.065
4524.58554 18.887 0.067
4530.60625 19.014 0.080
4530.60969 18.963 0.071
4532.63454 18.702 0.051
4532.63798 18.739 0.051
4537.59618 18.814 0.058
4537.59960 18.854 0.061
4540.65078 18.792 0.077
