2117.77081 17.047 0.017
2128.72810 17.242 0.020
2131.59211 17.203 0.016
2135.61493 17.149 0.014
2140.59725 17.166 0.019
2143.70399 17.162 0.016
2165.54873 17.137 0.017
2185.52846 17.053 0.019
2200.57584 17.295 0.026
2329.86211 17.090 0.014
2346.85219 17.281 0.017
2351.88397 17.243 0.017
2360.89008 17.285 0.017
2371.86386 17.278 0.019
2381.87640 17.108 0.016
2385.89163 17.212 0.016
2389.90287 17.333 0.019
2391.79422 17.088 0.023
2399.79150 17.279 0.016
2402.89032 17.190 0.017
2405.72749 17.087 0.016
2415.80215 17.270 0.023
2417.82632 17.280 0.023
2433.89916 17.091 0.023
2435.70023 17.094 0.014
2437.76920 17.095 0.019
2439.71468 17.122 0.014
2441.66985 17.314 0.016
2444.68150 17.074 0.019
2446.76527 17.099 0.017
2452.69792 17.266 0.024
2458.81331 17.316 0.020
2462.62035 17.325 0.016
2464.63385 17.302 0.017
2467.52337 17.248 0.016
2469.53313 17.203 0.014
2471.71734 17.077 0.013
2473.52218 17.040 0.020
2483.60213 17.231 0.017
2486.58073 17.086 0.020
2490.55263 17.307 0.020
2493.51091 17.259 0.017
2497.64148 17.083 0.016
2499.68749 17.134 0.014
2501.70561 17.132 0.016
2508.52408 17.329 0.021
2511.70261 17.296 0.023
2518.62179 17.195 0.019
2521.63386 17.318 0.019
2541.48497 17.130 0.019
2546.57803 17.270 0.021
2551.48983 17.106 0.023
2555.58576 17.267 0.027
2562.53904 17.225 0.021
2573.50762 16.981 0.027
2704.87477 17.265 0.019
2713.86222 17.215 0.020
2727.91021 17.231 0.016
2732.92241 17.069 0.017
2743.91547 17.109 0.014
2752.82297 17.268 0.017
2755.93254 17.175 0.019
2759.92442 17.097 0.016
2766.79491 17.289 0.016
2770.68004 17.230 0.021
2782.92100 17.112 0.024
2784.90076 17.145 0.019
2789.63411 17.079 0.017
2791.59113 17.197 0.019
2794.75142 17.289 0.019
2796.70114 17.225 0.016
2802.78054 17.151 0.024
2808.81144 17.032 0.027
2810.72598 17.304 0.017
2812.68139 17.152 0.016
2813.77122 17.138 0.017
2815.70601 17.295 0.017
2816.84172 17.272 0.020
2817.85037 17.197 0.021
2818.65050 17.233 0.017
2819.64460 17.128 0.016
2821.61475 17.095 0.017
2830.65589 17.107 0.017
2835.58148 16.994 0.023
2838.70750 17.108 0.019
2840.68532 17.306 0.019
2842.75181 17.201 0.019
2844.74850 17.333 0.017
2849.66294 17.302 0.020
2851.68072 17.307 0.019
2853.68620 17.246 0.019
2856.56713 17.130 0.017
2858.53655 17.119 0.016
2859.50984 17.155 0.029
2860.69015 17.319 0.027
2862.70803 17.344 0.026
2865.64293 17.300 0.019
2867.68026 17.333 0.019
2869.69411 17.353 0.023
2872.58102 17.159 0.017
2877.55323 17.228 0.017
2882.61096 17.131 0.013
2890.66723 17.370 0.034
2894.63082 17.168 0.021
2898.61721 17.161 0.023
2903.56026 17.166 0.014
2907.61783 17.194 0.024
2916.55356 17.330 0.024
2925.58059 17.361 0.026
2937.54172 17.250 0.024
3049.88165 17.238 0.016
3057.89738 17.198 0.020
3061.87202 17.063 0.017
3067.80862 17.195 0.016
3069.88218 17.272 0.017
3072.84344 17.296 0.016
3074.87889 17.263 0.016
3081.76443 17.196 0.020
3083.86477 17.326 0.016
3085.81860 17.167 0.016
3087.76851 17.059 0.019
3089.75588 17.138 0.016
3090.91395 17.136 0.014
3096.75748 17.121 0.019
3098.75961 17.188 0.019
3099.75803 17.184 0.020
3101.75163 17.047 0.020
3103.75995 17.090 0.017
3107.75318 17.238 0.016
3108.90938 17.137 0.013
3109.72837 17.247 0.016
3110.74324 17.100 0.014
3111.79993 17.305 0.017
3112.73894 17.080 0.016
3113.78218 17.286 0.014
3114.72175 17.274 0.014
3115.78094 17.261 0.017
3118.83824 17.074 0.017
3122.79088 17.214 0.023
3125.76840 17.243 0.023
3126.77467 17.191 0.014
3127.70816 17.249 0.017
3128.72750 17.034 0.016
3129.70589 17.080 0.017
3130.88209 17.279 0.020
3134.67906 17.138 0.030
3137.72728 17.090 0.019
3138.88404 17.090 0.014
3139.74662 17.164 0.014
3140.78274 17.289 0.014
3144.70171 17.150 0.014
3146.66332 17.324 0.020
3151.66136 17.162 0.023
3152.66674 17.143 0.016
3153.66912 17.276 0.019
3154.75033 17.279 0.019
3156.66068 17.080 0.016
3158.69711 17.059 0.023
3162.71417 17.160 0.019
3163.68025 17.131 0.014
3164.64279 17.225 0.014
3166.70607 17.251 0.021
3167.85905 17.320 0.021
3168.66225 17.208 0.016
3169.63276 17.255 0.016
3169.92606 16.998 0.024
3170.86602 17.112 0.016
3171.66028 17.271 0.014
3172.63882 17.123 0.013
3174.62496 17.270 0.014
3175.62354 17.087 0.014
3176.65593 17.244 0.017
3178.68582 17.248 0.017
3179.71629 17.222 0.014
3180.60843 17.183 0.013
3182.66591 17.252 0.019
3183.62978 17.247 0.016
3184.60052 17.079 0.012
3185.71086 17.109 0.016
3192.74651 17.138 0.017
3193.77148 17.255 0.016
3194.70074 17.128 0.016
3195.58134 17.194 0.014
3196.65756 17.292 0.017
3196.82644 17.267 0.020
3197.65104 17.096 0.014
3199.60576 17.305 0.017
3202.65369 17.149 0.016
3203.78393 17.206 0.014
3205.59041 17.164 0.013
3206.57228 17.302 0.013
3207.57914 17.094 0.014
3210.80670 17.387 0.026
3211.56929 17.194 0.016
3212.57078 17.141 0.020
3217.56712 17.266 0.031
3218.56619 17.116 0.017
3223.55976 17.102 0.017
3224.57141 17.302 0.016
3226.52634 17.062 0.019
3229.53506 17.257 0.016
3230.57536 17.154 0.013
3239.68375 17.363 0.023
3244.66952 17.216 0.027
3246.62047 17.207 0.027
3248.58023 17.051 0.017
3250.56542 17.107 0.016
3253.50645 16.985 0.019
3255.67659 17.329 0.026
3258.60115 17.200 0.023
3262.54781 17.132 0.017
3266.56063 17.121 0.024
3268.62345 17.167 0.016
3272.52233 17.341 0.019
3274.51659 17.228 0.020
3278.53451 17.151 0.017
3280.59281 17.334 0.020
3287.52422 17.126 0.016
3292.51169 17.199 0.017
3432.83675 17.255 0.020
3442.80187 17.220 0.019
3444.85600 17.076 0.014
3446.88454 17.096 0.014
3448.91526 17.171 0.016
3452.79930 17.075 0.016
3454.85643 17.207 0.017
3468.81475 17.213 0.014
3470.78442 17.091 0.013
3473.81289 17.231 0.017
3475.73472 17.049 0.014
3477.82006 17.157 0.016
3479.88268 17.262 0.013
3481.69688 17.238 0.019
3483.77174 17.225 0.014
3496.88181 17.175 0.019
3497.69711 17.251 0.023
3499.91473 17.304 0.014
3500.84096 17.282 0.014
3501.72446 17.295 0.017
3502.87942 17.358 0.017
3503.79694 17.311 0.014
3504.76532 17.046 0.013
3508.68337 17.111 0.019
3509.67073 17.284 0.016
3512.74741 17.280 0.017
3520.62226 17.206 0.017
3521.78761 17.319 0.016
3522.64417 17.175 0.014
3523.67547 17.090 0.014
3524.65955 17.217 0.017
3525.83818 17.318 0.014
3526.84516 17.129 0.013
3527.85635 17.288 0.021
3528.82036 17.282 0.017
3529.90759 17.300 0.016
3530.76425 17.259 0.013
3538.78059 17.089 0.012
3541.85506 17.337 0.017
3547.67373 17.212 0.021
3550.75280 17.180 0.012
3551.69860 17.273 0.012
3552.80391 17.195 0.023
3553.65708 17.036 0.017
3554.64076 17.281 0.017
3556.62101 17.186 0.016
3558.68422 17.299 0.014
3559.76411 17.187 0.013
3560.78649 17.351 0.014
3561.69634 17.245 0.013
3562.49944 17.224 0.014
3563.55323 17.054 0.013
3564.69508 17.020 0.017
3569.79651 17.342 0.021
3573.55132 17.284 0.023
3574.60589 17.157 0.016
3575.59470 17.292 0.014
3576.64896 17.149 0.013
3577.62495 17.317 0.017
3578.57845 17.206 0.013
3579.56223 17.091 0.012
3580.54892 17.323 0.016
3581.58913 17.113 0.014
3582.53753 17.190 0.014
3583.57702 17.038 0.013
3584.56326 17.219 0.014
3585.55387 17.240 0.014
3586.61895 17.273 0.016
3587.68671 17.111 0.017
3589.59241 17.338 0.013
3590.55011 17.088 0.013
3591.62872 17.313 0.013
3593.51520 17.070 0.012
3594.63038 17.126 0.012
3601.52860 17.281 0.014
3602.54336 17.148 0.017
3603.53428 17.267 0.017
3607.55009 17.248 0.013
3608.54198 17.212 0.019
3617.54565 17.177 0.017
3620.62111 17.390 0.016
3629.60506 17.265 0.020
3632.52629 17.226 0.019
3634.58832 17.320 0.019
3640.61331 17.302 0.021
3643.53442 17.143 0.023
3646.56289 17.396 0.031
3651.53727 17.275 0.017
3653.56037 17.303 0.030
3774.87316 17.276 0.016
3780.85280 17.073 0.017
