2127.48372 16.582 0.016
2136.65193 16.464 0.012
2141.64265 16.799 0.017
2212.54338 16.916 0.022
2858.76983 16.576 0.016
3064.87381 16.631 0.014
3073.89077 16.792 0.015
3075.90096 16.618 0.013
3089.83997 16.625 0.010
3091.89219 16.711 0.013
3106.90098 16.865 0.018
3107.89148 16.697 0.012
3110.92206 16.787 0.017
3113.90515 16.883 0.015
3114.83550 16.671 0.012
3115.89594 16.555 0.011
3124.77293 16.745 0.018
3126.70756 16.750 0.012
3127.88606 16.619 0.013
3130.75282 16.893 0.017
3131.71918 16.745 0.016
3134.88818 16.521 0.020
3137.77334 16.597 0.013
3138.76523 16.795 0.015
3138.86083 16.908 0.016
3139.72308 16.634 0.011
3139.85380 16.748 0.013
3139.87181 16.733 0.013
3139.91800 16.766 0.014
3140.61465 16.888 0.019
3140.71114 16.478 0.012
3140.81002 16.597 0.012
3140.86299 16.596 0.014
3140.92093 16.639 0.014
3141.65440 16.769 0.017
3141.74555 16.855 0.015
3141.82184 16.612 0.012
3142.61402 16.618 0.013
3142.80312 16.750 0.013
3142.89391 16.867 0.016
3144.64980 16.891 0.016
3144.89242 16.573 0.012
3145.67064 16.721 0.015
3146.90256 16.776 0.013
3147.68884 16.459 0.011
3151.81189 16.543 0.014
3151.88768 16.598 0.014
3153.81151 16.774 0.016
3154.89910 16.694 0.017
3156.86776 16.915 0.017
3157.90984 16.781 0.017
3158.89055 16.645 0.017
3162.84920 16.551 0.012
3163.80829 16.896 0.015
3164.79704 16.730 0.013
3165.71404 16.519 0.010
3167.65941 16.710 0.016
3168.86152 16.739 0.014
3169.83244 16.591 0.016
3170.64576 16.751 0.012
3171.78382 16.775 0.009
3171.90940 16.853 0.016
3172.80814 16.651 0.011
3173.85017 16.521 0.014
3174.76463 16.772 0.012
3175.78646 16.702 0.012
3175.87491 16.749 0.015
3177.82167 16.556 0.015
3180.77976 16.480 0.010
3182.83984 16.749 0.014
3183.79889 16.586 0.015
3184.75339 16.748 0.014
3185.68486 16.723 0.013
3193.60366 16.524 0.009
3194.79661 16.565 0.012
3196.74726 16.755 0.015
3197.57791 16.494 0.011
3199.68577 16.749 0.013
3203.59102 16.627 0.011
3204.63493 16.538 0.010
3205.71597 16.462 0.010
3206.77747 16.888 0.020
3211.66314 16.593 0.014
3217.70401 16.748 0.015
3218.70306 16.677 0.017
3223.70703 16.507 0.015
3224.75157 16.911 0.018
3228.65289 16.741 0.016
3230.72274 16.514 0.011
3231.62613 16.780 0.019
3232.65967 16.720 0.015
3238.67438 16.886 0.018
3245.61044 16.824 0.020
3249.60378 16.782 0.016
3265.53066 16.500 0.013
3267.58134 16.772 0.015
3277.55330 16.876 0.015
3294.50412 16.551 0.014
3302.50352 16.907 0.021
3450.78518 16.581 0.010
3468.92918 16.718 0.015
3472.84963 16.608 0.010
3473.91172 16.517 0.012
3474.91810 16.892 0.016
3475.90926 16.742 0.011
3477.92885 16.484 0.012
3479.79558 16.585 0.009
3480.93058 16.538 0.010
3482.93174 16.758 0.015
3497.88457 16.700 0.013
3499.84727 16.880 0.012
3500.86468 16.767 0.012
3502.68209 16.818 0.012
3506.79527 16.847 0.018
3508.89674 16.650 0.015
3509.69489 16.906 0.015
3510.94204 16.702 0.013
3511.87399 16.708 0.012
3520.88303 16.479 0.011
3521.69875 16.702 0.010
3522.80436 16.648 0.012
3523.83854 16.538 0.010
3524.84350 16.869 0.014
3525.91402 16.815 0.014
3528.61734 16.683 0.012
3530.83702 16.530 0.009
3538.73052 16.883 0.013
3540.78683 16.629 0.011
3544.80082 16.573 0.012
3550.81354 16.799 0.012
3552.82399 16.507 0.012
3558.61176 16.501 0.010
3560.66206 16.743 0.010
3561.59797 16.571 0.010
3562.65060 16.491 0.010
3563.70269 16.890 0.016
3575.68847 16.704 0.011
3576.75493 16.639 0.012
3578.72953 16.805 0.013
3579.67490 16.646 0.011
3585.69696 16.814 0.011
3590.73693 16.652 0.012
3633.55351 16.541 0.017
3634.63257 16.511 0.014
3639.59053 16.712 0.010
3664.55369 16.763 0.014
3801.90268 16.560 0.012
3813.91224 16.671 0.015
3814.84429 16.697 0.012
3814.87353 16.756 0.015
3814.91464 16.737 0.016
3815.85835 16.590 0.010
3815.90810 16.645 0.012
3815.91447 16.625 0.012
3817.79800 16.763 0.014
3818.91703 16.737 0.016
3828.79401 16.774 0.020
3837.92567 16.611 0.012
3840.92810 16.709 0.015
3841.91225 16.532 0.012
3850.88643 16.793 0.016
3851.89209 16.650 0.013
3852.89807 16.521 0.012
3860.92712 16.640 0.012
3865.91832 16.720 0.011
3867.83389 16.890 0.018
3874.76108 16.806 0.017
3880.92979 16.645 0.013
3887.79590 16.564 0.011
3891.68542 16.685 0.012
3901.74017 16.616 0.015
3902.76081 16.519 0.010
3908.73356 16.602 0.011
3908.89663 16.764 0.014
3913.74577 16.617 0.011
3919.77943 16.601 0.010
3920.72323 16.600 0.012
3922.72704 16.696 0.015
3930.80489 16.610 0.014
3932.54352 16.607 0.012
3934.67474 16.517 0.010
3936.50714 16.548 0.012
3936.67263 16.707 0.013
3936.74901 16.740 0.014
3937.57534 16.559 0.013
3938.70990 16.591 0.011
3964.51758 16.665 0.011
3964.54424 16.680 0.011
3964.62924 16.748 0.012
3964.65011 16.778 0.013
3964.72245 16.858 0.015
3967.53809 16.789 0.020
3975.70181 16.783 0.016
3991.51557 16.698 0.013
3995.58552 16.625 0.011
3995.61342 16.544 0.011
3995.67139 16.506 0.012
4000.58455 16.731 0.014
4004.54055 16.630 0.011
4012.51339 16.496 0.013
4038.53132 16.727 0.019
4168.81858 16.646 0.016
4170.81050 16.869 0.027
4234.72548 16.567 0.014
4302.60197 16.753 0.017
4306.64603 16.841 0.017
4310.78230 16.519 0.021
4311.74868 16.771 0.022
4312.75600 16.664 0.016
4312.78764 16.670 0.016
4319.74370 16.691 0.017
4319.78188 16.720 0.017
4320.51918 16.843 0.017
4328.70511 16.848 0.019
4329.68420 16.745 0.017
4330.70306 16.624 0.015
4339.70602 16.904 0.022
4342.54209 16.799 0.018
4343.52088 16.645 0.013
4344.54919 16.562 0.016
4347.54174 16.640 0.016
4351.51590 16.524 0.012
4377.61753 16.522 0.016
4386.61105 16.787 0.025
4387.58340 16.597 0.016
4387.58889 16.629 0.017
4387.59457 16.643 0.017
4387.59720 16.645 0.017
4387.59985 16.608 0.017
4387.60249 16.636 0.019
4387.60514 16.658 0.019
4387.60803 16.669 0.019
4583.93544 16.735 0.017
4606.94178 16.607 0.018
4607.73984 16.754 0.017
4607.76893 16.774 0.015
4607.82266 16.857 0.022
4610.90220 16.481 0.012
4626.89014 16.762 0.018
4627.92799 16.658 0.015
4628.90030 16.498 0.013
4629.91678 16.908 0.018
4630.92403 16.746 0.017
4640.84155 16.744 0.017
4642.83989 16.510 0.013
4644.86913 16.736 0.015
4645.85369 16.585 0.016
4646.86092 16.458 0.012
4648.82558 16.666 0.016
4649.53415 16.762 0.015
4649.81302 16.513 0.013
4649.86927 16.575 0.017
4650.52013 16.620 0.016
4651.81861 16.744 0.018
4652.80254 16.578 0.014
4652.85225 16.634 0.017
4655.79701 16.684 0.015
4661.76292 16.816 0.018
4661.83011 16.894 0.019
4665.66823 16.654 0.015
4674.71563 16.473 0.012
4675.75435 16.912 0.017
4679.54448 16.660 0.018
4681.77276 16.559 0.013
4682.66886 16.805 0.016
4682.76405 16.775 0.015
4684.73628 16.589 0.012
4688.75957 16.608 0.016
4694.61691 16.633 0.019
4704.65345 16.762 0.016
4726.55836 16.664 0.019
4728.60350 16.871 0.021
4730.57765 16.591 0.013
4731.58226 16.501 0.014
4756.53706 16.524 0.017
4768.49853 16.829 0.030
4771.50495 16.907 0.028
4870.86136 16.523 0.014
4890.89268 16.698 0.012
4901.89163 16.668 0.010
4925.82646 16.751 0.011
4925.91403 16.879 0.012
4925.92553 16.888 0.019
4929.79896 16.709 0.012
4941.78432 16.517 0.011
4942.72413 16.870 0.015
4945.77989 16.466 0.009
4948.84735 16.613 0.010
