2167.85309 19.182 0.079
2173.86044 18.894 0.042
2192.83171 19.075 0.060
2214.79898 18.814 0.053
2224.75575 19.139 0.057
2229.67178 18.967 0.052
2230.81566 18.937 0.056
2232.83036 19.287 0.092
2232.83548 19.265 0.083
2234.83018 18.950 0.042
2239.60975 19.019 0.077
2241.67601 18.952 0.066
2243.72986 18.741 0.053
2248.81028 19.108 0.049
2250.85615 18.923 0.058
2252.66148 19.041 0.055
2254.65240 18.754 0.046
2257.65630 18.994 0.045
2264.76550 19.229 0.055
2266.65396 18.820 0.054
2270.65493 18.870 0.050
2271.80086 18.875 0.039
2273.75074 19.223 0.078
2275.83779 18.792 0.059
2277.65946 19.094 0.046
2279.83178 18.917 0.048
2281.81864 19.227 0.059
2283.85285 18.912 0.046
2288.75897 18.637 0.038
2290.79734 19.069 0.068
2292.77389 18.777 0.065
2294.74895 19.006 0.098
2296.75933 18.637 0.065
2298.77876 19.042 0.074
2300.73173 18.723 0.048
2302.70960 18.877 0.061
2321.68322 19.154 0.076
2327.56980 18.746 0.054
2333.57904 19.152 0.094
2339.55549 18.813 0.055
2357.52678 18.926 0.098
2395.52785 19.051 0.085
2529.82424 18.777 0.051
2542.89757 18.698 0.049
2552.84981 19.092 0.075
2556.84132 18.965 0.050
2564.85781 19.079 0.063
2573.85600 18.968 0.060
2578.78036 18.801 0.053
2583.83476 19.138 0.085
2590.73926 18.896 0.057
2596.75198 19.041 0.071
2605.75497 18.824 0.045
2609.75117 18.884 0.060
2614.71355 18.733 0.050
2618.73783 18.722 0.050
2621.65580 18.838 0.041
2623.82903 18.716 0.043
2627.69517 19.188 0.096
2629.71818 18.927 0.079
2634.77004 18.837 0.048
2635.69198 19.246 0.059
2638.66312 18.705 0.044
2639.66321 19.172 0.047
2641.72818 19.008 0.058
2643.73689 18.906 0.054
2645.72719 18.998 0.056
2650.84387 18.984 0.049
2652.75238 18.960 0.066
2654.68262 18.871 0.065
2656.65618 19.017 0.068
2658.61860 18.874 0.073
2660.63607 19.026 0.067
2662.61887 18.739 0.046
2664.62647 19.117 0.069
2666.68991 18.872 0.040
2668.67736 19.019 0.066
2670.63952 18.856 0.063
2672.74881 19.303 0.078
2674.65133 18.837 0.052
2676.63380 18.952 0.056
2678.72148 18.918 0.058
2680.63214 19.103 0.058
2682.68046 18.960 0.071
2687.55655 19.312 0.121
2691.62693 18.741 0.071
2696.54971 18.993 0.075
2701.53185 18.895 0.066
2707.52932 19.139 0.086
2714.52824 18.772 0.069
2840.91746 18.735 0.059
2867.93009 18.985 0.072
2894.85885 19.033 0.060
2899.86041 18.993 0.054
2905.84939 19.000 0.071
2911.80871 19.046 0.051
2916.85892 18.814 0.040
2922.84271 19.059 0.077
2926.77014 19.044 0.056
2930.84387 19.191 0.064
2934.74562 19.066 0.059
2940.72594 18.897 0.046
2942.85199 19.139 0.054
2947.73968 19.036 0.062
2949.82984 18.741 0.044
2953.69656 19.048 0.071
2956.72235 18.808 0.043
2958.74860 19.162 0.078
2962.76053 19.249 0.064
2965.77990 18.773 0.039
2968.72344 18.905 0.045
2973.86352 18.934 0.069
2975.85266 19.025 0.056
2976.84793 19.156 0.071
2979.85414 19.274 0.084
2982.69964 19.146 0.072
2984.74720 18.959 0.054
2986.82981 18.736 0.052
2988.80021 19.127 0.053
2989.81757 18.916 0.051
2991.65067 19.093 0.052
2993.63812 18.682 0.038
2995.73892 19.144 0.050
2997.71675 18.828 0.044
2999.73974 19.063 0.056
3001.77555 18.880 0.046
3003.74628 19.143 0.056
3005.65150 18.761 0.055
3007.68458 19.159 0.069
3009.75090 18.920 0.047
3011.72660 19.133 0.079
3013.73104 18.925 0.050
3017.73252 18.994 0.059
3019.66049 19.069 0.059
3021.77928 19.040 0.052
3023.64106 19.075 0.046
3024.84216 19.070 0.057
3026.83889 18.900 0.034
3029.64324 18.830 0.043
3031.71319 19.157 0.060
3033.77677 19.028 0.042
3035.78376 18.813 0.040
3038.76124 18.916 0.066
3040.73191 19.246 0.108
3042.67585 18.799 0.053
3044.60979 19.072 0.069
3045.69878 18.921 0.060
3047.65243 19.122 0.063
3049.65816 18.862 0.034
3051.62637 19.076 0.061
3055.61989 19.103 0.060
3057.64532 18.977 0.050
3059.58919 19.107 0.048
3061.58223 18.766 0.056
3068.52361 18.973 0.068
3070.57929 18.668 0.072
3073.58163 18.849 0.068
3075.69299 18.746 0.055
3078.62501 18.780 0.046
3082.60252 18.851 0.043
3084.67959 19.278 0.074
3087.64230 18.790 0.058
3090.60570 18.898 0.062
3099.59371 18.747 0.071
3102.57299 18.815 0.059
3105.60528 19.100 0.071
3108.58320 19.218 0.069
3112.56055 19.089 0.062
3116.54191 19.186 0.078
3127.50931 18.853 0.047
3140.49859 19.182 0.092
3223.89817 18.774 0.062
3241.88429 19.111 0.070
3248.84768 19.227 0.094
3257.87554 19.074 0.051
3270.86452 19.071 0.053
3277.84847 19.435 0.090
3281.89222 19.306 0.062
3287.75326 18.828 0.036
3295.70549 18.807 0.031
3297.70406 19.120 0.046
3301.76601 19.086 0.074
3304.82625 18.778 0.046
3309.73209 19.169 0.058
3311.73001 18.857 0.045
3320.77273 18.873 0.039
3323.70759 18.793 0.047
3327.74436 18.985 0.048
3330.70314 19.085 0.069
3334.80242 19.209 0.080
3338.84885 19.312 0.070
3350.68242 19.158 0.048
3354.73003 19.140 0.056
3358.81038 19.239 0.050
3361.84255 18.916 0.042
3365.74495 18.623 0.042
3372.76130 18.953 0.042
3378.67399 19.102 0.049
3391.74175 19.199 0.071
3394.75332 18.877 0.062
3396.63332 18.916 0.060
3399.71055 19.121 0.068
3403.69786 19.124 0.069
3408.60727 18.894 0.049
3417.57984 18.665 0.039
3425.58812 18.833 0.066
3431.57031 19.038 0.052
3437.55161 18.701 0.041
3445.55699 18.676 0.040
3455.51378 19.027 0.087
3460.50534 18.932 0.047
3477.50008 18.888 0.063
3601.87741 19.160 0.070
3618.91141 18.980 0.045
3629.89261 19.108 0.059
3634.85914 18.880 0.041
3639.85253 18.756 0.031
3644.80726 19.233 0.051
3654.79769 19.063 0.048
3657.87758 19.081 0.049
3664.84708 18.907 0.040
3668.80500 19.103 0.066
3672.79320 19.344 0.069
3684.78105 19.105 0.044
3687.78665 18.826 0.040
3690.70652 18.934 0.063
3693.74045 18.947 0.049
3695.76201 18.878 0.045
3698.75484 19.039 0.055
3700.78358 18.722 0.042
3703.71482 18.816 0.036
3705.78198 19.160 0.046
3708.73659 18.863 0.057
3712.72711 18.905 0.041
3714.73381 19.044 0.046
3717.65984 19.079 0.057
3719.82708 18.943 0.076
3725.82097 18.843 0.071
3727.79343 18.957 0.046
3730.68879 19.035 0.040
3732.71357 18.706 0.029
3734.81156 19.118 0.049
3736.82785 18.914 0.047
3737.71619 19.238 0.050
3739.81532 18.956 0.043
3745.77688 18.748 0.045
3749.67125 19.054 0.078
3750.75627 19.148 0.067
3752.76694 18.791 0.056
3754.78469 19.167 0.061
3756.60822 18.881 0.044
3758.78109 19.186 0.101
3761.79352 18.724 0.038
3764.74801 18.834 0.042
3767.60781 18.885 0.045
3770.62550 19.045 0.046
3773.62833 19.056 0.060
3776.62774 18.769 0.046
3779.61737 18.954 0.072
3782.66808 19.081 0.057
3787.59309 18.898 0.045
3792.54488 18.758 0.045
3800.52228 18.657 0.046
3809.53415 19.284 0.101
3822.51997 19.107 0.068
3946.91649 18.975 0.068
3964.87306 19.045 0.040
3969.89717 18.979 0.049
3981.87187 18.913 0.062
3989.89886 18.904 0.049
4001.87551 18.969 0.040
4005.85316 18.948 0.042
4007.85735 18.984 0.051
4011.85759 19.273 0.066
4018.84913 18.855 0.040
4023.88127 18.757 0.052
4026.78975 18.786 0.030
4029.73875 18.938 0.064
4031.81132 18.997 0.044
4038.72036 18.712 0.039
4041.68158 18.903 0.056
4043.68587 19.082 0.080
4048.86749 19.256 0.110
4052.71043 19.128 0.045
4054.69735 18.935 0.060
4056.75441 19.123 0.061
4058.78757 18.901 0.037
4063.68632 19.289 0.056
4066.74358 18.859 0.041
4068.83110 19.210 0.059
4070.67346 18.848 0.048
4073.83291 18.950 0.060
4076.80105 19.281 0.087
4079.76339 18.700 0.045
4083.68016 18.857 0.062
4085.74570 19.234 0.071
4092.86412 18.649 0.049
4105.69960 19.180 0.065
4109.77278 19.017 0.046
4113.72850 19.143 0.041
4120.75894 18.695 0.035
4122.71535 19.037 0.041
4125.76661 19.339 0.079
4131.61995 18.781 0.037
4142.65669 19.020 0.077
4156.54336 19.119 0.063
4166.58468 19.136 0.083
4196.53420 18.756 0.067
4341.91000 18.815 0.060
4347.85989 18.979 0.052
4362.83033 19.176 0.084
4365.83841 18.725 0.071
4369.82003 18.807 0.065
4371.86633 19.160 0.057
4377.80211 18.770 0.052
4380.81864 19.066 0.069
4386.79430 19.235 0.069
4390.75621 19.188 0.067
4393.87027 19.000 0.056
4399.73032 19.148 0.124
4404.72837 19.024 0.075
4412.86898 19.058 0.096
4418.80117 18.689 0.034
4424.81765 19.049 0.061
4426.74552 18.693 0.061
4429.85151 19.087 0.097
4432.73236 19.075 0.053
4436.77173 19.068 0.065
4439.83731 18.838 0.067
4443.70357 19.080 0.085
4449.68831 18.930 0.045
4451.69786 19.260 0.081
4454.71434 18.773 0.043
4455.69663 19.141 0.079
4458.75505 18.825 0.049
4461.67194 18.926 0.055
4465.75508 19.021 0.048
4468.72363 19.091 0.045
4473.69645 18.977 0.049
4477.75463 19.133 0.087
4481.69225 19.012 0.048
4485.74027 19.022 0.072
4489.72374 19.013 0.091
4493.71597 19.102 0.083
4498.68950 18.921 0.058
4501.68689 19.013 0.056
4506.62084 18.770 0.054
4508.63805 19.008 0.052
4510.71191 19.054 0.056
4521.62197 19.232 0.078
4523.63783 18.671 0.044
4525.55724 19.009 0.049
4531.57930 18.789 0.044
4533.58168 18.999 0.051
4537.63171 18.912 0.056
4539.55070 18.770 0.055
4541.60295 19.030 0.075
