2127.49565 16.424 0.012
2130.52846 16.276 0.008
2133.54262 16.438 0.010
2136.66381 16.370 0.011
2141.65460 16.364 0.012
2165.57705 16.278 0.011
2171.64410 16.504 0.011
2179.53444 16.295 0.011
2189.52945 16.378 0.014
2212.55423 16.335 0.012
2214.51151 16.424 0.015
2337.84145 16.459 0.011
2352.85895 16.291 0.010
2361.85339 16.373 0.011
2373.80823 16.337 0.011
2384.84405 16.299 0.010
2388.84339 16.484 0.010
2390.88173 16.435 0.011
2393.87561 16.281 0.011
2400.82300 16.314 0.010
2402.92970 16.314 0.011
2406.87246 16.442 0.012
2411.73050 16.339 0.008
2415.90578 16.478 0.012
2417.87656 16.285 0.010
2425.90846 16.380 0.015
2428.88663 16.394 0.012
2436.85190 16.412 0.011
2438.83573 16.411 0.011
2448.74151 16.372 0.016
2454.76825 16.398 0.011
2460.73548 16.399 0.012
2463.61888 16.330 0.010
2466.59210 16.453 0.010
2468.77661 16.333 0.010
2470.76057 16.394 0.010
2481.63307 16.349 0.012
2484.69524 16.404 0.012
2496.56174 16.338 0.008
2498.59980 16.426 0.008
2500.62592 16.486 0.010
2502.64412 16.491 0.012
2510.54368 16.264 0.011
2516.50448 16.364 0.012
2517.55138 16.429 0.012
2520.66012 16.462 0.011
2529.52661 16.447 0.010
2538.57584 16.386 0.012
2542.56481 16.393 0.010
2548.53002 16.467 0.012
2552.56739 16.321 0.011
2557.53164 16.409 0.011
2561.52758 16.389 0.014
2562.48403 16.516 0.020
2563.49391 16.462 0.011
2568.56213 16.276 0.015
2708.87957 16.281 0.010
2719.88576 16.521 0.011
2729.91124 16.502 0.012
2734.88479 16.415 0.010
2747.76893 16.458 0.014
2754.77918 16.321 0.010
2757.84421 16.390 0.011
2763.79735 16.326 0.010
2767.88963 16.438 0.014
2775.79511 16.460 0.014
2776.75000 16.299 0.014
2783.88411 16.408 0.011
2785.75049 16.296 0.011
2788.62996 16.331 0.011
2790.77632 16.518 0.011
2793.70303 16.347 0.011
2795.66295 16.471 0.010
2797.67411 16.385 0.008
2809.79421 16.397 0.011
2811.71467 16.424 0.012
2812.84395 16.347 0.011
2813.88768 16.351 0.011
2815.86846 16.375 0.012
2817.76696 16.371 0.010
2819.67734 16.421 0.010
2821.72652 16.418 0.011
2830.69877 16.403 0.015
2835.70827 16.411 0.011
2837.71870 16.380 0.015
2839.77846 16.385 0.012
2841.79962 16.364 0.011
2843.72693 16.434 0.011
2845.71658 16.373 0.010
2850.61264 16.333 0.010
2852.62393 16.344 0.012
2854.62098 16.458 0.012
2857.52773 16.306 0.010
2858.73999 16.460 0.011
2862.65105 16.358 0.012
2865.63116 16.498 0.011
2868.62744 16.306 0.010
2871.70814 16.281 0.010
2876.70912 16.498 0.012
2879.67446 16.333 0.012
2884.70566 16.489 0.014
2893.58209 16.339 0.010
2895.60942 16.476 0.011
2900.52370 16.418 0.012
2905.65640 16.508 0.016
2911.57765 16.518 0.011
2921.52732 16.397 0.012
2931.57837 16.341 0.011
3052.88814 16.392 0.010
3059.87409 16.452 0.010
3064.88542 16.410 0.011
3068.83848 16.281 0.010
3071.89106 16.273 0.010
3073.90018 16.442 0.010
3077.79032 16.273 0.020
3080.83946 16.473 0.011
3083.78574 16.329 0.008
3085.89759 16.432 0.010
3087.83221 16.389 0.010
3089.84893 16.514 0.010
3091.85000 16.483 0.011
3097.83259 16.529 0.010
3099.85861 16.526 0.012
3101.82789 16.308 0.010
3102.86024 16.300 0.010
3104.77585 16.501 0.016
3106.92243 16.337 0.011
3108.81256 16.358 0.008
3109.92653 16.523 0.012
3110.90241 16.395 0.010
3112.85940 16.337 0.010
3114.85437 16.500 0.010
3116.84198 16.410 0.011
3122.85783 16.550 0.014
3125.91495 16.530 0.014
3126.81146 16.314 0.008
3127.89749 16.347 0.010
3128.88679 16.310 0.011
3130.76434 16.441 0.011
3131.62966 16.534 0.018
3134.89977 16.443 0.020
3135.78467 16.427 0.010
3137.83662 16.482 0.011
3138.72181 16.348 0.010
3140.69356 16.398 0.010
3140.92737 16.480 0.011
3141.75867 16.338 0.010
3142.83294 16.310 0.008
3144.85089 16.336 0.010
3146.91731 16.341 0.008
3147.93377 16.366 0.011
3151.82491 16.331 0.011
3152.82461 16.385 0.010
3153.82314 16.502 0.012
3154.91702 16.314 0.011
3157.89711 16.527 0.012
3158.70962 16.497 0.014
3162.86093 16.397 0.011
3163.82327 16.517 0.010
3164.80900 16.448 0.010
3164.91645 16.455 0.012
3165.66225 16.484 0.008
3167.67182 16.494 0.012
3168.82211 16.359 0.010
3169.84805 16.385 0.011
3170.87758 16.368 0.008
3171.72383 16.354 0.008
3172.52259 16.395 0.011
3172.61567 16.470 0.008
3172.71308 16.345 0.007
3172.81478 16.468 0.010
3173.70096 16.407 0.010
3173.76190 16.352 0.010
3173.80931 16.364 0.010
3173.82742 16.417 0.011
3174.50662 16.339 0.011
3174.60169 16.411 0.008
3174.77657 16.344 0.008
3175.53540 16.347 0.010
3175.85752 16.378 0.010
3176.53947 16.415 0.014
3176.69324 16.448 0.011
3177.69649 16.425 0.014
3177.79406 16.454 0.014
3177.83316 16.415 0.014
3178.55267 16.470 0.012
3179.57604 16.455 0.010
3179.87786 16.438 0.011
3180.79441 16.427 0.008
3182.85468 16.448 0.010
3183.81047 16.348 0.011
3184.76909 16.407 0.010
3185.62396 16.339 0.008
3193.61924 16.387 0.008
3194.51893 16.427 0.012
3194.80968 16.383 0.010
3195.74280 16.442 0.010
3196.59569 16.374 0.010
3196.83849 16.415 0.010
3197.78419 16.426 0.010
3199.78072 16.429 0.011
3201.82790 16.397 0.011
3202.77527 16.377 0.010
3203.60440 16.411 0.008
3204.75245 16.413 0.010
3205.68278 16.430 0.008
3206.78926 16.431 0.012
3210.56634 16.422 0.011
3211.74628 16.387 0.011
3217.72217 16.344 0.010
3218.77328 16.358 0.014
3223.72223 16.470 0.012
3224.76673 16.473 0.012
3226.71413 16.340 0.012
3228.68774 16.500 0.011
3229.71850 16.530 0.011
3230.73439 16.500 0.011
3231.67917 16.428 0.011
3232.67712 16.361 0.012
3238.68621 16.510 0.012
3240.53539 16.502 0.010
3241.71904 16.394 0.012
3245.64803 16.498 0.012
3247.50933 16.502 0.011
3249.62173 16.366 0.011
3251.52475 16.388 0.011
3254.60630 16.391 0.011
3257.54428 16.550 0.010
3260.58975 16.558 0.015
3265.54270 16.523 0.011
3267.60095 16.530 0.011
3273.49998 16.545 0.016
3277.51932 16.307 0.010
3280.52020 16.544 0.014
3282.59092 16.529 0.008
3289.52505 16.580 0.012
3294.52033 16.313 0.008
3296.51944 16.444 0.011
3302.51662 16.293 0.012
3418.85924 16.392 0.010
3423.88730 16.441 0.007
3427.84100 16.517 0.011
3430.82643 16.384 0.010
3436.87304 16.527 0.011
3443.84416 16.464 0.008
3445.87263 16.540 0.008
3447.91700 16.542 0.012
3450.79660 16.488 0.008
3453.84001 16.528 0.011
3455.90554 16.523 0.011
3458.87526 16.274 0.008
3459.89046 16.293 0.008
3468.87393 16.428 0.008
3469.87662 16.498 0.008
3472.86155 16.428 0.008
3474.79515 16.439 0.010
3476.77170 16.489 0.008
3478.86709 16.527 0.010
3480.88273 16.501 0.010
3483.81761 16.428 0.008
3496.91098 16.507 0.011
3497.89795 16.458 0.010
3500.90701 16.301 0.008
3502.89125 16.467 0.010
3503.87209 16.522 0.008
3506.93149 16.478 0.010
3508.90884 16.337 0.011
3509.89166 16.384 0.008
3511.91520 16.472 0.010
3512.90508 16.536 0.011
3520.66733 16.525 0.011
3521.79806 16.320 0.008
3522.86571 16.339 0.010
3524.85695 16.335 0.008
3527.64025 16.490 0.008
3527.72571 16.303 0.007
3528.88462 16.512 0.012
3529.92342 16.541 0.010
3530.86293 16.344 0.007
3530.89431 16.409 0.008
3538.85245 16.382 0.010
3541.88661 16.348 0.010
3544.88404 16.466 0.012
3547.85144 16.334 0.010
3550.82826 16.453 0.008
3551.84026 16.476 0.010
3552.83563 16.479 0.011
3554.83862 16.422 0.012
3556.84669 16.398 0.012
3558.62361 16.378 0.008
3559.63200 16.396 0.008
3560.70840 16.388 0.008
3561.61561 16.470 0.008
3562.66300 16.432 0.008
3563.72768 16.396 0.008
3569.65563 16.443 0.015
3573.78606 16.389 0.011
3574.75829 16.412 0.010
3575.70023 16.414 0.008
3576.76686 16.436 0.011
3578.74131 16.411 0.008
3579.68987 16.383 0.008
3580.73644 16.398 0.010
3581.73939 16.388 0.010
3582.68833 16.424 0.008
3583.70651 16.425 0.008
3584.71045 16.459 0.007
3585.70903 16.431 0.008
3586.76310 16.463 0.008
3589.75258 16.372 0.010
3590.47630 16.358 0.008
3590.56090 16.400 0.008
3590.63980 16.440 0.010
3590.74876 16.340 0.010
3591.48938 16.381 0.008
3591.54463 16.324 0.007
3591.64243 16.471 0.008
3591.73037 16.410 0.008
3591.76513 16.373 0.008
3592.47507 16.484 0.010
3592.54263 16.339 0.008
3592.65952 16.475 0.008
3592.70158 16.480 0.008
3593.46870 16.437 0.008
3593.51878 16.446 0.008
3593.54768 16.406 0.008
3594.50613 16.518 0.011
3594.58876 16.355 0.007
3594.66518 16.381 0.008
3594.74891 16.500 0.011
3602.72532 16.520 0.014
3603.72031 16.516 0.012
3607.70426 16.397 0.011
3608.69694 16.510 0.010
3615.65464 16.522 0.011
3617.61627 16.405 0.010
3619.61338 16.275 0.008
3621.65508 16.316 0.008
3629.53930 16.554 0.010
3631.56816 16.539 0.012
3633.59313 16.476 0.014
3640.52651 16.375 0.010
3644.60236 16.308 0.010
3649.57835 16.369 0.010
3652.55227 16.492 0.012
3656.54506 16.414 0.011
3660.54926 16.430 0.012
3665.53208 16.349 0.011
3670.52218 16.510 0.015
3778.84179 16.301 0.011
3783.88067 16.491 0.008
3785.89164 16.469 0.010
3788.89567 16.313 0.010
3792.88584 16.495 0.008
3794.88497 16.440 0.008
3796.87675 16.307 0.010
3797.87640 16.310 0.008
3800.85744 16.513 0.011
3802.80437 16.288 0.008
3803.83697 16.303 0.008
3804.88413 16.314 0.008
3806.89666 16.296 0.008
3808.88163 16.525 0.010
3810.79763 16.276 0.010
3812.78379 16.460 0.011
3814.77468 16.543 0.011
3818.83961 16.429 0.010
3819.89904 16.478 0.008
3820.89128 16.411 0.008
3821.90263 16.357 0.008
3822.91448 16.312 0.008
3824.90953 16.383 0.011
3825.90160 16.489 0.010
3826.92506 16.516 0.012
3827.90077 16.468 0.008
3828.91288 16.468 0.010
3829.90877 16.380 0.008
3830.87520 16.308 0.008
3832.90298 16.393 0.010
3833.89138 16.519 0.010
3834.81658 16.374 0.008
3835.86899 16.434 0.008
3836.87847 16.377 0.008
3837.85723 16.285 0.008
3838.86137 16.285 0.008
3839.88043 16.327 0.011
3840.86443 16.514 0.010
3841.84779 16.524 0.010
3842.76163 16.281 0.008
3842.92265 16.505 0.014
3845.85215 16.328 0.011
3846.85608 16.318 0.007
3847.89796 16.336 0.010
3848.87166 16.463 0.010
3849.90089 16.449 0.010
3850.82094 16.428 0.010
3851.82723 16.416 0.011
3852.81934 16.329 0.008
3853.80864 16.342 0.008
3856.79727 16.495 0.010
3858.86130 16.503 0.008
3860.85266 16.411 0.011
3861.86794 16.323 0.008
3862.81112 16.420 0.008
3863.78935 16.531 0.010
3864.81327 16.516 0.008
3865.77557 16.417 0.010
3866.74073 16.301 0.008
3867.74809 16.311 0.008
3868.74348 16.431 0.011
3869.72522 16.525 0.011
3873.72870 16.320 0.008
3874.77549 16.373 0.010
3875.75815 16.298 0.007
3877.71710 16.529 0.010
3880.78384 16.494 0.008
3881.79241 16.459 0.008
3882.72736 16.358 0.010
3883.77914 16.338 0.010
3886.74272 16.504 0.010
3887.72247 16.462 0.008
3889.88422 16.419 0.010
3891.61586 16.538 0.012
3892.75150 16.346 0.008
3893.78234 16.370 0.011
3894.81936 16.377 0.011
3896.76979 16.552 0.014
3900.66654 16.508 0.012
3901.67206 16.516 0.010
3902.68960 16.495 0.010
3903.83060 16.365 0.010
3904.66945 16.350 0.007
3905.68013 16.326 0.008
3906.65796 16.387 0.008
3907.72400 16.378 0.012
3908.66393 16.468 0.008
3909.66205 16.493 0.008
3912.66614 16.340 0.007
3913.66633 16.346 0.007
3914.71409 16.348 0.007
3915.66320 16.424 0.008
3916.74494 16.357 0.010
3917.76212 16.369 0.010
3918.76244 16.414 0.008
3919.69260 16.458 0.007
3920.64629 16.356 0.010
3921.65476 16.384 0.012
3930.71641 16.420 0.008
3931.63261 16.412 0.010
3932.59646 16.429 0.008
3933.64366 16.428 0.007
3934.61038 16.415 0.008
3934.81553 16.418 0.010
3935.59135 16.399 0.008
3936.57641 16.418 0.010
3937.65522 16.431 0.010
3938.62066 16.397 0.008
3940.76546 16.392 0.007
3942.51366 16.445 0.012
3944.48380 16.378 0.008
3944.60196 16.436 0.010
3944.70185 16.363 0.007
3944.77866 16.404 0.010
3945.47758 16.393 0.010
3945.60032 16.427 0.011
3945.68179 16.398 0.008
3945.77077 16.385 0.010
3946.48332 16.423 0.011
3946.64859 16.451 0.010
3946.69595 16.427 0.010
3946.74700 16.408 0.010
3946.76234 16.403 0.010
3946.78180 16.389 0.010
3950.66410 16.381 0.008
3951.67490 16.381 0.011
3959.63573 16.394 0.010
3960.62684 16.461 0.008
3963.63222 16.456 0.008
3964.66836 16.439 0.008
3965.64324 16.349 0.008
3966.63770 16.310 0.008
3967.66113 16.311 0.008
3968.62064 16.467 0.010
3969.63112 16.526 0.011
3970.63787 16.539 0.011
3971.66923 16.526 0.010
3973.69743 16.514 0.011
3974.63498 16.317 0.010
3975.62757 16.318 0.008
3976.62150 16.420 0.010
3979.65669 16.534 0.012
3982.68940 16.527 0.018
3986.67001 16.463 0.012
3987.61878 16.516 0.010
3988.65091 16.507 0.010
3989.56905 16.326 0.010
3991.57048 16.523 0.014
3995.51831 16.287 0.008
4001.58864 16.540 0.010
4002.62425 16.502 0.010
4003.57872 16.503 0.008
4011.56205 16.476 0.012
4015.59100 16.326 0.012
4017.56470 16.600 0.011
4019.57288 16.475 0.011
4023.55563 16.371 0.012
4025.50718 16.480 0.010
4027.51495 16.400 0.011
4030.50698 16.426 0.011
4151.89739 16.320 0.014
4155.86138 16.508 0.012
4158.82316 16.291 0.011
4160.88649 16.312 0.012
4162.87389 16.453 0.012
4165.85830 16.414 0.012
4167.85122 16.315 0.015
4169.85357 16.409 0.011
4174.86764 16.378 0.011
4176.84492 16.289 0.010
4177.90182 16.270 0.010
4179.79613 16.467 0.011
4180.86469 16.552 0.012
4182.77304 16.286 0.008
4183.81000 16.265 0.010
4185.78575 16.515 0.012
4190.88378 16.471 0.011
4192.88800 16.367 0.010
4193.89901 16.295 0.010
4196.87864 16.495 0.011
4202.89028 16.296 0.010
4203.87844 16.412 0.010
4204.88526 16.499 0.010
4205.87407 16.527 0.011
4207.89799 16.466 0.010
4208.90749 16.422 0.011
4213.87900 16.518 0.007
4215.91313 16.494 0.011
4216.83760 16.295 0.010
4217.85986 16.309 0.008
4218.90422 16.302 0.010
4220.88835 16.449 0.015
4222.84806 16.424 0.010
4228.85203 16.506 0.012
4229.81745 16.433 0.011
4230.79860 16.330 0.008
4231.84091 16.349 0.010
4232.86186 16.353 0.014
4234.79655 16.513 0.011
4234.83402 16.392 0.010
4235.82043 16.532 0.011
4237.63729 16.506 0.015
4238.82500 16.451 0.014
4240.61871 16.401 0.014
4243.87130 16.351 0.011
4244.87805 16.434 0.011
4244.88690 16.396 0.011
4244.90986 16.349 0.011
4245.91247 16.397 0.011
4246.92536 16.467 0.014
4247.58247 16.389 0.008
4250.91170 16.345 0.012
4256.81003 16.324 0.011
4257.69393 16.491 0.014
4258.79685 16.447 0.011
4268.57791 16.489 0.012
4269.71771 16.311 0.008
4272.63956 16.481 0.010
4273.68700 16.507 0.011
4274.67084 16.419 0.011
4275.72764 16.469 0.012
4277.56851 16.488 0.012
4278.70160 16.343 0.011
4283.64864 16.355 0.010
4284.63007 16.366 0.011
4285.63707 16.403 0.012
4286.73081 16.324 0.011
4289.68052 16.465 0.012
4290.75972 16.467 0.014
4291.75793 16.473 0.014
4292.61548 16.361 0.010
4293.64323 16.349 0.008
4294.68447 16.354 0.010
4295.64448 16.426 0.010
4296.62364 16.456 0.010
4297.55518 16.360 0.010
4298.78668 16.376 0.011
4299.75684 16.418 0.010
4300.68683 16.436 0.011
4301.55613 16.414 0.010
4302.79007 16.435 0.012
4306.54712 16.429 0.014
4307.56874 16.409 0.010
4311.58964 16.391 0.012
4312.65689 16.380 0.010
4317.64398 16.438 0.011
4319.65293 16.418 0.011
4326.66214 16.446 0.011
4327.69730 16.452 0.014
4328.63210 16.367 0.011
4329.62334 16.363 0.011
4330.63675 16.351 0.010
4331.63216 16.437 0.011
4332.68684 16.373 0.011
4333.63595 16.501 0.014
4334.64942 16.474 0.015
4338.66904 16.316 0.012
4339.63902 16.349 0.011
4340.70219 16.300 0.012
4341.67975 16.424 0.014
4342.68006 16.495 0.012
4343.64988 16.501 0.012
4345.64977 16.393 0.014
4346.65493 16.328 0.012
4347.66905 16.293 0.011
4349.64410 16.485 0.011
4350.66865 16.494 0.012
4351.63955 16.502 0.011
4354.64828 16.307 0.011
4357.58636 16.513 0.012
4359.55986 16.318 0.011
4365.60127 16.532 0.015
4368.60432 16.440 0.015
4370.55994 16.349 0.010
4372.59278 16.485 0.011
4377.55349 16.265 0.010
4381.59586 16.544 0.016
4515.89691 16.344 0.012
4520.87591 16.465 0.012
4523.85945 16.320 0.012
4525.85417 16.500 0.014
4532.88233 16.276 0.010
4534.90343 16.390 0.011
4537.79446 16.292 0.011
4538.90786 16.443 0.012
4539.79925 16.437 0.011
4541.83113 16.518 0.011
4543.82084 16.481 0.010
4544.81773 16.385 0.011
4545.83522 16.351 0.010
4547.80908 16.363 0.010
4550.80809 16.551 0.012
4552.79811 16.361 0.011
4556.88987 16.275 0.008
4557.91554 16.275 0.008
4558.88206 16.373 0.010
4559.87998 16.521 0.010
4560.88017 16.527 0.010
4561.86921 16.501 0.008
4564.87334 16.301 0.008
4565.86301 16.319 0.007
4566.86421 16.427 0.008
4567.86979 16.515 0.010
4568.90174 16.488 0.008
4569.88496 16.512 0.011
4570.89350 16.467 0.010
4571.85524 16.322 0.008
4572.89360 16.324 0.010
4573.86884 16.288 0.008
4574.87738 16.386 0.010
4575.88560 16.468 0.010
4583.85207 16.492 0.011
4585.84261 16.470 0.010
4586.86139 16.439 0.010
4587.87329 16.411 0.014
4588.76348 16.491 0.010
4589.73285 16.498 0.011
4590.81249 16.510 0.010
4591.72531 16.369 0.010
4592.79888 16.446 0.011
4593.78431 16.371 0.010
4594.81267 16.354 0.010
4595.80350 16.314 0.008
4596.75916 16.480 0.010
4597.82097 16.406 0.010
4598.79048 16.520 0.008
4599.76971 16.449 0.010
4600.79209 16.429 0.008
4601.78069 16.327 0.008
4602.78434 16.297 0.007
4606.83803 16.446 0.010
4611.76180 16.356 0.011
4616.75394 16.386 0.008
4616.93984 16.329 0.012
4618.65835 16.522 0.011
4622.73708 16.500 0.011
4623.81014 16.528 0.012
4624.74889 16.375 0.010
4625.73186 16.318 0.010
4626.79394 16.342 0.011
4627.71116 16.468 0.010
4628.70002 16.532 0.010
4629.76952 16.486 0.010
4630.70872 16.432 0.010
4631.72398 16.393 0.008
4632.75844 16.402 0.010
4633.89389 16.510 0.014
4639.84655 16.443 0.014
4640.85099 16.487 0.014
4641.88858 16.470 0.014
4642.53441 16.386 0.012
4643.69084 16.455 0.011
4644.78095 16.333 0.010
4645.69330 16.492 0.011
4646.66051 16.386 0.008
4647.68190 16.359 0.010
4649.66701 16.378 0.010
4650.70505 16.346 0.010
4651.70570 16.406 0.010
4652.63826 16.454 0.010
4653.63322 16.391 0.010
4654.67025 16.427 0.011
4655.64148 16.344 0.008
4656.63760 16.383 0.010
4658.79484 16.396 0.014
4661.62725 16.389 0.008
4666.49847 16.342 0.012
4670.72996 16.442 0.011
4671.68356 16.414 0.010
4672.64334 16.380 0.011
4674.67125 16.406 0.011
4675.79614 16.434 0.012
4677.71546 16.373 0.010
4679.68836 16.471 0.012
4681.69936 16.433 0.011
4682.69700 16.400 0.010
4683.65302 16.412 0.011
4684.67178 16.401 0.011
4684.76497 16.421 0.011
4685.69761 16.395 0.010
4686.77018 16.401 0.010
4687.68588 16.412 0.011
4688.63175 16.426 0.010
4697.64066 16.448 0.012
4698.65874 16.454 0.011
4700.65398 16.354 0.010
4701.63729 16.334 0.010
4702.65173 16.388 0.011
4708.67338 16.433 0.011
4715.63444 16.447 0.012
4720.64013 16.447 0.016
4721.64758 16.519 0.015
4722.63814 16.514 0.014
4725.61102 16.302 0.011
4726.63929 16.313 0.012
4733.60033 16.304 0.011
4750.54244 16.479 0.014
4757.54931 16.320 0.010
4763.52559 16.295 0.011
4876.89322 16.421 0.014
4883.87946 16.427 0.012
4886.84618 16.375 0.010
4890.81867 16.435 0.011
4894.86965 16.312 0.010
4898.86295 16.499 0.010
4900.84843 16.406 0.010
4901.90003 16.458 0.010
4902.82566 16.321 0.008
4903.88831 16.308 0.008
4904.85382 16.436 0.010
4906.90686 16.450 0.011
4911.88902 16.304 0.008
4913.90242 16.355 0.008
4924.89748 16.568 0.010
4926.74825 16.482 0.011
4928.80420 16.510 0.011
4930.73965 16.379 0.010
4931.88181 16.502 0.011
4932.78967 16.348 0.008
4933.73390 16.375 0.011
4934.83549 16.302 0.010
4938.84399 16.530 0.011
4940.78873 16.365 0.010
4941.84056 16.394 0.010
4942.86599 16.393 0.010
4943.72317 16.530 0.010
4944.78805 16.479 0.008
4949.80252 16.314 0.008
4951.82746 16.301 0.010
4953.73207 16.493 0.010
4954.84958 16.484 0.010
