2116.78882 16.139 0.008
2128.67479 16.213 0.008
2135.56069 15.998 0.007
2143.62853 15.986 0.007
2162.62172 15.600 0.006
2170.52799 15.779 0.006
2173.60194 16.044 0.008
2183.54479 16.143 0.011
2195.58168 15.817 0.008
2200.55587 15.966 0.009
2346.83150 16.003 0.007
2351.83257 16.102 0.007
2360.84124 15.820 0.007
2371.81384 15.920 0.007
2380.80254 16.107 0.008
2384.77446 16.136 0.008
2388.77824 16.281 0.009
2390.74819 16.248 0.011
2397.90647 16.063 0.008
2401.70885 15.838 0.007
2403.77014 16.023 0.007
2405.70601 15.962 0.007
2415.70753 16.158 0.009
2417.79117 15.534 0.006
2425.87176 16.053 0.008
2431.71896 15.989 0.007
2433.69384 15.999 0.007
2434.83969 16.134 0.008
2436.62904 15.986 0.007
2438.64464 16.059 0.007
2440.62601 16.084 0.007
2443.65984 16.140 0.008
2445.55691 16.109 0.009
2452.62791 15.664 0.007
2458.76392 16.055 0.007
2462.68035 16.046 0.007
2464.54776 15.873 0.007
2467.47436 15.836 0.008
2469.48480 15.932 0.007
2471.77476 15.582 0.006
2473.47295 16.044 0.009
2483.52772 16.004 0.007
2490.50441 15.723 0.007
2492.74097 16.166 0.009
2495.48211 15.899 0.007
2495.53194 16.002 0.007
2496.48821 15.933 0.007
2497.49215 16.006 0.007
2497.59296 16.111 0.007
2498.57211 16.114 0.007
2499.47295 16.031 0.008
2499.63024 16.139 0.007
2500.48354 16.075 0.008
2501.47813 16.089 0.009
2501.65713 16.235 0.008
2502.48946 16.101 0.008
2503.47016 16.094 0.017
2508.48061 16.184 0.008
2511.63627 15.829 0.008
2521.58296 16.051 0.007
2535.51194 16.253 0.011
2539.60849 15.815 0.007
2540.58651 15.808 0.008
2545.53839 15.884 0.007
2550.57506 16.104 0.009
2555.53747 16.158 0.009
2561.56183 15.938 0.008
2571.50385 15.817 0.009
2701.89703 16.204 0.008
2712.89762 15.892 0.007
2727.85650 16.151 0.007
2732.87428 15.568 0.006
2743.86208 15.979 0.007
2748.89386 16.132 0.009
2755.88465 16.271 0.008
2759.87602 15.553 0.006
2765.90233 15.903 0.007
2770.63194 15.981 0.009
2782.81602 16.183 0.009
2784.80927 16.233 0.008
2786.70489 16.161 0.009
2788.85176 15.561 0.005
2790.90064 15.830 0.007
2794.69123 15.738 0.007
2796.62947 16.119 0.007
2802.68662 15.861 0.008
2808.73418 16.084 0.008
2810.65289 16.045 0.007
2812.62986 16.064 0.007
2813.71881 16.158 0.008
2815.65843 16.152 0.008
2816.79355 15.602 0.006
2817.80295 15.533 0.006
2819.57771 16.136 0.008
2821.56665 16.154 0.008
2830.60320 15.730 0.007
2835.53430 15.781 0.008
2836.76243 16.147 0.009
2838.65873 16.078 0.008
2840.58339 16.042 0.007
2844.69417 16.249 0.008
2849.52311 16.153 0.008
2849.53546 16.157 0.008
2849.65139 16.065 0.008
2849.73567 15.662 0.006
2851.62374 15.859 0.007
2853.63440 15.574 0.006
2856.51218 16.162 0.008
2858.48802 15.845 0.007
2860.60263 15.858 0.008
2863.68962 16.090 0.009
2867.59597 16.072 0.008
2870.67421 16.169 0.008
2874.66275 16.269 0.009
2878.55477 16.247 0.008
2884.62625 15.780 0.007
2893.65400 16.100 0.007
2896.51685 16.020 0.008
2906.65698 15.644 0.007
2912.63634 15.864 0.007
2924.55957 16.085 0.008
2934.57639 15.633 0.007
2942.53711 15.787 0.007
3048.87613 16.290 0.008
3057.87119 15.809 0.006
3066.90333 16.109 0.008
3069.85600 16.110 0.008
3071.86360 16.142 0.008
3074.85128 16.186 0.008
3076.89789 15.831 0.007
3078.90295 15.555 0.008
3081.80329 15.796 0.006
3084.74608 15.791 0.006
3086.74429 15.574 0.006
3088.74794 15.714 0.006
3090.84748 15.998 0.007
3092.82262 16.023 0.008
3097.78540 16.085 0.008
3099.78353 16.104 0.008
3101.72188 16.100 0.012
3103.73068 16.128 0.009
3107.86734 15.576 0.006
3109.70166 16.200 0.008
3110.71236 16.270 0.009
3112.71280 16.048 0.007
3113.75605 15.594 0.006
3115.75470 15.722 0.006
3118.76890 15.889 0.007
3122.76429 16.022 0.007
3125.74210 16.071 0.008
3126.67983 15.988 0.007
3127.68188 16.034 0.007
3128.70029 16.074 0.007
3129.67977 16.071 0.008
3130.84223 16.248 0.009
3131.84167 16.134 0.012
3134.64895 16.125 0.012
3135.71524 16.220 0.008
3139.71112 15.966 0.007
3140.67862 16.174 0.008
3141.84228 15.880 0.006
3144.67532 15.577 0.006
3146.62981 15.555 0.006
3151.63132 15.843 0.007
3152.64030 15.908 0.007
3153.64253 15.954 0.007
3153.93220 15.980 0.009
3154.71783 16.086 0.008
3156.63285 16.014 0.007
3158.67057 16.100 0.009
3162.68366 16.157 0.008
3163.60185 16.133 0.007
3163.92326 15.877 0.007
3164.59535 16.134 0.007
3165.59507 16.141 0.008
3166.81004 15.774 0.008
3167.83027 15.844 0.007
3168.63616 16.271 0.008
3169.60642 16.306 0.008
3170.70132 15.633 0.005
3171.61932 15.827 0.006
3172.60899 15.680 0.006
3174.59505 15.501 0.005
3175.59632 15.575 0.006
3176.62227 15.740 0.005
3178.65816 15.889 0.007
3179.68658 15.995 0.007
3180.55712 15.771 0.006
3182.59148 15.927 0.007
3182.63852 16.023 0.007
3183.56425 15.912 0.006
3183.59433 15.965 0.007
3184.57437 15.971 0.006
3184.84480 16.138 0.008
3185.65807 16.101 0.007
3191.87378 15.844 0.007
3193.74530 15.625 0.007
3194.72406 15.597 0.006
3195.52969 16.126 0.007
3196.52798 16.149 0.009
3197.76830 15.839 0.007
3199.56876 16.209 0.008
3202.62356 15.720 0.007
3203.56757 15.573 0.006
3205.56424 15.687 0.006
3206.54612 15.689 0.006
3207.54916 15.743 0.007
3210.77680 16.169 0.009
3211.53557 15.893 0.006
3217.54100 16.100 0.008
3218.53845 16.112 0.009
3223.52978 16.164 0.008
3224.54529 16.214 0.007
3226.50020 16.184 0.008
3229.50878 16.119 0.007
3230.54882 15.573 0.006
3239.65745 16.126 0.008
3241.54481 16.032 0.009
3244.64332 16.149 0.011
3246.54548 16.137 0.008
3248.55313 16.164 0.008
3250.53801 16.159 0.007
3254.54030 16.001 0.008
3257.68227 15.922 0.007
3262.52142 15.792 0.007
3266.50281 15.906 0.008
3268.53822 16.028 0.007
3272.51353 16.095 0.007
3273.59766 16.173 0.009
3277.59321 16.262 0.012
3279.57291 16.133 0.008
3287.49713 15.670 0.006
3431.89477 15.885 0.006
3438.89290 16.105 0.007
3444.82956 16.125 0.007
3446.85453 16.172 0.007
3448.88912 16.036 0.006
3452.77303 16.228 0.007
3454.83007 15.570 0.006
3456.83773 15.717 0.006
3467.83944 16.097 0.007
3469.91163 16.161 0.007
3477.90157 15.583 0.005
3480.70032 16.122 0.007
3483.69527 16.243 0.007
3496.89910 16.148 0.008
3497.66248 15.896 0.007
3499.70599 16.028 0.006
3500.89138 16.276 0.008
3501.69793 16.098 0.007
3502.85334 16.279 0.007
3503.85496 16.205 0.006
3504.69075 16.150 0.007
3508.70489 16.189 0.008
3509.84337 15.712 0.005
3511.72795 15.745 0.006
3512.67906 16.219 0.008
3520.57934 15.585 0.006
3521.83014 16.082 0.007
3522.82563 16.107 0.007
3523.64869 15.860 0.006
3524.63282 15.843 0.006
3525.86421 16.151 0.007
3526.89731 16.270 0.008
3527.81044 16.166 0.008
3528.64078 15.992 0.006
3529.59810 15.968 0.006
3530.73266 16.133 0.006
3538.80096 15.695 0.006
3544.70997 15.766 0.006
3547.73989 15.939 0.007
3550.71569 15.978 0.006
3551.82821 16.129 0.006
3553.63092 15.963 0.007
3554.58985 15.895 0.008
3556.59491 15.974 0.006
3558.56479 15.971 0.006
3559.78145 16.272 0.007
3560.75617 16.274 0.007
3561.72304 16.237 0.007
3562.77962 15.723 0.006
3563.52710 16.072 0.007
3569.81456 15.903 0.007
3573.51386 16.277 0.009
3574.57639 15.540 0.006
3575.56477 15.565 0.005
3576.52305 15.607 0.005
3577.57541 15.721 0.006
3578.54877 15.713 0.005
3579.50719 15.643 0.005
3580.52279 15.747 0.006
3581.55253 15.853 0.006
3582.51134 15.798 0.006
3583.55104 15.911 0.006
3584.53721 15.914 0.006
3585.52774 15.921 0.006
3586.58614 16.069 0.006
3587.64219 16.122 0.007
3588.57872 16.081 0.006
3589.53742 16.083 0.006
3590.51753 16.056 0.006
3591.56245 16.123 0.006
3592.53588 16.112 0.006
3593.62432 16.241 0.007
3594.57666 16.158 0.006
3601.48890 16.265 0.007
3602.51397 16.100 0.008
3603.50795 15.806 0.006
3607.52408 15.743 0.006
3608.51561 15.793 0.007
3617.56919 16.108 0.008
3620.67283 15.990 0.006
3632.54350 15.675 0.006
3634.60672 15.935 0.007
3640.58721 16.098 0.007
3646.51472 16.130 0.008
3651.50629 16.159 0.008
3653.53425 16.214 0.011
3774.84196 15.628 0.006
3780.82644 15.884 0.008
