2125.56972 17.011 0.022
2129.65154 16.530 0.010
2132.59405 16.820 0.015
2135.73162 16.485 0.010
2140.69400 16.454 0.012
2144.57615 16.422 0.011
2160.56303 17.181 0.023
2168.63080 16.873 0.019
2187.53990 16.946 0.019
2206.53535 17.186 0.031
2331.87611 16.479 0.012
2345.90457 16.830 0.017
2355.85051 16.783 0.014
2364.90800 17.003 0.019
2372.80867 17.054 0.016
2403.86329 16.608 0.011
2414.74352 16.996 0.016
2416.78196 16.758 0.014
2424.87634 17.186 0.027
2428.77677 16.927 0.017
2432.82127 16.720 0.016
2434.68716 16.993 0.017
2436.73548 16.787 0.014
2438.71300 17.172 0.020
2440.74301 16.944 0.016
2443.71591 17.162 0.022
2445.59686 16.764 0.013
2446.69492 16.764 0.014
2448.58942 17.020 0.030
2453.83656 16.642 0.014
2456.54806 16.499 0.012
2458.68500 17.135 0.018
2460.75735 17.006 0.020
2463.50654 16.990 0.018
2466.71166 16.859 0.015
2468.58551 17.095 0.015
2470.58877 16.836 0.015
2481.48743 16.543 0.018
2484.58673 17.034 0.021
2490.64598 16.989 0.020
2493.60814 16.802 0.015
2495.67954 17.009 0.016
2497.76350 16.882 0.016
2498.47289 17.038 0.016
2500.49768 16.845 0.016
2502.53045 16.490 0.011
2508.62975 16.500 0.012
2512.57717 16.657 0.014
2517.61904 16.736 0.013
2520.54386 16.953 0.016
2526.63487 16.943 0.016
2537.61452 16.826 0.021
2542.48188 16.607 0.017
2547.54931 16.756 0.016
2551.58677 16.971 0.023
2556.54022 16.925 0.018
2564.49740 17.193 0.025
2575.49554 17.016 0.022
2706.88259 17.192 0.018
2714.86684 16.758 0.014
2728.89611 16.963 0.020
2733.87921 16.946 0.018
2744.86700 16.866 0.015
2753.85264 16.991 0.018
2756.92204 16.634 0.013
2760.86505 16.726 0.014
2766.91817 16.688 0.015
2770.78897 16.677 0.015
2783.73355 16.948 0.015
2785.83847 16.817 0.017
2786.89892 16.733 0.017
2789.70912 16.806 0.014
2791.68833 17.085 0.018
2794.89459 17.002 0.018
2796.77612 16.563 0.012
2797.93877 16.647 0.013
2809.68224 16.823 0.015
2810.84912 16.885 0.016
2811.88088 16.798 0.017
2813.67766 16.953 0.018
2814.69990 16.879 0.015
2816.56295 17.116 0.019
2818.55045 16.849 0.018
2820.70902 16.762 0.015
2826.71602 16.613 0.013
2834.75249 17.088 0.057
2837.59423 17.061 0.024
2839.64243 16.887 0.019
2841.65581 16.579 0.013
2843.58859 16.939 0.016
2845.61670 16.719 0.016
2849.79605 17.095 0.027
2849.80232 17.098 0.027
2852.49297 16.985 0.022
2852.50526 16.987 0.019
2852.51833 16.998 0.021
2852.56435 17.080 0.024
2854.48721 16.742 0.017
2856.68024 16.699 0.015
2858.64561 17.059 0.021
2862.57218 17.128 0.023
2865.68149 16.878 0.015
2868.56125 16.984 0.016
2871.66850 16.727 0.013
2876.55206 16.532 0.013
2879.59624 16.954 0.017
2885.49111 16.679 0.017
2894.59895 16.964 0.019
2898.58380 17.155 0.022
2904.55661 16.975 0.019
2909.55112 16.971 0.019
2917.59106 16.617 0.015
2930.53369 16.890 0.017
3051.86890 16.873 0.022
3058.86228 16.592 0.011
3062.89719 16.821 0.011
3063.88592 16.636 0.012
3067.86078 16.819 0.014
3070.82072 17.012 0.020
3072.89954 16.862 0.013
3075.81908 16.999 0.017
3079.85289 16.534 0.012
3082.81575 16.789 0.013
3084.87134 16.522 0.010
3086.80536 16.919 0.014
3088.76236 16.555 0.011
3089.87232 16.567 0.010
3091.78950 16.926 0.015
3096.82701 17.012 0.019
3098.87083 16.766 0.012
3100.82480 17.170 0.018
3102.78756 16.854 0.015
3103.86143 16.782 0.014
3106.79584 16.968 0.021
3108.73345 16.605 0.011
3109.76002 16.724 0.012
3110.79951 17.170 0.018
3111.83352 17.008 0.016
3112.80681 16.907 0.014
3113.84064 16.808 0.013
3114.75079 16.646 0.011
3115.83331 16.950 0.015
3118.89483 16.905 0.016
3122.87832 16.994 0.021
3125.83490 16.643 0.015
3126.86420 17.135 0.019
3127.76975 16.898 0.016
3128.78815 16.791 0.013
3129.76283 16.561 0.012
3131.65044 16.876 0.021
3134.73061 16.520 0.019
3134.84788 16.742 0.017
3135.83100 16.517 0.011
3137.90663 17.090 0.020
3138.79086 16.817 0.013
3139.83504 16.726 0.012
3140.84243 16.532 0.012
3142.73461 16.881 0.014
3144.75523 16.588 0.012
3146.72877 16.991 0.016
3151.71748 17.001 0.021
3152.72125 16.905 0.015
3152.93461 17.181 0.027
3153.72521 16.820 0.017
3154.78617 16.735 0.015
3156.76872 17.127 0.021
3158.83929 16.895 0.019
3162.78020 17.027 0.019
3163.74153 16.865 0.014
3164.69979 16.604 0.011
3165.77112 16.533 0.010
3166.85901 16.528 0.015
3168.55872 16.561 0.012
3168.89695 16.984 0.017
3169.69359 16.636 0.012
3170.76616 16.561 0.011
3171.84402 16.522 0.008
3172.70571 16.984 0.013
3174.67731 16.620 0.011
3175.68664 16.771 0.012
3176.72964 17.138 0.024
3178.74780 16.895 0.016
3179.76080 16.802 0.013
3180.67352 16.773 0.011
3182.74067 16.972 0.016
3183.69920 16.877 0.017
3184.66669 16.645 0.011
3185.82268 16.748 0.014
3193.50040 16.604 0.015
3193.83753 17.002 0.020
3194.60988 16.595 0.012
3195.66634 16.504 0.010
3196.71005 17.144 0.022
3197.60999 16.891 0.014
3199.75479 16.828 0.017
3202.50560 16.824 0.014
3203.62663 16.833 0.012
3204.58751 16.586 0.010
3205.72921 16.658 0.010
3206.63678 17.115 0.017
3209.67862 16.765 0.015
3210.62487 16.525 0.011
3211.69944 16.799 0.016
3217.61932 16.989 0.016
3218.61864 16.893 0.017
3219.68499 16.834 0.020
3223.61605 16.916 0.020
3224.66575 16.808 0.013
3226.57900 17.125 0.018
3228.56159 16.829 0.014
3229.59527 16.712 0.011
3230.63391 16.594 0.010
3231.53490 17.050 0.019
3232.56356 16.979 0.021
3238.58449 16.886 0.015
3239.54421 16.661 0.012
3240.62097 16.627 0.012
3241.61997 16.780 0.023
3245.51439 16.664 0.016
3246.62646 16.633 0.016
3247.64194 17.131 0.021
3249.49347 16.639 0.013
3250.62106 16.652 0.013
3253.61438 16.966 0.016
3256.59726 16.655 0.014
3259.58945 16.848 0.018
3267.49643 17.024 0.020
3271.58201 16.528 0.022
3274.59359 16.868 0.017
3278.56757 16.973 0.017
3281.54832 16.523 0.012
3293.48480 16.926 0.020
3295.48922 16.673 0.013
3299.49261 16.879 0.012
3312.50173 17.218 0.033
3416.86895 16.702 0.013
3421.85918 16.721 0.012
3425.88518 16.901 0.015
3428.88122 17.030 0.015
3432.85483 16.556 0.015
3442.85546 16.638 0.013
3444.90835 17.157 0.017
3447.82153 16.611 0.012
3449.83440 17.012 0.015
3452.85495 16.665 0.011
3454.90847 17.168 0.018
3458.76758 17.163 0.018
3459.81522 17.016 0.016
3468.84402 16.534 0.010
3469.85092 17.145 0.013
3471.87844 16.949 0.018
3473.84641 16.553 0.011
3473.91796 16.652 0.012
3474.86984 17.048 0.017
3475.76576 16.917 0.013
3476.74256 16.778 0.011
3478.75833 16.880 0.012
3479.89552 16.621 0.010
3481.78625 16.854 0.012
3484.74201 17.010 0.019
3496.69040 16.786 0.012
3497.75785 16.696 0.012
3499.71540 17.078 0.013
3500.69822 16.922 0.013
3501.73624 16.852 0.011
3502.73481 16.662 0.010
3503.66138 17.145 0.014
3504.84045 16.532 0.010
3506.85214 16.989 0.014
3508.71855 16.558 0.014
3509.74913 17.165 0.016
3510.88942 16.997 0.013
3511.80125 16.939 0.013
3512.82068 16.854 0.016
3517.82433 16.894 0.015
3520.78159 17.076 0.016
3522.70756 16.720 0.010
3523.76867 16.636 0.010
3523.91336 16.900 0.018
3524.67080 17.063 0.016
3525.66488 16.924 0.013
3526.71766 16.881 0.012
3527.75143 16.843 0.011
3528.69232 16.524 0.010
3529.65030 17.083 0.013
3530.65836 16.954 0.011
3538.62843 16.611 0.011
3540.62245 16.953 0.016
3544.82355 16.609 0.014
3547.75505 16.894 0.015
3550.60193 16.976 0.016
3551.60425 16.842 0.010
3552.63361 16.739 0.011
3553.76062 16.781 0.016
3554.71034 16.548 0.012
3555.77816 16.806 0.017
3556.69034 16.954 0.014
3558.50116 17.171 0.017
3558.79984 16.837 0.013
3559.58269 17.126 0.018
3560.57107 16.954 0.014
3561.51522 16.770 0.013
3562.55587 16.657 0.011
3562.80721 16.947 0.015
3563.61007 16.569 0.010
3564.59178 17.172 0.022
3569.52854 17.023 0.019
3573.61895 16.584 0.014
3574.65994 16.492 0.011
3575.50752 16.920 0.013
3575.76096 16.544 0.011
3576.66144 16.997 0.016
3577.72913 16.920 0.015
3578.63431 16.694 0.011
3579.59161 17.064 0.014
3579.75935 16.708 0.012
3580.62143 17.066 0.014
3581.64487 16.962 0.013
3582.59287 16.790 0.011
3583.60696 16.638 0.012
3584.61570 16.629 0.011
3585.60598 17.044 0.014
3586.65171 17.010 0.014
3589.64438 16.550 0.010
3590.61329 17.133 0.016
3592.62013 16.851 0.012
3593.64128 16.729 0.011
3594.67452 16.607 0.011
3601.53207 16.879 0.012
3601.62036 16.984 0.017
3602.57015 16.847 0.014
3602.63641 16.932 0.016
3603.54213 16.645 0.012
3603.61046 16.760 0.014
3604.52149 17.060 0.016
3606.47383 16.879 0.016
3606.63735 16.973 0.018
3607.50671 16.763 0.011
3607.60881 16.890 0.013
3608.57730 16.705 0.013
3608.61572 16.760 0.015
3616.55887 16.974 0.016
3617.51521 16.811 0.015
3618.53551 16.656 0.012
3619.56014 16.514 0.010
3621.55974 16.996 0.017
3626.49797 16.969 0.026
3628.53366 16.738 0.014
3629.61834 16.656 0.013
3631.50325 16.958 0.018
3633.51630 16.725 0.016
3637.61249 16.990 0.017
3639.56608 16.639 0.010
3641.51818 16.966 0.017
3648.51045 16.763 0.013
3650.54785 16.641 0.012
3654.51964 16.631 0.017
3655.49310 17.076 0.019
3657.50577 16.915 0.016
3660.49995 16.831 0.017
3662.50520 16.931 0.017
3666.53270 17.120 0.017
3775.88154 16.641 0.012
3781.86699 16.607 0.014
3784.85085 16.815 0.014
3787.84152 17.057 0.017
3790.87222 16.724 0.014
3792.86884 17.166 0.016
3794.82582 16.837 0.015
3795.90503 16.784 0.015
3797.90527 16.980 0.015
3799.86015 16.889 0.015
3800.88648 16.749 0.012
3801.86874 16.536 0.010
3802.83426 17.164 0.016
3803.86955 17.027 0.014
3805.78559 16.651 0.014
3806.80571 16.535 0.010
3807.81942 17.149 0.018
3808.77914 16.935 0.015
3809.78193 16.822 0.013
3810.82653 16.731 0.013
3811.82251 16.518 0.012
3812.81427 17.152 0.018
3813.79006 16.985 0.014
3814.80712 16.871 0.013
3817.83461 17.151 0.017
3818.86930 17.036 0.014
3819.78492 16.831 0.012
3820.75521 16.648 0.011
3821.75571 16.681 0.012
3822.79781 17.180 0.017
3823.75384 16.970 0.014
3824.77134 16.846 0.015
3825.78877 16.741 0.014
3826.76492 16.477 0.010
3827.78459 17.181 0.016
3828.75817 16.996 0.018
3829.79349 16.871 0.013
3830.71520 16.614 0.011
3831.71200 16.824 0.012
3832.72982 17.101 0.016
3833.74451 16.961 0.014
3834.71424 16.825 0.015
3835.71922 16.628 0.014
3835.90528 16.905 0.013
3836.74760 16.503 0.014
3836.91530 16.796 0.012
3837.71414 17.114 0.018
3837.88637 16.555 0.010
3838.72159 16.952 0.018
3839.72295 16.870 0.017
3839.91015 17.011 0.019
3840.73497 16.690 0.013
3840.89374 16.908 0.015
3841.70438 16.645 0.014
3841.92430 16.819 0.013
3842.82657 16.506 0.010
3845.70262 16.676 0.018
3845.88671 16.910 0.023
3846.68307 16.757 0.015
3847.77985 16.865 0.016
3848.73476 16.996 0.018
3849.73093 16.871 0.013
3849.93334 17.160 0.021
3850.67716 16.631 0.011
3850.84972 16.894 0.014
3850.92120 16.983 0.016
3851.69092 16.494 0.011
3851.85618 16.772 0.014
3852.68164 17.131 0.018
3852.91015 16.688 0.014
3853.66994 16.952 0.014
3853.83757 17.155 0.013
3853.90909 16.491 0.010
3854.66902 16.849 0.013
3856.65992 16.704 0.012
3856.82628 16.713 0.013
3857.89704 16.669 0.011
3858.71643 17.002 0.017
3859.77899 16.926 0.014
3860.79521 16.833 0.016
3861.64880 16.675 0.014
3861.75579 16.627 0.011
3862.65386 17.098 0.016
3862.84182 16.576 0.010
3862.91790 16.749 0.012
3863.66945 17.014 0.014
3863.88974 16.484 0.010
3864.65803 16.881 0.015
3864.84998 17.041 0.013
3865.71745 16.792 0.013
3865.86102 16.977 0.014
3865.92997 16.986 0.015
3866.66903 16.494 0.011
3866.80866 16.759 0.012
3866.88688 16.861 0.013
3867.68393 17.157 0.017
3867.86953 16.652 0.011
3868.69183 17.015 0.017
3868.83591 16.829 0.015
3868.91575 16.569 0.013
3869.66934 16.887 0.014
3869.85186 17.054 0.019
3872.86650 16.682 0.012
3873.67580 16.997 0.014
3873.81724 16.952 0.014
3873.88908 16.527 0.010
3874.72673 16.964 0.016
3874.90076 17.178 0.017
3875.68733 16.764 0.011
3875.84232 16.961 0.013
3876.61446 16.592 0.010
3877.69135 17.004 0.012
3877.84012 16.668 0.011
3877.91417 16.793 0.013
3879.64734 16.880 0.011
3880.81661 16.952 0.014
3880.89566 17.029 0.017
3881.64212 16.506 0.010
3881.85762 16.869 0.012
3881.90424 16.890 0.012
3882.62705 17.148 0.016
3882.78057 16.577 0.010
3882.85438 16.715 0.012
3882.92316 16.859 0.013
3883.61460 16.952 0.016
3883.81166 16.667 0.011
3886.57397 16.738 0.012
3886.77515 16.764 0.012
3886.85043 16.878 0.013
3886.94836 16.992 0.023
3887.62771 17.203 0.016
3887.75413 16.551 0.010
3887.85828 16.753 0.013
3887.93033 16.826 0.014
3889.64172 16.873 0.012
3889.91655 16.510 0.010
3891.65112 16.593 0.011
3891.77283 16.799 0.015
3891.85506 16.929 0.016
3892.71776 16.489 0.010
3892.90377 16.810 0.013
3893.58853 16.990 0.016
3893.83494 16.535 0.013
3894.64597 16.896 0.016
3894.86126 17.127 0.019
3896.58198 16.495 0.014
3896.83931 16.935 0.022
3900.50979 16.598 0.014
3900.69515 16.851 0.016
3900.77950 16.979 0.015
3900.84801 17.013 0.016
3901.52459 16.866 0.015
3901.70081 16.742 0.011
3901.77860 16.848 0.013
3901.85166 16.898 0.015
3902.53615 17.018 0.017
3902.72318 16.544 0.010
3902.83604 16.789 0.015
3903.63419 17.048 0.014
3903.87709 16.634 0.012
3904.53550 16.842 0.014
3904.69794 16.981 0.012
3904.76740 17.115 0.014
3904.84015 17.019 0.014
3905.53234 16.628 0.011
3905.70870 16.909 0.013
3905.77893 16.982 0.013
3905.84752 17.022 0.013
3906.54021 16.510 0.011
3906.73303 16.786 0.011
3906.80622 16.874 0.013
3906.89483 16.992 0.016
3907.57447 17.184 0.018
3907.75978 16.679 0.014
3907.84426 16.788 0.015
3908.51246 16.959 0.017
3908.69860 17.147 0.015
3908.77624 16.476 0.010
3908.85892 16.640 0.011
3909.51211 16.803 0.017
3909.69053 17.025 0.013
3909.78530 17.158 0.015
3909.86489 16.524 0.011
3910.53256 16.666 0.013
3912.50703 17.046 0.015
3912.69840 16.586 0.010
3912.78973 16.739 0.011
3912.87765 16.876 0.013
3912.89171 16.867 0.014
3913.49990 16.930 0.013
3913.70177 17.077 0.014
3913.79728 16.546 0.010
3914.52594 16.863 0.014
3914.75744 17.093 0.015
3915.50162 16.643 0.012
3915.70595 16.939 0.014
3915.79783 16.996 0.015
3916.54636 16.508 0.011
3917.52450 17.139 0.019
3917.79732 16.762 0.013
3918.54553 17.052 0.015
3918.79208 16.594 0.012
3919.49947 16.818 0.016
3919.73197 17.069 0.013
3920.48927 16.660 0.013
3920.68579 16.929 0.016
3920.76780 16.998 0.013
3921.48921 16.722 0.013
3921.68672 16.783 0.016
3921.77498 16.939 0.019
3922.70085 16.667 0.015
3930.48934 16.676 0.012
3930.76351 16.970 0.018
3931.47426 16.522 0.013
3932.50576 17.157 0.019
3932.78109 16.801 0.013
3933.48682 17.010 0.015
3933.67661 16.721 0.010
3933.75215 16.545 0.010
3934.46959 16.859 0.013
3934.68631 17.075 0.015
3934.75538 17.122 0.017
3935.51952 16.773 0.012
3935.69071 16.936 0.017
3935.75937 17.006 0.014
3936.47287 16.459 0.012
3936.63817 16.755 0.011
3936.71473 16.891 0.014
3937.47910 17.186 0.021
3937.75615 16.783 0.014
3938.47750 17.002 0.020
3938.66534 16.693 0.012
3938.75434 16.600 0.012
3939.54493 16.954 0.012
3940.66319 16.974 0.012
3940.79404 17.121 0.017
3942.53089 16.788 0.014
3944.51064 16.911 0.012
3945.49078 16.764 0.013
3945.69327 16.994 0.013
3945.74915 17.060 0.016
3946.49210 16.567 0.012
3946.68133 16.851 0.014
3946.75876 16.946 0.015
3950.49650 16.784 0.013
3950.70268 17.026 0.015
3951.49277 16.590 0.012
3951.72529 16.957 0.018
3955.51490 16.825 0.022
3956.52381 16.715 0.017
3957.48593 16.882 0.015
3959.48247 16.923 0.016
3959.66378 17.195 0.019
3960.47870 16.805 0.013
3960.65776 17.003 0.013
3960.72991 17.074 0.016
3961.53523 16.736 0.014
3963.51143 17.138 0.017
3963.68300 16.594 0.010
3964.49662 16.957 0.015
3964.70440 16.691 0.012
3965.48475 16.847 0.013
3965.67726 17.004 0.013
3966.51471 16.739 0.012
3966.66774 16.935 0.014
3967.49623 16.494 0.012
3967.69317 16.823 0.013
3968.47653 17.059 0.018
3968.64847 16.571 0.011
3968.71755 16.663 0.012
3969.50512 16.984 0.017
3969.65894 17.127 0.019
3970.48570 16.887 0.017
3970.66664 17.018 0.016
3971.52383 16.761 0.015
3971.69987 16.981 0.014
3973.55053 16.980 0.017
3974.48552 16.992 0.017
3974.66448 16.856 0.013
3975.48814 16.893 0.017
3975.66343 17.032 0.015
3976.48491 16.683 0.011
3976.65206 16.893 0.014
3979.48796 16.950 0.019
3982.54405 16.619 0.021
3983.49444 17.165 0.027
3986.55769 16.860 0.016
3987.48560 16.550 0.013
3987.64654 16.838 0.014
3988.48850 17.144 0.017
3990.61969 17.067 0.017
3995.54634 17.013 0.014
3996.54482 16.886 0.016
3999.56710 17.162 0.019
4001.49732 16.829 0.015
4003.51761 16.446 0.010
4004.49292 17.073 0.015
4006.49971 16.849 0.015
4011.59644 16.944 0.017
4012.54775 16.838 0.016
4016.49523 16.886 0.015
4018.52044 16.543 0.012
4020.51790 16.996 0.018
4023.51868 16.591 0.013
4025.53812 17.071 0.017
4027.54303 16.856 0.016
4030.53483 17.085 0.020
4036.51604 16.974 0.023
4040.49720 17.133 0.030
4042.52723 16.781 0.019
4140.88777 16.933 0.028
4143.88533 16.821 0.021
4149.87697 16.649 0.014
4153.86331 16.838 0.015
4155.89924 16.467 0.014
4158.86123 16.851 0.017
4161.82918 17.040 0.018
4163.80342 16.762 0.015
4164.81773 16.588 0.013
4165.89810 16.523 0.016
4167.90206 17.019 0.017
4169.90564 16.794 0.015
4174.91192 16.820 0.016
4175.90044 16.601 0.012
4176.88161 17.155 0.019
4178.77389 16.807 0.015
4179.83270 16.690 0.013
4180.91207 16.616 0.016
4182.81391 16.996 0.015
4183.85006 16.896 0.018
4184.89052 16.806 0.013
4185.86641 16.602 0.013
4189.89344 16.825 0.018
4191.85617 16.965 0.022
4192.77140 16.965 0.020
4194.77082 16.648 0.015
4196.76107 17.102 0.023
4202.74248 16.977 0.017
4203.73069 16.819 0.013
4203.91508 17.017 0.016
4204.71898 16.608 0.013
4205.71937 16.756 0.014
4207.70888 16.914 0.018
4207.88410 17.160 0.017
4208.73098 16.842 0.015
4209.76371 16.729 0.011
4210.89861 16.774 0.011
4211.72897 17.114 0.022
4211.74364 17.177 0.022
4212.83781 17.117 0.022
4212.87869 17.212 0.023
4212.90499 17.127 0.023
4213.73763 16.880 0.015
4215.72760 16.443 0.012
4216.68495 17.070 0.020
4216.87815 16.551 0.009
4217.69056 16.958 0.016
4218.71475 16.862 0.019
4219.73621 16.713 0.016
4220.67590 16.849 0.019
4221.71593 17.144 0.021
4222.89626 16.789 0.016
4223.72293 16.883 0.017
4224.76822 16.785 0.018
4228.66246 16.801 0.016
4228.89419 17.094 0.022
4229.65728 16.628 0.016
4229.85433 16.911 0.016
4229.91593 17.004 0.018
4230.66709 16.642 0.013
4230.85507 16.783 0.015
4230.91681 16.893 0.021
4231.65146 17.032 0.017
4231.82690 16.514 0.012
4231.91982 16.702 0.015
4232.73427 17.020 0.019
4232.90129 16.453 0.013
4234.69143 16.705 0.015
4235.87653 16.828 0.015
4237.67759 17.021 0.015
4238.71521 16.911 0.016
4238.86117 17.088 0.020
4238.92290 17.200 0.022
4239.60563 16.573 0.016
4240.66267 16.453 0.011
4240.79068 16.721 0.015
4240.92527 16.917 0.017
4243.62522 16.797 0.018
4243.72148 16.937 0.017
4243.81504 17.011 0.020
4243.93276 17.145 0.021
4244.60103 16.571 0.016
4244.69707 16.766 0.014
4244.78993 16.882 0.016
4245.59372 17.147 0.018
4245.68743 16.548 0.011
4245.78061 16.722 0.013
4246.65244 17.129 0.020
4246.74546 16.473 0.012
4246.83872 16.624 0.014
4247.63543 16.986 0.018
4247.79670 17.179 0.018
4250.71577 16.630 0.014
4251.78730 16.552 0.016
4256.60258 17.126 0.024
4256.74945 16.472 0.015
4256.84723 16.703 0.018
4257.63450 17.009 0.023
4258.61807 16.865 0.019
4258.74078 16.994 0.018
4258.83606 17.149 0.021
4267.57812 16.973 0.020
4268.76551 17.021 0.018
4268.88590 16.750 0.016
4269.56045 16.618 0.014
4269.68149 16.828 0.015
4269.77223 16.972 0.016
4270.55597 16.713 0.015
4272.62438 17.023 0.016
4272.77350 16.681 0.013
4272.84501 16.597 0.013
4273.60137 16.905 0.020
4273.78222 17.084 0.021
4273.84200 17.146 0.022
4274.59384 16.750 0.017
4274.74839 16.926 0.017
4274.80751 16.990 0.019
4275.58656 16.467 0.012
4275.76199 16.806 0.016
4275.82045 16.899 0.018
4275.88165 16.999 0.025
4276.57136 17.141 0.023
4277.51519 16.948 0.021
4277.69036 17.168 0.021
4277.75083 16.750 0.015
4277.80943 16.486 0.014
4278.54899 16.837 0.020
4278.73622 17.015 0.021
4278.80922 17.198 0.026
4283.49466 16.781 0.018
4283.70483 17.008 0.021
4284.48967 16.579 0.015
4284.72016 16.931 0.016
4284.78235 17.035 0.019
4284.84744 17.059 0.022
4285.48818 17.151 0.023
4285.68005 16.753 0.016
4285.74474 16.847 0.015
4285.81251 16.924 0.018
4286.49149 17.060 0.025
4286.78178 16.699 0.014
4289.49303 16.617 0.017
4289.71553 16.959 0.020
4289.78059 17.014 0.019
4289.84739 17.092 0.023
4290.54660 16.470 0.013
4291.64896 16.456 0.012
4291.77136 16.728 0.017
4292.47470 16.913 0.017
4292.65281 17.191 0.018
4292.71243 16.735 0.013
4292.77117 16.495 0.011
4292.83432 16.648 0.014
4293.47502 16.790 0.016
4293.68095 17.034 0.016
4293.73971 17.100 0.017
4293.81735 16.804 0.015
4294.47431 16.593 0.013
4295.47586 16.902 0.020
4295.67936 16.761 0.015
4295.73803 16.845 0.014
4295.82030 16.976 0.018
4296.47713 17.066 0.020
4296.66558 16.536 0.010
4296.75669 16.712 0.013
4297.49793 17.005 0.020
4297.69824 16.739 0.013
4297.80227 16.587 0.013
4298.53262 16.883 0.017
4298.63843 17.028 0.018
4298.73197 17.152 0.019
4299.51545 16.723 0.014
4299.60883 16.844 0.014
4299.70101 16.973 0.016
4299.79119 17.043 0.020
4300.50650 16.442 0.011
4300.63078 16.720 0.012
4300.72722 16.860 0.015
4301.50139 17.124 0.019
4301.59368 16.544 0.011
4301.69034 16.612 0.012
4301.78889 16.806 0.014
4302.57681 17.108 0.018
4302.66906 17.087 0.020
4303.64964 17.053 0.021
4304.53517 16.773 0.016
4304.64456 16.908 0.017
4306.52265 17.218 0.026
4306.65995 16.580 0.014
4307.76048 16.574 0.013
4310.76634 16.923 0.024
4311.73597 16.770 0.019
4312.50578 17.012 0.021
4312.70098 16.426 0.011
4312.79854 16.682 0.017
4314.49935 16.740 0.012
4315.53991 16.623 0.013
4316.56879 16.465 0.011
4317.49118 17.020 0.017
4319.50024 16.792 0.016
4319.75469 17.071 0.019
4320.52322 16.616 0.013
4326.47878 17.210 0.022
4327.57207 17.200 0.025
4328.49918 16.940 0.017
4328.67615 17.207 0.021
4329.50966 16.840 0.016
4329.65749 17.018 0.019
4329.71628 17.012 0.020
4330.52188 16.688 0.013
4330.67286 16.895 0.015
4331.50208 16.712 0.014
4331.66861 16.765 0.015
4332.47982 17.049 0.016
4333.51090 16.994 0.020
4333.67196 17.196 0.022
4334.48412 16.824 0.027
4334.58174 16.898 0.025
4338.48426 16.957 0.020
4339.50372 16.844 0.017
4339.67490 17.054 0.025
4340.57237 16.779 0.018
4341.48465 16.589 0.017
4342.48066 17.072 0.023
4342.51398 17.147 0.021
4343.48205 16.958 0.015
4343.68980 16.727 0.016
4344.52070 16.886 0.020
4345.48609 16.666 0.013
4346.49472 16.442 0.012
4347.51368 17.202 0.024
4348.50750 17.020 0.018
4350.50927 16.731 0.014
4351.48450 16.440 0.011
4352.49520 17.190 0.025
4353.49190 17.017 0.018
4354.52049 16.917 0.015
4355.51106 16.772 0.015
4356.48858 16.469 0.011
4357.57179 16.453 0.014
4358.52903 17.025 0.022
4359.49787 16.902 0.018
4361.55083 16.658 0.018
4362.48625 17.172 0.023
4365.54324 16.844 0.019
4367.51953 16.697 0.015
4368.55514 17.168 0.027
4369.56405 17.019 0.025
4370.54204 16.840 0.015
4371.51440 16.646 0.013
4372.49944 16.736 0.013
4373.56549 17.214 0.023
4375.55110 16.889 0.021
4377.58967 16.625 0.016
4378.49971 17.096 0.020
4379.51505 16.986 0.024
4380.52656 16.866 0.016
4381.50455 16.673 0.018
4382.59308 16.633 0.015
4383.51805 17.138 0.020
4384.55501 17.033 0.021
4387.54509 16.567 0.014
4393.51240 17.161 0.019
4394.56980 17.104 0.024
4395.54122 16.951 0.020
4396.55372 16.853 0.022
4397.51255 16.539 0.015
4398.52020 17.156 0.022
4399.55578 17.049 0.025
4400.51515 16.945 0.025
4402.52978 16.610 0.018
4403.53077 16.689 0.017
4506.88204 16.889 0.020
4509.86596 17.162 0.016
4513.84271 16.468 0.012
4517.83679 16.739 0.019
4519.82268 17.165 0.025
4522.85157 16.768 0.017
4524.83523 17.204 0.020
4530.79737 16.990 0.015
4533.82617 16.590 0.012
4535.88112 17.167 0.021
4537.78074 16.723 0.014
4538.87470 16.689 0.013
4539.83589 16.709 0.012
4540.84580 17.109 0.017
4541.77485 16.898 0.015
4542.76938 16.718 0.017
4543.76503 16.494 0.012
4544.76188 17.185 0.027
4545.74857 17.017 0.022
4546.75519 16.927 0.020
4547.76937 16.737 0.013
4548.82226 16.656 0.014
4550.79449 17.022 0.019
4551.74084 16.887 0.018
4552.78448 16.831 0.024
4556.73714 16.887 0.015
4557.75475 16.749 0.013
4558.77494 16.617 0.011
4559.72775 17.164 0.017
4559.91672 16.662 0.013
4560.73012 17.000 0.016
4560.91733 16.423 0.010
4561.72056 16.889 0.014
4561.90612 17.108 0.015
4564.71079 17.183 0.018
4564.91102 16.685 0.012
4565.70894 16.991 0.014
4565.89953 16.463 0.010
4566.70825 16.877 0.015
4566.90131 17.099 0.015
4567.70043 16.726 0.013
4567.90715 17.005 0.015
4568.70596 16.525 0.013
4569.71564 17.168 0.020
4569.92521 16.744 0.014
4570.70695 17.028 0.020
4571.69473 16.902 0.019
4571.89274 17.128 0.016
4572.70653 16.746 0.018
4573.72032 16.571 0.012
4573.92879 16.892 0.016
4574.72276 17.084 0.019
4575.72816 17.061 0.018
4576.73585 16.918 0.017
4577.82003 16.932 0.016
4578.77113 16.735 0.018
4579.84783 16.647 0.014
4583.71483 16.648 0.015
4583.89999 16.917 0.016
4585.73528 17.107 0.020
4586.74321 16.997 0.018
4587.75145 16.865 0.017
4587.90987 17.035 0.018
4588.71663 16.675 0.013
4589.69893 16.749 0.014
4589.85425 16.733 0.015
4589.91627 16.793 0.014
4590.67631 17.002 0.017
4590.88199 16.557 0.011
4591.68812 16.939 0.017
4591.86017 17.176 0.019
4591.92229 16.697 0.014
4592.64661 16.744 0.014
4592.83580 16.956 0.017
4592.89916 17.033 0.017
4593.63590 16.522 0.012
4593.84540 16.879 0.014
4593.90751 16.956 0.016
4594.65692 17.201 0.022
4594.85165 16.744 0.013
4594.91746 16.839 0.016
4595.64240 17.052 0.020
4595.84056 16.456 0.011
4595.90267 16.630 0.013
4596.63571 16.894 0.015
4596.91541 16.643 0.013
4597.66619 16.818 0.015
4597.85751 17.004 0.016
4597.92861 17.146 0.020
4598.63596 16.549 0.010
4598.88077 16.915 0.014
4599.61478 17.194 0.022
4599.81881 16.662 0.011
4600.62399 17.023 0.016
4600.93054 16.711 0.013
4601.62958 16.918 0.015
4601.84588 17.201 0.016
4601.90783 16.552 0.010
4602.61697 16.735 0.013
4602.83156 16.993 0.014
4603.74957 16.769 0.014
4606.61733 16.908 0.017
4610.71908 17.176 0.018
4610.92650 16.714 0.015
4611.60911 16.937 0.020
4611.84204 17.114 0.017
4612.63052 16.787 0.016
4615.77219 16.459 0.013
4616.58121 16.900 0.019
4616.79770 17.140 0.019
4616.86746 16.547 0.012
4617.64473 16.846 0.014
4618.59277 16.548 0.014
4621.67880 17.006 0.015
4622.77449 17.001 0.018
4622.89273 17.200 0.023
4623.60612 16.598 0.014
4623.84649 16.972 0.020
4623.91739 17.046 0.023
4624.55824 17.224 0.025
4624.57794 17.171 0.024
4624.61380 16.701 0.016
4624.71214 16.596 0.012
4624.79012 16.764 0.014
4624.85672 16.861 0.015
4625.58443 17.017 0.020
4625.77256 16.524 0.013
4625.86644 16.704 0.015
4626.58124 16.938 0.019
4626.83486 16.630 0.014
4627.53978 16.719 0.014
4627.80830 17.036 0.015
4627.89499 17.220 0.018
4628.57307 16.583 0.013
4628.73686 16.840 0.014
4628.80246 16.931 0.015
4628.86443 17.028 0.017
4629.58630 16.909 0.016
4629.80599 16.803 0.014
4629.88827 16.904 0.015
4630.53976 17.045 0.021
4630.74980 16.473 0.011
4630.82790 16.661 0.012
4630.89600 16.762 0.015
4631.54528 16.895 0.015
4631.76112 17.201 0.020
4631.83887 16.457 0.011
4631.91382 16.623 0.014
4632.54262 16.753 0.017
4632.80550 17.064 0.017
4633.54863 16.565 0.012
4633.65052 16.743 0.014
4633.77213 16.907 0.019
4638.73418 16.890 0.018
4638.83185 16.998 0.018
4639.54686 17.115 0.027
4639.65303 16.564 0.012
4639.83239 16.863 0.020
4640.57293 17.082 0.017
4640.70384 16.460 0.011
4640.81114 16.691 0.015
4641.59575 16.974 0.015
4641.75138 17.184 0.018
4642.57152 16.810 0.014
4642.73202 16.989 0.017
4642.80994 17.119 0.021
4643.52468 16.558 0.015
4644.64413 16.585 0.013
4644.82343 16.872 0.014
4645.49832 17.029 0.018
4645.74900 16.571 0.012
4645.82485 16.713 0.014
4645.88960 16.839 0.020
4646.50016 16.887 0.016
4646.83227 16.515 0.013
4647.49467 16.742 0.015
4647.71951 16.998 0.017
4647.81290 17.169 0.024
4648.52306 16.581 0.013
4648.61254 16.759 0.014
4648.68873 16.857 0.014
4648.84045 17.018 0.019
4649.50321 17.159 0.023
4649.71368 16.774 0.013
4649.82820 16.905 0.017
4650.53470 17.043 0.019
4650.75215 16.613 0.012
4650.83713 16.745 0.015
4651.49494 16.910 0.018
4651.78424 16.465 0.013
4652.48651 16.739 0.016
4652.68911 16.997 0.017
4652.77068 17.087 0.018
4652.82426 17.194 0.021
4653.48296 16.506 0.015
4653.70204 16.897 0.017
4653.76729 16.982 0.019
4654.51827 16.975 0.019
4654.72630 16.769 0.014
4654.79823 16.897 0.017
4655.48275 17.019 0.022
4655.70714 16.535 0.010
4655.76905 16.654 0.012
4656.48477 16.902 0.014
4656.67453 17.173 0.020
4656.79016 16.455 0.011
4657.55931 16.847 0.017
4658.64307 16.846 0.016
4659.57629 16.515 0.013
4660.53251 17.067 0.023
4661.47286 16.893 0.017
4661.67039 17.179 0.023
4661.73498 16.725 0.014
4661.80211 16.535 0.013
4665.64008 16.434 0.013
4666.48435 16.944 0.021
4666.66900 17.190 0.021
4666.77280 16.501 0.016
4669.59443 16.605 0.014
4670.63042 16.459 0.013
4671.55145 17.030 0.018
4671.75838 16.504 0.013
4672.48612 16.801 0.013
4672.74961 17.119 0.020
4672.78863 17.133 0.020
4674.49059 16.559 0.015
4675.65224 16.521 0.011
4677.47117 16.821 0.016
4677.61756 17.019 0.018
4677.70133 17.063 0.019
4678.67083 16.913 0.015
4679.63874 16.768 0.016
4681.51258 17.010 0.018
4681.61267 17.143 0.018
4682.48364 16.879 0.014
4682.55955 16.960 0.016
4682.73620 17.154 0.018
4683.48015 16.709 0.019
4683.68903 16.976 0.017
4683.76013 17.040 0.020
4684.48579 16.461 0.013
4684.75058 16.909 0.017
4685.52797 17.186 0.020
4686.48324 16.995 0.018
4687.50921 16.927 0.017
4687.72259 17.153 0.022
4688.47984 16.720 0.017
4688.66985 16.968 0.015
4688.73152 17.014 0.022
4693.52429 16.810 0.014
4694.52273 16.617 0.016
4697.48343 16.898 0.019
4697.70496 17.168 0.025
4698.48398 16.760 0.014
4699.48288 16.559 0.014
4700.49122 17.150 0.019
4701.48653 16.999 0.018
4701.67533 16.501 0.012
4702.48491 16.920 0.017
4703.59284 16.944 0.016
4704.57100 16.755 0.013
4705.48879 17.045 0.019
4707.58973 17.017 0.017
4708.52148 16.849 0.017
4709.49750 16.662 0.015
4710.52502 16.460 0.010
4711.50708 17.103 0.021
4715.56713 16.583 0.015
4716.55797 17.111 0.019
4720.51057 16.470 0.013
4721.51145 17.186 0.026
4722.62372 17.184 0.023
4724.49053 16.719 0.017
4725.56441 16.655 0.015
4726.52898 17.199 0.026
4728.57344 16.979 0.019
4729.51400 16.764 0.017
4730.59985 16.728 0.014
4731.53690 16.910 0.018
4733.48849 16.888 0.016
4734.53493 16.812 0.017
4737.52315 17.045 0.019
4739.56688 16.864 0.020
4740.53521 16.697 0.016
4741.50801 16.925 0.015
4743.51645 16.964 0.018
4750.58308 16.770 0.019
4756.49893 16.559 0.015
4765.50061 16.723 0.015
4867.87616 16.489 0.012
4870.88500 16.879 0.016
4872.88751 16.477 0.016
4876.84890 16.676 0.013
4884.83198 16.993 0.016
4886.88267 16.778 0.014
4890.86484 16.881 0.014
4896.85249 16.788 0.013
4899.82398 16.987 0.017
4900.80369 16.862 0.016
4901.86384 16.795 0.013
4902.86221 16.590 0.011
4904.78662 16.985 0.016
4905.89042 16.976 0.019
4910.79248 16.850 0.016
4911.76312 16.671 0.011
4912.75991 16.481 0.010
4914.76287 17.010 0.015
4918.75979 17.155 0.016
4924.72195 16.965 0.014
4925.77124 16.900 0.013
4925.88728 17.007 0.014
4926.73507 16.727 0.013
4927.82257 16.693 0.013
4928.71627 17.146 0.020
4929.71619 16.970 0.020
4929.89651 16.878 0.013
4930.77419 16.924 0.016
4931.69613 16.704 0.017
4931.81849 16.866 0.015
4932.77374 16.616 0.011
4933.69385 17.112 0.022
4933.82203 16.498 0.011
4934.79743 17.106 0.020
4938.70197 17.195 0.020
4938.80188 16.488 0.011
4939.72753 17.006 0.017
4939.82247 17.175 0.021
4940.72504 16.887 0.014
4941.69973 16.721 0.013
4941.82678 16.886 0.014
4942.67924 16.476 0.011
4942.85215 16.800 0.012
4943.69160 17.133 0.015
4943.75766 16.769 0.012
4944.68047 16.977 0.015
4944.69697 17.028 0.016
4944.77214 17.095 0.016
4944.83598 17.140 0.015
4945.69372 16.882 0.014
4945.82517 16.965 0.012
4946.75112 16.804 0.012
4947.76108 16.641 0.011
4948.86100 16.644 0.011
4949.65643 16.951 0.015
4950.69262 16.887 0.015
4951.69270 16.735 0.012
4952.80192 16.741 0.012
4953.66076 17.096 0.017
4953.76647 16.484 0.010
4954.68088 17.013 0.015
4954.78634 17.155 0.017
4955.68482 16.888 0.016
