2167.84574 18.799 0.041
2173.85310 18.546 0.030
2190.79086 18.698 0.035
2192.82504 18.594 0.034
2214.79237 18.636 0.042
2224.74915 18.789 0.036
2226.85328 18.567 0.042
2229.66520 18.701 0.043
2230.80394 18.641 0.035
2232.82377 18.777 0.047
2234.81821 18.825 0.034
2239.60316 18.551 0.042
2241.66469 18.605 0.038
2243.72326 18.736 0.043
2248.80370 18.809 0.032
2250.84955 18.834 0.037
2252.65492 18.713 0.037
2254.64582 18.814 0.037
2257.64974 18.508 0.026
2261.76977 18.647 0.028
2264.75892 18.685 0.029
2266.64738 18.559 0.042
2270.64348 18.728 0.037
2271.79429 18.727 0.030
2273.74415 18.730 0.043
2275.83120 18.659 0.039
2277.65284 18.727 0.031
2279.82518 18.569 0.032
2281.81203 18.528 0.028
2283.84625 18.718 0.029
2288.75237 18.587 0.031
2290.79075 18.613 0.031
2292.76729 18.592 0.041
2294.74233 18.596 0.050
2296.75272 18.716 0.054
2298.77215 18.664 0.045
2300.72515 18.849 0.052
2302.70297 18.762 0.047
2321.67593 18.828 0.045
2327.56249 18.730 0.044
2333.57172 18.502 0.044
2339.54816 18.712 0.048
2357.51941 18.881 0.086
2395.52044 18.614 0.051
2526.91254 18.514 0.035
2542.89090 18.571 0.032
2552.84252 18.774 0.043
2556.83406 18.618 0.035
2559.88462 18.810 0.044
2564.85053 18.706 0.039
2573.84940 18.739 0.043
2578.77372 18.524 0.039
2583.82819 18.491 0.034
2589.86137 18.724 0.038
2596.74472 18.611 0.043
2605.74771 18.651 0.032
2609.74396 18.688 0.042
2610.63255 18.577 0.039
2610.73803 18.561 0.042
2610.84445 18.713 0.051
2611.64466 18.725 0.050
2613.62585 18.765 0.052
2613.70368 18.745 0.052
2614.67385 18.603 0.044
2614.75720 18.719 0.044
2614.84881 18.740 0.038
2615.65789 18.712 0.041
2615.78000 18.445 0.028
2615.83773 18.539 0.038
2617.64659 18.612 0.045
2617.74099 18.519 0.037
2617.84945 18.694 0.044
2618.66304 18.755 0.041
2618.75661 18.757 0.039
2619.61985 18.649 0.034
2619.72661 18.571 0.026
2619.85098 18.784 0.039
2620.64977 18.726 0.037
2620.73495 18.714 0.031
2620.85168 18.536 0.034
2621.68384 18.587 0.026
2621.75947 18.742 0.035
2621.85267 18.762 0.035
2622.64975 18.853 0.049
2622.73115 18.550 0.037
2622.85203 18.593 0.032
2623.64846 18.608 0.041
2623.73653 18.725 0.038
2623.84787 18.689 0.034
2624.67905 18.591 0.035
2624.75013 18.537 0.031
2624.84494 18.676 0.039
2625.66405 18.750 0.037
2625.71593 18.727 0.036
2626.63287 18.546 0.036
2627.68857 18.775 0.057
2627.74066 18.636 0.060
2627.81453 18.554 0.047
2628.65740 18.541 0.038
2628.73450 18.703 0.051
2628.80160 18.804 0.045
2629.65317 18.866 0.055
2629.71160 18.662 0.050
2629.76148 18.611 0.038
2629.84126 18.527 0.039
2630.64100 18.639 0.047
2630.72053 18.767 0.045
2631.65248 18.726 0.048
2631.73528 18.579 0.048
2631.84459 18.621 0.050
2632.60844 18.651 0.029
2632.73521 18.780 0.034
2632.81577 18.688 0.036
2634.60724 18.672 0.031
2634.69729 18.815 0.035
2634.83106 18.587 0.041
2635.65747 18.547 0.028
2635.68541 18.539 0.028
2635.73477 18.607 0.029
2635.83774 18.762 0.039
2636.68532 18.748 0.032
2636.76570 18.648 0.038
2636.84540 18.528 0.039
2637.64737 18.526 0.031
2637.72598 18.692 0.034
2637.82907 18.756 0.032
2638.62863 18.781 0.036
2638.65648 18.718 0.036
2638.72956 18.541 0.037
2638.82904 18.541 0.039
2639.60172 18.549 0.025
2639.65661 18.672 0.025
2639.68205 18.713 0.026
2639.83809 18.680 0.031
2640.61066 18.644 0.035
2640.75266 18.549 0.031
2641.61078 18.672 0.035
2641.74718 18.724 0.037
2641.85800 18.589 0.037
2642.60891 18.633 0.030
2642.71070 18.564 0.042
2643.61583 18.757 0.030
2643.75945 18.598 0.032
2644.59846 18.512 0.032
2644.70897 18.588 0.034
2645.61325 18.737 0.185
2645.72061 18.618 0.031
2645.74959 18.562 0.031
2645.85598 18.535 0.051
2646.61837 18.597 0.035
2646.74334 18.804 0.041
2647.61833 18.649 0.038
2647.72815 18.591 0.034
2649.61551 18.644 0.031
2649.70794 18.565 0.025
2650.63569 18.745 0.035
2650.69719 18.799 0.038
2650.80702 18.550 0.031
2651.63170 18.496 0.037
2651.72748 18.731 0.037
2652.59714 18.766 0.037
2652.67609 18.703 0.048
2652.74121 18.594 0.035
2652.77365 18.583 0.031
2653.60489 18.460 0.034
2653.78178 18.746 0.045
2654.62362 18.845 0.050
2654.67605 18.640 0.042
2654.70065 18.569 0.041
2654.84126 18.602 0.034
2655.60925 18.609 0.039
2655.81278 18.600 0.036
2656.62072 18.545 0.039
2656.64960 18.595 0.041
2656.76970 18.626 0.052
2656.86699 18.799 0.063
2657.62310 18.683 0.037
2657.86347 18.748 0.074
2658.58464 18.598 0.048
2658.61199 18.632 0.056
2658.68416 18.478 0.039
2659.64265 18.749 0.039
2659.77783 18.582 0.063
2660.59735 18.554 0.037
2660.62945 18.602 0.032
2660.74688 18.766 0.044
2661.60242 18.748 0.029
2661.65621 18.699 0.029
2661.85537 18.725 0.047
2662.61226 18.577 0.032
2662.64112 18.597 0.035
2662.77674 18.755 0.045
2663.65571 18.605 0.034
2664.61984 18.770 0.043
2664.70343 18.824 0.061
2665.68631 18.505 0.026
2665.82329 18.760 0.045
2666.64553 18.781 0.036
2666.68327 18.755 0.029
2666.76334 18.610 0.028
2667.68051 18.625 0.035
2667.84120 18.850 0.073
2668.66680 18.748 0.047
2668.75486 18.537 0.030
2670.63291 18.636 0.037
2671.69045 18.740 0.044
2672.66757 18.476 0.049
2672.74220 18.648 0.035
2674.64057 18.587 0.031
2674.67248 18.615 0.031
2674.79456 18.687 0.038
2675.65119 18.766 0.037
2675.75802 18.600 0.031
2676.62716 18.590 0.034
2676.65728 18.563 0.037
2676.73803 18.754 0.038
2677.65794 18.671 0.045
2677.71667 18.586 0.034
2678.63103 18.701 0.037
2678.71484 18.792 0.044
2678.76271 18.808 0.042
2679.65151 18.581 0.037
2679.78743 18.580 0.049
2680.62551 18.637 0.042
2680.77345 18.659 0.031
2681.61176 18.578 0.041
2681.72328 18.582 0.037
2682.58918 18.777 0.043
2683.62429 18.591 0.045
2687.54937 18.636 0.051
2696.54251 18.610 0.043
2701.52466 18.656 0.044
2707.52211 18.676 0.042
2714.52102 18.751 0.061
2840.91018 18.762 0.048
2867.92234 18.594 0.036
2888.92133 18.702 0.057
2894.85165 18.592 0.032
2899.85322 18.660 0.032
2905.84221 18.573 0.041
2908.90525 18.598 0.054
2911.80152 18.780 0.035
2916.85176 18.726 0.031
2922.83557 18.716 0.045
2926.77463 18.713 0.034
2930.83672 18.583 0.032
2934.73852 18.648 0.034
2940.71861 18.764 0.034
2942.84006 18.576 0.031
2947.73256 18.837 0.054
2949.82274 18.522 0.031
2953.68946 18.639 0.039
2956.71527 18.792 0.034
2958.74155 18.692 0.043
2962.75343 18.516 0.029
2965.77282 18.620 0.029
2968.71638 18.685 0.034
2973.85644 18.757 0.041
2975.84561 18.784 0.039
2976.84087 18.576 0.035
2978.86049 18.707 0.063
2982.69256 18.646 0.036
2984.74014 18.812 0.039
2986.82271 18.660 0.042
2988.79315 18.573 0.029
2989.81048 18.730 0.038
2991.64362 18.576 0.032
2993.63105 18.678 0.030
2995.73185 18.786 0.032
2997.70963 18.770 0.038
2999.73225 18.571 0.031
3001.76851 18.528 0.028
3003.73915 18.626 0.029
3005.64443 18.542 0.039
3007.67749 18.710 0.039
3009.74381 18.791 0.042
3011.71950 18.796 0.052
3013.72395 18.558 0.035
3017.72544 18.608 0.035
3019.65340 18.530 0.035
3021.77219 18.725 0.032
3023.63397 18.662 0.029
3024.83507 18.702 0.035
3026.83178 18.745 0.025
3029.63611 18.758 0.032
3031.70609 18.545 0.028
3033.76960 18.629 0.026
3035.77665 18.733 0.030
3038.75414 18.576 0.038
3042.66870 18.560 0.036
3044.60264 18.501 0.036
3045.69160 18.681 0.039
3047.64530 18.601 0.037
3049.65103 18.545 0.023
3051.61921 18.560 0.034
3055.61273 18.687 0.036
3057.63816 18.759 0.035
3059.58205 18.739 0.030
3061.57507 18.731 0.048
3068.51642 18.725 0.047
3070.58507 18.753 0.057
3073.58586 18.730 0.051
3075.68581 18.752 0.050
3078.61780 18.605 0.036
3082.59532 18.782 0.037
3084.67238 18.690 0.034
3087.63508 18.737 0.047
3090.59846 18.607 0.037
3096.51619 18.529 0.049
3099.58649 18.538 0.044
3102.56524 18.724 0.048
3105.59803 18.774 0.049
3108.57595 18.569 0.034
3112.55325 18.692 0.045
3116.53462 18.708 0.041
3127.50202 18.832 0.037
3140.49129 18.558 0.044
3223.89087 18.625 0.043
3241.87707 18.675 0.039
3248.84050 18.661 0.045
3257.86832 18.582 0.030
3270.85731 18.707 0.036
3277.84134 18.641 0.035
3281.88508 18.793 0.029
3287.74615 18.734 0.030
3295.69838 18.518 0.025
3297.69691 18.557 0.026
3299.76141 18.796 0.024
3301.75888 18.672 0.038
3304.81916 18.782 0.039
3309.72502 18.565 0.029
3311.72289 18.591 0.026
3320.76566 18.727 0.030
3323.70049 18.468 0.029
3327.73724 18.622 0.029
3330.69610 18.642 0.038
3334.79528 18.677 0.044
3338.84177 18.725 0.035
3340.85688 18.541 0.042
3350.67532 18.613 0.025
3354.72295 18.815 0.036
3358.80332 18.517 0.022
3361.83549 18.687 0.029
3365.73788 18.665 0.035
3372.75422 18.713 0.028
3378.66691 18.538 0.029
3391.73465 18.703 0.037
3394.74618 18.518 0.031
3396.62618 18.589 0.032
3399.70344 18.618 0.035
3403.69073 18.470 0.030
3408.60013 18.757 0.034
3417.57276 18.685 0.037
3425.58101 18.570 0.045
3431.56321 18.748 0.032
3445.54986 18.769 0.037
3455.50659 18.691 0.051
3460.49818 18.611 0.030
3477.49288 18.698 0.042
3583.93502 18.678 0.045
3593.93327 18.553 0.044
3601.87021 18.814 0.043
3618.90424 18.552 0.028
3629.88551 18.635 0.032
3634.85205 18.577 0.029
3639.84540 18.622 0.023
3644.80017 18.780 0.031
3650.88901 18.611 0.032
3654.79060 18.662 0.029
3657.87049 18.522 0.026
3660.80493 18.881 0.056
3664.84004 18.615 0.025
3668.79795 18.533 0.035
3672.78617 18.671 0.032
3675.86583 18.631 0.028
3684.77397 18.571 0.025
3687.77961 18.566 0.029
3690.69948 18.727 0.042
3693.73343 18.597 0.030
3695.75496 18.718 0.031
3698.74775 18.557 0.035
3700.77654 18.587 0.028
3702.86420 18.838 0.048
3705.77098 18.556 0.024
3708.72957 18.809 0.044
3712.71641 18.551 0.028
3714.72680 18.550 0.025
3717.64285 18.779 0.032
3719.82007 18.509 0.037
3725.81394 18.786 0.044
3727.78641 18.755 0.036
3730.68175 18.612 0.024
3732.70650 18.550 0.023
3734.80454 18.718 0.030
3736.82082 18.711 0.034
3737.70918 18.615 0.025
3739.80828 18.709 0.028
3742.69418 18.807 0.050
3745.76986 18.851 0.036
3749.66424 18.720 0.050
3750.74920 18.704 0.044
3752.75991 18.751 0.043
3754.77766 18.676 0.034
3756.60118 18.731 0.031
3758.77406 18.583 0.047
3761.78647 18.704 0.026
3764.74093 18.663 0.028
3767.60073 18.779 0.035
3770.61844 18.797 0.036
3773.62129 18.524 0.035
3776.62071 18.616 0.032
3779.61027 18.764 0.048
3782.66098 18.698 0.030
3787.58599 18.615 0.029
3792.53776 18.810 0.044
3800.51518 18.575 0.032
3822.51281 18.789 0.048
3934.93127 18.478 0.031
3935.92565 18.727 0.032
3936.93045 18.708 0.038
3937.93196 18.725 0.041
3944.92896 18.718 0.041
3945.94201 18.572 0.034
3946.90928 18.820 0.051
3950.93384 18.593 0.028
3959.90160 18.459 0.034
3960.90392 18.752 0.032
3961.91566 18.603 0.039
3964.86596 18.695 0.026
3964.90226 18.684 0.025
3965.89471 18.732 0.028
3967.90772 18.811 0.030
3968.89813 18.593 0.032
3969.83274 18.657 0.038
3969.89007 18.793 0.037
3970.85716 18.547 0.026
3975.84244 18.558 0.032
3979.91885 18.721 0.039
3980.91352 18.659 0.029
3981.86482 18.571 0.034
3982.80795 18.743 0.037
3983.91517 18.731 0.030
3986.84673 18.584 0.035
3987.80478 18.747 0.038
3988.86234 18.709 0.037
3989.89186 18.582 0.032
3999.80001 18.693 0.031
4001.86850 18.814 0.029
4005.84614 18.648 0.028
4007.85035 18.581 0.029
4011.85061 18.625 0.034
4011.88644 18.823 0.041
4018.84215 18.545 0.028
4023.87428 18.570 0.029
4026.78279 18.779 0.025
4031.80436 18.747 0.030
4038.71342 18.554 0.028
4041.67461 18.733 0.041
4043.67892 18.541 0.041
4048.86059 18.582 0.039
4052.70353 18.477 0.023
4054.69044 18.487 0.032
4056.74751 18.685 0.038
4058.78063 18.693 0.024
4063.67937 18.649 0.028
4066.73666 18.655 0.030
4068.82417 18.646 0.026
4070.66655 18.554 0.030
4073.82602 18.627 0.037
4076.79412 18.655 0.042
4079.75648 18.806 0.042
4083.67324 18.744 0.047
4085.73875 18.715 0.034
4092.85720 18.603 0.031
4105.69268 18.594 0.031
4109.76585 18.706 0.026
4113.72158 18.832 0.028
4120.75195 18.693 0.031
4122.70841 18.761 0.025
4125.75964 18.725 0.036
4131.61298 18.755 0.028
4142.64965 18.702 0.044
4156.53631 18.682 0.035
4166.57758 18.584 0.043
4196.52708 18.574 0.048
4341.90293 18.579 0.037
4347.85284 18.525 0.031
4357.91067 18.591 0.054
4362.81273 18.739 0.054
4365.83139 18.585 0.054
4369.81303 18.670 0.045
4371.85933 18.722 0.035
4377.79513 18.517 0.036
4380.81165 18.761 0.041
4386.78729 18.583 0.034
4390.74922 18.594 0.035
4393.86331 18.533 0.034
4398.87461 18.574 0.041
4404.72143 18.539 0.038
4412.86203 18.632 0.050
4418.79420 18.566 0.026
4422.86029 18.781 0.047
4426.73859 18.776 0.052
4429.84458 18.700 0.060
4432.72543 18.697 0.034
4436.76481 18.617 0.035
4439.83038 18.584 0.044
4443.69661 18.519 0.039
4449.68137 18.649 0.029
4451.69091 18.736 0.043
4454.70742 18.636 0.034
4455.68969 18.770 0.049
4458.74814 18.851 0.041
4461.66498 18.575 0.031
4465.74814 18.810 0.034
4468.71669 18.504 0.024
4473.68952 18.598 0.031
4477.74767 18.668 0.041
4481.68528 18.721 0.036
4485.73334 18.613 0.041
4489.71681 18.477 0.047
4493.70662 18.625 0.042
4498.68295 18.569 0.035
4501.68031 18.827 0.042
4506.61426 18.751 0.044
4508.63146 18.773 0.039
4510.70487 18.578 0.034
4521.61499 18.782 0.049
4523.63079 18.600 0.036
4525.55022 18.556 0.031
4531.57225 18.740 0.037
4533.57462 18.738 0.041
4537.62465 18.622 0.037
4539.54364 18.678 0.045
4541.59590 18.667 0.050
