2166.83748 19.425 0.089
2172.88623 19.351 0.088
2189.84343 19.239 0.088
2212.79165 19.494 0.093
2217.77657 19.357 0.102
2223.79686 19.019 0.066
2226.77167 19.317 0.087
2228.81518 19.516 0.086
2230.72832 19.437 0.108
2232.74882 19.047 0.056
2234.74264 19.252 0.068
2238.69340 19.404 0.087
2240.82234 19.171 0.069
2242.82814 19.387 0.116
2249.76134 19.078 0.053
2251.79384 19.332 0.065
2253.75428 19.480 0.071
2256.72961 18.720 0.045
2258.67093 18.926 0.047
2261.65657 19.247 0.075
2265.75860 18.890 0.057
2271.70452 19.354 0.079
2273.67123 19.557 0.114
2275.77768 19.141 0.073
2277.77244 19.502 0.088
2279.77750 19.507 0.077
2281.79140 18.929 0.049
2283.79454 19.228 0.054
2289.72371 19.527 0.088
2291.73116 18.969 0.084
2293.70325 19.215 0.091
2295.73002 19.469 0.065
2297.72087 19.591 0.095
2299.74326 18.964 0.056
2302.59445 19.080 0.065
2317.64009 18.835 0.043
2323.54234 19.476 0.083
2326.55999 19.013 0.064
2338.52768 19.117 0.071
2344.52051 18.749 0.045
2354.52229 19.082 0.105
2368.50633 19.492 0.183
2401.50848 19.422 0.116
2520.91714 19.311 0.110
2521.89652 19.489 0.088
2537.84983 19.632 0.183
2539.82390 19.353 0.104
2551.86336 19.199 0.066
2555.88740 19.349 0.091
2559.79629 18.951 0.067
2563.84651 19.507 0.110
2573.77444 19.497 0.132
2577.83528 19.288 0.081
2580.86474 19.442 0.086
2589.77257 19.422 0.079
2594.78968 19.217 0.131
2599.83307 18.920 0.052
2609.64554 19.362 0.123
2617.80153 18.852 0.069
2620.76956 19.101 0.061
2623.71394 19.440 0.097
2627.61011 19.561 0.172
2629.63417 19.001 0.066
2631.68345 19.367 0.105
2634.67835 19.423 0.070
2637.70436 19.025 0.052
2639.81916 19.344 0.064
2641.64179 19.461 0.088
2643.65282 19.559 0.092
2645.64554 18.695 0.042
2646.67298 19.058 0.066
2650.73012 19.421 0.095
2652.72025 18.718 0.050
2654.82401 19.330 0.079
2657.74250 19.334 0.104
2659.70755 19.393 0.093
2661.80725 19.280 0.089
2665.77723 19.453 0.084
2667.81113 18.780 0.067
2671.72300 19.206 0.089
2673.68642 19.393 0.116
2675.71335 19.415 0.074
2677.74802 18.821 0.059
2679.73873 19.227 0.103
2681.75607 19.248 0.077
2686.56479 19.452 0.124
2690.64303 19.107 0.097
2695.57361 19.594 0.112
2700.52470 19.168 0.096
2712.55909 19.512 0.123
2735.48926 19.316 0.103
2884.85213 19.575 0.087
2890.81992 19.647 0.144
2895.85556 18.998 0.060
2900.81121 19.457 0.079
2906.84218 19.339 0.066
2910.87563 18.735 0.038
2915.87181 19.357 0.058
2921.87412 19.175 0.071
2925.81959 19.458 0.076
2929.86420 19.122 0.059
2933.80112 19.429 0.067
2939.80964 19.192 0.081
2946.80546 18.846 0.056
2948.85057 19.420 0.073
2952.78982 19.460 0.104
2955.84684 19.120 0.103
2957.77439 19.218 0.077
2961.75771 19.441 0.085
2963.81598 19.014 0.058
2966.75531 19.224 0.050
2970.76943 19.498 0.064
2974.68407 19.088 0.053
2975.80922 19.299 0.069
2979.84567 19.028 0.055
2983.75366 19.355 0.083
2986.73614 19.440 0.089
2988.70308 19.506 0.087
2990.72774 19.027 0.058
2992.72452 19.341 0.068
2994.81527 19.450 0.072
2996.69078 19.448 0.068
2998.68137 18.854 0.048
3000.69087 19.186 0.059
3002.67862 19.335 0.069
3004.67782 19.501 0.070
3006.62356 19.560 0.073
3010.69811 19.346 0.106
3012.79358 19.231 0.108
3016.71227 19.140 0.068
3018.70212 19.387 0.080
3020.77749 19.699 0.100
3022.80392 19.030 0.057
3024.75257 19.087 0.057
3026.72167 19.273 0.060
3028.75735 19.547 0.055
3030.76235 18.763 0.043
3033.68881 19.076 0.044
3035.69051 19.184 0.065
3038.67415 19.456 0.106
3041.57130 19.724 0.149
3043.60115 19.079 0.082
3045.64016 19.394 0.085
3047.59434 19.352 0.083
3049.60003 19.382 0.066
3050.57063 18.722 0.037
3052.56497 19.150 0.059
3054.56660 19.335 0.067
3056.56578 19.503 0.080
3058.55882 19.331 0.077
3060.57993 18.999 0.052
3067.64162 19.022 0.059
3069.60016 19.213 0.076
3073.51014 19.361 0.112
3075.60287 18.757 0.054
3078.52501 19.030 0.063
3081.67770 19.614 0.093
3084.58994 18.828 0.043
3087.55172 19.187 0.075
3089.65514 19.362 0.087
3092.59315 18.760 0.074
3098.59529 19.525 0.142
3101.55561 18.726 0.067
3104.52703 19.167 0.072
3107.50886 19.644 0.138
3110.53540 18.639 0.064
3113.51905 19.305 0.101
3125.51654 19.553 0.148
3229.89656 19.451 0.069
3239.91042 19.061 0.054
3247.88130 18.884 0.048
3256.85796 18.761 0.045
3268.85013 19.284 0.051
3273.80892 18.874 0.060
3281.80461 19.617 0.072
3289.81829 19.591 0.080
3296.82162 19.466 0.066
3298.85221 18.676 0.035
3301.67247 18.758 0.058
3303.84156 19.516 0.117
3306.81630 19.494 0.090
3308.83315 19.034 0.070
3310.86546 19.335 0.072
3314.83297 19.483 0.100
3329.80481 19.276 0.053
3334.70094 18.801 0.069
3338.75700 19.516 0.077
3352.64367 18.788 0.040
3355.66553 19.450 0.083
3359.72451 18.748 0.037
3363.70248 19.324 0.074
3369.76939 19.212 0.068
3372.67450 19.374 0.057
3377.70863 18.979 0.062
3386.79126 19.181 0.042
3391.58205 19.368 0.089
3395.63681 18.995 0.065
3398.69364 19.420 0.085
3403.66875 18.838 0.053
3406.60276 19.226 0.054
3410.62036 19.656 0.072
3415.59210 19.280 0.065
3421.58049 18.798 0.047
3428.57948 19.414 0.096
3436.57381 19.660 0.103
3443.51655 19.257 0.086
3452.53640 19.363 0.075
3574.92713 18.859 0.054
3588.91748 19.639 0.096
3590.91936 19.723 0.086
3614.90854 19.507 0.090
3629.80389 19.208 0.075
3634.76201 19.565 0.089
3640.75832 19.285 0.060
3650.81034 19.488 0.065
3653.83825 18.991 0.047
3661.80058 18.874 0.060
3666.79773 19.503 0.088
3671.79611 19.221 0.058
3675.81053 19.475 0.068
3683.83368 19.494 0.069
3689.79908 19.281 0.068
3692.71966 19.537 0.086
3694.85194 18.839 0.043
3696.67242 19.470 0.069
3699.68469 19.186 0.046
3701.73581 19.363 0.058
3704.75719 18.816 0.037
3706.75623 19.208 0.052
3711.64744 19.446 0.066
3713.66103 19.481 0.085
3716.69449 19.290 0.089
3719.67175 19.401 0.085
3725.75511 19.389 0.094
3727.70307 19.485 0.077
3730.63130 19.423 0.051
3733.62006 19.037 0.044
3734.72290 19.396 0.061
3736.74183 19.377 0.066
3738.66378 19.583 0.086
3740.69875 19.093 0.052
3743.66427 19.375 0.071
3746.73822 18.698 0.053
3748.69151 18.889 0.062
3750.58305 19.120 0.074
3752.70435 19.457 0.075
3754.69276 19.586 0.100
3758.71362 19.187 0.075
3762.67174 19.399 0.066
3769.73428 19.468 0.060
3772.70243 18.785 0.037
3778.67291 19.261 0.064
3781.73392 18.940 0.067
3786.55702 19.227 0.061
3791.55265 18.883 0.044
3798.55296 19.526 0.085
3805.53818 19.489 0.098
3819.51713 19.073 0.056
3938.93494 19.017 0.075
3961.91187 19.350 0.092
3968.89435 19.550 0.099
3974.87994 19.401 0.088
3981.78737 18.797 0.048
3987.91136 18.770 0.049
3995.81896 19.431 0.068
4004.83956 19.597 0.081
4007.77218 18.868 0.038
4018.79225 19.163 0.060
4023.78666 18.788 0.036
4026.70261 18.981 0.045
4028.83859 19.469 0.064
4031.72633 19.484 0.075
4037.83526 19.451 0.068
4040.80199 18.818 0.044
4042.81747 19.126 0.057
4048.78165 18.846 0.047
4051.77127 19.269 0.077
4053.82255 19.515 0.076
4056.64241 19.219 0.090
4059.65340 18.686 0.041
4064.67608 19.621 0.067
4067.67653 18.826 0.042
4069.66466 19.098 0.054
4072.70181 19.389 0.072
4076.77226 19.257 0.071
4079.64714 19.149 0.058
4082.66778 19.558 0.098
4084.74823 18.956 0.054
4087.66804 19.323 0.058
4093.81639 19.382 0.071
4109.65264 19.152 0.056
4113.67151 19.391 0.053
4118.57843 19.531 0.124
4120.66456 19.256 0.047
4124.69528 19.467 0.069
4127.64924 18.812 0.035
4132.62724 19.252 0.089
4142.56227 19.769 0.171
4150.53933 19.406 0.065
4154.51775 18.718 0.069
4165.54574 19.337 0.112
4183.50211 19.385 0.109
4345.90798 19.393 0.108
4350.88238 18.757 0.048
4355.88996 19.322 0.085
4361.85070 19.078 0.100
4364.85751 19.393 0.097
4367.76999 19.549 0.122
4370.80688 19.124 0.080
4376.84194 18.803 0.062
4379.84828 19.194 0.076
4383.85254 19.465 0.103
4388.79243 19.176 0.079
4392.84668 18.790 0.042
4398.79546 19.463 0.095
4403.73524 18.786 0.064
4410.86233 19.027 0.067
4417.75029 19.443 0.071
4421.72627 19.009 0.047
4421.78217 19.185 0.054
4425.74630 19.404 0.090
4429.71045 18.897 0.075
4431.85028 19.392 0.152
4436.71470 19.481 0.088
4439.72276 19.111 0.079
4442.70008 19.441 0.093
4448.75352 19.303 0.077
4450.76040 19.582 0.119
4453.73604 18.803 0.044
4456.74940 19.327 0.102
4458.69703 19.428 0.097
4461.64710 19.414 0.070
4465.66793 19.173 0.055
4468.69869 19.412 0.059
4473.63501 18.944 0.053
4477.72255 19.551 0.093
4479.74417 18.895 0.050
4483.70407 19.608 0.122
4486.70251 19.734 0.156
4490.70075 19.124 0.081
4493.77158 19.336 0.105
4498.63551 18.881 0.049
4501.62863 19.372 0.075
4505.59917 19.575 0.113
4508.57668 19.011 0.060
4510.65490 19.576 0.098
4516.53559 18.885 0.083
4520.62560 19.390 0.116
4523.60915 18.700 0.052
4530.55256 19.380 0.114
4532.54627 18.941 0.072
4535.60374 19.209 0.090
4538.62430 19.448 0.109
4540.59362 18.951 0.075
