2118.75580 16.331 0.010
2125.52452 16.252 0.013
2129.60735 15.824 0.008
2132.55198 16.522 0.011
2135.68727 16.471 0.008
2140.64741 16.482 0.010
2144.53372 15.994 0.009
2158.57653 16.191 0.008
2167.53175 15.946 0.008
2172.54750 16.175 0.010
2187.49824 16.347 0.011
2330.87117 16.159 0.010
2344.86674 16.199 0.009
2355.83206 16.492 0.016
2371.91217 16.124 0.009
2382.89044 16.521 0.012
2386.84250 16.256 0.010
2390.77243 15.893 0.009
2397.85001 16.567 0.013
2401.76308 16.349 0.010
2403.81915 16.643 0.011
2405.78751 16.277 0.010
2415.85538 16.570 0.014
2424.73232 16.249 0.014
2428.69661 15.922 0.008
2432.76720 15.965 0.010
2434.64429 16.239 0.010
2435.86331 16.348 0.011
2437.80777 16.258 0.010
2439.74848 16.539 0.010
2441.70131 16.678 0.010
2444.83102 16.631 0.015
2446.83462 16.264 0.011
2453.79176 16.593 0.018
2458.84651 16.679 0.013
2462.57301 16.127 0.015
2464.69429 16.679 0.011
2467.59742 16.300 0.010
2469.61188 16.538 0.016
2471.67165 16.325 0.008
2473.57274 16.535 0.013
2483.65349 16.664 0.012
2486.63677 16.498 0.013
2490.60377 16.288 0.011
2491.50131 16.293 0.014
2492.55597 16.548 0.010
2493.49858 16.569 0.012
2493.56301 16.681 0.012
2495.47914 16.016 0.009
2495.63756 16.466 0.010
2497.69224 15.819 0.008
2499.74011 16.533 0.011
2501.75853 15.846 0.008
2508.57878 16.092 0.008
2512.53489 16.609 0.013
2517.70502 16.378 0.012
2520.49171 16.534 0.014
2526.58788 15.934 0.008
2535.58890 15.853 0.009
2541.56706 16.272 0.009
2547.50708 16.452 0.012
2551.54153 16.403 0.012
2556.49527 16.376 0.013
2563.53090 15.987 0.008
2574.50851 16.314 0.011
2705.87101 16.545 0.010
2713.91316 16.355 0.010
2728.85421 16.466 0.018
2733.83632 16.514 0.013
2744.80857 16.656 0.012
2752.88014 16.571 0.013
2756.85371 16.528 0.014
2760.81968 16.339 0.012
2766.85326 16.579 0.012
2770.73293 16.321 0.011
2783.79387 16.265 0.009
2786.85646 15.932 0.009
2789.66277 16.278 0.010
2791.62364 16.565 0.012
2794.77953 16.554 0.012
2796.72846 16.260 0.009
2808.87028 16.710 0.020
2810.79844 16.080 0.008
2811.83890 16.435 0.011
2813.63540 16.429 0.013
2815.75709 16.080 0.008
2817.70998 16.469 0.015
2818.77214 16.627 0.013
2820.64248 16.087 0.009
2826.63455 16.235 0.012
2834.69249 15.990 0.024
2835.81304 16.563 0.013
2837.54780 16.423 0.011
2839.58411 16.174 0.010
2841.59427 16.411 0.012
2843.52974 16.584 0.013
2845.56930 16.216 0.012
2849.71974 16.424 0.011
2851.73404 16.660 0.016
2853.73986 16.348 0.012
2856.62847 16.575 0.013
2858.60384 16.058 0.018
2859.64253 16.410 0.013
2863.74027 16.506 0.019
2866.70167 15.943 0.009
2869.64232 16.553 0.015
2872.61640 16.156 0.008
2877.60639 16.245 0.010
2883.57370 16.490 0.010
2892.57422 16.450 0.013
2896.59596 16.351 0.010
2902.54194 16.529 0.015
2907.53448 16.563 0.016
2916.60858 16.573 0.018
2928.55206 16.176 0.012
3050.88626 16.366 0.012
3058.83604 15.830 0.012
3063.83074 15.969 0.008
3067.83456 16.071 0.008
3070.79399 16.541 0.016
3072.87283 16.059 0.008
3074.91235 16.557 0.013
3079.81983 16.516 0.012
3082.78619 16.033 0.008
3084.84301 16.550 0.010
3086.77408 16.192 0.008
3087.88744 16.434 0.011
3089.79568 16.554 0.011
3091.75781 15.833 0.008
3096.78758 16.098 0.010
3098.79911 16.565 0.011
3100.84969 16.116 0.008
3102.81040 16.516 0.011
3103.88526 16.684 0.012
3106.76329 16.283 0.016
3107.90757 16.623 0.011
3109.73174 16.680 0.011
3110.77301 16.117 0.009
3112.74191 16.559 0.016
3113.81115 16.669 0.010
3115.80972 16.328 0.009
3118.86683 16.015 0.008
3122.81737 16.687 0.014
3125.79781 16.503 0.012
3126.82869 16.595 0.010
3127.73789 16.588 0.011
3128.75805 15.871 0.008
3129.73655 16.175 0.010
3130.65973 16.254 0.012
3130.67334 16.305 0.020
3130.68016 16.299 0.011
3130.68312 16.301 0.011
3130.70927 16.361 0.011
3130.85100 16.556 0.013
3130.91457 16.604 0.013
3131.77049 16.567 0.014
3134.70683 16.221 0.015
3135.80225 16.551 0.010
3137.85438 16.170 0.008
3138.81196 16.313 0.009
3139.80609 16.504 0.009
3140.81334 16.580 0.011
3142.66770 16.670 0.011
3144.73064 16.456 0.010
3146.70038 16.618 0.013
3151.69014 16.680 0.013
3152.69478 16.008 0.008
3152.90759 16.562 0.014
3153.69754 16.343 0.011
3154.75391 16.578 0.013
3156.74037 15.932 0.008
3158.80037 16.575 0.015
3162.74765 16.392 0.010
3162.93355 16.587 0.014
3163.70971 16.513 0.010
3163.93331 15.836 0.009
3164.67351 16.554 0.010
3165.79527 16.081 0.006
3166.82491 16.447 0.014
3167.88890 16.652 0.016
3168.70642 16.555 0.011
3168.92272 15.943 0.008
3169.66287 16.577 0.011
3170.73352 15.985 0.007
3171.68720 16.174 0.008
3172.67187 16.396 0.009
3174.65084 16.580 0.009
3175.65271 15.854 0.007
3176.69968 16.324 0.009
3178.71525 16.581 0.011
3179.59320 16.561 0.010
3179.84897 16.296 0.010
3180.64394 15.912 0.007
3182.71408 16.547 0.016
3183.65876 16.596 0.012
3184.63843 16.626 0.016
3185.79640 16.485 0.010
3193.81118 16.260 0.010
3194.63001 15.930 0.008
3195.60836 16.235 0.008
3196.68379 16.559 0.012
3196.77277 16.617 0.012
3197.58397 16.562 0.011
3199.71794 16.346 0.010
3202.58117 16.559 0.011
3203.70489 16.161 0.008
3204.70052 16.387 0.009
3205.62509 16.428 0.009
3206.60710 16.558 0.010
3210.59724 16.453 0.010
3211.66927 16.669 0.013
3212.63800 15.892 0.009
3217.59289 16.035 0.015
3218.59215 16.168 0.009
3219.65184 16.530 0.013
3223.58976 16.261 0.011
3224.63962 16.561 0.009
3226.55239 16.655 0.018
3228.51105 16.148 0.008
3229.56919 16.513 0.010
3230.60787 16.628 0.010
3231.50889 16.626 0.013
3232.48272 15.925 0.009
3239.51750 16.546 0.010
3240.59499 16.150 0.009
3241.59921 16.180 0.011
3244.69577 15.929 0.012
3245.48377 16.577 0.012
3246.59169 16.277 0.010
3247.66230 16.582 0.012
3248.65553 16.654 0.013
3250.59493 16.073 0.008
3253.58775 16.603 0.011
3256.56682 16.394 0.012
3259.56293 15.845 0.008
3266.58848 16.553 0.016
3272.53773 16.582 0.011
3274.56729 16.279 0.011
3278.53786 15.972 0.008
3281.48304 16.588 0.016
3287.55025 15.919 0.008
3292.53896 16.043 0.008
3415.87349 16.505 0.011
3420.87375 16.557 0.016
3425.84895 16.595 0.012
3428.85469 16.319 0.009
3430.89149 16.637 0.010
3442.82812 16.304 0.010
3444.88191 16.668 0.010
3446.91057 16.365 0.010
3449.80772 16.587 0.009
3452.82870 16.487 0.010
3454.88227 15.838 0.008
3457.82056 16.539 0.011
3459.76578 16.632 0.013
3468.81765 16.633 0.010
3469.82461 16.092 0.007
3471.90495 16.600 0.012
3473.82014 15.840 0.008
3476.71276 16.412 0.009
3478.77837 15.848 0.006
3479.91565 16.505 0.008
3481.75702 16.558 0.009
3483.89066 16.321 0.008
3484.70652 16.059 0.010
3496.79205 16.533 0.010
3497.72975 15.818 0.008
3499.91975 16.660 0.010
3500.78881 16.589 0.010
3501.78254 15.846 0.006
3502.75552 16.079 0.008
3503.72454 16.302 0.008
3504.81417 16.540 0.009
3506.87914 16.285 0.011
3508.82981 16.561 0.011
3509.77949 16.591 0.010
3511.73715 15.919 0.008
3512.78028 16.406 0.011
3517.85426 16.555 0.011
3520.80849 16.155 0.008
3521.61817 16.073 0.008
3522.67255 16.313 0.008
3523.71465 16.539 0.009
3524.70336 16.601 0.010
3525.68533 15.901 0.007
3526.76779 16.386 0.008
3527.77267 16.571 0.010
3528.71544 16.575 0.010
3529.60540 16.573 0.009
3530.62738 16.443 0.008
3538.65927 16.592 0.010
3540.80376 16.513 0.010
3541.80774 16.593 0.011
3547.70013 16.569 0.012
3550.57541 16.096 0.008
3551.76478 16.593 0.009
3552.60052 16.549 0.008
3553.73446 16.117 0.009
3554.77144 16.462 0.010
3555.73535 16.546 0.009
3556.81136 15.891 0.008
3558.47428 16.573 0.012
3558.77353 16.340 0.009
3559.53073 15.813 0.008
3560.50499 16.141 0.008
3560.84504 16.525 0.011
3561.48239 16.351 0.010
3562.52895 16.584 0.010
3563.58392 15.825 0.007
3564.61203 16.276 0.008
3569.50014 16.058 0.010
3573.57724 16.093 0.009
3574.63384 16.509 0.013
3575.61866 16.551 0.009
3576.59915 16.688 0.012
3577.66117 16.228 0.008
3578.60826 16.308 0.008
3579.56550 16.448 0.009
3580.58328 16.558 0.010
3581.61532 15.993 0.008
3582.56353 15.956 0.007
3583.58058 16.330 0.008
3584.58907 16.544 0.009
3585.57976 16.606 0.010
3586.62562 15.966 0.007
3589.61837 16.569 0.008
3590.58710 16.671 0.009
3591.64905 16.201 0.008
3593.52200 16.386 0.008
3594.63806 16.661 0.009
3601.57052 16.200 0.008
3602.58002 16.473 0.009
3603.58459 16.568 0.011
3604.58115 16.638 0.013
3606.60415 16.416 0.012
3607.57651 16.527 0.009
3608.58543 16.583 0.011
3615.49814 15.979 0.008
3618.62291 15.831 0.007
3620.51125 16.186 0.008
3622.49036 16.539 0.011
3628.61908 16.163 0.010
3630.50447 16.369 0.012
3631.63465 16.653 0.015
3633.47928 16.256 0.012
3637.56393 15.828 0.008
3639.59708 16.512 0.009
3641.49212 16.558 0.014
3643.56056 16.287 0.012
3648.48445 16.203 0.010
3651.54050 15.849 0.008
3654.49354 16.530 0.017
3656.49031 16.098 0.009
3658.52427 16.492 0.015
3661.52221 16.074 0.010
3668.49531 16.566 0.014
3674.50912 16.647 0.014
3775.85268 16.543 0.015
3780.87840 16.586 0.012
