2177.79396 18.467 0.037
2187.84239 18.395 0.040
2194.81077 18.440 0.037
2206.81992 18.831 0.068
2215.86452 18.852 0.057
2216.81097 18.708 0.048
2225.74569 18.652 0.042
2225.77346 18.672 0.037
2227.81984 18.527 0.035
2229.82580 18.625 0.047
2231.79415 18.795 0.058
2233.76223 18.699 0.040
2237.68205 18.765 0.058
2239.74289 18.831 0.047
2241.85158 18.843 0.050
2244.71414 18.750 0.055
2250.64739 18.331 0.032
2252.74152 18.255 0.033
2254.79668 18.982 0.047
2256.77673 18.824 0.047
2258.77300 18.668 0.044
2262.73761 18.847 0.045
2266.80612 18.650 0.044
2270.69302 18.886 0.050
2272.78707 18.942 0.069
2275.67866 18.349 0.033
2277.84227 18.447 0.034
2279.67296 18.883 0.051
2281.84691 18.891 0.045
2282.85813 18.897 0.062
2284.83221 18.633 0.042
2288.84726 18.945 0.061
2289.64105 18.684 0.035
2291.64980 18.460 0.029
2293.85754 18.687 0.069
2295.63908 18.844 0.044
2297.63026 18.745 0.040
2299.63592 18.482 0.035
2301.81072 18.666 0.076
2302.82051 18.579 0.070
2303.80159 18.397 0.049
2325.60484 18.476 0.045
2329.54435 18.767 0.076
2336.50153 18.649 0.125
2341.55927 18.463 0.034
2359.49211 18.791 0.069
2391.58534 18.334 0.062
2553.86544 18.446 0.042
2558.78217 18.680 0.051
2562.79593 18.414 0.042
2576.80961 18.659 0.064
2579.81646 18.520 0.046
2586.85446 18.646 0.043
2591.82930 18.722 0.040
2598.79389 18.722 0.055
2606.82608 18.842 0.045
2610.75565 18.551 0.063
2615.70180 18.641 0.045
2619.76433 18.474 0.035
2622.66157 18.811 0.063
2625.72745 18.580 0.037
2628.69242 18.864 0.058
2634.78754 18.607 0.047
2636.80117 18.443 0.041
2639.71715 18.768 0.040
2642.79494 18.657 0.050
2644.79365 18.345 0.031
2646.78066 19.062 0.077
2649.80324 18.734 0.044
2651.82294 18.591 0.045
2653.70059 18.962 0.072
2656.78442 18.760 0.068
2658.77973 18.671 0.075
2660.81345 18.576 0.045
2662.81151 18.360 0.046
2665.58348 18.491 0.045
2668.61224 18.950 0.084
2671.81455 18.825 0.054
2674.73582 18.702 0.050
2676.80985 18.595 0.062
2679.57862 18.813 0.052
2680.78428 18.869 0.048
2685.52555 18.727 0.082
2689.56026 18.568 0.066
2693.57723 18.851 0.046
2698.51016 18.396 0.051
2703.52921 18.790 0.054
2704.50821 18.701 0.062
2710.50473 18.771 0.071
2728.48546 18.691 0.060
2877.88466 18.663 0.047
2894.88837 18.606 0.044
2899.89557 18.919 0.055
2905.85300 18.701 0.055
2908.85600 18.802 0.051
2912.87890 18.502 0.033
2918.83216 18.588 0.051
2924.76889 18.770 0.063
2927.80005 18.574 0.050
2931.87822 18.908 0.059
2935.77308 18.519 0.044
2941.73182 18.680 0.041
2944.76312 18.395 0.042
2948.72625 18.805 0.058
2951.78171 18.611 0.044
2955.66150 18.896 0.087
2957.80610 18.854 0.064
2961.82459 18.512 0.039
2964.77209 18.854 0.058
2966.85110 18.819 0.049
2970.84603 18.485 0.033
2974.78397 18.696 0.040
2976.70313 18.517 0.041
2978.77395 18.473 0.039
2980.79461 18.811 0.054
2982.79078 18.703 0.048
2984.84908 18.747 0.047
2987.81908 18.460 0.043
2989.82184 18.886 0.053
2991.83273 18.781 0.048
2993.82511 18.736 0.045
2996.79323 18.730 0.040
2998.80492 18.878 0.054
3000.81548 18.755 0.058
3002.80904 18.580 0.044
3004.83092 18.307 0.031
3006.81757 18.810 0.045
3007.81770 18.818 0.037
3009.78076 18.666 0.037
3011.83752 18.508 0.053
3013.80677 18.842 0.053
3016.82999 18.854 0.047
3017.81432 18.756 0.057
3019.76794 18.445 0.035
3021.65469 18.901 0.037
3023.80692 18.814 0.051
3025.80957 18.741 0.034
3027.83057 18.591 0.046
3029.81325 18.165 0.031
3032.66198 18.667 0.046
3034.74454 18.559 0.039
3036.77141 18.368 0.030
3039.68181 18.869 0.057
3041.77124 18.867 0.061
3043.72230 18.372 0.048
3044.73321 18.218 0.041
3046.71527 18.801 0.077
3048.74831 18.824 0.044
3049.73842 18.796 0.049
3051.65804 18.262 0.031
3053.63320 18.930 0.041
3055.65039 18.762 0.047
3057.70081 18.683 0.037
3059.67428 18.418 0.033
3062.57631 18.879 0.062
3066.66483 18.649 0.040
3069.66030 18.841 0.052
3071.59373 18.877 0.076
3074.60719 18.477 0.044
3077.50889 18.915 0.063
3079.71311 19.026 0.050
3083.61050 18.474 0.034
3086.57491 18.873 0.065
3088.63809 18.890 0.063
3091.64239 18.606 0.044
3097.56972 18.652 0.060
3100.60334 18.461 0.048
3103.61443 18.906 0.063
3107.58133 18.568 0.063
3110.59723 18.668 0.070
3114.55563 18.677 0.051
3123.57349 18.513 0.062
3129.55071 18.780 0.068
3135.48705 18.709 0.071
3146.48594 18.624 0.057
3244.90825 18.681 0.045
3250.88659 18.867 0.047
3261.81247 18.594 0.043
3266.82682 18.940 0.063
3272.77706 19.038 0.075
3279.86834 18.461 0.033
3283.73134 18.815 0.037
3288.77424 18.869 0.043
3291.85830 18.978 0.053
3295.87809 18.626 0.034
3297.86866 18.107 0.022
3300.73332 18.678 0.053
3301.84963 18.764 0.057
3301.85588 18.876 0.064
3302.77075 18.529 0.055
3305.83889 18.386 0.034
3310.69034 18.373 0.042
3314.83741 19.020 0.066
3321.80125 18.247 0.027
3324.73560 18.862 0.059
3329.64193 18.905 0.052
3335.71404 18.437 0.055
3340.73472 18.821 0.046
3351.60421 18.406 0.041
3354.79853 18.389 0.034
3357.83126 18.940 0.045
3359.85521 18.688 0.048
3366.79500 18.670 0.048
3376.82259 18.698 0.042
3378.84573 18.574 0.047
3385.61883 18.507 0.035
3388.78543 18.587 0.044
3394.78334 18.604 0.062
3396.78987 18.414 0.041
3402.76403 18.645 0.039
3405.55910 18.753 0.043
3413.62290 18.749 0.042
3418.57756 18.636 0.040
3426.57168 18.474 0.037
3432.58806 18.603 0.029
3439.53911 18.640 0.044
3449.49749 18.402 0.041
3459.48263 18.844 0.065
3607.88076 18.936 0.061
3625.89209 18.915 0.059
3630.88700 18.614 0.048
3631.76904 18.848 0.081
3638.83857 18.540 0.039
3640.88815 18.514 0.035
3652.79448 18.696 0.036
3655.83171 18.427 0.027
3659.81551 18.857 0.059
3663.77902 18.514 0.045
3669.84925 18.761 0.053
3670.85591 18.606 0.045
3673.76094 18.909 0.050
3681.82229 18.828 0.053
3686.71490 18.419 0.040
3688.82589 18.421 0.031
3692.78636 18.797 0.047
3694.69522 18.385 0.033
3696.81635 18.427 0.031
3699.82898 18.763 0.036
3702.68976 18.467 0.030
3704.78678 18.366 0.026
3706.86031 18.455 0.051
3711.76643 18.489 0.029
3714.65138 18.864 0.043
3717.83278 18.777 0.044
3722.85485 18.286 0.036
3726.80924 18.684 0.039
3730.80570 18.333 0.029
3733.77150 18.793 0.036
3735.81428 18.772 0.041
3738.78697 18.364 0.032
3740.85075 18.762 0.045
3742.86066 18.725 0.061
3748.80563 18.865 0.073
3750.82801 18.743 0.068
3752.84040 18.644 0.058
3753.81645 18.620 0.048
3755.82925 18.545 0.049
3757.73601 18.849 0.042
3762.79653 18.520 0.040
3767.61235 18.571 0.035
3771.70701 18.712 0.035
3774.69908 18.776 0.041
3777.68858 18.516 0.037
3780.61336 18.730 0.050
3784.59108 18.438 0.040
3789.55731 18.753 0.040
3795.55936 18.761 0.054
3802.55759 18.938 0.064
3813.53039 18.799 0.053
3832.48250 18.358 0.050
3960.90772 18.825 0.046
3975.81365 18.805 0.057
3983.91871 18.874 0.053
3986.78235 18.516 0.045
3994.83097 18.740 0.050
4003.80996 18.615 0.030
4006.86516 18.431 0.032
4009.79904 18.824 0.058
4016.78243 18.700 0.051
4020.78779 18.604 0.040
4024.88671 18.598 0.075
4027.79117 18.732 0.042
4030.73102 18.755 0.049
4036.79787 18.660 0.034
4039.76840 18.699 0.043
4041.84439 18.839 0.044
4045.74941 18.499 0.051
4047.72717 18.979 0.069
4050.68250 18.603 0.039
4053.65438 18.428 0.030
4054.85853 18.740 0.055
4057.81313 18.884 0.055
4060.72688 18.651 0.029
4065.81011 18.958 0.041
4068.77819 18.735 0.035
4070.82303 18.537 0.039
4075.65686 18.719 0.045
4078.82973 18.552 0.044
4082.76093 19.127 0.069
4084.83085 18.872 0.054
4087.70029 18.189 0.028
4096.69256 19.045 0.061
4103.85881 18.792 0.059
4106.72264 18.972 0.062
4113.78792 18.237 0.025
4122.76131 18.830 0.034
4128.68896 18.475 0.044
4145.67310 18.403 0.050
4149.65371 18.811 0.063
4158.56687 18.626 0.044
4170.52453 18.859 0.051
4344.87683 18.745 0.055
4349.81406 18.846 0.061
4354.85612 18.595 0.052
4361.88487 18.819 0.096
4362.83392 18.687 0.060
4365.87691 18.353 0.041
4369.84848 18.697 0.052
4372.89832 18.410 0.046
4373.86365 18.264 0.030
4378.82107 18.617 0.041
4382.77745 18.888 0.065
4387.77935 18.467 0.039
4391.78511 18.996 0.057
4396.81737 18.477 0.044
4400.82529 18.882 0.062
4408.83695 18.909 0.063
4415.79300 18.850 0.049
4424.70049 18.834 0.054
4428.72188 18.656 0.066
4430.84790 18.565 0.065
4434.67511 18.642 0.039
4437.79308 18.576 0.043
4440.82101 18.761 0.055
4444.76552 18.679 0.054
4450.79371 18.819 0.053
4452.82468 18.755 0.047
4455.83543 18.455 0.045
4458.84256 18.822 0.054
4463.83045 18.411 0.035
4466.77700 18.829 0.045
4469.80139 18.655 0.058
4472.79685 18.401 0.029
4480.81581 18.348 0.028
4484.83256 18.790 0.043
4488.78222 18.356 0.049
4492.77228 18.762 0.054
4497.67134 18.824 0.047
4501.58206 18.447 0.042
4506.67610 18.822 0.062
4508.72279 18.809 0.052
4518.74019 18.578 0.075
4520.74434 18.534 0.073
4522.59733 18.810 0.060
4524.70532 18.882 0.055
4525.70707 18.764 0.049
4531.66676 18.794 0.045
4535.65040 18.610 0.052
4539.63244 18.803 0.055
4542.63415 18.613 0.050
