2187.77182 18.539 0.056
2193.84077 18.742 0.041
2202.84053 18.494 0.036
2215.79335 18.745 0.056
2222.79320 18.683 0.053
2224.84078 18.480 0.047
2227.75171 18.402 0.049
2229.75743 18.729 0.060
2231.72595 18.327 0.044
2233.69416 18.672 0.044
2237.61338 18.514 0.058
2239.67443 18.969 0.070
2241.76606 18.623 0.050
2243.83635 18.282 0.045
2248.69587 18.621 0.041
2250.72733 18.845 0.054
2252.82443 18.710 0.057
2254.74240 18.796 0.044
2257.75991 18.266 0.028
2260.76951 18.466 0.041
2265.70795 18.786 0.044
2266.78790 18.736 0.053
2270.81940 18.825 0.048
2272.67158 18.699 0.060
2274.79791 18.607 0.052
2276.85325 18.717 0.058
2278.81226 18.485 0.053
2280.79197 18.844 0.054
2282.79576 18.303 0.045
2290.68716 18.761 0.052
2293.80664 18.379 0.064
2295.83050 18.728 0.044
2297.81727 18.236 0.040
2299.83372 18.712 0.057
2301.72782 18.907 0.077
2302.80303 18.635 0.072
2303.72580 18.598 0.062
2321.69890 18.452 0.048
2328.57592 18.316 0.048
2334.57401 18.746 0.061
2340.56567 18.838 0.060
2346.50633 18.267 0.041
2360.50124 18.524 0.054
2391.50219 18.794 0.070
2540.87996 18.722 0.093
2548.81699 18.231 0.049
2553.78368 18.737 0.086
2557.84910 18.886 0.074
2561.84712 18.778 0.064
2565.85245 18.673 0.061
2574.80959 18.918 0.062
2578.86613 18.864 0.073
2586.76766 18.683 0.054
2590.84098 18.725 0.053
2596.84798 18.700 0.060
2606.74428 18.210 0.031
2610.64630 18.861 0.074
2614.81524 18.846 0.065
2619.69192 18.552 0.040
2621.81921 18.218 0.032
2624.71632 18.260 0.036
2627.83593 18.880 0.095
2630.60563 18.402 0.052
2632.75650 18.940 0.052
2636.70635 18.774 0.045
2638.75058 18.446 0.043
2641.79899 18.656 0.045
2643.79647 18.800 0.052
2645.79412 18.661 0.049
2649.66987 18.253 0.032
2651.74962 18.815 0.049
2653.74342 18.324 0.044
2655.77789 18.738 0.054
2657.76193 18.262 0.040
2659.82307 18.685 0.068
2661.62322 18.707 0.037
2666.60713 18.516 0.037
2668.83489 18.246 0.052
2673.78087 18.872 0.081
2676.76116 18.839 0.054
2678.80712 18.577 0.040
2680.69930 18.805 0.045
2684.58162 18.578 0.053
2688.55530 18.314 0.040
2692.52976 18.287 0.041
2697.54466 18.779 0.053
2702.54625 18.530 0.060
2708.57309 18.704 0.050
2725.50556 18.914 0.072
2875.87425 18.516 0.053
2884.89631 18.793 0.054
2890.91627 18.477 0.081
2896.87115 18.613 0.064
2902.80219 18.736 0.044
2907.86286 18.957 0.064
2912.80609 18.512 0.037
2917.81436 18.721 0.050
2923.81706 18.776 0.058
2926.86951 18.444 0.037
2931.79824 18.804 0.061
2934.83839 18.516 0.048
2940.81866 18.482 0.037
2943.82345 18.657 0.043
2947.83164 18.587 0.039
2950.74803 18.617 0.050
2954.77398 18.512 0.060
2956.81423 18.976 0.054
2958.85873 18.643 0.056
2963.75014 18.965 0.073
2966.77038 18.235 0.027
2968.73912 18.653 0.045
2971.80110 18.776 0.064
2974.82415 18.719 0.044
2976.68405 18.418 0.040
2979.66796 18.550 0.053
2981.68854 18.869 0.116
2983.82042 18.700 0.057
2985.78748 18.919 0.053
2987.74400 18.407 0.040
2989.68421 18.717 0.044
2991.75807 18.322 0.036
2993.76421 18.766 0.050
2995.83948 18.501 0.041
2997.81063 18.707 0.045
2998.75604 18.439 0.039
3000.76461 18.864 0.058
3002.75616 18.390 0.036
3004.74911 18.815 0.045
3006.74234 18.226 0.031
3008.70190 18.721 0.085
3010.80302 18.204 0.031
3012.80856 18.600 0.077
3016.75298 18.492 0.036
3018.78365 18.807 0.054
3020.84726 18.568 0.056
3021.87220 18.255 0.047
3023.73352 18.666 0.044
3025.73671 18.774 0.040
3027.75526 18.631 0.049
3029.73969 18.776 0.049
3031.81169 18.441 0.045
3034.63678 18.338 0.027
3036.66699 18.721 0.044
3039.60902 18.771 0.054
3041.69187 18.473 0.052
3042.71691 18.317 0.043
3044.65597 18.741 0.060
3046.64211 18.731 0.057
3048.67526 18.574 0.035
3050.67206 18.778 0.040
3052.66852 18.474 0.032
3054.67406 18.677 0.056
3056.66185 18.302 0.031
3058.65511 18.750 0.047
3060.70455 18.262 0.032
3066.59232 18.580 0.057
3068.62050 18.772 0.062
3071.51883 18.853 0.057
3074.51844 18.934 0.077
3076.63753 18.632 0.064
3079.63489 18.848 0.050
3082.70253 18.262 0.028
3085.60574 18.188 0.027
3088.56195 18.389 0.047
3091.56628 18.569 0.048
3096.61276 18.298 0.058
3100.52443 18.758 0.077
3103.53208 18.537 0.047
3106.56447 18.420 0.033
3109.54901 18.582 0.040
3113.56653 18.601 0.066
3127.52447 18.510 0.037
3133.54014 18.745 0.065
3230.91488 18.925 0.073
3242.88923 18.785 0.065
3249.85622 18.794 0.072
3260.84816 18.604 0.047
3264.89017 18.576 0.032
3271.83859 18.601 0.058
3274.84189 18.704 0.061
3279.79554 18.354 0.041
3282.86113 18.497 0.035
3291.78407 19.046 0.076
3295.80453 18.846 0.043
3297.79599 18.329 0.026
3299.86390 18.681 0.026
3301.87538 18.254 0.043
3305.76628 18.945 0.064
3309.82757 18.880 0.045
3315.86057 18.475 0.037
3321.72767 18.626 0.053
3324.83559 18.910 0.061
3333.82538 18.305 0.048
3336.66739 18.425 0.043
3339.84926 18.858 0.066
3353.75080 18.754 0.041
3357.77845 18.716 0.044
3360.75631 18.760 0.039
3363.83087 18.412 0.036
3370.78815 18.337 0.044
3376.74022 18.521 0.044
3378.76539 18.691 0.048
3394.64891 18.333 0.033
3396.67527 18.752 0.050
3399.80248 18.207 0.049
3402.71250 18.188 0.026
3404.64407 18.651 0.043
3409.56098 18.755 0.050
3418.55610 18.385 0.040
3426.54759 18.466 0.039
3432.53343 18.711 0.041
3439.50953 18.685 0.053
3447.53499 18.647 0.058
3457.51194 18.753 0.061
3603.86589 18.267 0.039
3620.90222 18.695 0.037
3630.81330 18.810 0.081
3637.75397 18.839 0.083
3640.80991 18.859 0.050
3651.84243 18.960 0.060
3654.88857 18.284 0.039
3658.85458 18.871 0.066
3660.85195 18.565 0.056
3664.86152 18.467 0.032
3668.84541 18.346 0.039
3672.83407 18.238 0.030
3676.72084 18.724 0.049
3685.79072 18.589 0.037
3688.72486 18.603 0.040
3690.79960 18.306 0.036
3693.70130 18.224 0.033
3695.86622 18.785 0.079
3699.75669 18.597 0.035
3701.80982 18.365 0.035
3703.80850 18.735 0.041
3706.68409 18.644 0.035
3711.71931 18.329 0.032
3713.80719 18.893 0.054
3715.78370 18.375 0.032
3718.75260 18.407 0.039
3722.64747 18.677 0.047
3726.72967 18.392 0.041
3728.79200 18.725 0.037
3730.76174 18.717 0.036
3732.83724 18.760 0.047
3734.83011 18.494 0.035
3735.67846 18.597 0.030
3737.83701 18.463 0.030
3739.85568 18.740 0.041
3741.59395 18.830 0.056
3746.80828 18.739 0.060
3748.78702 18.229 0.048
3750.80180 18.895 0.062
3753.67487 18.679 0.054
3755.75646 18.296 0.041
3757.77590 18.703 0.043
3760.75557 18.718 0.050
3763.70849 18.819 0.032
3766.72527 18.323 0.040
3770.75274 18.806 0.066
3774.62608 18.756 0.050
3777.58463 18.793 0.050
3779.70893 18.587 0.056
3781.74898 19.043 0.081
3786.60134 18.519 0.040
3793.55100 18.589 0.044
3801.54096 18.166 0.026
3811.53352 18.491 0.047
3828.49739 18.743 0.054
3958.92281 18.946 0.083
3965.87621 18.769 0.040
3970.89637 18.435 0.036
3982.84694 18.777 0.053
3993.80006 18.753 0.069
4002.86048 18.535 0.035
4004.87877 18.837 0.043
4006.78828 18.364 0.032
4008.80933 18.955 0.050
4013.82092 18.368 0.047
4019.82368 18.941 0.058
4024.81520 18.413 0.036
4026.88422 18.870 0.079
4029.83025 19.030 0.064
4032.86499 18.318 0.037
4039.69717 19.020 0.070
4041.77091 18.854 0.052
4043.77601 18.913 0.077
4049.73919 18.317 0.027
4052.80070 18.699 0.039
4054.78748 18.980 0.057
4056.84599 18.702 0.039
4059.74064 18.658 0.041
4064.85439 18.610 0.035
4066.81083 18.788 0.044
4068.84567 18.338 0.028
4070.76809 18.872 0.057
4074.80690 18.760 0.054
4077.85568 18.789 0.062
4080.73541 18.887 0.065
4083.72210 18.655 0.057
4095.64703 18.518 0.037
4103.77746 18.852 0.062
4112.78254 18.864 0.053
4121.77709 18.716 0.060
4126.75655 18.301 0.040
4129.79015 18.617 0.041
4143.56699 18.222 0.032
4157.56500 18.477 0.050
4169.52196 18.851 0.058
4199.49137 18.715 0.058
4343.88385 18.746 0.056
4348.85657 18.385 0.037
4353.88413 18.947 0.065
4358.83633 18.659 0.078
4363.85314 18.278 0.053
4367.84131 18.937 0.061
4371.79085 18.847 0.062
4378.73026 18.823 0.065
4381.76587 18.901 0.085
4386.88343 18.826 0.069
4390.84542 18.779 0.047
4395.71224 18.280 0.056
4399.87086 18.420 0.047
4408.72476 18.588 0.054
4412.80824 18.734 0.070
4427.75975 18.648 0.053
4430.76310 18.730 0.069
4433.78054 18.761 0.050
4437.70716 18.636 0.066
4440.72678 18.801 0.057
4443.84437 18.131 0.043
4449.78614 18.533 0.056
4451.82176 18.823 0.062
4455.79144 18.854 0.065
4458.77011 18.905 0.054
4462.76415 18.706 0.037
4464.80970 18.492 0.041
4467.78080 18.488 0.047
4472.69673 18.792 0.043
4476.78375 18.875 0.044
4480.73419 18.694 0.033
4484.81362 18.738 0.040
4488.73448 18.630 0.053
4492.75376 18.589 0.045
4497.75794 18.295 0.033
4500.63100 18.357 0.030
4502.74081 18.846 0.073
4507.74483 18.503 0.056
4509.69553 18.713 0.052
4512.74402 18.841 0.047
4518.69284 18.535 0.070
4521.73032 18.584 0.060
4524.62990 18.690 0.049
4530.65599 18.752 0.049
4533.62166 18.901 0.049
4534.62451 18.842 0.064
4538.63914 18.681 0.058
4542.54716 18.559 0.060
