2118.76171 15.907 0.007
2125.53044 15.841 0.009
2129.61406 15.816 0.007
2132.55791 15.432 0.006
2135.69400 15.249 0.005
2140.65332 15.124 0.005
2144.53909 15.805 0.007
2158.58257 15.712 0.006
2167.53777 15.354 0.006
2172.55346 15.423 0.007
2187.50425 15.245 0.006
2330.87694 15.770 0.007
2344.87245 15.617 0.007
2355.83780 15.729 0.007
2371.91791 15.931 0.007
2382.89623 15.119 0.006
2390.77829 15.625 0.007
2397.85588 15.488 0.007
2401.76890 15.771 0.007
2403.82498 15.246 0.005
2405.79336 15.665 0.007
2415.86126 15.784 0.007
2424.73821 15.267 0.007
2428.70254 15.881 0.007
2432.77310 15.799 0.009
2434.65022 15.839 0.007
2435.86923 15.783 0.007
2437.81658 15.906 0.007
2439.75492 15.346 0.006
2441.70722 15.687 0.006
2444.83910 15.584 0.007
2446.84000 15.824 0.007
2453.79764 15.170 0.006
2458.85244 15.381 0.006
2462.57898 15.623 0.007
2464.70024 15.143 0.005
2467.60340 15.683 0.007
2469.61786 15.917 0.007
2471.67763 15.647 0.006
2473.57869 15.776 0.008
2483.65947 15.829 0.007
2486.64278 15.565 0.007
2490.60972 15.163 0.006
2493.56903 15.776 0.007
2495.64354 15.317 0.006
2497.69826 15.772 0.007
2499.74611 15.377 0.006
2501.76456 15.787 0.007
2508.58474 15.796 0.007
2512.54093 15.554 0.007
2517.71105 15.814 0.007
2520.49777 15.855 0.007
2526.59393 15.479 0.006
2535.59494 15.153 0.006
2541.57312 15.415 0.006
2547.51310 15.510 0.007
2551.54758 15.355 0.007
2556.50133 15.149 0.006
2563.53695 15.767 0.007
2574.51430 15.808 0.007
2705.87995 15.828 0.007
2713.91894 15.700 0.008
2733.84200 15.509 0.007
2744.81387 15.669 0.007
2752.88867 15.412 0.011
2756.85945 15.825 0.007
2760.82542 15.803 0.007
2766.85898 15.793 0.007
2770.73868 15.728 0.007
2783.79960 15.437 0.006
2786.86222 15.636 0.007
2789.66853 15.308 0.006
2791.62939 15.572 0.006
2794.78489 15.630 0.007
2796.73421 15.800 0.007
2808.87609 15.625 0.008
2810.80426 15.779 0.007
2811.84472 15.877 0.007
2813.64120 15.914 0.008
2815.76287 15.755 0.007
2817.71584 15.913 0.008
2818.77799 15.400 0.007
2820.64828 15.545 0.007
2826.64039 15.722 0.006
2826.66780 15.738 0.005
2834.69834 15.434 0.011
2834.70515 15.448 0.007
2835.81887 15.792 0.007
2837.55736 15.730 0.007
2839.58996 15.343 0.006
2839.59704 15.150 0.006
2841.60533 15.640 0.007
2843.53558 15.810 0.007
2845.57516 15.326 0.007
2849.72562 15.514 0.007
2851.73989 15.802 0.007
2853.74573 15.308 0.006
2856.63437 15.717 0.007
2858.60974 15.876 0.010
2859.64843 15.274 0.007
2863.61878 15.919 0.008
2866.70753 15.783 0.007
2869.64821 15.281 0.006
2872.62228 15.794 0.007
2877.61229 15.777 0.007
2883.57964 15.823 0.007
2892.58017 15.768 0.007
2896.60190 15.665 0.007
2907.54043 15.735 0.008
2916.61447 15.698 0.009
2928.55800 15.820 0.008
3050.89195 15.824 0.009
