2123.68578 16.320 0.007
2128.47790 16.406 0.007
2131.47827 16.206 0.007
2134.51016 15.968 0.006
2137.52791 16.323 0.007
2141.51616 15.969 0.006
2144.51551 16.312 0.007
2157.55133 16.496 0.009
2168.52588 16.345 0.008
2194.54184 16.391 0.007
2340.88353 16.372 0.010
2351.90454 16.269 0.007
2358.90779 16.348 0.007
2363.91170 16.249 0.007
2372.91419 16.155 0.007
2380.76571 15.874 0.006
2385.84493 16.126 0.006
2389.84253 16.317 0.007
2396.81960 16.392 0.007
2402.68539 16.196 0.007
2404.82983 15.809 0.005
2406.67336 15.828 0.006
2411.67312 16.393 0.007
2415.62771 16.170 0.008
2417.63667 16.394 0.008
2424.68635 16.293 0.007
2426.59979 15.741 0.005
2428.72024 16.416 0.007
2431.90680 16.352 0.009
2433.86105 16.407 0.008
2435.83719 15.947 0.006
2439.82724 16.370 0.007
2443.78343 16.132 0.007
2446.71878 16.346 0.007
2453.72228 16.439 0.007
2459.56644 16.261 0.006
2462.74895 16.176 0.006
2463.71443 16.290 0.006
2465.48884 16.166 0.007
2467.74832 16.040 0.006
2469.79547 16.320 0.007
2471.47294 16.093 0.007
2473.78548 16.044 0.007
2484.57048 16.337 0.007
2489.68198 16.361 0.006
2492.63476 15.821 0.005
2494.68927 16.281 0.007
2497.47571 16.298 0.007
2499.52691 15.872 0.006
2501.55208 16.176 0.006
2511.53532 16.515 0.009
2516.52108 16.395 0.007
2519.59100 16.176 0.006
2526.50059 16.192 0.006
2539.57954 16.363 0.008
2545.49253 16.208 0.007
2554.54527 15.794 0.006
2566.50643 16.486 0.010
2711.86124 16.235 0.006
2726.87355 15.887 0.005
2731.88054 16.419 0.007
2752.77608 15.843 0.006
2755.76696 16.286 0.007
2758.91844 16.152 0.008
2764.93401 16.155 0.007
2769.73190 16.373 0.007
2770.61463 16.353 0.009
2775.83047 16.539 0.012
2783.61065 16.386 0.007
2785.59184 15.834 0.006
2787.64462 16.280 0.007
2789.93193 16.226 0.007
2791.90331 16.355 0.007
2794.59946 16.286 0.007
2796.89608 16.258 0.007
2797.86294 16.335 0.007
2809.65833 15.788 0.006
2811.63694 16.200 0.007
2813.59077 16.312 0.007
2815.58064 15.993 0.006
2817.62962 16.196 0.007
2819.73812 15.953 0.006
2821.81237 16.218 0.007
2826.50311 16.302 0.007
2834.47719 16.449 0.009
2836.61697 16.237 0.007
2838.49154 16.283 0.007
2840.47912 16.400 0.008
2842.48708 15.937 0.005
2844.59841 16.358 0.007
2847.70477 16.292 0.008
2851.51402 16.363 0.007
2853.51906 15.771 0.006
2855.62413 16.337 0.008
2857.70477 15.706 0.006
2861.55715 16.202 0.007
2864.56922 16.446 0.007
2867.47806 16.002 0.006
2870.51870 16.411 0.007
2875.60232 16.419 0.007
2879.53409 16.187 0.007
2884.56076 15.987 0.006
2888.52764 16.440 0.008
2895.49145 16.475 0.009
2898.54100 16.264 0.007
2905.51257 16.308 0.008
2910.51269 16.202 0.008
2915.54144 16.010 0.007
2922.55954 16.217 0.008
2933.53625 16.073 0.007
3055.86340 15.916 0.006
