2166.90333 18.787 0.047
2173.82374 18.523 0.036
2192.79707 18.797 0.036
2201.80985 18.628 0.030
2223.84615 18.564 0.040
2226.82611 18.638 0.047
2229.63805 18.603 0.044
2230.77663 18.698 0.047
2232.79638 18.813 0.045
2234.79057 18.755 0.039
2238.76257 18.521 0.035
2241.63760 18.531 0.039
2243.69603 18.632 0.045
2248.76843 18.544 0.032
2251.72586 18.632 0.035
2253.80995 18.580 0.036
2255.68493 18.862 0.052
2261.70519 18.636 0.040
2264.78624 18.774 0.038
2269.81964 18.726 0.043
2271.76707 18.600 0.034
2273.85209 18.520 0.044
2274.63676 18.596 0.047
2276.74387 18.658 0.045
2278.64240 18.575 0.039
2280.64059 18.874 0.048
2282.64916 18.675 0.049
2284.64042 18.573 0.045
2289.78281 18.640 0.041
2291.79091 18.670 0.053
2293.75664 18.578 0.055
2295.77858 18.687 0.040
2297.77191 18.716 0.044
2299.81245 18.745 0.056
2301.70658 18.554 0.049
2303.70276 18.575 0.052
2321.65386 18.605 0.043
2327.53239 18.699 0.053
2332.56527 18.708 0.065
2333.52934 18.768 0.068
2339.51756 18.571 0.044
2347.51223 18.579 0.041
2402.50628 18.738 0.067
2524.90196 18.807 0.051
2542.86381 18.592 0.038
2552.81317 18.728 0.047
2556.80478 18.747 0.041
2559.85293 18.751 0.051
2564.82091 18.736 0.051
2573.82208 18.614 0.049
2578.74624 18.671 0.056
2583.78172 18.636 0.045
2589.82510 18.761 0.040
2596.71333 18.658 0.059
2605.71460 18.602 0.036
2609.70531 18.807 0.055
2614.64001 18.671 0.043
2618.69759 18.640 0.045
2620.82562 18.554 0.034
2623.79652 18.644 0.036
2627.66075 18.812 0.076
2629.68427 18.701 0.064
2631.70428 18.713 0.053
2634.73288 18.740 0.043
2635.60448 18.833 0.039
2637.80352 18.630 0.039
2639.62942 18.714 0.032
2641.69546 18.637 0.039
2643.70422 18.571 0.040
2645.69310 18.622 0.030
2647.65084 18.846 0.043
2651.60577 18.597 0.045
2653.63241 18.581 0.045
2655.75336 18.551 0.040
2657.59837 18.752 0.044
2659.61338 18.635 0.044
2661.83138 18.811 0.067
2663.84544 18.747 0.076
2665.85136 18.669 0.068
2668.60119 18.576 0.048
2670.60549 18.815 0.053
2672.59210 18.839 0.059
2674.61346 18.713 0.041
2676.59995 18.630 0.040
2678.67272 18.541 0.041
2680.59848 18.812 0.039
2682.64778 18.727 0.053
2686.64232 18.709 0.059
2691.58891 18.563 0.053
2695.62474 18.747 0.048
2700.58023 18.906 0.059
2706.59766 18.642 0.055
2713.56280 18.485 0.048
2840.94313 18.717 0.071
2885.84521 18.651 0.039
2892.87477 18.543 0.051
2897.84409 18.540 0.048
2903.88987 18.748 0.036
2906.89301 18.790 0.039
2911.77285 18.741 0.040
2916.82256 18.763 0.036
2922.80677 18.553 0.048
2926.73334 18.728 0.048
2930.80789 18.579 0.038
2933.85223 18.713 0.038
2939.86051 18.654 0.043
2942.81110 18.544 0.032
2944.85455 18.651 0.041
2946.85645 18.779 0.044
2949.77089 18.837 0.044
2952.84778 18.538 0.038
2956.68621 18.718 0.043
2958.71289 18.673 0.044
2962.72462 18.631 0.039
2965.74284 18.541 0.030
2967.84240 18.576 0.028
2970.80776 18.611 0.028
2974.74557 18.799 0.047
2976.78028 18.781 0.040
2978.76036 18.658 0.041
2980.70042 18.588 0.036
2982.66319 18.761 0.045
2984.71036 18.751 0.044
2986.79365 18.718 0.048
2988.75771 18.675 0.045
2990.62989 18.583 0.040
2992.78047 18.536 0.032
2994.62675 18.727 0.040
2995.63632 18.526 0.028
2997.64631 18.774 0.036
2999.76503 18.815 0.045
3001.73707 18.778 0.043
3003.71034 18.679 0.036
3005.70109 18.614 0.039
3007.71551 18.621 0.038
3009.71360 18.794 0.043
3011.68295 18.668 0.047
3013.68614 18.683 0.039
3017.69655 18.680 0.047
3019.62416 18.781 0.043
3021.74329 18.729 0.038
3023.60525 18.592 0.028
3024.80628 18.723 0.039
3026.80255 18.777 0.035
3028.81457 18.790 0.047
3031.67655 18.650 0.031
3033.74047 18.694 0.031
3035.74786 18.616 0.034
3038.72523 18.663 0.048
3041.59341 18.670 0.055
3043.62880 18.626 0.048
3045.66251 18.588 0.040
3047.61656 18.956 0.060
3049.62217 18.800 0.031
3051.58945 18.714 0.040
3053.58457 18.554 0.031
3055.58373 18.612 0.036
3057.60855 18.866 0.044
3060.63106 18.564 0.036
3064.63971 18.718 0.055
3067.69387 18.582 0.039
3070.54073 18.625 0.043
3073.60907 18.631 0.060
3075.65665 18.494 0.043
3078.57678 18.576 0.040
3082.56613 18.824 0.053
3084.64306 18.707 0.038
3087.60617 18.860 0.041
3090.56846 18.585 0.044
3099.50466 18.695 0.048
3102.53495 18.766 0.052
3105.56873 18.567 0.041
3108.54721 18.603 0.038
3112.51858 18.747 0.049
3116.50584 18.643 0.044
3126.51159 18.623 0.043
3241.89908 18.735 0.047
3256.91046 18.617 0.043
3263.88529 18.743 0.031
3268.90089 18.809 0.045
3273.87613 18.661 0.040
3277.86535 18.626 0.039
3281.85543 18.847 0.034
3289.86913 18.550 0.032
3294.86459 18.499 0.028
3296.87234 18.663 0.039
3299.72359 18.834 0.036
3301.72330 18.810 0.052
3304.78600 18.529 0.039
3306.86699 18.733 0.043
3309.69634 18.798 0.040
3311.69409 18.731 0.040
3320.73687 18.650 0.035
3327.70590 18.534 0.034
3329.85651 18.562 0.032
3334.76245 18.673 0.056
3338.81258 18.868 0.039
3350.64439 18.575 0.031
3354.64459 18.837 0.049
3358.69805 18.684 0.031
3361.80348 18.774 0.038
3363.75327 18.706 0.040
3367.70706 18.530 0.045
3372.72550 18.628 0.032
3378.63822 18.590 0.040
3383.76758 18.683 0.028
3391.70578 18.661 0.041
3395.69722 18.613 0.044
3399.67332 18.865 0.045
3402.69018 18.614 0.032
3404.62074 18.767 0.040
3408.57137 18.620 0.035
3412.61674 18.556 0.038
3416.60015 18.672 0.036
3424.60325 18.824 0.051
3431.50489 18.688 0.041
3437.51591 18.927 0.047
3445.52066 18.598 0.041
3453.54238 18.621 0.049
3462.51768 18.875 0.051
3589.93105 18.624 0.034
3617.91647 18.654 0.055
3629.85610 18.569 0.044
3634.82145 18.583 0.038
3639.87436 18.601 0.030
3641.86526 18.605 0.038
3650.86056 18.781 0.035
3653.88845 18.903 0.056
3657.84163 18.674 0.034
3661.82552 18.575 0.039
3671.85456 18.587 0.032
3675.83712 18.652 0.032
3683.85826 18.821 0.043
3687.75097 18.570 0.031
3689.85143 18.601 0.035
3692.77528 18.639 0.038
3694.79021 18.515 0.031
3696.73268 18.816 0.039
3699.73524 18.509 0.024
3701.78821 18.586 0.030
3704.69530 18.651 0.032
3706.82408 18.572 0.030
3711.69773 18.847 0.041
3713.71149 18.719 0.038
3716.81062 18.608 0.031
3719.79153 18.543 0.049
3725.78322 18.680 0.047
3727.75798 18.612 0.035
3730.65334 18.674 0.028
3732.67783 18.593 0.028
3734.77580 18.535 0.028
3736.79221 18.621 0.035
3737.68073 18.582 0.030
3739.77976 18.588 0.028
3742.60281 18.600 0.040
3745.71551 18.621 0.032
3749.62662 18.618 0.060
3751.73078 18.766 0.049
3753.60240 18.612 0.041
3755.63993 18.724 0.053
3757.67338 18.600 0.038
3759.73807 18.543 0.027
3762.72536 18.713 0.044
3765.74393 18.759 0.030
3770.58545 18.694 0.040
3773.59281 18.770 0.047
3776.59184 18.791 0.041
3779.58191 18.768 0.056
3782.63161 18.557 0.032
3787.55744 18.505 0.034
3791.60370 18.774 0.043
3799.52824 18.857 0.059
3821.50628 18.783 0.040
3945.93097 18.861 0.036
3963.92703 18.568 0.043
3969.85747 18.807 0.052
3975.90751 18.831 0.043
3981.83672 18.657 0.044
3995.88710 18.843 0.056
4001.84019 18.598 0.034
4005.81802 18.736 0.035
4007.82206 18.666 0.034
4011.82221 18.532 0.044
4018.81375 18.648 0.038
4023.84585 18.582 0.036
4026.75220 18.746 0.036
4029.69554 18.640 0.051
4031.77608 18.622 0.038
4038.68529 18.800 0.040
4040.85208 18.871 0.051
4042.86784 18.792 0.043
4048.83231 18.519 0.041
4052.67449 18.639 0.034
4054.64757 18.554 0.047
4056.71904 18.714 0.049
4058.65708 18.727 0.043
4063.65110 18.664 0.035
4066.64890 18.740 0.036
4069.71451 18.607 0.036
4071.64313 18.646 0.044
4076.71537 18.602 0.039
4079.72808 18.706 0.055
4083.64499 18.814 0.055
4085.71031 18.786 0.043
4092.82763 18.773 0.036
4112.69915 18.749 0.031
4117.68800 18.610 0.039
4121.66401 18.613 0.040
4124.74690 18.612 0.032
4129.75945 18.688 0.045
4142.61849 18.615 0.039
4150.62432 18.665 0.032
4155.52029 18.658 0.038
4166.54917 18.837 0.065
4196.49867 18.792 0.056
4341.87470 18.642 0.048
4347.82460 18.758 0.051
4351.87051 18.629 0.044
4357.88246 18.804 0.055
4363.80706 18.538 0.045
4366.85768 18.721 0.053
4369.89818 18.716 0.051
4372.80110 18.696 0.041
4376.89152 18.658 0.060
4379.89791 18.754 0.080
4386.75905 18.592 0.035
4393.76998 18.616 0.040
4398.84619 18.575 0.035
4403.85261 18.525 0.048
4411.78157 18.600 0.034
4411.84325 18.659 0.038
4418.73238 18.577 0.030
4422.82897 18.807 0.040
4429.77149 18.823 0.096
4432.69713 18.760 0.051
4436.73652 18.612 0.040
4439.80220 18.769 0.059
4443.67192 18.729 0.060
4448.82591 18.578 0.038
4451.66611 18.470 0.036
4455.66489 18.751 0.053
4457.72042 18.699 0.057
4460.75052 18.873 0.069
4464.71317 18.643 0.031
4467.70568 18.757 0.036
4471.75195 18.563 0.043
4476.67447 18.529 0.028
4480.67427 18.755 0.045
4484.75327 18.726 0.055
4488.67582 18.641 0.051
4493.67796 18.610 0.048
4498.65599 18.726 0.035
4501.64903 18.587 0.038
4506.58714 18.540 0.041
4508.59714 18.844 0.049
4510.67667 18.849 0.051
4516.62643 18.702 0.067
4519.69795 18.649 0.052
4521.54161 18.628 0.048
4524.58212 18.590 0.044
4530.60625 18.773 0.048
4532.63454 18.693 0.043
4537.59618 18.674 0.041
4540.64733 18.683 0.052
