2128.71010 15.425 0.005
2131.62790 15.520 0.005
2135.59913 15.273 0.004
2140.58201 15.457 0.005
2143.68433 15.511 0.005
2162.65457 15.350 0.005
2170.56117 15.372 0.004
2173.63474 15.410 0.004
2183.57876 15.502 0.006
2185.51280 15.315 0.005
2200.53611 15.298 0.005
2328.84981 15.419 0.005
2344.90327 15.479 0.005
2351.86520 15.262 0.004
2360.87468 15.258 0.004
2371.84852 15.455 0.005
2381.85587 15.366 0.005
2385.87638 15.309 0.004
2389.88688 15.438 0.005
2391.77342 15.271 0.005
2400.76250 15.266 0.004
2400.79001 15.252 0.004
2402.87506 15.531 0.005
2404.92563 15.423 0.005
2406.91247 15.287 0.005
2414.84735 15.493 0.005
2416.73556 15.296 0.005
2424.79136 15.370 0.005
2428.82151 15.312 0.004
2431.75338 15.269 0.004
2433.72690 15.519 0.005
2435.67983 15.330 0.004
2437.74194 15.267 0.005
2439.67844 15.479 0.005
2441.65195 15.314 0.004
2444.65616 15.313 0.005
2446.75080 15.262 0.004
2452.66102 15.373 0.005
2458.79708 15.262 0.005
2462.65700 15.301 0.004
2464.61538 15.535 0.005
2467.50824 15.463 0.005
2469.51795 15.339 0.004
2471.75355 15.317 0.004
2473.50619 15.448 0.005
2483.58639 15.358 0.005
2486.56526 15.368 0.005
2490.53748 15.280 0.005
2492.77631 15.279 0.005
2495.56811 15.484 0.005
2497.62620 15.441 0.005
2499.67230 15.328 0.004
2501.69051 15.310 0.004
2508.50905 15.267 0.004
2511.68604 15.307 0.005
2518.60256 15.377 0.005
2521.61612 15.380 0.005
2535.54564 15.365 0.005
2541.52105 15.479 0.005
2546.56304 15.422 0.005
2555.57070 15.411 0.005
2562.52364 15.527 0.006
2573.55423 15.372 0.005
2713.84684 15.439 0.005
2727.88908 15.314 0.004
2732.90707 15.367 0.005
2743.89441 15.399 0.005
2752.80791 15.337 0.005
2755.91719 15.382 0.005
2759.90883 15.525 0.004
2765.93571 15.527 0.006
2770.66478 15.272 0.005
2782.90560 15.314 0.005
2784.88541 15.368 0.005
2786.73754 15.344 0.005
2789.60893 15.283 0.004
2791.56994 15.537 0.005
2794.72726 15.321 0.005
2796.67005 15.427 0.005
2802.72168 15.438 0.005
2808.76653 15.460 0.006
2810.70048 15.282 0.005
2812.66622 15.538 0.005
2813.75460 15.298 0.005
2815.69077 15.539 0.005
2816.82602 15.330 0.005
2817.83536 15.458 0.005
2819.62933 15.281 0.004
2821.59956 15.474 0.005
2830.63873 15.467 0.006
2835.56660 15.296 0.005
2836.79797 15.533 0.006
2838.69121 15.337 0.005
2840.66695 15.352 0.005
2842.73047 15.504 0.004
2844.73013 15.337 0.004
2849.62327 15.516 0.005
2851.65961 15.418 0.005
2853.66909 15.289 0.004
2856.54450 15.274 0.005
2858.52176 15.477 0.005
2860.67517 15.420 0.006
2863.66893 15.396 0.005
2867.62846 15.516 0.005
2870.70657 15.528 0.005
2876.68194 15.528 0.005
2879.62674 15.483 0.005
2882.58009 15.440 0.004
2893.68992 15.338 0.005
2896.56026 15.270 0.004
2907.51664 15.502 0.006
2925.55423 15.455 0.005
2935.57241 15.360 0.005
3049.86676 15.468 0.005
4686.64773 15.345 0.004
