2167.89016 19.668 0.094
2186.86417 19.649 0.128
2193.81312 19.711 0.072
2202.81248 19.514 0.067
2214.86016 19.284 0.081
2215.76568 19.196 0.068
2224.81381 19.522 0.075
2227.72465 19.895 0.102
2229.73039 19.465 0.088
2231.69865 19.267 0.059
2233.66693 19.667 0.079
2237.58633 19.311 0.104
2239.64734 19.376 0.074
2241.73901 19.678 0.080
2243.80402 19.324 0.067
2248.66310 19.606 0.076
2250.75109 19.352 0.072
2252.72434 19.596 0.070
2254.71540 19.804 0.079
2257.71943 19.314 0.053
2260.73781 19.629 0.071
2265.77373 19.547 0.081
2266.74477 19.464 0.064
2270.79036 19.245 0.049
2272.63991 19.340 0.068
2274.76726 19.450 0.089
2278.78203 19.287 0.080
2280.76477 19.689 0.079
2282.76201 19.605 0.077
2284.78337 19.440 0.059
2289.82446 19.313 0.056
2291.81050 19.720 0.098
2293.77939 19.652 0.112
2295.80327 19.471 0.064
2297.78931 19.229 0.060
2300.81433 19.974 0.177
2302.77559 19.561 0.103
2315.69933 19.852 0.100
2324.56066 19.510 0.069
2328.54624 19.497 0.086
2334.53944 19.404 0.075
2340.53608 19.762 0.101
2347.53338 19.707 0.094
2373.48854 19.658 0.126
2385.55166 19.783 0.133
2534.88427 19.494 0.094
2539.89145 19.516 0.083
2545.85991 19.760 0.114
2553.75148 19.587 0.112
2557.81951 19.473 0.088
2560.81400 19.433 0.064
2561.81756 19.654 0.092
2565.82026 19.635 0.108
2574.78249 19.492 0.073
2578.83888 19.557 0.079
2584.73468 19.521 0.095
2590.81107 19.794 0.100
2596.81749 19.514 0.100
2606.71402 19.727 0.086
2609.82257 19.642 0.121
2610.62116 19.744 0.109
2610.72605 19.206 0.091
2610.83327 19.630 0.109
2611.63346 19.508 0.102
2611.70068 19.491 0.108
2613.61471 19.572 0.101
2613.69250 20.186 0.222
2614.66268 19.610 0.094
2614.74398 19.832 0.105
2614.83763 19.290 0.053
2615.64676 19.549 0.109
2615.76887 19.622 0.069
2615.82655 19.324 0.056
2617.63408 19.170 0.079
2617.72983 19.442 0.083
2617.83829 19.605 0.107
2618.65059 19.380 0.071
2618.74558 19.436 0.074
2619.60872 19.732 0.089
2619.71547 19.518 0.058
2619.83984 19.841 0.113
2620.63861 19.717 0.081
2620.72385 19.443 0.063
2620.84054 19.495 0.071
2621.67058 19.867 0.075
2621.74833 19.535 0.074
2621.84150 19.419 0.057
2622.63861 19.771 0.121
2622.72005 19.777 0.098
2622.83996 19.398 0.065
2623.63736 19.575 0.099
2623.72542 19.634 0.080
2623.83674 19.494 0.064
2624.66792 19.621 0.085
2624.73905 19.616 0.072
2624.83380 19.782 0.083
2625.65292 19.501 0.076
2625.70482 19.570 0.071
2625.81495 19.841 0.080
2626.62176 19.400 0.082
2627.72951 19.464 0.115
2627.78227 19.475 0.102
2627.80339 19.602 0.120
2628.64633 19.722 0.106
2628.72333 19.475 0.077
2628.79054 19.562 0.089
2629.64202 19.856 0.119
2629.75036 19.260 0.068
2629.80905 19.566 0.080
2629.83012 19.484 0.080
2630.62988 19.743 0.120
2630.70945 19.366 0.066
2630.78975 19.560 0.107
2631.64139 19.656 0.102
2631.72418 19.488 0.108
2632.59736 19.406 0.060
2632.70316 19.688 0.073
2632.72412 19.762 0.078
2632.80466 19.625 0.069
2634.59614 19.436 0.066
2634.68618 19.576 0.061
2634.81938 19.669 0.085
2635.64639 19.509 0.067
2635.72369 19.561 0.060
2635.80371 19.652 0.078
2635.82662 19.650 0.085
2636.67420 19.304 0.054
2636.75460 19.453 0.079
2636.83432 19.588 0.085
2637.63627 19.407 0.057
2637.71486 19.347 0.056
2637.81797 19.574 0.069
2638.61755 19.536 0.070
2638.71845 19.351 0.060
2638.81793 19.468 0.082
2639.59063 19.510 0.060
2639.82697 19.620 0.058
2640.59959 19.619 0.074
2640.74158 19.815 0.086
2641.59972 19.523 0.068
2641.73607 19.836 0.089
2641.76505 19.685 0.075
2641.84690 19.237 0.057
2642.59781 19.709 0.097
2642.69964 19.638 0.092
2643.60474 19.528 0.074
2643.74835 19.594 0.073
2644.58739 19.420 0.066
2644.69787 19.428 0.064
2645.59791 19.339 0.058
2645.73963 19.606 0.077
2645.76699 19.511 0.065
2645.84601 19.759 0.100
2646.60839 19.649 0.089
2646.73225 19.563 0.064
2647.60731 19.700 0.081
2647.69601 19.824 0.089
2647.71708 19.776 0.081
2649.60447 19.711 0.080
2649.69683 19.704 0.060
2650.62463 19.554 0.066
2650.68614 19.689 0.086
2650.79596 19.466 0.068
2651.62062 19.596 0.097
2651.71134 19.636 0.069
2652.58722 19.200 0.053
2652.66615 19.370 0.069
2652.76369 19.793 0.095
2653.59497 19.485 0.070
2653.64984 19.475 0.077
2653.76396 19.678 0.090
2654.61293 19.547 0.083
2654.69073 19.423 0.077
2654.83134 19.546 0.069
2655.59936 19.615 0.092
2655.70160 19.419 0.064
2655.79833 19.424 0.069
2656.61077 19.878 0.116
2656.75584 19.268 0.070
2656.85706 19.515 0.093
2657.61318 19.579 0.076
2657.64134 19.748 0.093
2657.84974 19.314 0.097
2658.57475 19.553 0.102
2658.67422 19.753 0.096
2658.75521 19.505 0.126
2659.63191 19.386 0.069
2659.76792 19.764 0.150
2659.79513 19.623 0.118
2659.85952 19.471 0.121
2660.58743 19.350 0.081
2660.70159 19.736 0.090
2660.72824 19.695 0.092
2661.59250 19.519 0.048
2661.64630 19.613 0.053
2661.84547 19.649 0.098
2662.63121 19.546 0.064
2662.71138 19.688 0.093
2662.76683 19.843 0.170
2663.64582 19.536 0.072
2663.73328 19.302 0.089
2664.69351 19.433 0.099
2664.72679 19.326 0.100
2664.83143 19.507 0.119
2665.67636 19.423 0.049
2665.81338 19.419 0.077
2666.63381 19.665 0.069
2666.75345 19.493 0.059
2666.78065 19.570 0.069
2667.67059 19.664 0.068
2667.82141 19.307 0.089
2668.74425 19.824 0.103
2668.77219 19.740 0.104
2669.58451 19.666 0.080
2671.68053 19.273 0.059
2671.84861 19.572 0.131
2672.65768 19.388 0.099
2672.75611 19.532 0.069
2673.69403 19.571 0.105
2673.75383 19.714 0.119
2673.80137 19.719 0.109
2674.66260 19.630 0.074
2674.78464 19.607 0.084
2675.63728 19.640 0.078
2675.74812 19.492 0.055
2675.79925 19.327 0.058
2676.64308 19.608 0.074
2676.72812 19.652 0.109
2677.64303 19.615 0.096
2677.69998 19.545 0.103
2677.78625 19.450 0.093
2678.62112 19.364 0.061
2678.75280 19.672 0.087
2679.64162 19.432 0.089
2679.77754 19.792 0.101
2679.80489 19.657 0.101
2680.76358 19.582 0.068
2681.60079 19.585 0.087
2681.71224 19.506 0.078
2682.57819 19.640 0.095
2683.61333 19.667 0.102
2687.62597 19.557 0.107
2692.56880 19.618 0.091
2696.61614 19.536 0.080
2702.51400 19.550 0.116
2708.53787 19.869 0.139
2724.51254 19.752 0.096
2871.90126 19.666 0.104
2884.86367 19.367 0.069
2890.88567 19.733 0.157
2896.83838 19.721 0.101
2902.77302 19.469 0.060
2907.83377 19.767 0.081
2911.88157 19.348 0.044
2917.78512 19.485 0.071
2923.78450 19.763 0.095
2926.84036 19.452 0.062
2931.76886 19.789 0.076
2934.80927 19.482 0.066
2940.78969 19.707 0.078
2943.79386 19.614 0.075
2947.80243 19.326 0.052
2950.71637 19.588 0.089
2954.73964 19.313 0.077
2956.78522 19.642 0.071
2958.82982 19.827 0.139
2962.82403 19.584 0.070
2964.84248 19.598 0.063
2967.77302 19.621 0.083
2970.82699 19.653 0.062
2974.76500 19.400 0.054
2976.65449 19.450 0.073
2979.63789 19.687 0.098
2981.65928 20.141 0.245
2983.76605 19.533 0.080
2985.81378 19.839 0.089
2987.71252 19.550 0.079
2989.65522 19.338 0.047
2991.72312 19.554 0.059
2993.73518 19.758 0.092
2995.80876 19.660 0.070
2997.77929 19.723 0.077
2998.72684 19.512 0.067
3000.72935 19.665 0.067
3002.71671 19.612 0.078
3004.72017 19.562 0.058
3006.71307 19.624 0.062
3008.72752 19.284 0.057
3010.77397 19.424 0.074
3011.79032 19.703 0.110
3016.72396 19.487 0.067
3018.75434 19.428 0.064
3020.81811 19.434 0.088
3021.84303 19.276 0.067
3023.70403 19.558 0.061
3025.67566 19.494 0.044
3027.72108 19.834 0.071
3029.70596 19.609 0.066
3031.77631 19.717 0.090
3034.60766 19.725 0.060
3036.63802 19.635 0.061
3039.57992 19.346 0.059
3042.68745 19.330 0.068
3044.62686 19.549 0.083
3046.61284 19.699 0.082
3047.71518 19.626 0.103
3048.64630 19.634 0.062
3049.66982 19.533 0.049
3051.63917 19.379 0.066
3053.61435 19.611 0.061
3055.63142 19.683 0.079
3057.65655 19.429 0.062
3059.60118 19.376 0.048
3061.59349 19.634 0.082
3066.56303 19.162 0.077
3070.66125 19.407 0.083
3073.67948 19.917 0.129
3076.60326 19.848 0.118
3078.68980 19.495 0.089
3082.67152 19.721 0.067
3085.57205 19.278 0.059
3088.53231 19.716 0.108
3091.51464 19.630 0.096
3096.56369 19.546 0.112
3099.63137 19.830 0.173
3103.51291 19.633 0.080
3106.53419 19.649 0.085
3109.51976 19.442 0.063
3112.57160 19.289 0.063
3116.55328 19.692 0.104
3127.55043 19.452 0.072
3133.51088 19.741 0.120
3223.90921 19.635 0.113
3242.86011 19.507 0.079
3248.91407 19.572 0.084
3258.89485 19.545 0.076
3264.86111 19.314 0.045
3271.80888 19.360 0.079
3274.81287 19.446 0.085
3278.88588 19.713 0.097
3282.77810 19.727 0.086
3287.81703 19.588 0.054
3291.75431 19.855 0.099
3295.77481 19.695 0.056
3299.83499 19.311 0.037
3301.82835 19.528 0.085
3305.73736 19.412 0.064
3309.79863 19.577 0.059
3311.79225 19.810 0.082
3320.85570 19.667 0.067
3327.80814 19.453 0.058
3330.78419 19.696 0.097
3336.63660 19.526 0.090
3339.81508 19.886 0.112
3353.80879 19.213 0.045
3357.74947 19.550 0.065
3360.72620 19.339 0.045
3365.84563 19.565 0.083
3373.80969 19.487 0.099
3378.73649 19.525 0.069
3394.61962 19.601 0.109
3399.77334 19.683 0.113
3403.76041 19.525 0.070
3408.68359 19.644 0.066
3413.52988 19.623 0.082
3417.62377 19.559 0.071
3427.55977 19.404 0.069
3434.51158 19.544 0.074
3440.52129 19.698 0.076
3447.50490 19.537 0.102
3456.53048 19.777 0.114
3469.48533 19.543 0.073
3478.47780 19.861 0.111
3601.88826 19.877 0.118
3619.89104 19.691 0.074
3630.77242 19.655 0.124
3640.77981 19.508 0.062
3651.81371 19.304 0.052
3654.85992 19.838 0.078
3658.82360 19.367 0.063
3661.86934 19.659 0.105
3665.84254 19.630 0.090
3670.81217 19.555 0.077
3673.82243 19.671 0.060
3676.82260 19.494 0.061
3685.76197 19.319 0.049
3687.84870 19.492 0.055
3690.77062 19.772 0.106
3693.80629 19.451 0.060
3695.83738 19.485 0.060
3698.82703 19.299 0.054
3701.69601 19.477 0.063
3703.77977 19.594 0.057
3705.84397 19.385 0.049
3708.83172 19.944 0.123
3712.78925 19.461 0.053
3715.75492 19.685 0.077
3718.69074 19.455 0.078
3720.84051 19.513 0.077
3724.75813 19.735 0.074
3728.73617 19.521 0.056
3731.79926 19.429 0.051
3733.65984 19.653 0.059
3735.64982 19.385 0.039
3737.80836 19.673 0.049
3740.77169 19.191 0.043
3742.78224 19.964 0.156
3745.81427 19.920 0.106
3749.76430 19.564 0.109
3751.77814 19.790 0.106
3753.72753 19.566 0.070
3755.72761 19.531 0.085
3757.71734 19.531 0.055
3759.80765 19.285 0.051
3763.67963 19.483 0.039
3766.69624 19.512 0.067
3770.72376 19.536 0.072
3773.75503 19.554 0.090
3776.72939 19.515 0.090
3783.59663 19.472 0.058
3788.57083 19.499 0.053
3793.57634 19.935 0.093
3801.51212 19.710 0.075
3810.54696 19.930 0.115
3826.48780 19.596 0.084
3958.87792 19.489 0.109
3965.84777 19.702 0.069
3970.86785 19.538 0.066
3982.81865 19.726 0.098
3999.86286 19.733 0.075
4003.73880 19.617 0.060
4006.75998 19.806 0.071
4008.78087 19.639 0.058
4013.79249 19.985 0.144
4019.79367 19.540 0.063
4024.78673 19.694 0.074
4026.85570 19.642 0.079
4029.80006 19.560 0.069
4032.83667 19.293 0.077
4038.78273 19.142 0.050
4041.74263 19.833 0.092
4043.74766 19.654 0.089
4049.71091 19.559 0.066
4052.77226 19.697 0.069
4054.75841 19.451 0.061
4056.81755 19.424 0.049
4064.77995 19.423 0.044
4066.77994 19.499 0.071
4069.73300 19.521 0.069
4071.66097 19.590 0.090
4076.73317 19.797 0.101
4079.77467 19.583 0.084
4082.81627 19.566 0.076
4084.78783 19.337 0.065
4086.81285 19.497 0.079
4103.63744 19.744 0.088
4106.56929 19.805 0.106
4111.79162 19.291 0.050
4117.73223 19.549 0.073
4121.71017 19.738 0.114
4127.66081 19.310 0.040
4132.74975 19.611 0.099
4143.53695 19.509 0.066
4157.52919 19.450 0.076
4168.56990 19.376 0.049
4198.52248 19.520 0.100
4343.85542 19.594 0.098
4348.82431 19.392 0.063
4353.85570 19.648 0.075
4358.80774 19.557 0.119
4364.89411 19.637 0.097
4367.86794 19.578 0.069
4370.88960 19.618 0.096
4373.84563 19.545 0.067
4377.89752 19.657 0.153
4378.74906 19.510 0.078
4381.73725 19.573 0.098
4386.85513 19.754 0.093
4390.81712 19.383 0.057
4394.86371 19.531 0.059
4399.79143 19.616 0.104
4407.82072 19.467 0.105
4412.77885 19.633 0.084
4418.86455 19.511 0.099
4423.72921 19.411 0.059
4427.73130 19.597 0.078
4430.73461 19.740 0.125
4433.75213 19.511 0.081
4436.84687 19.420 0.094
4440.69435 19.505 0.074
4443.78683 19.471 0.084
4449.75777 19.747 0.089
4451.79336 19.566 0.074
4455.75876 19.735 0.110
4457.78999 19.685 0.124
4459.75721 19.605 0.078
4463.75394 19.705 0.069
4465.77070 19.573 0.059
4468.73496 19.467 0.058
4470.69049 19.586 0.077
4473.73364 19.465 0.084
4476.75458 19.665 0.064
4482.79545 19.641 0.095
4485.78580 19.673 0.106
4490.63303 19.644 0.087
4494.69909 19.513 0.081
4498.72371 19.380 0.057
4501.72105 19.752 0.104
4506.65504 19.505 0.087
4508.68191 19.880 0.102
4509.74602 19.688 0.083
4512.71530 19.492 0.073
4518.65550 19.788 0.137
4521.69601 19.445 0.073
4523.67505 19.586 0.091
4525.63967 19.861 0.099
4531.62338 19.612 0.072
4534.55223 19.547 0.082
4537.66804 19.752 0.090
4539.58728 19.805 0.099
4542.50467 19.647 0.132
