 455.70030 19.012 0.042
 456.68143 18.875 0.069
 456.79097 19.023 0.046
 457.64191 19.082 0.054
 457.70053 19.211 0.055
 457.81781 18.788 0.051
 458.67434 18.957 0.055
 459.63768 19.137 0.054
 459.84333 18.788 0.052
 461.64625 19.224 0.058
 461.77447 18.776 0.042
 462.60302 18.949 0.046
 465.75419 18.780 0.045
 466.84177 19.137 0.051
 468.77072 19.215 0.055
 469.77963 19.033 0.086
 470.79751 18.851 0.067
 472.81544 18.811 0.060
 473.73113 18.970 0.078
 475.57597 18.954 0.054
 477.79354 19.060 0.058
 478.79925 18.794 0.042
 479.79951 19.153 0.075
 480.63598 18.794 0.042
 481.53382 18.980 0.064
 482.82649 18.951 0.057
 483.53194 18.975 0.063
 484.53013 18.825 0.075
 485.53470 19.084 0.061
 486.52687 18.811 0.054
 487.55427 19.164 0.066
 488.56664 18.902 0.049
 489.52671 19.122 0.060
 490.53539 18.886 0.043
 491.53694 19.280 0.072
 492.52209 18.805 0.072
 493.52523 19.070 0.057
 494.52020 18.959 0.075
 494.77968 19.174 0.052
 495.52229 18.772 0.057
 496.51745 18.938 0.081
 496.73385 19.283 0.109
 498.51679 19.285 0.138
 499.77921 18.917 0.064
 501.54124 18.853 0.061
 507.52744 18.978 0.060
 508.57006 18.718 0.055
 509.52461 18.975 0.064
 510.55531 18.782 0.054
 510.72054 18.928 0.064
 511.61995 19.138 0.077
 512.55428 18.799 0.058
 513.53840 19.031 0.063
 514.51804 18.787 0.061
 514.61351 18.915 0.040
 515.51470 19.077 0.055
 516.51820 18.837 0.061
 517.51774 19.166 0.072
 519.50765 19.273 0.066
 520.67389 19.108 0.067
 523.51507 18.885 0.072
 524.50056 19.029 0.080
 525.56376 18.887 0.055
 526.50393 19.215 0.100
 527.49873 18.787 0.054
 528.55853 19.331 0.119
 530.53846 19.146 0.080
 530.63606 18.800 0.089
 531.51151 19.050 0.096
 531.61051 18.981 0.080
 532.50012 19.247 0.107
 533.49915 18.870 0.077
 533.62504 19.136 0.089
 534.50840 19.034 0.070
 535.51278 18.973 0.040
 540.50001 18.771 0.063
 552.61177 19.222 0.084
 554.52612 18.967 0.080
 558.51918 19.271 0.171
 560.54154 18.922 0.104
 561.48206 19.006 0.083
 562.47409 19.090 0.119
 564.48303 18.814 0.095
 573.47390 19.108 0.107
 673.82823 18.875 0.063
 689.85446 19.131 0.098
 699.80053 18.741 0.064
 701.79777 18.764 0.067
 704.83957 19.215 0.104
 706.78588 19.375 0.164
 707.83923 19.094 0.122
 715.80512 19.098 0.078
 722.81565 18.987 0.069
 726.77367 19.135 0.078
 726.82576 19.089 0.064
 728.81343 19.073 0.072
 729.86825 18.956 0.075
 733.76912 18.848 0.101
 739.85955 18.970 0.081
 741.86392 19.072 0.077
 744.76789 18.844 0.064
 744.86938 18.835 0.072
 745.71105 19.069 0.080
 745.85250 19.185 0.070
 746.83839 18.835 0.052
 747.73383 19.167 0.072
 747.77806 19.238 0.074
 748.68581 18.815 0.072
 748.73220 18.881 0.060
 751.71538 19.167 0.096
 751.79958 18.774 0.058
 752.85740 19.010 0.067
 754.80365 19.077 0.098
 755.67567 18.972 0.107
 755.78162 18.731 0.064
 759.70749 18.750 0.049
 759.78877 18.882 0.061
 760.76526 19.114 0.078
 761.78871 18.897 0.070
 761.85023 18.990 0.072
 765.79182 19.020 0.089
 766.83842 18.716 0.077
 769.78261 19.039 0.083
 773.79401 19.184 0.078
 774.78917 18.968 0.075
 776.81921 18.970 0.061
 778.77253 18.982 0.096
 778.85230 18.969 0.083
 780.77958 19.123 0.066
 780.84331 19.097 0.075
 781.77739 18.800 0.064
 782.80821 19.067 0.067
 783.82637 18.885 0.049
 788.78846 19.134 0.064
 788.83569 19.008 0.064
 789.74487 18.933 0.064
 792.74574 18.866 0.064
 792.78493 18.724 0.067
 795.83109 19.000 0.067
 795.84664 19.136 0.077
 796.84732 18.884 0.072
 797.84481 19.303 0.098
 798.75539 18.858 0.057
 798.84187 18.885 0.069
 805.76723 18.732 0.075
 816.70961 19.211 0.074
 817.75373 18.938 0.057
 817.81584 19.014 0.083
 818.85178 18.769 0.061
 819.83040 19.121 0.087
 819.84580 19.078 0.087
 822.77399 18.786 0.049
 824.70110 18.779 0.072
 825.73325 19.022 0.084
 826.79375 18.810 0.087
 827.64378 19.082 0.067
 827.69056 19.101 0.070
 828.75021 18.924 0.058
 828.82834 18.936 0.066
 829.66284 19.126 0.106
 829.69780 19.138 0.067
 830.75593 18.940 0.063
 830.79421 19.003 0.077
 831.59320 18.974 0.078
 831.63946 19.052 0.077
 832.71561 18.989 0.066
 832.76280 18.984 0.064
 833.54072 19.122 0.110
 833.58239 19.056 0.103
 834.70167 18.984 0.061
 834.76280 19.016 0.109
 835.80414 18.817 0.054
 837.66603 18.693 0.038
 837.80778 18.902 0.045
 839.59463 18.771 0.054
 839.66446 18.799 0.078
 841.75351 18.960 0.058
 841.81662 19.037 0.075
 842.74342 19.120 0.093
 842.78180 19.242 0.090
 844.59836 19.059 0.086
 844.64985 19.162 0.084
 846.77030 18.645 0.052
 850.67089 18.692 0.063
 850.76116 18.694 0.061
 854.73166 18.853 0.080
 854.78603 18.900 0.107
 855.70807 19.433 0.182
 856.67009 18.974 0.119
 856.73826 18.979 0.095
 857.72876 19.095 0.100
 858.61956 18.752 0.066
 858.69190 18.976 0.070
 859.75865 18.788 0.067
 860.65161 18.956 0.075
 860.76621 18.916 0.096
 865.56893 19.045 0.100
 867.62402 18.696 0.061
 874.68772 18.854 0.054
 875.60132 18.887 0.060
 876.60378 19.255 0.075
 876.70626 18.678 0.046
 878.69381 18.659 0.061
 880.51833 19.150 0.074
 880.62811 18.780 0.064
 885.58726 19.095 0.136
 887.60919 19.322 0.110
 887.67238 19.234 0.129
 890.69598 19.028 0.124
 892.54275 18.889 0.063
 892.68256 18.991 0.078
 893.70900 18.809 0.075
 895.50493 18.817 0.072
 896.51072 18.960 0.067
 897.50369 18.709 0.052
 900.56421 19.168 0.092
 919.56609 18.878 0.084
 922.48701 18.953 0.064
 925.51914 18.836 0.084
 931.52801 19.032 0.089
 931.57712 18.942 0.107
 934.50018 19.057 0.106
 934.52591 18.955 0.109
 947.53268 18.995 0.156
 947.54071 18.887 0.118
 950.50258 18.963 0.077
 950.51907 19.043 0.078
 952.49424 19.052 0.086
1053.92358 19.074 0.078
1068.81437 18.957 0.087
1069.80529 18.873 0.060
1071.80410 18.722 0.080
1077.83066 18.844 0.058
1079.81003 18.959 0.064
1080.81365 19.359 0.101
1083.77984 19.007 0.086
1083.82418 18.974 0.080
1084.81961 18.715 0.052
1086.84764 18.717 0.077
1088.84866 18.844 0.063
1090.77529 18.876 0.086
1091.88309 19.152 0.089
1092.82570 18.895 0.081
1092.88121 18.897 0.070
1093.83777 19.229 0.119
1102.77301 19.178 0.057
1106.76668 19.145 0.060
1106.83004 19.413 0.078
1108.78768 19.323 0.084
1112.81155 18.704 0.049
1114.79712 18.777 0.045
1116.78779 18.851 0.048
1120.74494 19.066 0.100
1126.68759 18.834 0.066
1126.76476 19.044 0.078
1128.84038 19.115 0.081
1129.82906 18.821 0.069
1131.83498 18.738 0.072
1131.85099 18.870 0.084
1132.78490 19.164 0.086
1132.82459 19.294 0.089
1136.81825 18.776 0.049
1137.80679 19.052 0.069
1138.84810 18.793 0.054
1142.71050 18.674 0.040
1142.77477 18.737 0.046
1151.80509 18.714 0.051
1152.73244 18.802 0.098
1154.74797 19.044 0.069
1154.81297 19.153 0.083
1155.70423 18.736 0.060
1157.75811 18.793 0.083
1157.80625 18.836 0.070
1159.76382 18.984 0.063
1160.83974 19.156 0.074
1161.82786 18.962 0.057
1163.78119 19.046 0.074
1163.82976 19.059 0.072
1164.84466 18.724 0.043
1166.81514 18.747 0.070
1168.77101 18.832 0.107
1169.79569 19.199 0.092
1171.73989 19.085 0.075
1171.84414 19.205 0.072
1174.77047 18.991 0.051
1175.73731 19.153 0.069
1175.85178 18.815 0.080
1179.78671 18.672 0.067
1179.84578 18.803 0.075
1181.75022 18.694 0.064
1183.74058 18.780 0.057
1183.83515 18.953 0.063
1185.83251 19.007 0.060
1185.85534 18.862 0.051
1187.78783 19.044 0.060
1187.81089 18.924 0.054
1189.72428 18.811 0.048
1189.83391 19.017 0.066
1191.76300 18.978 0.051
1191.83931 19.076 0.058
1192.82178 18.775 0.045
1193.81372 19.184 0.063
1194.68936 18.962 0.101
1194.74667 18.774 0.063
1196.62719 19.023 0.093
1201.76186 19.174 0.086
1201.77787 19.254 0.081
1204.69364 18.984 0.072
1204.74750 18.949 0.066
1206.79380 19.076 0.074
1207.64033 19.255 0.100
1207.70404 18.880 0.081
1211.72072 18.828 0.070
1211.76196 18.825 0.087
1214.61384 18.940 0.078
1214.67609 18.999 0.083
1215.58090 18.702 0.049
1216.65730 19.058 0.067
1217.66725 18.836 0.067
1217.73901 18.962 0.072
1219.65271 18.946 0.064
1219.72307 18.909 0.077
1220.76070 18.734 0.074
1221.62655 18.938 0.075
1223.59139 19.029 0.077
1223.71517 18.918 0.074
1224.59511 18.669 0.058
1226.60477 18.719 0.049
1226.68408 18.791 0.061
1227.60958 19.019 0.072
1228.65789 18.872 0.086
1230.67439 18.890 0.087
1231.59933 19.139 0.087
1233.57043 19.155 0.083
1234.67687 18.968 0.080
1235.70822 18.695 0.069
1237.59050 19.202 0.164
1238.63074 18.966 0.093
1239.69756 18.810 0.074
1240.70647 19.144 0.106
1241.71418 18.740 0.080
1242.52441 18.951 0.075
1243.52116 18.731 0.066
1244.66093 19.235 0.096
1245.60587 18.799 0.058
1247.51872 18.712 0.064
1247.70529 18.898 0.084
1248.61895 19.096 0.089
1248.67299 18.847 0.066
1251.57344 18.916 0.080
1254.52447 18.898 0.075
1254.58796 18.656 0.066
1255.62119 19.050 0.095
1256.62522 18.852 0.064
1258.61240 18.875 0.067
1259.51686 19.107 0.090
1261.51821 18.983 0.064
1264.51107 18.880 0.080
1264.52921 18.876 0.080
1267.53024 18.952 0.107
1267.55078 18.901 0.093
1272.53106 19.086 0.093
1273.53641 18.814 0.078
1274.54886 19.019 0.110
1275.51541 18.879 0.070
1276.56136 19.185 0.090
1278.54796 19.234 0.112
1278.56492 19.172 0.101
1279.54769 18.939 0.077
1288.49275 18.826 0.078
1290.52902 18.865 0.086
1290.62246 19.063 0.110
1298.50555 18.970 0.110
1298.53400 19.055 0.093
1301.53929 18.745 0.080
1301.57995 18.703 0.090
1306.48055 19.141 0.089
1306.49690 19.273 0.101
1312.47347 18.701 0.075
1315.52928 19.061 0.129
1316.48882 18.548 0.034
1318.51183 18.968 0.109
1319.52943 19.009 0.084
1320.50455 18.913 0.089
1327.46010 18.880 0.205
1330.46644 19.090 0.129
1330.51474 19.211 0.141
1332.46464 19.130 0.133
1333.47023 18.955 0.104
1335.46663 18.966 0.086
1335.50788 18.895 0.089
1342.46591 18.762 0.078
1395.91569 18.943 0.080
1400.90154 18.733 0.067
1412.91186 19.079 0.107
1415.92120 18.762 0.098
1430.87595 18.803 0.054
1431.86720 19.063 0.067
1432.87317 18.852 0.077
1433.86213 19.112 0.092
1435.77713 18.977 0.098
1436.77294 18.769 0.063
1437.77083 18.989 0.083
1439.85389 19.240 0.080
1440.81732 18.975 0.069
1441.87258 18.809 0.063
1443.86034 18.801 0.074
1443.89426 18.717 0.061
1446.89251 19.144 0.115
1447.82527 18.841 0.098
1448.78356 19.125 0.112
1449.86708 18.826 0.093
1453.81455 18.932 0.159
1454.82933 19.152 0.115
1454.88060 18.763 0.078
1458.81920 18.808 0.078
1459.74781 18.871 0.095
1459.84664 19.185 0.098
1462.75798 18.836 0.066
1462.82542 18.738 0.067
1470.79831 19.002 0.058
1471.82309 18.701 0.055
1475.79800 18.823 0.069
1476.71474 19.019 0.083
1477.68256 18.760 0.067
1478.79310 19.246 0.087
1479.72342 18.829 0.072
1484.73909 19.140 0.090
1487.76481 19.094 0.069
1487.85215 19.145 0.074
1489.76323 19.151 0.064
1491.69293 19.038 0.084
1491.79192 19.010 0.077
1493.84485 19.147 0.089
1494.73843 18.794 0.070
1496.63083 18.902 0.081
1497.79430 18.787 0.057
1498.69789 18.932 0.069
1499.70210 19.022 0.086
1500.83813 19.101 0.074
1502.69738 19.056 0.086
1503.67345 18.750 0.084
1503.84729 18.908 0.074
1505.73782 18.696 0.067
1505.78075 18.897 0.078
1507.73171 18.934 0.080
1507.80898 19.076 0.092
1508.68442 19.160 0.075
1510.78506 18.933 0.064
1511.70296 18.871 0.069
1512.74410 18.838 0.078
1512.80768 18.692 0.063
1514.75133 18.640 0.066
1514.85531 18.894 0.080
1515.70943 19.103 0.083
1517.71645 19.274 0.070
1517.74109 19.015 0.058
1518.84604 18.967 0.067
1519.67001 19.072 0.078
1521.70019 19.156 0.075
1522.75020 19.002 0.075
1523.64724 19.169 0.145
1523.69513 19.035 0.104
1525.75125 18.830 0.051
1527.74398 18.681 0.048
1527.79110 18.742 0.057
1528.79950 18.944 0.061
1528.82310 19.027 0.069
1529.68728 18.756 0.083
1529.84268 18.915 0.066
1531.80463 18.919 0.064
1531.82084 18.902 0.063
1538.76087 18.851 0.070
1538.77722 18.775 0.064
1542.68478 18.616 0.054
1542.80179 18.832 0.060
1544.72742 18.826 0.052
1544.74370 18.746 0.048
1547.79977 19.213 0.083
1547.81630 19.212 0.074
1548.77750 18.880 0.077
1548.82581 19.160 0.070
1549.79625 18.956 0.061
1549.83571 18.738 0.054
1552.69535 18.888 0.060
1552.71228 19.044 0.070
1553.77105 18.675 0.055
1553.78730 18.659 0.052
1554.78626 19.078 0.058
1554.80255 19.040 0.055
1555.77327 18.761 0.060
1555.79093 18.802 0.066
1555.84399 18.821 0.072
1561.56645 18.636 0.067
1561.58391 18.656 0.066
1562.77267 19.276 0.101
1562.78869 19.033 0.087
1564.66155 19.130 0.089
1566.63665 19.389 0.113
1567.61907 19.010 0.077
1568.65956 18.833 0.089
1570.58625 19.152 0.081
1573.62653 19.001 0.075
1575.68561 19.091 0.084
1576.61192 18.773 0.060
1577.75267 19.034 0.064
1579.67485 19.345 0.098
1579.72261 18.817 0.066
1581.67055 18.971 0.069
1581.72651 18.752 0.095
1583.72540 18.756 0.061
1584.64667 19.021 0.072
1585.66056 18.606 0.058
1586.65553 19.164 0.074
1588.61073 19.187 0.101
1589.75266 19.027 0.095
1591.68846 18.954 0.109
1592.64460 19.247 0.089
1593.54676 18.717 0.080
1593.59210 18.784 0.066
1595.61935 18.993 0.077
1595.71280 19.048 0.100
1596.73274 18.643 0.067
1599.68507 19.140 0.086
1599.72459 19.141 0.087
1600.65243 18.758 0.081
1600.69864 18.852 0.092
1601.73059 19.193 0.107
1602.71197 18.732 0.066
1604.54931 18.782 0.060
1604.70425 19.019 0.133
1606.52402 18.775 0.066
1606.67855 19.036 0.078
1609.62463 19.186 0.090
1609.69201 18.604 0.054
1610.58750 18.873 0.074
1610.70960 19.067 0.095
1611.65812 18.683 0.067
1611.68685 18.695 0.070
1613.56411 18.751 0.066
1613.67759 18.761 0.083
1615.51041 18.871 0.061
1615.68762 18.862 0.081
1616.62455 19.043 0.074
1617.50985 18.675 0.058
1617.66772 18.865 0.064
1618.50904 19.199 0.103
1619.53236 18.792 0.081
1620.53260 19.006 0.095
1620.68246 19.096 0.119
1621.50492 18.786 0.074
1622.67692 18.693 0.067
1623.50335 18.802 0.080
1624.67497 18.674 0.080
1625.50533 19.014 0.084
1625.65463 19.060 0.081
1627.50548 19.078 0.086
1627.67114 19.089 0.077
1629.55039 19.109 0.083
1629.64609 19.191 0.086
1630.55924 18.782 0.084
1630.66310 18.888 0.063
1632.50577 18.764 0.058
1633.50058 19.055 0.075
1634.54589 18.935 0.072
1634.61988 19.000 0.083
1635.61734 19.311 0.122
1635.63342 19.085 0.090
1643.53734 18.738 0.077
1643.60861 18.904 0.139
1644.55993 19.153 0.072
1645.49449 18.639 0.074
1653.52692 18.957 0.095
1653.55012 19.059 0.103
1654.57841 18.577 0.064
1655.52378 18.849 0.083
1656.59511 18.746 0.080
1657.51517 19.060 0.110
1658.51505 18.667 0.067
1660.49306 18.748 0.080
1660.54037 18.833 0.074
1662.49126 18.839 0.074
1662.50773 18.772 0.074
1664.50608 18.896 0.080
1665.54306 19.275 0.126
1667.55981 18.705 0.074
1670.50238 19.136 0.092
1671.48919 18.697 0.075
1676.49392 19.040 0.116
1682.47890 19.085 0.191
1768.91490 19.138 0.092
1769.84735 18.921 0.078
1771.87759 18.934 0.109
1773.90044 19.011 0.072
1775.92052 19.064 0.093
1782.90216 18.880 0.075
1783.89328 19.449 0.113
1789.90205 18.658 0.038
1790.86403 19.142 0.069
1790.88016 19.217 0.069
1803.89351 19.128 0.100
1809.81959 19.158 0.069
1812.84284 18.962 0.064
1813.81439 19.194 0.084
1814.85768 18.987 0.066
1818.85056 19.064 0.078
1818.86682 19.063 0.078
1822.84297 19.154 0.089
1823.88351 18.943 0.058
1826.86639 19.078 0.074
1828.86814 18.741 0.054
1829.83937 19.028 0.100
1830.85283 18.611 0.060
1834.89176 18.705 0.148
1843.80240 18.930 0.067
1843.85066 18.740 0.067
1844.81751 19.015 0.075
1845.70852 19.314 0.083
1845.77749 18.788 0.058
1845.86660 18.822 0.055
1846.86929 19.133 0.078
1847.63253 19.113 0.104
1847.72076 18.844 0.086
1849.62132 19.178 0.118
1850.71984 19.074 0.095
1850.79891 19.089 0.084
1852.73575 19.158 0.083
1855.79412 18.976 0.070
1855.84102 19.027 0.069
1856.70078 19.444 0.145
1858.60261 19.278 0.164
1858.70629 19.017 0.089
1858.79594 18.671 0.070
1859.76704 18.971 0.075
1860.76780 18.657 0.069
1860.83767 18.778 0.066
1861.69771 18.938 0.104
1862.61541 19.186 0.113
1862.74990 18.719 0.067
1863.74879 19.105 0.084
1864.61188 19.018 0.075
1864.75406 18.759 0.057
1864.84617 18.896 0.057
1865.80348 19.099 0.074
1866.67981 18.770 0.052
1866.79259 18.835 0.064
1866.84861 19.058 0.064
1867.77241 19.132 0.078
1868.65944 18.766 0.057
1868.75066 18.902 0.055
1869.74581 19.279 0.077
1869.82484 18.760 0.075
1870.71483 18.833 0.063
1870.77617 18.902 0.067
1870.82515 19.061 0.086
1871.86033 18.715 0.058
1872.70061 18.949 0.067
1872.77612 18.986 0.075
1873.82001 18.704 0.052
2167.89750 18.912 0.070
2193.81977 18.760 0.043
2202.81910 18.798 0.052
2215.77230 19.320 0.104
2221.85050 18.860 0.072
2224.82039 19.107 0.078
2227.73123 18.825 0.058
2229.73699 18.817 0.067
2231.70525 18.993 0.067
2233.67352 18.951 0.061
2239.65392 19.100 0.080
2241.74559 19.361 0.096
2243.81060 18.773 0.064
2248.67259 18.998 0.067
2250.76154 19.102 0.095
2252.73094 18.996 0.057
2254.72198 19.122 0.061
2257.72599 18.967 0.057
2260.74771 18.599 0.046
2265.78032 19.153 0.081
2266.77086 18.818 0.060
2270.79693 19.024 0.057
2272.64649 18.986 0.067
2274.77385 18.982 0.084
2276.83178 19.234 0.092
2278.78864 19.116 0.098
2280.77139 19.078 0.064
2282.76859 19.261 0.080
2284.78999 18.764 0.045
2289.83105 19.031 0.058
2291.81709 19.153 0.083
2293.78598 19.407 0.129
2295.80986 18.966 0.058
2297.79592 18.713 0.054
2300.82096 19.003 0.090
2302.78220 19.127 0.101
2315.70598 18.974 0.074
2324.57165 18.811 0.055
2328.55351 18.911 0.081
2334.54673 18.975 0.070
2340.54339 19.107 0.080
2373.49593 18.961 0.106
2385.55905 19.015 0.100
2534.89158 19.095 0.092
2539.89872 18.784 0.067
2545.86657 18.968 0.070
2553.75872 19.015 0.101
2557.82675 19.292 0.100
2561.82482 19.025 0.074
2565.82690 18.640 0.063
2574.78911 19.119 0.093
2578.84550 18.744 0.057
2584.74129 18.854 0.075
2590.81826 19.028 0.072
2596.82469 19.125 0.104
2606.72122 18.782 0.054
2609.82979 19.118 0.101
2614.79653 19.002 0.064
2619.67257 19.173 0.063
2621.80053 18.799 0.054
2624.69755 19.059 0.064
2627.78884 18.946 0.098
2629.81564 19.046 0.086
2632.70973 19.035 0.060
2635.81028 19.214 0.080
2638.80344 18.999 0.080
2641.77163 19.163 0.072
2643.77785 18.943 0.054
2645.77357 18.765 0.048
2647.70258 18.971 0.060
2650.78428 19.134 0.078
2653.65642 18.830 0.063
2655.71314 18.875 0.058
2657.64795 18.877 0.060
2659.80174 19.131 0.109
2660.71202 18.867 0.058
2662.71797 18.679 0.054
2664.73341 18.809 0.087
2666.78728 18.897 0.049
2668.77880 18.987 0.074
2675.80586 18.854 0.052
2679.81153 19.015 0.103
2682.73375 19.258 0.118
2687.63312 18.834 0.075
2692.57596 18.906 0.058
2697.52231 19.146 0.090
2702.52116 18.820 0.083
2708.54992 19.055 0.081
2724.51978 18.789 0.054
2871.91126 19.047 0.077
2884.87090 19.063 0.078
2890.89288 19.391 0.162
2896.84555 18.732 0.061
2902.78017 18.839 0.048
2911.88873 18.761 0.040
2917.79225 18.801 0.052
2923.79440 19.036 0.075
2926.84750 18.805 0.055
2931.77599 19.174 0.064
2934.81641 18.945 0.058
2940.79679 19.105 0.063
2943.80097 18.904 0.055
2947.80951 18.883 0.054
2950.72347 19.264 0.089
2954.74673 18.729 0.064
2956.79228 18.789 0.049
2958.83688 18.999 0.104
2962.83114 18.960 0.052
2965.84033 18.802 0.049
2967.78008 18.724 0.051
2970.83404 19.152 0.058
2974.77207 19.191 0.064
2976.66156 19.130 0.075
2979.64497 18.919 0.072
2983.77312 19.055 0.070
2985.82085 19.232 0.074
2987.71959 19.137 0.084
2989.66228 19.113 0.057
2991.73452 19.210 0.070
2993.74225 18.542 0.046
2995.81747 18.816 0.049
2997.78638 18.918 0.060
2998.73390 19.111 0.061
3000.73640 19.152 0.084
3002.72432 19.164 0.070
3004.72721 19.243 0.064
3006.72017 18.901 0.049
3008.73461 18.624 0.045
3010.78106 18.795 0.057
3011.79738 19.189 0.095
3016.73103 18.857 0.051
3018.76143 19.001 0.066
3020.82518 19.062 0.072
3023.71112 18.746 0.043
3025.68275 18.748 0.035
3027.72819 18.890 0.046
3029.71305 19.006 0.055
3031.78341 19.138 0.090
3034.61476 19.176 0.054
3036.64513 18.862 0.048
3039.58702 19.051 0.069
3042.69455 18.903 0.066
3044.63399 18.898 0.061
3046.61997 18.904 0.057
3047.72231 18.796 0.069
3048.65340 18.924 0.045
3049.67696 18.703 0.035
3051.64628 18.669 0.048
3053.62151 18.730 0.037
3055.63855 18.797 0.051
3057.66369 18.871 0.046
3059.60833 18.852 0.045
3061.60059 18.936 0.061
3066.57018 18.722 0.078
3068.59806 18.761 0.063
3070.66839 18.955 0.119
3073.68668 19.155 0.095
3076.61042 19.016 0.083
3079.58947 18.725 0.037
3082.67946 19.183 0.057
3085.57924 18.914 0.057
3088.53951 19.177 0.081
3091.52239 18.907 0.072
3096.57090 18.814 0.078
3100.50190 18.714 0.072
3103.52014 19.208 0.080
3106.54140 18.961 0.063
3109.52701 18.644 0.045
3112.58248 19.119 0.080
3116.56055 19.098 0.093
3127.55769 19.159 0.072
3133.51819 19.230 0.118
3223.91645 19.167 0.100
3242.86735 18.750 0.052
3249.91474 19.213 0.089
3264.86829 19.276 0.060
3271.81605 19.323 0.116
3274.82004 18.776 0.066
3278.89301 18.909 0.070
3282.78520 18.934 0.060
3287.82416 18.807 0.040
3291.76144 18.878 0.057
3295.78192 18.951 0.042
3297.77402 18.992 0.040
3299.84209 19.148 0.043
3301.83545 19.034 0.069
3305.74445 19.188 0.078
3309.80572 18.895 0.045
3311.79936 18.696 0.045
3320.86277 18.881 0.063
3327.81521 19.119 0.054
3330.79127 18.966 0.069
3336.64368 18.759 0.066
3339.82214 18.830 0.074
3353.81587 18.964 0.048
3357.75653 19.091 0.061
3360.73326 18.856 0.042
3365.85269 18.767 0.052
3373.81676 18.928 0.072
3378.74355 18.835 0.049
3394.62670 18.838 0.072
3399.78044 18.967 0.083
3403.76754 18.840 0.057
3408.69072 18.854 0.045
3417.63082 19.097 0.063
3427.58121 18.680 0.054
3434.51868 19.206 0.075
3440.54283 18.861 0.055
3447.51203 19.146 0.086
3456.53758 19.106 0.084
3469.49247 19.051 0.057
3478.48500 18.784 0.057
3601.89545 18.719 0.061
3619.89816 19.294 0.078
3630.77954 18.764 0.075
3636.83699 19.353 0.107
3640.78690 19.199 0.063
3651.82076 19.211 0.077
3654.86697 19.207 0.060
3658.83065 18.813 0.063
3661.87639 18.813 0.066
3665.84960 19.054 0.067
3670.81920 18.702 0.048
3673.82948 19.075 0.051
3676.82962 18.967 0.051
3685.76898 18.743 0.045
3687.85572 18.815 0.045
3690.77765 19.001 0.072
3693.81328 18.985 0.061
3695.84438 18.943 0.052
3698.83404 18.659 0.049
3701.70299 19.121 0.058
3703.78678 19.086 0.058
3705.85097 19.135 0.057
3708.83870 19.136 0.072
3712.79625 19.139 0.058
3715.76191 18.769 0.045
3718.69773 19.101 0.078
3720.84751 18.903 0.072
3724.76512 18.857 0.048
3728.74315 18.699 0.040
3731.80622 19.221 0.057
3733.66898 19.083 0.052
3735.65683 19.193 0.049
3737.81535 18.668 0.034
3740.77871 19.044 0.052
3742.78923 19.292 0.133
3745.82126 18.884 0.052
3749.77133 19.031 0.087
3751.78518 19.059 0.089
3753.73457 19.186 0.067
3755.73465 19.009 0.070
3757.72438 19.157 0.061
3759.81466 19.408 0.092
3763.68668 19.130 0.045
3766.70328 19.087 0.064
3770.73083 19.090 0.075
3773.76209 19.035 0.074
3776.73644 19.291 0.107
3783.60371 19.028 0.058
3788.57792 18.701 0.040
3793.58347 19.135 0.064
3801.51924 18.824 0.055
3811.50995 18.985 0.074
3826.49496 18.951 0.069
3958.88503 19.380 0.142
3965.85482 19.127 0.057
3970.87493 19.031 0.057
3982.82569 19.157 0.077
3999.86991 18.882 0.054
4003.74581 19.204 0.058
4006.76695 18.901 0.045
4008.78786 18.990 0.049
4013.79947 18.853 0.075
4019.80063 19.037 0.058
4026.86268 19.134 0.069
4029.80703 18.872 0.052
4032.84360 18.986 0.078
4039.67585 18.816 0.052
4041.74955 18.850 0.057
4043.75457 18.890 0.063
4049.71784 19.036 0.054
4052.77918 18.908 0.052
4054.76531 18.883 0.048
4056.82447 18.880 0.054
4059.71922 18.882 0.058
4064.78772 19.118 0.045
4066.78682 19.197 0.067
4069.73993 19.034 0.060
4071.66789 18.903 0.067
4076.74007 18.741 0.060
4079.78157 19.020 0.081
4082.82945 18.983 0.052
4084.79473 19.008 0.066
4086.81977 18.952 0.067
4103.65542 19.261 0.083
4106.57619 18.763 0.063
4111.79855 18.859 0.048
4117.73915 18.609 0.054
4127.66775 19.037 0.046
4132.75669 18.721 0.064
4143.54394 19.186 0.070
4157.54270 18.990 0.077
4168.57699 18.880 0.048
4198.52959 18.928 0.069
4343.86249 19.139 0.086
4348.83137 18.963 0.061
4353.86273 18.851 0.058
4358.81475 19.198 0.104
4364.90110 18.861 0.067
4367.87495 19.164 0.070
4370.89664 18.920 0.080
4373.85261 19.003 0.061
4378.75605 19.003 0.081
4381.74423 18.760 0.069
4386.86211 19.035 0.067
4390.82409 18.671 0.042
4394.87069 18.855 0.049
4399.79841 19.128 0.081
4408.70341 18.941 0.080
4412.78579 19.174 0.078
4423.73615 18.973 0.060
4427.73820 19.043 0.060
4430.74152 18.943 0.075
4433.75908 18.735 0.054
4437.75704 18.874 0.075
4440.70129 19.023 0.074
4443.79373 19.102 0.080
4449.76467 19.066 0.074
4451.80028 19.119 0.084
4455.76567 19.341 0.104
4457.79690 18.621 0.069
4459.76412 18.708 0.055
4463.76085 18.773 0.048
4465.77761 18.887 0.054
4468.74187 19.233 0.064
4470.69740 19.102 0.072
4473.74056 19.032 0.084
4476.76152 18.772 0.045
4482.80240 19.009 0.078
4485.79275 18.771 0.069
4490.63999 19.101 0.089
4494.70605 18.961 0.078
4498.73026 19.015 0.061
4501.72762 18.936 0.072
4506.66162 18.620 0.055
4508.68848 18.832 0.057
4509.75259 19.255 0.075
4512.72230 18.967 0.066
4518.66249 18.844 0.096
4521.70303 18.906 0.067
4523.68205 18.768 0.077
4525.64666 18.865 0.060
4531.63038 19.007 0.058
4534.55926 18.658 0.054
4537.67504 19.155 0.070
4539.59433 19.206 0.086
4542.51171 19.035 0.096
