2117.77665 15.760 0.005
2128.73398 15.773 0.005
2131.59798 15.691 0.005
2135.62081 15.727 0.005
2140.60308 15.697 0.005
2143.70938 15.767 0.005
2165.55464 15.749 0.005
2172.50611 15.735 0.006
2185.53435 15.765 0.006
2200.58129 15.903 0.007
2329.86777 15.717 0.005
2346.85786 15.800 0.005
2351.88967 15.832 0.005
2351.89409 15.820 0.005
2360.89702 15.835 0.005
2371.86952 15.885 0.006
2381.88206 15.925 0.006
2385.89737 15.941 0.006
2389.90863 15.964 0.006
2391.79994 15.864 0.007
2402.89607 15.901 0.006
2405.73326 15.877 0.005
2415.80794 15.964 0.006
2417.83510 15.874 0.006
2433.90502 15.714 0.006
2435.71468 15.976 0.006
2437.77796 15.823 0.006
2439.72056 15.956 0.005
2441.67573 15.967 0.005
2444.68959 15.990 0.006
2446.77066 15.677 0.005
2452.70377 15.779 0.006
2458.81917 15.741 0.005
2462.62619 15.937 0.005
2464.63973 15.848 0.005
2467.52929 15.898 0.005
2469.53988 15.931 0.005
2471.72324 15.712 0.005
2473.52809 15.952 0.006
2483.60802 15.716 0.005
2486.58666 15.711 0.006
2490.55857 15.731 0.005
2493.51680 15.876 0.005
2495.59291 15.666 0.005
2497.64740 15.742 0.005
2499.69342 15.769 0.005
2501.71293 15.787 0.005
2508.53003 15.722 0.005
2511.70856 15.791 0.006
2518.62775 15.739 0.005
2521.63980 15.785 0.005
2535.56715 15.789 0.006
2541.49095 15.740 0.005
2546.58401 15.806 0.006
2551.49575 15.757 0.006
2555.59175 15.895 0.007
2562.54500 15.870 0.006
2573.51359 15.844 0.007
2704.88605 15.802 0.005
2713.86792 15.831 0.005
2727.91582 15.876 0.005
2733.81569 15.816 0.006
2752.82879 15.897 0.006
2757.79413 15.872 0.005
2759.93006 15.789 0.006
2766.80053 15.937 0.006
2770.68571 15.830 0.006
2782.92665 15.676 0.006
2784.90645 15.663 0.005
2786.76837 15.973 0.006
2789.64054 15.877 0.006
2791.59681 15.860 0.006
2794.75676 15.922 0.006
2796.70686 15.971 0.006
2802.78625 15.778 0.006
2810.73256 15.802 0.005
2812.69049 15.944 0.006
2813.77692 15.643 0.005
2815.71174 15.771 0.005
2816.84746 15.721 0.005
2817.85609 15.729 0.006
2818.65620 15.962 0.006
2819.65035 15.966 0.006
2821.62053 15.977 0.006
2830.66306 15.725 0.006
2835.58725 15.916 0.007
2836.82010 15.782 0.007
2838.71331 15.714 0.005
2840.69111 15.707 0.005
2842.75761 15.708 0.005
2844.75432 15.718 0.005
2849.66872 15.670 0.005
2851.68652 15.694 0.005
2853.69201 15.714 0.005
2856.57294 15.639 0.005
2858.54234 15.688 0.005
2860.69594 15.762 0.007
2862.71386 15.798 0.006
2865.64871 15.748 0.005
2867.68606 15.786 0.005
2869.69992 15.802 0.006
2872.58686 15.725 0.005
2877.55907 15.718 0.005
2882.61681 15.738 0.005
2890.67305 15.873 0.007
2894.63666 15.841 0.007
2898.62307 15.856 0.006
2903.56608 15.810 0.004
2916.55939 15.810 0.006
2925.58642 15.893 0.006
2937.54754 15.892 0.007
3049.88726 15.769 0.005
