2156.89973 18.807 0.074
2161.86670 18.849 0.071
2173.87993 18.995 0.043
2186.81692 18.936 0.089
2192.84923 18.897 0.049
2201.83569 18.602 0.034
2214.81724 18.548 0.047
2221.76014 18.720 0.050
2224.77284 19.021 0.053
2227.67546 18.814 0.045
2229.68893 18.996 0.063
2230.83309 18.944 0.054
2232.85270 18.836 0.062
2234.84745 18.692 0.038
2237.76791 18.941 0.052
2241.69318 19.034 0.062
2243.74700 18.925 0.055
2247.82887 18.549 0.037
2248.83149 18.814 0.039
2250.81888 18.918 0.045
2252.67856 18.516 0.038
2254.66962 19.035 0.050
2257.67630 18.788 0.038
2260.68302 19.133 0.053
2266.67450 18.656 0.040
2270.68220 18.855 0.043
2271.82256 18.801 0.033
2272.83051 18.844 0.056
2274.67217 19.011 0.064
2276.77813 18.884 0.052
2277.83142 18.956 0.045
2279.84903 18.747 0.040
2280.82257 18.598 0.044
2282.71945 18.900 0.046
2288.78081 19.142 0.079
2290.81808 19.026 0.065
2292.79113 18.665 0.051
2294.76744 19.016 0.080
2296.78308 19.090 0.101
2298.73978 18.470 0.041
2300.75028 19.016 0.069
2302.72695 18.910 0.069
2323.60335 18.607 0.032
2327.58879 18.856 0.056
2333.59882 18.869 0.070
2345.53630 19.025 0.064
2351.51443 19.008 0.057
2369.51289 18.930 0.058
2385.49765 18.883 0.070
2529.84322 19.046 0.062
2539.84565 18.757 0.051
2545.81488 18.969 0.067
2552.86886 18.871 0.053
2556.86022 19.007 0.051
2560.76930 18.664 0.040
2564.87687 18.992 0.061
2573.87327 18.660 0.050
2578.79762 18.857 0.051
2583.85202 18.938 0.065
2590.75854 18.791 0.046
2596.77115 18.966 0.057
2605.80110 18.701 0.039
2609.77052 18.992 0.063
2614.72878 19.067 0.074
2618.78375 18.636 0.045
2621.70884 18.967 0.043
2624.61480 18.951 0.064
2627.71307 18.917 0.073
2629.73603 18.787 0.047
2632.66197 19.057 0.050
2635.70921 18.911 0.043
2638.68018 19.112 0.056
2640.77707 19.037 0.058
2642.73355 18.808 0.066
2644.73626 18.589 0.040
2646.69022 19.128 0.066
2650.74604 18.672 0.049
2652.80794 18.632 0.034
2654.76860 19.008 0.068
2656.67402 18.664 0.051
2658.63577 19.047 0.059
2660.65409 18.922 0.054
2662.66505 18.810 0.044
2664.64510 19.027 0.061
2666.70849 18.938 0.043
2668.69461 18.898 0.057
2670.65673 18.788 0.058
2672.79550 18.990 0.058
2674.69625 18.812 0.050
2676.68537 18.632 0.046
2678.73862 19.049 0.054
2680.64937 18.947 0.050
2682.69568 18.592 0.051
2687.57551 18.651 0.056
2693.53472 18.760 0.042
2696.57146 18.992 0.064
2701.55311 18.528 0.052
2707.55983 18.667 0.045
2714.54700 18.612 0.053
2839.92365 18.970 0.059
2867.89465 18.763 0.045
2885.87230 18.865 0.042
2892.90082 18.848 0.063
2897.86973 18.945 0.057
2907.78994 19.184 0.061
2911.82733 18.849 0.037
2916.87773 19.101 0.050
2922.86142 18.971 0.071
2926.79309 18.538 0.034
2930.86279 18.928 0.050
2934.76485 19.074 0.050
2940.74559 18.993 0.046
2943.74985 18.790 0.049
2947.75850 18.953 0.047
2949.84849 18.927 0.043
2953.71563 19.071 0.074
2956.74097 18.710 0.038
2958.76731 18.320 0.037
2962.77983 18.940 0.043
2965.80286 18.296 0.027
2968.67015 18.810 0.053
2973.79364 19.007 0.045
2976.80607 18.859 0.044
2978.71374 19.035 0.063
2980.72616 19.011 0.053
2982.71886 18.782 0.045
2984.76598 18.622 0.039
2986.84865 18.897 0.065
2988.81903 18.851 0.042
2989.77434 18.810 0.039
2991.66946 19.013 0.046
2993.68993 19.005 0.057
2995.76304 18.837 0.040
2997.73544 18.685 0.045
2999.69961 18.957 0.043
3001.79447 18.915 0.045
3003.76516 18.611 0.039
3005.72698 19.089 0.055
3007.64840 18.810 0.040
3009.64622 18.593 0.038
3011.74582 19.158 0.077
3017.75131 18.708 0.042
3019.67935 18.919 0.050
3021.79793 18.805 0.043
3023.65971 19.104 0.045
3025.62762 18.942 0.037
3027.67699 18.794 0.038
3029.66205 18.651 0.037
3031.73194 19.087 0.058
3033.79559 18.938 0.041
3035.80239 18.702 0.040
3038.78002 18.896 0.055
3041.62057 18.654 0.058
3043.65461 19.023 0.078
3045.71753 18.938 0.059
3047.67127 18.708 0.047
3048.60005 18.970 0.039
3050.61956 18.983 0.042
3052.62078 18.741 0.038
3054.62097 18.439 0.033
3056.61344 19.061 0.050
3058.60743 18.818 0.043
3060.65701 18.606 0.038
3068.54294 19.032 0.075
3070.60391 19.056 0.099
3073.63506 18.674 0.057
3078.64407 18.841 0.056
3082.62191 19.017 0.043
3085.52300 18.697 0.051
3087.66121 18.678 0.049
3090.62736 18.878 0.054
3096.54321 18.802 0.064
3099.61299 18.842 0.086
3102.59162 18.982 0.065
3104.57833 18.758 0.050
3107.56205 19.172 0.081
3110.56011 18.885 0.059
3113.53802 19.083 0.077
3128.51054 18.950 0.068
3140.51755 19.035 0.065
3216.88175 19.109 0.088
3241.92466 18.978 0.059
3248.86684 19.024 0.070
3257.89520 18.948 0.044
3264.81654 18.716 0.032
3270.88330 18.888 0.043
3274.76893 18.943 0.069
3277.89098 18.796 0.045
3287.77261 18.947 0.041
3291.70955 19.065 0.058
3295.73102 18.735 0.034
3297.72301 18.685 0.028
3299.78733 19.135 0.037
3301.78454 18.858 0.057
3304.84487 18.624 0.042
3309.75064 18.694 0.040
3311.74862 18.893 0.044
3320.79158 18.950 0.043
3327.76356 18.887 0.046
3330.72218 19.065 0.073
3334.82110 19.012 0.067
3339.76890 19.104 0.059
3354.78480 18.766 0.046
3358.83350 18.986 0.040
3372.77996 18.984 0.063
3378.69262 18.863 0.044
3391.76036 18.961 0.061
3399.72917 18.791 0.050
3403.71653 19.017 0.055
3406.68604 18.780 0.032
3410.63895 18.984 0.041
3415.63616 18.949 0.042
3420.62595 18.903 0.056
3427.59991 19.097 0.059
3433.62253 19.022 0.053
3438.55175 18.280 0.026
3446.50890 18.895 0.053
3455.53224 18.758 0.070
3461.52631 18.957 0.055
3473.48562 19.025 0.064
3619.83807 19.001 0.047
3629.91154 18.862 0.067
3633.87653 19.039 0.056
3639.78902 19.071 0.041
3644.82564 18.602 0.030
3651.76878 19.051 0.050
3654.81631 18.878 0.039
3658.78031 19.102 0.062
3661.85103 18.850 0.063
3668.82376 18.750 0.044
3672.81200 18.994 0.051
3676.76881 18.763 0.045
3684.83078 19.049 0.042
3687.80518 18.872 0.040
3690.72505 18.884 0.056
3693.75906 18.835 0.047
3695.79183 18.638 0.032
3698.77359 18.935 0.055
3700.80217 18.821 0.037
3703.73303 18.980 0.040
3705.80020 18.969 0.040
3708.78813 18.735 0.047
3712.74575 18.886 0.038
3714.81598 18.655 0.030
3717.67843 18.978 0.055
3719.85097 18.841 0.054
3721.81192 18.607 0.035
3726.70775 18.631 0.040
3730.73999 18.949 0.037
3732.73210 18.811 0.031
3735.63149 18.917 0.032
3737.76386 18.949 0.033
3739.83384 18.889 0.042
3741.84678 18.824 0.051
3743.74394 18.988 0.046
3746.78646 18.748 0.049
3748.73962 18.958 0.057
3749.74524 18.932 0.061
3751.75658 19.010 0.055
3753.70807 18.692 0.037
3755.70908 19.025 0.052
3757.69895 18.887 0.045
3759.76373 18.732 0.033
3762.78524 19.219 0.073
3765.77233 18.799 0.033
3770.64484 18.817 0.039
3773.71093 18.545 0.037
3776.68125 18.874 0.059
3779.63581 18.725 0.064
3782.74944 18.943 0.053
3787.61265 18.961 0.051
3792.56336 19.022 0.052
3800.54536 18.935 0.046
3810.50296 18.891 0.073
3823.51272 18.518 0.039
3964.89127 18.316 0.022
3969.92208 18.883 0.047
3981.88987 18.885 0.058
3998.88216 18.994 0.050
3999.84465 18.960 0.041
4001.89365 18.829 0.038
4004.85764 19.121 0.044
4005.87160 18.972 0.045
4008.73784 18.498 0.026
4013.77460 18.675 0.047
4018.86752 19.002 0.046
4024.73495 18.929 0.037
4026.80802 18.821 0.032
4029.75725 19.156 0.058
4032.77252 18.783 0.058
4038.73859 18.939 0.049
4041.69985 18.981 0.053
4043.70471 18.886 0.052
4049.66735 19.024 0.052
4052.72875 18.755 0.037
4054.71558 18.992 0.062
4056.77361 19.008 0.046
4058.80595 18.868 0.042
4063.70450 18.907 0.042
4066.76183 18.578 0.032
4068.66671 19.042 0.043
4070.69180 18.870 0.050
4074.75943 18.732 0.046
4077.80798 18.900 0.050
4079.85284 18.835 0.043
4083.69842 18.925 0.062
4085.76415 18.896 0.057
4093.74871 18.661 0.030
4105.82123 18.938 0.057
4109.79111 18.944 0.043
4113.74694 18.827 0.033
4120.77717 18.845 0.035
4122.73366 18.846 0.040
4125.78789 18.791 0.050
4132.67566 18.848 0.057
4142.72668 18.944 0.063
4156.56178 18.509 0.031
4168.51643 18.661 0.042
4197.49574 18.933 0.058
4341.92814 18.695 0.093
4347.87968 18.760 0.045
4353.81301 18.768 0.042
4358.91131 18.897 0.076
4364.87574 18.967 0.065
4367.90019 18.820 0.056
4371.76548 18.881 0.050
4377.82183 18.985 0.061
4380.83675 18.642 0.038
4386.81248 18.654 0.047
4390.77441 19.025 0.053
4394.73053 19.226 0.058
4399.74850 18.525 0.054
4407.71153 18.988 0.064
4412.72696 18.642 0.045
4418.82034 18.841 0.039
4426.76406 18.569 0.053
4430.69145 18.651 0.057
4432.75063 18.411 0.028
4436.79056 18.936 0.066
4439.85567 18.677 0.064
4443.74370 18.777 0.063
4449.70655 18.884 0.040
4451.71628 18.567 0.044
4455.71540 18.790 0.061
4457.74584 18.780 0.051
4460.81749 18.865 0.068
4463.73578 18.843 0.042
4466.72477 18.914 0.039
4470.67224 18.725 0.052
4473.71496 19.003 0.063
4477.77347 18.633 0.042
4482.77725 18.752 0.066
4486.75508 18.972 0.068
4492.65022 19.017 0.053
4494.67400 19.043 0.073
4498.70652 19.110 0.058
4501.70383 18.923 0.055
4506.63791 18.867 0.055
4508.66475 18.800 0.045
4510.73072 18.613 0.039
4517.66496 18.988 0.074
4521.64549 18.678 0.043
4524.60820 19.008 0.058
4530.63419 19.046 0.057
4532.65993 19.073 0.059
4536.63219 19.126 0.053
4539.51416 18.659 0.045
4541.62332 18.749 0.056
