2125.50678 15.457 0.006
2129.59258 15.534 0.005
2132.53719 15.677 0.005
2135.66791 15.403 0.004
2140.63263 15.257 0.004
2143.73704 15.526 0.005
2158.56463 15.603 0.005
2167.52002 15.518 0.005
2172.53562 15.427 0.005
2185.56395 15.417 0.005
2329.89699 15.206 0.005
2346.88943 15.210 0.004
2352.84375 15.503 0.005
2361.83811 15.443 0.005
2371.89881 15.295 0.005
2381.91745 15.673 0.006
2385.92740 15.502 0.005
2391.83193 15.387 0.005
2401.74457 15.663 0.005
2403.80330 15.462 0.005
2405.76779 15.458 0.005
2415.83835 15.551 0.006
2424.71711 15.407 0.006
2428.68065 15.397 0.005
2434.60849 15.635 0.006
2436.69929 15.478 0.005
2438.67741 15.287 0.006
2440.67007 15.482 0.005
2444.80511 15.631 0.006
2446.80201 15.382 0.005
2453.77673 15.542 0.005
2456.53835 15.480 0.005
2458.65252 15.333 0.005
2462.60673 15.320 0.004
2464.67576 15.685 0.005
2467.58243 15.265 0.004
2469.56968 15.485 0.005
2471.70469 15.352 0.004
2473.55766 15.499 0.005
2483.63837 15.388 0.005
2486.62151 15.516 0.005
2490.58854 15.513 0.005
2493.54669 15.643 0.005
2495.62282 15.468 0.005
2497.67727 15.242 0.004
2499.72523 15.551 0.005
2501.74308 15.357 0.005
2508.56003 15.375 0.005
2512.51954 15.354 0.005
2518.66622 15.268 0.004
2521.67273 15.437 0.005
2524.51278 15.451 0.005
2529.63590 15.468 0.005
2537.57993 15.478 0.006
2541.54817 15.476 0.005
2546.61296 15.454 0.004
2551.52555 15.244 0.005
2555.62203 15.388 0.006
2562.57575 15.514 0.005
2573.54766 15.372 0.005
2705.84376 15.419 0.005
2713.89772 15.529 0.004
2728.83922 15.358 0.005
2733.81201 15.568 0.005
2744.79447 15.264 0.004
2752.86444 15.401 0.014
2756.83859 15.404 0.005
2760.80382 15.399 0.005
2766.83593 15.253 0.004
2770.71792 15.676 0.006
2783.82526 15.339 0.005
2786.80252 15.319 0.005
2790.71659 15.271 0.004
2795.62476 15.642 0.004
2797.61290 15.371 0.004
2802.82634 15.455 0.006
2810.77128 15.483 0.005
2811.82405 15.409 0.005
2813.62043 15.488 0.006
2815.74118 15.355 0.005
2817.69481 15.567 0.006
2818.75736 15.523 0.005
2820.62576 15.610 0.006
2821.65403 15.556 0.005
2826.61979 15.478 0.005
2830.72254 15.578 0.007
2835.61912 15.383 0.006
2837.53293 15.572 0.006
2839.56640 15.385 0.005
2840.73105 15.410 0.005
2843.50938 15.330 0.004
2844.78723 15.494 0.005
2849.69823 15.308 0.005
2851.71935 15.608 0.006
2853.72121 15.379 0.005
2856.60547 15.421 0.005
2858.57158 15.682 0.005
2863.64524 15.656 0.006
2866.73400 15.354 0.005
2869.62753 15.400 0.005
2872.64877 15.553 0.005
2877.58848 15.418 0.005
2892.54136 15.625 0.006
2895.69171 15.403 0.005
2900.55317 15.460 0.005
2905.60710 15.663 0.006
2911.52298 15.342 0.005
2916.59139 15.329 0.005
2929.55168 15.234 0.005
3050.86608 15.282 0.005
