2156.89973 18.801 0.076
2161.86670 18.690 0.064
2173.87993 18.777 0.035
2186.81692 18.703 0.074
2192.84923 18.680 0.042
2201.83569 18.824 0.041
2214.81724 18.838 0.062
2221.76014 18.662 0.047
2224.77284 18.749 0.044
2227.67546 18.767 0.046
2229.68893 18.689 0.048
2230.83309 18.800 0.052
2232.85270 18.801 0.059
2234.84745 18.717 0.039
2237.76791 18.798 0.050
2241.69318 18.739 0.050
2243.74700 18.771 0.053
2247.82887 18.935 0.054
2248.83149 18.820 0.041
2250.81888 18.672 0.038
2252.67856 18.835 0.050
2254.66962 18.841 0.045
2257.67630 18.781 0.040
2260.68302 18.730 0.040
2264.68839 18.673 0.039
2266.67450 18.782 0.044
2270.68220 18.805 0.041
2271.82256 18.742 0.034
2272.83051 18.767 0.054
2274.67217 18.644 0.047
2276.77813 18.847 0.050
2277.83142 18.876 0.045
2279.84903 18.813 0.041
2280.82257 18.776 0.053
2282.71945 18.700 0.040
2288.78081 18.905 0.068
2290.81808 18.759 0.055
2292.79113 18.789 0.060
2294.76744 18.801 0.068
2296.78308 18.659 0.071
2298.73978 18.654 0.050
2300.75028 18.772 0.060
2302.72695 18.833 0.066
2304.77116 18.773 0.077
2323.60335 18.703 0.034
2327.58879 18.809 0.053
2333.59882 18.720 0.061
2345.53630 18.699 0.047
2351.51443 18.717 0.045
2369.51289 18.724 0.048
2385.49765 18.814 0.066
2529.84322 18.809 0.054
2539.84565 18.780 0.054
2545.81488 18.734 0.059
2552.86886 18.689 0.048
2556.86022 18.787 0.045
2560.76930 18.777 0.046
2564.87687 18.759 0.052
2573.87327 18.758 0.055
2578.79762 18.732 0.049
2583.85202 18.643 0.052
2590.75854 18.787 0.049
2596.77115 18.729 0.050
2605.80110 18.842 0.044
2609.77052 18.779 0.054
2614.72878 18.774 0.060
2618.78375 18.853 0.056
2621.70884 18.710 0.035
2624.61480 18.850 0.063
2627.71307 18.774 0.070
2629.73603 18.823 0.052
2632.66197 18.737 0.041
2635.70921 18.735 0.039
2638.68018 18.692 0.040
2640.77707 18.733 0.046
2642.73355 18.672 0.059
2644.73626 18.791 0.048
2646.69022 18.887 0.055
2650.74604 18.841 0.059
2652.80794 18.750 0.042
2654.76860 18.699 0.055
2656.67402 18.719 0.054
2658.63577 18.737 0.047
2660.65409 18.782 0.050
2662.66505 18.811 0.046
2664.64510 18.736 0.047
2666.70849 18.777 0.039
2668.69461 18.726 0.050
2670.65673 18.852 0.063
2672.79550 18.858 0.059
2674.69625 18.745 0.048
2676.68537 18.813 0.055
2678.73862 18.792 0.046
2680.64937 18.716 0.040
2682.69568 18.840 0.067
2687.57551 18.785 0.063
2693.53472 18.747 0.041
2696.57146 18.705 0.052
2701.55311 18.850 0.067
2707.55983 18.743 0.048
2714.54700 18.678 0.054
2839.92365 18.777 0.054
2885.87230 18.729 0.040
2892.90082 18.783 0.062
2897.86973 18.679 0.048
2907.78994 18.735 0.045
2911.82733 18.685 0.034
2916.87773 18.758 0.042
2922.86142 18.838 0.069
2926.79309 18.739 0.046
2930.86279 18.781 0.048
2934.76485 18.763 0.044
2940.74559 18.694 0.040
2943.74985 18.812 0.053
2947.75850 18.813 0.044
2949.84849 18.767 0.039
2953.71563 18.761 0.063
2956.74097 18.659 0.039
2958.76731 18.687 0.052
2962.77983 18.789 0.039
2965.80286 18.828 0.045
2968.67015 18.700 0.054
2973.79364 18.688 0.037
2976.80607 18.765 0.040
2978.71374 18.811 0.053
2980.72616 18.753 0.045
2982.71886 18.728 0.047
2984.76598 18.720 0.042
2986.84865 18.681 0.056
2988.81903 18.721 0.042
2989.77434 18.715 0.037
2991.66946 18.830 0.042
2993.68993 18.846 0.052
2995.76304 18.788 0.040
2997.73544 18.693 0.047
2999.69961 18.727 0.037
3001.79447 18.707 0.041
3003.76516 18.752 0.044
3005.72698 18.780 0.044
3007.64840 18.756 0.040
3009.64622 18.765 0.045
3011.74582 18.838 0.056
3017.75131 18.692 0.041
3019.67935 18.733 0.042
3021.79793 18.768 0.045
3023.65971 18.697 0.033
3025.62762 18.721 0.031
3027.67699 18.739 0.037
3029.66205 18.714 0.039
3031.73194 18.639 0.040
3033.79559 18.745 0.035
3035.80239 18.781 0.045
3038.78002 18.707 0.050
3041.62057 18.762 0.062
3043.65461 18.661 0.055
3045.71753 18.659 0.047
3047.67127 18.662 0.048
3048.60005 18.775 0.033
3050.61956 18.809 0.035
3052.62078 18.773 0.037
3054.62097 18.738 0.042
3056.61344 18.728 0.037
3058.60743 18.696 0.038
3060.65701 18.728 0.042
3068.54294 18.632 0.050
3070.60391 18.791 0.080
3073.63506 18.849 0.066
3078.64407 18.731 0.049
3082.62191 18.807 0.037
3085.52300 18.662 0.046
3087.66121 18.763 0.053
3090.62736 18.653 0.046
3096.54321 18.918 0.071
3099.61299 18.871 0.092
3102.59162 18.715 0.052
3104.57833 18.719 0.053
3107.56205 18.895 0.066
3110.56011 18.861 0.061
3113.53802 18.768 0.061
3128.51054 18.778 0.064
3140.51755 18.793 0.054
3216.88175 18.840 0.070
3241.92466 18.680 0.047
3248.86684 18.867 0.064
3257.89520 18.686 0.037
3264.81654 18.771 0.034
3270.88330 18.699 0.038
3274.76893 18.810 0.067
3277.89098 18.772 0.046
3287.77261 18.797 0.037
3291.70955 18.765 0.046
3295.73102 18.772 0.035
3297.72301 18.874 0.034
3299.78733 18.716 0.030
3301.78454 18.913 0.066
3304.84487 18.757 0.047
3307.71840 18.711 0.061
3309.75064 18.820 0.044
3311.74862 18.703 0.038
3320.79158 18.818 0.040
3327.76356 18.561 0.035
3330.72218 18.844 0.061
3334.82110 18.752 0.053
3339.76890 18.865 0.048
3354.78480 18.813 0.049
3358.83350 18.744 0.033
3372.77996 18.730 0.049
3378.69262 18.784 0.040
3387.68515 18.760 0.068
3391.76036 18.734 0.049
3399.72917 18.747 0.048
3403.71653 18.676 0.042
3406.68604 18.696 0.030
3410.63895 18.749 0.033
3415.63616 18.715 0.034
3420.62595 18.680 0.045
3427.59991 18.735 0.042
3433.62253 18.794 0.045
3438.55175 18.785 0.038
3446.50890 18.750 0.046
3455.53224 18.793 0.070
3461.52631 18.772 0.046
3473.48562 18.899 0.057
3619.83807 18.820 0.044
3629.91154 18.745 0.062
3633.87653 18.786 0.048
3639.78902 18.723 0.033
3644.82564 18.768 0.035
3651.76878 18.709 0.038
3654.81631 18.692 0.034
3658.78031 18.858 0.052
3661.85103 18.816 0.062
3668.82376 18.772 0.045
3672.81200 18.806 0.045
3676.76881 18.967 0.054
3684.83078 18.681 0.032
3687.80518 18.739 0.035
3690.72505 18.729 0.052
3693.75906 18.745 0.044
3695.79183 18.780 0.035
3698.77359 18.784 0.048
3700.80217 18.752 0.034
3703.73303 18.688 0.032
3705.80020 18.739 0.033
3708.78813 18.830 0.050
3712.74575 18.715 0.033
3714.81598 18.758 0.035
3717.67843 18.909 0.056
3719.85097 18.742 0.059
3721.81192 18.829 0.047
3726.70775 18.720 0.044
3730.73999 18.687 0.032
3732.73210 18.682 0.028
3735.63149 18.746 0.031
3737.76386 18.847 0.033
3739.83384 18.798 0.042
3741.84678 18.793 0.054
3743.74394 18.713 0.037
3746.78646 18.679 0.048
3748.73962 18.734 0.047
3749.74524 18.877 0.057
3751.75658 18.850 0.050
3753.70807 18.876 0.044
3755.70908 18.767 0.042
3757.69895 18.732 0.042
3759.76373 18.733 0.037
3762.78524 18.648 0.048
3765.77233 18.704 0.033
3770.64484 18.762 0.039
3773.71093 18.757 0.048
3776.68125 18.736 0.057
3779.63581 18.817 0.073
3782.74944 18.852 0.057
3787.61265 18.696 0.041
3792.56336 18.838 0.045
3800.54536 18.785 0.041
3810.50296 18.697 0.061
3823.51272 18.759 0.048
3964.89127 18.729 0.033
3969.92208 18.744 0.045
3981.88987 18.694 0.053
3998.88216 18.718 0.040
3999.84465 18.690 0.035
4001.89365 18.701 0.035
4004.85764 18.843 0.038
4008.73784 18.723 0.033
4013.77460 18.743 0.053
4018.86752 18.844 0.041
4024.73495 18.708 0.033
4026.80802 18.695 0.031
4029.75725 18.794 0.047
4032.77252 18.839 0.066
4038.73859 18.825 0.048
4041.69985 18.735 0.046
4043.70471 18.758 0.049
4046.79640 18.728 0.057
4049.66735 18.707 0.041
4052.72875 18.824 0.041
4054.71558 18.662 0.048
4056.77361 18.782 0.039
4058.80595 18.742 0.040
4063.70450 18.726 0.038
4066.76183 18.774 0.037
4068.66671 18.800 0.038
4070.69180 18.755 0.047
4074.75943 18.650 0.045
4077.80798 18.732 0.042
4079.85284 18.618 0.038
4083.69842 18.735 0.054
4085.76415 18.809 0.052
4093.74871 18.789 0.035
4102.86120 18.903 0.059
4105.82123 18.765 0.054
4109.79111 18.840 0.041
4113.74694 18.829 0.034
4120.77717 18.815 0.035
4122.73366 18.708 0.037
4125.78789 18.965 0.063
4132.67566 18.727 0.050
4142.72668 18.809 0.056
4156.56178 18.753 0.039
4168.51643 18.715 0.046
4197.49574 18.749 0.049
4341.92814 18.629 0.091
4347.87968 18.777 0.048
4353.81301 18.780 0.044
4358.91131 18.758 0.068
4364.87574 18.778 0.057
4367.90019 18.773 0.055
4371.76548 18.703 0.046
4377.82183 18.749 0.052
4380.83675 18.797 0.044
4386.81248 18.753 0.055
4390.77441 18.702 0.041
4394.73053 18.762 0.042
4399.74850 18.674 0.063
4407.71153 18.860 0.059
4412.72696 18.829 0.056
4418.82034 18.744 0.035
4426.76406 18.837 0.068
4430.69145 18.790 0.069
4432.75063 18.664 0.034
4436.79056 18.807 0.060
4439.85567 18.641 0.061
4443.74370 18.903 0.071
4449.70655 18.778 0.038
4451.71628 18.731 0.052
4455.71540 18.833 0.063
4457.74584 18.795 0.053
4460.81749 18.861 0.068
4463.73578 18.714 0.037
4466.72477 18.718 0.032
4470.67224 18.738 0.052
4473.71496 18.667 0.046
4477.77347 18.748 0.045
4482.77725 18.757 0.070
4486.75508 18.854 0.057
4492.65022 18.733 0.041
4494.67400 18.780 0.057
4498.70652 18.736 0.042
4501.70383 18.752 0.047
4506.63791 18.673 0.045
4508.66475 18.732 0.041
4510.73072 18.633 0.040
4517.66496 18.797 0.062
4521.64549 18.766 0.045
4524.60820 18.704 0.044
4530.63419 18.747 0.042
4532.65993 18.742 0.044
4536.63219 18.702 0.038
4539.51416 18.800 0.048
4541.62332 18.728 0.052
