 748.71022 18.625 0.055
 778.81891 18.605 0.063
 789.81055 18.690 0.059
 795.80247 18.581 0.043
 796.75660 18.727 0.061
 798.82127 18.648 0.057
 817.72539 18.729 0.051
 824.74371 18.608 0.055
 828.69871 18.757 0.059
 830.77419 18.655 0.059
 831.56493 18.775 0.066
 832.54769 18.508 0.057
 833.56707 18.603 0.047
 834.80530 18.563 0.067
 837.68424 18.606 0.036
 838.73237 18.772 0.075
 841.72570 18.753 0.054
 842.76185 18.631 0.059
 843.79902 18.743 0.050
 844.54159 18.760 0.066
 846.78883 18.804 0.057
 855.67675 18.454 0.082
 856.74974 18.753 0.074
 859.77725 18.660 0.059
 860.62335 18.552 0.048
 866.60459 18.668 0.062
 874.58797 18.620 0.048
 876.62280 18.602 0.047
 876.72495 18.604 0.047
 878.63007 18.551 0.047
 880.64653 18.672 0.055
 885.55822 18.630 0.125
 887.69107 18.687 0.065
 891.54618 18.556 0.051
 893.68041 18.538 0.066
 896.53006 18.631 0.054
 900.58375 18.717 0.059
 909.60316 18.779 0.118
 919.58482 18.575 0.067
 925.59273 18.657 0.075
 934.54429 18.768 0.082
 937.56124 18.718 0.085
 950.53798 18.557 0.057
 952.52875 18.718 0.059
 953.50940 18.543 0.066
 963.49171 18.780 0.110
1074.84177 18.851 0.081
1076.82348 18.927 0.077
1080.78203 18.627 0.050
1083.84525 18.638 0.058
1084.84129 18.827 0.057
1086.86611 18.677 0.054
1093.80549 18.629 0.055
1106.78958 18.573 0.078
1114.81654 18.670 0.042
1126.78528 18.533 0.059
1129.84746 18.657 0.050
1132.84311 18.762 0.055
1135.79254 18.718 0.048
1140.84163 18.725 0.048
1142.79322 18.619 0.043
1152.75098 18.685 0.069
1154.77610 18.640 0.050
1156.74103 18.666 0.055
1158.80963 18.670 0.058
1160.80703 18.658 0.051
1164.78902 18.735 0.048
1165.83473 18.604 0.057
1167.75793 18.487 0.048
1168.71728 18.633 0.059
1171.75905 18.792 0.043
1175.75826 18.646 0.054
1179.80853 18.842 0.078
1181.76946 18.734 0.083
1184.71589 18.719 0.050
1187.70739 18.748 0.059
1188.72120 18.598 0.042
1189.77025 18.719 0.047
1191.78446 18.713 0.046
1192.79288 18.789 0.050
1193.83234 18.638 0.050
1194.70793 18.799 0.066
1201.79632 18.684 0.051
1202.80547 18.730 0.054
1204.71189 18.659 0.051
1206.81200 18.603 0.042
1207.72274 18.713 0.067
1208.78580 18.520 0.050
1212.78343 18.826 0.089
1214.69443 18.532 0.051
1216.70813 18.515 0.043
1217.75745 18.746 0.058
1218.73245 18.679 0.062
1219.67176 18.598 0.051
1220.77909 18.685 0.059
1221.64516 18.568 0.048
1223.73417 18.692 0.054
1226.62422 18.794 0.059
1227.62905 18.484 0.039
1232.73503 18.593 0.054
1235.62950 18.630 0.052
1238.60109 18.730 0.071
1240.72490 18.689 0.066
1243.69215 18.746 0.066
1245.66898 18.469 0.054
1258.63097 18.652 0.044
1259.63860 18.756 0.047
1266.52527 18.617 0.079
1268.59324 18.565 0.071
1274.59643 18.725 0.093
1281.58879 18.586 0.059
1301.55167 18.579 0.067
1305.58034 18.807 0.070
1312.55703 18.561 0.074
1319.54148 18.513 0.063
1330.53375 18.725 0.089
1335.48658 18.500 0.052
1431.88545 18.582 0.043
1433.88241 18.716 0.074
1436.79998 18.579 0.048
1439.89121 18.644 0.043
1443.83138 18.678 0.085
1447.84365 18.746 0.082
1449.88546 18.623 0.073
1454.85000 18.539 0.067
1459.81699 18.478 0.047
1461.85503 18.682 0.061
1462.84540 18.562 0.055
1471.84145 18.790 0.054
1476.73409 18.746 0.059
1478.81175 18.714 0.052
1481.85020 18.743 0.065
1484.79994 18.859 0.057
1491.81094 18.707 0.057
1496.69899 18.581 0.062
1498.72072 18.538 0.043
1502.71679 18.767 0.066
1505.75156 18.704 0.091
1507.75253 18.655 0.057
1508.65474 18.665 0.050
1509.81899 18.640 0.050
1510.84270 18.638 0.048
1511.67421 18.580 0.051
1514.72236 18.658 0.058
1516.69177 18.584 0.046
1518.66378 18.737 0.055
1520.68938 18.648 0.055
1522.76958 18.597 0.046
1524.82954 18.653 0.050
1526.66719 18.609 0.047
1527.83345 18.757 0.054
1529.73666 18.516 0.042
1543.85290 18.759 0.062
1544.76203 18.543 0.042
1548.79488 18.744 0.057
1549.80747 18.575 0.044
1552.73081 18.609 0.040
1553.80576 18.742 0.055
1554.82101 18.571 0.038
1566.65640 18.675 0.065
1568.67804 18.676 0.055
1571.74275 18.723 0.057
1574.79477 18.674 0.043
1576.64861 18.614 0.057
1578.74895 18.590 0.059
1585.68365 18.486 0.048
1588.65839 18.475 0.055
1591.62211 18.628 0.098
1595.63788 18.786 0.071
1596.75111 18.575 0.063
1599.74305 18.663 0.059
1601.74889 18.533 0.057
1602.73040 18.684 0.057
1606.69707 18.538 0.055
1609.71050 18.695 0.054
1610.72809 18.708 0.081
1611.70542 18.500 0.048
1613.69607 18.460 0.066
1614.69161 18.536 0.057
1615.70606 18.706 0.065
1617.68730 18.671 0.051
1618.68570 18.725 0.077
1621.68259 18.489 0.070
1623.66845 18.748 0.070
1625.67289 18.609 0.057
1626.67390 18.523 0.046
1628.66220 18.787 0.063
1630.68144 18.716 0.051
1633.64474 18.712 0.095
1634.63817 18.576 0.050
1635.65185 18.637 0.058
1644.60196 18.648 0.048
1653.56154 18.578 0.062
1655.59731 18.602 0.065
1657.58647 18.495 0.073
1659.59011 18.668 0.067
1662.57958 18.607 0.058
1671.53941 18.640 0.073
1783.91170 18.678 0.051
1788.88460 18.630 0.052
1809.86587 18.706 0.042
1815.87434 18.595 0.046
1822.75599 18.731 0.057
1830.86424 18.803 0.066
1851.81231 18.637 0.070
1858.74420 18.687 0.077
1861.77195 18.745 0.059
1863.81380 18.712 0.044
1866.76448 18.667 0.046
1868.76889 18.734 0.043
1869.80341 18.623 0.055
1872.78693 18.586 0.050
2187.77182 18.595 0.061
2193.84077 18.654 0.039
2202.84053 18.616 0.042
2215.79335 18.604 0.050
2222.79320 18.573 0.046
2224.84078 18.664 0.052
2227.75171 18.557 0.048
2229.75743 18.682 0.055
2231.72595 18.497 0.044
2233.69416 18.752 0.048
2237.61338 18.558 0.059
2239.67443 18.571 0.051
2241.76606 18.543 0.044
2243.83635 18.582 0.055
2248.69587 18.661 0.043
2250.72733 18.685 0.047
2252.82443 18.689 0.052
2254.74240 18.490 0.034
2257.75991 18.565 0.035
2260.76951 18.585 0.044
2265.70795 18.584 0.039
2266.78790 18.741 0.052
2270.81940 18.654 0.038
2272.67158 18.606 0.050
2274.79791 18.622 0.051
2276.85325 18.738 0.057
2278.81226 18.674 0.055
2280.79197 18.568 0.038
2282.79576 18.596 0.052
2290.68716 18.530 0.039
2293.80664 18.664 0.069
2295.83050 18.590 0.038
2297.81727 18.513 0.046
2299.83372 18.651 0.055
2301.72782 18.598 0.052
2302.80303 18.676 0.066
2303.72580 18.481 0.051
2321.69890 18.560 0.050
2328.57592 18.775 0.066
2334.57401 18.557 0.052
2340.56567 18.609 0.050
2346.50633 18.790 0.059
2360.50124 18.554 0.057
2391.50219 18.546 0.058
2540.87996 18.832 0.083
2548.81699 18.648 0.061
2553.78368 18.822 0.074
2557.84910 18.705 0.059
2561.84712 18.686 0.052
2565.85245 18.777 0.062
2574.80959 18.554 0.044
2578.86613 18.703 0.057
2586.76766 18.697 0.051
2590.84098 18.635 0.048
2596.84798 18.689 0.055
2606.74428 18.617 0.040
2610.64630 18.788 0.059
2614.81524 18.683 0.048
2619.69192 18.625 0.040
2621.81921 18.678 0.044
2624.71632 18.582 0.047
2627.83593 18.653 0.071
2630.60563 18.761 0.065
2632.75650 18.723 0.042
2636.70635 18.576 0.039
2638.75058 18.714 0.052
2641.79899 18.616 0.043
2643.79647 18.739 0.047
2645.79412 18.748 0.051
2649.66987 18.537 0.039
2651.74962 18.577 0.039
2653.74342 18.765 0.059
2655.77789 18.664 0.048
2657.76193 18.649 0.054
2659.82307 18.693 0.066
2661.62322 18.751 0.038
2666.60713 18.705 0.043
2668.83489 18.623 0.066
2673.78087 18.628 0.054
2676.76116 18.759 0.050
2678.80712 18.741 0.044
2680.69930 18.538 0.036
2684.58162 18.632 0.055
2688.55530 18.523 0.047
2692.52976 18.684 0.051
2697.54466 18.695 0.047
2702.54625 18.727 0.069
2708.57309 18.654 0.048
2725.50556 18.673 0.058
2875.87425 18.731 0.059
2884.89631 18.549 0.042
2890.91627 18.690 0.082
2896.87115 18.765 0.063
2902.80219 18.604 0.036
2907.86286 18.624 0.044
2912.80609 18.759 0.039
2917.81436 18.752 0.046
2923.81706 18.631 0.046
2926.86951 18.655 0.043
2931.79824 18.598 0.043
2934.83839 18.689 0.051
2940.81866 18.820 0.046
2943.82345 18.581 0.039
2947.83164 18.689 0.042
2950.74803 18.711 0.048
2954.77398 18.513 0.055
2956.81423 18.595 0.040
2958.85873 18.681 0.058
2963.75014 18.765 0.055
2966.77038 18.691 0.036
2968.73912 18.652 0.043
2971.80110 18.682 0.052
2974.82415 18.534 0.039
2976.68405 18.701 0.044
2979.66796 18.798 0.058
2981.68854 18.589 0.083
2983.82042 18.738 0.061
2985.78748 18.650 0.043
2987.74400 18.536 0.043
2989.68421 18.755 0.040
2991.75807 18.729 0.047
2993.76421 18.635 0.042
2995.83948 18.627 0.043
2997.81063 18.495 0.038
2998.75604 18.663 0.044
3000.76461 18.643 0.046
3002.75616 18.704 0.047
3004.74911 18.735 0.042
3006.74234 18.681 0.042
3008.70190 18.562 0.066
3010.80302 18.548 0.042
3012.80856 18.625 0.075
3016.75298 18.603 0.040
3018.78365 18.600 0.043
3020.84726 18.503 0.046
3021.87220 18.658 0.058
3023.73352 18.606 0.040
3025.73671 18.740 0.038
3027.75526 18.707 0.046
3029.73969 18.639 0.043
3031.81169 18.594 0.047
3034.63678 18.600 0.032
3036.66699 18.598 0.040
3039.60902 18.588 0.046
3041.69187 18.549 0.057
3042.71691 18.529 0.054
3044.65597 18.505 0.046
3046.64211 18.718 0.054
3048.67526 18.704 0.040
3050.67206 18.713 0.040
3052.66852 18.582 0.035
3054.67406 18.549 0.046
3056.66185 18.797 0.046
3058.65511 18.688 0.043
3060.70455 18.681 0.043
3066.59232 18.720 0.062
3068.62050 18.732 0.059
3071.51883 18.730 0.054
3074.51844 18.716 0.061
3076.63753 18.772 0.070
3079.63489 18.838 0.047
3082.70253 18.653 0.038
3085.60574 18.571 0.039
3088.56195 18.594 0.052
3091.56628 18.601 0.048
3096.61276 18.644 0.074
3100.52443 18.798 0.081
3103.53208 18.664 0.052
3106.56447 18.570 0.036
3109.54901 18.638 0.043
3113.56653 18.650 0.065
3127.52447 18.633 0.042
3133.54014 18.763 0.061
3230.91488 18.559 0.044
3242.88923 18.713 0.055
3249.85622 18.677 0.055
3260.84816 18.712 0.048
3264.89017 18.597 0.031
3271.83859 18.628 0.058
3274.84189 18.683 0.055
3279.79554 18.521 0.044
3282.86113 18.525 0.035
3291.78407 18.727 0.050
3295.80453 18.606 0.034
3297.79599 18.509 0.027
3299.86390 18.689 0.025
3301.87538 18.650 0.061
3305.76628 18.547 0.043
3309.82757 18.770 0.043
3315.86057 18.658 0.044
3321.72767 18.623 0.047
3324.83559 18.645 0.051
3333.82538 18.551 0.057
3336.66739 18.573 0.044
3339.84926 18.574 0.051
3353.75080 18.836 0.044
3357.77845 18.668 0.043
3360.75631 18.681 0.038
3363.83087 18.733 0.048
3370.78815 18.644 0.052
3376.74022 18.762 0.051
3378.76539 18.812 0.052
3394.64891 18.749 0.052
3396.67527 18.688 0.050
3399.80248 18.858 0.085
3402.71250 18.724 0.039
3404.64407 18.698 0.046
3409.56098 18.680 0.047
3418.55610 18.682 0.050
3426.54759 18.630 0.044
3432.53343 18.634 0.039
3439.50953 18.587 0.050
3447.53499 18.481 0.050
3457.51194 18.562 0.051
3603.86589 18.745 0.054
3620.90222 18.486 0.031
3630.81330 18.408 0.052
3637.75397 18.821 0.074
3640.80991 18.747 0.043
3651.84243 18.574 0.042
3654.88857 18.769 0.059
3658.85458 18.640 0.052
3660.85195 18.654 0.058
3664.86152 18.559 0.034
3668.84541 18.673 0.050
3672.83407 18.532 0.039
3676.72084 18.908 0.052
3685.79072 18.687 0.039
3688.72486 18.693 0.040
3690.79960 18.616 0.048
3693.70130 18.691 0.047
3695.86622 18.514 0.065
3699.75669 18.746 0.040
3701.80982 18.649 0.043
3703.80850 18.686 0.039
3706.68409 18.645 0.034
3711.71931 18.719 0.043
3713.80719 18.666 0.044
3715.78370 18.589 0.036
3718.75260 18.621 0.046
3722.64747 18.810 0.048
3726.72967 18.576 0.048
3728.79200 18.526 0.032
3730.76174 18.742 0.039
3732.83724 18.720 0.042
3734.83011 18.709 0.038
3735.67846 18.769 0.035
3737.83701 18.749 0.035
3739.85568 18.654 0.038
3741.59395 18.613 0.042
3746.80828 18.556 0.046
3748.78702 18.605 0.062
3750.80180 18.902 0.061
3753.67487 18.757 0.054
3755.75646 18.829 0.059
3757.77590 18.738 0.040
3760.75557 18.740 0.048
3763.70849 18.698 0.028
3766.72527 18.689 0.051
3770.75274 18.627 0.052
3774.62608 18.651 0.044
3777.58463 18.559 0.042
3779.70893 18.611 0.054
3781.74898 18.729 0.055
3786.60134 18.812 0.050
3793.55100 18.535 0.040
3801.54096 18.595 0.038
3811.53352 18.578 0.051
3828.49739 18.737 0.052
3958.92281 18.538 0.054
3965.87621 18.762 0.039
3970.89637 18.713 0.043
3982.84694 18.642 0.043
3993.80006 18.683 0.059
4002.86048 18.488 0.032
4004.87877 18.584 0.035
4006.78828 18.712 0.039
4008.80933 18.632 0.035
4013.82092 18.593 0.052
4019.82368 18.690 0.044
4024.81520 18.726 0.046
4026.88422 18.587 0.063
4029.83025 18.736 0.047
4032.86499 18.728 0.052
4039.69717 18.689 0.047
4041.77091 18.577 0.042
4043.77601 18.461 0.051
4049.73919 18.615 0.035
4052.80070 18.664 0.038
4054.78748 18.640 0.043
4056.84599 18.692 0.039
4059.74064 18.569 0.038
4064.85439 18.600 0.035
4066.81083 18.449 0.034
4068.84567 18.689 0.038
4070.76809 18.614 0.046
4074.80690 18.686 0.051
4077.85568 18.686 0.055
4080.73541 18.766 0.058
4083.72210 18.673 0.057
4085.78568 18.629 0.058
4095.64703 18.526 0.035
4103.77746 18.647 0.052
4112.78254 18.705 0.044
4121.77709 18.638 0.051
4126.75655 18.599 0.050
4129.79015 18.776 0.040
4143.56699 18.784 0.047
4157.56500 18.568 0.054
4169.52196 18.769 0.054
4199.49137 18.681 0.059
4343.88385 18.659 0.048
4348.85657 18.517 0.039
4353.88413 18.617 0.046
4358.83633 18.675 0.069
4363.85314 18.705 0.067
4367.84131 18.700 0.048
4371.79085 18.615 0.047
4378.73026 18.725 0.051
4381.76587 18.740 0.062
4386.88343 18.633 0.058
4390.84542 18.728 0.042
4399.87086 18.595 0.054
4408.72476 18.672 0.054
4412.80824 18.570 0.054
4427.75975 18.848 0.061
4430.76310 18.576 0.057
4433.78054 18.553 0.044
4437.70716 18.761 0.069
4440.72678 18.766 0.051
4443.84437 18.567 0.061
4449.78614 18.682 0.062
4451.82176 18.548 0.048
4455.79144 18.658 0.054
4458.77011 18.650 0.047
4462.76415 18.606 0.038
4464.80970 18.555 0.046
4467.78080 18.688 0.050
4472.69673 18.598 0.038
4476.78375 18.683 0.040
4480.73419 18.663 0.036
4484.81362 18.500 0.036
4488.73448 18.672 0.062
4492.75376 18.555 0.046
4497.75794 18.526 0.039
4500.63100 18.491 0.034
4502.74081 18.592 0.058
4507.74483 18.610 0.059
4509.69553 18.642 0.054
4512.74402 18.527 0.039
4518.69284 18.462 0.066
4521.73032 18.538 0.057
4524.62990 18.663 0.050
4530.65599 18.727 0.055
4533.62166 18.651 0.042
4534.62451 18.681 0.055
4538.63914 18.586 0.058
4542.54716 18.619 0.063
