 551.89407 16.473 0.008
 552.78211 16.081 0.006
 557.73624 16.605 0.010
 558.78119 16.526 0.009
 559.78786 16.363 0.010
 561.72682 16.598 0.009
 562.74980 16.482 0.008
 563.84196 16.435 0.008
 566.70094 16.412 0.010
 567.74937 16.328 0.007
 568.74794 16.144 0.007
 569.71663 16.556 0.009
 570.71145 16.414 0.008
 571.92445 16.448 0.009
 572.77585 16.190 0.008
 573.81154 16.153 0.007
 574.70866 16.424 0.008
 575.73119 16.311 0.008
 576.71296 16.093 0.006
 577.81553 16.145 0.007
 578.66324 16.394 0.008
 581.85532 16.012 0.007
 581.92760 16.114 0.007
 582.86574 16.589 0.010
 583.88915 16.499 0.009
 588.80965 16.202 0.008
 590.90304 16.644 0.017
 600.63013 16.473 0.009
 601.64823 16.459 0.009
 601.91108 16.158 0.007
 605.85470 16.073 0.008
 606.82782 16.548 0.008
 607.82439 16.414 0.008
 608.81609 16.234 0.007
 614.88868 16.615 0.009
 615.84559 16.469 0.009
 616.84791 16.309 0.009
 622.82468 16.590 0.010
 623.85932 16.429 0.009
 624.78340 16.226 0.007
 625.72257 16.615 0.010
 626.76834 16.487 0.010
 627.76767 16.363 0.010
 628.78134 16.193 0.007
 629.79455 16.195 0.009
 632.66586 16.083 0.007
 633.79145 16.206 0.007
 635.85212 16.457 0.010
 643.68370 16.291 0.008
 645.80014 15.974 0.008
 652.72850 16.188 0.007
 655.61533 16.198 0.007
 656.69952 16.117 0.006
 657.78476 16.151 0.008
 664.68779 15.975 0.007
 665.77064 16.372 0.008
 666.53104 16.248 0.007
 667.77984 16.415 0.009
 669.53234 16.479 0.008
 670.69830 16.492 0.009
 671.75085 16.336 0.008
 684.68917 16.141 0.006
 686.51766 16.281 0.008
 688.69368 16.094 0.007
 697.64140 16.574 0.010
 700.64763 15.961 0.007
 707.57434 16.165 0.008
 712.63541 15.945 0.010
 716.60165 16.242 0.008
 727.61027 16.242 0.010
 746.52833 16.310 0.009
 881.87894 16.282 0.007
 885.88992 16.266 0.007
 897.79773 16.200 0.007
 900.88521 16.441 0.007
 911.88686 16.611 0.010
 918.77830 16.511 0.010
 925.76788 16.153 0.006
 928.82378 16.379 0.008
 931.91774 16.498 0.010
 933.91760 16.370 0.009
 936.89961 16.507 0.008
 937.76242 16.098 0.006
 939.84899 16.607 0.010
 941.82182 16.233 0.007
 944.85716 16.476 0.011
 951.70692 16.465 0.008
 952.88319 16.427 0.007
 962.84907 16.012 0.007
 963.82501 16.575 0.009
 965.84968 16.281 0.008
 966.81080 15.996 0.006
 968.78454 16.387 0.009
 970.81514 15.926 0.007
 971.92007 16.290 0.009
 986.71745 16.558 0.010
 989.69872 16.055 0.007
 990.84849 16.057 0.006
 991.81567 16.581 0.010
 992.82517 16.459 0.010
 995.69314 16.469 0.010
 995.70448 16.493 0.010
 996.64601 16.202 0.008
 998.63346 16.551 0.010
1005.76242 16.206 0.010
1007.68322 16.435 0.009
1011.70111 16.461 0.008
1020.57983 16.115 0.007
1026.53177 16.463 0.010
1035.62276 16.396 0.009
1036.70386 16.353 0.008
1041.64643 16.030 0.006
1044.55605 16.065 0.007
1047.62640 16.402 0.009
1051.68508 16.505 0.010
1061.59748 16.094 0.007
1067.55856 16.339 0.007
1075.54980 16.338 0.009
1078.64966 16.577 0.010
1081.54653 16.614 0.010
1088.55308 16.191 0.009
1091.55371 16.369 0.009
1094.59468 16.513 0.010
1103.57296 16.381 0.009
1109.50955 16.616 0.014
1116.51965 16.126 0.008
1120.52341 16.130 0.010
1121.51172 16.571 0.014
1122.52401 16.459 0.014
1124.51297 16.100 0.010
1125.52035 16.591 0.012
1126.52213 16.500 0.014
1127.52138 16.336 0.012
1128.50572 16.094 0.013
1219.87895 16.014 0.008
1227.84673 16.035 0.008
1234.85892 16.285 0.010
1241.82593 16.436 0.011
1245.88892 16.489 0.010
1252.87248 16.623 0.010
1254.81046 16.246 0.008
1257.81235 16.382 0.009
1260.81288 16.528 0.010
1264.81851 16.544 0.010
1267.88607 16.048 0.008
1272.83076 16.573 0.010
1278.89067 16.369 0.008
1289.71858 16.334 0.006
1294.77462 16.131 0.008
1296.75062 16.551 0.010
1298.80744 16.231 0.009
1305.87429 16.455 0.010
1306.82751 16.293 0.008
1307.85621 16.154 0.008
1311.92617 16.245 0.010
1312.93114 16.119 0.008
1313.77804 16.396 0.008
1315.73310 16.511 0.010
1316.92689 16.141 0.008
1317.86435 16.485 0.010
1318.91720 16.399 0.009
1319.85978 16.087 0.008
1320.71282 16.499 0.009
1321.76098 16.396 0.008
1327.69897 16.645 0.013
1332.77776 16.514 0.010
1335.76676 16.212 0.007
1336.74235 16.445 0.010
1339.69051 16.612 0.010
1340.86033 16.621 0.012
1342.69638 16.080 0.006
1347.69378 16.623 0.009
1348.81772 16.600 0.010
1350.73210 16.139 0.007
1353.87360 16.506 0.014
1354.72440 16.157 0.008
1355.81231 16.040 0.009
1364.71950 16.450 0.011
1365.76932 16.401 0.009
1366.76323 16.240 0.008
1367.63564 16.521 0.010
1368.71921 16.493 0.009
1369.66230 16.303 0.008
1370.70965 16.088 0.007
1373.63355 16.230 0.009
1375.58185 16.530 0.010
1395.66712 16.577 0.010
1397.76699 16.405 0.010
1399.72295 16.416 0.010
1400.76488 16.548 0.011
1402.69869 16.083 0.007
1403.74283 16.244 0.010
1407.70873 16.613 0.010
1410.62278 15.923 0.009
1415.70487 16.540 0.014
1417.50189 16.081 0.009
1430.59353 16.116 0.008
1432.59946 16.421 0.010
1435.62423 16.580 0.011
1441.61037 16.251 0.012
1443.62890 16.601 0.013
1444.60885 16.413 0.014
1448.57290 16.379 0.009
1451.55832 16.508 0.010
1454.59943 16.071 0.009
1460.55988 16.384 0.010
1470.53129 16.478 0.013
1481.52905 16.114 0.009
1580.87036 16.126 0.007
1584.87501 16.130 0.008
1586.85602 16.424 0.009
1590.87131 16.432 0.012
1600.87251 16.023 0.007
1603.88594 16.316 0.010
1608.84828 16.114 0.009
1611.81567 16.296 0.009
1616.81329 16.115 0.008
1618.87310 16.451 0.010
1622.81869 16.430 0.009
1624.86114 16.027 0.007
1626.80300 16.399 0.010
1628.80867 15.930 0.008
1630.85292 16.459 0.010
1633.76878 16.466 0.009
1643.84197 16.315 0.009
1644.87112 16.116 0.007
1645.90262 16.350 0.009
1646.76617 16.389 0.010
1652.76832 16.183 0.007
1654.74534 16.371 0.008
1660.88768 16.198 0.008
1662.69406 16.327 0.008
1664.80314 16.022 0.006
1665.81628 16.601 0.009
1666.91101 16.499 0.008
1667.83261 16.297 0.008
1669.75514 16.481 0.010
1670.82379 16.424 0.009
1671.70814 16.069 0.006
1672.79923 16.034 0.006
1675.72818 16.084 0.007
1676.74253 16.516 0.009
1682.79663 16.464 0.011
1687.69259 16.149 0.008
1689.74904 16.472 0.010
1692.80848 16.095 0.006
1695.66906 16.107 0.006
1698.80291 16.443 0.008
1700.63674 16.540 0.010
1702.85843 16.514 0.010
1703.58127 16.572 0.010
1703.69560 16.040 0.007
1703.88342 16.404 0.010
1704.58468 16.542 0.010
1704.84688 16.040 0.006
1705.60525 16.397 0.010
1705.84855 16.648 0.011
1706.76396 16.419 0.009
1706.80985 16.480 0.008
1716.76099 16.050 0.008
1718.83891 16.431 0.012
1721.84662 16.466 0.011
1725.84808 16.455 0.014
1726.66510 16.324 0.009
1728.70895 16.446 0.008
1729.72124 16.524 0.008
1730.68655 16.334 0.008
1731.67945 16.068 0.007
1732.66175 16.589 0.010
1738.63894 16.245 0.014
1742.64585 16.281 0.008
1744.68358 16.626 0.010
1745.62148 16.414 0.008
1748.72182 16.336 0.010
1749.73708 16.495 0.008
1750.80974 16.466 0.011
1751.71483 16.178 0.007
1752.68813 16.577 0.010
1754.57159 16.165 0.008
1755.52224 16.599 0.010
1756.72144 16.255 0.009
1757.56021 16.376 0.009
1758.75383 16.423 0.010
1759.69934 16.137 0.007
1760.56615 16.545 0.009
1761.53870 16.342 0.008
1762.53589 16.107 0.007
1763.60577 15.957 0.006
1764.64067 16.620 0.009
1765.71276 16.530 0.010
1766.53200 16.131 0.014
1770.67033 16.328 0.012
1771.53635 16.557 0.012
1772.54682 16.452 0.009
1773.56154 16.381 0.009
1775.56270 16.341 0.008
1776.55752 16.465 0.008
1777.56985 16.386 0.009
1783.57057 16.317 0.008
1784.56229 16.535 0.009
1785.55681 16.363 0.010
1786.54927 16.111 0.006
1787.50393 16.631 0.011
1789.55319 16.373 0.009
1790.53927 16.128 0.007
1804.60045 16.550 0.010
1810.52109 16.099 0.007
1812.54514 16.528 0.010
1814.58274 16.223 0.008
1817.52324 16.314 0.008
1825.54934 16.371 0.008
1828.56553 16.490 0.010
2128.69818 16.237 0.009
2131.61604 16.308 0.009
2135.58611 16.262 0.008
2140.56664 16.188 0.009
2143.67350 16.306 0.009
2162.64274 16.442 0.010
2170.54926 16.390 0.010
2173.62285 16.619 0.010
2183.56687 16.250 0.011
2185.50087 16.438 0.011
2200.52531 16.306 0.010
2328.83838 16.459 0.010
2344.89177 16.456 0.010
2351.85376 16.542 0.010
2360.86327 16.534 0.010
2371.83708 16.669 0.011
2381.84437 16.350 0.009
2385.86482 16.380 0.010
2389.86816 16.400 0.010
2391.76180 16.582 0.015
2400.75086 16.422 0.010
2400.77835 16.445 0.010
2402.86340 16.209 0.009
2404.91398 16.607 0.010
2406.90075 16.245 0.009
2414.82797 16.016 0.008
2416.72386 16.389 0.010
2424.77967 16.467 0.010
2426.72585 16.029 0.008
2428.80979 16.463 0.010
2431.74162 16.537 0.010
2433.71517 16.236 0.009
2435.66806 16.443 0.010
2437.72360 16.195 0.010
2439.66347 16.473 0.010
2441.64019 16.004 0.007
2444.64002 16.277 0.010
2446.74007 15.959 0.008
2452.64918 16.286 0.012
2458.78524 16.100 0.009
2462.64516 16.571 0.010
2464.60349 16.278 0.009
2467.49637 16.329 0.010
2469.50603 16.591 0.010
2471.74165 16.578 0.010
2473.49429 16.630 0.014
2483.57445 16.386 0.010
2486.54287 16.462 0.011
2490.52554 16.478 0.011
2492.76437 16.430 0.013
2495.55617 16.404 0.010
2497.61419 16.026 0.007
2499.66035 16.544 0.010
2501.67850 16.153 0.008
2508.49708 16.149 0.009
2511.67402 16.472 0.012
2518.59055 16.572 0.011
2521.60414 15.993 0.007
2535.53368 16.397 0.011
2541.50904 16.289 0.009
2546.55107 16.522 0.011
2555.55866 16.431 0.012
2562.51171 16.516 0.012
2572.53152 16.225 0.012
2712.91895 16.012 0.014
2727.87779 16.259 0.009
2732.89570 16.031 0.009
2743.88305 16.183 0.009
2752.79649 16.657 0.012
2755.90584 16.277 0.009
2759.89748 16.283 0.008
2765.92428 16.572 0.010
2770.65337 16.061 0.010
2782.89418 16.435 0.012
2784.83624 16.464 0.010
2786.72607 16.244 0.010
2789.59742 16.268 0.010
2791.55608 16.466 0.011
2794.71662 16.193 0.010
2796.65859 16.506 0.009
2802.71014 16.218 0.010
2808.75498 16.656 0.013
2810.68186 16.184 0.009
2812.65471 16.455 0.010
2813.74307 16.430 0.010
2815.67927 16.382 0.010
2816.81441 16.507 0.012
2817.82373 16.478 0.010
2819.61774 16.631 0.011
2821.58796 16.251 0.010
2830.62714 16.006 0.011
2835.55498 16.540 0.017
2836.78627 16.579 0.013
2838.67957 16.241 0.010
2840.65525 16.478 0.010
2842.67044 16.184 0.007
2844.71847 16.572 0.010
2849.61158 16.321 0.010
2851.64787 16.578 0.011
2853.65741 16.378 0.009
2856.53281 16.401 0.010
2858.51004 16.628 0.012
2859.53098 16.573 0.014
2860.66346 16.575 0.014
2863.65718 16.478 0.012
2867.61670 16.607 0.010
2870.69483 16.259 0.010
2876.67017 16.546 0.010
2878.69084 16.238 0.009
2882.56828 15.997 0.008
2893.67812 16.403 0.010
2896.54851 16.405 0.010
2907.50480 16.517 0.013
2925.54244 16.274 0.010
2935.55623 16.526 0.014
3049.85542 16.582 0.011
3057.88317 16.025 0.007
3061.85786 16.210 0.010
3067.79449 16.321 0.010
3069.86795 16.285 0.009
3072.82929 16.072 0.008
3074.86389 16.583 0.010
3080.89975 16.231 0.008
3083.84793 16.361 0.009
3085.80254 16.647 0.011
3087.75439 16.273 0.011
3089.74172 16.553 0.010
3090.89983 16.571 0.010
3093.90905 16.092 0.009
3098.73929 16.429 0.010
3099.74245 16.246 0.010
3101.74028 16.588 0.015
3103.74425 16.256 0.010
3104.91438 16.324 0.020
3107.74076 16.246 0.009
3108.88937 16.256 0.009
3109.71423 16.550 0.010
3110.72911 16.416 0.010
3111.78577 16.317 0.009
3112.72475 16.004 0.008
3113.76803 16.645 0.010
3114.70753 16.383 0.010
3115.76679 16.308 0.009
3118.81973 16.465 0.011
3122.77668 16.462 0.011
3125.75423 16.610 0.014
3126.76050 16.474 0.010
3127.69398 16.141 0.008
3128.71327 16.065 0.008
3129.69175 16.584 0.012
3130.86791 16.590 0.013
3131.85444 16.437 0.011
3134.66482 16.368 0.012
3137.70219 16.534 0.011
3138.86983 16.609 0.010
3139.73243 16.299 0.008
3140.76655 16.108 0.007
3141.85561 15.995 0.007
3142.92982 16.633 0.011
3144.68753 16.165 0.008
3146.64910 16.339 0.010
3152.65252 16.656 0.010
3153.65490 16.535 0.010
3154.73614 16.461 0.011
3156.64493 16.686 0.011
3158.68286 16.402 0.014
3162.69991 16.415 0.009
3163.66605 16.165 0.008
3164.61790 16.649 0.010
3166.69182 16.401 0.011
3167.84483 16.414 0.010
3168.64802 16.479 0.010
3169.61856 16.480 0.009
3169.90959 16.162 0.010
3170.85184 16.569 0.010
3171.64598 16.197 0.008
3172.62452 16.556 0.010
3174.61073 16.340 0.008
3175.60931 16.139 0.007
3176.63967 16.516 0.010
3178.67156 16.396 0.010
3179.70183 16.218 0.009
3180.59112 16.583 0.009
3182.65169 16.368 0.009
3183.61556 16.019 0.007
3184.58625 16.604 0.010
3184.86872 16.243 0.010
3185.69661 16.602 0.010
3192.72873 15.968 0.008
3193.75722 16.656 0.010
3194.68652 16.406 0.010
3195.56550 15.975 0.007
3196.64328 16.546 0.010
3196.81215 16.219 0.009
3197.63652 16.452 0.010
3199.59147 16.062 0.008
3202.63918 16.371 0.010
3203.76028 16.346 0.009
3205.57613 16.434 0.008
3206.55798 16.255 0.008
3207.56105 16.066 0.008
3210.78860 16.545 0.010
3211.54869 16.007 0.007
3212.54453 16.592 0.014
3217.55278 16.438 0.014
3218.55187 16.259 0.010
3223.54550 15.961 0.009
3224.55712 16.617 0.010
3226.51201 16.232 0.009
3229.52068 16.393 0.009
3230.56107 16.286 0.009
3239.66945 16.197 0.009
3241.55690 16.486 0.016
3244.65522 15.998 0.009
3246.58240 16.324 0.010
3248.56591 16.630 0.012
3250.55104 16.301 0.009
3253.49205 16.390 0.009
3255.66235 16.191 0.010
3258.58681 16.310 0.010
3262.53348 16.243 0.009
3266.54101 16.221 0.010
3268.60912 16.671 0.011
3272.51647 16.582 0.010
3274.50226 16.211 0.010
3278.52021 16.267 0.009
3280.57847 16.583 0.011
3287.50994 16.104 0.008
3292.49395 16.556 0.011
3431.90737 16.616 0.012
3438.90501 16.028 0.006
3444.84180 16.371 0.008
3446.87038 16.036 0.007
3448.90116 16.459 0.009
3452.78519 16.320 0.009
3468.80055 16.386 0.008
3470.77019 16.622 0.009
3473.79874 16.193 0.008
3475.72049 16.434 0.009
3477.80597 16.164 0.008
3479.86833 16.564 0.008
3481.68276 16.386 0.009
3483.75763 16.503 0.009
3496.86756 16.405 0.010
3497.67450 16.272 0.010
3499.88185 16.625 0.008
3500.82678 16.402 0.008
3501.71022 16.060 0.007
3502.86529 16.070 0.007
3503.78276 16.461 0.008
3504.75116 16.319 0.008
3508.66925 16.156 0.010
3509.65653 16.379 0.009
3511.66562 16.400 0.010
3512.73322 16.271 0.009
3520.60800 16.056 0.007
3521.77340 16.125 0.007
3522.62677 16.469 0.008
3523.66133 16.374 0.009
3524.64525 16.157 0.007
3525.82397 16.225 0.007
3526.83099 16.017 0.006
3527.84209 16.579 0.010
3528.80616 16.388 0.009
3529.89343 16.338 0.008
3530.74994 16.647 0.009
3538.76635 16.598 0.009
3541.83890 16.241 0.008
3550.73859 16.649 0.008
3551.68437 16.429 0.007
3552.78968 16.362 0.010
3553.64281 16.251 0.010
3554.60503 16.433 0.009
3554.61940 16.452 0.010
3556.60681 16.139 0.007
3558.66997 16.522 0.008
3559.74990 16.479 0.009
3560.77224 16.371 0.008
3561.68208 16.057 0.006
3562.48515 16.367 0.008
3563.53899 16.233 0.007
3564.68086 16.217 0.007
3569.78224 16.126 0.009
3573.53706 16.615 0.013
3574.59163 16.498 0.010
3575.58042 16.318 0.008
3576.63470 16.201 0.007
3577.61066 16.504 0.009
3578.56417 16.493 0.008
3579.54788 16.306 0.007
3580.53459 16.024 0.006
3581.57481 16.592 0.010
3582.52332 16.433 0.009
3583.56275 16.309 0.008
3584.54899 16.098 0.006
3585.53959 16.562 0.009
3586.60469 16.479 0.009
3587.67237 16.401 0.010
3589.57818 16.586 0.008
3590.53581 16.428 0.008
3591.58370 16.321 0.007
3593.50091 16.580 0.009
3594.60778 16.563 0.009
3601.51433 16.573 0.010
3602.52913 16.455 0.010
3603.51997 16.216 0.009
3607.53582 16.271 0.007
3608.52764 15.998 0.007
3617.53127 16.569 0.010
3620.60682 16.123 0.007
3629.59074 16.601 0.012
3632.51199 15.918 0.007
3634.57172 16.457 0.009
3640.59902 16.147 0.008
3643.48743 16.199 0.008
3651.51810 16.267 0.009
3653.54610 16.644 0.014
3774.85891 16.258 0.009
3780.83861 16.518 0.012
4151.85246 16.251 0.010
4154.86206 16.438 0.010
4157.83237 16.531 0.010
4159.84869 16.271 0.010
4161.90227 16.647 0.013
4164.83817 16.037 0.008
4166.85067 16.446 0.012
4168.88560 16.048 0.009
4170.90460 16.531 0.011
4175.91488 16.350 0.012
4177.81249 16.539 0.010
4178.86574 16.480 0.010
4179.90555 16.368 0.010
4181.84233 16.596 0.010
4182.89068 16.440 0.009
4183.92296 16.363 0.012
4184.78205 16.377 0.010
4185.90062 16.628 0.011
4190.78727 16.369 0.010
4191.88811 16.326 0.011
4192.80552 16.227 0.010
4193.82395 16.561 0.012
4194.84547 16.448 0.010
4196.83403 15.939 0.008
4202.81549 16.437 0.010
4203.80358 16.216 0.009
4204.79572 16.111 0.008
4205.79403 16.528 0.010
4207.79042 16.229 0.009
4208.78744 16.098 0.008
4213.79465 16.512 0.010
4215.80118 16.250 0.010
4216.75888 16.446 0.010
4217.76647 16.498 0.010
4218.81846 16.430 0.012
4219.84425 16.289 0.010
4220.78261 16.297 0.009
4222.75107 16.358 0.010
4224.85108 15.954 0.013
4228.74595 16.677 0.012
4229.73032 16.524 0.011
4230.72018 16.295 0.010
4231.70246 15.953 0.007
4232.71467 16.643 0.013
4233.90133 16.574 0.011
4234.87876 16.486 0.011
4235.67623 15.934 0.008
4238.74578 16.359 0.010
4239.69641 16.084 0.009
4240.74930 16.471 0.010
4243.60522 16.445 0.013
4244.67380 16.542 0.011
4245.66713 16.417 0.010
4246.72590 16.352 0.010
4247.76228 16.170 0.009
4250.81312 16.432 0.011
4256.58268 16.509 0.014
4258.59938 16.131 0.010
4267.55848 16.672 0.013
4268.79464 15.998 0.008
4269.54151 16.288 0.010
4272.56495 16.467 0.010
4273.76351 16.512 0.010
4274.62688 16.177 0.010
4275.65577 16.020 0.009
4276.74818 16.349 0.012
4277.67158 16.454 0.010
4278.62898 16.180 0.010
4283.56661 16.669 0.014
4284.55845 16.519 0.011
4285.56182 16.352 0.010
4286.56138 16.122 0.009
4289.59604 16.393 0.011
4290.61867 16.241 0.010
4291.67903 16.100 0.009
4292.54378 16.459 0.010
4293.55006 16.348 0.009
4294.54307 16.112 0.008
4295.56119 16.600 0.012
4296.54755 16.447 0.010
4297.68059 16.454 0.010
4298.51032 16.031 0.008
4299.49677 16.552 0.010
4300.59977 16.528 0.010
4301.77005 16.542 0.010
4302.72631 16.374 0.010
4303.73460 16.105 0.010
4304.50653 16.467 0.014
4310.67271 16.290 0.013
4312.58138 16.539 0.011
4315.58879 16.269 0.010
4316.67158 16.617 0.012
4317.59549 16.405 0.010
4319.57221 16.369 0.010
4320.65906 16.606 0.011
4326.59022 16.198 0.009
4327.54872 16.524 0.013
4328.55458 16.487 0.010
4329.49101 16.256 0.010
4330.56048 16.114 0.009
4331.55621 16.551 0.011
4332.57016 16.546 0.010
4333.49117 16.238 0.011
4338.55793 16.082 0.009
4339.55406 16.675 0.011
4340.49262 16.468 0.014
4341.55852 16.344 0.011
4342.59459 16.196 0.009
4343.57408 16.497 0.010
4344.61541 16.552 0.011
4345.57030 16.361 0.010
4346.57591 16.204 0.010
4347.58976 16.171 0.009
4349.55851 16.365 0.009
4350.61630 16.264 0.009
4351.56382 16.434 0.010
4353.58032 16.397 0.010
4354.59967 16.217 0.010
4355.61597 16.073 0.009
4356.56458 16.522 0.011
4358.58381 16.140 0.011
4361.61000 16.424 0.013
4367.57489 16.199 0.010
4371.57382 16.186 0.010
4377.53877 16.360 0.010
4380.61823 16.579 0.012
4393.58701 16.464 0.011
4505.87500 16.063 0.008
4508.86709 16.337 0.008
4512.85312 16.332 0.007
4514.87144 16.621 0.010
4518.85574 16.609 0.013
4521.89710 16.071 0.009
4523.82842 16.435 0.013
4525.82051 16.003 0.010
4531.89590 16.528 0.010
4534.79692 16.540 0.012
4536.87680 16.327 0.009
4538.79773 16.536 0.011
4539.91122 16.471 0.011
4540.78197 16.257 0.009
4541.87897 16.184 0.008
4542.84241 16.580 0.010
4545.91455 16.210 0.010
4546.84043 16.556 0.011
4547.85985 16.456 0.010
4550.92139 16.241 0.012
4551.84155 16.459 0.010
4556.81415 16.219 0.008
4557.83718 15.937 0.007
4558.80579 16.592 0.010
4559.80444 16.456 0.010
4560.80482 16.223 0.008
4561.79369 16.007 0.007
4564.79787 16.241 0.008
4565.78246 16.115 0.007
4566.78332 16.532 0.010
4567.78221 16.387 0.009
4568.81184 16.268 0.008
4569.80148 16.007 0.007
4570.79515 16.546 0.010
4571.78264 16.410 0.010
4572.80575 16.250 0.010
4573.79340 16.049 0.007
4574.79570 16.559 0.010
4575.80456 16.420 0.010
4577.89355 16.148 0.010
4578.84715 16.619 0.013
4583.80260 16.433 0.012
4585.71567 16.662 0.013
4586.92404 15.927 0.009
4588.65236 15.930 0.008
4589.81207 15.990 0.007
4590.65569 16.426 0.010
4591.80809 16.434 0.009
4592.71977 16.149 0.008
4593.70883 16.645 0.010
4594.73006 16.455 0.010
4595.72239 16.360 0.009
4596.71436 16.121 0.008
4597.73910 16.479 0.010
4598.71509 16.467 0.009
4599.68763 16.317 0.009
4600.69999 16.079 0.007
4601.70265 16.664 0.010
4602.69504 16.476 0.010
4603.91806 16.546 0.011
4606.70299 16.508 0.010
4610.80636 16.637 0.014
4611.68197 16.311 0.010
4611.87284 16.547 0.011
4612.70640 16.086 0.008
4615.84892 16.517 0.011
4616.66486 16.038 0.008
4617.77018 15.955 0.008
4618.70577 16.502 0.010
4622.58719 16.398 0.010
4622.86454 16.318 0.011
4623.72619 16.398 0.010
4624.66543 16.112 0.008
4625.65053 16.605 0.013
4626.69403 16.452 0.011
4627.62188 16.232 0.009
4628.62391 16.095 0.008
4629.68862 16.611 0.010
4630.62494 16.423 0.010
4631.64713 16.252 0.008
4632.63392 16.029 0.007
4633.62749 16.571 0.010
4638.81142 16.657 0.012
4639.63250 16.220 0.010
4640.64938 15.885 0.007
4641.73191 16.438 0.010
4642.64793 16.478 0.010
4643.61409 16.217 0.009
4644.67547 16.065 0.008
4645.58793 16.508 0.010
4646.58445 16.392 0.009
4647.57805 16.223 0.009
4648.58247 16.264 0.009
4649.58461 16.498 0.010
4650.61731 16.433 0.010
4651.58875 16.227 0.009
4652.56156 16.444 0.010
4653.55551 16.462 0.010
4654.59472 16.404 0.010
4655.55535 16.181 0.010
4656.55734 16.441 0.010
4658.71606 16.517 0.011
4660.66882 16.082 0.008
4661.54542 16.516 0.010
4665.71323 16.443 0.011
4666.61852 16.445 0.010
4670.68337 16.484 0.013
4671.73060 16.377 0.010
4672.56440 16.534 0.010
4674.57027 16.362 0.010
4677.54690 16.452 0.010
4681.49296 16.429 0.010
4682.53663 16.359 0.010
4683.57513 16.192 0.009
4684.59436 16.082 0.008
4685.55879 16.522 0.010
4686.55982 16.390 0.010
4687.55980 16.153 0.008
4688.55303 16.373 0.010
4694.50296 16.324 0.012
4697.55659 16.534 0.010
4698.58271 16.447 0.010
4700.57803 15.985 0.008
4701.56095 16.500 0.011
4702.57585 16.392 0.010
4703.64324 16.320 0.010
4705.62719 16.625 0.014
4707.67248 16.356 0.010
4709.57116 16.490 0.012
4710.61173 16.417 0.010
4716.64401 16.004 0.010
4721.56197 16.580 0.015
4724.56878 15.992 0.009
4725.59638 16.603 0.014
4730.63808 16.488 0.010
4739.54585 16.178 0.010
4743.60510 16.255 0.011
4748.54868 16.352 0.012
4754.52408 16.363 0.011
4759.55465 16.259 0.010
4874.88266 16.159 0.009
4878.84272 16.078 0.008
4885.84407 16.300 0.009
4887.88214 16.561 0.010
4891.83864 16.664 0.012
4897.87021 16.346 0.009
4900.83459 16.442 0.010
4902.81164 16.021 0.007
4904.83993 16.481 0.010
4906.86238 16.079 0.008
4910.86898 16.107 0.008
4914.83368 16.048 0.007
4919.77415 16.575 0.010
4925.75264 16.227 0.008
4927.78369 16.599 0.011
4929.76835 16.227 0.009
4930.90775 16.212 0.010
4931.75239 16.533 0.011
4932.88533 16.545 0.010
4933.88005 16.383 0.010
4938.74958 16.249 0.009
4939.77260 16.608 0.011
4941.72903 16.148 0.008
4942.83345 16.053 0.007
4943.84810 16.599 0.010
4944.85735 16.510 0.009
4945.75359 16.247 0.008
4950.83309 16.180 0.008
4953.71570 16.218 0.008
4954.70985 16.359 0.010
4955.71680 16.501 0.010
