2161.87033 18.980 0.075
2173.88352 18.644 0.033
2192.85259 19.127 0.058
2201.83900 18.584 0.033
2214.82054 18.915 0.064
2221.76344 18.847 0.059
2224.77615 18.926 0.051
2227.67876 19.018 0.052
2229.69223 19.129 0.066
2230.83639 19.234 0.064
2232.85600 18.841 0.059
2234.85075 19.065 0.051
2237.77120 19.099 0.062
2241.69645 18.999 0.062
2243.75028 18.752 0.052
2247.83215 18.690 0.045
2248.83476 19.158 0.055
2250.82286 18.841 0.045
2252.68185 18.886 0.047
2254.67291 19.164 0.058
2257.67958 18.913 0.047
2260.68630 18.743 0.040
2264.69169 18.827 0.047
2266.67779 18.939 0.053
2270.68549 18.933 0.047
2271.82583 18.780 0.037
2272.83379 18.976 0.068
2274.67547 18.920 0.060
2276.78142 19.145 0.067
2277.83472 19.025 0.055
2279.85232 18.687 0.039
2280.82585 19.090 0.063
2282.72273 18.945 0.049
2288.78409 18.844 0.068
2290.82137 19.147 0.074
2292.79442 18.908 0.063
2294.77075 19.061 0.092
2298.74701 19.213 0.078
2300.75360 19.293 0.112
2302.73026 18.820 0.071
2323.60694 18.755 0.037
2327.59241 18.678 0.049
2333.60243 18.819 0.075
2345.53989 19.284 0.083
2351.51807 18.667 0.044
2369.51654 18.790 0.051
2385.50133 18.943 0.073
2529.84684 18.898 0.055
2539.84929 19.007 0.063
2545.81822 19.118 0.077
2552.87246 19.168 0.073
2556.86382 19.116 0.055
2560.77291 18.925 0.052
2564.88047 19.103 0.074
2573.87659 19.305 0.103
2578.80093 18.972 0.062
2583.85533 18.577 0.048
2590.76211 19.299 0.086
2596.77473 18.711 0.048
2605.80467 19.023 0.053
2609.77409 18.948 0.068
2614.73231 18.869 0.062
2618.78721 18.864 0.058
2621.71234 18.764 0.037
2624.61829 18.821 0.060
2627.71636 18.913 0.074
2629.73933 19.235 0.075
2632.66526 19.200 0.060
2635.71250 18.700 0.039
2638.68347 18.800 0.043
2640.78038 19.146 0.063
2642.73705 18.725 0.066
2644.73980 19.061 0.059
2646.69351 19.115 0.064
2650.74956 19.208 0.079
2652.81122 18.956 0.051
2654.77190 19.135 0.077
2656.67730 18.672 0.055
2658.63908 19.022 0.062
2660.65739 19.175 0.071
2662.66836 18.906 0.052
2664.64842 19.167 0.070
2666.71181 18.811 0.040
2668.69792 19.014 0.056
2670.66435 18.730 0.058
2672.79881 19.142 0.070
2674.69957 18.673 0.047
2676.68869 19.029 0.067
2678.74195 18.911 0.051
2680.65269 18.812 0.049
2682.69924 19.146 0.083
2687.57904 18.741 0.062
2693.53829 18.883 0.049
2696.57501 19.043 0.067
2701.56575 18.720 0.059
2707.56339 18.985 0.059
2714.55060 19.179 0.088
2839.92726 19.093 0.068
2867.89822 19.141 0.064
2885.87588 19.057 0.055
2892.90439 19.079 0.086
2897.87328 18.824 0.055
2907.79351 18.835 0.043
2911.83086 18.781 0.036
2916.88127 19.261 0.060
2922.86494 18.656 0.052
2926.79662 19.227 0.068
2930.86634 19.289 0.068
2934.76836 19.118 0.055
2940.74910 19.194 0.059
2943.75337 18.681 0.047
2947.76204 19.226 0.062
2949.85201 18.993 0.045
2953.71916 18.771 0.068
2956.74448 18.850 0.044
2958.77080 19.193 0.083
2962.78333 19.141 0.052
2965.80636 19.273 0.063
2968.67366 19.274 0.086
2973.79714 19.103 0.049
2976.80957 19.131 0.055
2978.71723 18.654 0.048
2980.72968 19.018 0.056
2982.72238 19.174 0.066
2984.76949 18.931 0.051
2986.85216 18.759 0.064
2988.82253 18.945 0.049
2989.77784 18.759 0.039
2991.67296 18.832 0.043
2993.69342 19.072 0.059
2995.76657 18.903 0.043
2997.73894 19.154 0.071
2999.70311 18.712 0.037
3001.79796 18.998 0.052
3003.76866 18.790 0.047
3005.73049 18.888 0.047
3007.65190 19.175 0.058
3009.65524 18.802 0.045
3011.74931 19.302 0.089
3017.75480 18.733 0.039
3019.68286 18.949 0.049
3021.80146 18.637 0.041
3023.66322 18.869 0.037
3025.63113 19.080 0.041
3027.68052 18.739 0.039
3029.66556 19.087 0.052
3031.73545 18.674 0.043
3033.79911 19.134 0.051
3035.80595 18.629 0.037
3038.78355 18.907 0.060
3041.62409 18.603 0.058
3043.65815 19.080 0.083
3045.72107 18.703 0.045
3047.67480 19.049 0.063
3048.60359 18.658 0.032
3050.62308 19.042 0.043
3052.62431 18.944 0.044
3054.62450 18.883 0.055
3056.61699 19.134 0.053
3058.61096 18.879 0.048
3060.66054 19.080 0.058
3068.54649 18.902 0.063
3070.60747 19.169 0.113
3073.63862 18.608 0.062
3076.56251 18.686 0.056
3078.64763 19.156 0.070
3082.62547 19.066 0.044
3085.52656 19.036 0.063
3087.66478 18.691 0.052
3090.63093 18.771 0.049
3096.54683 18.988 0.071
3099.61658 19.083 0.119
3102.59517 19.216 0.081
3104.58192 18.708 0.048
3107.56561 18.964 0.070
3110.56369 18.941 0.074
3113.54162 19.174 0.082
3128.51413 18.803 0.063
3140.52116 19.180 0.073
3216.88537 18.703 0.060
3241.92823 18.873 0.052
3248.87043 19.115 0.074
3257.89875 18.882 0.039
3264.82007 18.928 0.039
3270.88687 19.073 0.052
3274.77247 18.955 0.060
3277.89451 19.160 0.067
3287.77616 19.106 0.051
3291.71307 19.102 0.049
3295.73453 18.921 0.036
3297.72654 19.071 0.043
3299.79083 18.937 0.033
3301.78808 19.185 0.082
3304.84842 18.541 0.037
3309.75415 19.014 0.049
3311.75212 19.420 0.073
3320.79510 19.047 0.049
3327.76708 18.867 0.047
3330.72568 19.019 0.073
3334.82460 18.976 0.078
3339.77239 18.726 0.043
3354.78828 19.182 0.064
3358.83700 19.009 0.041
3365.76707 19.023 0.052
3372.78345 19.081 0.066
3378.69613 19.144 0.052
3391.76387 18.887 0.053
3399.73267 18.979 0.062
3403.72005 19.227 0.064
3406.68955 19.163 0.048
3410.64244 19.090 0.044
3415.63966 18.935 0.043
3427.60343 19.061 0.060
3433.62603 18.748 0.043
3438.55529 19.158 0.053
3446.51245 18.886 0.055
3461.52985 18.683 0.039
3473.48922 19.126 0.082
3601.91768 18.831 0.052
3619.84159 19.227 0.063
3633.88007 18.701 0.047
3639.79255 18.914 0.040
3644.82914 19.247 0.053
3651.77228 19.066 0.051
3654.81982 18.854 0.037
3658.78382 19.126 0.063
3661.85452 18.630 0.048
3668.82728 18.655 0.043
3672.81549 19.310 0.059
3676.77230 19.149 0.062
3684.83425 19.041 0.040
3690.72852 19.068 0.066
3693.76253 19.070 0.059
3695.79532 18.867 0.036
3698.77705 19.114 0.056
3700.80563 19.183 0.047
3703.73649 18.972 0.041
3705.80368 19.076 0.044
3708.79160 19.112 0.068
3712.74921 18.997 0.040
3714.81947 18.795 0.037
3717.68192 19.149 0.062
3719.85446 18.981 0.071
3721.81538 18.763 0.041
3726.71122 18.942 0.051
3730.74348 18.907 0.036
3732.73556 19.076 0.037
3735.63496 19.097 0.041
3737.76738 18.911 0.035
3739.83730 18.833 0.044
3741.85025 18.921 0.058
3743.74742 19.076 0.043
3746.78992 19.095 0.078
3748.74310 18.815 0.055
3749.74874 18.960 0.068
3751.76006 18.979 0.060
3753.71156 19.123 0.051
3755.71258 18.799 0.044
3757.70244 19.019 0.055
3759.76720 18.826 0.036
3762.78874 19.073 0.068
3765.77581 18.914 0.040
3770.64832 19.212 0.064
3773.71442 18.817 0.047
3776.68475 18.760 0.052
3779.63930 19.027 0.086
3782.75294 18.971 0.063
3787.61617 18.788 0.041
3792.56689 19.017 0.052
3800.54885 18.787 0.045
3810.50648 19.006 0.075
3823.51628 19.011 0.060
3950.90014 18.853 0.047
3964.89478 18.997 0.040
3969.92560 18.627 0.045
3981.89335 19.086 0.064
3998.88564 19.108 0.052
3999.84814 18.961 0.045
4001.89713 19.053 0.043
4004.86112 18.753 0.033
4005.87507 19.118 0.049
4008.74133 19.064 0.041
4013.77805 18.914 0.053
4018.87097 18.686 0.036
4024.73839 18.810 0.035
4026.81148 19.085 0.040
4029.76069 19.082 0.060
4032.77596 18.948 0.066
4038.74203 18.823 0.045
4041.70330 18.918 0.047
4043.70816 19.286 0.068
4049.67079 18.749 0.041
4052.73217 18.852 0.040
4054.71903 19.144 0.068
4056.77703 18.788 0.039
4058.80937 19.179 0.055
4063.70792 18.614 0.032
4066.76527 18.919 0.044
4068.67160 19.024 0.045
4070.69521 18.634 0.041
4074.76285 18.529 0.040
4077.81142 18.723 0.044
4079.85629 19.035 0.066
4083.70185 18.903 0.063
4085.76756 19.268 0.077
4093.75211 19.152 0.047
4105.82464 18.962 0.066
4109.79453 18.775 0.039
4113.75039 18.950 0.037
4120.78060 18.722 0.035
4122.73709 19.013 0.043
4125.79131 19.219 0.075
4132.67909 19.078 0.070
4142.73023 19.104 0.082
4156.56527 19.021 0.049
4168.51994 18.765 0.051
4197.49926 19.076 0.064
4347.88319 18.696 0.047
4353.81650 18.818 0.048
4364.87921 18.820 0.053
4367.90367 18.962 0.089
4371.76897 18.709 0.056
4377.82532 18.975 0.067
4380.84022 19.118 0.055
4386.81592 19.250 0.089
4390.77785 19.134 0.066
4394.73395 18.975 0.048
4399.75195 18.718 0.063
4407.71496 19.101 0.068
4412.73038 18.983 0.060
4418.82377 19.243 0.051
4426.76747 19.029 0.071
4430.69488 18.899 0.067
4432.75407 19.081 0.052
4436.79397 19.094 0.074
4439.85907 19.005 0.111
4443.74711 19.160 0.097
4449.70998 19.165 0.051
4451.71968 18.965 0.079
4455.71883 18.800 0.053
4457.74925 19.099 0.073
4460.82092 19.024 0.081
4463.73920 18.880 0.044
4466.72820 18.674 0.032
4470.67568 19.197 0.088
4473.71839 18.718 0.049
4477.77687 18.612 0.041
4482.78067 19.141 0.101
4486.75850 18.995 0.068
4492.65367 19.039 0.053
4494.67744 18.773 0.059
4498.70980 18.843 0.051
4501.70712 18.847 0.053
4506.64119 19.095 0.073
4508.66803 18.784 0.048
4510.73419 19.038 0.056
4517.68100 19.024 0.079
4521.64895 18.980 0.055
4524.61169 19.011 0.055
4530.63768 19.148 0.058
4532.66341 18.813 0.049
4536.63567 18.720 0.041
4539.51765 18.642 0.043
4541.62681 19.191 0.085
