2187.82816 18.815 0.069
2194.79347 18.715 0.051
2206.80188 18.883 0.074
2215.84710 18.604 0.045
2222.84508 18.970 0.074
2227.80259 18.721 0.044
2229.80853 18.873 0.066
2231.77692 18.604 0.053
2233.74506 18.824 0.051
2237.66464 18.460 0.045
2239.72545 18.787 0.045
2241.83384 18.513 0.050
2244.69686 18.754 0.058
2249.80911 18.887 0.051
2251.66341 18.969 0.066
2253.82791 18.765 0.044
2255.63641 18.865 0.076
2257.84598 18.647 0.034
2260.83285 18.663 0.047
2262.78742 18.874 0.051
2262.79779 18.838 0.045
2265.83176 18.919 0.060
2266.71611 18.649 0.042
2270.74774 18.568 0.041
2272.76971 18.788 0.058
2274.82500 18.609 0.047
2276.66342 18.598 0.051
2279.65448 18.626 0.040
2281.82972 18.988 0.050
2283.67388 18.785 0.044
2288.82964 18.874 0.054
2290.83777 18.610 0.053
2292.84599 18.897 0.079
2294.81408 19.023 0.101
2298.85077 18.779 0.057
2301.79021 18.860 0.083
2303.78098 18.672 0.063
2321.75466 18.781 0.066
2329.52485 18.737 0.083
2335.54178 18.921 0.077
2341.54056 18.631 0.047
2349.49964 18.784 0.071
2391.56153 18.995 0.102
2548.87834 18.619 0.051
2553.84199 18.963 0.076
2558.76238 18.768 0.055
2562.77386 18.901 0.070
2576.79225 18.731 0.067
2579.79098 18.838 0.058
2586.82736 18.831 0.050
2591.79805 18.815 0.051
2598.77528 18.913 0.064
2606.80450 18.682 0.045
2610.70231 18.746 0.061
2615.73885 18.818 0.048
2619.74514 18.676 0.041
2622.69779 18.700 0.060
2625.68253 18.682 0.048
2628.67512 18.714 0.054
2630.68612 18.921 0.064
2632.83364 18.763 0.054
2636.78353 18.615 0.047
2639.69991 18.542 0.042
2642.77765 18.734 0.058
2644.77339 18.934 0.053
2646.76190 18.462 0.040
2649.77984 18.646 0.044
2651.80461 18.839 0.048
2653.83209 18.681 0.070
2655.85774 18.846 0.060
2658.73469 18.731 0.087
2660.79601 19.014 0.067
2662.79419 18.661 0.053
2664.78584 18.843 0.103
2667.59099 18.661 0.045
2672.63689 19.015 0.079
2675.77548 18.659 0.034
2677.81067 18.946 0.096
2679.82921 18.571 0.063
2683.64328 18.781 0.067
2688.62246 18.760 0.054
2693.61705 18.814 0.044
2697.60006 18.576 0.054
2703.50816 18.572 0.063
2709.55270 18.808 0.057
2727.50190 18.977 0.093
2877.86637 18.816 0.057
2885.92012 18.651 0.055
2894.86986 18.729 0.048
2899.87158 18.911 0.053
2905.77923 18.958 0.074
2908.83774 18.664 0.050
2912.86065 18.950 0.045
2917.87661 18.720 0.042
2923.87892 18.719 0.054
2927.78075 18.541 0.055
2931.85959 18.595 0.042
2935.75310 18.883 0.063
2941.71351 18.914 0.050
2944.74457 18.977 0.064
2948.70786 18.847 0.060
2951.76319 18.861 0.057
2954.83520 18.918 0.093
2957.78253 18.959 0.066
2964.75366 19.002 0.076
2966.83285 18.642 0.034
2968.79403 18.846 0.051
2971.74237 18.840 0.053
2975.68427 18.679 0.050
2977.80557 18.882 0.055
2979.72467 18.543 0.037
2980.84820 18.710 0.060
2981.71435 18.773 0.096
2983.84618 18.624 0.053
2985.75794 18.717 0.041
2987.80076 18.861 0.070
2989.74149 18.538 0.034
2991.81414 18.819 0.051
2992.80268 18.639 0.042
2994.82670 18.884 0.047
2997.83620 18.960 0.058
2999.81673 18.572 0.053
3001.81616 18.828 0.047
3003.78458 19.007 0.055
3005.74593 18.618 0.041
3007.76835 18.811 0.045
3009.76226 18.674 0.042
3011.81679 18.877 0.079
3013.78822 18.954 0.066
3016.81008 18.943 0.054
3017.79575 18.821 0.057
3019.74949 18.990 0.060
3020.87327 18.973 0.111
3023.78833 18.868 0.048
3025.79128 18.605 0.031
3027.81195 18.836 0.070
3029.79460 18.934 0.053
3032.64338 18.884 0.057
3034.72544 18.671 0.037
3036.72147 18.865 0.051
3039.66343 18.905 0.064
3041.75292 18.640 0.058
3043.69910 18.745 0.082
3045.76170 18.793 0.057
3046.69692 18.946 0.079
3047.74093 18.720 0.047
3048.72985 18.735 0.053
3050.72700 18.726 0.042
3052.72309 18.921 0.044
3054.72929 18.622 0.044
3056.71614 18.885 0.051
3057.68244 18.592 0.037
3059.65596 18.806 0.044
3062.55794 18.732 0.053
3066.64665 18.759 0.050
3069.64195 18.795 0.048
3071.57514 18.745 0.066
3074.58842 18.927 0.066
3076.69260 18.658 0.053
3079.69290 18.711 0.041
3083.56297 18.771 0.079
3085.66091 18.890 0.060
3088.61878 18.789 0.057
3091.62266 18.887 0.058
3097.54849 18.835 0.079
3100.58423 18.994 0.076
3103.59446 18.939 0.073
3106.62110 18.522 0.051
3109.60428 18.594 0.051
3110.57862 18.971 0.077
3114.53718 18.818 0.057
3125.52828 18.544 0.069
3132.50767 19.059 0.102
3224.91593 18.820 0.060
3244.89012 18.733 0.055
3245.92080 18.659 0.050
3250.85115 18.782 0.044
3260.90303 18.844 0.057
3265.90105 19.044 0.063
3271.89318 18.548 0.041
3279.84982 18.828 0.051
3283.71143 18.551 0.034
3291.83886 19.010 0.061
3295.85907 18.776 0.034
3297.85030 18.527 0.032
3300.71474 18.950 0.058
3302.73715 18.712 0.063
3305.82064 18.796 0.042
3310.67195 18.903 0.069
3315.76338 18.813 0.047
3321.78274 18.921 0.045
3324.77298 18.815 0.058
3329.62280 18.883 0.058
3335.66860 18.439 0.060
3340.71429 18.921 0.050
3350.84449 18.864 0.044
3352.85531 18.638 0.037
3356.84389 18.893 0.044
3359.73635 19.018 0.044
3366.77671 18.874 0.058
3375.81437 18.548 0.038
3378.82716 18.712 0.048
3388.76690 18.752 0.061
3394.76501 18.600 0.051
3402.79627 18.862 0.054
3405.54082 18.758 0.051
3410.65722 18.575 0.037
3416.56414 18.584 0.044
3425.53032 18.702 0.057
3432.56006 18.674 0.034
3438.51906 18.639 0.044
3448.55082 18.700 0.054
3458.52023 18.692 0.053
3607.91832 18.704 0.044
3625.87213 18.945 0.067
3630.86899 18.739 0.055
3637.82000 18.912 0.063
3640.86996 18.629 0.041
3652.77422 18.664 0.042
3655.81367 18.785 0.040
3659.79744 18.604 0.054
3663.76081 19.085 0.070
3670.83768 18.895 0.051
3673.74260 18.861 0.054
3681.80156 18.747 0.055
3685.86083 18.683 0.040
3688.79271 18.653 0.037
3690.85380 18.879 0.060
3693.86137 18.964 0.069
3696.79792 18.849 0.048
3699.81070 19.033 0.050
3702.67141 18.891 0.050
3704.76838 18.646 0.035
3706.84212 18.919 0.048
3711.83070 18.653 0.038
3713.86129 18.914 0.092
3717.78160 18.661 0.044
3722.83676 18.856 0.053
3726.78870 18.938 0.053
3730.78741 18.755 0.040
3733.75306 18.748 0.038
3735.79599 18.914 0.047
3738.76879 18.861 0.050
3740.83234 18.773 0.058
3743.79224 18.909 0.055
3747.59886 19.042 0.070
3749.81891 18.892 0.089
3751.83420 18.466 0.054
3753.79818 18.786 0.051
3755.81104 18.855 0.067
3758.79297 18.910 0.087
3761.80786 18.991 0.054
3764.75937 18.711 0.037
3766.77941 18.666 0.048
3771.68879 18.921 0.053
3774.68025 18.854 0.047
3777.63989 18.920 0.051
3780.64891 18.979 0.080
3784.57288 18.789 0.057
3789.53907 18.916 0.048
3795.54117 18.454 0.055
3802.53950 18.799 0.054
3813.51217 18.834 0.055
3831.48823 18.571 0.048
3959.91245 18.692 0.070
3966.84660 18.770 0.051
3973.85590 18.558 0.042
3982.90260 18.749 0.045
3990.84722 18.759 0.047
4002.88534 18.673 0.034
4003.79206 18.987 0.042
4006.84153 18.495 0.038
4008.86235 18.766 0.035
4013.87446 18.795 0.054
4019.89130 18.643 0.058
4024.86875 18.777 0.050
4027.77315 18.870 0.051
4030.70765 18.811 0.060
4036.76232 18.951 0.042
4039.75043 19.060 0.060
4041.82417 18.659 0.040
4047.70718 18.752 0.073
4050.66469 18.589 0.040
4052.85376 18.675 0.035
4054.84074 18.683 0.044
4057.76585 18.638 0.058
4060.70526 18.693 0.034
4065.78935 18.969 0.042
4068.75938 19.027 0.044
4070.80512 18.798 0.053
4074.86037 18.618 0.055
4078.81181 18.797 0.050
4082.74278 18.756 0.048
4084.81289 18.601 0.047
4086.83801 18.866 0.067
4096.67262 18.614 0.040
4103.83685 18.868 0.061
4106.68372 18.637 0.053
4112.84039 18.864 0.054
4120.80746 18.518 0.028
4124.79323 19.005 0.044
4128.67128 18.822 0.058
4141.70928 18.843 0.051
4158.54806 18.628 0.045
4170.50663 18.622 0.050
4343.90897 18.586 0.047
4348.91015 18.755 0.051
4354.83814 18.853 0.066
4361.86550 18.826 0.083
4365.85911 18.625 0.069
4369.83055 18.936 0.073
4372.81856 18.578 0.042
4378.80220 18.591 0.045
4382.75963 19.083 0.071
4387.76153 18.703 0.047
4391.76296 18.590 0.045
4396.79937 18.783 0.061
4400.80738 18.775 0.087
4408.81900 18.716 0.064
4415.82870 19.052 0.058
4423.84877 18.856 0.061
4428.70379 18.913 0.085
4430.81652 18.668 0.060
4433.84754 18.719 0.057
4437.77507 18.468 0.053
4440.78010 18.537 0.044
4444.72520 19.046 0.089
4449.83975 18.774 0.057
4452.80220 18.772 0.060
4455.81709 18.881 0.060
4458.82431 18.942 0.064
4462.82976 18.767 0.058
4465.84133 18.851 0.061
4467.80632 19.023 0.060
4472.75444 18.699 0.041
4479.78926 18.688 0.050
4483.85124 18.534 0.053
4487.84738 19.213 0.130
4493.60770 18.873 0.064
4497.80884 18.840 0.063
4500.68178 18.862 0.053
4502.79145 18.591 0.063
4506.75089 18.982 0.090
4508.70566 18.646 0.050
4510.74911 18.805 0.061
4519.71620 18.949 0.080
4522.57846 18.985 0.074
4524.68736 18.707 0.055
4531.64869 18.681 0.045
4534.67826 18.626 0.050
4536.67933 18.903 0.066
4539.61423 18.811 0.058
4542.61565 18.880 0.069
