2187.79896 18.789 0.064
2193.86512 18.845 0.040
2194.75887 18.936 0.064
2202.86520 18.743 0.044
2206.77416 19.096 0.072
2215.81810 19.024 0.068
2222.81762 18.659 0.050
2225.70047 19.123 0.072
2227.77554 18.885 0.053
2229.78137 18.935 0.067
2231.74979 19.198 0.079
2233.71805 18.720 0.047
2237.63740 18.958 0.073
2239.69837 18.864 0.053
2243.86073 19.109 0.122
2249.77572 18.985 0.058
2251.68789 19.075 0.065
2252.84834 18.918 0.057
2254.77463 19.080 0.054
2257.79427 19.004 0.043
2262.82317 18.670 0.038
2265.79777 18.709 0.043
2269.70713 18.855 0.054
2272.69694 18.843 0.054
2274.69244 19.006 0.057
2276.71673 18.603 0.044
2278.83622 19.049 0.069
2280.65894 19.126 0.089
2282.82028 18.651 0.049
2288.80219 18.763 0.049
2291.83568 18.876 0.060
2293.83686 18.681 0.075
2296.83079 18.766 0.076
2298.82375 18.852 0.061
2301.75452 18.870 0.053
2303.75380 19.020 0.073
2321.72515 18.767 0.057
2328.60231 18.877 0.075
2335.51214 18.617 0.062
2341.50946 19.119 0.087
2358.50175 19.060 0.084
2391.52838 18.862 0.078
2548.84294 19.067 0.075
2553.81038 18.716 0.058
2557.87522 19.049 0.069
2561.87789 18.913 0.047
2566.78230 18.858 0.078
2574.84886 19.080 0.060
2579.75782 18.979 0.069
2586.79420 18.840 0.051
2591.75844 18.902 0.057
2598.74602 18.764 0.054
2606.77488 18.872 0.049
2610.67281 19.088 0.078
2615.80018 18.755 0.046
2619.63863 18.911 0.058
2622.75865 19.114 0.078
2625.62397 18.835 0.058
2628.62213 18.896 0.073
2630.65906 19.042 0.069
2636.73023 19.100 0.071
2638.84734 18.865 0.073
2641.82272 18.844 0.061
2643.82245 18.915 0.051
2645.82201 19.082 0.072
2649.72801 18.807 0.042
2651.77542 18.941 0.067
2653.79916 19.014 0.075
2655.83008 18.899 0.065
2657.82207 18.972 0.078
2658.81426 18.893 0.097
2660.76884 18.911 0.057
2662.73714 19.048 0.072
2664.75875 18.852 0.093
2669.61183 18.744 0.061
2672.60970 18.740 0.064
2674.81189 19.057 0.068
2676.78502 19.236 0.101
2678.83093 18.733 0.042
2680.73026 18.886 0.057
2684.61572 19.016 0.064
2688.59681 18.793 0.058
2693.55491 18.896 0.057
2697.57094 18.715 0.049
2702.57750 18.933 0.079
2709.52294 19.183 0.083
2726.48907 19.025 0.078
2875.90010 18.759 0.069
2885.89072 19.028 0.062
2893.87137 18.645 0.051
2897.88804 19.117 0.064
2908.80877 19.040 0.064
2912.83196 18.832 0.042
2917.84016 18.929 0.051
2923.84289 18.881 0.057
2927.75126 18.924 0.073
2931.82944 18.979 0.062
2934.86431 19.003 0.054
2940.86642 18.964 0.054
2943.84919 18.927 0.044
2947.85760 18.633 0.044
2951.73456 18.927 0.060
2954.80168 18.952 0.067
2956.84001 18.936 0.054
2961.77640 18.795 0.055
2963.82739 18.948 0.050
2963.86039 18.796 0.055
2966.80405 18.879 0.038
2968.76489 18.904 0.049
2971.76812 18.922 0.055
2974.85054 18.988 0.054
2976.85945 19.113 0.083
2978.67716 19.019 0.068
2980.77144 18.828 0.046
2982.82051 18.910 0.053
2985.72317 18.883 0.047
2987.77078 19.194 0.080
2989.71184 18.733 0.040
2991.78529 18.882 0.050
2993.79053 19.076 0.062
2996.76894 18.927 0.050
2998.78173 18.627 0.042
3000.79281 18.875 0.053
3002.78318 18.965 0.058
3004.80886 18.763 0.044
3006.79543 18.805 0.042
3008.75804 18.958 0.051
3010.82877 19.020 0.060
3013.75448 18.908 0.057
3016.77876 19.056 0.069
3019.85429 19.042 0.062
3022.65133 18.854 0.042
3023.75938 18.785 0.042
3025.76249 19.012 0.042
3027.78112 19.066 0.067
3029.76574 18.825 0.061
3032.61457 19.107 0.060
3034.66261 18.783 0.032
3036.69271 18.988 0.050
3039.63462 18.912 0.054
3041.71772 19.030 0.082
3042.74296 18.883 0.068
3044.68176 18.947 0.064
3046.66789 18.716 0.055
3048.70108 18.913 0.044
3050.69800 18.966 0.044
3052.69423 18.769 0.039
3054.70036 18.929 0.053
3056.68744 18.996 0.050
3058.68075 19.025 0.050
3059.62702 18.930 0.046
3061.62418 18.790 0.055
3066.61794 19.117 0.071
3068.64616 18.779 0.061
3071.54458 18.800 0.062
3074.54452 18.836 0.078
3076.66383 19.008 0.078
3079.66337 18.882 0.044
3085.63178 18.822 0.053
3088.58912 18.790 0.058
3091.59262 18.758 0.053
3097.51711 18.871 0.073
3100.55461 18.853 0.072
3103.56270 19.168 0.073
3106.59206 19.009 0.060
3109.57522 19.076 0.057
3112.60101 18.932 0.057
3126.53011 18.838 0.067
3132.53317 18.819 0.090
3147.47495 18.873 0.094
3242.91475 19.101 0.071
3249.89232 18.682 0.054
3260.87398 18.827 0.046
3271.86430 18.909 0.053
3274.86751 18.855 0.062
3279.82104 18.842 0.049
3282.88681 19.078 0.049
3288.72927 18.845 0.051
3291.81018 18.913 0.047
3295.83023 18.765 0.029
3297.82153 18.799 0.029
3300.68567 18.836 0.055
3302.68035 18.805 0.065
3305.79196 18.845 0.046
3309.85315 18.602 0.038
3315.78909 19.020 0.054
3321.75354 19.136 0.051
3324.80295 19.146 0.061
3328.85180 18.915 0.042
3333.85152 18.946 0.062
3335.80062 18.867 0.068
3340.68447 18.776 0.042
3350.81572 19.010 0.051
3353.77654 18.914 0.049
3357.80417 18.771 0.040
3360.78379 18.697 0.036
3366.74780 18.839 0.043
3373.83542 19.033 0.060
3378.79104 19.050 0.061
3385.58097 18.611 0.043
3394.68004 18.481 0.039
3402.73830 18.866 0.044
3404.67001 19.027 0.054
3410.52788 18.755 0.049
3416.53546 18.733 0.050
3424.62170 18.924 0.062
3430.53853 18.703 0.043
3436.58939 18.778 0.044
3448.51962 18.969 0.069
3458.49102 18.684 0.050
3603.89136 18.738 0.044
3621.86911 18.963 0.044
3624.89296 19.016 0.069
3630.84007 19.003 0.080
3637.79120 18.655 0.054
3640.83538 18.777 0.042
3651.86788 18.833 0.051
3655.78504 19.004 0.047
3659.76848 18.835 0.064
3663.73243 18.935 0.064
3669.82756 19.178 0.065
3673.70492 18.810 0.047
3681.73538 18.916 0.071
3685.83192 18.838 0.043
3688.75078 18.759 0.038
3690.82539 18.893 0.060
3693.83172 19.001 0.058
3696.76933 18.838 0.043
3699.78219 18.812 0.036
3701.83717 18.979 0.051
3703.83397 18.822 0.040
3706.70927 18.941 0.038
3711.74477 18.766 0.039
3713.83275 18.940 0.053
3715.80908 18.957 0.047
3718.84022 19.010 0.062
3724.78353 18.911 0.044
3728.81779 18.757 0.039
3731.82496 18.754 0.036
3733.72261 18.756 0.039
3735.70389 18.925 0.042
3738.73784 18.954 0.055
3740.80276 18.926 0.047
3742.82220 18.826 0.058
3745.83963 18.818 0.047
3749.78991 19.246 0.126
3751.80373 18.771 0.064
3753.75388 18.899 0.050
3755.78201 18.909 0.057
3757.80197 18.891 0.044
3760.61359 18.914 0.055
3763.73431 19.110 0.042
3766.75082 19.057 0.069
3771.65766 19.083 0.054
3774.65175 19.172 0.064
3777.61004 18.993 0.054
3780.67418 19.246 0.100
3788.60051 19.069 0.047
3794.57007 18.978 0.065
3801.56697 18.805 0.051
3812.52370 18.807 0.044
3829.49836 18.721 0.049
3959.87958 18.896 0.079
3965.90556 18.808 0.039
3970.92133 18.962 0.051
3982.87187 18.776 0.043
3990.81878 18.805 0.061
3999.88815 18.796 0.046
4003.76393 19.033 0.042
4006.81330 19.131 0.054
4008.83432 18.665 0.031
4019.84905 18.861 0.042
4024.84040 18.975 0.047
4027.74497 18.760 0.042
4029.85558 18.954 0.053
4036.73417 18.587 0.032
4039.72229 18.576 0.053
4041.79602 18.900 0.047
4047.66077 18.743 0.057
4050.63649 18.517 0.036
4052.82580 18.971 0.043
4054.81263 18.992 0.051
4057.73771 19.178 0.075
4060.67710 18.971 0.044
4065.76113 18.942 0.042
4067.71728 18.748 0.034
4069.85291 19.127 0.057
4074.83213 18.934 0.062
4078.75002 18.829 0.046
4080.76139 19.141 0.068
4083.83608 18.904 0.062
4085.81084 18.741 0.058
4096.64415 19.023 0.057
4106.63475 19.208 0.086
4112.80795 18.987 0.057
4120.79542 18.904 0.043
4127.71543 18.725 0.038
4145.64918 18.962 0.062
4158.51939 18.921 0.058
4169.54868 18.743 0.049
4344.85136 18.794 0.067
4348.88167 19.025 0.061
4354.80998 19.004 0.071
4363.88702 18.945 0.076
4367.80931 18.769 0.053
4371.82003 18.980 0.060
4378.77398 18.761 0.055
4381.79086 18.702 0.061
4387.73340 18.883 0.054
4390.87049 18.729 0.047
4396.77121 19.044 0.078
4400.77918 19.042 0.079
4408.79086 19.059 0.076
4415.85654 18.819 0.049
4423.81860 18.906 0.054
4427.78501 18.729 0.055
4430.78823 18.737 0.055
4433.80575 18.655 0.057
4437.73218 18.907 0.069
4440.75201 18.913 0.057
4444.69700 18.910 0.072
4451.84705 19.054 0.089
4454.78683 18.981 0.062
4456.78916 19.028 0.078
4458.79588 18.723 0.050
4463.77930 18.863 0.051
4465.79601 19.100 0.065
4470.71605 19.107 0.065
4478.80050 18.815 0.050
4481.84265 18.621 0.049
4486.84041 18.855 0.082
4490.65854 19.066 0.083
4493.72737 19.120 0.094
4497.78167 18.928 0.061
4500.65463 18.815 0.053
4506.77478 19.039 0.101
4509.71924 18.783 0.054
4518.71821 18.513 0.064
4522.51856 19.086 0.087
4524.65893 19.107 0.072
4532.67804 18.670 0.060
4534.64992 19.137 0.084
4538.66525 18.807 0.065
4540.66529 18.870 0.073
4542.58241 18.840 0.067
