2167.84934 18.932 0.065
2173.85669 18.704 0.040
2190.79442 18.859 0.051
2192.82837 18.640 0.041
2214.79567 18.745 0.058
2224.75245 19.121 0.055
2230.80724 18.908 0.055
2232.82707 18.867 0.060
2234.82152 19.005 0.047
2239.60645 18.822 0.067
2241.66798 19.022 0.071
2243.72656 18.760 0.051
2248.80699 18.675 0.037
2250.85285 18.791 0.051
2252.65819 18.678 0.043
2254.64912 18.881 0.054
2257.65303 18.687 0.039
2261.80621 18.941 0.045
2264.76221 18.809 0.041
2266.65067 18.783 0.056
2270.64677 19.000 0.058
2271.79758 18.852 0.040
2273.74745 18.886 0.062
2275.83449 18.814 0.063
2277.65616 19.042 0.047
2279.82848 18.846 0.058
2281.81534 18.839 0.044
2283.84954 18.986 0.058
2288.75567 18.880 0.051
2290.79404 19.031 0.066
2292.77059 19.024 0.080
2294.74564 18.667 0.073
2296.75602 18.666 0.066
2298.77545 18.820 0.062
2300.72845 18.981 0.066
2302.70629 19.039 0.078
2321.67950 19.032 0.071
2327.56610 18.728 0.063
2333.57532 19.011 0.086
2339.55175 18.621 0.050
2357.52303 19.072 0.133
2395.52408 18.880 0.080
2529.82052 18.622 0.048
2542.89423 19.008 0.060
2552.84611 18.946 0.060
2556.83761 18.732 0.047
2559.89011 19.062 0.088
2564.85411 19.002 0.065
2573.85270 18.742 0.054
2578.77703 19.253 0.091
2583.83147 19.001 0.074
2589.86492 18.830 0.056
2596.74825 18.813 0.062
2605.75130 18.938 0.051
2609.74750 18.759 0.062
2614.70995 19.058 0.067
2618.73422 18.830 0.060
2621.64366 19.090 0.051
2623.82540 18.736 0.044
2627.69188 18.996 0.086
2629.71490 18.866 0.066
2634.76641 18.977 0.052
2638.65980 18.999 0.055
2639.65990 18.893 0.039
2641.72456 18.969 0.054
2650.84026 18.742 0.044
2652.74451 18.778 0.056
2654.67934 18.775 0.058
2656.65287 18.920 0.062
2658.61529 18.891 0.073
2660.63276 18.755 0.052
2662.61555 18.993 0.058
2664.62316 18.740 0.051
2666.68660 18.771 0.037
2668.67012 18.912 0.060
2670.63620 18.935 0.069
2672.74551 18.759 0.047
2674.64802 18.767 0.050
2676.63049 18.712 0.045
2678.71815 18.927 0.060
2680.62882 18.965 0.080
2682.67680 18.996 0.075
2687.55289 19.027 0.084
2696.54604 19.035 0.075
2701.52818 19.069 0.080
2707.52566 18.785 0.060
2714.52454 18.868 0.073
2840.91375 18.929 0.075
2867.92572 18.980 0.065
2894.85519 19.059 0.065
2899.85673 18.845 0.050
2905.84573 18.834 0.075
2911.80504 18.914 0.050
2916.85529 18.824 0.043
2922.83908 18.847 0.066
2926.76649 18.752 0.045
2930.84022 18.959 0.055
2934.74200 18.996 0.055
2940.72214 18.853 0.047
2942.84354 18.906 0.047
2947.73606 18.859 0.065
2949.82622 19.014 0.059
2953.69295 18.854 0.059
2956.71873 19.076 0.055
2958.74501 18.836 0.063
2962.75690 18.900 0.045
2965.77629 18.747 0.039
2968.71985 18.960 0.051
2973.85991 18.742 0.052
2975.84906 18.697 0.045
2976.84431 18.921 0.060
2979.85054 18.868 0.051
2982.69601 18.860 0.054
2984.74359 18.789 0.051
2986.82620 18.927 0.071
2988.79660 18.905 0.045
2989.81395 18.776 0.051
2991.64709 18.782 0.051
2993.63454 18.833 0.047
2995.73531 18.946 0.043
2997.71312 19.049 0.056
2999.73614 18.713 0.043
3001.77196 18.756 0.041
3003.74268 18.749 0.041
3005.64790 18.830 0.059
3007.68096 18.949 0.063
3009.74730 19.059 0.060
3011.72298 18.689 0.052
3013.72743 18.755 0.047
3017.72890 18.977 0.052
3019.65688 18.993 0.067
3021.77565 18.711 0.043
3023.63744 18.768 0.037
3024.83856 19.005 0.058
3026.83524 18.657 0.032
3029.63960 18.915 0.047
3031.70955 18.963 0.050
3033.77310 18.667 0.030
3035.78014 18.771 0.040
3038.75762 18.850 0.063
3040.72828 18.700 0.059
3042.67220 18.712 0.047
3044.60615 18.804 0.052
3045.69513 18.765 0.052
3047.64880 18.756 0.047
3049.65450 18.753 0.032
3051.62272 18.788 0.050
3055.61624 19.013 0.058
3057.64166 18.841 0.043
3059.58554 18.749 0.037
3061.57858 18.793 0.062
3068.51995 18.749 0.051
3070.57562 18.793 0.062
3073.57795 18.997 0.080
3075.68933 18.946 0.088
3078.62133 18.714 0.043
3082.59883 18.825 0.044
3084.67590 18.943 0.059
3087.63863 19.048 0.070
3090.60202 18.747 0.055
3096.51976 18.868 0.089
3099.59003 18.853 0.075
3102.56930 18.741 0.055
3105.60157 18.746 0.056
3108.57950 18.889 0.056
3112.55684 18.672 0.045
3116.53820 18.780 0.058
3127.50559 19.012 0.054
3140.49485 18.859 0.063
3223.89446 19.051 0.077
3241.88061 18.969 0.069
3248.84402 18.859 0.069
3257.87187 18.966 0.050
3270.86083 18.831 0.047
3277.84482 18.893 0.055
3281.88857 19.016 0.044
3287.74964 18.782 0.041
3295.70188 19.228 0.045
3299.76488 18.716 0.029
3301.76239 18.886 0.060
3304.82262 18.836 0.048
3309.72849 18.667 0.043
3311.72638 18.854 0.045
3320.76912 18.977 0.047
3323.70397 18.781 0.045
3327.74074 18.904 0.047
3330.69955 18.818 0.055
3334.79877 18.961 0.067
3338.84525 18.767 0.043
3340.86034 18.802 0.066
3350.67879 18.721 0.032
3354.72642 18.872 0.047
3358.80677 18.801 0.039
3361.83895 19.041 0.051
3365.74136 18.753 0.041
3372.75769 18.740 0.036
3378.67038 19.048 0.060
3391.73813 18.783 0.048
3394.74968 18.614 0.040
3396.62967 18.748 0.048
3399.70692 18.961 0.062
3403.69422 18.654 0.048
3408.60361 18.634 0.036
3417.57623 18.743 0.045
3425.58450 18.746 0.059
3431.56669 18.904 0.045
3437.54796 18.736 0.043
3445.55334 18.951 0.052
3455.51012 18.891 0.070
3460.50167 18.730 0.040
3477.49640 18.846 0.067
3583.93856 18.816 0.078
3601.87374 19.095 0.070
3618.90775 19.104 0.051
3629.88900 18.741 0.048
3634.85553 18.736 0.040
3639.84889 18.697 0.032
3644.80363 18.712 0.037
3650.89252 18.886 0.062
3654.79407 18.914 0.045
3657.87397 18.887 0.043
3660.80842 18.729 0.056
3664.84350 19.077 0.044
3668.80141 18.724 0.052
3672.78961 18.779 0.041
3675.86929 18.742 0.041
3684.77743 18.765 0.033
3687.78307 18.741 0.041
3690.70292 18.942 0.060
3693.73689 18.841 0.045
3695.75842 19.084 0.055
3698.75120 18.904 0.060
3700.77998 19.075 0.060
3703.71081 18.915 0.039
3705.77442 18.996 0.040
3708.73301 18.849 0.058
3712.72350 19.036 0.050
3714.73021 18.842 0.043
3717.65626 19.006 0.056
3719.82350 18.788 0.067
3725.81741 18.871 0.062
3727.78986 18.981 0.050
3730.68521 18.732 0.033
3732.70995 18.984 0.039
3734.80798 19.012 0.050
3736.82425 18.612 0.040
3737.71261 18.826 0.039
3739.81173 18.951 0.043
3742.69761 18.757 0.058
3745.77329 18.738 0.045
3749.66767 18.797 0.060
3750.75266 18.620 0.050
3752.76337 18.739 0.055
3754.78111 18.981 0.054
3756.60463 18.774 0.037
3758.77751 18.834 0.071
3761.78992 18.972 0.050
3764.74440 18.717 0.039
3767.60419 18.998 0.054
3770.62190 18.993 0.047
3773.62475 18.807 0.050
3776.62415 18.704 0.044
3779.61375 18.897 0.070
3782.66448 18.998 0.048
3787.58947 18.941 0.048
3792.54125 18.887 0.054
3800.51865 18.613 0.048
3809.53049 18.925 0.078
3822.51631 18.579 0.044
3946.91281 18.902 0.077
3964.86945 18.808 0.036
3969.89355 18.836 0.048
3981.86827 18.943 0.067
3989.89530 19.000 0.054
4001.87194 18.972 0.040
4005.84958 18.662 0.033
4007.85379 18.901 0.048
4011.85402 18.943 0.054
4018.84557 18.960 0.050
4023.87770 19.048 0.059
4026.78619 18.860 0.039
4029.73519 18.821 0.060
4031.80779 18.783 0.035
4038.71681 18.780 0.043
4041.67803 18.986 0.066
4043.68232 18.763 0.063
4048.86396 18.745 0.062
4052.70690 18.829 0.037
4054.69383 18.904 0.065
4056.75088 18.822 0.058
4058.78402 18.680 0.032
4063.68278 19.178 0.054
4066.74006 18.854 0.044
4068.82756 18.809 0.037
4070.66992 18.814 0.048
4073.82940 18.759 0.048
4076.79751 18.850 0.065
4079.75987 18.969 0.066
4083.67663 18.923 0.062
4085.74214 18.900 0.047
4092.86058 18.876 0.052
4105.69608 18.967 0.056
4109.76925 18.683 0.035
4113.72496 18.725 0.033
4120.75536 18.788 0.043
4122.71182 18.909 0.040
4125.76305 18.773 0.050
4131.61640 18.897 0.037
4142.65311 18.772 0.062
4156.53977 18.776 0.048
4166.58105 18.788 0.062
4196.53056 19.028 0.092
4341.90638 18.881 0.063
4347.85631 18.901 0.051
4362.82674 18.888 0.066
4365.83482 18.813 0.074
4369.81646 18.841 0.060
4371.86277 18.718 0.043
4377.79856 18.849 0.067
4380.81508 18.765 0.047
4386.79072 19.003 0.060
4390.75264 18.671 0.041
4393.86674 18.746 0.048
4398.87802 18.924 0.081
4404.72483 18.816 0.065
4412.86541 18.903 0.078
4418.79761 18.881 0.043
4422.86368 18.913 0.085
4426.74198 18.722 0.063
4429.84798 18.748 0.074
4432.72883 18.961 0.048
4436.76819 18.669 0.048
4439.83376 19.002 0.092
4443.70002 18.700 0.058
4449.68477 18.876 0.047
4451.69431 18.977 0.075
4454.71081 18.937 0.052
4455.69307 18.698 0.062
4458.75152 18.923 0.054
4461.66838 18.943 0.052
4465.75153 18.728 0.040
4468.72007 19.003 0.044
4473.69292 18.892 0.044
4477.75108 18.675 0.055
4481.68870 18.755 0.040
4485.73674 18.918 0.063
4489.72021 18.604 0.060
4493.71004 18.856 0.066
4498.68623 18.825 0.056
4501.68359 18.724 0.050
4506.61754 18.963 0.065
4508.63476 18.717 0.047
4510.70831 18.889 0.054
4521.61842 18.889 0.062
4523.63425 18.823 0.050
4525.55367 18.842 0.054
4531.57569 18.917 0.054
4533.57809 18.933 0.058
4537.62811 18.681 0.048
4539.54710 18.724 0.059
4541.59934 18.767 0.060
