2125.61710 19.582 0.198
2129.69151 19.505 0.088
2132.63307 19.564 0.093
2136.53720 19.500 0.123
2141.54891 19.436 0.077
2144.63908 19.308 0.076
2160.60661 19.645 0.138
2347.83310 19.790 0.137
2357.86063 19.608 0.093
2372.84851 19.686 0.117
2383.81116 19.751 0.106
2388.79100 19.570 0.119
2390.81391 19.495 0.109
2397.69809 19.589 0.104
2401.82974 19.726 0.111
2403.90672 19.888 0.125
2405.89412 19.555 0.119
2414.89346 19.500 0.118
2416.85139 19.560 0.105
2424.81876 19.445 0.107
2428.84738 19.547 0.117
2432.86085 19.882 0.274
2434.74572 19.705 0.101
2436.79442 19.371 0.087
2438.75519 19.263 0.087
2441.73288 19.716 0.095
2445.63929 19.468 0.088
2448.65746 19.773 0.303
2455.69702 19.733 0.123
2459.61703 19.239 0.067
2463.54835 19.382 0.110
2466.64456 19.438 0.111
2468.67485 19.739 0.090
2470.65719 19.707 0.106
2472.68536 19.548 0.090
2481.56470 19.435 0.130
2484.62727 19.718 0.139
2486.71924 19.656 0.156
2490.68743 19.548 0.122
2493.64898 19.509 0.105
2495.74759 19.679 0.152
2498.51445 19.480 0.071
2499.47587 19.522 0.112
2500.48648 19.396 0.100
2500.55895 19.397 0.077
2501.48107 19.696 0.168
2502.49242 19.498 0.108
2502.57015 19.634 0.108
2503.47314 19.194 0.281
2508.48357 19.668 0.142
2508.67045 19.588 0.137
2512.61682 19.782 0.157
2517.57069 19.481 0.110
2520.58605 19.435 0.093
2528.49129 19.581 0.140
2538.49773 19.554 0.123
2542.52502 19.573 0.136
2552.49897 19.927 0.192
2556.58312 19.462 0.136
2563.49754 19.583 0.128
2707.86703 19.549 0.093
2714.90635 19.681 0.099
2729.84030 19.667 0.122
2733.92049 19.415 0.129
2744.91804 19.531 0.084
2753.89295 19.805 0.147
2757.80446 19.552 0.107
2761.82156 19.361 0.092
2767.79686 19.955 0.202
2775.72593 19.577 0.154
2783.82991 19.520 0.095
2785.75551 19.362 0.092
2787.60584 19.457 0.133
2789.76255 19.625 0.100
2791.71899 19.714 0.112
2794.93383 19.769 0.178
2796.83267 19.657 0.092
2797.89390 19.407 0.085
2809.72175 19.478 0.127
2811.64610 19.644 0.133
2812.72061 19.445 0.095
2813.82989 19.711 0.119
2814.75341 19.502 0.098
2816.61806 19.576 0.096
2818.58938 19.480 0.085
2820.79598 19.593 0.120
2826.75946 19.426 0.085
2835.64360 19.600 0.157
2839.71283 19.651 0.141
2841.72214 19.488 0.093
2843.64864 19.374 0.097
2845.65931 19.546 0.107
2850.52730 19.453 0.090
2852.53967 19.465 0.136
2854.54339 19.564 0.117
2856.73377 19.643 0.179
2858.68638 19.595 0.216
2862.59907 19.511 0.141
2865.70264 19.614 0.145
2868.58885 19.685 0.102
2879.63543 19.667 0.119
2884.66577 19.567 0.130
2892.65412 19.417 0.153
2895.62782 19.625 0.114
2900.55607 19.604 0.143
2906.50795 19.535 0.136
2911.53215 19.480 0.127
2918.55613 19.554 0.158
2930.57528 19.833 0.234
3051.88680 19.462 0.147
3064.82169 19.599 0.135
3067.89512 19.457 0.084
3070.85666 19.312 0.111
3073.81211 19.477 0.106
3075.85079 19.459 0.104
3079.89533 19.394 0.120
3079.91117 19.689 0.183
3080.82744 19.403 0.099
3080.87253 19.484 0.092
3080.89626 19.366 0.076
3080.90975 19.396 0.094
3081.79722 19.437 0.098
3081.84116 19.549 0.089
3081.91281 19.531 0.157
3082.84337 19.501 0.089
3082.88252 19.410 0.078
3083.80691 19.603 0.086
3083.86835 19.872 0.125
3084.78460 19.435 0.091
3084.86729 19.534 0.083
3085.78834 19.551 0.087
3085.85863 19.382 0.081
3086.84025 19.531 0.083
3088.79775 19.594 0.088
3089.90698 19.473 0.084
3091.82721 19.560 0.089
3096.86532 19.324 0.096
3098.85277 19.637 0.089
3100.80630 19.531 0.098
3101.92005 19.459 0.132
3103.77757 19.386 0.096
3108.77013 19.414 0.080
3109.80230 19.431 0.077
3110.83670 19.505 0.102
3112.79505 19.582 0.090
3113.87598 19.656 0.094
3114.78685 19.589 0.084
3115.87032 19.638 0.096
3116.92578 19.366 0.098
3122.91284 19.666 0.132
3125.87316 19.475 0.121
3126.89877 19.488 0.089
3127.80962 19.599 0.111
3128.82265 19.430 0.092
3130.70056 19.383 0.109
3134.82220 19.628 0.128
3135.90191 19.621 0.119
3138.70364 19.772 0.148
3139.88091 19.573 0.093
3140.88069 19.438 0.084
3142.76893 19.436 0.090
3144.78990 19.467 0.096
3146.81256 19.734 0.132
3151.75252 19.752 0.143
3151.90520 19.537 0.119
3152.75662 19.456 0.102
3153.76052 19.759 0.154
3154.82208 19.592 0.134
3156.84177 19.706 0.137
3158.91588 19.317 0.162
3162.81676 19.470 0.109
3163.62966 19.477 0.081
3163.65141 19.527 0.081
3164.73902 19.579 0.096
3165.75915 19.539 0.075
3166.90431 19.804 0.233
3168.75235 19.391 0.086
3169.72865 19.540 0.094
3170.80575 19.488 0.076
3171.82850 19.564 0.078
3172.75544 19.529 0.082
3174.71241 19.403 0.069
3175.72170 19.531 0.084
3177.75889 19.440 0.140
3178.78541 19.705 0.100
3179.79515 19.545 0.094
3180.72405 19.617 0.075
3182.77501 19.587 0.098
3183.74360 19.745 0.128
3184.70142 19.389 0.072
3185.75408 19.646 0.117
3193.53962 19.475 0.091
3194.59822 19.571 0.119
3195.64553 19.426 0.064
3195.80321 19.666 0.099
3196.54866 19.586 0.110
3197.51617 19.394 0.083
3199.62603 19.705 0.114
3201.51783 19.593 0.105
3202.57222 19.404 0.083
3203.66177 19.379 0.075
3204.65608 19.817 0.111
3205.76972 19.702 0.100
3206.72056 19.435 0.114
3210.54802 19.394 0.128
3211.58637 19.640 0.119
3217.65498 19.387 0.116
3218.65338 19.582 0.141
3219.60924 19.684 0.191
3223.65456 19.729 0.179
3224.70008 19.461 0.091
3226.61742 19.812 0.168
3228.60383 19.679 0.127
3229.63630 19.500 0.088
3230.66988 19.494 0.092
3238.62228 19.637 0.116
3239.70096 19.685 0.151
3240.68209 19.728 0.178
3241.65702 19.944 0.169
3245.55687 19.447 0.113
3247.62676 19.840 0.164
3249.52877 19.519 0.113
3250.66144 19.729 0.157
3253.52921 19.550 0.097
3256.63849 19.319 0.113
3267.53456 19.563 0.117
3267.58718 19.582 0.113
3268.55269 19.467 0.099
3272.58998 19.552 0.137
3275.57296 19.269 0.122
3278.60182 19.159 0.102
3282.57586 19.414 0.074
3288.54839 19.463 0.115
3293.51903 19.908 0.121
3295.52921 19.150 0.051
3314.50326 19.264 0.168
3408.89305 19.299 0.143
3414.86864 19.533 0.124
3421.90025 19.544 0.089
3422.87458 19.351 0.087
3426.86572 19.514 0.097
3429.85652 19.420 0.108
3432.89116 19.413 0.112
3442.89366 19.353 0.080
3445.80640 19.634 0.076
3447.85704 19.620 0.112
3449.86967 19.479 0.077
3452.89025 19.381 0.064
3457.85803 19.747 0.109
3459.85318 19.306 0.083
3467.88304 19.424 0.071
3468.79160 19.466 0.080
3468.86544 19.321 0.063
3468.91501 19.584 0.087
3469.78897 19.615 0.084
3470.80188 19.472 0.069
3471.92829 19.491 0.166
3472.76436 19.449 0.082
3473.78413 19.392 0.087
3474.78079 19.808 0.128
3475.80638 19.333 0.071
3476.90635 19.452 0.066
3477.76819 19.615 0.091
3479.76705 19.563 0.070
3480.72717 19.389 0.067
3481.74511 19.593 0.085
3482.72186 19.512 0.094
3496.72465 19.401 0.097
3497.79621 19.404 0.094
3498.92050 19.491 0.130
3499.86734 19.856 0.118
3500.73356 19.485 0.080
3501.66786 19.527 0.099
3501.72784 19.466 0.092
3502.62798 19.599 0.106
3503.63626 19.659 0.100
3504.66647 19.447 0.114
3506.73149 19.614 0.081
3506.87247 19.457 0.078
3508.66022 19.775 0.176
3508.82289 19.641 0.109
3509.60582 19.236 0.098
3510.75895 19.771 0.115
3510.92411 19.540 0.092
3511.59580 19.524 0.168
3511.61492 19.473 0.147
3511.64734 19.450 0.091
3511.68168 19.441 0.085
3511.68483 19.435 0.085
3511.73442 19.825 0.135
3511.76343 19.658 0.109
3511.79170 19.686 0.094
3511.82381 19.450 0.074
3511.86557 19.655 0.100
3511.89476 19.590 0.104
3512.59729 19.908 0.216
3512.63626 19.796 0.185
3512.68902 19.674 0.120
3512.72077 19.509 0.120
3512.75653 19.239 0.086
3512.80402 19.380 0.090
3512.84434 19.429 0.117
3512.88316 19.626 0.130
3512.93246 19.288 0.092
3517.63912 19.722 0.181
3517.78536 19.536 0.108
3520.58893 19.300 0.086
3520.65852 19.566 0.095
3520.76641 19.659 0.106
3520.86005 19.814 0.137
3520.91701 19.485 0.136
3521.61400 19.441 0.082
3521.72315 19.476 0.066
3521.85065 19.543 0.104
3522.58631 19.532 0.080
3522.69845 19.705 0.080
3522.71928 19.620 0.067
3522.75112 19.633 0.072
3522.92453 19.446 0.098
3523.60753 19.464 0.098
3523.68553 19.563 0.093
3523.75631 19.491 0.061
3523.84705 19.612 0.132
3524.58130 19.729 0.112
3524.61032 19.762 0.111
3524.66312 19.580 0.093
3524.75557 19.521 0.092
3524.80798 19.343 0.090
3524.87994 19.473 0.106
3525.57197 19.565 0.114
3525.64512 19.640 0.085
3525.75447 19.585 0.078
3525.81323 19.657 0.096
3525.92114 19.557 0.124
3526.65870 19.373 0.101
3526.75743 19.419 0.075
3526.87898 19.435 0.088
3526.94529 19.703 0.250
3527.59253 19.376 0.075
3527.71672 19.691 0.076
3527.82177 19.324 0.080
3527.87458 19.735 0.151
3527.92177 19.560 0.166
3528.56114 19.264 0.085
3528.67837 19.475 0.072
3528.79617 19.526 0.099
3528.92649 20.116 0.262
3529.57218 19.546 0.111
3529.70064 19.531 0.068
3529.86606 19.504 0.088
3530.56135 19.423 0.085
3530.61577 19.556 0.067
3530.68957 19.658 0.069
3530.78452 19.537 0.067
3530.85065 19.808 0.083
3533.59907 19.408 0.088
3537.67878 19.696 0.120
3538.61228 19.499 0.091
3539.61917 19.674 0.162
3540.65559 19.471 0.085
3541.78595 19.565 0.111
3544.62268 19.874 0.169
3546.84966 19.787 0.212
3547.81395 19.728 0.167
3549.84397 19.769 0.139
3550.64041 19.459 0.076
3551.64101 19.578 0.072
3552.67633 19.432 0.081
3553.72573 19.496 0.115
3553.78070 19.311 0.105
3553.79268 19.767 0.183
3553.80731 19.630 0.181
3553.82570 19.797 0.206
3553.83747 19.862 0.198
3554.56916 19.779 0.196
3554.58394 19.693 0.170
3554.59615 19.363 0.088
3554.61166 19.622 0.104
3554.62266 19.530 0.122
3554.63207 19.784 0.152
3554.64387 19.604 0.139
3554.65571 19.522 0.131
3554.66426 19.540 0.121
3554.68329 19.667 0.115
3554.69832 19.796 0.138
3554.71358 19.674 0.133
3554.72863 19.753 0.135
3554.74346 19.788 0.134
3554.76366 19.666 0.108
3554.78342 19.967 0.169
3554.80587 19.622 0.111
3554.82612 19.325 0.122
3554.85024 19.482 0.127
3554.86473 20.053 0.235
3555.64890 19.342 0.075
3555.68260 19.492 0.109
3555.76892 19.458 0.112
3556.55101 19.667 0.186
3556.65153 19.720 0.094
3556.76215 19.388 0.091
3556.83450 19.682 0.175
3558.46492 19.537 0.136
3558.53571 19.565 0.101
3558.74593 19.611 0.116
3558.83441 19.347 0.101
3559.56612 19.358 0.083
3559.70436 19.523 0.076
3560.46747 19.548 0.120
3560.60571 19.492 0.086
3560.69921 19.646 0.091
3560.82685 19.901 0.139
3561.46098 19.523 0.204
3561.62731 19.525 0.076
3561.75365 19.668 0.089
3562.46849 19.253 0.083
3562.59411 19.449 0.122
3562.76025 19.526 0.091
3563.48140 19.653 0.115
3563.64485 19.743 0.116
3563.77653 19.525 0.114
3564.51598 19.391 0.140
3564.64065 19.386 0.071
3564.73548 19.250 0.105
3564.78499 19.552 0.134
3565.48063 19.756 0.200
3568.78805 19.435 0.087
3569.47465 19.752 0.335
3569.56798 19.502 0.099
3573.66289 19.735 0.146
3574.69430 19.357 0.081
3575.54180 19.748 0.091
3575.77840 19.443 0.097
3576.69564 19.527 0.104
3577.59578 19.547 0.093
3578.68040 19.561 0.077
3579.62591 19.470 0.076
3580.65910 19.860 0.109
3581.67894 19.763 0.090
3582.65083 19.476 0.071
3583.64121 19.505 0.073
3583.76112 19.665 0.157
3584.64988 19.555 0.077
3584.76451 19.773 0.118
3585.64022 19.535 0.081
3586.72531 19.659 0.084
3589.67885 19.509 0.066
3590.66280 19.707 0.086
3591.68636 19.526 0.075
3593.75331 19.976 0.170
3594.71550 19.477 0.082
3601.66402 19.442 0.098
3602.62463 19.733 0.125
3603.64466 19.433 0.100
3607.64301 19.798 0.102
3608.65839 19.557 0.092
3615.58614 19.746 0.102
3618.58774 19.561 0.106
3620.55096 19.416 0.065
3622.52879 19.278 0.094
3628.60498 19.579 0.136
3630.54432 19.175 0.100
3632.59599 19.435 0.128
3634.49507 19.504 0.110
3639.55395 19.400 0.066
3641.55237 19.522 0.155
3644.51274 19.281 0.088
3648.54449 19.517 0.129
3650.59299 19.797 0.175
3654.54854 19.412 0.132
3656.52980 19.344 0.108
3658.56165 19.487 0.167
3660.53426 19.548 0.151
3664.53801 19.264 0.088
3675.51634 19.853 0.215
3776.87514 19.514 0.115
3782.85981 19.461 0.099
3784.88513 19.419 0.085
3788.85253 19.557 0.121
3790.89494 19.675 0.122
3793.86225 19.582 0.086
3795.84966 19.771 0.147
3798.81286 19.504 0.084
3799.83703 19.405 0.098
3800.83197 19.522 0.107
3801.89146 19.595 0.108
3802.85704 19.457 0.092
3803.89230 19.575 0.091
3805.80876 19.349 0.096
3806.77503 19.335 0.094
3807.79413 19.525 0.124
3808.80181 19.473 0.109
3809.88692 19.354 0.081
3810.85354 19.608 0.102
3811.84514 19.353 0.085
3812.84124 19.390 0.113
3813.83416 19.523 0.093
3814.83305 19.674 0.110
3817.86456 19.670 0.138
3818.89369 19.410 0.074
3819.81139 19.797 0.089
3820.77803 19.498 0.076
3821.78118 19.454 0.076
3822.82057 19.496 0.084
3823.78076 19.629 0.131
3824.74695 19.344 0.102
3825.81181 19.375 0.091
3826.74033 19.904 0.157
3827.80814 19.602 0.085
3828.78275 19.311 0.093
3829.76494 19.455 0.097
3830.74128 19.302 0.076
3831.91478 19.309 0.062
3832.75184 19.394 0.073
3833.76503 19.472 0.080
3834.75076 19.662 0.097
3834.92165 19.794 0.165
3835.73984 19.481 0.097
3836.77089 19.602 0.124
3837.73824 19.493 0.119
3837.91014 19.481 0.086
3838.75003 19.569 0.141
3838.91735 19.495 0.112
3839.74580 19.462 0.112
3840.71179 19.444 0.110
3840.91674 19.288 0.084
3841.75031 19.509 0.105
3841.90104 19.572 0.110
3842.85368 19.473 0.085
3845.72583 19.441 0.143
3845.91657 19.593 0.129
3846.73652 19.591 0.085
3846.92882 19.546 0.110
3847.80260 19.518 0.123
3848.75757 19.762 0.111
3849.75672 19.594 0.087
3850.70075 19.671 0.099
3850.87249 19.490 0.098
3851.71590 19.545 0.099
3851.88079 19.645 0.110
3851.92689 19.809 0.135
3852.70447 19.551 0.100
3852.87571 19.485 0.088
3853.69289 19.655 0.085
3853.86119 19.597 0.088
3853.93198 19.767 0.116
3856.68292 19.424 0.082
3856.84968 19.592 0.088
3857.92060 19.496 0.100
3858.76930 19.898 0.098
3859.80750 19.409 0.084
3860.67702 19.672 0.118
3860.91585 19.257 0.087
3861.67507 19.799 0.123
3861.77866 19.525 0.074
3862.70777 19.473 0.075
3862.87080 19.568 0.095
3863.64580 19.459 0.091
3863.85989 19.741 0.090
3864.68273 19.279 0.077
3864.87280 19.520 0.075
3864.93174 19.562 0.076
3865.69355 19.508 0.096
3865.83029 19.718 0.112
3865.90706 19.534 0.081
3866.69202 19.354 0.071
3866.83148 19.570 0.090
3866.91039 19.556 0.075
3867.63487 19.570 0.113
3867.82053 19.256 0.086
3867.89358 19.555 0.093
3868.71798 19.524 0.123
3868.86965 19.515 0.130
3869.69778 19.534 0.097
3869.87874 19.426 0.116
3872.89511 19.300 0.089
3873.65067 19.402 0.077
3873.79274 19.619 0.096
3873.86547 19.615 0.116
3873.93508 20.011 0.188
3874.74977 19.377 0.091
3875.66344 19.486 0.061
3875.81884 19.677 0.096
3875.90984 19.985 0.134
3876.64064 19.487 0.067
3877.63877 19.594 0.096
3877.79011 19.629 0.076
3877.86400 19.458 0.081
3880.61183 19.502 0.085
3880.83967 19.665 0.114
3880.91843 19.724 0.114
3881.66883 19.617 0.092
3881.88032 19.506 0.076
3881.92708 19.336 0.070
3882.75711 19.763 0.110
3882.83138 19.417 0.086
3882.90021 19.395 0.078
3883.64650 19.499 0.113
3883.84419 19.533 0.073
3886.60859 19.554 0.098
3886.80136 19.671 0.090
3886.87322 19.530 0.112
3887.58191 19.223 0.086
3887.78455 19.930 0.112
3887.88411 19.734 0.120
3888.59798 19.300 0.076
3889.66439 19.530 0.077
3889.94261 19.567 0.129
3890.64956 19.390 0.077
3891.67402 19.818 0.129
3891.80226 19.367 0.078
3891.88424 19.565 0.112
3892.57560 19.350 0.125
3892.94155 19.852 0.174
3893.62782 19.457 0.089
3893.86966 19.556 0.131
3894.67823 19.526 0.117
3896.61582 20.040 0.261
3900.53709 19.479 0.125
3900.72351 19.552 0.088
3900.80213 19.619 0.109
3900.87078 19.408 0.095
3901.54724 19.618 0.108
3901.72859 19.586 0.113
3901.80583 19.546 0.124
3901.87478 19.661 0.153
3902.56993 19.758 0.111
3902.74944 19.460 0.082
3902.86841 19.847 0.170
3903.66106 19.469 0.078
3904.55825 19.530 0.086
3904.72127 19.443 0.075
3904.79034 19.621 0.095
3904.89248 19.888 0.146
3905.55498 19.589 0.086
3905.73167 19.524 0.074
3905.80170 19.480 0.067
3905.87027 19.659 0.106
3906.56951 19.644 0.115
3906.71012 19.591 0.093
3906.78247 19.782 0.122
3906.86169 19.502 0.115
3907.60029 19.500 0.096
3907.78250 19.580 0.168
3908.53638 19.815 0.130
3908.72205 19.500 0.094
3908.80212 19.416 0.080
3908.88171 19.747 0.119
3909.53824 19.640 0.113
3909.72098 19.645 0.073
3909.81142 19.764 0.095
3910.57469 19.486 0.094
3912.53735 19.536 0.066
3912.72473 19.599 0.068
3912.81864 19.764 0.091
3913.52887 19.525 0.075
3913.73429 19.798 0.127
3913.82321 19.428 0.068
3914.55264 19.353 0.090
3915.53036 19.897 0.133
3915.73238 19.536 0.097
3915.83058 19.494 0.094
3916.56905 19.402 0.099
3916.81298 19.937 0.154
3917.61779 19.560 0.121
3917.82353 19.764 0.140
3918.61112 19.897 0.167
3918.82125 19.749 0.152
3919.54938 19.364 0.102
3919.75800 19.852 0.114
3920.51573 19.735 0.155
3920.71181 19.470 0.095
3920.79718 19.360 0.072
3921.51190 19.542 0.099
3921.71115 19.608 0.167
3921.72563 19.873 0.194
3922.71556 19.712 0.160
3930.54881 19.798 0.129
3930.79059 19.274 0.127
3931.50444 19.338 0.092
3932.53202 19.493 0.101
3932.80377 19.850 0.147
3933.51844 19.836 0.122
3933.70290 19.669 0.089
3933.77490 19.868 0.127
3934.49233 19.594 0.091
3934.66238 19.463 0.076
3934.73222 19.499 0.077
3935.54223 19.585 0.109
3935.71356 19.794 0.148
3935.81110 19.355 0.106
3936.49561 19.512 0.123
3936.66111 19.484 0.086
3936.73748 19.342 0.096
3938.50338 19.650 0.147
3938.69838 19.667 0.105
3938.80354 20.048 0.225
3940.58804 19.506 0.104
3941.70466 19.472 0.106
3944.55594 19.753 0.114
3944.75630 19.439 0.094
3945.78420 20.044 0.183
3946.51507 19.369 0.110
3946.70728 19.664 0.111
3950.52381 19.501 0.086
3950.73886 19.949 0.157
3951.51657 19.688 0.124
3951.74782 19.483 0.119
3956.56974 19.145 0.097
3957.50816 19.430 0.128
3958.57897 19.402 0.091
3959.51173 19.732 0.128
3959.68615 19.576 0.112
3960.50097 19.523 0.086
3960.68007 19.626 0.083
3961.57227 19.449 0.110
3963.53360 19.348 0.083
3963.71100 19.823 0.138
3964.52870 19.602 0.091
3965.51313 19.527 0.081
3965.70443 19.536 0.085
3966.48831 19.577 0.104
3966.69006 19.561 0.108
3967.52267 19.339 0.097
3967.71549 19.582 0.102
3968.50079 19.433 0.101
3968.67075 19.599 0.118
3969.48241 19.402 0.102
3969.68309 19.782 0.131
3970.51155 19.416 0.111
3970.69014 19.589 0.094
3971.55540 19.798 0.158
3973.58160 19.440 0.094
3974.51087 19.668 0.112
3975.51377 19.361 0.074
3975.68559 19.644 0.138
3976.50833 19.708 0.097
3976.68438 19.664 0.179
3979.51057 19.676 0.269
3982.57121 19.384 0.102
3983.52886 19.630 0.188
3986.58566 19.607 0.136
3987.50800 19.592 0.124
3988.52093 19.880 0.107
3989.53152 19.482 0.098
3990.54835 19.604 0.114
3991.50409 19.551 0.111
3993.55583 19.539 0.120
3994.56650 19.485 0.116
3995.57406 19.512 0.082
3999.61142 19.491 0.106
4002.50083 19.598 0.120
4003.49504 19.593 0.096
4004.52914 19.527 0.090
4006.52207 19.537 0.111
4012.50201 19.622 0.159
4016.51765 19.508 0.135
4018.55541 19.407 0.116
4020.54065 19.601 0.132
4023.54098 19.672 0.155
4025.56038 19.780 0.161
4028.49978 19.484 0.145
4031.49990 19.298 0.110
4038.50523 19.123 0.120
4040.51963 19.868 0.259
4043.51205 19.481 0.191
4141.87980 19.411 0.104
4150.89500 19.809 0.250
4153.88292 19.418 0.098
4156.86131 19.397 0.114
4158.88088 19.442 0.108
4161.84885 19.501 0.132
4163.83171 19.428 0.111
4165.81315 19.677 0.235
4168.81030 19.480 0.107
4170.80228 19.349 0.201
4175.79289 19.591 0.121
4176.90424 19.528 0.094
4178.80800 19.425 0.093
4179.85231 19.544 0.091
4181.78873 19.605 0.132
4182.83368 19.513 0.084
4183.86981 19.513 0.101
4184.91044 19.530 0.081
4189.84565 19.864 0.167
4191.81073 19.655 0.190
4193.74509 19.756 0.242
4194.79064 19.508 0.110
4196.78072 19.527 0.122
4202.76224 19.467 0.089
4203.75026 19.625 0.082
4204.74254 19.427 0.097
4204.92483 19.657 0.122
4205.73906 19.586 0.091
4207.72853 19.433 0.098
4208.75063 19.559 0.097
4211.79479 19.550 0.116
4212.87196 19.472 0.122
4213.71516 19.547 0.124
4213.91873 19.807 0.112
4215.74785 19.541 0.111
4216.70564 19.429 0.096
4217.71308 19.651 0.102
4217.91673 19.382 0.072
4218.76271 19.450 0.133
4219.76364 19.410 0.102
4220.70560 19.475 0.122
4222.67432 19.572 0.158
4222.92180 19.357 0.088
4224.78781 19.402 0.106
4228.68320 19.382 0.092
4228.91679 19.697 0.159
4229.63892 19.718 0.178
4229.67688 19.529 0.151
4229.87385 19.578 0.105
4230.68656 19.541 0.097
4230.87463 19.529 0.114
4230.93953 19.716 0.271
4231.62893 19.599 0.128
4231.77314 19.435 0.095
4231.89733 19.480 0.120
4232.68098 19.517 0.141
4232.84201 20.067 0.291
4233.81627 19.519 0.122
4234.71444 19.612 0.121
4235.64246 19.479 0.108
4235.80369 19.584 0.091
4235.89612 19.565 0.097
4238.62838 19.542 0.168
4238.88080 19.461 0.131
4239.63511 19.396 0.109
4240.68249 19.464 0.116
4240.81973 19.340 0.088
4243.64830 19.474 0.118
4243.74101 19.379 0.088
4243.83477 19.550 0.125
4244.62065 19.488 0.131
4244.71689 19.433 0.091
4244.80969 19.760 0.122
4245.61373 19.302 0.092
4245.70764 19.503 0.092
4245.80347 19.454 0.081
4246.67204 19.554 0.101
4246.76491 19.562 0.107
4246.85824 19.405 0.104
4247.68726 19.413 0.093
4247.83087 19.661 0.108
4250.73542 19.502 0.107
4251.80699 19.530 0.168
4256.62311 19.501 0.167
4256.76913 19.867 0.200
4257.65477 19.389 0.102
4258.63816 19.470 0.133
4258.76065 19.540 0.111
4258.85477 19.577 0.140
4267.59874 19.474 0.106
4268.56196 19.556 0.131
4268.84482 19.543 0.100
4269.58117 19.407 0.090
4269.70169 19.662 0.106
4269.79097 19.433 0.082
4270.57471 19.570 0.115
4272.60306 19.378 0.086
4272.75221 19.618 0.110
4272.88300 19.689 0.175
4273.62018 19.490 0.133
4273.80082 19.531 0.124
4273.86198 19.457 0.157
4274.55282 19.399 0.118
4274.70657 19.563 0.140
4274.76771 19.503 0.117
4274.82612 19.580 0.154
4275.60526 19.477 0.101
4275.78061 19.339 0.106
4275.84171 19.359 0.131
4276.59004 19.528 0.130
4277.53384 19.681 0.199
4277.71076 19.270 0.080
4277.76945 19.490 0.131
4277.82806 19.370 0.157
4278.57872 19.581 0.161
4278.75489 19.751 0.185
4283.51325 19.521 0.145
4283.73356 19.446 0.122
4284.50820 19.693 0.155
4284.69878 19.471 0.108
4284.76111 19.526 0.108
4284.82593 19.879 0.247
4285.51129 19.755 0.199
4285.69941 19.813 0.148
4285.76585 19.712 0.123
4285.83117 19.517 0.129
4286.51098 19.524 0.132
4286.81178 19.248 0.115
4289.51880 19.461 0.116
4289.73733 19.541 0.129
4289.80246 19.668 0.134
4290.56510 19.376 0.118
4291.62769 19.433 0.086
4292.49335 19.393 0.089
4292.67255 19.555 0.096
4292.73113 19.585 0.099
4292.78967 19.373 0.087
4293.49368 19.389 0.094
4293.71829 19.571 0.097
4293.77710 19.622 0.107
4294.49286 19.568 0.122
4295.49997 19.366 0.094
4295.69800 19.609 0.078
4295.75658 19.694 0.097
4296.49700 19.394 0.104
4296.69354 19.493 0.083
4296.82719 19.882 0.182
4297.51655 19.480 0.119
4297.71817 19.778 0.101
4298.55144 19.297 0.085
4298.65716 19.616 0.111
4298.76304 19.736 0.169
4299.53445 19.764 0.102
4299.62745 19.605 0.090
4299.71965 19.458 0.077
4299.81422 19.805 0.180
4300.53013 19.638 0.117
4300.65020 19.500 0.090
4300.74572 19.727 0.110
4301.52100 19.506 0.092
4301.61676 19.526 0.088
4301.71788 19.647 0.105
4301.80771 19.573 0.108
4302.59398 19.632 0.117
4302.69417 19.773 0.139
4303.68000 19.482 0.120
4304.55411 19.639 0.154
4304.67224 19.496 0.131
4306.63808 19.431 0.111
4306.69341 19.473 0.122
4310.61727 19.550 0.155
4312.54955 19.563 0.137
4312.74800 19.751 0.129
4315.64052 19.531 0.135
4316.71371 19.557 0.131
4317.56179 19.515 0.089
4319.51904 19.473 0.136
4319.77388 19.877 0.164
4320.54586 19.321 0.081
4326.51310 19.586 0.109
4326.71029 19.577 0.142
4327.59176 19.573 0.135
4328.51854 19.557 0.125
4328.69657 19.380 0.102
4329.52829 19.478 0.105
4329.67616 19.620 0.136
4330.49940 19.444 0.093
4330.69269 19.618 0.117
4331.47955 19.447 0.129
4331.68841 19.677 0.146
4332.50933 19.478 0.086
4333.53041 19.553 0.122
4333.69154 19.366 0.125
4334.50379 19.736 0.380
4338.50363 19.564 0.132
4339.48098 19.529 0.130
4339.69743 19.772 0.236
4340.60129 19.476 0.120
4341.50429 19.518 0.158
4342.53348 19.493 0.108
4343.51231 19.611 0.085
4344.54055 19.405 0.142
4345.50573 19.740 0.108
4346.51843 19.359 0.105
4347.53314 19.450 0.107
4349.49479 19.639 0.129
4350.54143 19.673 0.101
4351.50732 19.389 0.088
4352.55786 19.429 0.139
4353.51122 19.471 0.094
4354.53991 19.446 0.083
4355.54256 19.612 0.117
4356.50794 19.569 0.106
4357.53702 19.681 0.144
4358.50004 19.603 0.156
4359.53760 19.412 0.097
4360.56694 19.796 0.168
4361.57036 19.463 0.158
4362.51211 19.737 0.172
4365.56297 19.636 0.176
4367.48900 19.655 0.112
4368.53264 19.470 0.136
4370.49667 19.547 0.117
4371.53510 19.588 0.102
4372.52084 19.565 0.088
4373.50704 19.446 0.132
4376.57174 19.361 0.146
4377.60896 20.037 0.247
4378.51953 19.702 0.139
4379.53457 19.617 0.184
4380.54607 19.608 0.113
4381.52475 19.498 0.156
4382.56729 19.761 0.176
4383.55782 19.712 0.159
4384.53200 19.527 0.134
4387.59148 20.073 0.233
4393.53185 19.337 0.105
4394.49934 19.520 0.118
4394.54721 19.775 0.164
4395.49780 19.327 0.128
4395.51864 19.494 0.135
4396.51064 19.976 0.260
4397.53493 19.579 0.154
4398.53987 19.605 0.154
4399.53253 19.669 0.191
4400.53460 19.692 0.244
4402.55102 19.615 0.196
4403.55008 19.586 0.182
4407.52599 19.632 0.192
4408.54087 19.731 0.215
4507.85625 19.497 0.154
4510.86176 19.522 0.115
4513.86288 19.316 0.082
4517.86201 19.579 0.195
4519.88299 19.560 0.099
4522.87688 19.403 0.128
4524.81274 19.670 0.151
4530.82038 19.477 0.085
4533.85623 19.511 0.117
4535.83897 19.473 0.119
4536.89666 19.644 0.111
4537.88230 19.390 0.075
4538.81739 19.562 0.112
4539.85545 19.560 0.109
4540.80164 19.478 0.088
4541.79438 19.637 0.104
4542.78905 19.280 0.106
4543.78457 19.520 0.105
4544.78148 19.393 0.112
4545.78780 19.501 0.115
4546.79492 19.542 0.116
4547.78888 19.281 0.085
4548.79984 19.462 0.135
4550.74290 19.563 0.160
4551.76607 19.476 0.110
4552.76206 19.790 0.380
4556.75813 19.494 0.093
4557.77535 19.480 0.101
4558.75229 19.628 0.096
4558.92209 19.553 0.131
4559.75021 19.398 0.083
4560.75033 19.394 0.084
4561.74039 19.503 0.098
4564.73057 19.664 0.111
4565.72866 19.573 0.082
4565.91953 19.620 0.083
4566.72811 19.336 0.073
4567.72116 19.729 0.119
4567.92699 19.533 0.128
4568.72972 19.442 0.096
4569.73882 19.434 0.107
4570.72942 19.724 0.137
4571.72408 19.383 0.115
4571.91264 19.584 0.098
4572.75158 19.471 0.087
4573.73996 19.437 0.096
4573.90631 19.713 0.094
4574.74234 19.339 0.104
4575.75142 19.519 0.106
4576.75794 19.428 0.092
4577.83964 19.599 0.125
4578.79067 19.654 0.172
4579.86759 19.532 0.179
4583.73438 19.204 0.109
4583.92718 19.545 0.109
4585.75808 19.463 0.130
4586.78329 19.436 0.123
4587.77104 19.625 0.122
4587.92958 19.700 0.170
4588.69350 19.432 0.108
4588.92436 19.617 0.109
4589.67641 19.603 0.115
4589.83181 19.553 0.110
4589.89383 19.683 0.135
4590.69919 19.306 0.089
4590.90384 19.637 0.114
4591.70769 19.785 0.129
4591.83314 19.408 0.084
4591.89968 19.551 0.106
4592.66630 19.506 0.145
4592.85558 19.508 0.121
4592.93393 19.791 0.158
4593.65547 19.383 0.105
4593.86516 19.486 0.095
4594.67648 19.344 0.094
4594.87150 19.754 0.130
4595.66598 19.446 0.099
4595.86041 19.477 0.097
4595.92227 19.574 0.114
4596.66120 19.540 0.121
4597.68564 19.360 0.094
4597.87715 19.652 0.112
4598.66193 19.421 0.071
4598.93062 19.485 0.106
4599.63440 19.448 0.118
4599.92496 19.444 0.116
4600.64366 19.276 0.067
4600.85238 19.533 0.092
4601.64923 19.416 0.084
4601.86546 19.597 0.088
4601.92735 19.422 0.093
4602.64185 19.453 0.084
4602.85129 19.525 0.085
4603.76932 19.622 0.136
4606.64313 19.547 0.119
4606.89822 19.521 0.121
4610.73931 19.473 0.088
4611.62860 19.451 0.121
4611.81948 19.694 0.112
4612.64998 19.500 0.118
4615.79173 19.425 0.099
4616.60074 19.560 0.125
4616.81725 19.663 0.107
4616.88724 19.748 0.143
4617.66973 19.448 0.088
4618.61250 19.529 0.102
4621.91328 19.680 0.106
4622.81092 19.383 0.099
4622.92225 19.518 0.169
4623.64476 19.759 0.117
4623.87002 19.536 0.129
4624.58999 19.463 0.121
4624.81413 19.762 0.140
4624.88050 19.533 0.100
4625.60409 19.512 0.127
4625.79444 19.599 0.137
4625.91093 19.618 0.175
4626.60257 19.563 0.130
4626.85789 19.535 0.141
4627.56305 19.591 0.123
4627.85235 19.481 0.069
4627.91960 19.641 0.101
4628.55033 19.452 0.102
4628.75659 19.625 0.109
4628.82206 19.706 0.119
4628.89194 19.882 0.155
4629.62775 19.472 0.076
4629.83037 19.657 0.115
4629.90837 19.510 0.118
4630.56366 19.579 0.130
4630.76952 19.669 0.106
4630.85288 19.473 0.098
4630.91564 19.538 0.132
4631.56505 19.359 0.074
4631.78081 19.554 0.083
4631.86750 19.585 0.114
4632.56886 19.812 0.134
4632.85560 19.562 0.116
4633.56884 19.272 0.081
4633.68034 19.556 0.088
4633.79608 19.767 0.130
4638.75387 19.707 0.140
4638.86409 19.755 0.171
4639.57641 19.576 0.127
4639.67421 19.360 0.090
4640.59594 19.344 0.088
4640.72810 19.805 0.116
4640.83311 19.828 0.166
4641.66993 19.478 0.101
4641.77989 19.503 0.106
4642.59382 19.501 0.100
4642.75635 19.492 0.097
4642.83142 19.401 0.116
4643.55162 19.439 0.112
4644.59896 19.447 0.118
4644.85795 19.433 0.096
4645.52206 19.210 0.113
4645.77050 19.795 0.136
4645.84521 20.079 0.218
4646.52006 19.702 0.120
4646.85247 19.647 0.132
4647.51645 19.660 0.144
4647.73950 19.849 0.185
4647.85053 19.649 0.145
4648.49962 19.397 0.111
4648.71609 19.708 0.129
4648.81712 19.549 0.124
4649.52569 19.609 0.147
4649.73440 19.499 0.076
4649.86080 19.712 0.146
4650.51165 19.418 0.118
4650.77559 19.727 0.116
4650.86931 19.954 0.217
4651.51503 19.621 0.163
4651.81016 19.518 0.142
4652.50607 19.483 0.118
4652.71920 19.549 0.100
4652.79409 19.651 0.120
4652.84382 19.780 0.190
4653.50241 19.161 0.110
4653.72160 19.557 0.106
4653.78680 19.554 0.141
4654.54123 19.429 0.101
4654.75269 19.575 0.109
4654.81778 19.435 0.164
4655.50227 19.302 0.116
4655.72677 19.431 0.076
4655.78855 19.649 0.119
4656.50422 19.617 0.090
4656.69398 19.480 0.104
4656.81322 19.613 0.140
4657.73013 19.724 0.160
4658.66269 19.380 0.096
4659.59670 19.380 0.136
4660.61501 19.410 0.102
4661.49227 19.637 0.135
4661.69295 19.351 0.112
4661.75444 19.493 0.167
4665.65972 19.599 0.159
4666.56516 19.618 0.132
4666.70824 19.519 0.120
4666.75039 19.397 0.124
4670.64986 19.549 0.111
4671.58536 19.498 0.086
4672.51088 19.500 0.084
4672.70334 19.616 0.109
4672.72562 19.770 0.124
4674.51396 19.524 0.127
4674.70707 19.637 0.123
4675.68161 19.480 0.092
4677.49057 19.381 0.089
4677.63697 19.623 0.120
4677.77947 19.700 0.149
4678.69395 19.630 0.102
4679.49619 19.531 0.157
4681.53198 19.636 0.113
4681.63200 19.556 0.106
4681.76420 19.644 0.123
4682.50298 19.269 0.080
4682.66031 19.470 0.084
4682.75551 19.493 0.093
4683.52150 19.513 0.130
4683.70842 19.537 0.106
4684.51402 19.411 0.095
4684.72774 19.502 0.089
4685.49899 19.606 0.155
4685.73396 19.308 0.094
4686.50273 19.664 0.123
4687.48649 19.412 0.097
4687.74200 19.547 0.123
4688.49942 19.772 0.159
4688.68924 19.711 0.124
4688.75105 19.772 0.169
4693.54697 19.601 0.112
4694.54225 19.419 0.156
4697.50290 19.819 0.133
4698.50839 19.483 0.084
4699.50456 19.418 0.094
4700.51083 19.665 0.106
4701.50612 19.457 0.101
4702.50463 19.553 0.110
4703.57515 19.611 0.109
4704.64488 19.461 0.092
4705.50828 19.538 0.100
4707.63863 19.527 0.092
4708.54152 19.487 0.128
4709.51762 19.422 0.134
4710.54724 19.664 0.122
4715.58658 19.457 0.130
4716.58898 19.498 0.162
4720.55614 19.481 0.123
4721.48767 19.400 0.151
4722.60096 19.793 0.147
4724.51004 19.699 0.174
4725.48885 19.402 0.141
4726.54976 19.491 0.162
4728.59487 19.300 0.118
4729.55037 19.876 0.195
4730.56906 19.365 0.092
4731.57363 19.436 0.102
4733.52530 19.420 0.101
4734.55466 19.614 0.140
4737.54558 19.622 0.135
4740.55610 19.693 0.144
4741.56379 19.654 0.122
4743.56944 19.478 0.127
4753.54962 19.371 0.129
4756.52846 20.020 0.258
4758.51130 19.628 0.166
4868.88180 19.266 0.095
4870.85255 19.352 0.129
4873.85454 19.354 0.102
4874.84898 19.535 0.144
4877.84883 19.348 0.088
4884.85638 19.429 0.088
4887.82847 19.523 0.088
4890.88445 19.298 0.084
4896.87268 19.852 0.121
4899.84360 19.441 0.094
4900.88502 19.560 0.099
4901.88342 19.381 0.085
4902.88214 19.297 0.077
4904.80623 19.358 0.090
4905.91023 19.426 0.127
4910.81218 19.565 0.116
4911.78274 19.490 0.078
4912.77967 19.529 0.068
4914.79673 19.273 0.068
4917.75776 19.509 0.084
4920.73782 19.550 0.085
4920.75032 19.393 0.077
4924.77886 19.454 0.080
4925.81881 19.547 0.086
4925.90587 19.560 0.074
4927.71851 19.290 0.118
4927.87299 19.561 0.118
4928.73498 19.379 0.101
4929.79125 19.783 0.123
4930.70575 19.550 0.141
4930.82468 19.388 0.108
4931.72058 19.345 0.120
4931.86625 19.462 0.104
4932.72363 19.394 0.094
4932.82430 19.643 0.095
4933.77197 19.381 0.121
4934.87519 19.562 0.131
4938.68096 19.297 0.098
4938.88559 19.404 0.107
4939.69987 19.647 0.129
4940.69986 19.412 0.086
4941.67863 19.319 0.087
4941.77660 19.781 0.131
4942.71640 19.407 0.080
4943.67043 19.500 0.088
4943.80994 19.428 0.087
4944.66726 19.402 0.085
4944.82270 19.643 0.089
4945.71570 19.518 0.088
4945.77218 19.314 0.067
4946.66535 19.409 0.088
4947.65907 19.451 0.080
4947.85730 19.531 0.086
4948.83959 19.455 0.070
4950.67748 19.454 0.086
4951.64774 19.387 0.096
4952.64597 19.149 0.078
4953.63960 19.480 0.107
4953.81417 19.462 0.097
4954.64114 19.348 0.093
4954.83401 19.485 0.092
4955.64184 19.515 0.133
4955.67654 19.427 0.106
4955.69574 19.264 0.078
4955.72772 19.257 0.095
4955.77521 19.527 0.110
4955.82073 19.334 0.089
4955.84252 19.850 0.172
