2124.49662 15.978 0.007
2128.51842 16.371 0.007
2131.52078 15.971 0.006
2134.48886 16.254 0.007
2137.50651 15.640 0.005
2141.49295 16.197 0.007
2144.49140 16.070 0.007
2168.50166 15.851 0.006
2194.51910 16.253 0.007
2345.89487 16.250 0.007
2356.83938 15.639 0.005
2369.91719 16.371 0.007
2379.81761 15.572 0.005
2385.83142 16.349 0.007
2389.82895 16.059 0.006
2396.84062 16.006 0.006
2401.92713 15.864 0.006
2404.81661 16.037 0.006
2406.69341 16.044 0.007
2414.63701 15.996 0.007
2416.70920 16.260 0.007
2417.61508 16.257 0.009
2424.60607 16.231 0.007
2432.67220 16.279 0.008
2434.89683 16.192 0.008
2436.88560 16.238 0.007
2439.81123 15.589 0.005
2446.70709 16.268 0.007
2453.70921 16.257 0.007
2459.55348 15.813 0.005
2462.77240 15.603 0.005
2463.73632 15.650 0.005
2465.60505 15.642 0.005
2467.73587 16.232 0.007
2469.78191 15.993 0.006
2471.49179 16.233 0.007
2473.77339 16.152 0.007
2484.55660 16.173 0.007
2489.66990 16.098 0.005
2492.62249 16.255 0.007
2494.67525 15.680 0.005
2496.73656 16.159 0.007
2499.51413 16.079 0.006
2501.53962 16.261 0.007
2511.52070 15.598 0.005
2516.54323 16.260 0.007
2519.57873 15.896 0.006
2524.62506 15.922 0.006
2528.52775 15.983 0.007
2539.56717 16.334 0.007
2549.55777 15.860 0.007
2554.53295 16.260 0.007
2566.52844 16.055 0.008
2711.84846 16.084 0.006
2726.86089 16.118 0.006
2731.86780 15.774 0.005
2752.76361 16.250 0.007
2754.92598 16.002 0.006
2758.90605 16.278 0.008
2764.91469 16.235 0.007
2769.74977 16.269 0.005
2783.70475 16.248 0.006
2785.61040 16.266 0.007
2787.66751 15.846 0.006
2789.91037 16.136 0.007
2791.89020 15.846 0.006
2794.58086 16.361 0.008
2796.87061 16.265 0.007
2797.84275 16.380 0.007
2809.64112 15.635 0.005
2811.62470 15.972 0.007
2813.57866 16.125 0.007
2815.54606 16.231 0.007
2817.61758 15.667 0.006
2819.72601 16.215 0.007
2821.78593 16.054 0.007
2830.51644 16.246 0.015
2834.65100 16.073 0.007
2836.60318 16.221 0.007
2840.63011 15.846 0.005
2842.55018 15.966 0.005
2844.58221 16.217 0.006
2847.68532 15.907 0.007
2851.50182 16.046 0.006
2853.50707 16.250 0.007
2855.60328 15.750 0.006
2857.68868 16.233 0.007
2861.57790 16.350 0.007
2864.58814 15.974 0.007
2867.49933 16.172 0.007
2870.58171 15.661 0.006
2875.59019 16.279 0.007
2879.51319 15.770 0.006
2884.54262 16.369 0.007
2888.55193 16.088 0.007
2898.50828 16.228 0.007
2905.53737 16.252 0.008
2910.53418 16.009 0.007
2915.56314 15.621 0.007
2923.55117 15.689 0.006
2935.54274 16.229 0.008
3055.85114 16.026 0.006
