 739.86135 19.232 0.121
 745.85430 19.386 0.093
 746.84019 19.200 0.081
 750.80056 19.084 0.078
 751.80138 18.972 0.074
 752.85921 19.240 0.084
 755.78342 19.033 0.098
 766.84022 18.973 0.100
 773.79581 18.992 0.138
 776.82101 18.902 0.061
 778.85410 19.033 0.106
 780.78138 19.190 0.076
 782.81001 19.037 0.072
 788.83749 18.964 0.061
 792.74754 19.171 0.104
 795.83289 19.200 0.080
 798.75719 19.161 0.076
 817.75553 18.995 0.061
 819.83220 19.020 0.092
 824.70290 18.937 0.088
 826.79555 18.850 0.088
 828.75201 18.988 0.073
 829.69960 18.983 0.067
 830.75773 18.914 0.065
 831.59500 19.053 0.169
 832.76460 19.014 0.076
 833.58419 19.130 0.076
 834.70348 19.225 0.092
 835.80594 18.861 0.063
 837.66783 19.219 0.067
 841.75531 19.011 0.074
 842.74522 19.293 0.108
 844.60016 19.109 0.101
 850.76296 19.336 0.113
 854.78784 19.299 0.161
 855.70988 19.338 0.179
 857.73056 19.347 0.127
 858.69370 19.171 0.093
 859.76046 19.370 0.109
 860.65341 18.942 0.078
 865.57073 18.926 0.102
 867.62582 19.044 0.082
 874.68952 18.946 0.059
 876.60558 19.023 0.072
 876.70806 18.927 0.057
 878.69561 18.850 0.065
 880.62991 19.123 0.081
 885.58906 19.476 0.380
 893.71080 18.966 0.089
 900.56601 19.332 0.117
 919.56789 19.032 0.121
 925.52094 19.125 0.122
 934.52771 19.077 0.117
 947.54251 19.121 0.169
 950.52087 18.997 0.081
1072.90347 19.223 0.100
1080.81545 19.111 0.069
1083.82598 18.936 0.089
1086.84944 18.983 0.073
1090.77709 18.812 0.157
1091.88489 19.119 0.101
1092.82750 18.962 0.084
1093.83957 19.010 0.080
1108.78948 19.048 0.070
1119.84216 19.119 0.082
1126.76656 19.153 0.100
1129.83086 19.207 0.092
1131.83678 18.970 0.096
1132.82639 19.158 0.078
1138.84990 19.285 0.101
1142.77657 18.910 0.059
1152.73424 18.854 0.110
1154.74977 18.999 0.080
1155.70603 19.100 0.093
1157.75991 18.873 0.106
1159.76563 18.945 0.076
1161.82966 18.812 0.053
1163.83156 19.006 0.070
1166.76393 19.042 0.106
1167.79018 19.035 0.106
1168.77281 18.919 0.094
1171.74169 19.304 0.069
1175.73911 19.195 0.080
1179.78851 19.115 0.101
1181.75202 19.144 0.098
1185.83431 19.399 0.086
1187.78963 19.280 0.085
1189.72608 19.203 0.072
1191.76480 19.186 0.065
1193.81553 19.368 0.082
1194.69116 18.939 0.089
1201.77967 19.215 0.100
1202.78888 19.140 0.085
1206.79560 19.068 0.082
1211.76377 18.962 0.105
1215.58270 19.160 0.072
1217.74082 18.895 0.068
1220.76250 18.983 0.092
1221.62835 19.124 0.096
1223.71697 19.010 0.093
1226.60657 19.258 0.085
1227.61138 19.188 0.081
1233.57224 18.966 0.073
1235.71002 19.197 0.100
1238.63254 18.992 0.109
1240.70828 19.250 0.131
1242.52621 18.826 0.134
1244.66273 19.016 0.082
1248.62075 18.948 0.102
1251.57525 18.873 0.081
1255.62299 18.947 0.094
1256.62702 18.953 0.076
1258.61420 18.981 0.068
1276.56317 19.257 0.104
1278.56672 19.175 0.114
1279.54949 19.223 0.108
1290.53082 19.017 0.104
1298.50735 18.889 0.121
1301.58175 19.081 0.122
1315.53108 19.101 0.134
1318.51363 19.224 0.138
1320.50635 19.323 0.130
1330.51654 19.174 0.153
1335.50968 19.226 0.126
1431.86900 19.033 0.072
1433.86393 18.942 0.090
1439.85569 18.993 0.068
1441.87438 19.092 0.082
1443.89606 18.950 0.076
1447.82707 19.166 0.137
1449.86888 19.017 0.109
1453.81635 19.050 0.295
1454.88240 19.052 0.134
1462.82723 19.085 0.129
1471.82489 19.072 0.076
1476.71655 19.039 0.092
1478.79490 19.008 0.080
1484.78307 18.864 0.064
1487.85395 18.931 0.068
1491.79372 18.881 0.078
1493.73574 19.282 0.105
1496.63263 19.135 0.104
1498.69969 19.171 0.086
1500.83993 19.081 0.073
1505.78255 19.315 0.114
1507.73351 19.141 0.106
1508.68622 19.033 0.072
1509.71151 19.070 0.080
1511.70476 19.162 0.102
1512.80949 19.216 0.100
1514.75313 19.114 0.101
1517.71825 19.129 0.067
1519.67181 18.987 0.080
1522.75200 19.189 0.085
1523.69693 18.890 0.100
1525.67342 18.947 0.089
1527.79291 19.027 0.129
1528.80130 19.037 0.074
1531.82265 19.051 0.072
1549.83751 18.948 0.080
1552.71408 19.280 0.089
1553.78911 19.083 0.131
1555.84579 18.913 0.088
1571.72460 19.109 0.086
1577.75447 19.139 0.073
1579.72441 18.997 0.085
1589.75446 19.164 0.110
1596.73454 18.911 0.117
1599.72639 18.893 0.090
1601.73239 19.013 0.098
1602.71377 18.953 0.082
1604.70605 18.953 0.125
1606.68035 19.180 0.104
1609.69382 19.038 0.077
1610.71140 18.974 0.088
1611.68865 19.111 0.109
1613.67939 19.041 0.117
1615.68942 19.314 0.114
1616.62636 19.283 0.102
1617.66952 19.265 0.094
1618.51085 18.867 0.088
1620.68426 19.202 0.126
1622.67872 19.293 0.122
1624.67678 19.267 0.141
1625.65643 18.979 0.088
1627.67294 19.235 0.097
1629.64790 19.163 0.098
1630.66490 19.317 0.096
1634.62168 19.016 0.089
1635.63522 18.966 0.085
1643.61041 18.944 0.162
1644.56173 19.048 0.076
1653.52872 19.137 0.222
1654.58021 19.376 0.135
1656.59691 19.167 0.124
1665.54486 19.244 0.137
1782.90397 19.113 0.097
1783.89508 19.207 0.101
1823.88531 18.950 0.067
1844.81931 19.308 0.094
1845.71033 19.004 0.072
1845.77930 19.282 0.090
1845.86840 19.216 0.085
1847.63433 18.938 0.088
1847.72256 19.134 0.116
1852.73756 19.035 0.076
1855.79592 19.265 0.163
1856.70259 18.995 0.108
1858.79774 19.140 0.102
1861.69951 18.959 0.096
1866.79439 18.990 0.070
1868.75246 18.868 0.052
1869.78686 18.923 0.076
1869.82664 18.857 0.076
2187.77182 18.910 0.076
2193.84077 19.069 0.052
2202.84053 18.980 0.053
2215.79335 19.099 0.074
2222.79320 19.172 0.073
2224.84078 19.034 0.070
2227.75171 19.183 0.082
2229.75743 19.303 0.093
2231.72595 19.172 0.078
2233.69416 19.075 0.061
2237.61338 18.972 0.085
2239.67443 18.890 0.063
2241.76606 19.056 0.068
2243.83635 19.288 0.101
2248.69587 18.885 0.049
2250.72733 18.931 0.056
2252.82443 19.066 0.070
2254.74240 18.873 0.044
2257.75991 18.870 0.043
2260.76951 18.994 0.060
2265.70795 19.120 0.057
2266.78790 18.892 0.057
2270.81940 18.920 0.048
2272.67158 19.246 0.088
2274.79791 19.016 0.069
2278.81226 19.102 0.084
2280.79197 19.071 0.057
2282.79576 19.210 0.088
2290.68716 19.176 0.068
2293.80664 19.348 0.129
2295.83050 19.263 0.068
2297.81727 19.256 0.085
2299.83372 19.356 0.101
2301.72782 19.223 0.092
2302.80303 19.351 0.124
2303.72580 19.177 0.094
2321.69890 18.987 0.070
2328.57592 19.170 0.092
2334.57401 19.082 0.078
2340.56567 19.025 0.068
2346.50633 18.979 0.072
2360.50124 19.243 0.100
2391.50219 19.002 0.086
2540.87996 18.908 0.090
2548.81699 19.289 0.105
2553.78368 19.298 0.112
2557.84910 19.217 0.092
2561.84712 19.210 0.080
2565.85245 19.425 0.112
2574.80959 19.013 0.065
2578.86613 19.128 0.082
2586.76766 18.944 0.063
2590.84098 18.907 0.059
2596.84798 18.965 0.069
2606.74428 19.191 0.064
2610.64630 19.086 0.082
2614.81524 19.268 0.081
2619.69192 18.985 0.056
2621.81921 19.281 0.077
2624.71632 18.937 0.061
2627.83593 19.344 0.124
2630.60563 19.025 0.080
2632.75650 19.094 0.059
2636.70635 18.957 0.055
2638.75058 18.982 0.068
2641.79899 18.948 0.061
2643.79647 18.963 0.057
2645.79412 18.998 0.067
2649.66987 19.247 0.070
2651.74962 18.956 0.055
2653.74342 19.015 0.076
2655.77789 18.919 0.067
2657.76193 18.989 0.077
2659.82307 18.861 0.078
2661.62322 19.035 0.048
2666.60713 18.996 0.059
2668.83489 19.057 0.096
2673.78087 19.258 0.101
2676.76116 19.128 0.073
2678.80712 19.222 0.065
2680.69930 19.112 0.060
2684.58162 18.826 0.067
2688.55530 19.183 0.084
2692.52976 19.222 0.085
2697.54466 19.215 0.074
2702.54625 19.492 0.142
2708.57309 19.100 0.072
2725.50556 18.958 0.073
2875.87425 19.055 0.077
2884.89631 19.127 0.067
2890.91627 19.367 0.150
2896.87115 19.118 0.085
2902.80219 19.001 0.049
2907.86286 18.893 0.053
2912.80609 18.817 0.044
2917.81436 18.923 0.055
2923.81706 18.921 0.063
2926.86951 18.976 0.053
2931.79824 19.109 0.072
2934.83839 18.919 0.060
2940.81866 19.175 0.063
2943.82345 19.254 0.064
2947.83164 19.255 0.064
2950.74803 19.168 0.076
2954.77398 19.277 0.105
2956.81423 19.153 0.065
2958.85873 19.190 0.084
2963.75014 18.990 0.068
2966.77038 18.979 0.047
2968.73912 19.002 0.055
2971.80110 19.036 0.069
2974.82415 19.002 0.053
2976.68405 19.122 0.064
2979.66796 19.192 0.086
2981.68854 19.265 0.157
2983.82042 18.985 0.070
2985.78748 18.909 0.051
2987.74400 19.213 0.069
2989.68421 19.241 0.063
2991.75807 19.130 0.064
2993.76421 19.314 0.073
2995.83948 18.922 0.056
2997.81063 19.042 0.057
2998.75604 19.257 0.070
3000.76461 19.243 0.073
3002.75616 19.192 0.067
3004.74911 19.206 0.060
3006.74234 19.239 0.067
3008.70190 18.938 0.088
3010.80302 19.177 0.068
3012.80856 19.314 0.142
3016.75298 19.007 0.052
3018.78365 19.289 0.078
3020.84726 19.339 0.093
3021.87220 19.161 0.093
3023.73352 18.994 0.053
3025.73671 19.014 0.047
3027.75526 18.921 0.053
3029.73969 19.042 0.057
3031.81169 19.022 0.072
3034.63678 19.226 0.049
3036.66699 19.072 0.057
3039.60902 19.145 0.069
3041.69187 19.173 0.097
3042.71691 18.921 0.077
3044.65597 19.220 0.084
3046.64211 19.252 0.085
3048.67526 19.208 0.061
3050.67206 19.177 0.057
3052.66852 19.248 0.060
3054.67406 19.332 0.090
3056.66185 19.118 0.060
3058.65511 19.161 0.065
3060.70455 19.201 0.065
3066.59232 19.050 0.082
3068.62050 18.910 0.070
3071.51883 19.061 0.067
3074.51844 19.044 0.080
3076.63753 18.920 0.081
3079.63489 18.963 0.052
3082.70253 18.993 0.048
3085.60574 19.005 0.052
3088.56195 19.214 0.089
3091.56628 19.221 0.084
3096.61276 19.218 0.121
3100.52443 19.172 0.114
3103.53208 19.261 0.086
3106.56447 19.154 0.061
3109.54901 18.985 0.056
3113.56653 18.954 0.085
3127.52447 18.888 0.051
3133.54014 18.871 0.072
3230.91488 19.267 0.081
3242.88923 19.131 0.078
3249.85622 18.956 0.074
3260.84816 18.957 0.059
3264.89017 18.961 0.040
3271.83859 19.100 0.084
3274.84189 19.265 0.092
3279.79554 19.192 0.076
3282.86113 19.236 0.063
3291.78407 19.074 0.065
3295.80453 19.092 0.049
3297.79599 19.056 0.041
3299.86390 19.044 0.033
3301.87538 19.040 0.082
3305.76628 19.112 0.068
3309.82757 18.942 0.048
3315.86057 18.908 0.055
3321.72767 19.270 0.082
3324.83559 19.023 0.067
3333.82538 19.283 0.101
3336.66739 18.941 0.063
3339.84926 19.306 0.093
3353.75080 18.924 0.045
3357.77845 18.985 0.053
3360.75631 18.966 0.047
3363.83087 19.039 0.059
3370.78815 19.046 0.073
3376.74022 19.364 0.084
3378.76539 19.053 0.064
3394.64891 19.074 0.067
3396.67527 18.958 0.061
3399.80248 19.404 0.137
3402.71250 19.081 0.051
3404.64407 19.051 0.057
3409.56098 19.448 0.086
3418.55610 19.172 0.076
3426.54759 19.100 0.065
3432.53343 19.100 0.053
3439.50953 18.956 0.064
3447.53499 18.862 0.068
3457.51194 19.018 0.077
3603.86589 19.166 0.077
3620.90222 19.242 0.055
3630.81330 18.997 0.088
3637.75397 19.089 0.093
3640.80991 18.996 0.051
3651.84243 18.962 0.057
3654.88857 18.989 0.069
3658.85458 18.843 0.060
3660.85195 18.946 0.073
3664.86152 19.170 0.053
3668.84541 19.121 0.070
3672.83407 19.132 0.061
3676.72084 18.918 0.052
3685.79072 18.987 0.049
3688.72486 18.999 0.051
3690.79960 18.935 0.059
3693.70130 19.219 0.072
3695.86622 18.870 0.086
3699.75669 19.009 0.047
3701.80982 18.901 0.051
3703.80850 18.978 0.047
3706.68409 19.333 0.056
3711.71931 19.203 0.059
3713.80719 19.085 0.060
3715.78370 19.263 0.064
3718.75260 19.269 0.077
3722.64747 19.027 0.057
3726.72967 19.083 0.068
3728.79200 19.188 0.052
3730.76174 19.224 0.053
3732.83724 19.220 0.061
3734.83011 19.240 0.059
3735.67846 18.915 0.036
3737.83701 19.193 0.051
3739.85568 19.219 0.059
3741.59395 19.087 0.061
3746.80828 19.019 0.068
3748.78702 18.906 0.084
3750.80180 19.007 0.065
3753.67487 19.176 0.076
3755.75646 18.806 0.057
3757.77590 18.950 0.047
3760.75557 18.909 0.059
3763.70849 19.179 0.040
3766.72527 19.241 0.086
3770.75274 19.235 0.089
3774.62608 19.018 0.059
3777.58463 18.965 0.056
3779.70893 19.322 0.105
3781.74898 19.273 0.086
3786.60134 18.884 0.051
3793.55100 19.236 0.069
3801.54096 19.277 0.065
3811.53352 19.273 0.090
3828.49739 18.931 0.060
3958.92281 19.114 0.088
3965.87621 19.001 0.045
3970.89637 18.936 0.051
3982.84694 19.167 0.070
3993.80006 19.343 0.102
4002.86048 19.199 0.057
4004.87877 19.262 0.059
4006.78828 19.011 0.051
4008.80933 18.962 0.047
4013.82092 19.254 0.094
4019.82368 18.940 0.053
4024.81520 18.896 0.051
4026.88422 19.113 0.097
4029.83025 18.993 0.056
4032.86499 18.877 0.059
4039.69717 19.148 0.070
4041.77091 19.307 0.072
4043.77601 19.357 0.108
4049.73919 19.124 0.052
4052.80070 19.166 0.053
4054.78748 19.175 0.061
4056.84599 19.176 0.056
4059.74064 19.067 0.056
4064.85439 19.246 0.057
4066.81083 19.149 0.059
4068.84567 19.202 0.056
4070.76809 19.049 0.065
4074.80690 18.948 0.061
4077.85568 19.138 0.080
4080.73541 18.905 0.060
4083.72210 19.062 0.077
4085.78568 19.019 0.080
4095.64703 19.273 0.067
4103.77746 19.053 0.074
4112.78254 19.229 0.069
4121.77709 19.113 0.078
4126.75655 19.080 0.072
4129.79015 19.109 0.055
4143.56699 19.259 0.068
4157.56500 19.024 0.076
4169.52196 19.006 0.067
4199.49137 19.070 0.080
4343.88385 19.120 0.074
4348.85657 18.946 0.057
4353.88413 19.089 0.069
4358.83633 19.048 0.096
4363.85314 18.933 0.084
4367.84131 18.992 0.063
4371.79085 19.188 0.080
4378.73026 19.183 0.077
4381.76587 19.134 0.093
4386.88343 19.159 0.093
4390.84542 19.235 0.065
4395.71224 18.945 0.101
4399.87086 19.195 0.096
4408.72476 18.976 0.072
4412.80824 18.964 0.076
4427.75975 19.331 0.094
4430.76310 19.288 0.106
4433.78054 19.245 0.076
4437.70716 19.041 0.090
4440.72678 19.249 0.078
4443.84437 19.098 0.096
4449.78614 19.328 0.105
4451.82176 19.155 0.081
4455.79144 19.052 0.073
4458.77011 19.022 0.061
4462.76415 18.898 0.047
4464.80970 19.026 0.067
4467.78080 18.932 0.057
4472.69673 19.049 0.052
4476.78375 18.917 0.045
4480.73419 19.054 0.047
4484.81362 18.937 0.049
4488.73448 19.285 0.101
4492.75376 19.256 0.081
4497.75794 19.243 0.070
4500.63100 19.052 0.053
4502.74081 19.011 0.082
4507.74483 19.200 0.098
4509.69553 19.037 0.070
4512.74402 19.221 0.072
4518.69284 18.979 0.100
4521.73032 18.873 0.076
4524.62990 19.148 0.073
4530.65599 19.370 0.089
4533.62166 19.405 0.078
4534.62451 19.195 0.082
4538.63914 19.306 0.105
4542.54716 19.080 0.090
