2127.56129 16.043 0.008
2130.58498 15.807 0.006
2133.59508 15.701 0.006
2136.71616 15.788 0.007
2141.70676 16.025 0.008
2179.57013 16.024 0.009
2189.57981 15.971 0.008
2190.50146 15.771 0.006
2215.51334 15.921 0.008
2337.89299 15.791 0.006
2353.84516 15.778 0.007
2363.82295 15.681 0.007
2373.85880 15.650 0.006
2464.82340 16.000 0.007
2816.71659 15.887 0.007
2852.67184 15.784 0.006
3066.80363 15.758 0.007
3068.86415 15.970 0.007
3072.78327 15.823 0.007
3076.80179 15.720 0.007
3077.83597 16.049 0.012
3081.81811 15.939 0.007
3084.79599 15.957 0.007
3086.85735 15.718 0.006
3088.84674 15.908 0.006
3090.75945 15.954 0.007
3091.90996 15.961 0.007
3097.85818 15.956 0.007
3099.83178 15.739 0.007
3101.85733 15.898 0.007
3103.82286 15.990 0.007
3104.80894 15.902 0.008
3107.81229 15.911 0.007
3108.86202 15.804 0.006
3112.91174 15.750 0.006
3114.89826 15.899 0.006
3115.91015 15.771 0.006
3116.82148 15.967 0.007
3124.83942 15.820 0.007
3126.72180 15.887 0.006
3127.92308 15.895 0.006
3128.91231 15.783 0.006
3130.79007 15.831 0.007
3131.73364 15.928 0.007
3135.74595 15.961 0.006
3138.74753 16.020 0.007
3140.72294 15.759 0.006
3141.78474 15.967 0.007
3142.85886 15.984 0.007
3144.87683 15.767 0.006
3147.69613 16.002 0.007
3151.85302 15.958 0.007
3152.85028 15.944 0.007
3153.85348 15.804 0.007
3156.90633 15.869 0.007
3162.62007 15.734 0.007
3163.85717 15.779 0.006
3164.83839 16.083 0.007
3165.62045 15.743 0.006
3167.70174 16.004 0.007
3168.77472 15.908 0.007
3169.88041 15.844 0.007
3170.90976 15.749 0.007
3171.75167 15.920 0.006
3173.78905 15.819 0.006
3174.80221 16.010 0.007
3175.91143 15.933 0.007
3177.85885 16.074 0.008
3178.57688 15.729 0.007
3179.81593 15.734 0.006
3180.82315 16.048 0.007
3182.88030 15.830 0.007
3183.85117 15.820 0.007
3184.79474 15.962 0.007
3185.59079 15.917 0.006
3193.64829 15.920 0.005
3194.49446 15.832 0.007
3194.83518 15.936 0.007
3195.76852 15.725 0.006
3195.84370 15.795 0.006
3196.57236 15.927 0.007
3197.82293 15.989 0.007
3201.56301 15.951 0.005
3201.57948 15.832 0.005
3202.80418 15.755 0.006
3203.81347 16.031 0.007
3204.81388 15.884 0.007
3206.69209 15.976 0.007
3210.74553 15.894 0.006
3211.77780 15.759 0.007
3217.75128 15.816 0.007
3218.75887 15.800 0.007
3224.51413 16.014 0.007
3229.69855 15.912 0.006
3231.69084 16.083 0.007
3239.49572 15.648 0.006
3240.56206 16.076 0.007
3245.67376 15.919 0.007
3247.53581 15.979 0.007
3249.65581 15.764 0.007
3251.55099 15.888 0.007
3254.63475 15.991 0.007
3257.57484 15.959 0.006
3261.50750 15.801 0.007
3265.56911 15.708 0.006
3267.62676 15.972 0.006
3273.53074 15.949 0.008
3277.49113 15.810 0.007
3280.49013 15.843 0.007
3283.49852 15.886 0.007
3289.55210 15.944 0.006
3294.54693 15.759 0.006
3296.49528 15.857 0.007
3419.86510 16.059 0.007
3424.86866 15.845 0.006
3427.88789 15.909 0.006
3430.85386 15.899 0.006
3436.89859 15.985 0.007
3443.87075 15.898 0.006
3445.89824 16.059 0.006
3448.80488 16.013 0.007
3450.82241 15.777 0.005
3453.86569 15.845 0.006
3457.91066 15.784 0.006
3458.90074 16.051 0.006
3468.89942 15.962 0.006
3469.92613 15.877 0.006
3472.89208 15.883 0.006
3474.82073 15.988 0.006
3476.91751 15.809 0.006
3479.84426 15.776 0.005
3481.82459 15.928 0.006
3484.77038 15.910 0.007
3500.94015 16.106 0.009
3508.93439 15.836 0.007
3512.94107 15.725 0.006
3520.69424 15.791 0.007
3521.93585 15.824 0.006
3522.84103 16.102 0.007
3523.86792 15.953 0.006
3526.91256 16.050 0.007
3528.86369 15.700 0.006
3530.92140 15.932 0.005
3538.89016 15.775 0.006
3544.85833 15.669 0.006
3547.87695 15.715 0.006
3550.85995 15.771 0.006
3551.86587 15.956 0.007
3552.86120 15.995 0.008
3553.82886 15.777 0.007
3554.87649 15.711 0.007
3556.78538 15.782 0.006
3558.75846 15.972 0.006
3560.67719 16.081 0.006
3561.81263 16.023 0.006
3562.69263 15.771 0.006
3563.76071 15.661 0.006
3574.79041 16.010 0.007
3575.72610 15.785 0.006
3579.71549 15.721 0.005
3581.78069 15.932 0.006
3582.71428 15.676 0.005
3583.73212 16.040 0.006
3584.73615 15.929 0.006
3585.74460 15.764 0.005
3618.68596 16.034 0.007
3631.59525 15.933 0.007
3635.57927 15.875 0.005
3652.57809 15.806 0.007
3778.86738 15.937 0.007
