2165.90415 18.736 0.054
2166.82277 18.741 0.042
2172.87154 18.702 0.038
2189.82881 18.698 0.050
2191.86319 18.605 0.029
2200.86447 18.591 0.038
2212.77842 18.692 0.038
2217.76336 18.681 0.055
2223.78362 18.607 0.037
2226.75847 18.582 0.045
2228.80200 18.675 0.050
2230.71512 18.639 0.042
2232.73563 18.530 0.031
2234.72938 18.769 0.045
2238.68024 18.760 0.045
2240.80917 18.696 0.057
2242.81495 18.599 0.054
2249.74818 18.653 0.032
2251.78068 18.596 0.032
2253.73570 18.743 0.034
2255.85086 18.626 0.047
2258.65777 18.577 0.031
2261.64340 18.626 0.037
2265.68555 18.526 0.037
2271.65852 18.568 0.035
2273.65423 18.753 0.048
2275.76449 18.696 0.047
2279.76436 18.710 0.037
2281.77824 18.736 0.037
2283.78136 18.591 0.031
2289.71049 18.668 0.037
2291.71793 18.730 0.053
2293.69005 18.620 0.041
2295.71680 18.724 0.035
2297.70766 18.724 0.047
2299.73006 18.586 0.035
2302.57730 18.827 0.047
2317.62681 18.705 0.037
2323.52772 18.603 0.044
2326.54531 18.551 0.038
2338.51298 18.643 0.053
2344.50577 18.746 0.047
2354.50754 18.546 0.060
2368.49157 18.743 0.071
2401.49349 18.774 0.057
2520.90245 18.681 0.048
2521.88177 18.707 0.040
2537.83516 18.689 0.070
2539.81052 18.582 0.047
2542.80293 18.531 0.034
2545.78459 18.567 0.047
2551.84877 18.481 0.031
2555.87281 18.617 0.040
2559.78172 18.798 0.047
2563.83193 18.701 0.045
2573.76117 18.761 0.053
2577.82211 18.582 0.038
2580.85153 18.507 0.029
2589.75806 18.732 0.042
2599.81861 18.563 0.035
2609.63109 18.709 0.061
2617.78732 18.669 0.057
2620.75539 18.684 0.035
2623.69972 18.640 0.041
2627.59591 18.711 0.060
2629.62103 18.611 0.048
2637.69119 18.707 0.040
2639.80597 18.649 0.029
2641.62862 18.619 0.035
2643.63966 18.625 0.031
2645.63236 18.574 0.035
2646.65980 18.670 0.042
2650.71584 18.703 0.045
2652.70628 18.657 0.047
2654.81084 18.610 0.041
2657.72538 18.565 0.044
2659.69434 18.706 0.044
2661.79406 18.673 0.042
2665.76401 18.706 0.041
2667.78416 18.668 0.045
2671.70973 18.647 0.051
2673.67229 18.519 0.042
2675.70012 18.667 0.035
2677.73476 18.562 0.045
2679.72548 18.693 0.044
2681.74173 18.666 0.047
2686.55041 18.760 0.076
2690.62867 18.618 0.048
2695.55924 18.795 0.048
2700.51026 18.666 0.061
2705.58216 18.675 0.035
2712.54460 18.616 0.047
2734.49426 18.756 0.061
2869.87583 18.685 0.054
2883.92552 18.577 0.055
2890.80542 18.562 0.054
2895.84116 18.701 0.045
2900.79679 18.520 0.035
2906.82778 18.554 0.032
2910.86124 18.609 0.029
2915.85746 18.626 0.031
2921.85971 18.774 0.047
2925.80526 18.593 0.038
2925.83583 18.522 0.035
2929.84019 18.567 0.038
2933.78681 18.617 0.035
2939.79533 18.604 0.042
2942.77077 18.587 0.032
2946.79118 18.676 0.040
2948.83630 18.562 0.032
2952.77557 18.637 0.041
2955.83260 18.635 0.057
2957.76017 18.589 0.040
2961.74350 18.601 0.034
2963.80173 18.725 0.050
2966.74115 18.725 0.029
2970.66773 18.699 0.035
2974.66986 18.643 0.037
2975.79504 18.699 0.037
2979.83149 18.700 0.040
2981.83873 18.606 0.071
2983.73953 18.596 0.038
2986.72200 18.605 0.035
2988.68888 18.722 0.034
2990.70940 18.620 0.032
2992.71035 18.707 0.037
2994.80109 18.703 0.032
2996.67660 18.567 0.031
2998.65987 18.771 0.041
3000.67669 18.550 0.035
3002.66389 18.660 0.035
3004.66368 18.657 0.032
3006.60936 18.497 0.028
3010.68392 18.639 0.047
3012.77934 18.620 0.057
3016.69805 18.638 0.038
3018.68793 18.664 0.041
3020.76326 18.682 0.047
3022.78969 18.589 0.034
3024.73830 18.685 0.035
3026.70735 18.630 0.032
3028.74310 18.576 0.025
3030.74811 18.782 0.050
3033.67005 18.721 0.028
3035.67622 18.599 0.037
3038.65989 18.558 0.042
3041.55703 18.618 0.047
3043.58682 18.702 0.051
3045.62584 18.527 0.034
3047.58003 18.749 0.045
3049.58572 18.704 0.034
3050.55635 18.746 0.032
3052.55064 18.640 0.037
3054.55228 18.600 0.034
3056.55142 18.651 0.032
3058.54446 18.592 0.038
3060.56558 18.747 0.040
3067.60095 18.515 0.037
3069.58579 18.730 0.041
3072.63390 18.721 0.054
3075.58847 18.694 0.041
3077.67224 18.575 0.035
3081.66326 18.692 0.037
3084.57546 18.651 0.032
3087.53638 18.664 0.041
3089.63907 18.554 0.035
3092.57784 18.714 0.064
3098.58078 18.741 0.048
3101.54108 18.897 0.064
3104.51252 18.800 0.047
3110.52086 18.757 0.061
3113.50449 18.618 0.054
3125.50195 18.520 0.047
3135.46785 18.627 0.053
3229.88199 18.592 0.031
3239.89592 18.669 0.040
3247.86684 18.758 0.040
3256.83828 18.822 0.048
3262.91397 18.688 0.055
3268.83571 18.633 0.029
3273.79458 18.619 0.047
3276.88009 18.640 0.042
3281.79028 18.593 0.028
3283.89007 18.633 0.032
3289.80399 18.751 0.035
3296.80735 18.589 0.025
3298.83790 18.700 0.034
3301.65822 18.609 0.047
3303.80967 18.686 0.050
3306.80206 18.589 0.037
3308.81885 18.750 0.045
3310.85121 18.637 0.034
3314.81872 18.634 0.038
3321.69752 18.747 0.034
3329.79065 18.613 0.025
3334.68677 18.771 0.050
3338.74281 18.515 0.031
3349.71498 18.698 0.035
3352.62947 18.599 0.037
3355.65136 18.591 0.035
3359.71033 18.682 0.035
3363.68826 18.707 0.044
3369.75039 18.695 0.040
3372.66027 18.678 0.034
3377.69443 18.603 0.028
3381.80016 18.615 0.034
3386.77705 18.554 0.024
3391.56782 18.619 0.041
3395.62183 18.736 0.038
3398.67934 18.746 0.040
3400.66576 18.506 0.048
3403.65449 18.602 0.037
3406.58845 18.537 0.028
3410.60623 18.607 0.027
3415.56180 18.592 0.034
3436.55954 18.677 0.032
3443.50227 18.702 0.054
3452.52207 18.666 0.031
3574.91267 18.549 0.040
3585.93548 18.604 0.037
3588.90298 18.881 0.050
3590.90491 18.536 0.027
3614.89422 18.647 0.035
3629.78958 18.593 0.040
3634.74771 18.696 0.042
3640.74409 18.695 0.032
3644.88638 18.626 0.035
3650.79614 18.714 0.032
3653.82407 18.701 0.037
3656.88004 18.675 0.034
3661.78644 18.552 0.038
3666.78363 18.768 0.041
3671.78203 18.659 0.032
3675.79644 18.717 0.031
3683.81959 18.484 0.025
3686.86725 18.500 0.037
3689.78504 18.620 0.031
3692.70556 18.754 0.038
3694.83783 18.703 0.034
3696.65838 18.620 0.032
3699.67065 18.607 0.028
3701.72179 18.678 0.029
3704.74307 18.721 0.029
3706.74159 18.591 0.027
3711.63337 18.740 0.042
3713.64698 18.617 0.029
3716.68045 18.584 0.041
3719.65771 18.455 0.035
3725.74105 18.565 0.040
3727.68898 18.792 0.051
3730.61730 18.663 0.027
3733.60599 18.661 0.031
3734.70883 18.538 0.027
3736.72779 18.676 0.029
3738.64969 18.535 0.029
3740.68470 18.755 0.034
3743.65020 18.660 0.037
3748.67672 18.573 0.037
3750.56897 18.794 0.051
3752.69024 18.671 0.035
3754.67864 18.557 0.034
3758.69949 18.587 0.044
3760.78113 18.561 0.040
3762.65757 18.663 0.032
3765.64818 18.645 0.022
3769.72011 18.591 0.027
3772.68827 18.722 0.040
3775.66025 18.599 0.051
3778.65872 18.678 0.037
3781.71978 18.703 0.048
3786.54279 18.551 0.029
3791.53839 18.700 0.032
3798.53873 18.714 0.040
3805.52391 18.524 0.038
3819.50274 18.565 0.032
3937.94297 18.742 0.057
3961.89764 18.775 0.054
3968.88015 18.676 0.040
3974.86574 18.618 0.048
3981.77325 18.577 0.034
3987.89726 18.553 0.035
3995.80488 18.704 0.041
4002.80429 18.621 0.027
4004.82545 18.594 0.028
4007.75813 18.643 0.029
4011.73885 18.618 0.037
4018.77823 18.598 0.040
4023.77265 18.644 0.029
4026.68864 18.695 0.034
4028.82465 18.605 0.028
4031.71237 18.705 0.035
4037.81278 18.664 0.034
4040.78806 18.753 0.037
4042.80355 18.636 0.032
4048.76768 18.615 0.034
4051.75734 18.538 0.031
4053.80865 18.650 0.031
4059.63954 18.644 0.035
4064.66219 18.582 0.028
4067.66269 18.511 0.029
4069.65078 18.713 0.035
4072.68793 18.722 0.040
4076.75837 18.571 0.040
4079.63329 18.722 0.040
4082.65395 18.713 0.042
4084.73439 18.637 0.035
4087.65416 18.676 0.029
4093.80249 18.588 0.035
4109.63429 18.596 0.035
4113.65757 18.679 0.028
4118.56452 18.592 0.038
4120.65058 18.675 0.025
4123.72471 18.672 0.032
4124.68136 18.605 0.028
4127.63523 18.657 0.027
4132.61324 18.559 0.037
4142.54818 18.607 0.038
4150.52525 18.672 0.041
4153.59981 18.639 0.034
4165.53022 18.651 0.053
4180.52010 18.578 0.050
4341.83464 18.595 0.051
4345.89379 18.585 0.038
4350.86825 18.743 0.050
4355.87582 18.681 0.051
4361.83661 18.499 0.048
4364.84342 18.660 0.047
4367.75593 18.638 0.045
4370.79280 18.486 0.044
4376.82791 18.623 0.041
4379.83424 18.635 0.041
4383.83850 18.562 0.035
4388.77841 18.721 0.045
4392.83265 18.593 0.029
4398.78150 18.754 0.045
4403.72128 18.571 0.045
4410.84845 18.710 0.040
4417.73638 18.763 0.035
4421.71235 18.661 0.034
4421.76830 18.630 0.032
4425.73238 18.594 0.041
4429.69656 18.729 0.061
4431.83640 18.572 0.057
4435.85520 18.685 0.050
4439.70890 18.628 0.045
4442.68616 18.612 0.042
4448.73524 18.592 0.047
4450.74649 18.594 0.047
4453.72215 18.671 0.034
4456.73551 18.681 0.047
4458.68313 18.632 0.038
4461.63320 18.605 0.031
4465.65403 18.712 0.035
4468.68481 18.665 0.027
4473.62110 18.479 0.032
4477.70862 18.619 0.038
4479.73020 18.558 0.034
4483.69011 18.554 0.037
4486.68856 18.601 0.044
4490.68681 18.674 0.051
4493.75760 18.624 0.048
4498.62238 18.713 0.035
4501.61541 18.758 0.040
4503.61189 18.643 0.038
4508.55923 18.624 0.041
4510.64082 18.676 0.038
4516.52153 18.619 0.058
4520.61154 18.903 0.063
4523.59506 18.724 0.040
4530.53850 18.735 0.047
4532.51049 18.580 0.051
4535.58957 18.616 0.047
4538.61019 18.653 0.048
4540.57946 18.552 0.047
