2123.92911 18.762 0.055
2130.91972 18.690 0.054
2131.92152 18.550 0.051
2132.91971 19.143 0.074
2134.92126 19.017 0.082
2140.92095 18.964 0.066
2142.90855 18.736 0.070
2144.91896 18.497 0.040
2156.89230 18.735 0.067
2161.85927 19.013 0.073
2173.87257 19.046 0.052
2186.80962 18.959 0.101
2192.84264 18.932 0.050
2201.82913 18.742 0.036
2214.81070 18.789 0.060
2221.75363 18.649 0.048
2224.76634 18.980 0.054
2227.66897 18.503 0.039
2229.68243 18.968 0.064
2230.82660 19.276 0.077
2234.84097 18.813 0.065
2237.76141 18.995 0.055
2241.68666 18.615 0.049
2243.74053 19.128 0.075
2248.82110 18.652 0.036
2250.80780 19.051 0.055
2252.67210 18.762 0.044
2254.66315 18.742 0.042
2257.66981 18.935 0.053
2260.67652 18.578 0.037
2264.68191 19.010 0.062
2266.66803 18.635 0.044
2270.67571 18.995 0.053
2271.81606 19.065 0.051
2272.82401 18.991 0.068
2274.66154 18.759 0.055
2276.77163 19.088 0.062
2277.82494 18.977 0.052
2279.84254 18.860 0.049
2280.81608 18.788 0.053
2282.70572 19.022 0.051
2283.86685 18.740 0.059
2288.77429 18.444 0.044
2290.81158 19.155 0.073
2292.78462 18.918 0.068
2294.76093 18.675 0.071
2296.77657 19.064 0.095
2298.73327 18.863 0.059
2300.74375 18.737 0.066
2302.72041 19.099 0.095
2315.65152 19.017 0.051
2323.59607 18.797 0.039
2327.58148 19.010 0.065
2333.59149 19.093 0.096
2339.56784 18.670 0.044
2345.52891 18.685 0.051
2351.50702 18.425 0.038
2369.50445 18.780 0.056
2385.49012 19.198 0.103
2529.83582 19.046 0.067
2539.83830 18.830 0.061
2545.80825 18.761 0.059
2552.86153 18.778 0.054
2556.85291 19.027 0.052
2560.76134 18.989 0.057
2564.86960 18.948 0.054
2573.86673 18.624 0.045
2578.79109 18.737 0.048
2583.84550 19.041 0.076
2590.75135 18.901 0.055
2596.76396 18.926 0.060
2605.79124 18.701 0.042
2609.76337 19.016 0.065
2614.72176 19.000 0.071
2618.77677 18.706 0.045
2621.70184 18.936 0.042
2624.60778 18.582 0.048
2627.70660 18.901 0.076
2629.72955 18.968 0.060
2632.65550 19.173 0.066
2635.70274 18.963 0.044
2638.67371 18.545 0.034
2640.77060 19.107 0.064
2642.72648 18.896 0.068
2644.72918 18.620 0.042
2646.68372 19.046 0.059
2650.73898 18.805 0.050
2652.79668 18.620 0.038
2654.76207 18.985 0.063
2656.66748 18.730 0.063
2658.62926 19.166 0.075
2660.64757 18.939 0.057
2662.65851 18.820 0.053
2664.63857 18.521 0.041
2666.70194 18.988 0.045
2668.68806 18.976 0.052
2670.65017 18.502 0.047
2672.78894 18.517 0.041
2674.68969 18.952 0.060
2676.67878 18.734 0.048
2678.73204 18.512 0.038
2680.64279 18.907 0.051
2682.68849 18.898 0.067
2687.56832 18.854 0.060
2693.52755 18.936 0.049
2696.56423 18.452 0.043
2701.54586 18.678 0.059
2707.54763 18.745 0.054
2714.53972 18.793 0.063
2839.91619 18.530 0.044
2867.88725 18.990 0.067
2885.86501 18.487 0.033
2892.89351 18.442 0.043
2897.86247 18.771 0.051
2903.90827 18.823 0.050
2907.78269 18.926 0.050
2911.82013 18.518 0.030
2916.87055 18.848 0.042
2922.85427 18.894 0.070
2926.78595 18.998 0.055
2930.85568 18.679 0.041
2934.75768 18.915 0.047
2940.73721 18.959 0.047
2943.74277 18.460 0.039
2947.75143 18.890 0.051
2949.84141 18.800 0.040
2953.70861 18.894 0.068
2956.73393 18.560 0.036
2958.76028 18.960 0.065
2962.77279 18.761 0.038
2965.79582 19.098 0.054
2968.66172 18.647 0.049
2973.78661 18.954 0.043
2976.79905 18.691 0.041
2978.70672 19.001 0.057
2980.71912 18.893 0.047
2982.71186 18.563 0.041
2984.75899 19.164 0.072
2986.84163 18.911 0.070
2988.81201 18.844 0.045
2989.76734 18.696 0.036
2991.66246 18.912 0.047
2993.68290 18.876 0.052
2995.75073 18.692 0.037
2997.72841 19.078 0.065
2999.69258 18.896 0.042
3001.78744 18.877 0.049
3003.75809 18.481 0.036
3005.71995 19.062 0.054
3007.64135 18.622 0.036
3009.63921 19.224 0.070
3011.73875 19.074 0.078
3013.74295 18.901 0.051
3017.74428 19.023 0.056
3019.67231 18.796 0.048
3021.79086 18.839 0.047
3023.65264 19.070 0.044
3025.62053 18.896 0.041
3027.66991 18.696 0.034
3029.65491 19.133 0.052
3031.72485 19.018 0.051
3033.78849 18.949 0.041
3035.79532 18.717 0.039
3038.77293 18.900 0.061
3041.61344 18.541 0.055
3043.64748 19.031 0.074
3045.71038 18.910 0.057
3047.66415 18.768 0.050
3048.59289 19.077 0.045
3050.61242 19.014 0.040
3052.61361 18.768 0.041
3054.60901 18.555 0.048
3056.60625 19.013 0.048
3058.60026 18.898 0.048
3060.64982 18.642 0.039
3064.66762 18.947 0.074
3068.53573 19.055 0.073
3070.59667 18.988 0.093
3073.62783 18.736 0.072
3076.54143 18.992 0.089
3078.63682 18.930 0.047
3082.61463 19.036 0.047
3085.51571 18.663 0.048
3087.65391 18.620 0.049
3090.62004 19.014 0.065
3096.53590 19.059 0.088
3099.60568 18.811 0.072
3102.58427 18.909 0.062
3104.57100 18.893 0.056
3107.55359 19.052 0.086
3110.55273 18.920 0.078
3113.53063 18.680 0.059
3128.50311 18.964 0.074
3140.51010 19.226 0.074
3216.87434 18.597 0.067
3248.85955 18.754 0.056
3264.80930 18.969 0.039
3270.87608 19.208 0.059
3274.76175 18.689 0.064
3277.88379 19.268 0.072
3287.76550 18.623 0.031
3295.72393 19.119 0.041
3299.78020 18.854 0.030
3301.77746 18.621 0.052
3304.83779 19.052 0.062
3309.74357 19.049 0.052
3311.74156 19.034 0.052
3320.78450 18.710 0.036
3323.73068 18.996 0.063
3327.75651 18.515 0.032
3330.71515 18.973 0.066
3334.81408 18.635 0.053
3338.86252 18.975 0.053
3339.76188 18.730 0.043
3354.77778 18.499 0.039
3358.82648 18.982 0.043
3365.75656 18.899 0.054
3372.77295 18.765 0.042
3378.68556 18.758 0.042
3391.75332 18.949 0.064
3399.72210 18.607 0.042
3403.70942 18.934 0.050
3406.67894 18.504 0.028
3410.63190 18.820 0.038
3415.62911 19.026 0.047
3427.59277 19.072 0.071
3433.61536 19.179 0.083
3438.54458 19.190 0.057
3446.50168 18.967 0.070
3455.52502 18.900 0.081
3461.51904 18.861 0.054
3473.47833 18.973 0.067
3575.93694 18.793 0.054
3592.92883 18.795 0.033
3601.92891 18.500 0.043
3619.83084 18.591 0.037
3629.90434 18.956 0.045
3633.86939 18.548 0.040
3639.78189 18.541 0.031
3644.81849 18.807 0.039
3651.76170 18.695 0.039
3654.80921 19.044 0.052
3658.77324 18.588 0.044
3661.84395 18.877 0.059
3668.81670 18.988 0.055
3672.80498 18.538 0.034
3676.76177 18.922 0.050
3684.82380 18.790 0.038
3687.79821 19.033 0.051
3690.71805 18.743 0.050
3693.75210 19.082 0.057
3695.78488 18.993 0.047
3698.76659 18.518 0.039
3700.79520 19.062 0.047
3703.72607 18.808 0.034
3705.79324 18.556 0.029
3708.78117 19.001 0.061
3712.73880 19.107 0.048
3714.80902 18.946 0.037
3717.67146 18.460 0.032
3719.84398 18.508 0.047
3721.80494 18.999 0.052
3726.70077 18.920 0.062
3730.73307 18.665 0.031
3732.72511 19.199 0.043
3734.85594 18.967 0.049
3737.75690 18.625 0.027
3739.82690 18.660 0.037
3741.83982 18.868 0.062
3743.73694 18.677 0.040
3746.77942 19.137 0.081
3748.73264 19.016 0.066
3749.73821 18.792 0.061
3751.74957 18.435 0.037
3753.70109 18.990 0.045
3755.70204 18.837 0.043
3757.69192 18.463 0.032
3759.75669 19.033 0.048
3762.77820 18.863 0.055
3765.76532 18.958 0.041
3770.63778 18.993 0.043
3773.70386 19.035 0.067
3776.67416 18.576 0.045
3779.62873 19.184 0.099
3782.74231 18.787 0.050
3787.60553 18.779 0.040
3792.55623 18.939 0.051
3800.53819 18.694 0.040
3809.54542 19.112 0.084
3823.50547 19.062 0.066
3946.92759 19.064 0.081
3964.88406 18.633 0.031
3969.91490 18.909 0.047
3981.88272 18.885 0.055
3989.91134 18.818 0.053
3998.87508 18.762 0.042
3999.83758 19.080 0.050
4001.88661 18.976 0.041
4004.85058 18.508 0.030
4005.86455 19.149 0.052
4008.73081 18.587 0.029
4011.89772 18.496 0.044
4018.86050 19.125 0.054
4024.72422 19.106 0.050
4026.80105 19.003 0.039
4029.75028 18.538 0.038
4032.76558 18.940 0.064
4038.73166 18.938 0.050
4041.69294 18.586 0.040
4043.69780 19.105 0.073
4049.66047 19.097 0.056
4052.72186 19.025 0.045
4054.70867 18.570 0.047
4056.76670 18.586 0.036
4058.79903 18.912 0.041
4063.69765 19.213 0.053
4066.75496 18.803 0.039
4068.65986 18.666 0.033
4070.68493 19.073 0.055
4073.85875 18.897 0.089
4074.75254 18.710 0.050
4077.80107 19.163 0.065
4079.84598 18.939 0.044
4083.69157 19.138 0.082
4085.75729 19.083 0.060
4093.74181 18.821 0.037
4105.81434 19.106 0.071
4109.78425 18.567 0.032
4113.74006 18.754 0.029
4120.77028 18.795 0.037
4122.72674 18.802 0.034
4125.78098 19.076 0.071
4132.66874 18.837 0.057
4142.71966 19.194 0.087
4156.55474 18.950 0.050
4168.50936 19.004 0.066
4197.48854 18.618 0.050
4341.92097 18.716 0.053
4347.87094 18.700 0.047
4353.80593 18.686 0.034
4358.90424 19.024 0.061
4364.86868 19.052 0.065
4367.89313 18.790 0.043
4371.75842 18.774 0.054
4377.81323 19.000 0.056
4380.82975 18.690 0.040
4386.80547 18.717 0.050
4390.76741 19.035 0.055
4394.72357 19.105 0.054
4399.74154 18.742 0.079
4404.73974 18.838 0.082
4412.72006 18.591 0.042
4418.81346 18.817 0.040
4421.85928 18.433 0.037
4426.75718 18.645 0.063
4430.68457 18.762 0.068
4432.74378 18.651 0.034
4436.78369 18.886 0.056
4439.84878 18.821 0.065
4443.73680 18.954 0.065
4449.69969 18.880 0.042
4451.70944 18.675 0.051
4455.70852 18.950 0.068
4457.73898 18.849 0.050
4460.81063 18.541 0.050
4463.72889 18.914 0.043
4466.71789 18.732 0.034
4470.66535 18.777 0.043
4473.70808 19.240 0.071
4477.76655 18.807 0.054
4482.77034 18.979 0.067
4486.74818 18.515 0.049
4491.72175 18.744 0.065
4494.66710 19.018 0.075
4498.70003 18.573 0.037
4501.69728 18.970 0.060
4506.63137 19.007 0.065
4508.65439 18.961 0.051
4510.72379 18.732 0.044
4517.65798 18.703 0.055
4521.63850 18.971 0.056
4524.60122 18.538 0.042
4530.62469 18.641 0.047
4532.65292 19.160 0.070
4536.62515 18.744 0.040
4539.50709 18.932 0.059
4541.61626 18.895 0.060
