2167.87173 18.683 0.041
2186.84550 18.513 0.054
2190.83091 18.794 0.038
2192.87354 19.026 0.049
2193.79512 18.666 0.029
2202.79458 18.584 0.036
2214.84223 18.733 0.057
2224.79666 18.908 0.042
2227.70753 18.696 0.039
2229.71301 18.719 0.052
2231.68136 18.886 0.053
2233.64970 18.361 0.029
2236.66205 18.881 0.053
2239.63007 18.807 0.049
2241.71700 18.490 0.036
2243.78688 18.751 0.046
2247.85258 18.451 0.031
2248.85526 18.805 0.039
2250.78760 19.034 0.052
2252.70639 18.527 0.029
2254.69754 18.495 0.027
2257.70181 18.443 0.029
2260.70724 18.667 0.030
2264.71769 18.787 0.035
2266.69861 18.893 0.043
2270.76576 18.671 0.035
2271.84682 18.354 0.019
2272.75196 18.877 0.054
2274.74351 18.863 0.042
2276.80490 18.407 0.037
2278.66914 18.566 0.041
2280.74750 18.750 0.035
2282.74340 18.849 0.039
2284.81762 18.404 0.025
2289.80686 18.538 0.030
2294.79142 18.582 0.057
2298.80576 18.857 0.052
2300.78337 18.398 0.041
2302.75649 18.502 0.041
2315.68225 18.431 0.031
2324.54046 18.866 0.058
2328.52739 18.462 0.044
2340.51749 18.747 0.053
2364.51016 18.786 0.068
2529.87176 18.983 0.049
2539.87173 18.403 0.036
2552.89744 18.481 0.053
2556.88611 18.905 0.049
2560.79534 18.455 0.037
2561.79685 18.839 0.047
2565.80298 18.409 0.037
2578.82138 18.650 0.041
2586.74377 18.505 0.038
2590.79205 18.829 0.049
2596.79876 18.715 0.046
2605.83855 18.484 0.033
2609.80359 18.794 0.055
2610.63614 18.937 0.053
2610.74162 18.403 0.041
2610.84798 18.564 0.048
2611.64822 18.791 0.053
2611.71853 18.810 0.065
2613.62940 18.888 0.064
2613.70724 18.875 0.063
2614.67741 18.783 0.054
2614.76078 18.797 0.057
2614.85236 18.833 0.047
2615.66143 18.318 0.035
2615.78356 18.599 0.036
2615.84128 18.597 0.044
2617.74454 18.755 0.050
2617.85300 18.753 0.061
2618.66671 19.005 0.055
2618.76029 18.399 0.031
2619.62341 18.803 0.044
2619.73018 18.844 0.038
2619.85452 18.974 0.055
2620.65334 18.499 0.037
2620.73853 18.618 0.032
2620.85526 18.633 0.043
2621.68750 18.964 0.037
2621.76301 18.717 0.037
2621.85622 18.459 0.031
2622.65331 18.711 0.048
2622.73472 18.714 0.046
2622.85562 18.919 0.050
2623.65204 18.361 0.032
2623.74012 18.600 0.037
2623.85144 18.536 0.033
2624.68260 18.924 0.052
2624.75370 18.888 0.047
2624.84850 18.604 0.039
2625.66762 18.685 0.039
2625.71950 18.673 0.038
2626.63646 19.095 0.065
2627.74422 18.781 0.065
2627.76500 18.833 0.058
2627.81813 18.937 0.070
2628.66101 18.588 0.042
2628.73807 18.582 0.053
2628.80515 18.726 0.047
2629.65673 18.805 0.054
2629.76509 18.767 0.050
2629.78595 18.588 0.041
2629.84486 18.358 0.036
2630.64460 18.675 0.049
2630.72411 18.776 0.050
2630.80450 18.884 0.085
2631.65608 18.446 0.039
2631.73886 18.481 0.044
2631.84821 18.710 0.063
2632.61205 18.801 0.037
2632.68576 18.912 0.043
2632.73882 18.959 0.042
2632.81937 19.063 0.052
2634.61085 18.890 0.039
2634.70087 18.809 0.043
2635.66104 18.763 0.037
2635.73837 18.841 0.039
2635.78639 18.810 0.044
2635.84131 18.880 0.049
2636.68893 18.544 0.030
2636.76930 18.660 0.044
2636.84899 18.733 0.049
2637.65097 18.886 0.043
2637.72956 19.126 0.049
2637.83268 18.390 0.026
2638.63223 18.655 0.037
2638.70419 18.749 0.043
2638.73317 18.871 0.055
2638.83262 18.960 0.063
2639.60532 18.949 0.037
2639.68566 18.339 0.023
2639.84171 18.611 0.030
2640.61426 18.829 0.048
2640.75625 18.922 0.049
2641.61439 18.517 0.037
2641.75081 18.766 0.044
2641.86162 18.797 0.054
2642.61252 18.905 0.046
2642.71428 18.685 0.048
2643.61944 18.691 0.033
2643.76310 18.823 0.044
2644.60207 18.436 0.037
2644.71262 18.567 0.037
2645.61691 18.867 0.221
2645.75295 19.012 0.054
2645.85934 18.433 0.044
2646.62173 18.583 0.039
2646.71780 18.815 0.046
2646.74698 18.696 0.041
2649.61911 18.516 0.032
2649.71156 18.619 0.032
2650.63929 18.966 0.043
2650.70085 18.856 0.047
2650.81063 18.437 0.031
2651.63533 18.679 0.043
2651.73111 18.835 0.043
2652.60050 18.431 0.031
2652.67946 18.487 0.048
2652.77704 18.609 0.037
2652.86345 18.711 0.041
2653.60835 18.821 0.049
2653.78515 18.928 0.061
2654.62699 18.739 0.052
2654.70403 18.813 0.054
2654.79249 18.744 0.047
2654.84465 18.833 0.042
2655.61263 18.928 0.050
2655.81616 18.545 0.039
2656.62411 18.805 0.052
2656.69796 18.985 0.069
2656.77310 18.825 0.065
2656.87038 18.954 0.066
2657.62650 18.421 0.037
2657.86684 18.862 0.071
2658.58802 18.792 0.060
2658.66041 19.003 0.057
2658.68757 19.092 0.071
2658.76857 18.361 0.052
2659.64605 18.813 0.046
2659.78121 18.865 0.088
2660.60075 18.559 0.038
2660.67957 18.513 0.043
2660.75408 18.616 0.050
2661.60582 18.852 0.035
2661.65961 18.813 0.038
2661.86454 18.339 0.038
2662.64451 18.583 0.041
2662.69413 18.638 0.044
2662.78016 18.876 0.055
2663.65913 18.750 0.043
2664.66913 18.840 0.053
2664.70682 18.825 0.060
2665.69457 18.638 0.031
2665.82669 18.775 0.049
2666.64895 18.883 0.042
2666.73859 18.831 0.043
2666.76674 18.521 0.027
2666.83277 18.596 0.048
2667.68391 18.753 0.043
2668.72558 18.569 0.043
2668.75827 18.523 0.035
2670.71135 18.733 0.063
2671.69385 18.487 0.042
2672.67099 19.043 0.099
2672.77502 18.860 0.044
2672.81930 18.878 0.047
2674.67588 18.921 0.050
2674.72516 18.970 0.050
2674.79798 18.456 0.032
2675.65463 18.755 0.049
2675.76145 18.885 0.044
2676.71434 18.443 0.035
2676.74402 18.554 0.036
2677.66138 18.839 0.068
2677.72009 18.844 0.043
2678.63444 18.609 0.035
2678.76615 18.725 0.039
2678.78669 18.837 0.038
2679.65496 19.047 0.064
2679.79087 18.488 0.043
2680.67344 18.926 0.048
2680.77692 18.879 0.039
2681.61547 18.450 0.039
2681.72698 18.597 0.044
2682.59286 18.864 0.052
2683.62802 18.645 0.050
2687.60744 18.997 0.070
2692.62115 18.729 0.052
2696.59736 18.725 0.046
2701.58905 18.784 0.061
2708.51874 18.873 0.069
2715.51437 18.419 0.049
2870.93268 18.714 0.063
2890.86718 18.840 0.060
2895.90302 18.994 0.046
2900.86726 18.875 0.037
2911.85264 18.866 0.035
2917.76660 18.722 0.038
2922.88880 19.006 0.072
2926.82169 18.386 0.031
2931.74994 18.392 0.029
2934.79076 18.481 0.026
2940.77126 18.852 0.037
2943.77543 18.752 0.039
2947.78408 18.418 0.026
2950.69786 18.921 0.047
2954.72120 18.692 0.046
2956.76655 18.837 0.042
2958.80821 18.628 0.036
2962.80535 18.918 0.042
2965.82836 18.709 0.032
2968.69607 18.375 0.027
2973.76954 18.632 0.031
2976.63599 19.165 0.059
2978.83706 18.801 0.041
2980.75201 18.879 0.041
2982.76011 19.015 0.044
2984.79168 18.460 0.030
2987.67309 18.899 0.043
2989.63150 18.414 0.025
2991.70359 18.724 0.035
2993.71549 18.832 0.044
2995.79031 18.510 0.030
2997.76092 18.569 0.033
3000.70954 18.595 0.035
3002.69782 18.557 0.030
3004.69869 18.738 0.032
3006.64215 18.840 0.038
3008.79708 18.483 0.030
3010.71666 18.590 0.043
3011.77162 18.888 0.068
3015.78919 18.767 0.047
3017.77687 18.881 0.043
3019.73059 18.909 0.047
3021.82355 18.661 0.038
3023.68565 18.698 0.027
3025.65709 18.761 0.027
3027.70264 18.826 0.032
3029.68757 18.386 0.030
3031.75763 18.640 0.035
3033.82121 18.879 0.042
3036.61972 18.621 0.030
3039.56157 18.396 0.027
3041.66962 18.801 0.060
3043.68033 18.818 0.068
3045.74318 18.429 0.035
3047.69687 18.696 0.042
3048.62809 18.909 0.038
3050.64507 18.379 0.025
3052.64648 18.672 0.033
3054.65099 18.799 0.039
3056.63910 18.939 0.038
3058.63308 18.645 0.037
3060.68271 18.719 0.035
3066.54467 19.023 0.066
3068.56857 18.538 0.046
3073.66066 18.634 0.043
3076.58451 18.502 0.039
3078.67132 18.712 0.046
3082.64830 18.695 0.030
3085.55181 18.787 0.043
3088.51376 18.868 0.058
3090.65546 18.666 0.038
3093.53808 18.885 0.059
3099.52499 18.662 0.046
3102.61808 18.623 0.043
3105.62382 18.523 0.036
3111.55016 19.144 0.085
3129.49250 18.459 0.043
3134.51336 18.546 0.038
3216.90720 18.919 0.059
3242.84194 18.614 0.035
3248.89468 18.940 0.048
3264.84231 18.828 0.035
3274.79435 18.973 0.058
3282.82547 18.931 0.039
3287.79885 18.914 0.031
3295.75647 18.901 0.033
3297.74856 18.457 0.021
3299.81271 18.730 0.024
3301.81005 18.782 0.044
3304.87451 18.828 0.050
3309.77604 18.839 0.036
3311.77401 19.056 0.048
3320.82164 18.806 0.036
3327.78955 18.962 0.043
3330.74793 18.965 0.060
3334.84739 18.728 0.060
3339.79524 18.646 0.036
3353.84150 18.487 0.031
3357.63257 18.577 0.030
3360.67065 18.551 0.031
3363.77888 18.534 0.033
3369.85618 18.469 0.037
3375.79256 18.856 0.038
3378.71812 18.772 0.033
3394.60123 18.581 0.038
3396.65207 18.800 0.043
3399.75467 18.854 0.054
3403.74202 18.425 0.027
3408.62649 18.394 0.029
3413.58146 18.423 0.026
3417.59855 18.902 0.041
3425.60670 18.823 0.054
3431.59469 18.633 0.033
3446.53935 18.829 0.043
3456.51928 18.843 0.053
3474.48751 19.013 0.070
3603.92968 18.455 0.042
3619.87270 19.022 0.047
3639.81562 18.573 0.027
3644.85167 18.652 0.029
3651.79411 19.017 0.042
3654.84186 18.632 0.031
3658.80545 18.383 0.029
3660.83027 18.702 0.046
3665.82423 18.829 0.047
3670.79397 18.909 0.044
3673.80408 18.733 0.030
3676.80412 18.690 0.031
3684.85811 18.665 0.033
3687.83047 18.600 0.030
3690.75042 19.037 0.052
3693.78793 19.082 0.052
3695.81923 18.546 0.027
3698.80881 18.422 0.035
3700.82742 18.695 0.037
3703.76151 18.350 0.024
3705.82569 18.693 0.029
3708.81351 18.541 0.032
3712.77102 18.863 0.031
3714.84181 18.387 0.023
3717.73419 18.830 0.055
3720.82225 18.803 0.046
3724.73992 18.459 0.025
3727.81450 18.402 0.026
3728.77725 18.925 0.036
3731.78078 18.811 0.031
3732.76387 18.481 0.024
3735.62029 18.938 0.030
3737.79018 18.628 0.025
3740.75207 18.406 0.024
3742.75945 18.645 0.037
3745.79535 18.647 0.031
3748.76518 18.496 0.042
3750.77589 18.717 0.039
3752.78540 18.821 0.047
3754.80319 19.054 0.046
3757.58418 18.668 0.035
3759.78925 18.620 0.030
3763.66121 18.592 0.023
3766.61761 18.353 0.025
3770.70413 18.915 0.041
3773.73690 18.830 0.044
3776.70862 18.791 0.047
3783.57853 18.886 0.048
3788.55130 18.851 0.031
3792.58876 18.581 0.032
3800.57065 18.488 0.032
3810.52871 18.705 0.046
3824.49893 18.565 0.041
3950.92248 18.467 0.030
3964.92123 19.008 0.036
3970.84609 18.773 0.035
3981.91465 18.753 0.043
3990.90335 18.464 0.027
3998.90716 18.410 0.036
4003.72081 18.999 0.039
4005.89654 18.753 0.032
4006.74210 18.964 0.036
4013.76344 18.597 0.035
4019.87248 18.466 0.027
4024.75994 18.400 0.023
4026.83761 18.755 0.030
4029.78216 18.517 0.030
4032.81301 18.498 0.039
4043.72965 19.004 0.048
4049.69219 18.684 0.032
4052.75351 18.764 0.029
4056.79949 18.435 0.025
4058.84661 18.665 0.035
4065.85260 19.077 0.060
4070.71670 18.898 0.044
4074.78544 18.614 0.039
4077.83422 18.447 0.029
4086.79486 18.899 0.049
4093.83624 18.413 0.027
4111.77357 18.640 0.026
4124.77422 18.608 0.027
4142.75187 18.727 0.061
4156.58702 18.585 0.033
4168.54752 18.699 0.036
4198.50169 18.544 0.042
4343.83767 19.070 0.060
4347.90472 18.751 0.039
4353.83788 18.482 0.030
4358.78929 18.462 0.044
4363.83180 18.655 0.050
4367.79158 18.849 0.052
4370.82836 18.823 0.048
4373.82779 18.773 0.039
4377.84678 18.421 0.035
4390.79929 18.416 0.032
4394.81686 18.794 0.035
4399.77346 19.065 0.075
4407.73639 18.797 0.047
4412.75999 18.828 0.049
4418.84551 18.903 0.036
4422.73760 18.941 0.043
4427.71325 18.583 0.042
4430.71659 19.114 0.076
4433.73420 18.807 0.042
4436.81555 18.974 0.061
4440.67644 18.380 0.030
4443.76888 18.381 0.033
4451.77109 18.366 0.029
4452.75040 18.706 0.043
4457.77080 18.867 0.068
4459.73547 18.520 0.037
4464.78361 18.515 0.038
4467.75934 18.466 0.030
4471.81728 18.803 0.046
4472.64669 18.954 0.037
4476.70020 18.798 0.035
4480.80368 18.526 0.031
4483.79199 18.461 0.037
4486.81825 18.923 0.076
4492.67607 18.727 0.043
4497.73753 18.787 0.039
4500.61060 18.670 0.037
4507.72328 18.941 0.057
4509.67497 18.394 0.033
4518.63743 18.839 0.058
4521.67184 18.834 0.049
4523.65688 18.901 0.060
4525.62153 19.111 0.059
4537.64996 18.658 0.041
4539.56912 18.844 0.057
4541.65133 19.047 0.057
