2132.59101 17.034 0.017
2140.69098 16.996 0.018
2364.90507 17.086 0.018
2372.80569 16.784 0.013
2403.86029 17.004 0.015
2424.87211 16.838 0.020
2432.81625 17.024 0.024
2434.68414 17.100 0.017
2436.73246 16.873 0.015
2438.70995 16.994 0.017
2443.71323 16.751 0.014
2468.57948 16.831 0.012
2470.58273 16.982 0.016
2493.60508 16.974 0.017
2497.76044 16.951 0.017
2502.52737 16.985 0.015
2512.57408 16.980 0.018
2547.54620 17.053 0.019
2556.53713 17.099 0.020
2839.63945 17.063 0.019
2845.61370 17.095 0.020
2849.79305 17.128 0.025
2885.48806 16.864 0.018
2894.59592 17.013 0.020
2917.58697 16.925 0.015
2930.53067 16.920 0.015
3072.89668 16.824 0.012
3082.89961 16.773 0.012
3085.87157 16.766 0.011
3092.87883 16.869 0.016
3097.87705 16.906 0.012
3097.89617 16.911 0.013
3099.78987 16.989 0.015
3108.73060 17.049 0.013
3110.79666 16.872 0.013
3113.83778 16.878 0.013
3115.83047 17.041 0.014
3122.87544 17.053 0.021
3127.76690 16.857 0.014
3128.78527 17.008 0.015
3129.75998 16.877 0.014
3134.72772 17.076 0.025
3138.78799 17.018 0.013
3146.72588 16.838 0.014
3154.78243 16.981 0.018
3156.76583 16.852 0.014
3158.83638 16.953 0.018
3164.69690 16.949 0.013
3165.76820 16.825 0.010
3170.76326 17.038 0.013
3171.84111 16.956 0.010
3172.70279 16.829 0.011
3174.67439 16.850 0.011
3175.68374 16.788 0.010
3176.72672 17.113 0.022
3178.74489 16.804 0.014
3179.75787 17.135 0.018
3185.81975 16.798 0.013
3196.70712 16.963 0.016
3197.83745 16.956 0.016
3199.75189 17.011 0.019
3205.72626 17.094 0.012
3209.67564 16.975 0.017
3218.61570 17.021 0.018
3219.68205 16.948 0.022
3229.59234 16.821 0.011
3230.63093 16.981 0.012
3240.61801 17.113 0.018
3241.61700 17.003 0.027
3305.51062 16.974 0.019
3458.76473 17.058 0.015
3468.84117 17.099 0.012
3469.84807 16.960 0.011
3473.84355 16.824 0.014
3474.86700 16.853 0.014
3474.88798 16.766 0.011
3479.89266 16.931 0.011
3481.78338 17.033 0.012
3504.83760 17.032 0.013
3510.88161 17.117 0.013
3517.82145 16.974 0.013
3523.90827 16.964 0.015
3524.66793 16.839 0.013
3540.61956 16.821 0.013
3547.75215 16.860 0.014
3550.59900 16.754 0.012
3552.62999 16.939 0.011
3553.75769 16.854 0.015
3554.70736 16.854 0.014
3556.68744 16.890 0.011
3558.49823 16.949 0.015
3558.79691 17.031 0.015
3559.57979 16.884 0.014
3560.56814 17.007 0.013
3561.51231 16.952 0.015
3562.55296 16.860 0.012
3563.60712 16.779 0.010
3564.58886 17.103 0.018
3569.47884 16.854 0.026
3573.61601 16.814 0.016
3574.65704 17.053 0.017
3575.50455 16.787 0.011
3576.65851 16.780 0.011
3577.72618 16.974 0.015
3578.63139 16.936 0.012
3579.58867 16.729 0.011
3579.75641 16.881 0.013
3580.61848 17.125 0.014
3581.64195 17.026 0.013
3582.58995 16.766 0.010
3583.60403 17.118 0.016
3584.61277 17.009 0.012
3585.60298 16.833 0.011
3586.64877 16.670 0.010
3589.64141 16.771 0.010
3590.61033 17.041 0.013
3592.61716 16.804 0.011
3593.63833 17.097 0.013
3594.67158 16.997 0.014
3601.61742 16.869 0.013
3601.71898 16.938 0.016
3602.46982 17.082 0.024
3602.52032 17.110 0.019
3602.63347 16.782 0.013
3603.60753 17.008 0.014
3606.63433 17.152 0.019
3607.60585 16.957 0.014
3608.61276 16.808 0.012
3615.54422 17.125 0.015
3616.55593 17.050 0.017
3618.53256 16.914 0.013
3619.55716 17.043 0.015
3621.55679 16.749 0.013
3628.53068 17.103 0.017
3631.50029 17.139 0.020
3633.51333 16.899 0.014
3637.60950 16.844 0.015
3639.56312 16.927 0.011
3641.51523 17.120 0.019
3643.59163 16.861 0.018
3648.50744 17.038 0.015
3650.54487 16.730 0.012
3654.51670 17.097 0.023
3655.49014 16.957 0.017
3657.50284 17.163 0.021
3660.49698 17.039 0.018
3662.50224 16.851 0.014
3666.52971 16.756 0.012
3775.87869 16.718 0.013
3781.86413 16.800 0.017
3784.84806 16.827 0.013
3790.86941 16.879 0.016
3790.90130 16.931 0.017
3791.85947 16.805 0.014
3792.86601 17.073 0.012
3793.87699 16.920 0.012
3794.82301 16.871 0.015
3795.90224 17.019 0.016
3796.86272 16.960 0.013
3797.90246 16.852 0.011
3799.85735 16.989 0.016
3799.90542 17.031 0.019
3800.88368 16.872 0.012
3801.86589 16.833 0.012
3801.90589 16.771 0.015
3802.83147 16.965 0.013
3802.91188 17.059 0.023
3803.86674 16.906 0.012
3803.90678 16.971 0.014
3804.90458 16.785 0.015
3805.87941 17.134 0.015
3806.80291 16.885 0.013
3807.78232 16.760 0.016
3807.81663 16.719 0.013
3808.77632 17.062 0.016
3809.77914 16.899 0.013
3810.82375 16.785 0.012
3811.81975 17.161 0.020
3812.81149 16.999 0.015
3813.78729 16.762 0.012
3814.80431 17.122 0.015
3815.80831 17.007 0.014
3817.80766 16.833 0.013
3818.86652 17.082 0.013
3819.78212 16.875 0.011
3820.75242 16.929 0.012
3820.91992 16.807 0.015
3821.75288 17.024 0.014
3822.79501 16.909 0.013
3823.75105 16.829 0.012
3824.76855 17.057 0.017
3825.78216 17.003 0.018
3826.76211 16.807 0.012
3827.78179 17.108 0.015
3828.75538 16.962 0.017
3829.79071 16.824 0.012
3832.72337 16.842 0.012
3835.71640 16.865 0.015
3835.90247 16.953 0.012
3836.74482 16.901 0.016
3836.91245 16.850 0.011
3837.88358 17.044 0.013
3838.71882 16.924 0.018
3839.72017 16.849 0.016
3839.90667 16.892 0.016
3840.73216 17.020 0.017
3840.89094 16.828 0.012
3841.92150 17.032 0.015
3842.82346 16.859 0.012
3845.88357 16.933 0.021
3847.77696 17.040 0.017
3848.73196 16.842 0.015
3849.93054 16.855 0.014
3850.72852 17.029 0.015
3850.84686 17.141 0.016
3850.91841 16.825 0.013
3851.85334 16.992 0.015
3852.90736 16.876 0.015
3853.83477 17.152 0.013
3853.90627 16.740 0.010
3855.76268 16.779 0.009
3856.82348 16.919 0.014
3858.68574 16.773 0.011
3859.77616 16.919 0.012
3860.79238 17.039 0.018
3861.75295 16.832 0.012
3862.65104 17.103 0.016
3863.88688 17.087 0.014
3864.65471 16.840 0.014
3864.84715 16.974 0.012
3865.71462 16.916 0.013
3866.66621 16.971 0.014
3866.80586 17.096 0.014
3867.68110 16.847 0.013
3867.86672 16.970 0.014
3868.68902 16.837 0.014
3868.83309 16.857 0.015
3868.91295 16.923 0.016
3869.66652 16.993 0.015
3869.84830 16.946 0.017
3873.67210 16.919 0.012
3873.81440 17.031 0.013
3874.72393 16.824 0.013
3874.89795 16.945 0.013
3875.68448 17.137 0.014
3875.83952 16.796 0.011
3875.93761 16.853 0.012
3876.61160 16.920 0.013
3877.68855 16.815 0.010
3877.91135 17.010 0.018
3880.81378 16.981 0.015
3881.63930 17.062 0.015
3881.85480 16.869 0.012
3882.62423 17.028 0.014
3883.61176 16.839 0.014
3883.80885 16.984 0.014
3886.77231 17.028 0.013
3886.84758 17.051 0.012
3886.94553 17.119 0.023
3887.62486 16.698 0.011
3887.75131 16.842 0.012
3887.85544 16.952 0.014
3887.92752 17.005 0.014
3889.63890 16.967 0.012
3891.64827 17.134 0.016
3891.76999 16.710 0.013
3891.85218 16.803 0.012
3893.58287 16.755 0.012
3893.82924 17.013 0.016
3894.64312 17.102 0.018
3894.85844 16.836 0.014
3896.57913 16.798 0.016
3900.69232 16.817 0.012
3900.77666 16.852 0.013
3900.84516 16.901 0.013
3901.52177 17.032 0.017
3901.69796 17.078 0.014
3901.77569 16.897 0.013
3901.84879 16.789 0.013
3902.72034 16.957 0.013
3902.83319 17.090 0.018
3904.69510 17.033 0.012
3904.76457 16.875 0.012
3904.83729 16.824 0.011
3905.70582 17.008 0.013
3905.77609 17.050 0.012
3905.84469 17.076 0.012
3906.73019 16.886 0.012
3906.80337 16.923 0.012
3906.89196 16.991 0.015
3907.57162 17.082 0.015
3907.75696 16.884 0.018
3907.84140 16.816 0.015
3908.69570 17.007 0.013
3908.77341 17.092 0.014
3908.85610 16.966 0.013
3909.68769 16.890 0.010
3909.69997 16.878 0.011
3909.74372 16.929 0.011
3909.76212 16.964 0.012
3909.78242 16.933 0.011
3909.82598 16.955 0.013
3909.86203 17.024 0.015
3910.52972 17.074 0.017
3912.69556 16.939 0.010
3912.78691 16.946 0.011
3912.87481 17.047 0.014
3913.69893 16.809 0.011
3913.79441 16.876 0.011
3913.88042 16.933 0.014
3914.52304 17.020 0.015
3914.75460 17.000 0.012
3915.51593 16.828 0.012
3915.54482 16.858 0.014
3915.57381 16.886 0.012
3915.60800 16.900 0.013
3915.64564 16.910 0.011
3915.68430 16.974 0.012
3915.69432 16.941 0.013
3915.70309 16.971 0.013
3915.75111 16.978 0.013
3915.77711 16.996 0.014
3915.79499 16.999 0.013
3915.81205 17.023 0.013
3915.84500 17.092 0.017
3915.87428 17.127 0.016
3916.51427 17.048 0.016
3916.53479 16.989 0.016
3916.54350 16.914 0.015
3916.58679 16.849 0.015
3916.62171 16.808 0.012
3916.68951 16.833 0.011
3916.72728 16.879 0.012
3916.76501 16.896 0.015
3916.79783 16.932 0.017
3916.82744 16.949 0.013
3917.52165 17.039 0.018
3917.54204 16.996 0.015
3917.62364 17.048 0.015
3917.66187 17.141 0.017
3917.78239 16.772 0.016
3918.50369 16.873 0.014
3918.51293 16.875 0.014
3918.52240 16.861 0.013
3918.60482 16.969 0.013
3918.62574 16.957 0.014
3918.65390 16.963 0.012
3918.70231 17.002 0.013
3918.86805 17.149 0.022
3919.49657 16.940 0.017
3919.63954 16.828 0.012
3920.48637 17.020 0.017
3920.50422 17.021 0.015
3920.53028 16.993 0.013
3920.59162 17.091 0.015
3921.48635 16.906 0.014
3921.68380 17.009 0.017
3921.77209 17.119 0.020
3930.48647 16.985 0.015
3931.47136 16.792 0.016
3932.50289 16.978 0.015
3933.48393 17.062 0.015
3933.67376 17.044 0.012
3934.46669 16.859 0.014
3934.68345 17.033 0.014
3934.75249 17.046 0.014
3935.51663 16.797 0.012
3935.68783 16.856 0.016
3935.75647 16.941 0.013
3936.46998 17.019 0.020
3936.71184 16.793 0.012
3937.47622 16.909 0.017
3938.47460 16.784 0.016
3938.66244 16.872 0.013
3939.54206 17.135 0.014
3940.66033 17.029 0.012
3940.79117 16.926 0.013
3942.52799 17.094 0.020
3944.50774 16.825 0.011
3944.57108 16.918 0.011
3944.61022 16.895 0.011
3944.65586 16.992 0.012
3945.51612 16.949 0.013
3945.54658 16.879 0.013
3945.65690 16.810 0.012
3945.69039 16.857 0.012
3945.74623 16.881 0.013
3945.79034 16.925 0.015
3946.55445 17.017 0.014
3946.67844 17.039 0.015
3946.75587 16.831 0.013
3950.49010 16.889 0.014
3950.69984 17.037 0.014
3951.48993 16.820 0.014
3951.72245 16.952 0.015
3955.51206 17.156 0.024
3956.52096 16.983 0.021
3957.48308 16.823 0.013
3959.47964 17.058 0.017
3959.66092 17.134 0.017
3960.47587 16.857 0.014
3960.65492 16.982 0.012
3960.72705 17.014 0.014
3961.53238 16.737 0.013
3963.50856 16.911 0.013
3963.68015 17.020 0.013
3964.49288 16.682 0.012
3964.70156 16.908 0.012
3965.48188 17.054 0.015
3965.67441 16.706 0.010
3966.51187 16.922 0.013
3966.66487 17.061 0.014
3967.49338 16.752 0.015
3967.69025 16.935 0.012
3968.47369 17.111 0.020
3968.64555 16.733 0.011
3968.71470 16.790 0.013
3969.50228 16.999 0.016
3969.65609 17.080 0.015
3970.48284 16.804 0.014
3970.66376 16.941 0.014
3971.52097 17.057 0.020
3971.69702 16.819 0.011
3973.54768 16.901 0.015
3974.48257 16.986 0.016
3974.66163 16.841 0.013
3979.48508 16.887 0.018
3982.54117 16.991 0.019
3983.49160 16.825 0.019
3987.48273 17.038 0.017
3993.58679 16.873 0.016
3996.54195 16.817 0.014
3999.56423 16.885 0.014
4001.49450 17.059 0.018
4003.51478 16.719 0.010
4004.49006 17.071 0.014
4006.49686 16.721 0.013
4011.59357 17.077 0.020
4012.54488 16.888 0.016
4016.49235 16.923 0.016
4018.51759 16.926 0.016
4020.50697 17.074 0.019
4023.51584 17.103 0.020
4025.53525 16.851 0.013
4027.54017 17.057 0.017
4030.53197 17.061 0.018
4036.51320 17.141 0.028
4042.52439 16.818 0.018
4149.87419 16.987 0.018
4153.86054 16.864 0.014
4155.89649 17.058 0.019
4164.81498 17.105 0.018
4165.89537 16.989 0.022
4167.89933 16.794 0.014
4169.90291 16.911 0.015
4174.90536 17.131 0.018
4189.89071 16.834 0.017
4191.85341 16.963 0.020
4203.91234 16.927 0.014
4212.90224 16.808 0.018
4218.71201 16.865 0.018
4230.91404 17.017 0.024
4232.89854 16.886 0.019
4238.92015 16.849 0.018
4240.92248 16.959 0.016
4245.77784 17.061 0.015
4246.74267 16.897 0.016
4246.83594 16.975 0.017
4247.79116 16.787 0.014
4257.63170 17.129 0.022
4270.55334 17.007 0.018
4275.75939 16.914 0.018
4275.81785 16.967 0.020
4275.87901 17.009 0.024
4276.56874 17.119 0.023
4277.68775 17.012 0.016
4277.74820 17.106 0.020
4277.80682 17.019 0.021
4278.73361 16.978 0.022
4278.80658 16.980 0.024
4283.49203 16.947 0.019
4284.71754 16.991 0.015
4284.77974 17.036 0.018
4284.84482 17.073 0.024
4285.80767 16.953 0.017
4289.84476 16.857 0.018
4291.76874 16.986 0.019
4292.76853 16.833 0.013
4292.83169 16.854 0.018
4293.47238 16.922 0.018
4293.73710 17.132 0.016
4293.81470 16.827 0.014
4295.67671 16.747 0.012
4295.73541 16.834 0.013
4295.81244 16.901 0.016
4296.66192 17.087 0.015
4296.75068 16.878 0.014
4297.49530 16.828 0.017
4297.79779 17.047 0.017
4298.52998 16.855 0.017
4298.63580 16.775 0.014
4298.72931 16.877 0.015
4299.51282 17.018 0.016
4299.60617 17.070 0.015
4299.69838 16.957 0.016
4299.78856 16.736 0.015
4300.50385 16.862 0.016
4301.49876 16.841 0.015
4301.59104 16.754 0.012
4301.68769 16.867 0.013
4301.78624 16.957 0.015
4302.55953 17.078 0.017
4302.66643 16.850 0.016
4303.64645 16.999 0.019
4304.53254 16.772 0.020
4304.64193 16.872 0.016
4310.76369 17.018 0.023
4311.73333 16.853 0.020
4312.50314 16.997 0.022
4312.69831 17.019 0.020
4312.79590 16.787 0.018
4314.49668 16.928 0.017
4315.53727 17.039 0.016
4316.56613 16.930 0.014
4317.48854 16.813 0.014
4319.49759 16.936 0.017
4319.75205 17.106 0.021
4320.51311 16.792 0.015
4327.56922 16.757 0.016
4328.49634 17.019 0.018
4328.67329 16.949 0.018
4329.50698 16.890 0.015
4329.65482 16.994 0.018
4329.71362 17.022 0.020
4330.51904 16.730 0.013
4330.67003 16.862 0.014
4331.49923 17.053 0.018
4331.66575 16.812 0.015
4332.47697 16.895 0.015
4333.50804 16.751 0.015
4333.66911 16.902 0.015
4334.48126 17.086 0.035
4334.51815 17.105 0.034
4334.57890 16.982 0.030
4338.48065 16.996 0.019
4339.50089 16.841 0.017
4339.67203 16.976 0.021
4342.47783 16.855 0.019
4342.51113 16.883 0.016
4343.47919 16.847 0.014
4343.68692 16.886 0.017
4344.51786 17.060 0.021
4345.48324 16.884 0.014
4346.49188 16.751 0.014
4347.51084 17.096 0.021
4348.49430 16.918 0.016
4348.50141 16.937 0.015
4350.50644 17.108 0.019
4351.48167 16.966 0.016
4352.49236 16.851 0.018
4353.48907 17.029 0.016
4354.51764 16.979 0.015
4356.48572 16.891 0.014
4357.56892 17.089 0.021
4358.52617 16.943 0.020
4359.49500 16.799 0.016
4361.54798 16.966 0.022
4362.48340 16.804 0.017
4365.54039 16.864 0.022
4367.51668 17.011 0.018
4368.55230 16.905 0.020
4369.50996 16.833 0.023
4370.53920 17.030 0.017
4371.51155 16.901 0.015
4372.49660 16.718 0.012
4373.56265 17.128 0.020
4375.51692 16.805 0.020
4377.58680 17.065 0.023
4378.49684 16.796 0.015
4379.51219 17.054 0.022
4380.52373 17.005 0.016
4381.50169 16.861 0.021
4382.59022 16.750 0.016
4383.51521 17.012 0.017
4384.55218 16.976 0.020
4387.53949 16.921 0.019
4393.50956 16.977 0.016
4394.56696 16.898 0.021
4395.53839 16.830 0.018
4396.55087 17.005 0.024
4397.50972 16.887 0.019
4398.51734 16.833 0.018
4399.55295 17.116 0.025
4400.51229 16.936 0.020
4402.52693 17.145 0.027
4403.52791 16.962 0.022
4411.53287 16.707 0.019
4506.87947 16.892 0.019
4510.87867 16.791 0.014
4513.83994 16.783 0.015
4517.83405 17.176 0.029
4519.81994 16.824 0.018
4522.84884 16.858 0.018
4535.87837 16.861 0.015
4544.75913 16.884 0.019
4548.81952 16.842 0.014
4551.73810 16.843 0.016
4552.78173 16.925 0.028
4556.92433 16.865 0.016
4558.77218 16.728 0.012
4559.91398 16.769 0.013
4560.91458 17.009 0.013
4561.90340 16.925 0.012
4564.90827 16.961 0.013
4565.89678 16.738 0.010
4567.69771 16.786 0.015
4567.90443 16.975 0.013
4571.88997 16.801 0.012
4573.92605 17.037 0.015
4574.72000 16.770 0.014
4577.81455 16.846 0.014
4578.76837 17.047 0.024
4579.84506 17.072 0.018
4583.71205 16.846 0.017
4583.79685 16.893 0.013
4585.69323 16.979 0.019
4585.71261 16.983 0.015
4585.73255 17.029 0.018
4585.74670 17.005 0.017
4585.76700 17.060 0.017
4585.77888 17.079 0.019
4585.79887 17.207 0.021
4589.91354 17.075 0.018
4591.91953 16.798 0.014
4592.83303 16.990 0.017
4592.89642 17.098 0.017
4593.84264 16.924 0.013
4593.90474 16.951 0.015
4594.84889 16.779 0.013
4595.63966 16.969 0.019
4595.83782 17.084 0.017
4595.89991 17.113 0.017
4596.91267 17.002 0.016
4597.66344 17.151 0.018
4597.85476 16.807 0.013
4597.92586 16.872 0.015
4598.87803 17.091 0.014
4599.81607 16.965 0.013
4600.92779 16.896 0.015
4601.84314 17.051 0.013
4601.90509 16.737 0.011
4602.82880 17.006 0.013
4603.74682 16.774 0.013
4606.61456 16.821 0.016
4610.75376 16.826 0.012
4610.92373 16.853 0.016
4611.83927 17.088 0.015
4616.57842 17.149 0.025
4616.79493 16.818 0.013
4616.86469 16.870 0.015
4617.63875 16.982 0.015
4621.67600 16.934 0.013
4622.88996 16.950 0.017
4623.84371 16.809 0.016
4623.91460 16.831 0.018
4624.78734 17.036 0.017
4624.85394 17.115 0.017
4625.58165 16.798 0.016
4625.76978 16.895 0.016
4625.86365 16.963 0.017
4626.57743 17.086 0.022
4626.83204 16.821 0.015
4627.80552 17.119 0.015
4627.89220 16.880 0.013
4628.73406 16.926 0.014
4628.79967 16.958 0.015
4628.86165 16.985 0.015
4629.80322 16.800 0.013
4629.81232 16.850 0.014
4629.85146 16.852 0.014
4629.87476 16.884 0.014
4629.88549 16.880 0.014
4629.92301 16.910 0.018
4630.53697 16.968 0.020
4630.57899 16.963 0.015
4630.61384 16.979 0.014
4630.66850 17.011 0.013
4630.70277 17.049 0.014
4630.73814 17.096 0.015
4630.74702 17.099 0.015
4630.89321 16.757 0.013
4631.75831 16.971 0.015
4631.83608 17.027 0.017
4631.91104 17.084 0.021
4632.53983 17.165 0.023
4632.80272 16.842 0.013
4633.64771 17.017 0.015
4633.76932 17.038 0.016
4638.82906 16.954 0.015
4639.65024 17.148 0.017
4639.82960 16.769 0.017
4640.70105 17.023 0.014
4640.80833 17.132 0.022
4641.74857 16.927 0.014
4642.56873 17.103 0.017
4642.72922 16.716 0.012
4642.80715 16.804 0.014
4644.64134 16.874 0.015
4644.82062 17.030 0.016
4645.74620 16.804 0.014
4645.82204 16.851 0.015
4645.88680 16.892 0.020
4646.82948 16.846 0.015
4647.71671 16.980 0.016
4647.81011 17.020 0.020
4648.48728 17.090 0.021
4648.52026 17.118 0.018
4648.60975 16.818 0.014
4648.62503 16.781 0.013
4648.62983 16.777 0.013
4648.63927 16.749 0.012
4648.64758 16.777 0.012
4648.65596 16.757 0.012
4648.66712 16.751 0.011
4648.67656 16.787 0.013
4648.68591 16.771 0.013
4648.70080 16.812 0.014
4648.71328 16.830 0.014
4648.72159 16.819 0.014
4648.73003 16.821 0.014
4648.73593 16.834 0.013
4648.74871 16.842 0.014
4648.75703 16.850 0.014
4648.76534 16.841 0.013
4648.77381 16.852 0.015
4648.78213 16.837 0.015
4648.83765 16.901 0.016
4649.69673 17.098 0.017
4649.71088 17.102 0.015
4649.82538 16.795 0.016
4650.74936 17.006 0.015
4650.83434 17.069 0.020
4652.48372 16.971 0.020
4652.68630 17.072 0.017
4652.76786 16.779 0.014
4652.82145 16.791 0.016
4653.48016 16.843 0.019
4653.69924 17.007 0.016
4653.76448 17.041 0.017
4654.72005 16.875 0.015
4654.79542 16.955 0.017
4655.70431 16.816 0.012
4655.76623 16.796 0.013
4656.48195 16.869 0.014
4656.67174 17.025 0.016
4656.78735 17.092 0.017
4657.55649 16.822 0.016
4658.64026 16.884 0.015
4659.57328 16.960 0.018
4661.66759 16.766 0.016
4661.73218 16.827 0.016
4661.79929 16.856 0.019
4666.66615 17.001 0.017
4669.59162 16.965 0.018
4670.62760 16.844 0.015
4671.54860 17.094 0.016
4671.75554 16.781 0.014
4672.74680 17.142 0.019
4672.78577 17.105 0.018
4674.48774 17.096 0.021
4677.46831 17.113 0.021
4677.61473 16.751 0.014
4677.69851 16.822 0.015
4678.66542 17.112 0.016
4679.56106 16.915 0.018
4681.50976 17.025 0.017
4681.60981 17.118 0.016
4682.48079 16.837 0.013
4682.55672 16.913 0.014
4682.73337 17.052 0.015
4683.47730 16.872 0.018
4683.68619 16.871 0.016
4683.74940 16.932 0.019
4684.48296 17.050 0.019
4684.74775 16.772 0.014
4685.52515 16.928 0.016
4686.48039 16.800 0.015
4687.50638 17.111 0.018
4687.71976 16.823 0.018
4688.47699 16.929 0.019
4688.66701 17.051 0.016
4688.72868 17.128 0.021
4693.52145 16.897 0.016
4694.51990 17.041 0.023
4697.47690 17.028 0.019
4697.70211 16.761 0.017
4698.48113 16.881 0.014
4699.48005 16.755 0.015
4700.48835 17.015 0.016
4701.48367 16.958 0.017
4701.67248 17.091 0.018
4702.48205 16.782 0.015
4703.59000 16.816 0.013
4704.56814 17.017 0.016
4705.48593 16.798 0.015
4705.66395 16.978 0.019
4707.58686 17.047 0.016
4708.51865 16.875 0.013
4709.49466 16.828 0.016
4710.52217 17.075 0.016
4711.50424 16.887 0.016
4715.55841 16.831 0.016
4715.60386 16.853 0.017
4716.48207 17.086 0.019
4716.49208 17.086 0.019
4716.55512 17.026 0.019
4716.57773 16.846 0.018
4716.65701 16.748 0.021
4720.50772 17.020 0.021
4720.60253 17.087 0.019
4721.50861 16.866 0.019
4722.62085 16.801 0.016
4724.48766 16.871 0.018
4725.56155 16.805 0.016
4726.52613 17.066 0.022
4728.57061 16.848 0.016
4729.51113 17.122 0.019
4730.59698 17.010 0.017
4731.53406 16.855 0.016
4733.48565 16.945 0.016
4734.53208 16.896 0.017
4737.52029 16.931 0.018
4738.56022 16.794 0.016
4739.56406 17.111 0.022
4740.53236 16.947 0.020
4741.50512 16.764 0.014
4743.51359 16.966 0.017
4750.58025 16.950 0.021
4756.49608 16.920 0.021
4765.49778 17.048 0.018
4867.87339 17.113 0.019
4870.88202 17.010 0.017
4872.88477 16.818 0.020
4876.84616 16.825 0.015
4896.84978 17.145 0.017
4905.88769 16.780 0.015
4911.76037 16.788 0.011
4924.71938 16.886 0.013
4926.73250 16.887 0.015
4928.71371 17.049 0.018
4929.71364 16.922 0.018
4929.86592 17.001 0.013
4933.69129 16.751 0.017
4938.69939 16.983 0.015
4939.72496 16.898 0.014
4940.72249 16.722 0.012
4942.67668 16.840 0.015
4942.84957 17.028 0.014
4943.68902 16.719 0.011
4943.75508 16.790 0.012
4944.69442 17.043 0.014
4945.69114 16.886 0.013
4947.70305 17.108 0.014
4953.65820 17.013 0.014
4953.76390 16.783 0.014
4954.67829 16.996 0.015
4955.68225 16.891 0.016
