2123.93450 19.064 0.071
2130.92356 18.941 0.071
2131.92535 19.116 0.097
2132.92352 19.120 0.082
2134.92508 19.008 0.074
2140.92475 18.986 0.069
2142.91199 18.940 0.075
2144.92237 19.046 0.066
2156.89607 19.169 0.110
2161.86302 19.126 0.094
2173.87628 19.033 0.052
2190.80798 19.191 0.068
2192.84593 19.212 0.066
2201.83238 19.067 0.053
2214.81394 19.072 0.076
2221.75684 19.006 0.076
2224.76955 19.162 0.064
2227.67217 19.060 0.061
2229.68563 19.076 0.075
2230.82979 19.172 0.066
2237.76461 19.256 0.066
2241.68986 19.026 0.069
2243.74372 19.082 0.069
2247.82559 19.284 0.076
2248.82818 19.124 0.052
2250.81497 19.230 0.066
2252.67528 19.093 0.068
2254.66634 19.086 0.056
2257.67301 19.051 0.054
2260.67972 18.986 0.059
2264.68510 19.120 0.063
2266.67121 19.064 0.064
2270.67890 19.102 0.057
2271.81926 19.047 0.043
2272.82721 19.134 0.077
2274.66473 18.984 0.066
2276.77484 18.882 0.052
2277.82814 19.150 0.054
2279.84574 19.018 0.053
2280.81929 19.069 0.079
2282.70891 19.168 0.062
2283.87005 19.155 0.086
2288.77751 18.916 0.072
2290.81480 19.291 0.083
2292.78782 19.195 0.088
2294.76415 19.028 0.092
2296.77979 19.241 0.114
2298.73650 18.974 0.068
2300.74697 18.890 0.072
2302.72365 19.134 0.089
2304.76785 19.121 0.109
2323.59973 19.092 0.055
2327.58515 19.270 0.091
2333.59517 19.162 0.108
2339.57156 19.057 0.062
2345.53263 19.150 0.080
2351.51076 19.002 0.067
2369.50827 19.253 0.089
2385.49396 19.085 0.097
2529.83955 19.200 0.079
2539.84198 19.099 0.080
2545.81155 19.155 0.087
2552.86519 19.088 0.074
2556.85656 18.990 0.054
2560.76498 19.007 0.058
2564.87325 19.000 0.063
2573.86996 19.124 0.074
2578.79432 19.074 0.068
2583.84872 19.022 0.073
2590.75492 18.995 0.061
2596.76753 19.199 0.085
2605.79479 19.100 0.060
2609.76695 19.001 0.076
2614.72524 19.102 0.082
2618.78021 19.082 0.070
2621.70532 19.105 0.057
2624.61127 19.009 0.077
2627.70978 18.870 0.073
2629.73273 19.201 0.077
2632.65867 19.082 0.060
2635.70591 19.237 0.063
2638.67689 19.205 0.073
2640.77378 18.982 0.069
2642.73000 19.024 0.084
2644.73270 19.197 0.078
2646.68693 19.075 0.079
2650.74250 18.970 0.067
2652.79989 19.047 0.061
2654.76530 19.244 0.093
2656.67072 19.223 0.094
2658.63247 19.242 0.086
2660.65080 19.097 0.073
2662.66174 19.181 0.082
2664.64180 19.003 0.069
2666.70519 19.209 0.067
2668.69131 19.313 0.088
2670.65343 19.077 0.095
2672.79219 19.215 0.076
2674.69294 19.140 0.073
2676.68205 19.008 0.066
2678.73530 19.280 0.089
2680.64606 19.375 0.091
2682.69211 19.032 0.080
2687.57192 19.104 0.081
2693.53115 18.882 0.050
2696.56788 18.870 0.067
2701.54953 19.090 0.091
2707.55130 19.349 0.092
2714.54340 19.082 0.092
2839.92000 19.031 0.060
2867.89101 19.259 0.086
2885.86870 19.175 0.056
2892.89721 19.099 0.082
2897.86612 19.194 0.074
2907.78634 19.044 0.060
2911.82373 19.183 0.050
2916.87415 18.940 0.044
2922.85785 18.968 0.082
2926.78955 19.039 0.058
2930.85923 19.100 0.056
2934.76126 19.039 0.050
2940.74111 18.981 0.048
2943.74630 19.181 0.068
2947.75495 19.143 0.064
2949.84495 19.139 0.055
2953.71209 19.189 0.080
2956.73743 19.106 0.058
2958.76379 19.165 0.076
2962.77629 18.887 0.042
2965.79932 18.877 0.045
2968.66661 19.142 0.073
2973.79011 19.092 0.051
2976.80254 19.224 0.068
2978.71019 19.291 0.084
2980.72261 19.165 0.058
2982.71533 18.975 0.058
2984.76246 19.104 0.060
2986.84513 19.182 0.080
2988.81550 19.156 0.061
2989.77081 19.036 0.049
2991.66595 18.949 0.046
2993.68638 19.163 0.068
2995.75421 19.122 0.057
2997.73190 19.057 0.061
3001.79094 19.135 0.060
3003.76159 19.214 0.067
3005.72343 19.299 0.072
3007.64485 19.040 0.054
3009.64270 18.935 0.052
3011.74228 19.223 0.090
3017.74779 18.896 0.048
3019.67582 18.968 0.053
3021.79439 19.149 0.058
3023.65617 19.127 0.046
3025.62407 19.151 0.053
3027.67345 19.068 0.051
3029.65848 19.084 0.053
3031.72840 19.011 0.056
3033.79204 19.136 0.046
3035.79887 18.853 0.045
3038.77649 19.188 0.074
3041.61700 19.119 0.088
3043.65104 19.006 0.080
3045.71396 19.106 0.070
3047.66771 19.204 0.076
3048.59649 18.971 0.044
3050.61600 19.200 0.054
3052.61720 19.229 0.067
3054.61742 19.361 0.082
3056.60987 19.153 0.059
3058.60386 18.946 0.055
3060.65346 19.085 0.058
3068.53938 19.120 0.081
3070.60029 18.878 0.080
3073.63148 18.830 0.068
3076.54509 19.464 0.133
3078.64050 18.945 0.052
3082.61831 19.084 0.050
3085.51940 18.868 0.061
3087.65759 19.347 0.107
3090.62374 19.108 0.067
3096.53962 19.167 0.095
3099.60940 19.156 0.110
3102.58801 19.163 0.084
3104.57473 19.158 0.071
3107.55843 19.018 0.081
3110.55650 19.002 0.073
3113.53441 19.020 0.078
3128.50692 19.174 0.078
3140.51391 19.047 0.063
3216.87814 19.072 0.083
3248.86326 18.992 0.069
3257.89160 18.981 0.045
3264.81294 19.113 0.045
3270.87973 19.030 0.048
3274.76538 18.962 0.071
3277.88741 19.316 0.071
3287.76907 19.110 0.049
3295.72749 19.037 0.039
3297.71946 19.284 0.045
3299.78378 19.036 0.035
3301.78100 19.035 0.078
3304.84134 19.221 0.069
3307.71488 19.266 0.105
3309.74710 19.002 0.049
3311.74507 18.977 0.049
3320.78803 19.117 0.050
3323.73416 18.956 0.052
3327.76000 19.116 0.056
3330.71865 19.197 0.078
3334.81758 19.187 0.080
3338.86601 19.206 0.087
3339.76535 19.009 0.055
3354.78126 18.945 0.053
3358.82996 19.218 0.056
3365.76005 19.186 0.067
3372.77645 19.025 0.054
3378.68907 18.953 0.053
3387.68157 19.200 0.099
3391.75682 19.075 0.068
3399.72563 18.862 0.057
3403.71297 19.127 0.066
3406.68250 19.049 0.045
3410.63545 18.949 0.045
3415.63265 19.052 0.050
3427.59637 19.193 0.076
3433.61897 19.117 0.071
3438.54817 19.306 0.066
3446.50533 18.992 0.063
3455.52866 19.049 0.103
3461.52273 19.169 0.077
3473.48206 19.196 0.085
3575.94071 19.270 0.096
3592.93256 19.127 0.049
3619.83448 19.178 0.061
3629.90796 18.954 0.064
3633.87299 18.858 0.052
3639.78547 19.030 0.046
3644.82209 18.977 0.044
3651.76525 19.103 0.053
3654.81277 18.985 0.047
3658.77679 19.076 0.065
3661.84749 19.111 0.077
3668.82022 19.085 0.062
3672.80849 19.003 0.054
3676.76528 19.155 0.058
3684.82727 18.812 0.038
3687.80168 19.141 0.053
3690.72154 19.103 0.064
3693.75556 18.875 0.052
3695.78832 19.270 0.059
3698.77007 19.283 0.081
3700.79865 19.025 0.049
3703.72953 19.053 0.045
3705.79670 19.065 0.047
3708.78463 19.236 0.073
3712.74225 19.040 0.047
3714.81248 19.004 0.043
3717.67492 19.113 0.058
3719.84744 18.914 0.059
3721.80841 18.990 0.052
3726.70425 19.013 0.068
3730.73649 19.113 0.047
3732.72858 19.061 0.041
3734.85942 18.985 0.055
3737.76036 19.316 0.050
3739.83034 19.045 0.049
3741.84328 19.068 0.073
3743.74041 19.087 0.056
3746.78292 18.914 0.068
3748.73612 19.025 0.067
3749.74170 19.246 0.095
3751.75306 18.697 0.049
3753.70456 19.043 0.048
3755.70556 19.085 0.058
3757.69542 18.930 0.050
3759.76021 19.084 0.047
3762.78172 19.039 0.066
3765.76881 19.182 0.048
3770.64132 18.982 0.041
3773.70740 19.022 0.061
3776.67772 19.189 0.080
3779.63230 18.924 0.086
3782.74590 19.155 0.069
3787.60911 18.980 0.051
3792.55983 19.060 0.058
3800.54182 19.217 0.068
3809.54906 19.064 0.083
3823.50916 19.089 0.063
3946.93135 19.245 0.091
3964.88773 19.002 0.041
3969.91854 19.196 0.060
3981.88634 19.179 0.078
3989.91496 19.130 0.093
3998.87866 19.190 0.057
3999.84114 19.024 0.046
4001.89016 19.061 0.041
4004.85413 18.960 0.040
4005.86808 19.140 0.051
4008.73435 18.889 0.037
4011.90124 19.201 0.095
4018.86402 19.162 0.052
4024.73147 19.183 0.048
4026.80453 18.957 0.036
4029.75376 19.060 0.056
4032.76906 19.058 0.068
4038.73513 18.998 0.049
4041.69639 19.144 0.058
4043.70124 19.171 0.071
4046.79297 19.105 0.077
4049.66390 19.229 0.061
4052.72531 19.050 0.049
4054.71211 19.313 0.085
4056.77013 19.134 0.055
4058.80246 19.021 0.045
4063.70106 18.963 0.039
4066.75837 18.958 0.045
4068.66326 19.049 0.045
4070.68835 19.045 0.056
4074.75598 19.106 0.078
4077.80450 19.273 0.070
4079.84939 18.968 0.054
4083.69496 19.371 0.094
4085.76069 18.947 0.058
4093.74522 18.884 0.039
4102.85775 19.147 0.068
4105.81779 19.179 0.074
4109.78766 19.205 0.054
4113.74349 19.111 0.042
4120.77372 19.108 0.051
4122.73018 19.029 0.045
4125.78445 19.200 0.068
4132.67221 19.178 0.081
4142.72319 19.116 0.096
4156.55829 18.892 0.054
4168.51294 18.867 0.057
4197.49220 19.182 0.091
4341.92462 19.151 0.105
4347.87554 19.155 0.074
4353.80951 19.045 0.056
4358.90781 19.097 0.075
4364.87223 19.029 0.071
4367.89668 19.220 0.080
4371.76197 19.250 0.075
4377.81834 19.105 0.074
4380.83327 19.106 0.062
4386.80899 19.108 0.080
4390.77090 18.958 0.059
4394.72705 19.091 0.062
4399.74500 19.075 0.120
4412.72350 18.948 0.057
4418.81690 19.027 0.053
4421.86271 19.103 0.089
4426.76061 19.258 0.119
4430.68799 19.030 0.097
4432.74718 19.120 0.059
4436.78711 19.193 0.081
4439.85219 19.031 0.091
4443.74022 19.111 0.087
4449.70309 18.992 0.049
4451.71284 19.111 0.073
4455.71192 18.993 0.068
4457.74238 19.103 0.080
4460.81402 19.174 0.102
4463.73231 19.196 0.060
4466.72131 19.151 0.055
4470.66877 19.194 0.074
4473.71150 19.025 0.064
4477.76998 19.008 0.073
4482.77380 19.245 0.105
4486.75162 19.065 0.088
4491.72515 18.915 0.086
4494.67051 18.949 0.077
4498.70324 19.222 0.071
4501.70049 19.058 0.070
4506.63461 18.793 0.060
4508.65764 19.144 0.070
4510.72722 18.861 0.057
4517.66144 19.089 0.087
4521.64198 18.912 0.062
4524.60471 19.066 0.067
4530.63068 19.177 0.079
4532.65643 19.153 0.075
4536.62867 18.984 0.058
4539.51064 19.142 0.074
4541.61978 19.247 0.103
