 726.80842 18.751 0.061
 728.87171 19.088 0.087
 729.85461 19.164 0.105
 739.83930 19.074 0.138
 742.85159 19.058 0.111
 744.82445 19.167 0.112
 745.83400 19.264 0.108
 746.87206 19.029 0.092
 747.69145 19.115 0.091
 748.66884 19.250 0.112
 750.74913 18.903 0.084
 751.77962 19.114 0.111
 752.84102 19.146 0.105
 754.84930 18.777 0.099
 755.75314 19.317 0.139
 759.74971 19.026 0.081
 760.80422 19.161 0.101
 762.82495 18.731 0.078
 769.83734 18.965 0.112
 773.82476 18.988 0.089
 776.85076 19.249 0.129
 779.79169 18.816 0.072
 781.80822 19.033 0.104
 783.81663 19.249 0.084
 788.81914 19.077 0.084
 790.83388 19.338 0.101
 795.79059 18.981 0.084
 798.78586 19.228 0.115
 816.84153 18.820 0.074
 817.78400 18.861 0.084
 824.73139 18.530 0.072
 826.72805 18.837 0.089
 827.67411 18.996 0.080
 828.73353 19.142 0.104
 829.79806 19.318 0.140
 831.62312 19.240 0.118
 832.74602 18.726 0.077
 833.67881 18.660 0.050
 834.73184 18.910 0.105
 835.69902 19.069 0.081
 836.66782 19.165 0.101
 837.64936 19.256 0.077
 838.77699 18.524 0.105
 839.64800 19.188 0.098
 840.76841 18.896 0.081
 842.68050 19.007 0.094
 844.62823 19.011 0.102
 845.65332 19.305 0.081
 850.72436 19.080 0.108
 854.76180 18.651 0.115
 855.74642 18.761 0.121
 856.65377 18.635 0.087
 857.71204 19.067 0.129
 858.66590 19.088 0.111
 859.74180 19.164 0.123
 860.68297 19.081 0.125
 865.55068 18.594 0.098
 867.60611 19.151 0.102
 874.71767 19.305 0.104
 876.58680 19.155 0.082
 876.68699 19.113 0.088
 880.61047 18.792 0.082
 885.61715 19.563 0.329
 887.65547 19.082 0.157
 890.67907 19.204 0.163
 892.57260 19.128 0.123
 895.61597 18.764 0.089
 898.59364 19.081 0.074
 922.51320 19.140 0.112
 928.57512 19.139 0.196
 933.53735 18.619 0.067
 951.49532 19.106 0.099
1041.90954 18.958 0.080
1072.88513 19.095 0.092
1079.82795 18.613 0.072
1080.87219 18.995 0.082
1081.82157 18.967 0.087
1083.88983 19.229 0.108
1084.80345 19.265 0.109
1086.82374 18.562 0.057
1089.78679 18.999 0.092
1090.80859 19.408 0.176
1091.86674 19.332 0.152
1092.86510 18.887 0.095
1102.87072 19.021 0.071
1107.85372 19.239 0.112
1109.80342 18.668 0.085
1113.86687 19.304 0.114
1116.81110 18.550 0.044
1126.71284 18.705 0.072
1129.81159 19.226 0.106
1131.81627 18.557 0.081
1132.80811 18.794 0.072
1134.82118 19.107 0.085
1142.75850 19.015 0.070
1151.85313 19.283 0.140
1153.72475 19.330 0.106
1155.68043 19.075 0.133
1157.74103 19.055 0.149
1159.74603 19.208 0.105
1161.81108 18.496 0.048
1163.80775 18.868 0.094
1165.80792 19.336 0.128
1167.74262 19.238 0.138
1168.75364 19.440 0.167
1171.72148 18.686 0.061
1174.84930 19.212 0.081
1178.76727 18.780 0.077
1181.73281 19.076 0.115
1183.76636 19.274 0.112
1185.81529 18.840 0.068
1187.76853 18.974 0.087
1189.75692 19.194 0.095
1191.82180 18.534 0.051
1192.85255 18.836 0.065
1194.67207 18.799 0.074
1196.68896 18.904 0.095
1202.69433 18.834 0.088
1204.67446 19.007 0.119
1207.68724 19.328 0.149
1211.67955 18.939 0.102
1213.71381 19.259 0.140
1214.72172 19.433 0.167
1215.54782 19.135 0.098
1216.61588 19.359 0.112
1217.68347 18.877 0.088
1219.62073 18.945 0.097
1221.59138 19.224 0.114
1223.68154 18.528 0.061
1224.56116 19.319 0.135
1226.56945 18.778 0.072
1227.57650 18.916 0.082
1232.66612 18.752 0.067
1235.56729 18.966 0.094
1237.55121 19.161 0.216
1238.65320 19.323 0.182
1241.55340 18.672 0.088
1242.62681 18.941 0.106
1243.57054 19.010 0.102
1245.53910 19.169 0.128
1247.67350 18.764 0.091
1248.64121 18.963 0.121
1251.59577 19.315 0.156
1254.54966 19.231 0.133
1255.58267 18.540 0.097
1257.61428 18.982 0.115
1260.60034 19.096 0.088
1264.59075 18.841 0.123
1266.59253 19.115 0.166
1267.60860 19.396 0.194
1275.53103 19.249 0.160
1278.51367 18.814 0.098
1281.52172 18.917 0.118
1290.49144 19.044 0.145
1296.58235 19.101 0.146
1300.52843 19.339 0.182
1305.50685 19.181 0.133
1308.53784 18.561 0.080
1315.49705 19.093 0.182
1318.47976 18.812 0.119
1320.52194 19.221 0.159
1431.82770 18.749 0.080
1433.82428 18.897 0.095
1435.87217 19.236 0.121
1437.86486 19.350 0.122
1440.90385 19.021 0.121
1443.79517 19.090 0.152
1447.76894 18.724 0.140
1448.85968 18.839 0.128
1453.78159 19.159 0.218
1458.76381 18.932 0.129
1459.88540 19.293 0.149
1460.76602 19.251 0.143
1461.73178 19.172 0.132
1471.74219 18.615 0.071
1475.83665 19.261 0.116
1478.76135 18.628 0.070
1481.82357 19.285 0.135
1484.82788 18.534 0.054
1487.82066 18.980 0.089
1491.75940 19.067 0.125
1493.70136 19.023 0.105
1495.74476 18.912 0.080
1498.66592 19.130 0.142
1500.80645 18.670 0.056
1503.69675 18.878 0.132
1505.80359 19.255 0.135
1507.69962 19.264 0.166
1508.81621 18.794 0.075
1509.67777 18.428 0.056
1510.64323 18.648 0.061
1511.72590 19.056 0.101
1512.75992 19.367 0.153
1514.77438 19.266 0.131
1516.82018 18.904 0.081
1518.69204 18.946 0.080
1520.71736 19.106 0.098
1522.71803 19.265 0.122
1523.71821 18.680 0.097
1525.69414 18.928 0.088
1527.75949 19.245 0.095
1528.68543 19.039 0.087
1529.81087 18.656 0.070
1531.70281 18.467 0.056
1538.65994 19.295 0.114
1541.61578 18.757 0.061
1542.77012 19.034 0.098
1544.67243 19.184 0.092
1546.69711 18.484 0.082
1547.69877 18.712 0.054
1548.67589 18.808 0.081
1551.70524 19.077 0.070
1552.63819 19.189 0.111
1553.66188 19.283 0.097
1554.64050 19.116 0.085
1555.66496 18.790 0.085
1556.63911 18.867 0.091
1560.63082 19.231 0.145
1564.54996 18.694 0.118
1568.62664 19.325 0.148
1571.63631 18.769 0.071
1575.65070 19.232 0.142
1578.69102 18.939 0.114
1580.70180 19.078 0.087
1582.63631 19.194 0.115
1585.62709 18.475 0.061
1588.63035 19.204 0.143
1591.59421 19.528 0.282
1595.58745 18.831 0.102
1599.65341 18.878 0.081
1600.62031 18.632 0.104
1601.61345 18.778 0.112
1602.67990 18.964 0.114
1604.61149 19.091 0.102
1606.56848 19.194 0.121
1609.52469 18.470 0.082
1610.53963 18.754 0.123
1611.59971 19.177 0.136
1613.58009 19.159 0.111
1614.65118 19.112 0.155
1616.50879 19.297 0.112
1618.65801 19.176 0.126
1619.54805 19.023 0.135
1621.54419 19.147 0.140
1623.64135 18.670 0.102
1625.62239 18.961 0.111
1627.59267 19.059 0.167
1628.53259 19.055 0.122
1630.50423 19.190 0.180
1631.50203 19.294 0.125
1633.61748 18.993 0.102
1635.50048 19.037 0.122
1643.57646 19.208 0.217
1645.50956 19.416 0.247
1653.49489 19.206 0.177
1655.53882 18.750 0.098
1657.54829 19.047 0.136
1660.52313 19.148 0.148
1662.53047 18.549 0.077
1664.55356 19.035 0.132
1669.52347 18.530 0.098
1672.49617 19.056 0.129
1687.49382 18.830 0.172
1695.47916 19.081 0.140
1766.87191 19.169 0.165
1768.85757 19.423 0.167
1773.91589 19.191 0.105
1782.84712 19.094 0.111
1788.85556 19.122 0.105
1804.85078 19.141 0.121
1811.87135 19.151 0.085
1815.84753 18.574 0.063
1822.72923 19.262 0.125
1829.87848 18.392 0.067
1844.78632 19.186 0.088
1850.76770 19.314 0.136
1854.82472 18.858 0.063
1858.77183 19.187 0.149
1860.81417 18.507 0.067
1863.78730 18.978 0.091
1866.73799 19.086 0.094
1868.71909 19.279 0.088
1870.84012 19.069 0.123
1872.85595 19.405 0.194
1874.76091 19.261 0.092
2166.89956 19.364 0.075
2173.81998 19.299 0.072
2189.89136 19.167 0.080
2192.79375 18.687 0.034
2201.80654 19.001 0.040
2212.83820 19.216 0.063
2223.84281 18.986 0.060
2226.82280 19.287 0.080
2228.85981 18.508 0.039
2230.77333 18.666 0.044
2232.79308 19.057 0.064
2234.78727 19.250 0.058
2238.75098 18.702 0.043
2241.63430 18.902 0.057
2243.69273 19.246 0.081
2248.76063 19.104 0.053
2251.72256 19.178 0.058
2253.80666 18.862 0.046
2255.68162 18.877 0.053
2261.70187 18.573 0.036
2264.78294 19.145 0.048
2269.81635 18.992 0.054
2271.76374 19.223 0.051
2273.84879 18.467 0.040
2274.63345 19.273 0.094
2276.74058 18.757 0.047
2278.63909 18.923 0.054
2280.63730 19.125 0.058
2282.64586 19.221 0.070
2284.63712 18.514 0.041
2289.77951 18.477 0.036
2291.78759 18.956 0.068
2293.75335 19.180 0.082
2295.77527 19.200 0.058
2297.76860 18.533 0.037
2299.80916 19.037 0.071
2301.70327 19.016 0.070
2303.69947 19.131 0.098
2321.65014 18.563 0.040
2327.52864 19.168 0.071
2332.56153 18.931 0.081
2333.52559 19.007 0.084
2339.51379 18.567 0.044
2347.50846 18.808 0.061
2402.50247 19.051 0.091
2524.89819 19.118 0.070
2537.89815 18.910 0.070
2542.86048 19.282 0.071
2552.80779 18.611 0.044
2556.80103 19.236 0.064
2559.84920 18.616 0.043
2563.89447 19.126 0.139
2564.81717 19.305 0.085
2573.81877 19.281 0.084
2578.74295 19.019 0.072
2583.77842 18.689 0.048
2589.82139 18.445 0.032
2596.70963 19.269 0.104
2605.71088 19.213 0.065
2609.70163 18.954 0.067
2614.63639 19.126 0.060
2618.69412 19.164 0.067
2620.82200 18.685 0.039
2623.79288 19.081 0.056
2627.65745 19.124 0.104
2629.68099 18.488 0.044
2631.70096 18.998 0.075
2634.72923 19.290 0.074
2635.60118 19.210 0.060
2637.80023 18.963 0.070
2639.62614 18.853 0.036
2641.69181 19.204 0.068
2643.70058 19.115 0.063
2645.68981 18.803 0.037
2647.64754 19.008 0.054
2650.86314 18.835 0.050
2651.60211 19.225 0.084
2653.62912 18.709 0.048
2655.74240 19.196 0.074
2657.59509 19.253 0.072
2659.61008 19.361 0.088
2661.82808 19.153 0.089
2663.84215 19.113 0.095
2665.84805 18.718 0.067
2668.59704 18.557 0.051
2670.60218 18.968 0.067
2672.58876 19.099 0.081
2674.61015 19.287 0.074
2676.59663 18.677 0.046
2678.66939 19.122 0.085
2680.59512 19.132 0.056
2682.64410 18.531 0.048
2686.63864 19.084 0.080
2695.62102 19.282 0.082
2700.57515 18.893 0.057
2706.59396 18.734 0.063
2713.55904 19.195 0.099
2840.93682 19.263 0.092
2868.87654 18.884 0.056
2885.84151 19.021 0.046
2892.87107 19.093 0.084
2897.84039 18.469 0.044
2903.88620 19.275 0.054
2906.88933 18.917 0.046
2911.76914 19.186 0.054
2916.81318 19.101 0.050
2922.80307 18.994 0.074
2925.89160 19.301 0.155
2930.80421 18.978 0.051
2933.84857 19.239 0.054
2939.85686 19.170 0.072
2942.80646 19.242 0.061
2944.85089 18.925 0.061
2946.85280 19.170 0.063
2949.76744 19.348 0.084
2952.84332 19.004 0.058
2956.68254 19.179 0.061
2958.70925 19.288 0.070
2962.72012 18.988 0.050
2965.73920 19.201 0.048
2967.83876 18.943 0.041
2970.80410 19.221 0.048
2974.74194 18.592 0.037
2976.77661 19.035 0.050
2978.75671 19.316 0.087
2980.69677 19.176 0.063
2982.65616 19.281 0.075
2984.70675 18.992 0.051
2986.79003 19.170 0.070
2988.75408 19.246 0.070
2990.62624 19.202 0.064
2992.77684 19.191 0.054
2994.62311 19.121 0.060
2995.63267 19.227 0.046
2997.64165 19.359 0.058
2999.76136 19.012 0.054
3001.73316 19.227 0.061
3003.70670 19.209 0.054
3005.69746 18.605 0.040
3007.71188 18.949 0.050
3009.70994 19.248 0.060
3011.67926 19.131 0.072
3013.68248 18.668 0.040
3017.69291 19.242 0.078
3019.62047 19.219 0.060
3021.73963 18.872 0.039
3023.60160 18.847 0.036
3024.80263 19.234 0.054
3026.79893 18.608 0.030
3028.81091 19.008 0.050
3031.67288 19.198 0.050
3033.73681 19.301 0.051
3035.74317 18.775 0.043
3038.72155 19.131 0.068
3041.58973 19.239 0.092
3043.62513 18.763 0.058
3045.65881 18.843 0.051
3047.61289 19.061 0.063
3049.61850 19.218 0.047
3051.58578 18.847 0.047
3053.58090 18.840 0.046
3055.58005 19.080 0.057
3057.60487 19.212 0.064
3060.62738 18.962 0.053
3064.63170 19.139 0.075
3067.68869 18.847 0.051
3070.53704 18.986 0.067
3073.60455 19.125 0.098
3075.65295 18.839 0.057
3078.57307 19.140 0.085
3082.56244 18.433 0.039
3084.63936 19.197 0.060
3087.60102 19.220 0.063
3090.56480 18.616 0.046
3102.53126 19.167 0.077
3105.56506 18.613 0.048
3108.54352 19.117 0.061
3112.51488 19.335 0.095
3116.50217 19.223 0.078
3126.50789 19.311 0.085
3146.47041 19.098 0.080
3241.89543 19.097 0.068
3256.90680 19.286 0.071
3263.88165 19.271 0.048
3268.89723 19.198 0.058
3273.87249 18.673 0.041
3277.86169 19.148 0.060
3281.85180 18.682 0.032
3287.71335 19.112 0.050
3289.86552 19.038 0.050
3294.86098 19.529 0.065
3296.86873 18.696 0.041
3301.71972 19.240 0.072
3304.78236 18.466 0.034
3306.86337 19.094 0.063
3311.69048 19.326 0.067
3320.73326 18.492 0.029
3327.70228 19.243 0.061
3329.85289 19.136 0.051
3334.75886 18.747 0.053
3338.80898 19.179 0.050
3350.64080 19.249 0.053
3354.64096 19.116 0.080
3358.69444 18.533 0.027
3361.79990 19.109 0.051
3363.74966 19.037 0.058
3367.70345 18.838 0.057
3372.72188 18.949 0.041
3378.63462 19.214 0.067
3391.70218 19.063 0.060
3395.69360 18.927 0.063
3399.66970 19.044 0.054
3402.68655 19.254 0.058
3404.61712 18.555 0.037
3408.56773 19.154 0.051
3412.61316 18.500 0.037
3416.59656 19.204 0.060
3424.59964 19.298 0.087
3437.51229 18.834 0.044
3445.51702 18.853 0.054
3453.53876 18.861 0.060
3462.51404 19.173 0.074
3589.92743 18.921 0.041
3629.85249 19.192 0.071
3634.81785 18.524 0.032
3639.87075 19.164 0.050
3641.86165 18.497 0.036
3650.85697 18.854 0.034
3653.88483 19.141 0.063
3657.83807 18.691 0.036
3661.82193 19.080 0.068
3671.85100 18.515 0.030
3675.83358 19.178 0.050
3683.85468 19.147 0.054
3687.74740 19.372 0.061
3689.84788 18.890 0.044
3692.77174 19.121 0.056
3694.78665 19.137 0.056
3696.72911 18.576 0.030
3699.73167 19.099 0.040
3701.78467 19.222 0.053
3704.69173 18.528 0.030
3706.82053 19.209 0.060
3711.69418 18.488 0.032
3713.70793 18.970 0.050
3716.80707 19.316 0.051
3719.78797 18.775 0.060
3725.77965 18.483 0.034
3730.64976 19.068 0.039
3732.67426 19.215 0.046
3734.77223 18.828 0.036
3736.78863 19.212 0.057
3737.67718 18.945 0.040
3739.77619 19.456 0.058
3742.59918 19.402 0.084
3745.71066 19.136 0.051
3749.62305 19.312 0.108
3751.72719 18.948 0.053
3753.59883 18.938 0.053
3755.63638 19.157 0.072
3757.66982 18.524 0.037
3759.73347 19.054 0.047
3762.72180 19.235 0.078
3765.74033 18.933 0.037
3770.58185 19.186 0.063
3773.58921 18.487 0.036
3776.58825 19.001 0.053
3779.57829 19.243 0.080
3782.62802 18.926 0.047
3787.55289 19.091 0.054
3791.60009 19.251 0.063
3799.52460 18.845 0.063
3821.50264 18.809 0.041
3945.92731 19.188 0.051
3963.92344 18.429 0.037
3969.85388 19.293 0.070
3975.90392 19.036 0.051
3981.83314 18.853 0.053
3995.88353 18.906 0.051
4001.83662 19.330 0.064
4005.81447 18.942 0.040
4007.81852 19.298 0.060
4011.81867 18.907 0.060
4018.81020 18.602 0.036
4023.84229 19.257 0.061
4026.74864 18.546 0.033
4040.84855 18.550 0.040
4042.86429 18.871 0.047
4048.82882 18.688 0.047
4052.67097 19.043 0.047
4056.71550 19.124 0.063
4058.65356 18.626 0.039
4063.64759 19.220 0.057
4066.64538 18.674 0.037
4069.71101 19.297 0.063
4071.63962 19.249 0.072
4076.71188 18.975 0.058
4079.72459 18.618 0.047
4083.64150 18.982 0.064
4085.70678 19.174 0.070
4092.82410 19.137 0.058
4112.69561 18.972 0.040
4117.68446 18.727 0.046
4121.66051 18.849 0.054
4124.74335 18.574 0.033
4129.75593 19.172 0.070
4142.61494 18.772 0.046
4150.60341 18.810 0.036
4155.51674 19.197 0.064
4166.54560 18.829 0.065
4196.49509 18.642 0.050
4341.87111 18.808 0.058
4347.82102 19.346 0.089
4351.86695 19.014 0.063
4357.87887 18.980 0.068
4363.80351 18.948 0.071
4366.85409 19.059 0.068
4369.89463 18.980 0.058
4372.79756 18.711 0.046
4376.88794 19.307 0.099
4379.89436 18.927 0.077
4386.75550 19.149 0.056
4393.76644 19.437 0.077
4398.84267 19.212 0.064
4403.84909 19.035 0.077
4411.77803 18.926 0.044
4411.83973 19.044 0.057
4418.72885 18.683 0.033
4422.82544 19.240 0.054
4429.75668 19.031 0.106
4432.69361 19.220 0.063
4436.73301 19.154 0.067
4439.79870 18.525 0.048
4443.66839 19.176 0.089
4448.82239 18.974 0.050
4451.66260 18.975 0.061
4455.66139 19.327 0.089
4457.71692 18.908 0.077
4460.74699 19.095 0.077
4464.70967 18.792 0.037
4467.70218 19.221 0.054
4471.70390 18.728 0.040
4476.67094 19.210 0.051
4480.67072 18.848 0.046
4484.74976 19.203 0.087
4488.67228 18.898 0.068
4493.67441 18.663 0.051
4498.65269 19.200 0.054
4501.64573 18.648 0.041
4506.58384 19.073 0.064
4508.59383 19.230 0.067
4510.67312 18.884 0.057
4516.62286 19.354 0.126
4519.69439 19.163 0.087
4521.53803 19.024 0.064
4530.60267 19.190 0.074
4532.63096 18.575 0.039
4537.59260 19.180 0.068
4540.64377 18.792 0.063
