2123.92911 18.369 0.037
2130.91972 18.871 0.056
2131.92152 18.899 0.063
2132.91971 18.658 0.044
2134.92126 18.597 0.052
2140.92095 19.053 0.067
2142.90855 18.743 0.063
2144.91896 18.394 0.033
2156.89230 18.847 0.070
2161.85927 18.779 0.054
2173.87257 18.886 0.040
2186.80962 18.473 0.062
2192.84264 18.502 0.033
2201.82913 18.609 0.030
2214.81070 18.933 0.063
2221.75363 18.781 0.047
2224.76634 18.904 0.046
2227.66897 18.467 0.035
2229.68243 18.932 0.056
2230.82660 18.794 0.048
2234.84097 18.693 0.055
2237.76141 18.777 0.044
2241.68666 18.927 0.061
2243.74053 18.676 0.047
2248.82110 18.813 0.038
2250.80780 18.679 0.038
2252.67210 18.798 0.043
2254.66315 18.621 0.035
2257.66981 18.855 0.046
2260.67652 18.567 0.034
2264.68191 18.636 0.043
2266.66803 18.398 0.035
2270.67571 18.589 0.035
2271.81606 18.574 0.034
2272.82401 18.570 0.046
2274.66154 18.638 0.046
2276.77163 18.574 0.038
2277.82494 18.517 0.035
2279.84254 18.831 0.046
2280.81608 18.943 0.062
2282.70572 18.619 0.036
2283.86685 18.487 0.047
2288.77429 18.665 0.053
2290.81158 18.880 0.056
2292.78462 18.524 0.047
2294.76093 19.005 0.092
2296.77657 18.897 0.080
2298.73327 18.222 0.034
2300.74375 18.963 0.077
2302.72041 18.584 0.058
2315.65152 18.843 0.043
2323.59607 18.538 0.031
2327.58148 18.733 0.048
2333.59149 18.684 0.063
2339.56784 18.619 0.043
2345.52891 18.508 0.042
2351.50702 18.855 0.052
2369.50445 18.646 0.048
2385.49012 18.746 0.066
2529.83582 18.580 0.043
2539.83830 18.630 0.050
2545.80825 18.398 0.042
2552.86153 18.904 0.056
2556.85291 18.430 0.030
2560.76134 18.521 0.037
2564.86960 18.834 0.047
2573.86673 18.354 0.034
2578.79109 18.459 0.036
2583.84550 18.579 0.050
2590.75135 18.825 0.050
2596.76396 18.781 0.051
2605.79124 18.615 0.038
2609.76337 18.580 0.045
2614.72176 18.474 0.044
2618.77677 18.730 0.046
2621.70184 18.823 0.038
2624.60778 18.343 0.039
2627.70660 18.779 0.062
2629.72955 18.533 0.042
2632.65550 18.858 0.050
2635.70274 18.461 0.030
2638.67371 18.866 0.044
2640.77060 18.685 0.045
2642.72648 19.041 0.072
2644.72918 18.847 0.052
2646.68372 18.249 0.029
2650.73898 18.799 0.050
2652.79668 18.476 0.035
2654.76207 18.858 0.058
2656.66748 18.522 0.053
2658.62926 18.904 0.061
2660.64757 18.753 0.048
2662.65851 18.474 0.040
2664.63857 18.910 0.055
2666.70194 18.724 0.037
2668.68806 18.408 0.034
2670.65017 18.802 0.059
2672.78894 18.729 0.048
2674.68969 18.643 0.045
2676.67878 18.880 0.055
2678.73204 18.559 0.040
2680.64279 18.903 0.053
2682.68849 18.686 0.053
2687.56832 18.702 0.051
2693.52755 18.583 0.036
2696.56423 18.763 0.054
2701.54586 18.790 0.064
2707.54763 18.767 0.052
2714.53972 18.349 0.043
2839.91619 18.852 0.054
2867.88725 18.616 0.050
2885.86501 18.947 0.046
2892.89351 18.921 0.066
2897.86247 18.845 0.054
2903.90827 18.760 0.048
2907.78269 18.939 0.050
2911.82013 18.698 0.034
2916.87055 18.467 0.031
2922.85427 18.516 0.047
2926.78595 18.622 0.040
2930.85568 18.790 0.043
2934.75768 18.784 0.043
2940.73721 18.694 0.037
2943.74277 18.777 0.050
2947.75143 18.559 0.037
2949.84141 18.694 0.036
2953.70861 18.794 0.062
2956.73393 18.632 0.037
2958.76028 18.469 0.040
2962.77279 18.608 0.031
2965.79582 18.875 0.043
2968.66172 18.660 0.048
2973.78661 18.562 0.030
2976.79905 18.884 0.045
2978.70672 18.530 0.039
2980.71912 18.972 0.048
2982.71186 18.732 0.046
2984.75899 18.470 0.038
2986.84163 18.644 0.052
2988.81201 18.849 0.045
2989.76734 18.650 0.034
2991.66246 18.868 0.044
2993.68290 18.698 0.043
2995.75073 18.527 0.031
2997.72841 18.805 0.048
2999.69258 18.681 0.034
3001.78744 18.537 0.036
3003.75809 18.785 0.044
3005.71995 18.642 0.038
3007.64135 18.834 0.043
3009.63921 18.649 0.040
3011.73875 18.614 0.048
3013.74295 18.869 0.047
3017.74428 18.595 0.037
3019.67231 18.839 0.047
3021.79086 18.702 0.039
3023.65264 18.827 0.035
3025.62053 18.690 0.034
3027.66991 18.582 0.030
3029.65491 18.755 0.037
3031.72485 18.672 0.037
3033.78849 18.536 0.028
3035.79532 18.877 0.043
3038.77293 18.615 0.045
3041.61344 18.633 0.054
3043.64748 18.647 0.050
3045.71038 18.845 0.051
3047.66415 18.530 0.038
3048.59289 18.861 0.038
3050.61242 18.847 0.034
3052.61361 18.550 0.033
3054.60901 18.865 0.060
3056.60625 18.759 0.037
3058.60026 18.232 0.026
3060.64982 18.964 0.048
3064.66762 18.317 0.040
3068.53573 18.399 0.039
3070.59667 18.960 0.083
3073.62783 18.727 0.067
3076.54143 19.030 0.085
3078.63682 18.745 0.037
3082.61463 18.861 0.038
3085.51571 18.621 0.043
3087.65391 18.850 0.058
3090.62004 18.672 0.048
3096.53590 18.534 0.052
3099.60568 18.751 0.064
3102.58427 18.507 0.042
3104.57100 18.813 0.051
3107.55359 18.645 0.058
3110.55273 18.729 0.064
3113.53063 18.901 0.069
3128.50311 18.975 0.071
3140.51010 18.782 0.050
3216.87434 18.390 0.050
3248.85955 18.500 0.042
3264.80930 18.598 0.028
3270.87608 18.609 0.034
3274.76175 18.707 0.060
3277.88379 18.901 0.048
3287.76550 18.877 0.035
3295.72393 18.412 0.021
3299.78020 18.800 0.028
3301.77746 18.386 0.039
3304.83779 18.906 0.051
3309.74357 18.827 0.040
3311.74156 18.381 0.029
3320.78450 18.879 0.038
3323.73068 18.894 0.054
3327.75651 18.648 0.034
3330.71515 18.826 0.054
3334.81408 18.347 0.039
3338.86252 18.702 0.038
3339.76188 18.382 0.031
3354.77778 18.827 0.047
3358.82648 18.839 0.036
3365.75656 18.613 0.038
3372.77295 18.746 0.039
3378.68556 18.811 0.042
3391.75332 18.586 0.046
3399.72210 18.854 0.050
3403.70942 18.820 0.043
3406.67894 18.670 0.029
3410.63190 18.824 0.036
3415.62911 18.827 0.037
3427.59277 18.748 0.048
3433.61536 18.634 0.047
3438.54458 18.708 0.036
3446.50168 18.819 0.058
3455.52502 18.653 0.060
3461.51904 18.913 0.053
3473.47833 19.023 0.066
3575.93694 18.649 0.045
3592.92883 18.518 0.027
3601.92891 18.753 0.052
3619.83084 18.767 0.040
3629.90434 18.447 0.029
3633.86939 18.684 0.043
3639.78189 18.197 0.022
3644.81849 18.437 0.027
3651.76170 18.943 0.044
3654.80921 18.561 0.033
3658.77324 18.791 0.048
3661.84395 18.307 0.034
3668.81670 18.935 0.047
3672.80498 18.506 0.031
3676.76177 18.522 0.033
3684.82380 18.812 0.037
3687.79821 18.606 0.034
3690.71805 18.762 0.046
3693.75210 18.428 0.031
3695.78488 18.866 0.039
3698.76659 18.553 0.036
3700.79520 18.896 0.037
3703.72607 18.515 0.026
3705.79324 18.738 0.033
3708.78117 18.539 0.037
3712.73880 18.717 0.034
3714.80902 18.468 0.026
3717.67146 18.644 0.039
3719.84398 18.504 0.045
3721.80494 18.956 0.050
3726.70077 18.925 0.060
3730.73307 18.534 0.028
3732.72511 18.860 0.031
3734.85594 18.756 0.042
3737.75690 18.879 0.033
3739.82690 18.736 0.038
3741.83982 18.471 0.043
3743.73694 18.930 0.047
3746.77942 18.522 0.045
3748.73264 18.790 0.051
3749.73821 18.639 0.052
3751.74957 18.404 0.035
3753.70109 18.839 0.037
3755.70204 18.682 0.037
3757.69192 18.569 0.034
3759.75669 18.846 0.039
3762.77820 18.555 0.044
3765.76532 18.876 0.038
3770.63778 18.753 0.034
3773.70386 18.457 0.039
3776.67416 18.745 0.050
3779.62873 18.818 0.069
3782.74231 18.696 0.044
3787.60553 18.569 0.033
3792.55623 18.490 0.034
3800.53819 18.784 0.043
3823.50547 18.652 0.045
3946.92759 18.657 0.054
3964.88406 18.800 0.035
3969.91490 18.882 0.043
3981.88272 18.824 0.051
3989.91134 18.312 0.033
3998.87508 18.644 0.037
3999.83758 18.378 0.027
4001.88661 18.884 0.036
4004.85058 18.423 0.027
4005.86455 18.519 0.029
4008.73081 18.547 0.027
4011.89772 18.552 0.044
4018.86050 18.785 0.038
4024.72422 18.602 0.030
4026.80105 18.430 0.024
4029.75028 18.683 0.039
4032.76558 18.857 0.055
4038.73166 18.712 0.039
4041.69294 18.686 0.040
4043.69780 18.770 0.051
4049.66047 18.686 0.038
4052.72186 18.754 0.034
4054.70867 18.794 0.052
4056.76670 18.492 0.030
4058.79903 18.778 0.036
4063.69765 18.910 0.039
4066.75496 18.626 0.033
4068.65986 18.825 0.037
4070.68493 18.756 0.040
4073.85875 18.520 0.060
4074.75254 19.000 0.061
4077.80107 18.698 0.040
4079.84598 18.347 0.025
4083.69157 18.315 0.036
4085.75729 18.941 0.048
4093.74181 18.686 0.033
4105.81434 18.706 0.047
4109.78425 18.773 0.037
4113.74006 18.800 0.029
4120.77028 18.625 0.029
4122.72674 18.712 0.031
4125.78098 18.707 0.047
4132.66874 18.864 0.054
4142.71966 18.411 0.043
4156.55474 18.482 0.033
4168.50936 18.810 0.054
4197.48854 18.740 0.053
4341.92097 18.745 0.053
4347.87094 18.602 0.042
4353.80593 18.473 0.029
4358.90424 18.634 0.042
4364.86868 18.540 0.040
4367.89313 18.782 0.040
4371.75842 18.722 0.051
4377.81323 18.671 0.040
4380.82975 18.548 0.035
4386.80547 19.021 0.062
4390.76741 18.748 0.040
4394.72357 18.405 0.030
4399.74154 18.414 0.060
4404.73974 18.640 0.066
4412.72006 18.841 0.050
4418.81346 18.925 0.040
4421.85928 18.663 0.042
4426.75718 18.556 0.055
4430.68457 18.681 0.061
4432.74378 18.486 0.029
4436.78369 18.753 0.047
4439.84878 18.437 0.044
4443.73680 18.578 0.045
4449.69969 18.689 0.034
4451.70944 18.765 0.051
4455.70852 18.878 0.061
4457.73898 18.768 0.045
4460.81063 18.596 0.050
4463.72889 18.649 0.033
4466.71789 18.840 0.034
4470.66535 18.844 0.042
4473.70808 18.610 0.037
4477.76655 18.937 0.055
4482.77034 18.873 0.056
4486.74818 18.372 0.040
4491.72175 18.113 0.036
4494.66710 18.708 0.054
4498.70003 18.909 0.047
4501.69728 18.426 0.036
4506.63137 18.349 0.035
4508.65439 18.722 0.038
4510.72379 18.818 0.045
4517.65798 18.448 0.042
4521.63850 18.673 0.040
4524.60122 18.841 0.048
4530.62469 18.836 0.051
4532.65292 18.628 0.040
4536.62515 18.782 0.039
4539.50709 18.837 0.047
4541.61626 18.735 0.048
