 455.67245 18.584 0.017
 455.74669 18.643 0.020
 455.79426 18.610 0.020
 456.61436 18.299 0.015
 456.66409 18.361 0.027
 456.69687 18.335 0.019
 456.73488 18.398 0.017
 456.78228 18.435 0.017
 456.83371 18.491 0.019
 457.58205 18.562 0.019
 457.62600 18.535 0.020
 457.68462 18.593 0.020
 457.74322 18.647 0.024
 457.80186 18.654 0.023
 457.83135 18.647 0.024
 458.65843 18.377 0.019
 458.72750 18.335 0.020
 459.57565 18.526 0.023
 459.62181 18.512 0.020
 459.68039 18.559 0.021
 459.73982 18.588 0.021
 459.78369 18.675 0.025
 459.82749 18.677 0.024
 461.58657 18.498 0.020
 461.63031 18.539 0.020
 461.68900 18.568 0.020
 461.75515 18.597 0.019
 461.81715 18.700 0.029
 462.58709 18.511 0.019
 462.64571 18.416 0.017
 462.69169 18.342 0.018
 465.69376 18.515 0.024
 465.73823 18.607 0.027
 465.82298 18.605 0.022
 466.67426 18.415 0.020
 466.74081 18.351 0.018
 466.82579 18.369 0.019
 467.67792 18.476 0.019
 467.78252 18.553 0.020
 467.84845 18.585 0.029
 468.68882 18.519 0.022
 468.75476 18.362 0.019
 468.81338 18.312 0.017
 468.83540 18.369 0.016
 469.68551 18.495 0.023
 469.76363 18.450 0.022
 469.83258 18.531 0.028
 470.76422 18.430 0.030
 470.81131 18.275 0.026
 471.67133 18.424 0.021
 471.80811 18.467 0.030
 472.64598 18.588 0.021
 472.68976 18.695 0.023
 472.73355 18.648 0.027
 472.79947 18.369 0.026
 472.82898 18.344 0.028
 474.72550 18.625 0.027
 475.55986 18.253 0.018
 475.61864 18.436 0.022
 475.68474 18.304 0.024
 475.73689 18.446 0.027
 476.77090 18.591 0.031
 477.55659 18.388 0.018
 477.60792 18.294 0.016
 477.75537 18.416 0.019
 477.83622 18.456 0.024
 478.56275 18.502 0.020
 478.78315 18.653 0.025
 478.84208 18.661 0.025
 479.56157 18.434 0.020
 479.60544 18.349 0.016
 479.73922 18.437 0.023
 479.84304 18.527 0.029
 480.59764 18.568 0.025
 480.67878 18.610 0.020
 480.77237 18.641 0.022
 480.81648 18.631 0.026
 481.58282 18.462 0.019
 481.73120 18.365 0.019
 481.77517 18.325 0.019
 481.81912 18.399 0.023
 482.73205 18.534 0.020
 482.80995 18.585 0.022
 483.59831 18.607 0.030
 483.64276 18.408 0.019
 483.68664 18.345 0.017
 483.73061 18.390 0.019
 483.77452 18.368 0.019
 483.81845 18.443 0.026
 484.59699 18.511 0.023
 484.70566 18.539 0.023
 484.75002 18.563 0.021
 484.79404 18.556 0.023
 485.60063 18.653 0.023
 485.74757 18.318 0.019
 485.79169 18.322 0.019
 486.59716 18.432 0.022
 486.68350 18.486 0.022
 486.73922 18.516 0.022
 486.78440 18.600 0.023
 487.62412 18.658 0.020
 487.67237 18.569 0.019
 487.72020 18.413 0.017
 487.76429 18.345 0.018
 487.80848 18.346 0.018
 488.60964 18.443 0.019
 488.65354 18.428 0.017
 488.72242 18.497 0.022
 488.76641 18.514 0.024
 488.81049 18.586 0.029
 489.58534 18.643 0.020
 489.67433 18.602 0.019
 489.71823 18.479 0.019
 489.76218 18.388 0.019
 490.57858 18.374 0.015
 490.71574 18.459 0.019
 490.75986 18.472 0.020
 490.80385 18.502 0.020
 491.60308 18.596 0.022
 491.65490 18.651 0.023
 491.69903 18.677 0.027
 491.81246 18.357 0.021
 492.58726 18.388 0.020
 492.66159 18.384 0.020
 493.59030 18.614 0.022
 493.63477 18.566 0.021
 494.58503 18.339 0.018
 494.62896 18.362 0.019
 494.67315 18.361 0.020
 494.71748 18.354 0.020
 494.76246 18.488 0.020
 495.58782 18.596 0.026
 495.66145 18.572 0.029
 495.71494 18.670 0.042
 496.58319 18.308 0.020
 496.62797 18.336 0.020
 496.67206 18.454 0.029
 496.71698 18.327 0.032
 498.58228 18.358 0.019
 498.62631 18.277 0.017
 498.74005 18.333 0.022
 498.78402 18.569 0.029
 499.57724 18.464 0.022
 499.62293 18.539 0.020
 499.76323 18.656 0.031
 500.54646 18.634 0.031
 500.61992 18.340 0.027
 500.66487 18.401 0.025
 500.71598 18.367 0.024
 500.76043 18.298 0.027
 501.58412 18.489 0.031
 501.70287 18.547 0.032
 507.57255 18.400 0.019
 507.61773 18.500 0.024
 507.68955 18.461 0.036
 509.56840 18.400 0.021
 509.61553 18.440 0.023
 509.66786 18.434 0.026
 510.61004 18.550 0.024
 510.65560 18.703 0.031
 510.70318 18.538 0.032
 511.69549 18.428 0.040
 512.60217 18.579 0.024
 512.65047 18.605 0.034
 512.72480 18.778 0.029
 513.58248 18.347 0.019
 513.62804 18.363 0.016
 513.71975 18.407 0.019
 514.59070 18.496 0.019
 514.65979 18.523 0.024
 514.71012 18.625 0.024
 514.75698 18.634 0.022
 515.58485 18.290 0.017
 515.63959 18.363 0.018
 515.68783 18.391 0.020
 516.59116 18.597 0.030
 516.64535 18.532 0.025
 516.69233 18.588 0.026
 516.73882 18.638 0.031
 517.58914 18.320 0.021
 517.63898 18.283 0.020
 517.68897 18.330 0.023
 517.73510 18.439 0.025
 518.62649 18.544 0.024
 518.67174 18.467 0.025
 518.72082 18.581 0.031
 519.58710 18.462 0.019
 519.63375 18.304 0.020
 519.71615 18.430 0.026
 520.72791 18.491 0.026
 521.58343 18.472 0.023
 521.62853 18.448 0.028
 521.69132 18.333 0.027
 523.59266 18.600 0.028
 523.64548 18.418 0.022
 523.69537 18.373 0.025
 524.58509 18.420 0.024
 524.63506 18.424 0.029
 526.57207 18.491 0.031
 527.69723 18.430 0.029
 530.58737 18.287 0.031
 531.58478 18.586 0.032
 532.57426 18.461 0.031
 533.59149 18.537 0.031
 534.58072 18.413 0.026
 534.67657 18.399 0.033
 535.56528 18.537 0.023
 535.62558 18.636 0.030
 536.54444 18.401 0.023
 536.58961 18.352 0.023
 536.64015 18.401 0.031
 537.53903 18.495 0.020
 537.63923 18.634 0.028
 538.52701 18.409 0.025
 538.57875 18.398 0.021
 539.53565 18.462 0.024
 539.64673 18.570 0.023
 540.65247 18.342 0.023
 541.54602 18.460 0.020
 541.60304 18.481 0.020
 542.53512 18.677 0.024
 542.58699 18.545 0.022
 542.63446 18.454 0.021
 543.57335 18.433 0.020
 543.61740 18.513 0.023
 543.65445 18.482 0.023
 544.52611 18.610 0.023
 544.57042 18.691 0.025
 544.61469 18.551 0.025
 544.65994 18.390 0.022
 551.51585 18.363 0.019
 552.52731 18.533 0.024
 553.53267 18.317 0.026
 554.50937 18.450 0.031
 554.59482 18.527 0.047
 555.51570 18.373 0.043
 557.61628 18.342 0.032
 558.56305 18.555 0.052
 559.54689 18.483 0.033
 560.52492 18.431 0.037
 561.52494 18.700 0.039
 562.52649 18.425 0.033
 564.52769 18.337 0.029
 565.53347 18.623 0.035
 566.52745 18.388 0.026
 567.52854 18.548 0.026
 568.51379 18.353 0.035
 569.52356 18.616 0.037
 571.50943 18.539 0.032
 572.53968 18.341 0.027
 574.50160 18.351 0.023
 575.50020 18.435 0.036
 577.50917 18.441 0.029
 578.52271 18.481 0.027
 582.50488 18.673 0.045
 583.50764 18.412 0.029
 672.89309 18.381 0.024
 689.87708 18.343 0.024
 699.87830 18.468 0.027
 701.84391 18.709 0.045
 704.88642 18.425 0.031
 706.86783 18.378 0.030
 714.84369 18.348 0.022
 716.79988 18.614 0.030
 728.79504 18.501 0.023
 729.79508 18.270 0.025
 730.75062 18.568 0.027
 733.84164 18.390 0.038
 741.84485 18.536 0.030
 745.79972 18.570 0.029
 747.84808 18.587 0.031
 753.80195 18.468 0.031
 759.83651 18.399 0.024
 766.81063 18.446 0.038
 772.82977 18.482 0.027
 775.81148 18.424 0.023
 779.83013 18.596 0.028
 787.80652 18.517 0.026
 789.79055 18.505 0.030
 790.80101 18.383 0.025
 795.75865 18.460 0.027
 796.83054 18.438 0.026
 797.75831 18.436 0.024
 798.73029 18.601 0.026
 805.81517 18.315 0.031
 816.78619 18.437 0.025
 817.70544 18.646 0.027
 819.80511 18.598 0.038
 822.81932 18.372 0.021
 824.84856 18.420 0.028
 826.67206 18.401 0.027
 829.74264 18.461 0.032
 832.69886 18.687 0.033
 836.79768 18.622 0.039
 840.67705 18.610 0.039
 843.67749 18.283 0.022
 850.65109 18.402 0.025
 854.68891 18.361 0.029
 855.65580 18.596 0.045
 856.62212 18.337 0.031
 858.59468 18.282 0.024
 875.57001 18.372 0.024
 880.55558 18.471 0.027
 887.56888 18.559 0.037
 892.69720 18.526 0.030
 895.54330 18.478 0.035
 898.55020 18.397 0.020
 922.61752 18.473 0.030
 947.51479 18.394 0.045
 952.50865 18.627 0.034
1045.90325 18.434 0.031
1051.88347 18.424 0.030
1052.91871 18.621 0.038
1053.89894 18.283 0.020
1055.88711 18.298 0.031
1059.89987 18.406 0.031
1061.90963 18.399 0.035
1069.85706 18.570 0.030
1076.87900 18.385 0.025
1087.82922 18.329 0.025
1091.83172 18.318 0.034
1102.81412 18.394 0.018
1106.86915 18.376 0.022
1107.79693 18.534 0.027
1113.80970 18.500 0.028
1119.81442 18.529 0.030
1128.82268 18.583 0.028
1131.70824 18.697 0.048
1132.76027 18.500 0.026
1136.79358 18.483 0.025
1138.82001 18.474 0.025
1142.68470 18.336 0.019
1144.75361 18.395 0.023
1155.77878 18.541 0.028
1158.77627 18.599 0.030
1161.75420 18.338 0.019
1165.77493 18.321 0.021
1169.76980 18.323 0.025
1174.74363 18.436 0.022
1179.76045 18.596 0.036
1181.83254 18.557 0.037
1186.78694 18.327 0.020
1187.84820 18.535 0.026
1192.69407 18.702 0.029
1196.72696 18.663 0.040
1201.73583 18.357 0.030
1203.75564 18.384 0.026
1207.61254 18.608 0.036
1211.65029 18.582 0.031
1214.65119 18.325 0.028
1217.62603 18.503 0.027
1223.65710 18.525 0.027
1225.59805 18.431 0.022
1227.67854 18.454 0.035
1231.57446 18.367 0.029
1234.62269 18.581 0.034
1236.63021 18.520 0.043
1240.58265 18.513 0.029
1242.68435 18.584 0.038
1244.63397 18.472 0.029
1247.56456 18.628 0.037
1256.54925 18.423 0.040
1260.57478 18.438 0.026
1265.54971 18.402 0.028
1274.52762 18.533 0.038
1277.53190 18.354 0.030
1281.56038 18.480 0.036
1288.53013 18.349 0.032
1290.59755 18.397 0.031
1296.53489 18.326 0.033
1298.57280 18.352 0.039
1301.51457 18.442 0.041
1305.56035 18.466 0.033
1308.48986 18.528 0.032
1313.53638 18.297 0.035
1316.52823 18.499 0.019
1319.50452 18.582 0.032
1329.49833 18.539 0.043
1330.49786 18.345 0.040
1335.47423 18.406 0.033
1342.47305 18.504 0.039
1412.86288 18.540 0.034
1418.86010 18.496 0.031
1430.91465 18.394 0.029
1432.84847 18.297 0.031
1435.82449 18.538 0.040
1437.80839 18.432 0.031
1440.85604 18.637 0.039
1446.86810 18.576 0.041
1447.89364 18.362 0.033
1451.87789 18.389 0.029
1459.79538 18.701 0.036
1462.79967 18.437 0.031
1470.86001 18.301 0.023
1475.77265 18.513 0.030
1478.72802 18.580 0.038
1481.70165 18.382 0.042
1484.85110 18.632 0.030
1487.74804 18.302 0.023
1490.72790 18.522 0.031
1492.72102 18.453 0.029
1495.71950 18.635 0.031
1499.67728 18.625 0.042
1502.67254 18.340 0.030
1505.71313 18.583 0.033
1507.84656 18.632 0.034
1510.82256 18.293 0.023
1512.71933 18.592 0.041
1514.83043 18.364 0.027
1517.66588 18.401 0.028
1519.73952 18.445 0.026
1521.67526 18.376 0.025
1523.79601 18.337 0.031
1525.79039 18.410 0.022
1527.71932 18.339 0.023
1528.76570 18.486 0.026
1529.78675 18.364 0.022
1531.77990 18.325 0.027
1538.73642 18.426 0.026
1541.69252 18.574 0.022
1542.72240 18.363 0.026
1544.64842 18.399 0.024
1547.77534 18.530 0.026
1548.75294 18.340 0.023
1549.74720 18.543 0.022
1552.61195 18.603 0.027
1554.73842 18.635 0.025
1555.74511 18.474 0.023
1562.74807 18.585 0.041
1564.62667 18.466 0.033
1567.71922 18.362 0.030
1570.62456 18.393 0.025
1574.75125 18.451 0.022
1577.70094 18.586 0.028
1580.73699 18.395 0.025
1583.62236 18.480 0.027
1586.62263 18.593 0.026
1589.62718 18.439 0.030
1592.61894 18.581 0.029
1595.66484 18.360 0.030
1599.60454 18.323 0.021
1601.68252 18.325 0.030
1604.56406 18.411 0.029
1606.59893 18.428 0.031
1609.64028 18.668 0.032
1610.62541 18.420 0.026
1613.51643 18.569 0.039
1615.54838 18.465 0.028
1617.61977 18.556 0.028
1619.60341 18.469 0.036
1622.50475 18.627 0.044
1624.50130 18.608 0.040
1626.50215 18.584 0.039
1627.62325 18.450 0.037
1629.50230 18.335 0.028
1630.58369 18.635 0.033
1632.52023 18.613 0.032
1634.49795 18.521 0.030
1643.48986 18.638 0.043
1646.48885 18.467 0.044
1654.52730 18.357 0.036
1656.51349 18.317 0.025
1659.52095 18.539 0.042
1661.54490 18.497 0.034
1663.57017 18.459 0.028
1667.51183 18.340 0.034
1670.53357 18.559 0.038
1673.50404 18.325 0.037
1681.47395 18.562 0.062
1694.47843 18.386 0.035
1771.89233 18.340 0.043
1772.87219 18.564 0.031
1775.87328 18.356 0.026
1784.85784 18.405 0.036
1789.84656 18.546 0.020
1804.79619 18.653 0.042
1808.87675 18.557 0.037
1812.79129 18.568 0.026
1816.80265 18.466 0.023
1821.79321 18.661 0.031
1823.83532 18.569 0.027
1826.81840 18.349 0.028
1829.79206 18.472 0.034
1830.80538 18.396 0.032
1834.84435 18.366 0.031
1845.84180 18.458 0.026
1851.83917 18.402 0.034
1859.78149 18.707 0.031
1861.79870 18.551 0.029
1864.77613 18.376 0.022
1865.75635 18.513 0.025
1867.81011 18.539 0.027
1868.79570 18.318 0.019
1870.72898 18.386 0.023
1871.81299 18.598 0.024
1873.77253 18.491 0.025
2123.93450 18.421 0.039
2130.92356 18.479 0.046
2131.92535 18.453 0.051
2132.92352 18.672 0.053
2134.92508 18.606 0.050
2140.92475 18.566 0.046
2142.91199 18.472 0.048
2144.92237 18.475 0.040
2156.89607 18.306 0.046
2161.86302 18.492 0.052
2173.87628 18.319 0.028
2190.80798 18.342 0.032
2192.84593 18.259 0.029
2201.83238 18.418 0.029
2214.81394 18.598 0.046
2221.75684 18.523 0.047
2224.76955 18.374 0.031
2227.67217 18.468 0.035
2229.68563 18.463 0.043
2230.82979 18.349 0.031
2237.76461 18.455 0.031
2241.68986 18.357 0.036
2243.74372 18.297 0.033
2247.82559 18.385 0.031
2248.82818 18.565 0.031
2250.81497 18.606 0.038
2252.67528 18.421 0.036
2254.66634 18.454 0.031
2257.67301 18.576 0.034
2260.67972 18.335 0.032
2264.68510 18.249 0.029
2266.67121 18.317 0.031
2270.67890 18.570 0.035
2271.81926 18.472 0.026
2272.82721 18.260 0.034
2274.66473 18.570 0.045
2276.77484 18.529 0.037
2277.82814 18.465 0.029
2279.84574 18.452 0.031
2280.81929 18.652 0.053
2282.70891 18.613 0.037
2283.87005 18.452 0.041
2288.77751 18.539 0.050
2290.81480 18.609 0.043
2292.78782 18.540 0.045
2294.76415 18.466 0.052
2296.77979 18.489 0.053
2298.73650 18.331 0.037
2300.74697 18.556 0.051
2302.72365 18.303 0.042
2323.59973 18.482 0.030
2327.58515 18.677 0.049
2333.59517 18.567 0.055
2339.57156 18.531 0.036
2345.53263 18.477 0.041
2351.51076 18.314 0.033
2369.50827 18.518 0.042
2385.49396 18.332 0.045
2529.83955 18.371 0.035
2539.84198 18.486 0.043
2545.81155 18.548 0.045
2552.86519 18.372 0.038
2556.85656 18.320 0.029
2560.76498 18.677 0.039
2564.87325 18.641 0.043
2573.86996 18.328 0.036
2578.79432 18.459 0.038
2583.84872 18.637 0.049
2590.75492 18.341 0.032
2596.76753 18.661 0.051
2605.79479 18.380 0.031
2609.76695 18.348 0.040
2614.72524 18.493 0.045
2618.78021 18.460 0.036
2621.70532 18.549 0.031
2624.61127 18.364 0.039
2627.70978 18.505 0.053
2629.73273 18.519 0.037
2632.65867 18.645 0.038
2635.70591 18.428 0.028
2638.67689 18.585 0.037
2640.77378 18.641 0.044
2642.73000 18.597 0.052
2644.73270 18.579 0.038
2646.68693 18.513 0.042
2650.74250 18.575 0.039
2652.79989 18.489 0.031
2654.76530 18.378 0.037
2656.67072 18.415 0.038
2658.63247 18.380 0.034
2660.65080 18.347 0.032
2662.66174 18.317 0.031
2664.64180 18.382 0.034
2666.70519 18.322 0.026
2668.69131 18.386 0.034
2670.65343 18.627 0.056
2672.79219 18.384 0.036
2674.69294 18.693 0.044
2676.68205 18.621 0.039
2678.73530 18.778 0.049
2680.64606 18.586 0.040
2682.69211 18.473 0.045
2687.57192 18.611 0.048
2693.53115 18.508 0.032
2696.56788 18.402 0.040
2701.54953 18.472 0.045
2707.55130 18.357 0.035
2714.54340 18.488 0.047
2839.92000 18.482 0.038
2867.89101 18.611 0.046
2885.86870 18.450 0.031
2892.89721 18.595 0.046
2897.86612 18.385 0.036
2907.78634 18.534 0.036
2911.82373 18.602 0.031
2916.87415 18.307 0.026
2922.85785 18.513 0.053
2926.78955 18.599 0.037
2930.85923 18.610 0.038
2934.76126 18.499 0.031
2940.74111 18.353 0.028
2943.74630 18.586 0.041
2947.75495 18.542 0.037
2949.84495 18.585 0.033
2953.71209 18.430 0.039
2956.73743 18.686 0.036
2958.76379 18.741 0.052
2962.77629 18.590 0.032
2965.79932 18.393 0.031
2968.66661 18.475 0.040
2973.79011 18.349 0.028
2976.80254 18.486 0.034
2978.71019 18.422 0.036
2980.72261 18.386 0.031
2982.71533 18.336 0.031
2984.76246 18.376 0.033
2986.84513 18.402 0.040
2988.81550 18.371 0.031
2989.77081 18.539 0.032
2991.66595 18.452 0.032
2993.68638 18.470 0.038
2995.75421 18.421 0.029
2997.73190 18.447 0.035
3001.79094 18.435 0.032
3003.76159 18.415 0.034
3005.72343 18.304 0.030
3007.64485 18.424 0.031
3009.64270 18.580 0.039
3011.74228 18.375 0.043
3017.74779 18.668 0.040
3019.67582 18.572 0.037
3021.79439 18.639 0.037
3023.65617 18.531 0.029
3025.62407 18.472 0.031
3027.67345 18.495 0.031
3029.65848 18.422 0.031
3031.72840 18.510 0.036
3033.79204 18.518 0.029
3035.79887 18.454 0.031
3038.77649 18.667 0.045
3041.61700 18.289 0.041
3043.65104 18.314 0.040
3045.71396 18.272 0.032
3047.66771 18.381 0.035
3048.59649 18.420 0.026
3050.61600 18.393 0.026
3052.61720 18.399 0.031
3054.61742 18.416 0.034
3056.60987 18.343 0.028
3058.60386 18.326 0.031
3060.65346 18.390 0.031
3068.53938 18.588 0.048
3070.60029 18.704 0.066
3073.63148 18.399 0.044
3076.54509 18.647 0.062
3078.64050 18.517 0.034
3082.61831 18.544 0.031
3085.51940 18.610 0.045
3087.65759 18.556 0.052
3090.62374 18.458 0.037
3096.53962 18.384 0.045
3099.60940 18.623 0.061
3102.58801 18.357 0.038
3104.57473 18.483 0.040
3107.55843 18.539 0.051
3110.55650 18.683 0.051
3113.53441 18.315 0.039
3128.50692 18.385 0.041
3140.51391 18.439 0.035
3216.87814 18.537 0.056
3248.86326 18.588 0.049
3257.89160 18.337 0.027
3264.81294 18.410 0.025
3270.87973 18.377 0.029
3274.76538 18.439 0.046
3277.88741 18.494 0.036
3287.76907 18.315 0.027
3295.72749 18.603 0.028
3297.71946 18.614 0.027
3299.78378 18.600 0.024
3301.78100 18.747 0.060
3304.84134 18.465 0.037
3309.74710 18.511 0.033
3311.74507 18.489 0.032
3320.78803 18.601 0.031
3323.73416 18.313 0.030
3327.76000 18.352 0.030
3330.71865 18.430 0.042
3334.81758 18.516 0.042
3338.86601 18.476 0.045
3339.76535 18.612 0.040
3354.78126 18.368 0.033
3358.82996 18.411 0.028
3365.76005 18.426 0.033
3372.77645 18.493 0.034
3378.68907 18.520 0.037
3391.75682 18.601 0.042
3399.72563 18.437 0.037
3403.71297 18.413 0.033
3406.68250 18.546 0.027
3410.63545 18.416 0.027
3415.63265 18.591 0.032
3427.59637 18.459 0.037
3433.61897 18.404 0.036
3438.54817 18.536 0.031
3446.50533 18.504 0.041
3455.52866 18.420 0.052
3461.52273 18.536 0.040
3473.48206 18.334 0.037
3575.94071 18.323 0.039
3592.93256 18.411 0.026
3619.83448 18.497 0.031
3629.90796 18.586 0.043
3633.87299 18.572 0.038
3639.78547 18.507 0.029
3644.82209 18.619 0.031
3651.76525 18.372 0.029
3654.81277 18.514 0.031
3658.77679 18.474 0.040
3661.84749 18.481 0.044
3668.82022 18.392 0.034
3672.80849 18.324 0.030
3676.76528 18.489 0.033
3684.82727 18.664 0.033
3687.80168 18.354 0.027
3690.72154 18.497 0.039
3693.75556 18.422 0.034
3695.78832 18.418 0.029
3698.77007 18.454 0.038
3700.79865 18.402 0.028
3703.72953 18.582 0.031
3705.79670 18.626 0.031
3708.78463 18.355 0.034
3712.74225 18.397 0.028
3714.81248 18.308 0.024
3717.67492 18.424 0.032
3719.84744 18.463 0.041
3721.80841 18.396 0.030
3726.70425 18.471 0.044
3730.73649 18.473 0.027
3732.72858 18.479 0.026
3734.85942 18.608 0.038
3737.76036 18.609 0.027
3739.83034 18.411 0.027
3741.84328 18.618 0.048
3743.74041 18.680 0.040
3746.78292 18.431 0.041
3748.73612 18.406 0.037
3749.74170 18.566 0.046
3751.75306 18.507 0.037
3753.70456 18.531 0.032
3755.70556 18.439 0.031
3757.69542 18.419 0.031
3759.76021 18.414 0.026
3762.78172 18.641 0.043
3765.76881 18.425 0.025
3770.64132 18.472 0.026
3773.70740 18.518 0.039
3776.67772 18.449 0.038
3779.63230 18.587 0.059
3782.74590 18.477 0.038
3787.60911 18.474 0.032
3792.55983 18.585 0.038
3800.54182 18.593 0.038
3809.54906 18.794 0.061
3823.50916 18.468 0.034
3946.93135 18.328 0.041
3964.88773 18.578 0.031
3969.91854 18.440 0.031
3981.88634 18.531 0.044
3989.91496 18.717 0.063
3998.87866 18.326 0.028
3999.84114 18.528 0.030
4001.89016 18.497 0.026
4004.85413 18.664 0.032
4005.86808 18.477 0.030
4008.73435 18.540 0.029
4011.90124 18.460 0.048
4018.86402 18.495 0.031
4024.73147 18.334 0.025
4026.80453 18.405 0.025
4029.75376 18.550 0.036
4032.76906 18.327 0.037
4038.73513 18.704 0.039
4041.69639 18.439 0.033
4043.70124 18.380 0.037
4049.66390 18.375 0.031
4052.72531 18.501 0.032
4054.71211 18.507 0.045
4056.77013 18.469 0.032
4058.80246 18.499 0.027
4063.70106 18.502 0.028
4066.75837 18.366 0.028
4068.66326 18.373 0.027
4070.68835 18.442 0.033
4074.75598 18.494 0.044
4077.80450 18.469 0.033
4079.84939 18.596 0.039
4083.69496 18.367 0.040
4085.76069 18.321 0.033
4093.74522 18.390 0.025
4105.81779 18.648 0.044
4109.78766 18.584 0.031
4113.74349 18.509 0.027
4120.77372 18.703 0.035
4122.73018 18.598 0.031
4125.78445 18.360 0.034
4132.67221 18.369 0.040
4142.72319 18.431 0.047
4156.55829 18.536 0.035
4168.51294 18.441 0.037
4197.49220 18.425 0.043
4341.92462 18.271 0.042
4347.87554 18.642 0.042
4353.80951 18.512 0.034
4358.90781 18.369 0.038
4364.87223 18.581 0.044
4367.89668 18.442 0.038
4371.76197 18.310 0.031
4377.81834 18.402 0.035
4380.83327 18.470 0.033
4386.80899 18.399 0.040
4390.77090 18.354 0.031
4394.72705 18.501 0.033
4399.74500 18.413 0.052
4412.72350 18.517 0.038
4418.81690 18.545 0.032
4421.86271 18.478 0.047
4426.76061 18.388 0.046
4430.68799 18.441 0.050
4432.74718 18.339 0.028
4436.78711 18.393 0.040
4439.85219 18.512 0.053
4443.74022 18.444 0.045
4449.70309 18.319 0.028
4451.71284 18.404 0.038
4455.71192 18.627 0.046
4457.74238 18.638 0.047
4460.81402 18.471 0.049
4463.73231 18.607 0.034
4466.72131 18.356 0.027
4470.66877 18.427 0.035
4473.71150 18.487 0.037
4477.76998 18.527 0.043
4482.77380 18.596 0.051
4486.75162 18.657 0.052
4491.72515 18.434 0.050
4494.67051 18.475 0.047
4498.70324 18.401 0.032
4501.70049 18.592 0.045
4506.63461 18.380 0.038
4508.65764 18.434 0.034
4510.72722 18.425 0.037
4517.66144 18.405 0.043
4521.64198 18.437 0.037
4524.60471 18.552 0.040
4530.63068 18.466 0.037
4532.65643 18.560 0.042
4536.62867 18.416 0.034
4539.51064 18.513 0.041
4541.61978 18.462 0.044
