2125.61710 17.145 0.024
2129.69151 17.152 0.015
2132.63307 17.108 0.015
2136.53720 16.955 0.016
2141.54891 16.961 0.013
2144.63908 17.008 0.014
2160.60661 17.108 0.018
2211.50155 16.912 0.022
2347.83310 17.022 0.016
2357.86063 17.117 0.015
2372.84851 17.060 0.015
2383.81116 17.118 0.015
2388.79100 17.111 0.017
2390.81391 17.131 0.017
2397.69809 17.077 0.016
2401.82974 17.097 0.015
2403.90672 17.111 0.015
2405.89412 17.085 0.017
2414.89346 17.016 0.017
2416.85139 16.966 0.015
2424.81876 17.127 0.018
2428.84738 17.133 0.018
2432.86085 17.075 0.024
2434.74572 17.078 0.014
2436.79442 17.078 0.016
2438.75519 17.001 0.016
2441.73288 17.016 0.013
2445.63929 17.182 0.016
2448.65746 17.146 0.030
2455.69702 17.096 0.014
2459.61703 17.107 0.012
2463.54835 17.013 0.017
2466.64456 17.015 0.017
2468.67485 17.062 0.013
2470.65719 17.032 0.014
2472.68536 17.053 0.014
2481.56470 17.085 0.019
2484.62727 17.116 0.018
2486.71924 17.144 0.020
2490.68743 17.100 0.018
2493.64898 17.109 0.016
2495.74759 17.122 0.019
2498.51445 17.006 0.013
2499.47587 16.954 0.015
2500.48648 16.945 0.015
2500.55895 17.022 0.014
2501.48107 16.922 0.017
2502.49242 16.937 0.015
2502.57015 17.010 0.015
2503.47314 17.025 0.037
2508.48357 17.181 0.019
2508.67045 17.023 0.018
2512.61682 16.949 0.016
2517.57069 17.125 0.018
2520.58605 17.132 0.016
2528.49129 17.026 0.018
2538.49773 16.937 0.016
2542.52502 16.967 0.016
2552.49897 17.115 0.019
2556.58312 17.112 0.020
2563.49754 17.075 0.017
2575.52602 16.989 0.019
2707.86703 16.976 0.014
2714.90635 16.951 0.013
2729.84030 17.049 0.016
2733.92049 17.077 0.019
2744.91804 16.996 0.013
2753.89295 17.132 0.017
2757.80446 17.116 0.016
2761.82156 17.092 0.016
2767.79686 17.046 0.018
2775.72593 17.023 0.019
2783.82991 17.113 0.016
2785.75551 17.093 0.016
2787.60584 17.088 0.019
2789.76255 17.088 0.015
2791.71899 17.078 0.015
2794.93383 17.175 0.021
2796.83267 17.105 0.014
2797.89390 17.120 0.015
2809.72175 16.881 0.015
2811.64610 17.108 0.018
2812.72061 17.121 0.016
2813.82989 16.975 0.015
2814.75341 17.115 0.016
2816.61806 17.071 0.015
2818.58938 17.100 0.015
2820.79598 17.165 0.018
2826.75946 17.097 0.013
2835.64360 16.978 0.018
2839.71283 17.010 0.017
2841.72214 16.979 0.015
2843.64864 17.135 0.016
2845.65931 17.127 0.016
2850.52730 17.090 0.015
2852.53967 17.019 0.019
2854.54339 17.067 0.017
2856.73377 17.136 0.022
2858.68638 17.109 0.026
2862.59907 17.010 0.018
2865.70264 17.056 0.018
2868.58885 16.999 0.014
2879.63543 17.142 0.016
2884.66577 17.140 0.018
2892.65412 17.095 0.023
2895.62782 17.083 0.016
2900.55607 16.972 0.017
2906.50795 17.118 0.019
2911.53215 17.122 0.018
2918.55613 17.089 0.020
2930.57528 17.080 0.022
3051.88680 17.099 0.021
3064.82169 17.001 0.017
3067.89512 17.009 0.014
3070.85666 16.933 0.017
3073.81211 17.106 0.017
3075.85079 17.123 0.017
3079.89533 17.120 0.019
3079.91117 17.096 0.020
3080.82744 17.094 0.016
3080.87253 17.134 0.015
3080.89626 17.159 0.015
3080.90975 17.138 0.016
3081.79722 17.085 0.016
3081.84116 17.103 0.014
3081.91281 17.132 0.020
3082.84337 17.094 0.015
3082.88252 17.104 0.014
3083.80691 17.093 0.014
3083.86835 17.092 0.014
3084.78460 17.074 0.015
3084.86729 17.122 0.014
3085.78834 17.111 0.015
3085.85863 17.078 0.015
3086.84025 17.076 0.013
3088.79775 17.084 0.013
3089.90698 17.085 0.014
3091.82721 17.071 0.014
3096.86532 17.046 0.016
3098.85277 17.058 0.013
3100.80630 16.986 0.014
3101.92005 17.018 0.018
3103.77757 16.920 0.014
3108.77013 17.153 0.014
3109.80230 17.078 0.013
3110.83670 17.107 0.016
3112.79505 17.115 0.014
3113.87598 17.111 0.014
3114.78685 17.096 0.013
3115.87032 17.115 0.014
3116.92578 17.056 0.016
3122.91284 17.101 0.017
3125.87316 17.048 0.018
3126.89877 17.101 0.015
3127.80962 17.067 0.015
3128.82265 17.065 0.015
3130.70056 16.935 0.016
3134.82220 17.014 0.016
3135.90191 17.024 0.016
3138.70364 17.078 0.017
3139.88091 17.034 0.014
3140.88069 17.018 0.014
3142.76893 17.136 0.015
3144.78990 17.135 0.015
3146.81256 17.115 0.016
3151.75252 17.098 0.017
3151.90520 17.133 0.017
3152.75662 17.068 0.016
3153.76052 17.058 0.017
3154.82208 17.084 0.017
3156.84177 17.095 0.017
3158.91588 17.102 0.024
3162.81676 17.063 0.016
3163.62966 16.901 0.013
3163.65141 16.965 0.012
3164.73902 17.026 0.014
3165.75915 17.031 0.012
3166.90431 17.075 0.025
3168.75235 16.995 0.014
3169.72865 16.925 0.013
3170.80575 16.994 0.013
3171.82850 17.031 0.013
3172.75544 16.939 0.011
3174.71241 17.128 0.013
3175.72170 17.140 0.014
3177.75889 17.101 0.020
3178.78541 17.059 0.013
3179.79515 17.054 0.014
3180.72405 17.149 0.013
3182.77501 17.135 0.015
3183.74360 17.087 0.016
3184.70142 17.084 0.014
3185.75408 17.101 0.016
3193.53962 16.924 0.013
3194.59822 16.985 0.015
3195.64553 17.002 0.012
3195.80321 17.092 0.014
3196.54866 16.924 0.014
3197.51617 17.113 0.015
3199.62603 16.927 0.013
3201.51783 17.135 0.014
3202.57222 17.138 0.014
3203.66177 16.911 0.013
3204.65608 16.929 0.012
3205.76972 17.010 0.013
3206.72056 16.946 0.015
3210.54802 17.059 0.017
3211.58637 17.085 0.015
3217.65498 17.080 0.018
3218.65338 17.104 0.019
3219.60924 17.022 0.020
3223.65456 17.042 0.019
3224.70008 17.112 0.021
3226.61742 16.980 0.017
3228.60383 17.012 0.015
3229.63630 17.038 0.014
3230.66988 17.027 0.014
3238.62228 16.977 0.014
3239.70096 16.984 0.016
3240.68209 16.954 0.017
3241.65702 17.028 0.016
3245.55687 17.090 0.017
3246.66059 17.111 0.020
3247.62676 17.108 0.018
3249.52877 17.036 0.016
3250.66144 17.121 0.018
3253.52921 17.074 0.015
3256.63849 17.053 0.017
3267.53456 16.927 0.014
3267.58718 16.983 0.014
3268.55269 16.915 0.014
3272.58998 16.953 0.016
3275.57296 17.132 0.020
3278.60182 17.154 0.018
3282.57586 17.150 0.012
3288.54839 17.142 0.017
3293.51903 17.031 0.012
3295.52921 17.074 0.010
3314.50326 17.069 0.025
3408.89305 17.090 0.023
3414.86864 17.050 0.017
3421.90025 17.089 0.014
3422.87458 17.013 0.014
3426.86572 17.002 0.014
3429.85652 16.940 0.015
3432.89116 16.981 0.016
3442.89366 17.150 0.014
3445.80640 17.085 0.012
3447.85704 17.110 0.016
3449.86967 17.115 0.013
3452.89025 17.111 0.012
3455.82450 17.021 0.019
3457.85803 17.076 0.014
3459.85318 17.066 0.014
3467.88304 16.992 0.012
3468.79160 16.993 0.013
3468.86544 16.962 0.012
3468.91501 17.015 0.013
3469.78897 17.097 0.013
3470.80188 17.068 0.012
3471.92829 16.948 0.019
3472.76436 17.141 0.014
3473.78413 17.111 0.015
3474.78079 17.080 0.015
3475.80638 17.129 0.014
3476.90635 16.963 0.011
3477.76819 17.081 0.014
3479.76705 17.118 0.012
3480.72717 17.072 0.013
3481.74511 17.100 0.013
3482.72186 17.043 0.014
3496.72465 16.943 0.014
3497.79621 17.009 0.014
3498.92050 17.063 0.018
3499.86734 17.038 0.013
3500.73356 17.005 0.013
3501.66786 17.111 0.015
3501.72784 17.085 0.014
3502.62798 17.100 0.015
3503.63626 17.119 0.014
3504.66647 16.982 0.016
3506.73149 17.152 0.013
3506.87247 16.985 0.012
3508.66022 17.053 0.018
3508.82289 17.118 0.015
3509.60582 17.036 0.017
3510.75895 17.107 0.014
3510.92411 16.960 0.013
3511.59580 17.007 0.020
3511.61492 16.992 0.019
3511.64734 17.083 0.015
3511.68168 17.074 0.014
3511.68483 17.097 0.014
3511.73442 17.135 0.015
3511.76343 17.098 0.014
3511.79170 17.121 0.013
3511.82381 17.137 0.013
3511.86557 17.140 0.015
3511.89476 16.942 0.013
3511.93323 16.940 0.013
3512.59729 17.004 0.019
3512.63626 17.056 0.019
3512.68902 17.086 0.015
3512.72077 17.120 0.017
3512.75653 17.114 0.016
3512.80402 17.111 0.015
3512.84434 17.134 0.018
3512.88316 17.107 0.017
3512.93246 16.931 0.014
3517.63912 17.029 0.019
3517.69294 17.030 0.025
3517.78536 17.083 0.015
3520.58893 16.918 0.014
3520.65852 17.035 0.014
3520.76641 17.088 0.014
3520.86005 17.111 0.016
3520.91701 17.127 0.019
3521.61400 16.971 0.013
3521.72315 17.069 0.012
3521.85065 17.122 0.015
3522.58631 16.922 0.012
3522.69845 17.042 0.012
3522.71928 17.035 0.011
3522.75112 17.066 0.012
3522.92453 17.137 0.015
3522.94235 17.151 0.017
3523.60753 16.878 0.013
3523.68553 17.002 0.013
3523.75631 17.077 0.011
3523.84705 17.108 0.017
3524.58130 16.865 0.012
3524.61032 16.934 0.012
3524.66312 16.981 0.013
3524.75557 17.075 0.014
3524.80798 17.089 0.015
3524.87994 17.131 0.016
3525.57197 16.990 0.015
3525.64512 16.968 0.012
3525.75447 17.051 0.012
3525.81323 17.080 0.014
3525.92114 17.120 0.017
3526.65870 16.948 0.015
3526.75743 17.028 0.013
3526.87898 17.099 0.015
3526.94529 17.110 0.026
3527.59253 17.049 0.013
3527.71672 17.004 0.011
3527.82177 17.076 0.014
3527.87458 17.092 0.017
3527.92177 17.102 0.021
3528.56114 17.103 0.016
3528.67837 16.942 0.011
3528.79617 17.037 0.014
3528.92649 17.118 0.020
3529.57218 17.076 0.016
3529.70064 16.971 0.010
3529.86606 17.111 0.014
3530.56135 17.146 0.015
3530.61577 17.144 0.012
3530.68957 16.951 0.011
3530.78452 17.041 0.011
3530.85065 17.081 0.011
3533.59907 17.133 0.014
3536.87278 17.034 0.013
3537.67878 17.095 0.014
3538.61228 17.055 0.014
3539.61917 17.203 0.020
3540.65559 17.116 0.014
3541.78595 17.031 0.014
3542.84134 16.902 0.026
3544.62268 17.117 0.017
3546.84966 17.164 0.022
3547.81395 17.134 0.019
3549.84397 17.170 0.016
3550.64041 17.087 0.012
3551.64101 17.080 0.010
3552.67633 17.082 0.013
3553.72573 17.053 0.016
3553.78070 17.117 0.017
3553.79268 17.064 0.019
3553.80731 17.097 0.021
3553.82570 17.070 0.020
3553.83747 17.143 0.019
3554.56916 16.898 0.018
3554.58394 16.945 0.017
3554.59615 16.991 0.014
3554.61166 17.009 0.014
3554.62266 17.004 0.016
3554.63207 17.020 0.016
3554.64387 16.979 0.016
3554.65571 17.015 0.017
3554.66426 17.041 0.016
3554.68329 17.027 0.014
3554.69832 17.015 0.015
3554.71358 17.020 0.015
3554.72863 17.042 0.015
3554.74346 17.070 0.015
3554.76366 17.090 0.014
3554.78342 17.053 0.016
3554.80587 17.089 0.015
3554.82612 17.070 0.019
3554.85024 17.076 0.017
3554.86473 17.119 0.019
3555.64890 17.011 0.012
3555.68260 17.006 0.015
3556.55101 16.869 0.018
3556.65153 17.047 0.013
3556.76215 17.063 0.015
3556.83450 17.100 0.020
3558.46492 17.124 0.019
3558.53571 16.963 0.013
3558.74593 17.045 0.015
3558.83441 17.106 0.017
3559.56612 16.927 0.013
3559.70436 17.068 0.013
3560.46747 17.058 0.017
3560.60571 16.948 0.012
3560.69921 17.015 0.013
3560.82685 17.133 0.015
3561.46098 17.022 0.024
3561.62731 16.945 0.012
3561.75365 17.042 0.013
3562.46849 17.107 0.016
3562.59411 16.918 0.016
3562.76025 17.043 0.013
3563.48140 17.071 0.015
3563.64485 16.891 0.013
3563.77653 17.017 0.015
3564.51598 17.012 0.020
3564.64065 16.909 0.012
3564.73548 16.945 0.016
3564.78499 17.004 0.017
3564.80061 17.017 0.017
3565.48063 17.050 0.021
3568.78805 17.016 0.013
3569.47465 17.100 0.033
3569.56798 17.098 0.015
3573.66289 17.119 0.017
3574.69430 17.128 0.015
3575.54180 17.099 0.012
3575.77840 16.970 0.014
3576.69564 17.130 0.016
3577.59578 17.116 0.014
3578.68040 17.100 0.013
3579.62591 17.105 0.013
3580.65910 17.088 0.013
3581.67894 17.106 0.012
3582.65083 17.094 0.012
3583.64121 17.076 0.012
3583.76112 17.098 0.018
3584.64988 17.080 0.012
3584.76451 17.112 0.014
3585.64022 17.080 0.013
3586.72531 17.084 0.012
3589.67885 17.075 0.012
3590.66280 17.042 0.012
3591.68636 17.074 0.012
3593.75331 17.095 0.016
3594.71550 17.057 0.013
3601.66402 16.933 0.013
3602.62463 17.061 0.015
3603.64466 17.003 0.014
3607.64301 17.170 0.014
3608.65839 17.165 0.014
3615.58614 17.105 0.014
3618.58774 17.091 0.014
3620.55096 17.031 0.012
3622.52879 16.994 0.015
3628.60498 16.989 0.016
3630.54432 16.899 0.016
3632.59599 16.969 0.016
3634.49507 17.088 0.016
3639.55395 17.103 0.012
3641.55237 17.066 0.019
3644.51274 17.099 0.016
3648.54449 17.077 0.017
3650.59299 17.103 0.018
3654.54854 17.059 0.018
3656.52980 17.028 0.016
3658.56165 17.065 0.021
3660.53426 17.004 0.018
3664.53801 16.934 0.014
3669.53758 17.177 0.021
3675.51634 17.141 0.021
3776.87514 17.113 0.016
3782.85981 17.062 0.015
3784.88513 17.104 0.014
3788.85253 17.027 0.016
3790.89494 17.037 0.015
3793.86225 16.997 0.012
3795.84966 16.948 0.015
3798.81286 17.127 0.014
3799.83703 17.094 0.016
3800.83197 17.139 0.016
3801.89146 16.931 0.013
3802.85704 17.125 0.015
3803.89230 17.117 0.013
3805.80876 17.080 0.016
3806.77503 17.105 0.016
3807.79413 17.085 0.016
3808.80181 17.112 0.016
3809.88692 17.122 0.014
3810.85354 17.103 0.014
3811.84514 17.099 0.015
3812.84124 17.061 0.016
3813.83416 17.084 0.014
3814.83305 17.073 0.014
3817.86456 17.100 0.017
3818.89369 17.108 0.013
3819.81139 17.024 0.011
3820.77803 17.029 0.012
3821.78118 17.015 0.013
3822.82057 17.021 0.013
3823.78076 16.965 0.015
3824.74695 16.896 0.015
3825.81181 16.959 0.014
3826.74033 16.824 0.012
3827.80814 16.975 0.012
3828.78275 16.920 0.014
3829.76494 16.996 0.014
3830.74128 17.142 0.015
3831.91478 17.013 0.012
3832.75184 17.115 0.014
3833.76503 17.140 0.014
3834.75076 17.123 0.014
3834.92165 16.956 0.016
3835.73984 17.098 0.015
3836.77089 17.118 0.017
3837.73824 17.089 0.017
3837.91014 16.918 0.012
3838.75003 17.079 0.018
3838.91735 16.910 0.014
3839.74580 17.082 0.017
3840.71179 17.087 0.017
3840.91674 17.024 0.014
3841.75031 17.092 0.015
3841.90104 17.167 0.016
3842.85368 17.136 0.014
3845.72583 17.107 0.020
3845.91657 17.078 0.016
3846.73652 17.072 0.013
3846.92882 17.113 0.016
3847.80260 17.083 0.017
3848.75757 17.065 0.014
3849.75672 17.016 0.013
3850.70075 17.012 0.013
3850.87249 17.100 0.015
3851.71590 17.027 0.014
3851.88079 17.089 0.014
3851.92689 17.085 0.015
3852.70447 16.993 0.014
3852.87571 17.082 0.014
3853.69289 16.986 0.012
3853.86119 17.090 0.013
3853.93198 17.123 0.014
3856.68292 16.937 0.013
3856.84968 17.065 0.013
3857.92060 17.102 0.015
3858.76930 16.971 0.010
3859.80750 17.008 0.013
3860.67702 17.096 0.015
3860.91585 17.038 0.015
3861.67507 17.118 0.015
3861.77866 16.988 0.012
3862.70777 17.078 0.013
3862.87080 17.045 0.014
3863.64580 17.121 0.015
3863.85989 17.018 0.012
3864.68273 17.124 0.015
3864.87280 17.009 0.012
3864.93174 17.054 0.012
3865.69355 17.123 0.015
3865.83029 16.965 0.013
3865.90706 17.026 0.012
3866.69202 17.136 0.014
3866.83148 16.959 0.012
3866.91039 17.012 0.012
3867.63487 17.098 0.016
3867.82053 16.930 0.014
3867.89358 17.005 0.013
3868.71798 17.063 0.016
3868.86965 16.960 0.016
3869.69778 17.103 0.015
3869.87874 16.954 0.015
3872.89511 16.945 0.014
3873.65067 17.080 0.014
3873.79274 17.128 0.014
3873.86547 17.022 0.014
3873.93508 16.970 0.015
3874.74977 17.054 0.015
3875.66344 17.088 0.012
3875.81884 17.117 0.013
3875.90984 16.993 0.013
3876.64064 17.064 0.011
3877.63877 17.026 0.013
3877.79011 17.093 0.012
3877.86400 17.153 0.014
3880.61183 17.029 0.013
3880.83967 17.137 0.015
3880.91843 17.163 0.015
3881.66883 17.050 0.013
3881.88032 17.128 0.013
3881.92708 17.143 0.013
3882.75711 17.081 0.014
3882.83138 17.092 0.014
3882.90021 17.128 0.014
3883.64650 17.017 0.016
3883.84419 17.123 0.013
3886.60859 16.976 0.013
3886.80136 17.093 0.013
3886.87322 17.117 0.016
3887.58191 16.918 0.014
3887.78455 17.067 0.012
3887.88411 17.112 0.015
3888.59798 16.940 0.011
3889.66439 16.983 0.012
3889.94261 17.137 0.017
3890.64956 16.913 0.012
3891.67402 16.955 0.013
3891.80226 17.035 0.013
3891.88424 17.076 0.015
3892.57560 17.110 0.019
3892.94155 17.131 0.018
3893.62782 17.131 0.015
3893.86966 17.069 0.017
3894.67823 16.911 0.014
3896.61582 17.064 0.020
3900.53709 17.125 0.018
3900.72351 17.136 0.013
3900.80213 16.962 0.013
3900.87078 17.028 0.014
3901.54724 17.071 0.015
3901.72859 17.143 0.015
3901.80583 16.929 0.015
3901.87478 17.010 0.017
3902.56993 17.087 0.013
3902.74944 17.134 0.014
3902.86841 16.983 0.015
3903.66106 17.081 0.013
3904.55825 17.089 0.014
3904.72127 17.139 0.013
3904.79034 17.098 0.014
3904.89248 16.997 0.014
3905.55498 17.055 0.013
3905.73167 17.123 0.013
3905.80170 17.101 0.012
3905.87027 16.955 0.013
3906.56951 17.013 0.015
3906.71012 17.101 0.014
3906.78247 17.115 0.014
3906.86169 16.948 0.014
3907.60029 17.078 0.015
3907.78250 17.033 0.019
3907.86706 16.887 0.017
3908.53638 17.009 0.014
3908.72205 17.117 0.014
3908.80212 17.130 0.014
3908.88171 16.903 0.013
3909.53824 17.045 0.015
3909.72098 17.117 0.012
3909.81142 17.147 0.013
3909.88771 16.935 0.014
3910.57469 17.009 0.014
3912.53735 17.020 0.011
3912.72473 17.100 0.011
3912.81864 17.099 0.012
3913.52887 16.994 0.012
3913.73429 17.085 0.014
3913.82321 17.105 0.012
3914.55264 16.991 0.014
3915.53036 16.976 0.013
3915.73238 17.079 0.014
3915.83058 17.131 0.015
3916.56905 16.975 0.014
3916.81298 17.102 0.015
3917.61779 16.999 0.015
3917.82353 17.126 0.016
3918.61112 16.982 0.015
3918.82125 17.071 0.017
3919.54938 16.904 0.014
3919.75800 17.013 0.012
3920.51573 16.962 0.016
3920.71181 17.069 0.015
3920.79718 17.065 0.013
3921.51190 17.090 0.015
3921.71115 16.959 0.018
3921.72563 16.958 0.017
3922.71556 17.021 0.017
3930.54881 17.012 0.014
3930.79059 17.008 0.019
3931.50444 17.061 0.016
3932.53202 17.055 0.015
3932.80377 17.001 0.014
3933.51844 17.077 0.014
3933.70290 17.012 0.012
3933.77490 16.980 0.013
3934.49233 17.084 0.014
3934.66238 17.135 0.013
3934.73222 16.935 0.012
3935.54223 17.095 0.015
3935.71356 17.042 0.016
3935.81110 16.976 0.015
3936.49561 17.027 0.017
3936.66111 17.094 0.014
3936.73748 17.014 0.015
3937.55987 16.993 0.017
3938.50338 16.955 0.016
3938.69838 17.115 0.013
3938.80354 16.918 0.015
3940.58804 17.094 0.015
3941.70466 17.068 0.015
3944.55594 17.023 0.012
3944.75630 17.096 0.014
3945.78420 17.133 0.016
3946.51507 16.976 0.016
3946.70728 17.095 0.014
3950.52381 16.994 0.013
3950.73886 17.126 0.016
3951.51657 16.910 0.013
3951.74782 17.101 0.017
3956.56974 16.783 0.014
3957.50816 17.119 0.018
3958.57897 16.910 0.013
3959.51173 17.135 0.016
3959.68615 17.030 0.014
3960.50097 17.097 0.013
3960.68007 17.033 0.012
3961.57227 17.072 0.016
3963.53360 17.116 0.015
3963.71100 17.008 0.014
3964.52870 17.115 0.013
3965.51313 17.119 0.013
3965.70443 16.970 0.012
3966.48831 17.099 0.015
3966.69006 16.904 0.013
3967.52267 17.044 0.015
3967.71549 16.959 0.013
3968.50079 17.070 0.015
3968.67075 17.100 0.015
3969.48241 17.055 0.016
3969.68309 17.121 0.015
3970.51155 16.984 0.016
3970.69014 17.120 0.014
3971.55540 17.027 0.016
3973.58160 17.073 0.014
3974.51087 17.051 0.014
3974.69743 17.102 0.018
3975.51377 17.085 0.013
3975.68559 17.125 0.017
3976.50833 17.078 0.013
3976.68438 17.083 0.020
3979.51057 17.014 0.025
3982.57121 17.028 0.015
3983.52886 16.977 0.019
3986.58566 17.030 0.016
3987.50800 16.913 0.014
3988.52093 16.971 0.011
3989.53152 16.936 0.013
3990.54835 16.974 0.014
3991.50409 16.941 0.014
3993.55583 16.901 0.014
3994.56650 16.906 0.014
3995.57406 16.903 0.011
3999.61142 17.027 0.014
4002.50083 17.067 0.015
4003.49504 17.101 0.014
4004.52914 17.115 0.014
4006.52207 17.093 0.015
4012.50201 17.029 0.018
4016.51765 17.038 0.017
4018.55541 17.012 0.016
4020.54065 17.035 0.015
4023.54098 17.013 0.017
4025.56038 16.970 0.015
4028.49978 17.006 0.018
4031.49990 17.137 0.018
4038.50523 17.090 0.021
4040.51963 17.086 0.023
4043.51205 17.106 0.024
4141.87980 17.090 0.017
4150.89500 16.982 0.022
4153.88292 17.022 0.015
4156.86131 16.936 0.016
4158.88088 16.948 0.016
4161.84885 16.984 0.017
4163.83171 17.142 0.018
4165.81315 17.068 0.024
4168.81030 17.090 0.017
4170.80228 17.097 0.027
4175.79289 17.028 0.016
4176.90424 17.109 0.015
4178.80800 17.037 0.015
4179.85231 17.076 0.014
4181.78873 16.992 0.016
4182.83368 17.050 0.014
4183.86981 17.052 0.015
4184.91044 17.076 0.013
4189.84565 16.971 0.016
4191.81073 16.854 0.018
4193.74509 17.054 0.024
4194.79064 17.054 0.016
4196.78072 17.136 0.018
4202.76224 17.114 0.015
4203.75026 17.090 0.013
4204.74254 17.100 0.016
4204.92483 17.082 0.016
4205.73906 17.096 0.014
4207.72853 17.071 0.016
4208.75063 17.079 0.015
4211.79479 16.990 0.016
4212.87196 17.037 0.018
4213.71516 17.021 0.017
4213.91873 17.102 0.015
4215.74785 17.015 0.016
4216.70564 16.978 0.015
4217.71308 16.988 0.014
4217.91673 17.112 0.014
4218.76271 16.955 0.018
4219.76364 16.989 0.016
4220.70560 16.916 0.016
4222.67432 17.021 0.019
4222.92180 17.063 0.016
4224.78781 16.978 0.016
4228.68320 17.121 0.016
4228.91679 17.025 0.019
4229.63892 17.054 0.020
4229.67688 17.048 0.019
4229.87385 16.985 0.015
4230.68656 17.084 0.015
4230.87463 16.974 0.016
4230.93953 17.002 0.026
4231.62893 17.073 0.017
4231.77314 17.158 0.016
4231.89733 16.965 0.017
4232.68098 17.088 0.019
4232.84201 16.861 0.019
4233.81627 17.147 0.018
4234.71444 17.103 0.016
4235.64246 17.088 0.017
4235.80369 17.161 0.015
4235.89612 16.931 0.014
4238.62838 16.972 0.020
4238.88080 17.139 0.020
4239.63511 17.039 0.017
4240.68249 17.043 0.017
4240.81973 17.086 0.015
4243.64830 17.008 0.016
4243.74101 17.096 0.016
4243.83477 17.089 0.018
4244.62065 16.985 0.017
4244.71689 17.064 0.015
4244.80969 17.087 0.016
4245.61373 17.006 0.015
4245.70764 17.047 0.015
4245.80347 17.084 0.014
4246.67204 17.011 0.015
4246.76491 17.081 0.016
4246.85824 17.094 0.017
4247.68726 17.030 0.015
4247.83087 17.095 0.016
4250.73542 17.030 0.016
4251.80699 17.040 0.021
4256.62311 17.042 0.021
4256.76913 16.961 0.018
4257.65477 17.037 0.016
4258.63816 17.053 0.019
4258.76065 16.956 0.015
4258.85477 17.032 0.018
4267.59874 17.102 0.016
4268.56196 16.996 0.015
4268.84482 16.909 0.014
4269.58117 17.067 0.015
4269.70169 17.096 0.015
4269.79097 17.165 0.013
4270.57471 17.061 0.016
4272.60306 17.071 0.015
4272.75221 17.095 0.016
4272.81145 17.144 0.014
4272.88300 17.010 0.018
4273.62018 17.014 0.018
4273.80082 17.111 0.018
4273.86198 17.113 0.022
4274.55282 17.006 0.018
4274.70657 17.080 0.019
4274.76771 17.127 0.018
4274.82612 17.152 0.021
4275.60526 17.061 0.016
4275.78061 17.107 0.018
4275.84171 17.132 0.021
4276.59004 17.010 0.017
4277.53384 16.892 0.019
4277.71076 17.091 0.016
4277.76945 17.107 0.019
4277.82806 17.080 0.023
4278.57872 17.001 0.019
4278.75489 17.061 0.020
4283.51325 16.977 0.018
4283.73356 17.042 0.018
4284.50820 17.042 0.018
4284.69878 17.007 0.016
4284.76111 17.049 0.016
4284.82593 16.980 0.021
4285.51129 16.993 0.020
4285.69941 16.996 0.016
4285.76585 17.060 0.016
4285.83117 17.077 0.018
4286.51098 17.105 0.019
4286.81178 17.057 0.018
4289.51880 17.074 0.017
4289.73733 16.996 0.017
4289.80246 17.043 0.016
4290.56510 17.057 0.018
4291.62769 17.006 0.014
4292.49335 17.083 0.015
4292.67255 16.911 0.013
4292.73113 16.977 0.014
4292.78967 17.013 0.015
4293.49368 17.026 0.015
4293.71829 16.935 0.014
4293.77710 16.985 0.014
4294.49286 17.057 0.017
4295.49997 17.100 0.016
4295.69800 16.973 0.013
4295.75658 16.967 0.013
4296.49700 16.964 0.016
4296.69354 17.056 0.014
4296.82719 16.994 0.017
4297.51655 17.049 0.017
4297.71817 17.020 0.012
4298.55144 17.042 0.016
4298.65716 17.072 0.016
4298.76304 16.843 0.017
4299.53445 17.083 0.014
4299.62745 17.097 0.014
4299.71965 17.128 0.015
4299.81422 16.934 0.017
4300.53013 16.992 0.015
4300.65020 17.077 0.015
4300.74572 17.085 0.015
4301.52100 17.093 0.015
4301.61676 17.062 0.014
4301.71788 17.112 0.015
4301.80771 16.911 0.014
4302.59398 17.038 0.016
4302.69417 17.061 0.017
4303.68000 17.021 0.017
4304.55411 17.051 0.018
4304.67224 17.100 0.019
4306.63808 17.096 0.018
4306.69341 17.126 0.019
4310.61727 17.046 0.020
4312.54955 17.002 0.017
4312.74800 17.131 0.016
4315.64052 17.019 0.018
4316.71371 17.053 0.018
4317.56179 16.957 0.014
4319.51904 16.944 0.018
4319.77388 17.078 0.017
4320.54586 16.923 0.014
4326.51310 17.078 0.016
4326.71029 16.954 0.017
4327.59176 17.073 0.018
4328.51854 17.063 0.017
4328.69657 16.935 0.015
4329.52829 17.038 0.016
4329.67616 16.865 0.015
4330.49940 17.056 0.015
4330.69269 16.904 0.014
4331.47955 17.021 0.018
4331.68841 16.987 0.017
4332.50933 17.069 0.014
4333.53041 17.071 0.017
4333.69154 17.057 0.019
4334.50379 17.047 0.035
4334.63200 17.143 0.035
4338.50363 17.035 0.017
4339.48098 17.023 0.017
4339.69743 17.079 0.024
4340.60129 17.060 0.017
4341.50429 16.977 0.019
4342.53348 17.002 0.016
4343.51231 17.020 0.013
4344.54055 16.973 0.019
4345.50573 17.004 0.014
4346.51843 16.994 0.016
4347.53314 16.981 0.016
4349.49479 16.927 0.015
4350.54143 16.988 0.014
4351.50732 16.926 0.014
4352.55786 16.928 0.018
4353.51122 16.929 0.014
4354.53991 16.939 0.013
4355.54256 16.922 0.014
4356.50794 17.116 0.016
4357.53702 17.032 0.017
4358.50004 17.050 0.019
4359.53760 17.141 0.017
4360.56694 17.050 0.018
4361.57036 17.075 0.021
4362.51211 17.098 0.020
4365.56297 17.069 0.021
4367.48900 17.070 0.016
4368.53264 17.074 0.020
4370.49667 17.058 0.017
4371.53510 17.077 0.016
4372.52084 17.082 0.014
4373.50704 17.024 0.018
4376.57174 17.001 0.020
4377.60896 17.063 0.020
4378.51953 17.018 0.016
4379.53457 16.990 0.020
4380.54607 17.021 0.015
4381.52475 16.996 0.020
4382.56729 17.015 0.018
4383.55782 17.013 0.018
4384.53200 17.011 0.017
4387.59148 17.048 0.019
4393.53185 17.040 0.018
4394.49934 17.151 0.018
4394.54721 17.039 0.018
4395.49780 17.134 0.021
4395.51864 17.113 0.019
4396.51064 17.104 0.023
4397.53493 17.108 0.020
4398.53987 17.086 0.019
4399.53253 17.088 0.022
4400.53460 17.098 0.026
4402.55102 17.087 0.022
4403.55008 17.094 0.022
4407.52599 17.009 0.021
4408.54087 17.046 0.022
4507.85625 16.972 0.019
4510.86176 17.018 0.016
4513.86288 17.039 0.014
4517.86201 16.880 0.020
4519.88299 16.985 0.014
4522.87688 16.927 0.017
4524.81274 17.137 0.019
4530.82038 17.132 0.014
4533.85623 17.077 0.016
4535.83897 17.096 0.017
4536.89666 17.094 0.015
4537.88230 17.105 0.014
4538.81739 17.077 0.015
4539.85545 17.094 0.015
4540.80164 17.072 0.014
4541.79438 17.047 0.014
4542.78905 16.961 0.016
4543.78457 17.044 0.015
4544.78148 17.013 0.016
4545.78780 17.036 0.016
4546.79492 16.999 0.015
4547.78888 17.003 0.014
4548.79984 16.955 0.017
4550.74290 16.912 0.017
4551.76607 16.911 0.014
4552.76206 16.936 0.029
4556.75813 17.127 0.015
4557.77535 17.131 0.016
4558.75229 17.132 0.014
4558.92209 16.986 0.016
4559.75021 17.100 0.014
4560.75033 17.098 0.014
4561.74039 17.111 0.015
4564.73057 17.111 0.015
4565.72866 17.120 0.013
4565.91953 16.996 0.012
4566.72811 17.120 0.014
4567.72116 17.102 0.015
4567.92699 17.110 0.018
4568.72972 17.084 0.015
4569.73882 17.082 0.016
4570.72942 17.066 0.016
4571.72408 17.033 0.017
4571.91264 17.134 0.015
4572.75158 17.080 0.013
4573.73996 17.064 0.014
4573.90631 17.112 0.013
4574.74234 17.055 0.016
4575.75142 17.025 0.014
4576.75794 17.050 0.014
4577.83964 17.078 0.016
4578.79067 17.033 0.019
4579.86759 17.101 0.022
4583.73438 16.962 0.017
4583.92718 17.122 0.016
4585.75808 16.926 0.016
4586.78329 16.954 0.016
4587.77104 16.936 0.015
4587.92958 17.007 0.018
4588.69350 17.133 0.017
4588.92436 17.045 0.015
4589.67641 17.095 0.016
4589.83181 16.978 0.014
4589.89383 17.000 0.015
4590.69919 17.123 0.016
4590.90384 17.040 0.015
4591.70769 17.125 0.015
4591.83314 16.943 0.013
4591.89968 17.020 0.015
4592.66630 17.099 0.020
4592.85558 16.963 0.015
4592.93393 17.020 0.017
4593.65547 17.063 0.016
4593.86516 16.964 0.014
4594.67648 17.093 0.016
4594.87150 16.964 0.014
4595.66598 17.072 0.015
4595.86041 16.897 0.013
4595.92227 16.982 0.015
4596.66120 17.081 0.017
4597.68564 17.056 0.015
4597.87715 16.910 0.013
4598.66193 17.091 0.013
4598.93062 16.952 0.015
4599.63440 17.015 0.017
4599.92496 16.928 0.015
4600.64366 17.060 0.013
4600.85238 17.149 0.015
4601.64923 17.058 0.014
4601.86546 17.126 0.014
4601.92735 16.941 0.014
4602.64185 17.059 0.013
4602.85129 17.138 0.014
4603.76932 17.090 0.017
4606.64313 17.039 0.015
4606.89822 17.122 0.017
4610.73931 17.054 0.014
4611.62860 16.929 0.016
4611.81948 17.086 0.014
4612.64998 16.960 0.015
4615.79173 17.063 0.015
4616.60074 17.073 0.017
4616.81725 17.065 0.015
4616.88724 17.052 0.016
4617.66973 16.920 0.013
4618.61250 17.159 0.016
4621.91328 17.078 0.013
4622.81092 17.013 0.015
4622.92225 17.041 0.021
4623.64476 17.140 0.015
4623.87002 17.034 0.017
4624.58999 17.110 0.018
4624.81413 16.980 0.015
4624.88050 17.046 0.015
4625.60409 17.027 0.017
4625.79444 16.920 0.015
4625.91093 16.992 0.019
4626.60257 17.061 0.017
4626.85789 16.947 0.017
4627.56305 17.050 0.016
4627.85235 16.988 0.012
4627.91960 17.018 0.014
4628.55033 17.069 0.016
4628.75659 17.134 0.016
4628.82206 16.923 0.014
4628.89194 16.987 0.015
4629.62775 17.077 0.014
4629.83037 16.938 0.014
4629.90837 16.977 0.016
4630.56366 17.030 0.017
4630.76952 17.157 0.015
4630.85288 16.922 0.013
4630.91564 16.984 0.016
4631.56505 17.084 0.013
4631.78081 17.152 0.014
4631.86750 16.935 0.014
4632.56886 17.061 0.015
4632.85560 16.906 0.014
4633.56884 17.059 0.015
4633.68034 17.117 0.014
4633.79608 17.148 0.016
4638.75387 17.080 0.016
4638.86409 17.113 0.019
4639.57641 16.996 0.016
4639.67421 17.090 0.015
4640.59594 17.012 0.015
4640.72810 17.088 0.014
4640.83311 17.076 0.017
4641.66993 17.070 0.015
4641.77989 17.089 0.016
4642.59382 17.000 0.014
4642.75635 17.072 0.015
4642.83142 17.094 0.018
4643.55162 16.902 0.015
4644.59896 16.948 0.016
4644.85795 17.108 0.016
4645.52206 16.926 0.017
4645.77050 17.073 0.016
4645.84521 17.107 0.019
4646.52006 17.011 0.014
4646.85247 17.092 0.017
4647.51645 17.034 0.017
4647.73950 17.021 0.017
4647.85053 17.056 0.017
4648.49962 17.082 0.017
4648.71609 17.018 0.015
4648.81712 17.042 0.017
4649.52569 17.121 0.019
4649.73440 17.033 0.013
4649.86080 17.085 0.017
4650.51165 17.111 0.018
4650.77559 17.007 0.014
4650.86931 17.079 0.019
4651.51503 17.014 0.019
4651.81016 17.054 0.019
4652.50607 17.109 0.017
4652.71920 17.000 0.014
4652.79409 17.042 0.015
4652.84382 17.036 0.019
4653.50241 17.045 0.019
4653.72160 17.012 0.014
4653.78680 16.986 0.018
4654.54123 17.108 0.016
4654.75269 17.009 0.014
4654.81778 16.995 0.021
4655.50227 17.067 0.018
4655.72677 16.996 0.013
4655.78855 17.026 0.015
4656.50422 17.059 0.013
4656.69398 16.910 0.014
4656.81322 17.013 0.017
4657.73013 16.911 0.016
4658.66269 17.146 0.017
4659.59670 16.998 0.019
4660.61501 17.140 0.017
4661.49227 17.069 0.017
4661.69295 17.172 0.019
4661.75444 16.961 0.020
4661.82164 16.979 0.020
4665.65972 17.130 0.020
4666.56516 17.076 0.017
4666.70824 17.108 0.017
4666.75039 17.122 0.019
4670.64986 17.082 0.016
4671.58536 17.062 0.014
4672.51088 17.003 0.013
4672.70334 17.097 0.015
4672.72562 17.086 0.015
4674.51396 16.948 0.016
4674.70707 17.067 0.016
4677.49057 16.935 0.013
4677.63697 17.003 0.015
4677.77947 17.087 0.017
4678.69395 17.068 0.013
4679.49619 16.787 0.016
4681.53198 16.876 0.013
4681.63200 17.000 0.014
4681.76420 17.076 0.016
4682.50298 17.114 0.015
4682.66031 17.019 0.014
4682.75551 17.080 0.015
4683.52150 17.064 0.018
4683.70842 17.023 0.015
4684.51402 17.122 0.016
4684.72774 17.066 0.014
4685.49899 17.028 0.018
4685.73396 17.031 0.015
4686.50273 17.074 0.016
4687.48649 17.090 0.016
4687.74200 17.007 0.016
4688.49942 17.069 0.017
4688.68924 16.971 0.014
4688.75105 17.005 0.017
4693.54697 17.117 0.016
4694.54225 17.022 0.021
4697.50290 17.101 0.015
4698.50839 17.118 0.014
4699.50456 17.096 0.015
4700.51083 17.081 0.014
4701.50612 17.063 0.015
4702.50463 17.054 0.015
4703.57515 17.086 0.015
4704.64488 17.087 0.015
4705.50828 17.015 0.014
4707.63863 17.114 0.014
4708.54152 16.994 0.016
4709.51762 16.925 0.017
4710.54724 16.999 0.014
4715.58658 16.951 0.017
4716.58898 16.952 0.019
4720.55614 16.957 0.016
4721.48767 17.050 0.020
4722.60096 16.928 0.015
4724.51004 17.049 0.019
4725.48885 17.054 0.019
4726.54976 16.987 0.020
4728.59487 17.072 0.019
4729.55037 17.079 0.019
4730.56906 17.102 0.016
4731.57363 17.103 0.016
4733.52530 17.066 0.016
4734.55466 17.064 0.017
4737.54558 17.057 0.017
4740.55610 17.077 0.017
4741.56379 17.076 0.016
4743.56944 17.051 0.017
4753.54962 16.925 0.017
4756.52846 16.987 0.019
4758.51130 17.129 0.020
4868.88180 17.061 0.016
4870.85255 17.049 0.019
4873.85454 17.026 0.016
4874.84898 17.003 0.018
4877.84883 16.986 0.014
4884.85638 16.917 0.012
4887.82847 17.163 0.014
4890.88445 17.112 0.015
4896.87268 17.062 0.014
4899.84360 17.070 0.015
4900.88502 17.097 0.014
4901.88342 17.130 0.014
4902.88214 17.085 0.014
4904.80623 17.050 0.014
4905.91023 17.049 0.017
4910.81218 16.990 0.014
4911.78274 16.979 0.012
4912.77967 16.975 0.011
4914.79673 16.951 0.012
4917.75776 17.032 0.013
4920.73782 17.113 0.014
4920.75032 17.121 0.014
4924.77886 17.119 0.014
4925.81881 17.155 0.013
4925.90587 16.935 0.011
4927.71851 17.065 0.018
4927.87299 17.140 0.017
4928.73498 17.055 0.016
4929.79125 17.102 0.014
4930.70575 17.059 0.017
4930.82468 17.090 0.016
4931.72058 17.054 0.018
4931.86625 17.113 0.016
4932.72363 17.088 0.015
4932.82430 17.113 0.013
4933.77197 17.100 0.018
4934.87519 17.136 0.018
4938.68096 17.003 0.016
4938.88559 17.086 0.016
4939.69987 17.026 0.015
4940.69986 16.978 0.013
4941.67863 16.989 0.014
4941.77660 17.037 0.014
4942.71640 16.979 0.013
4943.67043 16.908 0.012
4943.80994 17.010 0.013
4944.66726 16.885 0.012
4944.82270 17.031 0.012
4945.71570 16.929 0.012
4945.77218 17.027 0.012
4946.66535 16.945 0.014
4947.65907 17.125 0.014
4947.85730 17.036 0.013
4948.83959 17.025 0.012
4950.67748 17.105 0.014
4951.64774 17.127 0.016
4952.64597 17.081 0.016
4953.63960 17.102 0.016
4953.81417 16.941 0.014
4954.64114 17.064 0.016
4954.83401 16.931 0.013
4955.64184 16.993 0.017
4955.67654 17.052 0.016
4955.69574 17.093 0.015
4955.72772 17.067 0.017
4955.77521 17.073 0.016
4955.82073 16.903 0.013
4955.84252 16.788 0.014
