2171.88583 19.365 0.104
2184.84473 19.117 0.089
2191.81558 19.017 0.054
2200.82520 19.138 0.062
2206.76135 19.265 0.103
2223.74845 19.087 0.068
2226.72401 19.001 0.070
2228.76769 19.152 0.072
2230.67945 19.554 0.133
2232.70122 18.965 0.053
2234.69428 19.035 0.057
2238.63884 19.241 0.078
2240.77393 18.978 0.062
2242.77576 19.264 0.105
2244.82654 19.428 0.129
2249.69891 19.173 0.069
2251.84464 19.072 0.084
2253.68490 19.031 0.060
2256.68995 19.116 0.069
2262.69205 18.911 0.064
2269.74832 19.246 0.083
2273.64345 18.964 0.064
2277.71504 19.121 0.057
2279.72441 19.072 0.068
2281.71651 18.965 0.049
2288.73084 19.258 0.068
2290.76562 19.029 0.061
2292.74046 18.955 0.074
2294.71249 18.989 0.092
2296.72969 19.235 0.101
2298.68580 19.336 0.095
2300.69778 18.937 0.091
2302.67369 19.165 0.089
2316.55808 18.970 0.069
2322.59168 19.031 0.068
2325.59810 19.334 0.110
2331.53458 19.270 0.100
2337.55715 19.039 0.073
2345.51695 19.110 0.088
2350.51906 19.204 0.095
2365.53632 18.870 0.088
2519.91220 19.050 0.080
2526.89040 19.250 0.064
2541.88468 18.995 0.051
2544.81141 18.988 0.069
2551.81132 19.172 0.080
2555.80631 18.871 0.061
2559.71930 19.282 0.087
2563.79317 18.861 0.068
2571.84931 19.178 0.104
2577.78780 18.998 0.067
2580.81655 18.992 0.053
2588.85728 18.901 0.053
2594.73380 19.232 0.116
2599.76500 19.018 0.070
2607.72944 18.988 0.055
2617.72106 19.004 0.077
2620.68574 18.963 0.066
2622.83218 19.174 0.073
2624.82595 19.201 0.066
2625.80719 19.112 0.065
2628.61117 18.953 0.077
2631.60948 19.038 0.078
2634.58821 19.302 0.074
2637.62639 19.349 0.066
2640.67241 19.263 0.089
2642.66458 18.891 0.066
2644.66147 19.010 0.066
2646.64913 19.297 0.092
2650.61620 18.897 0.055
2652.62761 19.053 0.065
2654.73971 19.207 0.084
2657.68698 19.127 0.077
2659.76019 19.110 0.099
2661.75945 18.908 0.059
2663.68633 19.152 0.099
2665.72957 19.174 0.055
2667.66010 19.186 0.067
2671.63770 19.111 0.055
2673.63654 19.107 0.067
2677.62750 18.925 0.067
2679.69073 19.164 0.088
2681.67797 19.167 0.082
2685.62500 18.934 0.066
2690.57865 19.001 0.073
2694.56954 19.407 0.091
2699.56884 18.964 0.074
2705.54255 19.228 0.077
2711.56919 19.293 0.093
2732.50593 19.398 0.139
2872.87424 19.192 0.084
2883.88770 19.010 0.054
2892.85286 19.156 0.091
2896.82733 19.076 0.075
2905.90448 18.895 0.082
2910.81946 18.980 0.051
2915.82028 19.171 0.052
2921.82250 19.019 0.072
2925.76583 19.171 0.080
2929.79451 19.053 0.065
2929.79900 19.016 0.061
2932.87672 19.096 0.070
2939.75560 19.079 0.072
2942.73379 19.182 0.077
2949.73791 19.259 0.070
2952.72896 19.234 0.087
2955.79054 19.344 0.130
2957.72314 19.107 0.069
2963.73088 19.351 0.106
2966.69780 19.271 0.080
2968.86151 18.854 0.072
2972.84896 19.214 0.065
2975.67086 19.057 0.070
2977.74163 19.258 0.093
2979.79369 18.996 0.059
2981.80111 18.937 0.091
2983.70182 19.109 0.076
2986.68407 18.924 0.055
2988.64879 19.087 0.073
2990.78245 19.042 0.070
2992.66695 18.962 0.062
2994.76324 18.994 0.058
2996.63923 19.145 0.057
2998.62079 19.162 0.069
3000.63887 18.800 0.053
3002.62359 19.004 0.062
3004.62647 19.095 0.058
3006.67552 19.170 0.058
3008.62655 18.907 0.081
3010.64680 19.053 0.066
3012.74218 19.177 0.096
3016.66080 19.011 0.059
3018.64621 19.104 0.068
3020.68722 19.429 0.120
3022.75282 18.859 0.044
3024.70120 19.085 0.061
3026.67025 19.159 0.058
3028.67576 19.267 0.064
3030.71107 18.860 0.046
3033.63152 19.028 0.051
3035.63928 18.941 0.053
3038.62280 18.931 0.089
3041.54579 19.155 0.085
3043.57527 18.932 0.087
3045.61435 19.177 0.069
3047.56882 19.273 0.089
3049.57376 18.819 0.053
3051.56598 18.993 0.061
3053.56236 19.142 0.066
3055.56105 19.341 0.099
3057.56024 18.842 0.051
3059.55884 19.066 0.058
3061.55310 19.253 0.084
3064.57599 19.150 0.090
3067.56385 19.004 0.070
3069.54886 19.120 0.068
3072.54713 19.029 0.061
3075.54770 19.039 0.076
3077.63239 19.273 0.091
3081.62386 19.078 0.058
3084.53070 18.952 0.058
3086.56969 19.099 0.081
3089.55453 19.019 0.072
3092.53977 19.055 0.098
3098.54073 18.936 0.066
3101.50468 19.184 0.099
3103.50146 18.901 0.068
3109.50356 19.083 0.066
3113.49166 19.167 0.107
3123.52459 19.210 0.103
3133.49818 19.104 0.092
3230.89717 19.089 0.065
3238.88076 19.150 0.078
3246.91253 19.202 0.082
3254.90062 19.130 0.059
3262.87511 19.215 0.064
3268.79842 19.049 0.054
3276.84010 19.265 0.091
3281.75331 19.213 0.059
3283.85312 19.477 0.082
3289.76666 19.144 0.055
3296.72055 19.156 0.057
3298.80063 19.112 0.062
3306.76531 19.004 0.059
3308.78199 19.404 0.098
3310.81435 19.005 0.059
3314.73568 18.960 0.064
3321.65616 19.211 0.066
3325.71793 19.043 0.057
3329.75054 19.325 0.052
3334.64677 19.181 0.101
3338.70017 19.180 0.059
3349.67757 19.059 0.057
3359.63862 19.253 0.065
3366.70055 18.961 0.054
3377.65713 19.049 0.051
3386.67155 19.052 0.046
3390.77663 19.148 0.076
3398.65385 18.828 0.072
3400.63351 19.190 0.103
3403.64307 19.151 0.076
3406.57690 19.092 0.055
3410.59494 18.961 0.044
3415.61729 18.909 0.051
3424.57992 19.429 0.107
3429.59483 18.967 0.058
3434.58420 19.095 0.061
3444.52067 19.012 0.068
3451.49964 19.276 0.092
3591.93142 19.115 0.054
3608.92385 18.950 0.057
3615.91760 19.042 0.065
3633.79035 19.300 0.093
3638.81957 18.901 0.059
3641.78968 19.344 0.078
3646.85714 18.923 0.068
3653.78756 19.191 0.064
3656.83992 19.115 0.061
3661.77538 19.110 0.077
3665.77858 18.675 0.050
3671.74462 19.161 0.069
3674.86672 19.340 0.076
3683.78257 19.063 0.053
3686.83044 19.148 0.049
3692.66842 18.888 0.058
3695.73245 19.021 0.057
3698.69015 19.295 0.085
3700.72951 19.092 0.051
3702.81712 19.180 0.054
3705.72391 19.152 0.053
3707.69898 19.375 0.091
3712.85414 19.096 0.078
3715.85199 19.222 0.068
3718.65367 19.132 0.076
3721.63684 19.062 0.062
3725.70405 19.038 0.065
3727.64839 19.011 0.057
3731.67877 19.192 0.050
3736.65968 19.338 0.064
3739.66301 19.256 0.070
3741.67805 18.997 0.083
3745.60883 19.106 0.066
3749.60461 18.876 0.082
3751.70878 19.276 0.075
3754.57054 19.030 0.059
3756.73669 19.113 0.075
3758.66079 19.339 0.105
3761.70816 19.336 0.065
3764.68526 19.185 0.052
3769.68367 19.220 0.054
3772.65156 19.226 0.069
3775.62271 19.275 0.078
3778.62193 19.185 0.064
3781.63528 19.108 0.085
3785.60563 19.293 0.081
3790.57436 19.071 0.057
3797.55411 19.099 0.069
3804.55058 19.193 0.083
3817.51739 19.011 0.073
3936.93811 18.950 0.061
3960.90011 19.013 0.055
3968.84428 19.062 0.065
3973.92543 19.055 0.064
3979.91124 18.946 0.060
3987.85596 19.168 0.072
4001.81879 19.039 0.049
4004.78954 18.915 0.049
4007.72212 19.218 0.059
4009.79528 18.988 0.065
4016.83304 19.244 0.075
4023.82422 19.026 0.055
4025.87514 19.242 0.072
4028.78498 19.029 0.050
4030.86235 19.215 0.067
4037.75618 18.954 0.053
4040.75119 19.395 0.082
4042.76737 18.910 0.067
4048.73074 19.435 0.120
4053.77266 19.021 0.054
4055.72243 19.019 0.082
4057.70133 19.292 0.085
4060.64040 19.116 0.052
4065.65852 19.287 0.059
4067.62405 19.267 0.069
4069.61372 19.019 0.062
4072.65167 19.063 0.064
4077.68383 19.024 0.061
4080.66804 19.012 0.055
4084.69764 19.235 0.077
4092.77907 19.376 0.066
4100.83444 19.013 0.053
4107.67577 19.007 0.069
4117.64138 19.165 0.075
4121.64236 18.956 0.061
4123.71308 19.147 0.065
4126.61406 19.208 0.074
4129.70292 18.871 0.053
4147.57933 19.118 0.084
4153.55816 18.981 0.075
4164.54054 18.943 0.073
4177.49884 19.034 0.088
4192.51721 19.464 0.145
4350.81967 19.218 0.068
4355.83989 19.257 0.084
4362.76870 18.880 0.060
4365.78127 18.868 0.081
4369.77677 19.147 0.097
4373.75225 18.919 0.055
4376.79177 19.126 0.084
4379.79729 19.165 0.076
4383.80233 19.121 0.072
4388.74224 19.240 0.087
4392.73872 18.948 0.045
4397.77569 19.067 0.069
4402.85316 19.213 0.082
4406.80336 18.963 0.077
4416.83057 19.175 0.069
4420.85222 19.003 0.085
4425.84835 19.069 0.075
4431.72558 19.270 0.095
4435.78456 19.068 0.077
4439.76910 19.049 0.078
4441.84952 19.080 0.097
4444.68580 18.920 0.074
4450.70154 19.492 0.130
4453.68416 19.136 0.076
4456.68696 19.155 0.083
4458.67162 19.379 0.116
4463.68396 18.986 0.055
4466.67370 19.144 0.068
4469.65485 19.248 0.096
4473.60948 19.045 0.064
4477.69651 19.365 0.097
4479.67796 18.924 0.064
4483.67806 19.141 0.077
4486.67686 19.309 0.097
4489.69479 19.187 0.114
4493.65604 18.999 0.078
4498.61092 18.914 0.058
4500.73392 19.180 0.076
4502.66055 19.305 0.098
4507.60773 19.259 0.076
4509.60086 19.127 0.096
4515.57260 19.338 0.149
4520.57513 19.039 0.089
4523.58328 19.203 0.078
4525.58877 18.997 0.062
4531.55054 19.258 0.088
4534.54076 19.388 0.105
4538.59919 19.132 0.092
4540.54317 19.248 0.115
