2187.77900 18.640 0.079
2190.87843 19.040 0.058
2193.84740 18.923 0.050
2202.84714 18.807 0.051
2215.79991 19.042 0.080
2222.79976 19.070 0.076
2224.84735 18.933 0.080
2227.75822 18.462 0.044
2229.76396 18.992 0.079
2231.73249 18.866 0.061
2233.70069 18.663 0.047
2237.61991 18.887 0.098
2239.68096 18.750 0.055
2241.77258 18.768 0.054
2243.84287 18.633 0.057
2248.70239 18.717 0.047
2250.73386 18.537 0.037
2252.83093 18.690 0.063
2254.74894 18.920 0.050
2257.76644 18.697 0.039
2260.77605 19.063 0.090
2265.71447 18.649 0.044
2266.79444 18.667 0.056
2270.82595 19.106 0.069
2272.67812 18.738 0.064
2274.80444 18.657 0.058
2276.85980 18.499 0.048
2278.81881 18.948 0.077
2280.79851 18.841 0.066
2282.80233 18.638 0.055
2290.70255 19.153 0.089
2295.84040 19.028 0.063
2297.82721 18.816 0.049
2299.84362 18.515 0.055
2301.73776 18.859 0.070
2302.81294 19.174 0.130
2303.73573 18.813 0.073
2321.70610 18.432 0.050
2328.58312 18.996 0.088
2334.58123 18.561 0.054
2340.57289 18.793 0.058
2346.51357 18.942 0.082
2360.50854 18.969 0.093
2391.50957 18.989 0.101
2540.88719 18.958 0.088
2548.82415 18.887 0.075
2553.79082 19.067 0.107
2557.85622 18.763 0.071
2561.85426 19.006 0.075
2565.86242 18.776 0.075
2574.83381 18.691 0.060
2579.74272 18.768 0.070
2586.77476 18.971 0.067
2590.84806 18.670 0.052
2596.85509 18.853 0.068
2606.75136 18.825 0.055
2610.65337 18.798 0.081
2614.82222 18.539 0.044
2619.69886 18.659 0.052
2621.82613 18.678 0.049
2624.72330 18.963 0.068
2627.84579 18.900 0.102
2630.61548 19.009 0.090
2632.76636 19.034 0.069
2636.71622 18.524 0.044
2638.76050 19.144 0.086
2641.80885 19.047 0.076
2643.80344 18.748 0.062
2645.80401 18.627 0.076
2649.67683 18.818 0.057
2651.75658 18.719 0.057
2653.75331 18.480 0.049
2655.78779 18.953 0.076
2657.77996 18.987 0.080
2659.83294 18.911 0.111
2661.63405 18.954 0.051
2668.84537 18.707 0.063
2673.79082 19.073 0.086
2676.77114 18.555 0.064
2678.81707 18.944 0.058
2684.58867 18.998 0.071
2692.53682 18.927 0.082
2697.55176 18.454 0.044
2702.55336 18.830 0.083
2709.50409 18.986 0.087
2725.51274 18.890 0.070
2875.88145 18.524 0.056
2884.90347 18.544 0.049
2892.91231 18.665 0.093
2896.87829 18.888 0.070
2902.80928 18.885 0.049
2917.82140 19.036 0.067
2923.82409 19.145 0.087
2926.87652 18.957 0.064
2931.80523 19.055 0.071
2934.84541 18.984 0.077
2940.82567 19.001 0.058
2943.83047 18.893 0.051
2947.83864 19.114 0.077
2950.75500 18.895 0.066
2954.78093 18.960 0.079
2956.82117 19.030 0.066
2958.86568 18.919 0.102
2963.75709 18.851 0.077
2966.77734 18.823 0.044
2968.74601 18.498 0.041
2971.80801 19.057 0.073
2974.83105 18.883 0.051
2976.69102 19.017 0.063
2979.67488 18.998 0.071
2981.69546 18.820 0.108
2983.82734 18.690 0.061
2985.79440 18.657 0.044
2987.75094 19.022 0.063
2989.69112 18.738 0.049
2991.76499 18.620 0.050
2993.77114 19.031 0.062
2995.84640 18.949 0.063
2997.81757 18.902 0.061
2998.76297 18.708 0.052
3000.77157 18.422 0.044
3002.76310 19.073 0.068
3004.75604 18.936 0.057
3006.74925 18.717 0.048
3010.80996 19.045 0.067
3012.81549 19.027 0.144
3016.75996 18.685 0.049
3018.79061 19.087 0.082
3020.85424 18.988 0.087
3021.87914 19.115 0.131
3023.74049 18.435 0.037
3025.74368 18.957 0.048
3027.76225 18.955 0.067
3029.74665 18.766 0.054
3031.81866 18.731 0.060
3034.64376 18.964 0.045
3036.67400 18.828 0.054
3039.61603 18.941 0.063
3041.69887 18.982 0.092
3042.72393 18.980 0.082
3044.66299 18.756 0.062
3046.64915 18.778 0.062
3048.68233 18.997 0.057
3050.67910 18.958 0.052
3052.67556 18.740 0.044
3054.68110 18.458 0.057
3056.66890 19.037 0.058
3058.66218 18.980 0.057
3060.71165 18.777 0.051
3066.59937 18.789 0.075
3068.62760 18.648 0.058
3071.52589 18.965 0.070
3074.52556 18.664 0.055
3076.64466 18.654 0.075
3079.64201 19.045 0.063
3083.50912 18.465 0.042
3085.61289 18.779 0.050
3088.56908 18.931 0.082
3091.57343 18.698 0.057
3100.53162 19.046 0.111
3103.53928 18.974 0.070
3106.57167 18.635 0.047
3109.55621 19.092 0.068
3113.57378 18.746 0.074
3127.53171 18.929 0.063
3133.54740 19.011 0.093
3230.92207 18.675 0.050
3242.89642 18.937 0.075
3249.86338 19.024 0.081
3260.85531 18.800 0.062
3264.89724 19.017 0.051
3271.84566 19.026 0.074
3274.84896 18.758 0.063
3279.80257 19.052 0.082
3282.86817 18.949 0.058
3295.81155 18.864 0.044
3297.80298 18.998 0.048
3301.88237 18.617 0.082
3305.77326 18.836 0.060
3309.83454 18.686 0.047
3315.86755 18.668 0.064
3321.73461 18.818 0.052
3324.84252 18.537 0.042
3327.84877 18.991 0.062
3333.83234 19.082 0.094
3336.67430 18.693 0.061
3339.85620 18.706 0.073
3353.75778 18.704 0.045
3357.78539 19.016 0.062
3360.76326 18.816 0.047
3363.83782 18.597 0.045
3370.79509 18.636 0.057
3376.74718 18.826 0.056
3378.77232 18.555 0.047
3394.66123 18.974 0.066
3396.68225 19.072 0.075
3399.80947 18.959 0.095
3402.71951 18.807 0.048
3404.65108 18.911 0.060
3409.56790 19.030 0.064
3413.61112 18.842 0.052
3418.56307 19.138 0.082
3426.55458 18.958 0.063
3432.54047 18.996 0.057
3439.51655 18.998 0.077
3447.54204 19.015 0.102
3457.51903 19.023 0.092
3603.87300 19.074 0.074
3620.90929 18.974 0.054
3630.82035 18.824 0.098
3637.76285 18.624 0.068
3640.81692 18.668 0.042
3651.84936 19.008 0.062
3655.76567 18.699 0.044
3658.86156 19.129 0.090
3660.85889 19.103 0.088
3664.86848 18.428 0.034
3668.85233 19.035 0.081
3672.84101 18.866 0.064
3676.72775 18.760 0.056
3685.79761 18.707 0.049
3688.73176 19.216 0.073
3690.80654 18.909 0.063
3693.70819 18.435 0.044
3696.75061 18.949 0.049
3699.76356 18.888 0.045
3701.81671 18.799 0.052
3703.81537 18.634 0.038
3706.69095 18.813 0.041
3711.72617 19.020 0.060
3713.81406 19.017 0.064
3715.79054 18.879 0.051
3718.75945 18.715 0.051
3722.65438 18.808 0.054
3726.73656 19.058 0.080
3728.79884 18.984 0.057
3730.76862 18.962 0.052
3732.84412 18.841 0.057
3734.83698 18.536 0.038
3735.68534 19.043 0.049
3737.84390 19.026 0.050
3739.86255 18.919 0.057
3741.61625 19.107 0.071
3743.77279 18.992 0.075
3746.81518 18.919 0.060
3748.79390 18.536 0.066
3750.80870 18.551 0.064
3753.68176 18.865 0.052
3755.76338 18.734 0.058
3757.78282 18.558 0.036
3760.76247 19.012 0.075
3763.71543 18.625 0.030
3766.73219 19.109 0.080
3770.75965 18.674 0.066
3774.63310 18.954 0.069
3777.59162 18.645 0.048
3781.75826 18.758 0.062
3786.60833 18.519 0.050
3793.55802 18.529 0.038
3801.54800 18.526 0.041
3811.54059 19.071 0.088
3829.48002 18.746 0.084
3958.93370 19.214 0.130
3965.88324 19.142 0.057
3970.90339 18.792 0.049
3982.85388 18.940 0.067
3993.80700 18.831 0.077
4002.86741 18.702 0.044
4004.88568 18.943 0.049
4006.79519 18.898 0.050
4008.81622 18.788 0.045
4013.82779 19.021 0.088
4019.83055 19.066 0.064
4024.82207 18.665 0.051
4027.72427 19.026 0.068
4029.83706 19.185 0.070
4032.87182 18.739 0.067
4039.70400 18.630 0.047
4041.77773 18.417 0.039
4049.74597 18.755 0.042
4052.80750 19.065 0.058
4054.79429 19.063 0.080
4056.85277 18.739 0.048
4059.74742 18.927 0.062
4064.86113 18.766 0.055
4066.81759 19.047 0.068
4068.85243 19.001 0.057
4070.77487 18.798 0.064
4074.81364 19.016 0.073
4080.74220 18.481 0.047
4083.72888 19.090 0.101
4085.79243 18.935 0.079
4095.65381 18.741 0.045
4103.78427 18.559 0.061
4106.61500 19.038 0.096
4112.78935 18.463 0.042
4117.77190 19.015 0.089
4121.78826 19.236 0.093
4126.76338 18.940 0.083
4129.79697 19.228 0.074
4143.57391 19.032 0.068
4157.58069 18.745 0.068
4169.52894 18.812 0.062
4199.49840 18.968 0.071
4343.89085 18.860 0.071
4348.86357 18.662 0.054
4353.89112 18.961 0.073
4358.84327 18.696 0.073
4363.86007 18.748 0.074
4367.84828 19.089 0.074
4371.79777 18.722 0.062
4378.73715 18.753 0.069
4381.77274 19.067 0.099
4390.85226 18.955 0.063
4395.71909 18.446 0.061
4399.87771 19.102 0.138
4408.73159 18.897 0.083
4412.81502 18.450 0.050
4427.76655 18.421 0.050
4430.76987 18.926 0.093
4433.78735 18.990 0.114
4437.71397 18.997 0.099
4440.73357 18.881 0.067
4443.85115 18.640 0.087
4449.79294 18.839 0.075
4451.82854 18.585 0.061
4455.79822 18.947 0.067
4458.77688 18.655 0.050
4462.77092 18.946 0.058
4464.81649 18.933 0.062
4467.78761 18.498 0.038
4472.70352 18.718 0.042
4476.79060 19.016 0.056
4480.74098 18.887 0.048
4484.82046 18.886 0.054
4488.74131 18.833 0.083
4492.76058 19.009 0.071
4497.76446 18.656 0.044
4500.63750 18.935 0.051
4502.74737 18.931 0.099
4507.75141 19.115 0.101
4509.70209 19.028 0.076
4512.75090 18.837 0.057
4518.69975 18.825 0.095
4521.73722 18.517 0.064
4524.63683 18.950 0.067
4530.66292 19.024 0.075
4534.63144 18.682 0.061
4538.64684 19.086 0.089
4542.55418 18.507 0.064
