 531.88920 16.237 0.022
 542.89684 16.242 0.018
 550.92011 16.239 0.012
 552.86297 16.172 0.009
 553.81554 16.060 0.009
 554.88827 16.116 0.010
 557.84333 16.203 0.010
 558.91391 16.065 0.010
 560.84126 16.228 0.011
 562.82994 16.122 0.015
 567.91777 16.063 0.009
 568.85130 16.239 0.010
 569.81828 16.240 0.012
 570.83074 16.225 0.010
 571.75704 16.053 0.010
 572.84148 16.137 0.011
 573.88035 16.165 0.010
 574.84045 16.046 0.009
 575.81873 16.099 0.009
 576.79940 16.256 0.010
 578.75754 16.193 0.010
 581.74388 16.056 0.009
 582.75701 16.065 0.010
 583.75062 16.130 0.009
 587.85039 16.122 0.010
 588.75534 16.182 0.010
 590.78736 16.159 0.013
 599.83126 16.260 0.011
 600.75198 16.076 0.009
 601.82335 16.166 0.010
 605.76706 16.247 0.011
 606.68437 16.148 0.009
 607.68075 16.085 0.009
 608.67248 16.048 0.010
 614.74438 16.236 0.010
 615.70222 16.245 0.010
 616.67628 16.138 0.010
 623.83186 16.072 0.010
 624.63202 16.154 0.010
 625.74121 16.253 0.011
 626.62456 16.063 0.009
 627.83871 16.135 0.012
 628.65494 16.051 0.009
 629.62502 16.189 0.010
 630.71880 16.042 0.010
 631.69472 16.118 0.010
 632.75383 16.072 0.009
 633.76511 16.084 0.009
 635.73438 16.254 0.012
 643.60752 16.147 0.010
 645.69433 16.225 0.010
 652.65453 16.253 0.010
 653.65053 16.220 0.010
 656.64823 16.075 0.010
 657.68826 16.121 0.012
 663.60928 16.181 0.011
 665.72093 16.238 0.010
 666.73230 16.241 0.011
 667.66902 16.074 0.009
 671.60987 16.236 0.011
 684.57239 16.048 0.009
 687.55193 16.233 0.011
 689.56316 16.251 0.010
 698.56837 16.242 0.011
 701.53764 16.133 0.013
 706.56932 16.056 0.012
 712.50354 16.047 0.010
 715.57933 16.053 0.011
 727.51043 16.238 0.012
 747.51515 16.264 0.015
 858.86291 16.048 0.009
 880.87919 16.089 0.009
 887.88133 16.092 0.010
 895.88572 16.205 0.011
 897.83581 16.034 0.008
 924.79683 16.077 0.010
 928.76824 16.235 0.010
 931.76679 16.189 0.011
 933.86325 16.249 0.011
 937.81017 16.064 0.009
 944.75609 16.035 0.011
 950.72291 16.167 0.011
 951.79247 16.228 0.010
 952.80420 16.224 0.010
 953.71742 16.056 0.010
 961.81936 16.239 0.010
 963.67922 16.071 0.009
 964.70096 16.081 0.008
 965.88574 16.211 0.012
 966.89131 16.188 0.009
 971.87097 16.146 0.011
 985.63927 16.254 0.008
 987.80478 16.049 0.010
 988.67009 16.157 0.009
 990.64298 16.042 0.009
 991.58141 16.247 0.013
 997.71482 16.259 0.010
1006.64388 16.211 0.011
1021.72690 16.143 0.011
1025.60197 16.194 0.010
1036.65379 16.253 0.011
1040.58841 16.074 0.010
1043.64093 16.197 0.012
1048.57773 16.057 0.010
1053.65900 16.093 0.011
1060.62003 16.072 0.014
1067.65650 16.238 0.010
1072.49917 16.171 0.011
1076.60107 16.180 0.010
1079.50024 16.249 0.013
1087.52107 16.082 0.011
1090.49949 16.257 0.013
1093.59590 16.260 0.012
1102.50494 16.209 0.012
1113.50869 16.181 0.014
1121.53284 16.264 0.015
1229.87023 16.088 0.011
1239.83027 16.047 0.012
1242.86469 16.080 0.013
1253.87661 16.060 0.010
1256.88472 16.252 0.011
1258.88161 16.188 0.012
1261.83028 16.090 0.011
1266.88033 16.255 0.011
1268.87195 16.171 0.011
1279.83801 16.061 0.010
1281.89799 16.090 0.009
1289.85536 16.094 0.010
1290.83152 16.051 0.010
1294.81488 16.268 0.013
1295.82563 16.235 0.012
1296.82974 16.218 0.011
1298.84701 16.138 0.012
1301.71894 16.223 0.017
1305.72999 16.068 0.011
1306.73895 16.053 0.009
1307.77550 16.059 0.010
1310.79023 16.082 0.009
1313.84584 16.148 0.010
1315.82347 16.228 0.011
1316.66162 16.177 0.011
1317.76665 16.056 0.010
1318.88203 16.211 0.012
1319.76340 16.068 0.009
1320.78892 16.065 0.010
1327.84995 16.233 0.014
1332.79300 16.242 0.013
1333.82558 16.220 0.011
1335.63955 16.120 0.010
1338.68852 16.241 0.011
1338.83772 16.136 0.011
1339.60210 16.119 0.010
1339.70595 16.239 0.011
1339.89186 16.213 0.013
1340.64655 16.179 0.011
1340.74518 16.232 0.012
1341.70925 16.230 0.011
1341.88894 16.083 0.011
1342.58358 16.077 0.010
1342.71178 16.203 0.010
1342.80659 16.188 0.012
1343.79576 16.241 0.011
1343.83738 16.177 0.011
1345.74044 16.073 0.010
1346.64243 16.219 0.011
1346.74247 16.055 0.010
1346.84962 16.221 0.008
1347.64610 16.240 0.010
1347.74612 16.039 0.010
1348.60711 16.178 0.012
1348.70491 16.173 0.011
1348.83286 16.120 0.010
1349.60711 16.134 0.010
1349.84265 16.093 0.010
1350.59694 16.078 0.010
1350.74783 16.222 0.010
1350.84625 16.065 0.010
1352.76950 16.246 0.009
1353.63575 16.036 0.012
1353.74899 16.238 0.013
1354.57087 16.230 0.013
1354.67438 16.048 0.010
1354.78203 16.230 0.011
1355.57005 16.245 0.012
1355.66494 16.062 0.011
1355.76535 16.163 0.012
1359.62462 16.180 0.017
1360.82924 16.045 0.012
1361.64186 16.106 0.011
1365.61554 16.238 0.012
1365.78566 16.194 0.011
1366.56084 16.211 0.010
1366.68519 16.078 0.010
1367.65032 16.245 0.012
1367.78228 16.082 0.012
1368.56464 16.116 0.010
1368.67236 16.245 0.011
1368.79091 16.058 0.010
1369.58664 16.103 0.011
1369.70042 16.249 0.011
1370.54009 16.066 0.012
1370.63795 16.166 0.011
1374.68553 16.048 0.011
1375.72642 16.080 0.011
1376.52298 16.133 0.011
1394.65567 16.046 0.011
1395.72834 16.098 0.014
1397.65197 16.248 0.013
1398.70532 16.116 0.010
1399.55536 16.062 0.010
1400.66179 16.237 0.011
1401.59642 16.049 0.010
1402.59015 16.050 0.010
1403.57564 16.113 0.011
1404.59266 16.168 0.010
1407.61131 16.256 0.011
1408.63092 16.253 0.012
1415.67388 16.040 0.014
1416.57665 16.233 0.011
1419.64630 16.223 0.012
1430.51309 16.079 0.013
1432.66963 16.137 0.012
1436.53047 16.190 0.011
1441.58085 16.036 0.013
1443.58093 16.081 0.011
1448.51796 16.057 0.011
1450.55113 16.064 0.011
1459.49801 16.057 0.012
1462.56995 16.094 0.013
1476.53591 16.179 0.013
1601.83336 16.078 0.012
1605.87013 16.050 0.011
1609.86287 16.236 0.011
1611.82980 16.087 0.010
1623.88270 16.097 0.012
1625.79913 16.239 0.012
1627.89690 16.083 0.011
1632.86596 16.109 0.011
1634.89298 16.077 0.012
1644.84083 16.060 0.009
1645.85858 16.068 0.010
1652.78284 16.058 0.010
1654.81889 16.081 0.010
1661.74777 16.065 0.009
1662.81432 16.043 0.009
1664.82201 16.066 0.009
1664.91372 16.121 0.010
1666.88177 16.072 0.009
1668.83977 16.254 0.011
1669.88800 16.231 0.012
1671.78727 16.049 0.009
1672.74844 16.121 0.009
1675.81908 16.147 0.012
1676.87520 16.061 0.010
1681.79056 16.043 0.010
1689.76413 16.091 0.011
1691.63496 16.230 0.009
1695.61203 16.054 0.009
1698.66795 16.077 0.009
1700.68937 16.123 0.009
1702.67793 16.263 0.018
1704.65145 16.131 0.011
1706.64606 16.049 0.010
1716.79494 16.249 0.011
1717.70680 16.086 0.010
1721.78828 16.057 0.013
1722.63204 16.193 0.010
1726.58111 16.142 0.010
1728.62514 16.168 0.010
1729.56526 16.225 0.010
1730.55341 16.137 0.011
1731.56035 16.092 0.010
1732.71277 16.223 0.010
1742.73092 16.141 0.012
1743.70639 16.248 0.011
1744.79307 16.083 0.012
1746.66614 16.073 0.009
1748.52443 16.183 0.011
1749.48396 16.083 0.010
1750.52712 16.094 0.010
1751.49354 16.053 0.010
1752.56081 16.078 0.010
1753.51651 16.077 0.010
1754.66641 16.182 0.011
1755.55516 16.102 0.011
1755.68066 16.162 0.011
1756.52624 16.222 0.010
1757.63755 16.071 0.010
1758.57008 16.227 0.011
1759.49544 16.086 0.010
1761.58943 16.190 0.012
1762.61170 16.160 0.010
1763.64485 16.202 0.010
1764.55520 16.083 0.009
1765.55742 16.083 0.009
1772.66702 16.233 0.013
1774.49808 16.222 0.011
1775.68087 16.176 0.011
1777.70243 16.121 0.011
1783.69508 16.258 0.011
1785.69243 16.193 0.011
1789.61077 16.240 0.009
1802.49996 16.060 0.011
1804.57144 16.053 0.010
1808.60163 16.192 0.013
1809.51131 16.144 0.010
1811.54784 16.100 0.011
1813.58070 16.071 0.011
1815.58030 16.066 0.011
1817.55769 16.246 0.013
1819.59114 16.226 0.014
1825.50947 16.217 0.012
2125.67797 16.259 0.013
2129.73066 16.225 0.010
2132.67366 16.090 0.010
2136.57709 16.091 0.011
2141.59222 16.240 0.010
2144.67555 16.222 0.010
2160.63158 16.072 0.011
2170.57250 16.223 0.010
2178.58328 16.075 0.015
2211.53652 16.265 0.015
2333.87310 16.203 0.011
2344.83443 16.246 0.011
2355.88525 16.263 0.011
2364.87688 16.242 0.012
2372.88866 16.075 0.010
2384.82360 16.254 0.010
2388.82277 16.082 0.010
2390.86077 16.064 0.010
2393.85495 16.219 0.016
2400.80224 16.100 0.010
2402.90893 16.041 0.010
2406.85173 16.242 0.012
2414.87438 16.247 0.011
2416.88999 16.254 0.013
2424.74861 16.129 0.011
2428.73383 16.154 0.010
2432.88536 16.079 0.013
2434.77338 16.179 0.010
2436.82132 16.204 0.011
2438.79499 16.067 0.010
2441.75730 16.244 0.010
2445.67417 16.096 0.010
2448.69420 16.275 0.011
2454.79065 16.267 0.012
2459.68581 16.282 0.009
2460.70387 16.259 0.012
2463.58512 16.210 0.010
2466.60490 16.239 0.010
2468.73120 16.134 0.009
2470.71494 16.245 0.010
2472.74535 16.245 0.010
2481.60173 16.069 0.012
2484.66504 16.086 0.011
2486.75774 16.102 0.013
2490.74094 16.265 0.014
2493.68564 16.092 0.010
2496.53168 16.142 0.009
2498.55229 16.054 0.008
2500.59574 16.061 0.009
2502.60935 16.073 0.009
2508.70756 16.211 0.013
2512.65704 16.048 0.012
2517.55846 16.155 0.012
2520.62593 16.124 0.010
2529.49178 16.104 0.011
2538.54343 16.084 0.010
2542.57120 16.087 0.010
2548.49971 16.095 0.012
2552.53602 16.222 0.012
2557.50120 16.081 0.011
2564.52261 16.240 0.012
2708.85013 16.242 0.010
2719.85581 16.218 0.012
2729.87783 16.252 0.012
2734.81679 16.193 0.010
2747.74141 16.104 0.013
2753.92643 16.161 0.012
2757.85255 16.245 0.012
2761.90136 16.218 0.011
2767.84833 16.254 0.013
2775.76517 16.251 0.013
2782.68652 16.260 0.013
2782.70091 16.253 0.012
2784.60917 16.040 0.010
2786.82718 16.252 0.011
2788.63909 16.222 0.011
2790.74352 16.078 0.009
2793.85327 16.060 0.011
2793.86462 16.065 0.011
2793.88164 16.073 0.011
2793.88526 16.068 0.009
2793.89568 16.096 0.010
2793.90492 16.129 0.010
2793.91355 16.154 0.011
2793.92231 16.207 0.012
2793.93144 16.198 0.012
2793.93766 16.217 0.013
2793.95112 16.253 0.020
2794.54063 16.231 0.015
2794.58339 16.079 0.013
2794.59339 16.091 0.012
2794.60212 16.043 0.012
2794.61049 16.029 0.012
2794.63441 16.072 0.011
2794.70248 16.189 0.011
2794.76567 16.245 0.012
2794.93062 16.138 0.012
2795.63111 16.050 0.008
2795.66892 16.065 0.008
2795.72439 16.181 0.010
2796.55591 16.182 0.010
2796.68089 16.057 0.009
2796.79845 16.245 0.010
2796.82250 16.248 0.011
2796.85330 16.189 0.010
2796.86727 16.127 0.010
2796.87462 16.090 0.010
2796.88057 16.073 0.010
2796.88671 16.080 0.010
2796.89283 16.077 0.010
2796.90221 16.061 0.010
2796.91151 16.055 0.010
2796.92039 16.046 0.010
2796.94036 16.051 0.011
2797.56578 16.231 0.011
2797.64306 16.090 0.009
2797.84594 16.251 0.010
2802.57117 16.067 0.013
2802.73544 16.234 0.013
2808.79693 16.181 0.012
2809.75800 16.074 0.011
2811.68512 16.257 0.012
2812.81444 16.065 0.011
2813.85823 16.051 0.010
2815.83887 16.122 0.010
2816.85986 16.131 0.011
2818.62954 16.227 0.011
2819.80605 16.151 0.011
2821.69191 16.245 0.011
2835.67732 16.118 0.011
2837.68506 16.040 0.012
2838.82081 16.253 0.015
2840.73813 16.074 0.011
2843.68941 16.228 0.010
2845.68677 16.126 0.010
2850.57566 16.161 0.010
2854.58785 16.056 0.010
2857.49810 16.169 0.011
2858.71046 16.050 0.011
2859.57095 16.203 0.013
2862.65755 16.244 0.013
2866.60703 16.086 0.011
2868.70887 16.054 0.010
2871.62714 16.218 0.010
2877.52907 16.226 0.012
2883.62372 16.112 0.010
2892.55004 16.067 0.011
2895.61565 16.042 0.009
2900.62732 16.257 0.013
2905.62644 16.057 0.012
2909.63576 16.239 0.012
2920.55069 16.150 0.014
2931.54751 16.087 0.010
3052.85736 16.215 0.010
3059.83029 16.241 0.011
3064.84717 16.087 0.011
3068.80096 16.260 0.013
3070.87962 16.247 0.011
3073.83570 16.095 0.010
3075.87380 16.070 0.009
3080.77802 16.152 0.010
3082.90585 16.266 0.011
3085.83628 16.053 0.009
3086.91091 16.118 0.010
3088.82891 16.225 0.009
3090.74198 16.093 0.009
3096.89717 16.090 0.011
3099.79287 16.226 0.011
3101.76911 16.085 0.011
3103.80208 16.066 0.009
3104.86073 16.170 0.021
3106.87399 16.066 0.010
3108.79451 16.251 0.009
3109.85340 16.232 0.010
3110.85983 16.247 0.011
3112.84512 16.201 0.010
3114.80974 16.055 0.009
3116.89782 16.104 0.010
3122.93574 16.229 0.015
3125.90022 16.181 0.012
3127.84443 16.074 0.010
3128.84634 16.120 0.011
3130.72683 16.087 0.010
3131.69331 16.090 0.011
3135.92492 16.209 0.010
3138.67921 16.077 0.010
3139.90441 16.074 0.009
3140.90862 16.091 0.010
3142.79302 16.092 0.009
3144.81301 16.062 0.009
3146.84633 16.052 0.010
3151.77591 16.129 0.010
3151.93363 16.084 0.011
3152.78153 16.092 0.010
3153.78422 16.077 0.011
3154.86971 16.184 0.012
3156.88927 16.100 0.010
3162.59910 16.250 0.012
3163.78007 16.051 0.009
3164.76230 16.092 0.010
3164.89530 16.238 0.013
3165.73589 16.232 0.009
3167.62226 16.069 0.013
3167.80001 16.182 0.011
3167.86256 16.052 0.010
3168.53038 16.266 0.013
3168.58428 16.121 0.009
3168.69466 16.118 0.010
3168.79118 16.258 0.010
3168.91914 16.083 0.010
3169.52892 16.259 0.010
3169.58627 16.212 0.010
3169.68699 16.071 0.009
3169.79938 16.251 0.012
3169.89546 16.094 0.011
3170.58519 16.252 0.008
3170.75965 16.159 0.009
3170.83703 16.256 0.010
3170.89729 16.085 0.010
3171.53108 16.137 0.009
3171.63617 16.233 0.010
3171.73992 16.075 0.008
3171.83782 16.245 0.008
3172.53038 16.099 0.009
3172.73676 16.047 0.008
3173.75752 16.057 0.010
3173.87723 16.261 0.013
3174.50977 16.070 0.010
3174.73602 16.125 0.009
3174.83742 16.082 0.009
3175.53852 16.082 0.011
3175.74480 16.187 0.010
3176.53304 16.120 0.013
3176.69016 16.220 0.012
3177.78526 16.249 0.013
3178.54950 16.243 0.011
3179.53001 16.254 0.010
3179.90925 16.024 0.010
3180.75101 16.142 0.009
3182.81168 16.173 0.010
3183.76662 16.053 0.010
3184.72776 16.135 0.009
3185.73121 16.232 0.011
3193.56263 16.125 0.009
3194.57425 16.111 0.011
3195.70581 16.254 0.010
3195.82635 16.051 0.009
3196.62725 16.097 0.009
3197.55200 16.116 0.010
3197.85541 16.062 0.013
3199.64984 16.034 0.008
3202.54347 16.149 0.010
3203.68854 16.196 0.009
3204.67946 16.273 0.010
3205.53831 16.054 0.009
3206.74368 16.245 0.010
3209.66366 16.060 0.010
3210.66372 16.066 0.009
3211.63416 16.196 0.010
3217.67837 16.183 0.010
3218.67669 16.121 0.011
3219.64184 16.057 0.011
3223.67791 16.239 0.012
3224.72595 16.121 0.010
3226.64961 16.180 0.012
3228.62716 16.051 0.009
3229.65966 16.055 0.009
3230.69314 16.068 0.009
3231.59715 16.253 0.010
3232.63360 16.274 0.012
3238.64543 16.099 0.011
3240.49759 16.171 0.010
3245.58146 16.083 0.013
3246.68715 16.249 0.013
3247.60629 16.070 0.011
3249.55381 16.265 0.011
3250.68477 16.088 0.011
3256.66404 16.227 0.012
3260.57380 16.259 0.011
3265.50420 16.101 0.011
3267.55787 16.082 0.009
3272.61583 16.288 0.012
3279.54675 16.270 0.012
3282.50523 16.125 0.010
3288.57159 16.088 0.008
3293.54218 16.116 0.007
3295.55071 16.063 0.007
3300.53601 16.288 0.013
3305.55791 16.065 0.012
3308.53321 16.233 0.014
3315.50481 16.101 0.013
3417.88062 16.135 0.008
3422.89757 16.086 0.008
3426.88870 16.197 0.009
3429.87368 16.063 0.009
3436.83177 16.104 0.011
3442.91652 16.065 0.011
3445.82954 16.154 0.008
3447.87988 16.152 0.009
3449.89681 16.097 0.008
3452.91396 16.068 0.008
3453.78580 16.180 0.011
3455.85643 16.208 0.012
3456.86750 16.172 0.009
3457.78516 16.065 0.009
3458.82874 16.051 0.009
3459.80331 16.118 0.010
3469.81574 16.084 0.008
3470.85595 16.071 0.008
3472.78715 16.237 0.009
3473.88213 16.233 0.010
3474.85452 16.252 0.010
3475.91833 16.237 0.009
3477.79107 16.068 0.009
3480.85733 16.067 0.009
3481.86136 16.089 0.008
3483.80162 16.226 0.009
3496.75548 16.070 0.009
3497.82447 16.071 0.009
3499.75191 16.254 0.009
3500.75649 16.273 0.010
3502.70499 16.095 0.008
3503.71564 16.062 0.008
3504.73003 16.065 0.008
3506.83502 16.166 0.011
3508.81220 16.072 0.009
3509.71528 16.253 0.010
3511.70196 16.174 0.010
3512.77092 16.229 0.010
3517.81137 16.056 0.009
3520.84654 16.086 0.009
3521.66574 16.083 0.008
3522.77593 16.253 0.010
3523.81065 16.255 0.009
3524.79829 16.186 0.010
3525.77798 16.096 0.008
3526.86337 16.203 0.010
3528.58195 16.072 0.008
3530.80734 16.126 0.008
3537.77516 16.063 0.008
3538.70466 16.249 0.008
3540.67860 16.149 0.009
3544.75858 16.100 0.010
3546.87958 16.241 0.012
3547.83699 16.115 0.010
3550.66346 16.113 0.007
3551.66814 16.074 0.006
3552.70026 16.091 0.008
3553.70295 16.077 0.010
3554.69508 16.079 0.009
3555.72922 16.038 0.008
3556.74989 16.055 0.009
3558.58569 16.072 0.008
3559.68159 16.219 0.009
3560.63472 16.085 0.008
3560.72677 16.232 0.009
3560.76311 16.230 0.009
3560.79227 16.184 0.008
3560.81555 16.065 0.009
3560.84105 16.056 0.009
3561.47648 16.188 0.013
3561.63091 16.054 0.008
3561.75009 16.241 0.009
3561.78009 16.241 0.009
3561.84212 16.080 0.009
3562.45994 16.133 0.012
3562.52576 16.241 0.009
3562.57649 16.215 0.009
3562.61917 16.095 0.009
3562.68083 16.072 0.008
3562.73188 16.171 0.009
3562.78939 16.232 0.009
3562.84199 16.173 0.010
3563.47102 16.106 0.011
3563.58013 16.261 0.009
3563.74665 16.157 0.010
3563.81802 16.264 0.012
3564.51139 16.167 0.013
3564.63543 16.199 0.009
3564.78897 16.206 0.011
3565.48809 16.080 0.012
3568.80493 16.043 0.010
3569.48661 16.266 0.013
3569.52491 16.107 0.012
3573.68951 16.053 0.009
3573.71648 16.101 0.010
3574.71748 16.059 0.009
3575.65635 16.207 0.009
3576.71880 16.094 0.010
3577.76713 16.073 0.009
3578.70378 16.242 0.009
3579.64908 16.170 0.009
3580.68561 16.209 0.010
3581.70199 16.176 0.009
3582.62780 16.059 0.008
3583.66442 16.057 0.008
3584.67316 16.081 0.009
3585.67119 16.107 0.008
3586.70260 16.105 0.008
3588.75367 16.092 0.009
3589.71500 16.266 0.010
3590.71113 16.241 0.010
3592.68385 16.092 0.008
3597.67421 16.280 0.013
3601.68744 16.146 0.010
3602.68759 16.086 0.010
3603.66774 16.057 0.009
3607.66625 16.257 0.010
3608.68220 16.247 0.010
3615.60950 16.251 0.009
3618.61300 16.170 0.010
3620.57623 16.064 0.008
3628.57827 16.093 0.009
3630.59231 16.045 0.010
3632.61978 16.071 0.012
3634.52316 16.192 0.009
3639.53020 16.061 0.008
3641.57573 16.086 0.010
3644.54054 16.222 0.009
3649.52992 16.073 0.009
3651.58201 16.082 0.011
3654.56708 16.237 0.013
3655.54719 16.198 0.010
3659.54215 16.091 0.012
3662.54664 16.232 0.013
3665.51715 16.141 0.011
3672.51844 16.253 0.013
3777.85183 16.237 0.011
3782.88781 16.064 0.008
3785.84945 16.219 0.010
3787.87015 16.240 0.009
3791.84453 16.055 0.010
3793.88874 16.052 0.008
3795.87297 16.143 0.009
3796.90541 16.101 0.009
3798.83631 16.161 0.009
3799.89067 16.231 0.011
3801.84545 16.049 0.009
3802.87987 16.067 0.009
3804.79308 16.238 0.011
3805.83159 16.242 0.010
3806.82831 16.239 0.010
3807.85252 16.238 0.010
3808.85616 16.223 0.011
3809.91305 16.222 0.011
3810.90911 16.219 0.010
3811.79967 16.056 0.010
3812.88061 16.078 0.009
3813.86033 16.064 0.009
3814.85576 16.078 0.009
3818.77342 16.069 0.009
3819.83706 16.127 0.008
3820.80110 16.039 0.008
3821.80427 16.071 0.008
3822.84794 16.049 0.008
3823.80893 16.164 0.008
3824.79537 16.252 0.011
3824.80287 16.261 0.011
3825.83496 16.222 0.009
3826.79467 16.208 0.010
3827.83511 16.229 0.009
3828.81518 16.146 0.009
3829.74300 16.075 0.009
3830.77155 16.070 0.008
3832.77489 16.178 0.009
3833.80217 16.189 0.008
3834.77411 16.222 0.009
3835.76281 16.195 0.009
3836.72425 16.076 0.009
3837.76489 16.104 0.010
3838.77283 16.060 0.010
3838.89023 16.265 0.010
3839.76876 16.034 0.009
3840.77190 16.056 0.009
3841.72710 16.252 0.011
3841.87704 16.106 0.009
3842.71872 16.240 0.013
3845.74861 16.167 0.015
3846.75947 16.143 0.009
3846.88820 16.139 0.009
3847.83256 16.229 0.011
3848.78260 16.114 0.010
3848.90576 16.245 0.011
3849.78014 16.063 0.009
3850.72529 16.176 0.009
3850.89816 16.229 0.011
3851.73892 16.223 0.009
3851.90369 16.182 0.010
3852.72746 16.240 0.010
3852.85128 16.039 0.008
3852.93295 16.199 0.013
3853.72018 16.242 0.008
3853.88435 16.050 0.008
3856.70840 16.062 0.008
3856.89647 16.093 0.008
3858.74528 16.042 0.008
3859.86541 16.202 0.010
3860.70070 16.251 0.009
3861.69813 16.246 0.010
3861.80224 16.054 0.008
3861.90115 16.181 0.009
3862.67995 16.214 0.010
3862.89471 16.119 0.010
3863.69281 16.175 0.009
3863.83658 16.082 0.008
3863.91271 16.110 0.008
3864.70959 16.146 0.009
3864.89580 16.064 0.008
3865.66950 16.056 0.009
3865.80519 16.239 0.009
3865.88377 16.079 0.009
3866.64256 16.090 0.009
3866.71506 16.076 0.008
3866.85455 16.243 0.009
3866.92891 16.048 0.008
3867.66099 16.094 0.009
3867.84643 16.253 0.010
3867.91666 16.109 0.009
3868.66877 16.174 0.011
3868.70615 16.060 0.010
3868.81099 16.174 0.009
3868.85097 16.248 0.011
3868.89255 16.240 0.011
3868.92473 16.180 0.011
3869.61933 16.191 0.011
3869.65373 16.236 0.010
3869.68557 16.200 0.010
3869.74703 16.054 0.009
3869.81668 16.117 0.011
3869.86668 16.224 0.011
3869.90306 16.255 0.011
3869.93767 16.244 0.013
3870.69461 16.235 0.016
3870.75441 16.067 0.011
3870.84136 16.103 0.013
3872.74053 16.232 0.010
3872.85179 16.044 0.009
3873.62090 16.056 0.009
3873.70236 16.201 0.009
3873.84143 16.076 0.009
3873.91192 16.094 0.009
3874.70364 16.155 0.009
3874.87212 16.069 0.008
3875.64031 16.051 0.008
3875.78758 16.233 0.008
3875.86628 16.090 0.008
3876.60528 16.211 0.009
3876.66370 16.064 0.007
3877.66820 16.071 0.008
3877.81641 16.204 0.009
3877.89020 16.203 0.010
3877.92864 16.092 0.009
3879.92509 16.236 0.011
3879.93286 16.246 0.012
3880.60132 16.120 0.007
3880.87173 16.200 0.009
3880.94527 16.252 0.013
3881.69198 16.254 0.009
3881.83472 16.071 0.008
3882.60408 16.056 0.009
3882.80700 16.069 0.009
3882.87721 16.076 0.008
3883.66945 16.142 0.009
3883.90527 16.088 0.008
3886.63471 16.080 0.008
3886.82424 16.255 0.009
3886.89630 16.087 0.008
3886.92231 16.046 0.009
3887.60479 16.260 0.010
3887.80747 16.228 0.010
3887.83528 16.253 0.009
3887.90732 16.133 0.009
3888.63562 16.240 0.008
3889.68726 16.182 0.008
3889.78328 16.068 0.008
3889.79502 16.087 0.009
3889.83447 16.169 0.009
3889.85231 16.198 0.009
3889.90479 16.242 0.009
3889.93122 16.219 0.010
3890.56007 16.082 0.010
3890.57553 16.107 0.010
3890.62499 16.197 0.009
3890.63492 16.218 0.009
3890.64373 16.237 0.009
3890.66090 16.253 0.009
3890.66983 16.250 0.009
3890.67879 16.257 0.009
3890.69906 16.234 0.007
3890.72211 16.137 0.007
3891.55443 16.038 0.011
3891.60146 16.104 0.009
3891.63612 16.177 0.010
3891.68852 16.262 0.010
3891.71187 16.264 0.010
3891.75805 16.109 0.009
3891.78727 16.082 0.011
3891.81707 16.052 0.008
3891.82884 16.067 0.008
3891.86943 16.129 0.010
3891.91051 16.205 0.010
3892.55290 16.041 0.011
3892.56387 16.048 0.010
3892.59852 16.069 0.011
3892.62222 16.092 0.010
3892.65818 16.176 0.009
3892.73210 16.247 0.009
3892.82596 16.044 0.008
3892.92709 16.233 0.013
3893.57326 16.072 0.011
3893.61338 16.058 0.010
3893.65649 16.107 0.009
3893.81755 16.083 0.010
3893.90784 16.110 0.011
3894.63321 16.049 0.010
3894.70430 16.165 0.011
3894.75656 16.252 0.011
3894.80182 16.241 0.012
3894.84625 16.089 0.010
3894.87896 16.060 0.010
3896.56367 16.260 0.013
3896.60366 16.207 0.013
3896.61875 16.170 0.013
3896.63311 16.088 0.011
3896.64806 16.071 0.011
3896.66231 16.067 0.010
3896.67870 16.044 0.011
3896.69024 16.060 0.009
3896.70163 16.057 0.009
3896.71711 16.093 0.010
3896.72874 16.102 0.009
3896.74310 16.125 0.010
3896.76117 16.186 0.010
3896.77836 16.206 0.012
3896.79707 16.261 0.013
3896.82703 16.253 0.013
3900.52541 16.035 0.012
3900.56336 16.086 0.010
3900.61408 16.188 0.010
3900.65209 16.234 0.011
3900.70110 16.221 0.012
3900.73811 16.100 0.009
3900.74978 16.080 0.009
3900.76437 16.059 0.009
3900.82516 16.108 0.009
3900.88532 16.218 0.010
3901.56530 16.059 0.011
3901.57720 16.081 0.010
3901.75200 16.092 0.010
3901.76669 16.079 0.009
3901.82881 16.080 0.010
3901.88949 16.187 0.011
3901.90127 16.206 0.011
3902.55449 16.051 0.008
3902.58607 16.035 0.008
3902.59813 16.058 0.008
3902.64393 16.169 0.009
3902.71088 16.236 0.009
3902.73767 16.244 0.009
3902.76384 16.188 0.009
3902.77430 16.132 0.009
3902.78326 16.100 0.009
3902.79262 16.074 0.009
3902.80518 16.077 0.009
3902.82032 16.057 0.009
3902.82971 16.044 0.009
3902.84573 16.048 0.009
3902.85942 16.053 0.009
3902.89016 16.150 0.011
3902.90553 16.161 0.012
3903.68698 16.189 0.009
3904.58114 16.074 0.008
3904.74440 16.245 0.010
3904.81338 16.187 0.009
3904.86620 16.058 0.009
3905.57807 16.199 0.009
3905.75209 16.200 0.008
3905.82469 16.232 0.008
3905.89327 16.053 0.009
3906.51672 16.214 0.012
3906.68657 16.052 0.009
3906.75953 16.175 0.009
3906.83221 16.265 0.010
3906.85017 16.208 0.010
3906.88264 16.109 0.010
3907.62324 16.219 0.009
3907.81809 16.257 0.012
3907.89063 16.186 0.012
3908.55942 16.183 0.009
3908.74987 16.064 0.008
3908.82513 16.208 0.009
3909.56452 16.148 0.009
3909.75891 16.047 0.008
3909.84082 16.201 0.009
3910.61325 16.181 0.008
3912.56365 16.046 0.007
3912.76044 16.196 0.008
3912.84833 16.071 0.008
3913.56143 16.058 0.008
3913.76363 16.244 0.010
3913.85344 16.044 0.008
3914.57888 16.086 0.009
3915.55942 16.258 0.010
3915.76274 16.220 0.009
3915.85975 16.085 0.009
3916.60730 16.209 0.010
3916.77993 16.231 0.011
3917.64726 16.101 0.009
3917.85015 16.248 0.011
3918.64072 16.245 0.010
3918.85044 16.231 0.011
3919.59360 16.223 0.010
3919.82005 16.157 0.010
3920.54523 16.074 0.008
3920.74149 16.069 0.009
3920.82025 16.093 0.008
3921.53824 16.058 0.009
3921.74870 16.127 0.012
3922.74516 16.224 0.011
3930.59277 16.173 0.009
3931.54384 16.039 0.009
3931.66726 16.251 0.010
3932.55570 16.055 0.009
3933.54466 16.115 0.008
3933.72595 16.234 0.008
3933.80161 16.093 0.009
3934.51543 16.254 0.010
3934.63948 16.058 0.008
3934.70925 16.200 0.009
3934.77828 16.249 0.009
3935.56525 16.237 0.011
3935.73656 16.207 0.010
3935.78834 16.257 0.010
3936.51887 16.222 0.010
3936.68419 16.058 0.009
3936.76177 16.199 0.010
3937.59407 16.247 0.009
3938.52640 16.139 0.010
3938.72799 16.035 0.009
3938.77720 16.132 0.010
3940.62940 16.218 0.008
3941.67355 16.241 0.011
3944.58290 16.088 0.008
3945.53178 16.240 0.011
3945.71982 16.182 0.009
3946.54205 16.251 0.011
3946.73145 16.132 0.009
3950.54995 16.092 0.008
3950.76944 16.049 0.009
3951.54619 16.064 0.009
3956.59260 16.195 0.011
3957.53348 16.193 0.011
3958.60625 16.244 0.010
3958.63530 16.222 0.011
3959.54619 16.125 0.009
3959.71058 16.073 0.009
3960.52417 16.065 0.008
3960.70409 16.150 0.008
3961.52381 16.050 0.010
3961.59926 16.155 0.012
3961.66529 16.264 0.013
3963.48578 16.256 0.011
3963.66035 16.173 0.009
3963.73369 16.260 0.011
3964.55587 16.131 0.008
3965.54519 16.247 0.009
3965.73509 16.203 0.009
3966.53710 16.245 0.010
3966.71957 16.119 0.010
3967.56094 16.256 0.012
3968.52363 16.151 0.010
3968.69513 16.059 0.009
3969.52752 16.103 0.010
3969.70614 16.091 0.009
3970.53933 16.081 0.010
3970.71926 16.086 0.009
3971.57912 16.138 0.010
3973.60427 16.080 0.009
3974.53411 16.214 0.011
3975.53660 16.235 0.009
3976.53135 16.226 0.009
3979.54112 16.123 0.013
3982.60829 16.121 0.010
3986.60833 16.095 0.010
3987.53075 16.223 0.010
3988.54357 16.191 0.009
3989.60525 16.251 0.012
3990.64752 16.245 0.011
3994.50024 16.243 0.012
3995.59785 16.074 0.009
3999.63540 16.239 0.010
4000.54244 16.084 0.010
4001.53220 16.053 0.010
4002.52891 16.081 0.009
4004.55183 16.128 0.011
4005.55453 16.213 0.010
4006.54922 16.249 0.009
4012.52492 16.100 0.011
4016.56681 16.234 0.013
4018.57940 16.270 0.012
4021.56336 16.123 0.011
4024.51110 16.227 0.011
4026.50663 16.227 0.010
4028.52265 16.178 0.010
4031.52274 16.064 0.010
4038.52794 16.207 0.013
4041.52708 16.049 0.013
4142.87817 16.218 0.013
4151.88332 16.226 0.012
4154.83075 16.046 0.010
4156.88374 16.053 0.011
4159.81780 16.234 0.012
4161.87123 16.253 0.012
4163.88722 16.186 0.010
4165.84408 16.059 0.012
4168.84161 16.209 0.012
4170.84270 16.232 0.011
4175.87767 16.064 0.009
4177.77740 16.238 0.011
4178.83476 16.237 0.011
4179.87463 16.198 0.010
4181.81103 16.151 0.010
4182.85962 16.200 0.010
4183.89211 16.211 0.010
4185.76854 16.190 0.011
4191.77910 16.082 0.011
4193.79020 16.055 0.011
4194.81305 16.038 0.010
4196.80307 16.147 0.010
4202.78465 16.062 0.009
4203.77242 16.053 0.009
4204.70721 16.234 0.011
4204.73063 16.226 0.011
4204.76479 16.082 0.010
4204.80708 16.037 0.009
4204.84109 16.064 0.009
4204.87522 16.129 0.009
4204.91343 16.217 0.010
4205.70750 16.241 0.012
4205.76301 16.187 0.010
4205.83637 16.042 0.009
4205.91440 16.176 0.010
4207.75426 16.231 0.010
4208.70820 16.125 0.011
4211.81953 16.191 0.012
4212.84908 16.198 0.012
4213.75714 16.073 0.009
4215.77018 16.151 0.011
4216.72805 16.248 0.011
4216.93326 16.157 0.012
4217.73555 16.218 0.010
4217.89684 16.043 0.008
4218.78531 16.243 0.013
4219.79256 16.229 0.010
4220.73435 16.076 0.010
4222.70018 16.123 0.011
4224.81334 16.050 0.010
4228.70564 16.113 0.010
4229.69922 16.080 0.011
4229.89619 16.079 0.010
4230.64742 16.116 0.010
4230.83540 16.239 0.011
4230.89709 16.164 0.012
4231.67138 16.104 0.008
4231.72248 16.038 0.008
4231.87748 16.236 0.011
4232.65913 16.240 0.013
4232.78414 16.081 0.010
4232.92166 16.221 0.012
4233.85187 16.156 0.010
4234.77945 16.057 0.010
4234.90180 16.211 0.011
4235.69577 16.240 0.010
4235.75321 16.213 0.010
4235.85684 16.066 0.010
4235.91895 16.203 0.013
4237.62231 16.045 0.011
4238.69366 16.096 0.010
4239.66553 16.047 0.010
4240.70519 16.053 0.009
4240.86158 16.233 0.012
4243.67085 16.248 0.012
4243.76428 16.055 0.010
4243.85716 16.173 0.011
4244.64304 16.211 0.012
4244.73940 16.146 0.010
4244.83200 16.084 0.010
4245.63612 16.139 0.010
4245.73043 16.247 0.010
4245.82591 16.035 0.009
4245.89851 16.163 0.011
4246.69480 16.217 0.011
4246.78792 16.154 0.010
4246.88062 16.066 0.010
4247.70983 16.185 0.011
4250.75791 16.127 0.010
4256.65032 16.126 0.012
4256.79585 16.120 0.013
4257.67722 16.131 0.010
4258.66056 16.051 0.010
4258.78339 16.249 0.011
4258.87600 16.060 0.011
4267.62024 16.058 0.009
4268.73096 16.183 0.008
4268.86721 16.080 0.011
4269.60246 16.160 0.010
4269.75273 16.187 0.010
4270.53716 16.208 0.012
4272.58363 16.199 0.011
4272.73353 16.045 0.009
4272.79216 16.089 0.010
4272.86352 16.224 0.012
4273.64401 16.253 0.012
4273.82216 16.121 0.011
4273.88337 16.234 0.015
4274.57508 16.077 0.011
4274.72801 16.156 0.011
4274.78892 16.043 0.010
4274.86216 16.138 0.012
4275.62664 16.139 0.011
4275.80189 16.054 0.012
4275.86301 16.102 0.013
4276.61136 16.069 0.011
4277.55508 16.133 0.012
4277.73216 16.248 0.011
4277.79080 16.226 0.013
4278.60002 16.085 0.012
4278.78650 16.285 0.014
4283.53762 16.075 0.011
4284.52940 16.048 0.012
4284.67976 16.255 0.012
4284.73914 16.105 0.010
4284.80118 16.053 0.011
4284.86616 16.167 0.014
4285.53258 16.071 0.011
4285.72610 16.244 0.011
4285.78741 16.071 0.010
4285.85262 16.077 0.011
4286.53234 16.101 0.012
4286.84055 16.061 0.012
4289.54321 16.230 0.012
4289.76212 16.205 0.011
4289.82694 16.215 0.010
4290.58950 16.244 0.012
4291.60919 16.234 0.010
4292.51476 16.084 0.009
4292.69377 16.091 0.009
4292.75257 16.055 0.009
4292.81556 16.167 0.012
4293.51552 16.061 0.009
4293.69968 16.169 0.010
4293.75844 16.043 0.009
4293.79869 16.091 0.010
4293.83620 16.161 0.012
4294.51414 16.066 0.010
4295.52430 16.072 0.010
4295.71940 16.227 0.010
4295.77800 16.068 0.009
4296.51840 16.164 0.011
4296.72411 16.235 0.011
4297.53820 16.194 0.011
4297.74276 16.233 0.010
4298.57267 16.165 0.011
4298.68429 16.113 0.010
4298.82171 16.175 0.012
4299.55976 16.239 0.010
4299.64967 16.054 0.009
4299.74096 16.162 0.010
4300.55641 16.229 0.011
4300.67155 16.051 0.009
4300.81656 16.245 0.012
4301.54253 16.186 0.010
4301.63878 16.203 0.010
4301.74096 16.083 0.009
4302.61552 16.234 0.011
4302.78060 16.103 0.012
4303.70210 16.139 0.011
4304.58039 16.113 0.011
4306.58614 16.057 0.011
4306.72266 16.232 0.013
4310.63975 16.081 0.013
4312.52734 16.101 0.012
4312.77021 16.083 0.010
4314.78479 16.046 0.012
4315.55882 16.066 0.010
4316.58908 16.050 0.009
4317.51098 16.246 0.011
4319.54606 16.243 0.011
4319.69202 16.075 0.012
4320.61337 16.172 0.011
4326.56280 16.039 0.009
4326.73894 16.250 0.013
4327.61443 16.045 0.011
4328.47958 16.226 0.012
4328.71924 16.178 0.012
4329.54960 16.263 0.012
4329.69763 16.106 0.011
4330.47991 16.144 0.010
4330.71720 16.084 0.010
4331.52206 16.162 0.010
4332.53206 16.129 0.009
4333.55706 16.121 0.011
4334.52979 16.039 0.010
4338.52719 16.245 0.013
4338.70508 16.188 0.013
4339.52332 16.235 0.011
4340.64350 16.077 0.010
4341.52757 16.205 0.013
4342.55961 16.204 0.012
4343.54347 16.113 0.009
4344.57304 16.112 0.011
4345.53514 16.049 0.009
4346.54474 16.075 0.011
4347.55908 16.071 0.010
4349.52478 16.257 0.011
4350.57824 16.248 0.010
4351.52995 16.186 0.010
4352.58627 16.255 0.013
4353.54961 16.132 0.011
4354.56899 16.099 0.010
4355.57683 16.074 0.011
4356.53402 16.070 0.011
4357.50542 16.263 0.012
4358.54884 16.185 0.011
4359.51780 16.249 0.013
4361.53114 16.210 0.013
4362.54852 16.166 0.013
4365.58677 16.115 0.011
4367.54018 16.092 0.011
4368.51313 16.247 0.013
4369.59229 16.100 0.013
4370.51949 16.221 0.010
4371.49457 16.104 0.010
4372.54370 16.171 0.010
4373.53475 16.095 0.012
4377.50799 16.236 0.011
4378.54234 16.207 0.011
4379.56433 16.253 0.014
4380.49981 16.180 0.010
4381.54745 16.256 0.013
4382.53397 16.189 0.013
4383.53817 16.125 0.012
4384.51258 16.063 0.012
4388.58362 16.083 0.013
4393.55465 16.147 0.011
4394.52785 16.074 0.010
4395.56402 16.076 0.012
4396.53381 16.096 0.013
4397.55750 16.079 0.013
4398.56284 16.081 0.011
4399.51278 16.240 0.013
4400.55725 16.241 0.015
4403.51114 16.103 0.013
4409.52856 16.245 0.014
4507.88682 16.154 0.013
4511.85403 16.164 0.010
4511.87384 16.076 0.009
4513.88522 16.218 0.010
4517.88434 16.156 0.012
4521.82367 16.231 0.012
4523.89609 16.170 0.011
4525.84000 16.168 0.013
4530.90558 16.058 0.010
4531.84788 16.143 0.010
4534.86950 16.253 0.012
4536.80154 16.066 0.011
4537.86168 16.113 0.009
4538.89408 16.131 0.010
4539.88018 16.055 0.009
4540.82410 16.138 0.009
4541.81663 16.240 0.010
4542.81139 16.241 0.011
4543.80690 16.209 0.010
4544.80386 16.147 0.010
4545.76800 16.062 0.011
4546.77465 16.046 0.010
4547.74937 16.136 0.011
4548.84166 16.039 0.011
4548.89259 16.145 0.012
4550.77172 16.242 0.013
4551.79281 16.239 0.012
4552.74205 16.148 0.014
4556.78144 16.044 0.009
4557.80259 16.047 0.009
4558.73225 16.240 0.010
4559.77311 16.239 0.010
4560.77350 16.241 0.010
4561.76280 16.222 0.009
4564.75306 16.061 0.009
4565.75109 16.040 0.008
4566.75054 16.065 0.008
4567.75048 16.102 0.009
4568.75999 16.183 0.009
4569.76762 16.227 0.010
4570.75568 16.249 0.011
4571.74735 16.204 0.012
4572.77419 16.220 0.010
4573.76234 16.141 0.010
4574.76492 16.079 0.010
4574.91294 16.181 0.010
4575.77372 16.069 0.010
4576.79285 16.059 0.008
4576.88362 16.213 0.011
4576.91524 16.251 0.011
4577.86192 16.126 0.010
4577.91795 16.246 0.010
4578.81626 16.039 0.010
4579.89009 16.091 0.011
4583.76032 16.148 0.011
4585.78727 16.100 0.010
4586.76338 16.039 0.010
4587.79695 16.055 0.010
4588.67211 16.214 0.012
4588.90459 16.164 0.009
4589.71854 16.241 0.010
4589.87384 16.076 0.010
4589.93573 16.185 0.013
4590.72732 16.225 0.011
4590.92927 16.116 0.010
4591.66843 16.074 0.010
4591.87977 16.053 0.009
4592.68864 16.074 0.009
4592.87794 16.079 0.010
4593.67783 16.055 0.009
4593.88766 16.140 0.010
4593.92752 16.067 0.010
4594.69908 16.061 0.009
4594.89391 16.214 0.011
4595.69162 16.096 0.010
4595.88290 16.251 0.011
4596.68346 16.217 0.010
4597.70811 16.231 0.011
4597.89972 16.217 0.010
4598.68431 16.230 0.009
4599.65681 16.155 0.010
4600.66918 16.108 0.009
4600.87786 16.051 0.009
4601.67171 16.070 0.009
4601.88796 16.048 0.008
4602.66427 16.036 0.008
4602.88859 16.083 0.008
4603.87568 16.186 0.010
4606.67211 16.238 0.010
4606.92731 16.253 0.011
4610.77454 16.233 0.012
4611.65095 16.066 0.010
4611.79982 16.240 0.010
4612.67247 16.055 0.009
4615.81477 16.150 0.010
4616.62644 16.186 0.010
4616.84274 16.156 0.011
4617.72735 16.144 0.009
4618.63502 16.159 0.009
4622.64858 16.051 0.010
4622.83351 16.227 0.012
4623.69521 16.049 0.010
4623.89282 16.091 0.012
4624.61669 16.246 0.012
4624.83669 16.225 0.011
4624.90574 16.143 0.011
4625.62709 16.234 0.012
4625.84646 16.231 0.012
4625.93501 16.123 0.012
4626.64770 16.256 0.012
4627.58568 16.111 0.009
4627.87511 16.169 0.009
4628.59265 16.078 0.010
4628.78239 16.081 0.010
4628.84472 16.081 0.010
4628.91894 16.200 0.011
4629.65547 16.155 0.009
4629.86312 16.067 0.010
4630.59053 16.057 0.009
4630.80630 16.133 0.009
4630.87585 16.060 0.009
4631.61606 16.058 0.009
4631.81475 16.199 0.009
4631.89012 16.055 0.011
4632.59518 16.151 0.010
4632.88482 16.065 0.011
4633.59221 16.239 0.010
4633.70316 16.062 0.009
4633.83658 16.248 0.011
4638.77665 16.073 0.010
4639.60031 16.064 0.009
4639.69781 16.223 0.010
4640.61843 16.057 0.009
4640.75034 16.236 0.010
4640.76506 16.229 0.010
4641.69400 16.134 0.009
4641.80609 16.214 0.011
4642.61644 16.063 0.009
4642.77863 16.228 0.011
4642.85775 16.083 0.011
4643.57571 16.235 0.010
4644.62419 16.241 0.011
4645.55455 16.177 0.012
4645.80226 16.159 0.010
4645.86781 16.242 0.012
4646.54960 16.096 0.009
4646.87534 16.227 0.011
4647.54591 16.054 0.010
4647.76210 16.072 0.010
4647.78631 16.041 0.010
4648.54300 16.037 0.010
4648.79687 16.037 0.010
4648.87148 16.143 0.012
4649.55321 16.060 0.010
4649.77959 16.120 0.010
4650.55435 16.084 0.010
4650.81746 16.066 0.010
4651.53778 16.237 0.012
4652.52925 16.233 0.012
4652.74346 16.196 0.010
4653.52490 16.211 0.013
4653.74413 16.132 0.010
4654.56398 16.225 0.011
4654.77857 16.150 0.010
4655.52474 16.105 0.010
4655.74934 16.074 0.009
4656.52668 16.073 0.009
4656.71654 16.076 0.009
4656.83588 16.200 0.012
4657.75510 16.057 0.011
4658.68532 16.232 0.012
4660.63758 16.074 0.010
4661.51478 16.248 0.011
4661.71547 16.185 0.011
4661.78249 16.237 0.012
4665.68241 16.068 0.010
4666.58772 16.199 0.010
4666.68866 16.163 0.011
4666.73091 16.073 0.010
4666.80325 16.111 0.013
4670.58430 16.034 0.010
4671.60790 16.057 0.008
4671.78000 16.244 0.013
4672.53375 16.237 0.010
4672.68393 16.073 0.009
4672.76910 16.249 0.012
4674.53955 16.198 0.011
4674.72976 16.086 0.011
4677.51312 16.058 0.009
4677.59708 16.160 0.010
4677.75264 16.046 0.010
4679.65189 16.197 0.012
4681.56153 16.143 0.010
4681.65453 16.075 0.009
4681.74478 16.231 0.011
4682.57907 16.180 0.010
4682.68282 16.082 0.009
4683.54415 16.234 0.012
4683.73277 16.104 0.010
4684.53674 16.189 0.010
4684.70812 16.057 0.009
4685.47934 16.066 0.012
4685.75684 16.092 0.011
4686.52545 16.091 0.010
4687.52881 16.052 0.010
4687.76471 16.047 0.010
4688.52213 16.073 0.009
4688.71182 16.230 0.011
4693.56977 16.248 0.011
4694.63094 16.161 0.013
4697.52556 16.053 0.010
4698.53099 16.044 0.008
4699.52915 16.069 0.009
4700.53358 16.136 0.009
4701.52884 16.215 0.011
4702.54509 16.239 0.011
4703.61255 16.116 0.011
4704.66792 16.064 0.010
4705.59618 16.231 0.011
4707.62439 16.226 0.010
4708.57629 16.087 0.009
4709.54037 16.075 0.012
4710.58112 16.057 0.009
4715.61538 16.252 0.012
4716.48861 16.036 0.009
4716.61303 16.210 0.012
4720.53078 16.113 0.011
4720.54486 16.067 0.011
4721.53106 16.210 0.013
4722.49685 16.242 0.013
4724.53356 16.231 0.013
4725.51226 16.121 0.011
4726.50837 16.080 0.012
4728.62610 16.191 0.013
4729.49380 16.160 0.011
4729.52906 16.086 0.012
4729.61307 16.120 0.011
4730.49523 16.228 0.011
4731.60219 16.052 0.011
4733.55064 16.262 0.011
4734.57997 16.267 0.012
4737.56860 16.135 0.012
4740.58147 16.050 0.011
4753.57249 16.219 0.013
4758.53825 16.063 0.010
4776.52464 16.102 0.013
4778.52991 16.062 0.012
4869.87405 16.176 0.011
4872.86644 16.049 0.012
4873.88825 16.049 0.011
4875.88807 16.101 0.010
4878.86216 16.220 0.011
4884.87881 16.070 0.009
4887.85122 16.229 0.010
4891.80751 16.069 0.011
4896.89844 16.139 0.010
4899.86618 16.200 0.011
4901.79581 16.100 0.010
4903.79150 16.236 0.010
4905.83975 16.252 0.011
4910.83778 16.101 0.010
4911.87474 16.103 0.008
4913.88824 16.051 0.008
4917.73483 16.040 0.008
4917.91604 16.135 0.010
4921.73663 16.229 0.010
4921.75318 16.189 0.010
4921.78846 16.074 0.009
4925.72342 16.102 0.009
4925.83975 16.215 0.009
4926.71657 16.055 0.010
4927.73958 16.076 0.010
4927.89425 16.228 0.011
4928.78804 16.096 0.010
4929.73467 16.062 0.010
4930.72666 16.179 0.010
4930.87452 16.175 0.010
4931.77082 16.078 0.010
4932.70492 16.218 0.010
4932.90407 16.139 0.010
4933.72080 16.137 0.011
4933.73961 16.241 0.012
4933.89851 16.077 0.010
4934.81945 16.212 0.010
4938.72038 16.047 0.009
4939.68121 16.244 0.011
4940.68120 16.221 0.010
4941.87629 16.121 0.010
4942.69767 16.221 0.010
4942.76962 16.192 0.009
4942.80942 16.072 0.008
4943.71005 16.220 0.009
4943.86688 16.040 0.009
4944.72147 16.169 0.009
4944.87629 16.065 0.009
4945.66662 16.042 0.010
4946.68925 16.031 0.008
4947.68006 16.086 0.009
4948.65971 16.217 0.010
4950.65045 16.216 0.010
4952.78332 16.124 0.009
4953.68354 16.142 0.009
4954.66225 16.078 0.009
4954.72836 16.214 0.010
4955.66299 16.036 0.010
4955.83135 16.236 0.010
