2123.93450 18.766 0.043
2130.92356 18.828 0.050
2131.92535 18.754 0.054
2132.92352 18.767 0.046
2134.92508 18.765 0.046
2140.92475 18.895 0.049
2142.91199 19.083 0.067
2144.92237 18.845 0.043
2161.86302 18.396 0.039
2173.87628 18.707 0.031
2190.80798 18.974 0.043
2201.83238 18.818 0.031
2214.81394 18.554 0.036
2224.76955 18.774 0.035
2227.67217 18.862 0.039
2229.68563 18.813 0.046
2241.68986 19.004 0.051
2243.74372 19.048 0.050
2247.82559 18.885 0.039
2248.82818 18.592 0.025
2250.81497 18.728 0.032
2252.67528 18.817 0.042
2257.67301 18.965 0.038
2260.67972 18.543 0.030
2264.68510 18.891 0.039
2271.81926 18.676 0.024
2272.82721 18.928 0.049
2276.77484 18.761 0.036
2277.82814 18.933 0.032
2279.84574 18.888 0.035
2280.81929 18.278 0.030
2282.70891 19.003 0.041
2283.87005 18.732 0.043
2288.77751 18.609 0.042
2290.81480 18.754 0.038
2292.78782 18.756 0.043
2294.76415 18.566 0.045
2296.77979 18.618 0.047
2298.73650 18.915 0.048
2300.74697 18.812 0.049
2302.72365 18.616 0.043
2304.76785 18.888 0.065
2323.59973 18.944 0.035
2327.58515 18.667 0.040
2333.59517 18.476 0.043
2339.57156 18.867 0.039
2345.53263 18.528 0.035
2351.51076 19.009 0.048
2369.50827 18.765 0.043
2385.49396 18.677 0.051
2529.83955 18.660 0.038
2539.84198 18.793 0.047
2545.81155 18.612 0.041
2560.76498 18.958 0.043
2578.79432 18.810 0.042
2590.75492 18.902 0.042
2605.79479 18.715 0.033
2609.76695 18.453 0.036
2618.78021 18.577 0.033
2624.61127 18.586 0.039
2627.70978 18.498 0.040
2629.73273 18.853 0.041
2632.65867 18.583 0.029
2635.70591 18.823 0.032
2638.67689 18.917 0.042
2642.73000 18.767 0.050
2644.73270 18.755 0.039
2646.68693 18.577 0.038
2650.74250 18.520 0.034
2654.76530 18.883 0.049
2656.67072 18.868 0.050
2658.63247 18.820 0.043
2660.65080 18.768 0.040
2662.66174 18.733 0.040
2672.79219 18.966 0.045
2678.73530 18.652 0.038
2682.69211 18.530 0.039
2687.57192 18.644 0.041
2693.53115 18.795 0.035
2696.56788 18.525 0.037
2701.54953 18.531 0.042
2707.55130 18.870 0.045
2714.54340 18.818 0.054
2839.92000 18.734 0.037
2885.86870 18.706 0.030
2892.89721 18.664 0.044
2907.78634 19.030 0.043
2911.82373 18.827 0.029
2916.87415 18.913 0.033
2922.85785 18.703 0.049
2930.85923 18.669 0.032
2934.76126 18.828 0.031
2940.74111 18.653 0.028
2943.74630 18.847 0.040
2947.75495 18.691 0.033
2953.71209 19.058 0.053
2956.73743 18.650 0.029
2965.79932 18.733 0.031
2968.66661 18.763 0.040
2973.79011 18.854 0.031
2980.72261 18.787 0.033
2984.76246 18.771 0.035
2986.84513 18.737 0.042
2988.81550 18.770 0.034
2989.77081 18.821 0.032
2991.66595 18.654 0.029
2993.68638 18.632 0.034
2995.75421 18.673 0.029
2997.73190 18.604 0.031
2999.69608 18.921 0.034
3001.79094 18.668 0.031
3003.76159 18.925 0.040
3005.72343 18.842 0.038
3007.64485 18.719 0.032
3009.64270 18.677 0.032
3011.74228 18.657 0.043
3017.74779 18.779 0.034
3019.67582 18.847 0.038
3021.79439 18.906 0.036
3023.65617 18.809 0.028
3025.62407 18.703 0.029
3027.67345 18.596 0.027
3029.65848 18.518 0.026
3031.72840 18.469 0.028
3033.79204 18.502 0.022
3035.79887 18.916 0.035
3038.77649 18.659 0.035
3041.61700 18.565 0.042
3043.65104 18.565 0.041
3045.71396 18.618 0.036
3047.66771 18.492 0.031
3048.59649 18.727 0.027
3050.61600 18.674 0.027
3052.61720 18.506 0.029
3054.61742 18.615 0.033
3056.60987 18.998 0.040
3058.60386 18.828 0.039
3060.65346 18.833 0.036
3068.53938 18.658 0.042
3070.60029 18.643 0.050
3073.63148 18.511 0.039
3076.54509 18.446 0.043
3078.64050 18.776 0.034
3082.61831 18.654 0.027
3085.51940 18.727 0.042
3087.65759 18.603 0.043
3090.62374 18.798 0.040
3096.53962 18.459 0.040
3099.60940 18.886 0.063
3102.58801 18.529 0.037
3104.57473 19.014 0.049
3107.55843 18.424 0.038
3110.55650 18.715 0.043
3113.53441 19.041 0.061
3128.50692 18.316 0.029
3140.51391 18.773 0.038
3216.87814 18.608 0.044
3241.92107 18.537 0.030
3248.86326 18.615 0.038
3257.89160 18.652 0.026
3264.81294 18.688 0.024
3270.87973 18.514 0.025
3274.76538 18.819 0.049
3277.88741 18.655 0.031
3287.76907 18.688 0.028
3295.72749 18.890 0.027
3297.71946 19.034 0.029
3299.78378 18.786 0.022
3301.78100 18.711 0.044
3304.84134 18.987 0.043
3307.71488 18.455 0.039
3309.74710 18.903 0.035
3311.74507 19.032 0.041
3323.73416 18.564 0.029
3327.76000 18.994 0.039
3338.86601 18.848 0.046
3339.76535 18.532 0.029
3350.69761 19.013 0.032
3354.78126 18.741 0.035
3358.82996 18.755 0.029
3365.76005 18.723 0.033
3372.77645 18.844 0.035
3378.68907 18.632 0.031
3387.68157 18.558 0.043
3391.75682 18.959 0.045
3395.71941 18.794 0.050
3399.72563 18.720 0.038
3403.71297 18.590 0.030
3406.68250 18.714 0.025
3410.63545 18.706 0.027
3415.63265 18.623 0.026
3420.62241 18.769 0.043
3427.59637 18.674 0.036
3433.61897 18.678 0.036
3438.54817 18.702 0.029
3446.50533 18.616 0.034
3455.52866 18.520 0.045
3461.52273 18.601 0.033
3473.48206 18.680 0.039
3658.77679 18.990 0.045
3676.76528 18.881 0.035
3684.82727 18.771 0.028
3687.80168 18.881 0.031
3705.79670 18.750 0.028
3708.78463 18.812 0.038
3717.67492 18.836 0.035
3730.73649 18.761 0.027
3732.72858 18.632 0.023
3741.84328 18.674 0.041
3782.74590 18.516 0.029
3787.60911 18.557 0.028
3800.54182 19.032 0.047
4024.73147 18.675 0.025
4049.66390 18.677 0.029
4056.77013 18.594 0.029
