2166.89225 18.833 0.045
2173.81269 19.103 0.055
2189.88410 19.176 0.079
2192.78709 19.052 0.045
2201.79989 18.665 0.030
2212.83157 19.089 0.063
2217.81638 18.713 0.052
2223.83622 18.765 0.045
2228.85320 19.160 0.059
2230.76674 18.645 0.038
2232.78651 18.953 0.060
2234.78069 19.110 0.051
2238.74437 18.977 0.049
2240.86054 18.730 0.067
2248.75405 18.925 0.044
2251.71599 18.987 0.048
2253.80009 18.838 0.042
2255.67502 18.653 0.039
2261.69529 18.804 0.044
2264.77635 18.959 0.041
2269.80975 18.593 0.041
2271.75714 18.748 0.038
2273.84220 19.010 0.069
2274.62533 18.735 0.059
2276.69820 19.067 0.065
2278.63250 18.954 0.051
2280.63070 18.806 0.044
2282.63927 19.024 0.056
2284.63051 18.606 0.049
2289.77292 19.038 0.059
2291.78101 18.742 0.049
2293.74677 18.984 0.063
2295.76867 19.030 0.048
2297.76198 18.812 0.049
2299.80255 19.114 0.077
2303.69283 18.891 0.079
2321.64288 19.054 0.056
2327.52137 19.052 0.067
2332.55426 18.731 0.060
2333.51831 19.129 0.081
2339.50649 19.063 0.072
2347.50118 18.944 0.062
2402.49504 18.908 0.069
2524.89092 19.021 0.063
2537.89084 19.037 0.076
2542.85382 19.101 0.055
2556.79377 18.976 0.051
2559.84196 19.083 0.062
2563.88722 18.969 0.077
2564.80994 18.674 0.046
2573.81214 18.745 0.052
2578.73633 19.250 0.090
2583.77184 18.601 0.044
2589.81418 18.760 0.039
2596.70245 19.102 0.095
2605.70369 18.712 0.042
2609.69443 19.163 0.073
2614.62929 18.760 0.042
2620.81492 19.059 0.045
2623.78582 19.129 0.053
2627.65087 18.886 0.079
2629.67440 19.110 0.063
2631.69437 18.663 0.055
2634.72217 18.750 0.038
2635.59458 19.107 0.048
2637.79365 18.895 0.052
2639.61953 19.039 0.038
2641.68471 18.568 0.035
2643.69350 18.912 0.048
2645.68323 19.158 0.044
2647.64093 18.585 0.035
2650.85606 19.009 0.051
2653.62253 18.708 0.044
2655.73580 19.117 0.062
2657.58850 19.005 0.058
2659.60350 18.838 0.051
2661.82147 18.597 0.049
2665.84044 19.191 0.083
2668.59044 18.967 0.060
2670.59556 19.221 0.070
2672.58214 18.853 0.056
2674.60353 19.154 0.067
2676.58998 18.583 0.037
2678.65893 18.988 0.051
2680.58846 19.162 0.053
2682.63699 18.764 0.051
2686.63153 18.568 0.048
2695.61388 18.794 0.053
2700.56799 18.994 0.058
2706.58679 19.204 0.093
2713.55186 18.984 0.072
2840.92954 18.540 0.048
2868.86931 18.864 0.052
2885.83428 18.614 0.033
2892.86389 19.240 0.083
2897.83323 18.784 0.056
2903.87901 18.965 0.041
2906.88217 19.026 0.042
2911.76200 19.168 0.051
2916.80605 18.897 0.039
2922.79596 19.030 0.077
2925.88447 19.074 0.067
2930.79710 18.525 0.037
2933.84145 18.703 0.033
2939.84975 18.815 0.051
2942.79937 18.830 0.039
2944.84379 19.115 0.059
2946.84569 18.753 0.044
2948.86215 19.034 0.051
2952.83623 18.845 0.046
2956.67549 19.164 0.055
2958.70219 18.779 0.044
2962.71307 18.561 0.035
2965.73217 18.676 0.034
2967.83170 19.034 0.042
2970.79706 19.040 0.041
2974.73486 18.818 0.038
2976.76957 19.142 0.051
2978.73338 18.660 0.041
2980.68969 18.909 0.046
2982.64912 19.025 0.052
2984.69968 18.769 0.041
2986.77778 19.118 0.062
2988.74706 18.604 0.042
2990.61923 18.748 0.038
2992.76977 19.107 0.045
2994.61602 18.652 0.041
2995.62563 18.994 0.035
2997.63461 18.587 0.030
2999.75431 19.019 0.049
3001.72547 18.604 0.034
3003.69963 18.843 0.041
3005.69041 19.088 0.062
3007.70484 18.620 0.041
3009.70288 19.063 0.055
3011.67221 19.103 0.079
3013.67545 18.739 0.044
3017.68584 18.600 0.044
3019.61342 18.797 0.038
3023.59453 18.607 0.030
3024.79557 18.496 0.028
3026.79189 18.906 0.041
3028.80382 19.106 0.044
3031.66579 19.024 0.042
3033.72975 18.666 0.028
3035.73609 18.962 0.045
3038.71447 19.051 0.055
3041.58263 18.906 0.062
3043.61805 19.160 0.073
3045.65168 18.799 0.049
3047.60577 19.060 0.065
3049.61138 18.587 0.028
3051.57867 18.845 0.041
3053.57379 19.040 0.046
3055.57292 18.659 0.037
3057.59777 19.102 0.056
3060.62026 19.104 0.055
3064.62457 18.951 0.055
3067.68158 19.101 0.059
3070.52990 18.885 0.056
3073.59656 18.988 0.069
3075.64578 18.558 0.039
3078.56588 18.636 0.052
3082.55527 19.006 0.058
3084.63217 18.832 0.042
3087.59386 18.750 0.041
3090.55047 18.760 0.053
3093.55805 18.967 0.081
3099.49243 18.908 0.052
3102.51922 18.986 0.060
3108.53629 19.074 0.058
3112.50665 18.902 0.060
3116.49494 18.783 0.053
3126.50065 18.593 0.038
3144.51599 18.897 0.077
3241.88819 18.748 0.044
3247.92105 18.914 0.056
3256.89960 19.014 0.059
3263.87451 18.899 0.034
3268.89005 18.992 0.049
3273.86534 18.878 0.051
3277.85456 18.615 0.038
3281.84468 19.127 0.044
3287.70623 19.018 0.049
3289.85839 18.974 0.051
3296.86162 18.946 0.044
3301.71263 18.854 0.059
3306.85628 18.759 0.042
3308.87309 18.885 0.060
3311.68342 18.879 0.048
3320.72620 19.145 0.051
3327.69525 18.868 0.042
3338.80191 18.739 0.034
3350.62821 18.779 0.037
3354.63391 18.929 0.046
3358.68738 19.128 0.051
3361.78766 18.587 0.033
3363.74260 18.933 0.051
3367.69641 18.738 0.045
3372.71485 19.057 0.045
3378.62756 18.927 0.053
3387.61389 19.104 0.058
3391.69047 19.067 0.059
3395.68651 18.909 0.055
3399.66259 18.682 0.039
3402.67948 18.847 0.039
3404.61005 19.014 0.049
3408.56067 18.699 0.038
3412.60612 18.672 0.038
3416.58953 19.060 0.049
3424.59259 18.936 0.059
3430.56698 18.885 0.044
3437.50516 18.757 0.042
3445.50987 19.134 0.073
3453.53165 18.833 0.049
3462.50689 19.096 0.067
3582.91346 18.751 0.049
3589.92025 18.841 0.039
3617.90570 18.824 0.046
3629.84537 18.817 0.051
3634.81078 19.117 0.053
3639.86367 18.954 0.037
3641.85457 19.041 0.055
3650.84992 18.655 0.033
3653.87777 18.754 0.035
3657.83102 19.113 0.052
3661.81488 18.920 0.062
3666.81111 18.667 0.042
3671.83949 19.056 0.049
3675.82654 18.820 0.037
3683.84767 19.054 0.044
3687.74041 18.898 0.039
3689.84090 18.744 0.041
3692.76472 18.996 0.055
3694.77967 18.829 0.042
3696.72213 19.003 0.044
3699.72467 19.045 0.042
3701.77579 18.705 0.034
3703.86295 19.096 0.081
3706.81353 19.103 0.051
3711.68721 18.955 0.045
3713.70093 18.901 0.039
3716.80009 19.008 0.044
3719.78099 19.206 0.088
3725.77266 18.998 0.055
3727.74747 18.711 0.034
3730.64276 18.742 0.027
3732.66727 18.986 0.041
3734.76527 18.811 0.033
3736.78162 18.812 0.038
3737.67018 19.095 0.041
3739.76923 18.889 0.034
3742.59217 18.759 0.058
3745.70368 18.922 0.037
3749.61605 18.703 0.058
3751.72018 18.997 0.049
3753.59179 19.042 0.058
3755.62933 18.790 0.046
3757.66221 18.958 0.049
3759.72642 18.758 0.033
3762.71474 18.766 0.041
3765.73329 18.854 0.027
3770.57479 19.001 0.044
3773.58217 19.129 0.055
3776.58122 19.027 0.045
3779.57122 19.057 0.062
3782.62095 18.992 0.046
3787.54580 18.759 0.039
3791.59302 18.714 0.035
3799.51754 18.927 0.072
3821.49549 19.001 0.049
3945.92011 18.779 0.035
3963.91496 18.837 0.063
3969.84684 19.096 0.059
3975.89687 19.173 0.063
3981.82610 19.086 0.067
3995.87651 18.951 0.045
4001.82964 18.934 0.037
4005.80750 18.969 0.044
4007.81156 19.017 0.052
4011.80732 18.887 0.049
4018.80319 18.871 0.045
4023.83533 18.912 0.041
4026.74171 19.185 0.056
4028.87787 19.011 0.045
4031.76558 18.794 0.049
4037.87472 18.959 0.053
4040.84165 19.094 0.058
4042.85735 18.753 0.039
4048.82194 18.833 0.049
4052.66409 19.050 0.044
4053.86171 18.949 0.048
4056.70857 19.118 0.067
4058.64666 19.117 0.060
4063.64070 18.768 0.038
4066.63851 18.818 0.053
4069.70411 18.965 0.045
4071.63272 18.966 0.055
4076.70498 18.812 0.055
4079.71767 18.949 0.053
4083.63459 18.688 0.046
4085.65056 18.955 0.058
4092.81719 18.977 0.042
4112.68870 18.872 0.034
4117.67755 19.097 0.053
4121.65357 19.005 0.059
4124.73641 18.994 0.045
4129.74899 18.665 0.037
4142.60797 19.116 0.062
4150.59641 18.856 0.034
4155.50971 19.002 0.083
4166.53855 18.904 0.067
4196.48804 18.836 0.051
4341.86409 19.106 0.076
4347.81398 18.996 0.056
4351.85945 18.983 0.052
4357.86804 19.025 0.081
4363.79654 18.849 0.069
4366.84711 18.757 0.055
4369.88763 18.801 0.051
4372.79055 18.823 0.042
4376.88095 18.720 0.048
4379.88738 18.723 0.046
4383.89154 19.017 0.083
4386.74852 18.999 0.045
4388.88645 18.860 0.076
4393.75948 18.945 0.046
4398.83573 18.766 0.041
4403.84215 19.017 0.067
4411.77109 18.756 0.037
4411.83279 18.785 0.041
4418.72195 19.027 0.039
4422.81854 18.975 0.041
4429.74978 19.109 0.111
4432.68669 18.925 0.049
4436.72608 18.811 0.048
4439.79182 18.865 0.065
4443.66151 18.840 0.055
4448.81548 19.000 0.048
4451.65571 18.992 0.053
4455.65451 18.823 0.058
4457.71001 19.029 0.055
4460.74011 18.963 0.056
4464.70278 18.966 0.042
4467.69529 18.989 0.039
4471.69699 18.914 0.041
4476.66404 19.039 0.042
4480.66382 18.985 0.058
4484.74281 19.058 0.066
4488.66533 18.812 0.056
4493.66748 18.984 0.058
4498.64612 18.774 0.034
4501.63917 18.731 0.041
4506.57726 18.904 0.060
4508.58727 19.019 0.058
4510.66613 18.841 0.049
4516.61586 19.026 0.090
4519.68229 18.905 0.062
4521.53105 18.953 0.056
4524.51623 19.001 0.090
4530.59565 18.672 0.046
4532.62394 18.952 0.055
4537.58559 19.020 0.056
4540.63289 18.776 0.056
