2124.55281 16.266 0.017
2129.48779 16.058 0.009
2132.50667 15.931 0.008
2136.50692 16.105 0.011
2140.52442 16.292 0.013
2143.50736 16.234 0.012
2166.60936 16.166 0.013
2171.58217 15.813 0.006
2178.53465 16.251 0.015
2192.59246 16.416 0.012
2193.51203 16.304 0.011
2349.88260 16.205 0.010
2356.89601 15.813 0.008
2365.80378 16.130 0.013
2378.91038 16.380 0.013
2385.76904 15.927 0.009
2389.73381 16.416 0.014
2392.69585 16.195 0.018
2396.89483 16.327 0.012
2400.90534 16.285 0.011
2402.79269 16.012 0.009
2404.79190 15.885 0.008
2406.73040 16.428 0.013
2414.69044 16.097 0.011
2416.66935 15.930 0.011
2424.62824 16.307 0.012
2431.88741 16.313 0.014
2433.84083 16.262 0.012
2435.63941 15.741 0.008
2437.87144 16.112 0.013
2440.71920 16.419 0.011
2445.83261 16.417 0.011
2446.86660 16.436 0.014
2458.61571 16.280 0.013
2460.81627 16.129 0.013
2462.80690 16.368 0.012
2463.79033 16.336 0.010
2465.70905 16.204 0.010
2467.69875 16.080 0.009
2469.73885 16.068 0.009
2471.54910 16.332 0.011
2473.71726 15.714 0.008
2484.48826 16.297 0.013
2489.61469 16.460 0.009
2492.56729 16.297 0.010
2494.61482 16.303 0.010
2496.67458 16.297 0.010
2498.71513 16.283 0.012
2500.74028 16.247 0.011
2510.65406 16.313 0.012
2516.60040 16.099 0.011
2519.51518 15.916 0.009
2524.56332 16.307 0.013
2528.59486 16.310 0.012
2539.51186 16.381 0.012
2544.55081 16.293 0.012
2549.50196 16.009 0.013
2560.51153 16.302 0.016
2568.51617 15.975 0.012
2710.87762 16.329 0.011
2725.87294 16.402 0.011
2731.81235 16.164 0.010
2735.90479 16.102 0.010
2747.87334 16.261 0.015
2754.88869 16.003 0.009
2758.80579 16.311 0.015
2764.85700 16.307 0.011
2769.75795 15.840 0.006
2783.64734 15.832 0.008
2785.66303 15.771 0.008
2787.72033 15.802 0.009
2789.83716 15.871 0.008
2791.82674 15.997 0.009
2793.87333 16.203 0.012
2795.80003 16.325 0.010
2797.78738 16.264 0.010
2809.57950 16.210 0.011
2811.56872 16.055 0.013
2812.78371 16.321 0.012
2814.66265 16.115 0.009
2815.82588 16.315 0.011
2817.56037 16.034 0.010
2818.83615 16.223 0.011
2820.57175 16.329 0.013
2826.54629 16.171 0.010
2834.58286 15.725 0.010
2836.50527 16.293 0.012
2838.51354 16.299 0.012
2839.50203 16.307 0.010
2841.54000 16.272 0.011
2844.52175 16.103 0.010
2847.56564 16.022 0.014
2850.74769 16.187 0.011
2852.74225 16.084 0.010
2855.54179 16.275 0.013
2857.63453 16.332 0.011
2860.52337 16.149 0.014
2866.50379 15.732 0.009
2869.55414 16.038 0.010
2874.58134 16.308 0.012
2875.54089 16.281 0.011
2875.56527 16.304 0.012
2876.58131 16.304 0.011
2876.64827 16.336 0.011
2877.50938 16.128 0.011
2877.54114 16.232 0.011
2877.59159 16.294 0.011
2877.64482 16.330 0.012
2877.65660 16.328 0.012
2878.47215 16.063 0.011
2878.47460 16.083 0.010
2878.47886 16.082 0.010
2878.48590 16.069 0.010
2878.56616 16.228 0.010
2878.58419 16.240 0.009
2878.62379 16.306 0.010
2878.65028 16.306 0.011
2878.67416 16.339 0.012
2879.49163 16.046 0.010
2879.51661 16.041 0.011
2879.52227 16.092 0.010
2879.54732 16.160 0.011
2879.58667 16.209 0.012
2879.63234 16.269 0.011
2879.67736 16.368 0.015
2880.67784 16.318 0.008
2880.69030 16.281 0.011
2880.70646 16.314 0.013
2881.64873 16.224 0.008
2881.68890 16.254 0.009
2882.49089 15.821 0.009
2882.59800 16.067 0.009
2883.48568 15.714 0.008
2883.56939 15.981 0.008
2884.48476 15.992 0.011
2884.65746 16.068 0.011
2885.47863 16.309 0.016
2885.57339 15.804 0.010
2886.48194 16.345 0.017
2886.60170 15.822 0.012
2888.48945 16.271 0.027
2888.61177 15.895 0.015
2889.54597 16.322 0.014
2890.64214 16.400 0.019
2892.49225 16.235 0.014
2892.65000 16.377 0.017
2893.53234 16.296 0.011
2893.61565 16.329 0.011
2894.52077 16.213 0.011
2895.51471 16.141 0.011
2896.52945 16.132 0.010
2897.63126 16.267 0.014
2898.48777 15.920 0.011
2898.63292 16.214 0.013
2899.64177 16.175 0.010
2900.49585 15.786 0.010
2900.65128 16.157 0.012
2902.49931 16.015 0.013
2903.48443 16.409 0.014
2904.51896 16.413 0.017
2905.48132 16.307 0.015
2906.48540 16.289 0.014
2906.57689 16.455 0.014
2907.49228 16.258 0.014
2909.48770 16.241 0.013
2910.47830 16.185 0.019
2911.49550 16.188 0.013
2912.48034 16.093 0.013
2912.52507 16.191 0.011
2916.48805 15.914 0.010
2917.51166 15.908 0.010
2917.57986 16.068 0.011
2918.50318 15.774 0.010
2918.55233 15.965 0.011
2920.51401 16.083 0.011
2921.50227 16.385 0.016
2921.58960 15.775 0.011
2922.50931 16.384 0.015
2922.57653 16.020 0.012
2923.51838 16.328 0.012
2924.51464 16.334 0.011
2924.58441 16.477 0.015
2925.51069 16.303 0.013
2925.56735 16.334 0.013
2926.54098 16.316 0.012
2927.50771 16.297 0.013
2928.51943 16.271 0.012
2928.57068 16.314 0.016
2929.51637 16.160 0.015
2930.51357 16.171 0.012
2931.51361 16.112 0.010
2932.53013 16.106 0.009
2933.55876 16.086 0.011
2934.51980 15.975 0.012
2935.51880 15.851 0.011
2939.52452 16.375 0.016
2942.51763 16.342 0.013
2947.49557 16.175 0.020
2953.50234 15.774 0.011
3041.87271 16.316 0.013
3054.85386 16.395 0.012
3057.84188 16.341 0.011
3060.87257 16.324 0.011
3066.86616 16.066 0.009
3069.81872 15.822 0.008
3071.82443 16.465 0.014
3074.77380 16.318 0.013
3076.85105 16.322 0.013
3080.86059 16.226 0.010
3083.81661 15.996 0.009
3085.76113 16.039 0.010
3087.72671 16.317 0.012
3088.90686 15.829 0.007
3090.85757 16.424 0.012
3092.78086 16.305 0.012
3097.74795 16.029 0.010
3098.70926 15.913 0.010
3100.74458 15.807 0.009
3102.73714 16.317 0.011
3107.70125 16.309 0.011
3108.70906 16.319 0.010
3110.67242 16.102 0.012
3112.67526 16.056 0.010
3113.71339 16.076 0.008
3115.69719 15.845 0.010
3116.75748 15.993 0.010
3122.72699 16.312 0.013
3124.90348 15.798 0.009
3126.64249 16.157 0.011
3127.64324 16.120 0.011
3128.66293 16.112 0.010
3129.63514 15.995 0.011
3130.63869 15.953 0.011
3134.61141 16.417 0.015
3135.67775 16.361 0.013
3137.78290 15.737 0.008
3139.66893 16.324 0.011
3140.63700 16.295 0.012
3141.72303 16.335 0.011
3142.62383 16.197 0.010
3144.62560 16.102 0.011
3145.70461 16.146 0.012
3147.79500 16.238 0.010
3151.59335 16.453 0.016
3152.60235 16.405 0.012
3153.60219 16.394 0.013
3154.68015 16.463 0.014
3156.58450 16.320 0.014
3158.60684 16.278 0.014
3162.64604 16.142 0.010
3163.55719 15.881 0.009
3164.55785 15.808 0.008
3165.55744 15.974 0.009
3166.76383 16.101 0.011
3167.77815 16.070 0.010
3168.59327 16.480 0.011
3169.56335 16.377 0.011
3170.66260 16.470 0.011
3171.55679 16.345 0.010
3172.56224 16.342 0.011
3174.55764 16.261 0.010
3174.87674 15.854 0.009
3175.55136 16.213 0.010
3176.58482 16.206 0.011
3178.62055 16.187 0.010
3179.64486 16.163 0.009
3180.51960 15.804 0.008
3182.53910 16.036 0.012
3183.52650 16.511 0.014
3184.53056 16.426 0.011
3185.55885 16.404 0.011
3191.83618 15.748 0.008
3193.70782 16.298 0.012
3194.73399 16.308 0.013
3195.49147 15.905 0.009
3196.46393 15.775 0.012
3197.68957 16.154 0.010
3199.52590 16.059 0.011
3202.46779 16.380 0.013
3203.50703 16.371 0.010
3204.78465 15.997 0.009
3205.49855 16.296 0.010
3206.47115 16.242 0.011
3207.51039 16.246 0.013
3210.52736 16.141 0.009
3211.49781 16.038 0.009
3217.50333 16.520 0.012
3218.49716 16.407 0.013
3219.56101 16.420 0.017
3224.61889 16.380 0.011
3228.53737 16.133 0.010
3230.51030 15.988 0.009
3232.52800 15.808 0.009
3239.58905 16.381 0.010
3239.61614 16.431 0.012
3240.64426 16.432 0.014
3244.60557 16.182 0.012
3245.62129 16.278 0.012
3246.50751 16.044 0.011
3247.57109 16.103 0.010
3248.61626 16.164 0.011
3250.49996 15.914 0.009
3251.62859 15.992 0.009
3254.50078 16.290 0.013
3257.63632 16.457 0.011
3266.51264 15.865 0.011
3268.58223 15.934 0.008
3270.53017 16.461 0.020
3271.53052 16.429 0.015
3275.61143 16.365 0.014
3279.50832 16.117 0.009
3283.55826 16.066 0.008
3291.51576 16.440 0.015
3431.85742 16.145 0.009
3438.85547 16.455 0.012
3443.91230 16.405 0.012
3446.80954 16.186 0.009
3448.84694 16.152 0.009
3450.84082 16.018 0.008
3453.91245 15.940 0.008
3456.80041 16.403 0.011
3468.77114 15.852 0.008
3470.74398 16.469 0.010
3473.72498 16.337 0.011
3475.74528 16.335 0.010
3478.72830 16.195 0.009
3480.77417 16.156 0.008
3483.84316 16.096 0.009
3496.65754 15.979 0.010
3497.84727 16.282 0.010
3499.66477 15.788 0.007
3501.63988 16.457 0.014
3502.81763 15.937 0.008
3503.62168 16.408 0.011
3504.63859 16.355 0.013
3508.77340 16.351 0.012
3509.86547 16.418 0.010
3510.85275 16.380 0.010
3511.88392 16.386 0.010
3512.61416 15.980 0.010
3517.64682 16.310 0.014
3520.89335 16.103 0.011
3521.85710 15.926 0.008
3522.59550 16.347 0.010
3523.61397 16.328 0.010
3524.58953 16.189 0.010
3525.57871 16.147 0.010
3527.60439 16.103 0.009
3528.90648 16.440 0.012
3530.69736 16.114 0.008
3538.56000 16.303 0.012
3539.56949 16.307 0.011
3547.51077 16.138 0.011
3550.68088 15.937 0.007
3551.70949 15.923 0.006
3552.74065 15.936 0.006
3553.59629 16.344 0.014
3554.54540 16.369 0.012
3556.56048 16.307 0.013
3558.69098 16.423 0.010
3559.79083 16.442 0.009
3560.83737 16.477 0.013
3561.73255 16.341 0.009
3562.73846 16.398 0.010
3563.49201 15.791 0.007
3573.47929 16.150 0.013
3574.53710 16.293 0.012
3575.48400 16.129 0.009
3576.48491 16.016 0.009
3577.54087 16.133 0.008
3578.51338 16.023 0.008
3579.47250 15.823 0.007
3580.48341 15.788 0.007
3581.51792 15.786 0.007
3582.47181 16.467 0.012
3583.51640 16.543 0.012
3584.50253 16.454 0.012
3585.49321 16.400 0.010
3586.51333 16.375 0.010
3587.60722 16.519 0.012
3588.52962 16.353 0.010
3589.50254 16.372 0.009
3590.48279 16.261 0.009
3591.50476 16.265 0.009
3592.49069 16.117 0.009
3593.55470 16.264 0.009
3594.51495 16.082 0.009
3600.48071 16.453 0.013
3601.59676 15.805 0.007
3602.47621 16.371 0.013
3603.47312 16.388 0.012
3604.53002 16.380 0.010
3606.48080 16.306 0.012
3607.47732 16.235 0.009
3608.48039 16.138 0.011
3617.58632 15.856 0.008
3621.53110 16.427 0.012
3630.60475 16.160 0.012
3632.55273 15.977 0.009
3635.50456 16.470 0.011
3640.54865 16.359 0.012
3644.55220 16.284 0.010
3650.51864 15.811 0.008
3653.48975 16.404 0.021
3773.85411 16.319 0.014
3779.86109 16.161 0.011
