 457.76599 18.881 0.025
 458.75038 18.783 0.029
 459.70314 18.365 0.018
 461.71807 18.931 0.023
 461.84064 18.981 0.033
 462.55046 18.560 0.022
 465.84581 18.559 0.023
 466.70463 18.930 0.032
 467.81250 18.998 0.029
 468.71891 18.691 0.023
 469.72644 18.590 0.030
 470.78679 18.473 0.030
 471.83877 18.664 0.043
 472.76363 18.777 0.030
 473.67546 18.673 0.036
 474.75588 18.568 0.027
 475.64867 18.970 0.038
 476.80088 18.716 0.043
 477.78554 18.935 0.032
 478.59283 18.579 0.021
 479.79125 18.684 0.030
 480.62790 19.073 0.033
 481.61302 18.924 0.028
 482.77399 18.896 0.032
 483.56176 18.548 0.025
 484.55959 18.516 0.024
 485.56418 18.950 0.028
 487.58337 18.801 0.023
 488.54798 18.649 0.043
 488.68634 18.836 0.027
 489.63827 18.547 0.018
 490.60872 19.023 0.024
 491.56687 18.979 0.031
 492.55118 18.826 0.031
 492.62561 18.961 0.034
 493.55423 18.668 0.021
 494.54905 18.378 0.021
 495.55139 19.029 0.038
 496.54690 18.999 0.038
 496.76298 18.431 0.030
 498.54563 18.656 0.025
 499.54112 18.489 0.022
 500.53233 19.062 0.042
 501.53288 18.955 0.037
 507.65043 18.839 0.040
 508.53659 18.717 0.045
 508.60331 18.831 0.039
 510.54127 18.539 0.026
 511.65084 18.562 0.026
 512.68818 19.053 0.036
 513.68011 18.844 0.024
 514.55325 18.581 0.021
 515.54492 18.457 0.021
 516.54842 18.991 0.042
 517.54991 18.942 0.039
 518.58870 18.917 0.031
 519.53934 18.669 0.021
 521.54021 19.134 0.050
 523.55211 18.872 0.035
 524.53103 18.633 0.029
 526.53448 19.104 0.044
 526.63554 18.453 0.024
 527.53182 18.928 0.030
 530.61980 18.755 0.048
 531.54669 18.617 0.033
 532.53216 18.966 0.044
 533.53565 18.963 0.041
 534.54294 18.791 0.034
 535.65747 18.775 0.035
 552.64078 18.482 0.023
 553.49649 18.931 0.043
 554.55531 19.008 0.060
 561.55575 18.623 0.036
 566.49131 18.625 0.033
 567.49211 18.396 0.026
 569.48654 18.910 0.049
 571.54076 18.668 0.034
 572.49699 18.407 0.036
 573.50457 19.084 0.063
 574.53329 18.909 0.039
 575.51667 18.924 0.059
 577.47090 18.412 0.035
 578.48396 19.057 0.046
 583.46905 19.053 0.051
 673.85894 18.782 0.025
 689.84511 18.636 0.030
 699.83223 18.708 0.043
 701.87709 18.438 0.032
 704.82099 18.829 0.054
 706.82493 18.388 0.038
 712.89672 18.458 0.029
 715.86212 18.748 0.032
 726.88216 18.701 0.028
 728.84629 19.022 0.039
 729.82865 18.947 0.044
 733.88096 18.840 0.052
 742.82144 18.560 0.034
 745.75295 18.780 0.028
 747.80969 18.530 0.025
 748.76448 19.154 0.046
 750.85733 18.914 0.043
 751.74988 18.656 0.037
 755.70838 18.652 0.043
 759.77767 19.005 0.033
 760.82984 18.917 0.039
 763.82581 18.505 0.036
 771.84528 18.882 0.043
 775.83727 18.982 0.038
 778.80376 18.589 0.043
 780.83460 19.053 0.046
 787.84231 18.881 0.038
 792.77630 18.761 0.037
 796.79221 18.911 0.046
 798.80946 18.826 0.043
 816.81789 18.590 0.030
 817.80733 18.915 0.043
 822.76547 19.057 0.038
 826.63369 18.964 0.045
 827.74439 18.968 0.039
 830.82455 18.596 0.043
 831.66984 19.014 0.054
 832.80079 19.063 0.046
 833.70223 18.847 0.027
 834.79327 18.878 0.062
 837.79919 19.079 0.035
 839.62495 18.631 0.033
 841.80821 18.529 0.030
 843.73128 18.924 0.033
 844.68039 18.698 0.037
 850.70119 18.633 0.041
 854.72324 18.729 0.046
 855.76972 18.889 0.084
 856.71480 18.549 0.046
 860.72590 18.702 0.044
 874.73388 19.042 0.041
 876.65018 18.486 0.027
 879.61003 18.927 0.044
 881.54200 18.350 0.030
 887.62419 18.437 0.035
 892.58911 18.439 0.029
 895.56981 18.749 0.042
 895.58642 18.897 0.043
 900.53877 18.824 0.043
 920.53990 18.903 0.053
 925.49210 18.844 0.068
 933.50623 18.421 0.031
 951.51921 18.972 0.039
1040.91255 18.691 0.035
1051.90840 18.631 0.037
1065.86896 18.901 0.047
1068.83103 19.055 0.054
1069.82149 18.877 0.032
1071.83865 18.611 0.036
1077.87806 18.558 0.023
1079.78582 18.850 0.038
1083.79951 19.019 0.055
1088.86423 18.416 0.032
1093.86090 18.473 0.027
1102.83889 18.660 0.022
1107.82177 18.823 0.040
1113.83559 18.651 0.029
1119.76840 18.975 0.047
1126.73987 18.904 0.045
1130.70598 18.936 0.048
1132.71453 18.791 0.033
1136.83379 18.968 0.033
1142.72578 18.842 0.028
1151.82092 19.083 0.043
1154.82946 18.794 0.042
1157.78102 18.945 0.056
1161.77903 19.050 0.032
1163.75058 18.833 0.039
1166.78704 18.535 0.038
1170.83503 18.776 0.037
1174.81765 18.753 0.029
1178.73468 18.843 0.040
1181.70125 18.611 0.037
1185.78383 18.695 0.029
1187.73577 19.078 0.051
1189.80024 18.927 0.038
1192.71982 19.052 0.038
1202.65772 18.990 0.042
1204.76309 18.963 0.040
1207.65650 19.066 0.050
1211.73697 18.701 0.042
1214.75344 18.959 0.048
1217.71457 18.480 0.027
1219.69926 18.890 0.041
1223.60673 18.986 0.043
1226.70166 18.773 0.039
1230.65005 18.889 0.038
1234.57646 18.960 0.046
1238.58001 18.972 0.059
1239.71268 19.114 0.067
1241.68928 18.880 0.051
1243.54714 19.027 0.052
1245.51573 18.758 0.048
1248.52408 18.938 0.055
1253.59491 18.475 0.034
1256.57419 18.777 0.039
1259.62525 19.064 0.044
1261.57027 18.831 0.037
1265.58794 18.961 0.048
1268.57285 18.394 0.035
1276.52628 18.819 0.040
1279.52079 18.963 0.052
1288.55432 18.597 0.036
1291.58536 19.008 0.041
1296.55874 18.996 0.056
1300.50508 19.087 0.074
1305.47953 19.036 0.055
1308.51428 18.709 0.037
1313.48980 18.800 0.048
1317.51741 18.869 0.047
1320.47936 18.597 0.038
1330.48209 18.408 0.044
1333.48687 18.844 0.059
1336.46541 19.264 0.106
1397.91083 18.421 0.033
1412.88845 18.518 0.035
1431.80336 18.729 0.030
1432.88871 18.692 0.040
1435.84874 19.013 0.049
1437.84157 18.665 0.033
1440.88020 18.967 0.054
1443.87812 18.571 0.033
1447.80124 18.705 0.053
1449.84294 18.575 0.051
1454.75711 19.054 0.057
1458.79475 18.562 0.035
1459.86211 18.464 0.031
1462.73333 18.675 0.033
1470.81433 19.014 0.038
1475.81306 19.001 0.046
1477.69992 18.690 0.040
1479.74014 18.389 0.029
1484.75556 18.483 0.033
1487.79718 18.955 0.043
1491.71164 18.970 0.050
1493.82093 18.814 0.037
1496.60675 18.910 0.054
1498.74928 18.831 0.041
1501.83336 18.453 0.023
1503.72812 18.821 0.048
1505.83472 18.600 0.038
1507.78185 18.950 0.054
1511.65456 18.915 0.039
1514.70163 18.658 0.043
1517.69116 18.948 0.036
1519.69354 18.761 0.034
1521.71622 18.525 0.026
1522.69383 18.948 0.045
1523.75026 18.940 0.088
1525.72691 18.618 0.028
1527.81407 18.375 0.023
1528.71651 18.948 0.035
1531.73416 18.489 0.029
1538.69085 18.949 0.041
1541.64695 18.391 0.020
1542.74685 18.431 0.025
1544.70365 18.834 0.031
1547.72971 18.382 0.021
1548.70712 19.041 0.035
1549.77246 18.963 0.033
1551.73632 18.704 0.028
1552.66958 18.714 0.032
1554.76256 18.837 0.029
1555.69936 18.841 0.038
1556.67003 18.655 0.031
1562.70238 18.509 0.034
1564.58101 18.848 0.052
1564.67706 18.869 0.047
1567.63449 18.412 0.025
1570.73192 18.863 0.037
1574.72756 19.051 0.035
1576.62730 18.727 0.041
1578.72888 18.436 0.034
1581.64277 18.783 0.032
1584.62128 19.022 0.047
1587.60911 18.532 0.027
1590.61621 18.982 0.040
1595.68884 19.008 0.058
1599.70020 18.421 0.032
1600.67472 18.967 0.067
1604.52537 18.889 0.049
1606.53913 18.788 0.038
1609.55837 19.006 0.054
1610.60261 18.990 0.045
1611.63405 18.893 0.040
1612.52841 18.572 0.028
1613.61982 18.619 0.035
1614.52066 19.014 0.039
1615.52557 18.874 0.035
1616.53995 18.781 0.032
1617.52493 18.570 0.028
1618.53159 18.507 0.034
1619.58070 18.528 0.038
1620.60175 19.151 0.066
1621.51988 18.926 0.052
1622.58729 18.822 0.044
1623.54220 18.528 0.036
1624.54985 18.514 0.037
1625.56180 18.988 0.057
1626.65430 19.003 0.043
1627.56944 18.813 0.054
1628.50838 18.457 0.034
1630.53526 19.074 0.074
1631.53295 18.854 0.038
1632.57822 18.811 0.041
1633.52377 18.666 0.037
1634.56339 18.489 0.028
1635.53165 19.038 0.049
1643.55242 18.744 0.050
1644.58207 18.637 0.043
1653.58894 18.758 0.052
1656.56953 18.939 0.060
1658.54699 18.889 0.047
1660.57223 18.554 0.054
1663.50248 18.792 0.038
1665.51864 18.365 0.038
1671.51454 18.835 0.054
1676.50905 18.726 0.056
1684.50902 18.748 0.093
1694.51059 18.975 0.072
1766.90353 18.773 0.056
1768.89095 18.456 0.035
1782.87817 18.851 0.045
1789.82411 19.004 0.031
1804.77349 18.572 0.037
1809.83548 18.571 0.023
1812.85830 18.915 0.036
1814.87346 18.667 0.029
1817.87534 18.852 0.030
1822.81914 18.909 0.036
1828.88338 18.906 0.051
1829.85497 18.729 0.043
1843.83480 19.015 0.043
1847.86384 18.875 0.032
1850.81464 18.656 0.034
1855.81731 18.693 0.032
1860.79055 18.674 0.038
1863.76410 18.937 0.043
1865.81893 18.772 0.030
1867.78766 18.769 0.032
1869.76112 18.990 0.043
1872.75979 18.867 0.035
2167.84210 19.018 0.066
2173.84945 18.863 0.046
2190.78721 18.651 0.041
2192.82172 19.196 0.067
2214.78907 18.773 0.054
2224.74585 18.934 0.049
2226.84999 18.781 0.070
2229.66192 18.984 0.062
2230.80065 18.890 0.060
2232.82048 18.684 0.048
2234.81490 19.051 0.051
2239.59986 18.871 0.068
2241.66140 18.704 0.058
2243.71999 18.538 0.043
2248.79660 18.509 0.033
2250.84628 19.107 0.059
2252.65163 18.517 0.036
2254.64255 18.897 0.053
2257.64643 18.510 0.032
2261.76077 19.002 0.049
2264.75109 18.303 0.029
2266.64408 18.899 0.060
2270.64019 18.956 0.054
2271.79100 18.957 0.044
2273.72748 18.726 0.051
2275.82790 18.407 0.039
2277.64954 18.720 0.037
2279.82189 18.732 0.049
2281.80872 19.070 0.054
2283.84294 18.852 0.042
2288.74907 18.836 0.043
2290.78746 18.504 0.035
2292.76398 18.936 0.072
2294.73902 18.686 0.070
2296.74943 18.991 0.081
2298.76883 18.915 0.063
2300.72186 18.418 0.050
2302.69966 18.902 0.066
2321.67232 18.597 0.046
2327.55888 18.943 0.060
2333.56807 18.861 0.074
2339.54453 18.744 0.071
2395.51674 18.742 0.070
2526.90888 18.610 0.040
2542.88757 18.447 0.036
2552.83892 18.502 0.043
2556.83044 18.788 0.050
2559.88101 18.995 0.064
2564.84693 19.001 0.066
2573.84610 18.447 0.041
2578.77042 18.247 0.037
2583.82488 18.576 0.049
2589.85777 18.468 0.038
2596.74113 18.943 0.073
2605.74414 19.101 0.058
2609.74038 18.428 0.053
2614.70651 18.286 0.035
2618.73078 18.738 0.051
2621.64019 18.888 0.043
2623.82197 18.941 0.054
2627.68528 18.902 0.073
2629.70831 18.616 0.056
2634.76299 18.741 0.046
2635.68212 18.509 0.033
2638.65320 18.863 0.048
2639.65332 18.549 0.029
2641.72112 18.960 0.057
2643.72981 18.881 0.057
2645.71734 18.475 0.034
2647.67514 19.116 0.070
2650.83682 18.747 0.043
2652.73791 19.174 0.083
2654.67274 18.805 0.063
2656.64568 19.113 0.079
2658.60869 18.934 0.077
2660.62612 18.543 0.042
2662.60897 18.888 0.056
2664.61653 18.773 0.048
2666.67473 18.435 0.028
2668.66349 19.011 0.085
2670.62961 18.627 0.053
2672.73889 18.479 0.040
2674.63727 18.803 0.054
2676.62384 18.492 0.038
2678.71152 19.250 0.081
2680.62219 18.683 0.049
2682.67330 18.456 0.048
2687.54583 19.016 0.095
2696.53896 18.417 0.048
2701.52111 18.544 0.051
2707.51852 18.722 0.062
2714.51745 18.889 0.093
2840.90657 18.703 0.062
2867.91898 18.400 0.036
2888.91302 18.422 0.032
2894.84807 19.093 0.066
2899.84965 19.061 0.059
2905.83865 18.923 0.074
2908.89970 18.563 0.044
2911.79798 18.882 0.044
2916.84818 18.961 0.045
2922.83204 18.839 0.064
2926.75945 18.951 0.052
2930.83318 19.058 0.057
2933.87759 18.818 0.054
2940.71514 19.024 0.057
2947.72904 18.819 0.054
2949.81919 18.644 0.043
2953.68594 18.624 0.050
2956.71174 18.888 0.052
2958.73804 18.754 0.051
2962.74989 18.979 0.053
2965.76931 18.420 0.028
2968.71288 18.823 0.044
2973.85293 18.972 0.053
2975.84208 18.740 0.049
2976.83737 18.560 0.043
2978.85698 18.997 0.076
2982.68907 18.969 0.061
2984.73662 18.772 0.047
2986.81922 18.577 0.047
2988.78381 18.894 0.047
2989.80697 18.855 0.055
2991.64013 18.958 0.064
2993.62755 18.916 0.045
2995.72784 18.663 0.035
2997.70612 19.002 0.054
2999.72874 18.925 0.054
3001.76499 18.646 0.040
3003.73565 18.937 0.046
3005.64092 18.646 0.047
3007.67400 19.122 0.071
3009.74028 18.967 0.062
3011.71598 18.613 0.053
3013.72044 19.041 0.065
3017.72191 18.499 0.038
3019.64987 18.981 0.062
3021.76865 18.815 0.042
3023.63044 18.950 0.043
3024.83157 18.673 0.047
3026.82826 18.884 0.036
3029.63259 18.883 0.043
3031.70257 18.812 0.042
3033.76606 18.446 0.029
3035.77311 18.997 0.047
3038.75060 18.498 0.045
3040.72125 19.069 0.080
3044.59906 19.017 0.065
3045.68806 18.945 0.065
3047.64177 18.551 0.042
3049.64749 19.026 0.043
3051.61569 18.835 0.054
3055.60914 18.782 0.050
3057.63462 18.773 0.044
3059.57848 18.952 0.043
3061.57152 18.779 0.061
3068.51288 18.602 0.051
3070.56855 19.041 0.066
3073.56925 18.490 0.054
3075.68223 19.069 0.083
3078.61422 18.690 0.049
3082.59175 18.797 0.048
3084.66878 18.619 0.035
3087.63148 18.825 0.065
3090.59487 18.828 0.058
3099.58291 18.527 0.054
3102.56167 18.984 0.075
3105.59440 18.374 0.043
3108.57235 18.776 0.053
3112.54964 18.866 0.057
3116.53102 19.022 0.069
3127.49841 18.962 0.050
3140.48705 18.608 0.051
3223.88727 18.355 0.043
3241.87350 18.883 0.069
3248.83692 18.549 0.054
3257.86477 18.868 0.047
3263.91076 18.878 0.056
3270.85373 18.535 0.039
3273.90175 18.852 0.077
3277.83778 18.939 0.056
3281.88153 18.885 0.041
3287.74260 18.859 0.040
3295.69485 18.839 0.035
3297.69338 18.997 0.049
3299.75787 18.720 0.032
3301.75536 18.985 0.073
3304.81127 18.875 0.054
3309.72150 18.639 0.038
3311.71936 18.993 0.053
3320.76215 18.555 0.032
3323.69696 18.830 0.051
3327.73371 19.144 0.055
3330.69256 18.725 0.055
3334.79180 18.796 0.068
3338.83828 18.443 0.033
3340.85336 18.887 0.058
3354.71821 18.979 0.046
3358.79979 18.471 0.025
3361.83197 18.940 0.045
3365.73437 18.909 0.054
3372.75069 18.712 0.034
3378.66340 18.425 0.032
3391.73111 19.029 0.064
3394.74267 18.481 0.038
3396.62266 18.885 0.053
3399.69990 18.514 0.040
3403.68717 18.630 0.045
3408.59659 18.633 0.036
3412.64180 18.890 0.069
3417.56923 18.856 0.054
3425.57748 19.079 0.083
3431.53918 18.860 0.046
3437.54096 18.888 0.048
3445.56090 18.478 0.034
3460.49461 18.569 0.039
3583.93144 18.811 0.054
3593.92968 18.842 0.058
3601.86664 19.079 0.071
3618.90071 18.985 0.047
3629.88196 18.817 0.044
3634.84854 18.802 0.043
3639.84187 18.859 0.037
3644.79665 18.872 0.041
3650.88549 18.764 0.039
3654.78641 18.828 0.040
3657.86697 18.497 0.032
3660.80143 18.784 0.055
3664.83652 18.941 0.043
3668.79446 19.050 0.066
3672.78267 18.457 0.033
3675.86234 18.974 0.043
3684.77048 18.974 0.042
3687.77612 18.609 0.038
3690.69598 18.777 0.064
3693.72995 18.758 0.043
3695.75148 18.874 0.043
3698.74425 18.518 0.039
3700.77308 18.935 0.044
3702.86072 18.871 0.046
3705.76750 19.030 0.044
3708.72607 18.344 0.037
3712.71295 18.702 0.041
3714.72330 19.033 0.049
3717.63939 18.582 0.034
3719.81657 18.446 0.039
3725.81046 18.582 0.058
3727.78288 18.907 0.049
3730.67829 18.961 0.038
3732.70303 18.823 0.034
3734.80107 18.671 0.039
3736.81733 18.963 0.049
3737.70570 18.835 0.041
3739.80479 18.739 0.034
3742.69068 18.823 0.054
3745.76633 18.451 0.032
3749.66076 18.477 0.049
3750.74573 18.462 0.037
3752.75643 19.067 0.062
3754.77416 18.750 0.044
3756.59767 19.007 0.050
3758.77055 18.988 0.075
3761.78296 18.376 0.028
3764.73741 18.819 0.043
3767.59723 18.905 0.051
3770.61494 18.485 0.032
3773.61777 18.795 0.052
3776.61720 19.136 0.060
3779.60676 18.702 0.061
3782.65747 19.028 0.053
3787.58245 19.042 0.049
3792.53421 18.839 0.064
3809.52346 18.701 0.068
3822.50926 19.038 0.078
3946.90560 19.034 0.068
3964.86237 18.803 0.040
3969.88648 18.886 0.052
3981.86125 18.522 0.044
3989.88827 19.033 0.059
4001.86497 18.689 0.034
4005.84259 18.922 0.039
4007.84679 18.528 0.035
4011.84705 18.821 0.048
4018.83862 18.438 0.030
4023.87075 18.612 0.042
4026.77922 18.714 0.031
4029.72048 19.150 0.099
4031.80082 18.830 0.038
4038.70991 18.542 0.034
4041.67106 18.749 0.051
4043.67543 18.682 0.053
4048.85704 18.912 0.063
4052.69997 18.703 0.037
4054.68692 19.018 0.064
4056.74396 18.898 0.059
4058.77708 18.679 0.032
4063.67583 18.441 0.030
4066.73310 18.900 0.043
4068.82062 18.880 0.040
4070.66307 18.973 0.052
4073.82244 19.018 0.062
4076.79057 19.055 0.075
4079.75295 18.666 0.045
4083.66974 18.767 0.057
4085.73526 18.381 0.034
4092.85371 18.926 0.051
4105.68915 18.517 0.038
4109.76230 18.852 0.037
4113.71803 18.989 0.041
4120.74843 18.736 0.042
4122.70488 18.950 0.041
4125.75611 18.830 0.049
4131.60945 18.450 0.027
4142.64609 18.501 0.046
4156.53278 18.496 0.036
4166.57400 18.623 0.054
4196.52349 18.833 0.072
4340.88883 18.822 0.045
4341.89938 18.734 0.057
4343.81836 19.053 0.076
4344.87322 19.002 0.063
4345.91179 18.898 0.068
4346.84073 18.770 0.069
4347.84928 18.564 0.043
4348.84243 18.690 0.043
4349.84267 18.838 0.062
4350.92002 18.995 0.094
4353.90325 18.491 0.041
4354.88699 19.140 0.081
4357.89321 18.835 0.073
4358.89322 18.518 0.042
4361.85470 18.876 0.080
4362.80921 18.594 0.051
4363.87230 18.519 0.052
4366.83629 18.755 0.066
4367.77387 18.589 0.056
4368.88753 18.695 0.068
4369.80950 19.134 0.102
4370.81063 18.921 0.067
4371.85578 18.801 0.045
4373.78127 18.459 0.034
4377.79163 18.749 0.054
4380.80812 18.935 0.055
4386.78375 18.988 0.062
4390.74574 18.891 0.055
4393.85983 18.737 0.048
4398.87111 18.839 0.058
4403.87805 18.999 0.151
4411.86956 18.584 0.059
4418.79071 18.849 0.042
4422.85678 19.166 0.068
4426.73512 19.108 0.081
4429.84110 18.868 0.083
4432.72195 18.990 0.052
4436.76134 18.375 0.035
4439.82691 18.838 0.066
4440.86315 18.881 0.162
4441.65288 19.027 0.064
4442.67487 18.896 0.066
4443.65039 18.733 0.063
4444.82951 18.815 0.071
4448.69507 18.832 0.057
4449.74257 18.791 0.046
4450.70540 18.635 0.055
4451.64044 18.936 0.055
4451.78230 18.546 0.039
4452.85345 18.445 0.041
4453.62932 18.903 0.055
4454.65323 18.774 0.055
4454.81614 18.888 0.044
4455.63979 18.530 0.043
4455.77685 18.772 0.057
4456.72045 18.478 0.041
4456.81069 18.634 0.051
4456.85814 18.751 0.055
4457.69528 19.091 0.066
4457.84503 18.553 0.047
4458.61771 18.856 0.058
4459.60194 18.769 0.054
4459.74640 18.902 0.055
4459.80854 18.999 0.066
4461.57252 18.986 0.061
4462.63270 19.061 0.075
4462.78237 18.339 0.032
4463.62613 18.868 0.047
4464.62379 18.789 0.045
4464.76580 18.975 0.062
4465.64302 18.578 0.035
4466.63614 18.251 0.032
4466.73635 18.660 0.036
4467.60362 18.864 0.066
4467.67235 19.144 0.053
4468.63641 18.913 0.041
4469.62083 18.878 0.054
4470.60860 18.579 0.042
4470.79863 18.982 0.055
4471.59865 18.319 0.027
4471.76477 18.707 0.050
4472.59938 19.062 0.048
4472.77208 18.522 0.032
4473.68604 19.091 0.054
4477.74419 18.606 0.045
4481.68174 18.616 0.038
4485.72982 19.030 0.072
4489.71331 19.033 0.094
4493.70314 18.525 0.047
4498.67964 18.349 0.032
4501.67697 18.894 0.054
4506.61091 18.709 0.049
4508.62813 18.366 0.036
4510.70133 18.820 0.053
4521.61145 18.809 0.062
4523.62728 18.506 0.040
4525.54669 18.866 0.054
4531.56873 18.923 0.054
4533.57108 18.439 0.041
4537.62112 18.859 0.055
4539.54008 19.086 0.084
4541.59235 18.913 0.075
