 726.85779 18.507 0.026
 729.75319 18.456 0.031
 741.80583 18.922 0.050
 744.80056 18.964 0.053
 746.82132 18.474 0.028
 747.76545 18.951 0.038
 748.72304 18.731 0.037
 749.85713 18.685 0.038
 750.83380 19.066 0.059
 751.83151 18.872 0.048
 754.78204 18.950 0.054
 759.69123 18.524 0.029
 761.84126 18.951 0.047
 766.85523 18.586 0.048
 769.81454 18.689 0.043
 776.80260 18.569 0.035
 778.83173 18.950 0.061
 780.81144 18.560 0.030
 782.79101 18.701 0.036
 789.82338 18.789 0.055
 792.72988 18.699 0.038
 795.81527 18.811 0.035
 796.76942 18.613 0.037
 798.83411 18.917 0.047
 817.73822 19.094 0.045
 824.75657 19.036 0.056
 826.72125 18.571 0.032
 827.72165 19.025 0.043
 828.71159 18.885 0.041
 830.78704 18.561 0.038
 831.57781 18.752 0.051
 832.56055 18.491 0.029
 833.54937 18.951 0.050
 834.68597 19.001 0.046
 834.81815 18.681 0.046
 835.67698 18.736 0.030
 837.69719 19.076 0.038
 838.74524 18.917 0.072
 839.69567 18.695 0.041
 841.73820 19.025 0.042
 842.77432 18.794 0.042
 843.81154 18.597 0.030
 844.55410 18.757 0.058
 846.80170 18.738 0.035
 850.79228 18.555 0.036
 855.68961 18.666 0.086
 856.76261 18.835 0.072
 857.76033 18.434 0.037
 858.74691 19.066 0.061
 859.79014 18.825 0.046
 860.63620 19.070 0.054
 866.61750 18.582 0.041
 874.60834 18.921 0.043
 876.63572 18.669 0.033
 876.73785 18.815 0.040
 878.64301 18.852 0.040
 880.65948 18.558 0.035
 885.57115 18.825 0.069
 887.70399 18.444 0.038
 890.72747 18.597 0.060
 891.56279 18.961 0.048
 892.52724 18.727 0.040
 893.69329 18.549 0.042
 896.54300 18.454 0.030
 900.59665 18.627 0.043
 919.59774 18.693 0.057
 925.60567 18.856 0.057
 934.55720 19.093 0.070
 937.57416 18.973 0.077
 950.55093 18.508 0.037
 952.54167 18.794 0.041
 953.52233 18.661 0.044
 963.50465 18.562 0.055
1074.85464 19.032 0.083
1076.83629 18.497 0.038
1080.79487 18.896 0.040
1083.85808 18.430 0.029
1084.85410 18.932 0.041
1086.87894 18.598 0.033
1090.75939 19.093 0.073
1092.77637 18.624 0.043
1093.81828 18.620 0.038
1106.80239 18.655 0.034
1108.82103 18.872 0.036
1114.82934 18.932 0.034
1120.77710 19.089 0.064
1126.79809 18.590 0.035
1129.86028 18.796 0.042
1132.85591 18.821 0.045
1135.80533 18.906 0.040
1140.85445 18.547 0.030
1142.80602 18.762 0.033
1152.76379 18.884 0.055
1154.78893 18.976 0.045
1156.75385 18.575 0.033
1158.82249 18.855 0.046
1160.81981 18.516 0.029
1164.80185 19.116 0.044
1165.84753 19.140 0.074
1167.77079 19.006 0.054
1168.73017 18.994 0.050
1171.77194 18.986 0.034
1175.77109 18.912 0.038
1179.82136 18.769 0.048
1181.78232 19.048 0.058
1184.72871 19.072 0.052
1187.72023 19.017 0.049
1188.73405 19.001 0.038
1189.78310 18.824 0.034
1191.79735 19.021 0.039
1192.80573 18.974 0.034
1193.84520 18.744 0.029
1194.72076 19.122 0.050
1201.80918 19.063 0.055
1202.81832 18.943 0.048
1204.72473 18.982 0.047
1206.82485 18.813 0.039
1207.73560 18.581 0.046
1208.79867 18.964 0.060
1212.79631 18.995 0.064
1214.70736 19.306 0.073
1215.61204 18.850 0.037
1216.72097 18.720 0.040
1217.77029 18.465 0.034
1218.74531 19.019 0.065
1219.68464 18.670 0.039
1220.79198 18.644 0.038
1221.65807 18.936 0.051
1223.74703 18.671 0.045
1226.63708 18.586 0.032
1227.64192 19.091 0.046
1230.70879 18.530 0.032
1232.74791 18.853 0.050
1235.64239 18.809 0.050
1238.61395 18.866 0.070
1240.73779 18.532 0.044
1242.60731 18.889 0.054
1243.70504 18.808 0.049
1245.68185 18.925 0.051
1248.56018 18.795 0.055
1251.55808 18.992 0.072
1255.56729 18.780 0.053
1256.60856 18.642 0.039
1258.64388 18.925 0.040
1259.65152 18.747 0.036
1261.60559 19.019 0.041
1266.53818 18.491 0.046
1267.59281 19.074 0.079
1268.60615 18.873 0.059
1274.60936 19.046 0.070
1277.59423 18.903 0.044
1279.57948 18.862 0.045
1289.49135 18.638 0.056
1290.56085 18.602 0.044
1298.49032 18.896 0.057
1301.56456 18.898 0.069
1305.59325 18.903 0.052
1312.56995 18.907 0.059
1317.50297 19.056 0.052
1319.55440 18.748 0.041
1327.49495 19.160 0.227
1329.48207 18.745 0.058
1330.54666 18.555 0.054
1335.49950 18.773 0.048
1431.89826 18.945 0.040
1433.89524 18.467 0.039
1436.81279 18.491 0.035
1439.90403 18.771 0.040
1443.84419 18.521 0.048
1447.85647 18.997 0.089
1454.86280 18.872 0.061
1459.82983 18.666 0.041
1461.86787 18.787 0.042
1462.85824 18.747 0.046
1471.85426 18.909 0.044
1476.74690 18.571 0.038
1478.82459 18.888 0.046
1481.86300 18.963 0.061
1484.81277 19.057 0.045
1488.84506 18.890 0.043
1492.68361 18.537 0.040
1494.82915 19.102 0.067
1496.71182 18.413 0.032
1498.73356 18.898 0.047
1502.72962 18.663 0.043
1505.76434 18.890 0.053
1507.76533 19.066 0.065
1508.66759 18.782 0.042
1509.83386 18.820 0.044
1511.68704 18.879 0.044
1514.73518 18.944 0.055
1516.70462 18.530 0.029
1518.67661 18.760 0.038
1520.70218 18.952 0.050
1522.78241 18.794 0.041
1523.67544 18.620 0.056
1524.84238 18.710 0.040
1526.67999 18.543 0.030
1527.84629 18.480 0.041
1529.74946 18.728 0.041
1531.85221 19.082 0.057
1542.83302 18.945 0.046
1543.86576 18.781 0.050
1544.77487 19.075 0.046
1548.80773 18.879 0.040
1549.82031 18.809 0.038
1552.74368 18.865 0.040
1553.81862 18.699 0.038
1554.83386 18.449 0.025
1555.82783 18.936 0.046
1562.81986 18.907 0.049
1566.66932 18.609 0.038
1568.69092 18.796 0.045
1571.75561 18.993 0.054
1574.80762 18.486 0.028
1576.66149 18.555 0.039
1578.76179 18.907 0.059
1581.71113 18.914 0.048
1583.75042 18.616 0.051
1585.69651 18.988 0.050
1588.67126 18.870 0.056
1591.63499 18.855 0.081
1595.65075 18.792 0.048
1596.76401 18.704 0.045
1599.75593 19.033 0.057
1600.73348 18.573 0.047
1601.76180 18.799 0.048
1602.74328 18.831 0.044
1605.53462 18.658 0.043
1606.71000 18.771 0.054
1609.72341 18.919 0.052
1610.74096 18.574 0.052
1611.71831 19.103 0.076
1613.70897 18.639 0.050
1614.70451 18.588 0.039
1615.71896 18.884 0.053
1617.70021 18.490 0.032
1618.69862 19.005 0.077
1620.51638 18.919 0.057
1621.69549 18.983 0.085
1623.68137 18.672 0.051
1625.68578 18.911 0.058
1626.68682 18.804 0.047
1628.67514 18.919 0.059
1630.69438 18.694 0.037
1633.65764 18.628 0.033
1634.65106 18.789 0.040
1635.66475 18.869 0.058
1644.61491 19.025 0.046
1653.57444 18.533 0.044
1655.61023 18.862 0.055
1657.59937 18.573 0.055
1659.60303 18.832 0.056
1661.59449 18.866 0.048
1662.59251 18.754 0.054
1665.57452 19.052 0.071
1671.55230 18.980 0.069
1672.57200 19.035 0.060
1684.49423 19.095 0.102
1695.52002 18.761 0.053
1788.89744 18.943 0.047
1812.87537 18.802 0.036
1815.88715 18.880 0.043
1822.76879 18.666 0.037
1830.87710 18.598 0.036
1851.82512 19.010 0.060
1858.75703 19.025 0.068
1861.78473 19.029 0.050
1863.82664 18.668 0.033
1866.77729 18.607 0.033
1868.78171 18.865 0.034
1869.81622 18.732 0.038
1872.79977 18.780 0.049
2168.86801 18.873 0.069
2187.80969 19.088 0.085
2193.87506 18.657 0.035
2194.76885 18.861 0.060
2202.87513 18.884 0.051
2206.78415 18.717 0.056
2215.82802 18.900 0.062
2222.82753 18.943 0.067
2225.71038 18.815 0.051
2227.78543 18.700 0.050
2229.79127 18.843 0.062
2231.75965 19.012 0.066
2233.72796 18.519 0.038
2237.64730 18.967 0.074
2239.70824 18.686 0.043
2241.79999 19.088 0.061
2244.67963 18.857 0.063
2249.78951 18.791 0.047
2251.69780 18.941 0.053
2254.78450 18.879 0.048
2257.80799 18.482 0.027
2260.81537 18.669 0.061
2262.83304 18.931 0.053
2265.80764 18.894 0.050
2269.75767 18.746 0.052
2272.73797 18.798 0.053
2274.70640 19.104 0.067
2276.72660 18.694 0.048
2278.84609 18.985 0.072
2280.66883 18.508 0.043
2282.83017 18.864 0.055
2288.81208 19.043 0.058
2291.84560 18.506 0.046
2293.84678 18.963 0.093
2296.84069 18.908 0.093
2298.83368 18.764 0.056
2301.76443 18.990 0.086
2321.73584 18.818 0.061
2328.61301 18.941 0.068
2335.52288 18.773 0.066
2341.52024 18.883 0.066
2358.51264 18.806 0.053
2391.53928 19.015 0.086
2548.85365 18.826 0.068
2553.82108 18.538 0.058
2557.88592 18.531 0.046
2561.88856 19.027 0.085
2574.86785 18.563 0.049
2579.76772 18.776 0.056
2586.80484 18.708 0.044
2591.77377 18.910 0.059
2598.75664 18.973 0.064
2606.78549 18.722 0.044
2610.68339 18.459 0.049
2615.81059 18.966 0.054
2619.65403 18.703 0.042
2622.76908 18.872 0.060
2625.63437 18.944 0.074
2628.63198 18.969 0.076
2630.66893 18.439 0.040
2632.79014 18.964 0.052
2636.74010 18.814 0.054
2638.85720 18.646 0.066
2641.83260 18.411 0.035
2643.83285 18.794 0.052
2645.83188 18.992 0.060
2649.74304 18.821 0.040
2651.78588 18.741 0.048
2653.81310 18.835 0.063
2655.83995 19.018 0.069
2657.83197 18.688 0.059
2658.82414 18.678 0.080
2660.77873 18.676 0.053
2662.75220 18.929 0.059
2664.76866 18.636 0.080
2669.62172 18.765 0.060
2672.61963 18.784 0.062
2674.82185 18.587 0.051
2676.79908 18.884 0.066
2678.84083 18.418 0.037
2680.74918 18.709 0.045
2684.62629 18.997 0.056
2688.60380 18.899 0.059
2693.56545 18.529 0.037
2697.58152 18.669 0.046
2702.58806 18.878 0.075
2709.53352 18.731 0.052
2726.49971 18.636 0.052
2875.91077 18.856 0.070
2885.90137 18.957 0.058
2893.88202 18.680 0.063
2897.89865 18.531 0.043
2908.81932 19.079 0.069
2912.84250 18.910 0.053
2917.85067 18.523 0.037
2923.85340 18.645 0.047
2927.76178 18.957 0.100
2931.83992 19.137 0.074
2934.87479 18.505 0.048
2935.73434 18.717 0.060
2940.85484 18.650 0.037
2943.85963 18.694 0.039
2947.86803 18.582 0.044
2951.74498 18.914 0.062
2954.81212 18.759 0.073
2956.85552 18.801 0.048
2961.78683 19.052 0.061
2963.83780 18.736 0.044
2964.73518 19.154 0.085
2966.81446 18.769 0.038
2968.77532 18.913 0.053
2971.77855 19.110 0.068
2974.86092 18.617 0.058
2978.68756 18.906 0.061
2980.78185 18.691 0.052
2982.83090 18.914 0.055
2985.73357 18.940 0.052
2987.78122 18.597 0.052
2989.72222 18.788 0.043
2991.79570 18.750 0.043
2993.80911 18.780 0.048
2996.77933 18.776 0.041
2998.79211 19.082 0.062
3000.80323 18.684 0.053
3002.79355 18.875 0.053
3004.81929 18.550 0.038
3006.80584 18.845 0.043
3008.76847 19.071 0.060
3010.83915 18.741 0.053
3013.76489 18.746 0.054
3016.78919 18.816 0.066
3020.62950 18.513 0.036
3022.66179 18.869 0.044
3023.76978 18.843 0.045
3025.77292 18.971 0.041
3027.79156 18.644 0.061
3029.77622 18.793 0.051
3032.62504 18.841 0.052
3034.67308 18.691 0.030
3036.70319 18.840 0.043
3039.64515 18.855 0.058
3041.73033 18.614 0.051
3042.75341 18.979 0.082
3044.69223 18.479 0.039
3046.67836 18.856 0.070
3048.71154 19.046 0.047
3050.70851 18.678 0.035
3052.70477 18.986 0.044
3054.71087 18.578 0.043
3056.69796 18.878 0.042
3058.69128 19.099 0.050
3059.63751 18.929 0.043
3061.65454 19.078 0.097
3066.62851 18.781 0.052
3068.65672 19.021 0.071
3071.55514 19.037 0.071
3074.55998 19.108 0.076
3076.67439 18.797 0.061
3079.67399 18.934 0.052
3085.64238 18.973 0.055
3088.59973 18.930 0.059
3091.60325 19.034 0.062
3097.52773 18.451 0.048
3100.56526 18.538 0.058
3103.57338 18.689 0.055
3106.60273 18.925 0.058
3109.58586 18.732 0.048
3126.54084 18.690 0.059
3132.54386 18.871 0.080
3147.48567 18.435 0.066
3242.92540 18.923 0.086
3249.90293 18.886 0.071
3260.88450 18.749 0.060
3271.87482 19.048 0.060
3274.87803 18.559 0.051
3279.83153 18.875 0.059
3288.73977 18.857 0.059
3295.84070 18.866 0.036
3297.83200 18.555 0.028
3300.69611 18.852 0.067
3302.69082 18.836 0.087
3305.80241 18.884 0.052
3309.86359 18.887 0.051
3315.79956 18.979 0.048
3321.76395 18.986 0.048
3324.81337 18.568 0.038
3328.86221 18.868 0.053
3335.81105 18.901 0.082
3340.69486 18.502 0.039
3353.78696 18.739 0.038
3357.81457 18.671 0.037
3360.79417 18.658 0.045
3366.75822 18.892 0.048
3373.84583 18.909 0.067
3378.80150 18.662 0.044
3385.59142 18.896 0.081
3387.79951 18.714 0.052
3394.69049 18.409 0.033
3402.74878 18.859 0.045
3404.68044 18.495 0.043
3410.53826 18.562 0.036
3416.54584 18.789 0.053
3430.54897 18.565 0.043
3436.59984 18.731 0.043
3448.53146 18.946 0.064
3458.50155 19.025 0.064
3603.90193 18.728 0.041
3621.87965 19.017 0.053
3624.90343 18.447 0.037
3630.85056 18.558 0.057
3637.80166 18.511 0.047
3640.84583 18.622 0.034
3651.87827 18.726 0.045
3655.79548 19.018 0.049
3659.77883 18.794 0.063
3663.74279 18.518 0.049
3669.83791 18.885 0.049
3673.71530 18.599 0.042
3685.84224 18.979 0.049
3688.76110 19.068 0.056
3693.84200 18.736 0.043
3696.77964 18.791 0.039
3699.79252 18.871 0.037
3701.84749 18.514 0.036
3703.84428 18.782 0.040
3706.71953 18.742 0.034
3711.75506 18.787 0.042
3713.84308 18.811 0.053
3715.81938 19.067 0.054
3718.85050 18.456 0.040
3724.79382 18.559 0.035
3728.82810 18.435 0.035
3731.83528 18.616 0.036
3733.73462 18.729 0.035
3735.71463 18.906 0.037
3738.74817 19.087 0.054
3740.81307 18.837 0.043
3742.83252 19.086 0.097
3745.84999 18.606 0.050
3749.80023 18.937 0.086
3751.81410 18.632 0.058
3753.76421 18.816 0.048
3755.79239 18.900 0.060
3757.81232 18.704 0.039
3760.62396 18.717 0.046
3763.74467 18.875 0.036
3766.76123 18.895 0.079
3771.67066 18.585 0.036
3774.66217 18.524 0.036
3777.62050 18.490 0.039
3780.68462 18.704 0.056
3784.53258 19.092 0.084
3788.61097 19.088 0.055
3794.58051 18.580 0.043
3802.52133 18.802 0.058
3812.53415 18.901 0.049
3830.48753 18.529 0.048
3959.89005 19.114 0.103
3965.91596 19.077 0.053
3973.82990 18.483 0.051
3982.88225 18.990 0.065
3990.82914 18.842 0.057
3999.89846 18.805 0.054
4003.77425 18.643 0.033
4006.82358 18.818 0.049
4008.84460 19.036 0.047
4013.85648 18.775 0.058
4019.86109 18.877 0.049
4024.85065 18.455 0.035
4027.75520 18.456 0.037
4029.86583 18.897 0.050
4036.74435 18.688 0.044
4039.73250 18.798 0.056
4041.80626 18.774 0.042
4045.67456 18.825 0.089
4047.67094 18.791 0.069
4050.64671 18.526 0.041
4052.83596 18.897 0.040
4054.82282 18.565 0.039
4057.74785 18.504 0.043
4060.68728 18.633 0.040
4065.77131 19.033 0.049
4067.72748 18.512 0.030
4070.78618 18.706 0.054
4074.84227 18.676 0.048
4078.76019 19.147 0.069
4080.77157 18.779 0.052
4083.84623 18.831 0.067
4085.82104 19.030 0.070
4096.65433 18.711 0.040
4103.81357 18.762 0.061
4106.64493 18.746 0.051
4112.82178 19.256 0.069
4122.74986 18.954 0.042
4128.61946 18.950 0.051
4145.65952 19.080 0.076
4158.52970 18.854 0.048
4169.55905 18.807 0.046
4344.86178 18.482 0.043
4348.89204 19.017 0.065
4354.82035 18.626 0.052
4358.88195 18.949 0.062
4363.89735 18.852 0.066
4367.81962 18.534 0.039
4371.83037 18.735 0.049
4378.78426 18.941 0.065
4381.80117 18.982 0.082
4387.74369 18.518 0.037
4390.88076 18.814 0.065
4396.78147 18.787 0.058
4400.78940 18.675 0.056
4408.80110 19.222 0.092
4415.86669 18.802 0.070
4423.82879 18.849 0.050
4427.79518 18.712 0.052
4430.79843 18.777 0.059
4433.81588 18.917 0.061
4437.74237 18.705 0.064
4440.76218 18.739 0.047
4444.70717 18.491 0.048
4449.82171 18.966 0.058
4451.85727 18.703 0.079
4454.79699 18.609 0.034
4456.79936 18.967 0.061
4458.80608 18.466 0.036
4463.78948 18.808 0.044
4465.80625 18.650 0.039
4470.72622 18.689 0.039
4473.76926 18.879 0.076
4478.81072 18.585 0.035
4481.85285 18.624 0.045
4486.85064 18.996 0.085
4490.66874 18.746 0.055
4493.73934 18.915 0.068
4497.79151 18.828 0.050
4500.66450 18.723 0.048
4502.77435 18.866 0.072
4507.76545 18.728 0.057
4509.72913 18.971 0.053
4518.72851 18.407 0.061
4522.52884 18.959 0.070
4524.66923 18.661 0.044
4530.69364 18.849 0.045
4534.66029 18.682 0.046
4538.67559 18.530 0.042
4540.67564 18.710 0.055
4542.59281 18.928 0.055
