2291.84888 18.933 0.063
2296.84400 18.878 0.093
2298.83697 18.984 0.072
2301.76773 18.882 0.088
2321.73955 19.062 0.080
2328.61671 18.946 0.063
2335.52661 19.003 0.073
2341.52394 18.773 0.055
2358.51637 19.000 0.062
2391.54303 18.793 0.076
2606.78915 19.019 0.059
2625.63796 18.893 0.061
2628.63526 19.020 0.084
2630.67222 18.782 0.050
2649.74664 19.000 0.050
2655.84325 18.765 0.057
2657.83925 18.981 0.077
2678.84415 18.842 0.050
2688.60740 18.804 0.057
2693.56912 18.767 0.046
2697.58519 18.761 0.065
2702.59173 19.144 0.096
2709.53719 19.168 0.078
2875.91444 18.855 0.074
2923.85921 18.912 0.054
2927.76540 18.862 0.074
2935.73796 18.825 0.068
2951.74859 18.788 0.053
2961.79043 18.989 0.054
2987.78482 18.694 0.055
2996.78291 18.967 0.046
3010.84273 18.931 0.062
3020.63311 18.906 0.045
3022.66540 19.109 0.051
3023.77340 19.125 0.059
3025.77652 18.813 0.035
3029.77981 18.753 0.050
3032.62864 18.785 0.050
3034.67673 18.993 0.039
3039.64878 18.885 0.054
3041.74166 18.643 0.055
3042.75705 19.098 0.086
3044.69586 18.835 0.061
3046.68199 18.975 0.069
3048.71517 18.746 0.039
3050.71212 18.986 0.045
3052.70840 18.786 0.037
3054.71449 19.004 0.059
3056.70160 18.719 0.038
3058.69490 18.923 0.043
3059.64115 18.842 0.045
3066.63216 18.967 0.059
3068.66037 18.738 0.054
3071.55877 18.715 0.055
3074.56364 18.719 0.054
3076.67803 18.743 0.055
3079.67765 18.822 0.047
3083.54781 18.867 0.081
3085.64603 18.917 0.055
3088.60339 19.055 0.066
3091.60692 18.718 0.047
3097.53140 18.817 0.070
3100.56895 19.091 0.094
3103.57703 18.938 0.070
3106.60642 18.750 0.053
3109.58955 18.904 0.057
3126.54454 18.789 0.066
3132.54756 18.969 0.086
3274.88166 18.870 0.063
3300.69974 18.963 0.072
3340.69844 18.876 0.050
3353.79053 18.799 0.038
3357.81815 18.872 0.045
3366.76181 19.024 0.062
3373.84941 18.796 0.059
3378.80510 19.000 0.062
3385.59503 18.976 0.073
3387.80310 18.748 0.051
3402.75239 18.988 0.050
3410.54184 18.885 0.047
3416.54941 18.968 0.062
3425.55579 19.063 0.094
3430.55258 18.845 0.053
3436.60345 19.021 0.054
3448.53507 18.977 0.073
3458.50519 19.027 0.065
3673.71889 18.676 0.046
3688.76466 18.864 0.043
