2161.87394 19.356 0.115
2173.88712 19.281 0.062
2192.85590 19.424 0.079
2201.84234 18.934 0.045
2214.82385 19.321 0.091
2221.76674 19.251 0.095
2224.77945 19.029 0.058
2227.68205 19.182 0.068
2229.69552 19.178 0.085
2230.83968 19.051 0.064
2232.85930 19.021 0.075
2234.85404 19.074 0.052
2237.77449 19.198 0.068
2241.69975 19.106 0.068
2243.75356 19.279 0.080
2247.83544 19.336 0.072
2248.83804 18.856 0.044
2250.82616 18.747 0.045
2252.68514 19.364 0.073
2254.67621 19.334 0.079
2257.68288 18.807 0.038
2260.68958 19.324 0.065
2264.69497 19.222 0.065
2266.68109 19.212 0.072
2270.68879 19.273 0.066
2271.82913 19.066 0.041
2272.83705 19.379 0.098
2274.67876 19.356 0.087
2276.78470 19.454 0.098
2277.83803 19.132 0.058
2279.85562 19.228 0.061
2280.82914 19.324 0.069
2282.72604 19.131 0.056
2288.78738 19.083 0.084
2290.82466 19.370 0.084
2292.79771 19.149 0.076
2294.77404 19.144 0.099
2298.75031 19.045 0.065
2300.75690 19.309 0.095
2302.73357 19.118 0.091
2323.61052 18.915 0.048
2327.59600 18.847 0.060
2333.60599 18.748 0.073
2345.54347 19.321 0.085
2351.52411 19.358 0.087
2369.52017 19.115 0.069
2385.50496 19.076 0.091
2529.85043 19.240 0.076
2539.85288 19.327 0.092
2545.82155 19.119 0.079
2552.87604 19.060 0.069
2556.86739 19.175 0.060
2560.77649 19.225 0.075
2564.88403 19.297 0.118
2573.87989 18.982 0.099
2578.80425 19.045 0.068
2583.85864 18.814 0.064
2590.76566 18.841 0.061
2596.77830 18.900 0.060
2605.81147 19.267 0.073
2609.77763 19.322 0.103
2614.73580 19.492 0.121
2618.79068 18.624 0.048
2621.71581 19.080 0.053
2624.62178 19.250 0.083
2627.71965 19.060 0.089
2629.74263 18.981 0.057
2632.66855 19.323 0.064
2635.71580 18.866 0.048
2638.68676 19.416 0.083
2640.78367 19.258 0.076
2642.74054 19.423 0.138
2644.74328 19.398 0.085
2646.69681 19.224 0.076
2650.75305 19.216 0.083
2652.81454 19.273 0.064
2654.77520 19.220 0.089
2656.68061 19.214 0.100
2658.64239 18.965 0.064
2660.66069 18.994 0.060
2662.67166 19.000 0.062
2664.65175 18.960 0.058
2668.70122 18.963 0.060
2670.66944 18.830 0.077
2672.80212 19.011 0.062
2674.70288 18.838 0.058
2676.69277 18.704 0.044
2678.74527 18.805 0.056
2680.65602 18.887 0.053
2682.70277 18.643 0.054
2687.58256 18.858 0.072
2693.54181 18.660 0.041
2696.57856 19.234 0.079
2701.56928 18.470 0.049
2707.56692 18.928 0.061
2714.55415 19.132 0.085
2839.93084 19.267 0.079
2867.90179 18.466 0.035
2885.87944 19.417 0.079
2892.90793 19.164 0.099
2897.87682 19.368 0.079
2907.79703 19.151 0.057
2911.83438 19.110 0.048
2916.88480 18.827 0.039
2922.86844 19.151 0.081
2926.80013 19.236 0.066
2930.86985 19.240 0.064
2934.77188 19.201 0.061
2940.75260 19.051 0.052
2943.75687 19.402 0.081
2947.76554 19.339 0.069
2949.85548 18.685 0.039
2956.74797 18.909 0.050
2958.77430 19.096 0.075
2965.80982 19.386 0.072
2968.67714 19.514 0.102
2973.80062 19.286 0.058
2976.81831 18.909 0.052
2978.72075 19.249 0.081
2980.73316 19.027 0.057
2982.72586 19.332 0.073
2984.77297 18.644 0.041
2986.85564 19.110 0.107
2988.82600 18.788 0.045
2989.78134 19.214 0.060
2991.67644 18.952 0.042
2993.69689 18.988 0.061
2995.77001 19.127 0.056
2997.74241 19.062 0.071
2999.70658 18.940 0.045
3001.80146 19.080 0.057
3003.77212 18.986 0.053
3005.73397 18.883 0.050
3007.65540 19.077 0.056
3009.65873 19.136 0.062
3011.75280 18.875 0.068
3017.75828 18.728 0.038
3019.68637 19.248 0.058
3021.80496 18.870 0.052
3023.66669 19.414 0.061
3025.63855 19.268 0.050
3027.68400 19.305 0.062
3029.66903 19.251 0.061
3031.73895 19.437 0.077
3033.80259 18.727 0.037
3035.80943 18.647 0.037
3038.78704 19.176 0.079
3041.62760 19.226 0.111
3043.66164 19.215 0.102
3045.72458 19.347 0.085
3047.67831 19.289 0.081
3048.60708 19.451 0.064
3050.62660 19.434 0.061
3052.62783 19.411 0.069
3054.63236 19.354 0.084
3056.62051 19.344 0.068
3060.66403 19.338 0.073
3068.55002 19.314 0.100
3070.62220 19.065 0.092
3073.64214 18.907 0.072
3076.56605 19.002 0.079
3078.65116 19.170 0.080
3082.62897 19.188 0.053
3085.53105 19.266 0.087
3087.67261 18.759 0.052
3090.63533 19.220 0.069
3096.55038 18.960 0.081
3099.62015 19.313 0.134
3102.59877 18.975 0.071
3104.58546 18.796 0.052
3107.56918 19.108 0.077
3110.56725 18.661 0.053
3113.54519 19.264 0.103
3128.51770 19.350 0.103
3140.52473 19.430 0.095
3216.88894 19.400 0.115
3241.93177 18.815 0.062
3248.87399 19.133 0.069
3257.90229 19.318 0.060
3264.82361 18.828 0.035
3270.89039 18.939 0.050
3274.77599 19.427 0.098
3277.89804 19.501 0.107
3287.77964 18.914 0.038
3291.71657 18.880 0.038
3295.73800 18.801 0.038
3297.73004 18.895 0.035
3299.79431 18.726 0.027
3301.79156 18.752 0.052
3304.85193 19.269 0.080
3309.75767 19.445 0.077
3311.75559 19.366 0.076
3320.79859 19.041 0.052
3327.77055 19.263 0.062
3330.72916 18.979 0.068
3334.82807 19.239 0.096
3339.77586 19.186 0.060
3354.79180 18.918 0.050
3358.84048 18.736 0.033
3365.77052 19.086 0.058
3372.78693 19.349 0.080
3378.69963 19.304 0.061
3391.76735 18.499 0.041
3399.73615 19.480 0.108
3403.72355 19.387 0.073
3406.69306 18.974 0.041
3410.64591 18.654 0.034
3415.64312 19.229 0.050
3427.60691 18.922 0.060
3433.62952 19.093 0.057
3438.55877 19.140 0.050
3446.51594 19.016 0.057
3461.53338 19.478 0.094
3473.49276 19.365 0.107
3601.90672 18.803 0.048
3619.84511 19.363 0.072
3633.88355 19.410 0.089
3639.79602 19.182 0.049
3644.83262 19.208 0.052
3651.77578 18.964 0.048
3654.82329 19.245 0.056
3658.78729 19.376 0.079
3661.85796 19.228 0.084
3668.83073 19.313 0.077
3672.81900 19.303 0.060
3676.77578 19.150 0.060
3684.83769 19.164 0.049
3687.81212 18.900 0.042
3690.73199 18.937 0.058
3693.76597 19.426 0.083
3695.79876 19.136 0.049
3698.78050 18.932 0.054
3700.80910 18.900 0.042
3703.73995 19.364 0.056
3705.80712 19.474 0.061
3708.79505 18.859 0.053
3712.75264 18.887 0.041
3714.82292 18.769 0.034
3717.68536 19.006 0.056
3719.85792 19.350 0.096
3721.81882 19.291 0.064
3726.71466 19.308 0.076
3730.74693 19.375 0.054
3732.73902 19.325 0.045
3735.63840 19.113 0.042
3737.77082 19.015 0.039
3739.84073 19.128 0.053
3741.85369 19.070 0.060
3743.75086 18.800 0.037
3746.79336 19.419 0.099
3748.74654 19.417 0.108
3749.75219 18.736 0.058
3751.76352 18.884 0.056
3753.71501 18.633 0.037
3755.71603 18.592 0.039
3757.70588 19.475 0.075
3759.77067 18.685 0.033
3762.79222 19.214 0.069
3765.77928 18.594 0.030
3770.65180 18.915 0.050
3773.71789 19.442 0.085
3776.68823 18.966 0.064
3779.64275 19.233 0.085
3782.75641 18.937 0.057
3787.61969 19.095 0.057
3792.57041 19.266 0.066
3800.55234 19.228 0.060
3810.50998 18.917 0.071
3823.51981 19.251 0.075
3950.90365 19.363 0.076
3964.89826 19.209 0.048
3998.88908 19.027 0.052
3999.85159 19.361 0.061
4001.90059 19.253 0.056
4004.86457 18.707 0.031
4005.87850 19.302 0.058
4008.74476 19.393 0.054
4013.78149 19.249 0.075
4018.87440 18.621 0.033
4024.74182 19.297 0.049
4026.81488 19.346 0.054
4029.76410 18.790 0.045
4032.78977 19.239 0.085
4038.74543 19.172 0.057
4041.70671 19.167 0.058
4043.71159 19.445 0.079
4049.67418 19.295 0.068
4052.73556 18.996 0.044
4054.72242 18.905 0.060
4056.78041 19.077 0.052
4058.81278 19.072 0.052
4063.71133 19.223 0.053
4066.76870 18.869 0.045
4068.67501 19.115 0.049
4070.69863 18.910 0.052
4074.76626 18.800 0.052
4077.81480 19.262 0.071
4079.85968 19.649 0.140
4083.70523 19.142 0.073
4085.77094 19.412 0.096
4093.75551 19.078 0.045
4105.82803 19.264 0.083
4109.79792 19.036 0.048
4113.75381 18.918 0.034
4120.78401 19.414 0.068
4122.74048 19.155 0.050
4132.68253 18.878 0.062
4142.73366 19.055 0.081
4156.56872 19.301 0.065
4168.52339 19.189 0.072
4197.50275 19.375 0.094
4347.88665 19.324 0.094
4353.81996 19.291 0.066
4364.88265 19.083 0.075
4371.77242 19.199 0.076
4377.82875 19.175 0.081
4380.84366 18.888 0.046
4386.81935 19.074 0.084
4390.78128 19.224 0.072
4394.73738 19.249 0.060
4399.75537 18.675 0.060
4407.71837 19.447 0.096
4412.73379 19.114 0.076
4418.82717 19.263 0.056
4426.77087 18.963 0.066
4430.69825 18.672 0.054
4432.75745 18.951 0.049
4436.79735 19.072 0.076
4440.71220 18.580 0.039
4443.75050 19.199 0.096
4449.71337 19.165 0.056
4451.72307 19.136 0.081
4455.72222 19.169 0.077
4457.75263 19.106 0.075
4460.82432 18.869 0.072
4463.74261 19.088 0.056
4466.73160 19.353 0.062
4470.67906 19.352 0.092
4473.72179 18.845 0.066
4477.78027 18.969 0.065
4482.78409 19.334 0.103
4486.76191 19.198 0.094
4492.65708 19.017 0.057
4494.68087 19.091 0.083
4498.71309 19.058 0.060
4501.71040 19.402 0.091
4506.64449 18.690 0.052
4508.67131 18.822 0.052
4510.73763 18.959 0.058
4517.68446 19.363 0.115
4521.65237 19.273 0.076
4524.61515 19.512 0.095
4530.64116 19.294 0.079
4532.66686 19.156 0.075
4536.63912 19.428 0.096
4539.52110 18.651 0.049
4541.63029 19.040 0.080
