2194.80011 18.857 0.054
2206.80850 18.814 0.068
2215.85371 19.027 0.068
2222.85167 18.734 0.061
2225.73470 18.686 0.046
2227.80919 18.967 0.053
2229.81513 18.798 0.056
2231.78350 18.949 0.063
2233.75166 18.677 0.043
2237.67125 18.756 0.058
2239.73203 19.091 0.060
2241.84042 18.815 0.051
2244.70346 18.851 0.071
2249.82144 18.915 0.054
2251.67002 18.912 0.058
2253.83452 18.869 0.053
2255.64301 19.001 0.067
2257.85255 19.048 0.047
2260.83946 18.891 0.062
2262.80437 18.740 0.042
2265.83835 19.021 0.070
2266.72270 18.742 0.046
2270.75432 18.696 0.044
2272.77628 18.906 0.072
2274.83160 18.824 0.060
2276.67001 18.897 0.064
2279.66105 18.998 0.054
2281.83630 19.070 0.055
2283.68048 19.015 0.052
2288.83623 18.831 0.058
2290.84437 18.968 0.074
2292.85261 18.884 0.094
2294.82473 18.980 0.085
2298.85739 18.983 0.072
2303.78758 18.728 0.063
2315.77147 18.717 0.051
2321.76179 18.983 0.080
2329.53203 18.597 0.076
2335.54895 18.970 0.084
2341.54780 18.733 0.050
2349.50688 18.677 0.056
2391.56883 18.809 0.104
2548.88925 18.912 0.068
2553.85091 18.829 0.067
2558.76955 18.981 0.063
2562.78324 18.992 0.069
2576.79884 18.871 0.075
2579.79758 19.011 0.067
2586.84070 18.799 0.050
2591.80516 19.005 0.059
2598.78238 18.719 0.059
2606.81158 18.724 0.046
2610.70941 19.043 0.086
2615.74580 19.172 0.072
2619.75210 19.020 0.060
2622.70475 18.829 0.062
2625.68952 18.741 0.050
2628.68170 18.874 0.064
2630.69269 18.872 0.069
2632.84020 18.951 0.071
2636.79012 18.920 0.072
2639.70649 18.990 0.052
2642.78423 18.685 0.064
2644.78037 18.973 0.060
2646.76887 18.754 0.058
2649.79123 19.029 0.066
2651.81160 18.762 0.047
2653.83867 19.149 0.080
2656.73751 19.218 0.118
2658.74131 18.778 0.096
2660.80258 18.913 0.063
2662.80082 18.890 0.082
2664.80940 18.736 0.084
2667.59812 18.926 0.048
2672.64351 18.997 0.091
2675.78210 18.712 0.043
2677.81731 18.903 0.086
2679.83584 18.751 0.082
2683.65032 18.975 0.079
2688.62955 18.984 0.085
2693.62410 18.799 0.045
2697.60713 18.740 0.060
2703.51521 19.029 0.077
2709.55982 18.656 0.048
2727.50904 18.995 0.103
2877.87347 18.718 0.053
2886.85760 18.926 0.070
2894.87692 18.763 0.050
2899.88337 19.017 0.058
2905.78630 18.801 0.056
2908.84479 18.887 0.055
2912.86769 18.965 0.047
2917.88367 18.817 0.053
2923.88595 18.809 0.060
2927.78777 19.025 0.087
2931.86660 18.824 0.059
2935.76011 19.001 0.064
2941.72050 18.704 0.040
2944.75159 18.805 0.054
2948.71490 18.809 0.059
2951.77020 19.082 0.068
2954.84221 18.753 0.063
2957.78951 18.756 0.056
2961.81322 18.857 0.071
2964.76062 18.950 0.072
2966.83981 18.726 0.036
2968.80103 19.049 0.056
2971.74934 18.975 0.072
2975.69123 19.018 0.063
2977.81252 18.971 0.058
2979.73165 19.030 0.054
2980.85520 18.858 0.067
2981.72135 18.727 0.099
2983.85315 18.800 0.067
2985.76490 18.941 0.050
2987.80774 18.749 0.059
2989.74843 18.892 0.045
2991.82108 18.698 0.045
2992.80962 18.840 0.045
2994.83364 18.921 0.048
2997.84317 19.068 0.067
2999.82368 18.743 0.058
3001.82312 19.062 0.061
3003.79155 18.722 0.043
3005.75290 18.986 0.053
3007.77528 18.714 0.042
3009.76922 18.969 0.051
3011.82375 18.893 0.094
3013.79516 18.955 0.093
3016.81707 18.762 0.044
3017.80273 19.030 0.059
3019.75649 18.759 0.046
3021.64323 18.838 0.040
3023.79535 18.762 0.044
3025.79824 19.039 0.044
3027.81891 18.767 0.055
3029.80160 18.892 0.053
3032.65038 19.028 0.064
3034.73245 18.886 0.044
3036.72848 18.745 0.045
3039.67044 18.698 0.053
3041.75992 19.069 0.084
3043.70610 18.609 0.078
3045.76870 18.935 0.075
3046.70391 18.873 0.070
3047.74794 18.786 0.051
3048.73687 18.819 0.048
3050.73401 18.892 0.054
3052.73012 18.726 0.037
3054.73629 18.995 0.058
3056.72319 18.747 0.042
3057.68949 18.954 0.046
3059.66302 18.718 0.044
3062.56501 18.689 0.055
3066.65370 18.857 0.052
3069.64902 18.970 0.061
3071.58219 18.768 0.069
3074.59550 18.741 0.054
3076.69970 18.812 0.062
3079.70004 18.783 0.042
3083.57008 18.717 0.067
3085.66802 18.988 0.062
3088.62591 18.702 0.055
3091.62979 18.781 0.052
3097.55562 18.925 0.079
3100.59138 18.747 0.067
3103.60159 18.704 0.069
3106.62824 18.906 0.087
3110.58578 18.823 0.069
3114.54430 18.827 0.058
3125.53543 19.093 0.107
3132.51485 18.871 0.085
3224.92305 18.978 0.070
3244.89723 19.030 0.062
3245.92793 19.035 0.104
3250.85825 18.758 0.044
3260.91012 19.074 0.093
3265.90807 18.990 0.063
3271.90026 18.726 0.062
3274.90333 18.796 0.093
3279.85688 18.748 0.050
3283.71847 18.968 0.045
3291.84587 18.657 0.044
3295.86606 18.773 0.035
3297.85727 19.035 0.056
3300.72172 18.909 0.069
3302.74416 18.663 0.068
3305.82765 19.039 0.054
3310.67892 18.820 0.068
3315.77039 18.803 0.047
3321.78970 18.953 0.056
3324.77997 18.883 0.064
3329.62977 18.786 0.048
3335.67552 18.991 0.086
3340.72126 19.000 0.051
3350.85147 19.040 0.053
3353.85322 18.783 0.044
3356.85087 18.742 0.042
3359.74329 18.765 0.038
3366.78370 19.008 0.066
3375.82131 18.941 0.058
3378.83410 18.890 0.054
3385.60746 18.983 0.059
3388.77391 18.752 0.054
3394.77197 18.919 0.083
3402.80323 18.806 0.050
3405.54784 18.844 0.051
3410.66416 18.986 0.050
3416.57107 18.988 0.060
3425.53729 19.052 0.080
3432.56703 18.814 0.037
3438.52605 18.735 0.053
3448.55784 18.818 0.061
3458.52727 19.011 0.074
3607.92536 18.824 0.072
3625.87911 18.955 0.054
3630.87596 18.875 0.069
3638.82719 18.742 0.058
3640.87696 18.812 0.052
3652.78163 19.119 0.062
3655.82059 18.737 0.038
3659.80436 18.852 0.060
3663.76777 18.728 0.052
3670.84459 18.941 0.064
3673.74951 18.915 0.052
3681.80850 19.110 0.079
3685.86773 18.908 0.071
3688.79960 18.896 0.047
3690.86070 18.970 0.071
3694.65332 18.716 0.042
3696.80482 18.753 0.044
3699.81760 18.678 0.037
3702.67833 18.758 0.047
3704.77529 18.805 0.039
3706.84903 19.043 0.056
3711.83763 18.785 0.042
3714.63925 18.754 0.042
3717.78848 19.075 0.064
3722.84367 18.992 0.061
3726.79562 18.998 0.058
3730.79430 18.903 0.046
3733.75996 18.994 0.051
3735.80289 18.803 0.046
3738.77565 18.945 0.058
3740.83928 18.802 0.045
3743.81156 18.925 0.062
3747.60575 18.910 0.067
3749.82583 18.678 0.083
3751.84112 18.886 0.070
3753.80511 18.822 0.055
3755.81797 18.995 0.071
3758.79991 19.047 0.088
3761.81480 18.798 0.046
3764.76629 18.696 0.040
3766.78634 19.111 0.074
3771.69575 18.767 0.042
3774.68721 18.908 0.046
3777.64681 18.953 0.054
3784.57984 18.931 0.072
3789.54606 18.920 0.047
3795.54815 18.658 0.054
3802.54650 18.716 0.050
3813.51921 18.936 0.062
3831.49530 18.776 0.056
3959.92781 18.732 0.064
3966.85356 18.841 0.054
3973.86283 18.852 0.058
3982.90954 18.880 0.053
3990.85410 18.803 0.050
4002.89224 18.799 0.037
4003.79895 18.944 0.040
4006.84843 18.802 0.050
4008.86925 18.968 0.044
4013.88129 19.019 0.064
4021.80505 18.861 0.061
4024.87561 18.663 0.044
4027.78000 18.752 0.047
4030.71451 18.671 0.048
4036.76912 19.035 0.051
4039.75725 18.758 0.044
4041.83102 18.966 0.054
4045.73812 18.784 0.080
4047.71614 18.753 0.060
4050.67150 18.697 0.047
4052.86057 18.741 0.047
4054.84757 18.995 0.062
4057.77267 18.951 0.063
4060.71206 19.008 0.043
4065.79616 19.058 0.047
4068.76618 18.831 0.039
4070.81189 18.871 0.055
4075.64545 18.839 0.051
4078.81861 19.031 0.062
4082.74962 18.911 0.055
4084.81972 18.814 0.062
4086.84481 19.035 0.074
4096.67942 19.082 0.055
4103.84367 19.153 0.079
4106.69057 18.735 0.069
4112.84720 18.804 0.048
4120.81427 18.875 0.036
4124.80005 18.755 0.037
4128.67809 18.709 0.052
4141.71616 18.797 0.051
4158.55500 18.888 0.062
4170.51352 18.847 0.056
4343.91592 18.828 0.063
4348.91711 18.800 0.077
4354.84509 18.844 0.071
4361.87239 18.968 0.103
4365.86602 19.069 0.100
4369.83744 19.052 0.083
4372.82546 18.788 0.050
4378.80907 18.818 0.055
4382.76649 18.813 0.059
4387.76840 18.741 0.051
4391.76982 18.671 0.047
4396.80621 18.798 0.061
4400.81425 18.730 0.067
4408.82581 18.712 0.063
4415.83552 18.957 0.067
4423.85559 19.008 0.072
4428.71063 18.769 0.072
4430.82331 19.028 0.082
4433.85436 18.665 0.061
4437.78186 18.864 0.069
4440.78690 18.840 0.059
4444.73200 18.714 0.082
4449.84658 18.746 0.051
4452.80897 18.804 0.055
4455.82388 18.940 0.066
4458.83112 18.805 0.056
4462.83658 18.835 0.056
4465.84814 18.854 0.060
4467.81313 19.008 0.058
4472.76126 18.825 0.044
4479.79610 18.980 0.064
4483.85812 18.769 0.064
4487.85424 18.830 0.099
4493.62255 18.983 0.077
4497.81541 18.844 0.066
4500.68837 18.699 0.044
4503.59121 18.816 0.059
4506.75747 18.725 0.077
4508.71224 18.981 0.064
4510.75597 18.783 0.062
4519.72309 19.011 0.085
4522.58534 19.041 0.077
4524.69426 18.877 0.060
4531.65560 18.941 0.061
4534.68518 18.769 0.054
4536.68626 18.884 0.068
4539.62116 19.018 0.064
4542.62260 18.801 0.059
