2129.69452 16.396 0.037
2132.63609 16.211 0.029
2136.54015 16.185 0.040
2141.55189 16.227 0.033
2144.64178 16.021 0.029
2347.83597 16.466 0.029
2357.86350 16.421 0.034
2372.85137 16.070 0.037
2383.82325 16.259 0.037
2388.79393 15.987 0.041
2390.82334 16.414 0.029
2397.70101 16.415 0.034
2401.83268 16.704 0.030
2403.90965 16.303 0.041
2405.89704 15.979 0.039
2411.73732 16.359 0.049
2414.90207 16.309 0.048
2416.85436 16.298 0.045
2424.82173 15.889 0.039
2428.85034 16.259 0.046
2434.74867 16.447 0.022
2436.79738 16.751 0.029
2441.73585 16.659 0.042
2445.64198 16.696 0.038
2448.66336 16.553 0.037
2455.70000 16.591 0.065
2459.62002 16.493 0.041
2463.55132 16.161 0.034
2466.65047 16.143 0.051
2468.68070 16.370 0.038
2470.66313 16.287 0.039
2481.56771 16.703 0.054
2490.69045 16.335 0.049
2493.65197 16.555 0.051
2498.51746 16.261 0.020
2500.56195 16.425 0.028
2502.57318 16.703 0.040
2512.61982 16.061 0.040
2517.57373 16.224 0.033
2520.58903 16.020 0.027
2528.49432 16.109 0.046
2538.50073 16.402 0.027
2542.52805 16.527 0.029
2575.52875 16.620 0.057
2707.86995 16.214 0.034
2714.90923 16.330 0.024
2733.92335 16.459 0.056
2753.89559 16.315 0.051
2757.80733 16.406 0.044
2761.82443 16.706 0.034
2783.83278 16.397 0.049
2785.75841 16.325 0.045
2787.60875 16.478 0.042
2791.72186 16.727 0.035
2794.93652 16.575 0.058
2796.83556 16.538 0.021
2797.89680 16.399 0.037
2809.72467 16.215 0.035
2811.64901 16.338 0.047
2813.83279 16.735 0.045
2814.75633 16.180 0.043
2816.62101 16.060 0.025
2818.59229 16.239 0.028
2820.79893 16.573 0.030
2826.76240 16.149 0.031
2835.64653 15.930 0.043
2837.64332 16.051 0.046
2839.71578 16.322 0.052
2841.72507 16.544 0.035
2850.53023 16.497 0.023
2852.54263 16.457 0.060
2854.54637 16.743 0.053
2858.68936 16.290 0.037
2862.60203 16.202 0.053
2865.70560 16.309 0.032
2868.59182 16.161 0.019
2876.58808 16.226 0.041
2879.63836 16.256 0.043
2895.63079 16.703 0.036
2900.55901 16.529 0.031
2911.53510 16.487 0.042
2918.55911 16.565 0.041
3051.88964 16.334 0.036
3067.89793 16.389 0.026
3070.85946 16.281 0.050
3073.81488 16.514 0.059
3075.85355 16.222 0.026
3079.89809 16.538 0.042
3082.86906 16.212 0.030
3084.91151 16.495 0.026
3086.84305 16.393 0.026
3088.80051 16.351 0.024
3089.90977 16.410 0.045
3091.83799 16.346 0.035
3096.87096 16.357 0.043
3098.85999 16.378 0.023
3100.80908 16.354 0.024
3103.78037 16.126 0.021
3104.90106 16.446 0.053
3108.77292 16.496 0.024
3109.80510 16.483 0.028
3110.83951 16.295 0.027
3112.79783 16.321 0.044
3113.87878 16.587 0.055
3114.78965 16.376 0.025
3115.87313 16.210 0.025
3126.90157 16.525 0.028
3128.82547 16.495 0.038
3130.70337 16.350 0.025
3134.82508 16.145 0.026
3138.70644 16.092 0.028
3139.88373 16.332 0.041
3140.88350 16.611 0.045
3142.77177 16.701 0.051
3151.75537 16.505 0.057
3151.90803 16.294 0.048
3152.75944 16.320 0.035
3153.76335 16.457 0.057
3162.81961 16.128 0.024
3163.63249 16.433 0.029
3163.65425 16.582 0.042
3164.74184 16.527 0.037
3165.76199 16.856 0.037
3168.75519 16.705 0.066
3169.73152 16.187 0.024
3170.80857 16.554 0.024
3171.83134 16.402 0.027
3172.75829 16.577 0.032
3174.71522 16.357 0.029
3175.72457 16.604 0.036
3178.78828 16.459 0.031
3179.79797 16.502 0.033
3180.72690 16.534 0.031
3182.77789 16.372 0.044
3183.74646 16.260 0.042
3184.70427 16.604 0.032
3185.75690 16.107 0.026
3193.54250 16.441 0.038
3194.60108 16.325 0.029
3195.65305 16.305 0.024
3195.80607 16.221 0.020
3196.55154 16.219 0.035
3197.51903 16.520 0.030
3199.69189 16.093 0.029
3199.74855 16.296 0.054
3201.52071 16.491 0.034
3201.75110 16.385 0.034
3201.81594 16.645 0.064
3202.57508 16.698 0.046
3202.75877 16.198 0.039
3203.47277 16.268 0.025
3203.66466 16.538 0.027
3204.65896 16.316 0.025
3205.47386 16.396 0.029
3205.77261 16.170 0.031
3206.52586 16.349 0.035
3206.72343 16.604 0.057
3209.55358 16.571 0.069
3210.51728 16.482 0.044
3211.58924 16.280 0.046
3217.65788 16.611 0.034
3218.65628 16.223 0.035
3219.61213 16.644 0.068
3224.70295 16.655 0.027
3228.60674 16.109 0.047
3229.63921 16.373 0.053
3230.67280 15.995 0.040
3231.57620 16.489 0.054
3238.62516 16.651 0.061
3241.65990 16.157 0.044
3245.55978 16.298 0.039
3247.62967 16.323 0.040
3249.53168 16.287 0.037
3250.66435 16.519 0.041
3256.64139 16.271 0.045
3267.53745 16.220 0.060
3278.60473 16.361 0.040
3282.57874 15.884 0.024
3295.53211 16.176 0.032
3299.55638 16.380 0.061
3305.55151 16.353 0.038
3309.50992 16.239 0.047
3314.49992 16.431 0.052
3409.88298 16.806 0.082
3414.87145 16.867 0.054
3421.90301 16.601 0.032
3422.87736 16.464 0.065
3426.86849 16.462 0.042
3429.85054 16.338 0.038
3432.89394 16.183 0.021
3442.89643 16.074 0.042
3445.80917 16.448 0.031
3449.87244 16.256 0.022
3452.89303 16.673 0.032
3455.82728 16.446 0.041
3457.86081 16.418 0.025
3459.85598 16.533 0.025
3467.88584 16.527 0.027
3469.79180 16.434 0.023
3470.80468 16.196 0.023
3472.76715 16.098 0.030
3473.78692 16.549 0.050
3474.78359 16.183 0.038
3475.80919 16.739 0.038
3477.77097 16.111 0.021
3478.71692 16.259 0.042
3478.75179 16.394 0.033
3478.80826 16.476 0.036
3478.85760 16.526 0.037
3478.88800 16.751 0.050
3479.73613 16.149 0.032
3479.76980 16.324 0.027
3479.88615 16.322 0.021
3479.93074 16.425 0.030
3480.72995 16.549 0.036
3480.90065 16.258 0.037
3481.74789 16.309 0.028
3482.72465 16.631 0.037
3496.72745 16.468 0.027
3497.79900 16.265 0.041
3499.87015 16.538 0.044
3500.67928 16.073 0.057
3500.69150 16.216 0.026
3500.73635 16.258 0.027
3500.80361 16.351 0.024
3500.84459 16.357 0.023
3500.87357 16.279 0.033
3500.89815 16.165 0.040
3500.92882 16.356 0.028
3501.67097 16.655 0.062
3501.80112 16.538 0.044
3502.72586 16.285 0.025
3503.69502 16.596 0.057
3504.70975 16.130 0.037
3508.76315 16.419 0.049
3509.73625 16.496 0.032
3510.80601 16.185 0.023
3511.84514 16.705 0.031
3512.71484 16.128 0.032
3517.69576 16.209 0.045
3520.76921 16.616 0.034
3521.72598 16.319 0.025
3522.75394 16.335 0.022
3523.75914 16.472 0.028
3524.90085 16.552 0.061
3525.75731 16.584 0.034
3526.76027 16.308 0.024
3528.68120 16.314 0.023
3529.70347 16.401 0.027
3530.61859 16.329 0.026
3537.74378 16.589 0.032
3538.61508 16.383 0.025
3539.82538 16.626 0.034
3540.65843 16.264 0.030
3544.73061 16.549 0.029
3547.81678 16.294 0.040
3550.64326 16.441 0.030
3551.64420 16.505 0.032
3552.67916 16.248 0.040
3554.66710 16.058 0.038
3556.68154 16.516 0.028
3558.53858 16.401 0.033
3559.70721 16.271 0.019
3560.60858 16.412 0.037
3561.55353 16.198 0.026
3563.64772 16.509 0.028
3571.72133 16.106 0.034
3571.76990 16.246 0.051
3573.66576 16.053 0.045
3574.69718 16.396 0.035
3575.54466 16.278 0.025
3575.78127 16.345 0.034
3576.69853 15.971 0.028
3577.59862 16.185 0.035
3578.68327 16.088 0.048
3579.62878 16.639 0.034
3580.66196 16.244 0.024
3581.68181 16.483 0.029
3582.65369 16.333 0.023
3583.64412 15.981 0.038
3583.76402 16.374 0.038
3584.65276 16.405 0.023
3584.76743 16.606 0.042
3585.64311 16.064 0.036
3585.73270 16.119 0.036
3586.72818 16.694 0.030
3588.55089 16.455 0.054
3588.61080 16.578 0.052
3589.48957 16.208 0.016
3589.55448 16.327 0.020
3589.68174 16.490 0.025
3589.69107 16.434 0.026
3590.46905 16.456 0.045
3590.55387 16.512 0.034
3590.63339 16.002 0.029
3590.69046 16.172 0.026
3591.48216 16.258 0.023
3591.63190 16.361 0.022
3591.68927 16.411 0.027
3592.48129 16.348 0.024
3592.54857 16.197 0.023
3592.66234 16.284 0.028
3593.47185 16.481 0.035
3593.57555 16.587 0.028
3593.75621 16.409 0.048
3594.49555 15.909 0.036
3594.57037 16.293 0.021
3594.71839 16.305 0.031
3601.66691 16.407 0.029
3602.62752 16.249 0.022
3603.64755 16.397 0.032
3607.64591 16.521 0.033
3608.66127 16.386 0.038
3615.58902 16.581 0.048
3618.59062 16.026 0.021
3620.55383 16.171 0.025
3622.53169 16.139 0.031
3630.54722 16.173 0.032
3632.59889 16.138 0.042
3634.49797 15.988 0.038
3639.55684 16.166 0.022
3641.55525 16.526 0.068
3644.51564 16.164 0.019
3648.54874 16.521 0.059
3654.55143 16.355 0.036
3656.53269 16.170 0.030
3658.56453 16.342 0.065
3660.53717 16.342 0.034
3662.49871 16.113 0.030
3664.53504 16.358 0.028
3665.50793 16.203 0.034
3665.54056 16.144 0.035
3666.49476 16.410 0.029
3668.49178 16.442 0.054
3669.51705 16.121 0.045
3675.51925 16.109 0.035
3776.87794 16.697 0.051
3782.86258 16.235 0.022
3784.88789 16.389 0.023
3788.85534 16.402 0.028
3790.89772 16.261 0.016
3793.86505 16.361 0.018
3795.85244 16.636 0.055
3798.81564 16.342 0.023
3799.83983 16.161 0.019
3800.83475 16.292 0.034
3801.89424 16.244 0.033
3802.85979 16.409 0.053
3803.89509 16.326 0.021
3805.81154 16.455 0.030
3806.77781 16.098 0.025
3807.79692 16.302 0.046
3808.80460 16.309 0.018
3809.88971 16.678 0.030
3810.85632 16.408 0.023
3811.84791 16.130 0.024
3813.83695 16.189 0.023
3814.83584 16.484 0.021
3817.86909 16.473 0.025
3818.89648 16.294 0.025
3819.81415 16.498 0.023
3820.78084 16.203 0.020
3821.78397 16.516 0.029
3822.82336 16.273 0.021
3823.78355 16.594 0.049
3824.74974 16.505 0.044
3825.81460 16.026 0.028
3826.74312 16.357 0.040
3827.81091 16.122 0.027
3829.76772 16.259 0.030
3830.74408 16.649 0.027
3831.92105 16.478 0.022
3832.75462 16.242 0.024
3833.76778 16.564 0.027
3833.82029 16.434 0.016
3833.88322 16.500 0.021
3834.75356 16.240 0.022
3835.74261 16.517 0.050
3836.77366 16.300 0.024
3837.91292 16.270 0.019
3838.75280 16.348 0.042
3838.92013 16.518 0.028
3839.74857 16.184 0.038
3840.71457 16.616 0.038
3840.91955 16.648 0.044
3841.75309 16.287 0.023
3841.90379 16.485 0.023
3842.85690 16.549 0.026
3845.72861 16.316 0.039
3845.91994 16.310 0.044
3846.73933 16.064 0.021
3846.93200 16.370 0.025
3848.76035 16.340 0.032
3849.75951 16.640 0.029
3850.70416 16.216 0.024
3850.87719 16.422 0.030
3851.71879 16.481 0.065
3851.88357 16.053 0.034
3851.92970 16.201 0.025
3852.70727 16.253 0.039
3852.87851 16.259 0.041
3853.69568 16.250 0.026
3853.86397 16.299 0.023
3853.93481 16.367 0.021
3856.68573 16.650 0.030
3856.85248 16.180 0.023
3857.92338 16.262 0.031
3858.77212 16.162 0.020
3859.81028 16.438 0.031
3860.67979 16.207 0.034
3861.67787 16.516 0.051
3861.78150 16.563 0.025
3862.71114 16.352 0.025
3862.87361 16.504 0.027
3863.64860 16.567 0.047
3863.86271 16.192 0.021
3864.68553 16.196 0.027
3864.87561 16.582 0.027
3864.93455 16.554 0.023
3865.69637 16.306 0.028
3865.83310 16.316 0.033
3865.90983 16.338 0.025
3866.69482 16.430 0.025
3866.83432 16.603 0.037
3866.91323 16.619 0.022
3867.63767 16.235 0.025
3867.82523 16.287 0.022
3867.89641 16.379 0.020
3868.72078 16.396 0.025
3868.87245 16.261 0.025
3869.70059 16.315 0.022
3869.88154 16.430 0.030
3872.90486 16.457 0.025
3873.65409 16.466 0.028
3873.79629 16.494 0.022
3873.86827 16.742 0.030
3873.93786 16.330 0.023
3874.75257 16.093 0.029
3875.66624 16.512 0.019
3875.82210 16.632 0.027
3875.91265 16.088 0.019
3876.64345 16.262 0.031
3877.64160 16.589 0.040
3877.79290 16.149 0.018
3877.86678 16.306 0.026
3880.84246 16.316 0.042
3880.92127 16.210 0.036
3881.67167 16.251 0.022
3881.88312 16.364 0.016
3882.58366 16.308 0.042
3882.75994 16.614 0.039
3882.83419 16.132 0.038
3882.90300 16.182 0.020
3883.64931 16.343 0.031
3883.84986 16.548 0.024
3886.61143 16.266 0.038
3886.80422 16.268 0.021
3886.87606 16.054 0.043
3887.78738 16.631 0.026
3887.88691 16.142 0.036
3888.60082 16.161 0.035
3889.66721 16.588 0.024
3889.94543 16.237 0.026
3890.65235 16.278 0.026
3891.67684 16.363 0.028
3891.80508 16.178 0.023
3891.88707 16.151 0.028
3892.57843 16.374 0.064
3892.94721 16.408 0.035
3893.63066 16.267 0.030
3893.87534 16.165 0.038
3900.72634 16.226 0.014
3900.80499 16.330 0.020
3900.87362 16.371 0.023
3901.80867 16.255 0.044
3901.87761 16.068 0.034
3902.57431 16.167 0.029
3902.75226 16.498 0.031
3903.66391 16.788 0.034
3904.56110 16.317 0.023
3904.72408 16.415 0.022
3904.79317 16.433 0.026
3904.89531 16.440 0.029
3905.55784 16.697 0.036
3905.73454 16.118 0.019
3905.80455 16.188 0.016
3905.87311 16.393 0.024
3906.57234 16.307 0.041
3906.71297 16.783 0.047
3907.60313 16.044 0.032
3908.53925 16.434 0.034
3908.72488 16.551 0.029
3908.80494 16.322 0.027
3908.88803 16.024 0.024
3909.54110 16.063 0.032
3909.72379 16.438 0.023
3909.81427 16.469 0.025
3909.89056 16.311 0.035
3910.57754 16.672 0.031
3912.54020 16.662 0.025
3912.72756 16.341 0.027
3912.82149 16.377 0.021
3913.53172 16.266 0.019
3913.73714 16.314 0.040
3913.82606 16.619 0.025
3914.55548 15.960 0.029
3915.53320 16.428 0.028
3915.73521 16.484 0.047
3915.83342 15.998 0.034
3916.57189 16.096 0.040
3916.81583 16.417 0.035
3917.82640 16.113 0.033
3919.55226 16.831 0.088
3919.76088 16.400 0.025
3920.51857 16.316 0.036
3920.80007 16.534 0.020
3921.51475 16.137 0.019
3922.71843 16.776 0.085
3930.55167 16.107 0.027
3931.50732 16.418 0.043
3932.53491 16.368 0.026
3932.80662 16.432 0.037
3933.52129 16.337 0.023
3933.70579 16.377 0.022
3933.77776 16.309 0.025
3934.49520 16.303 0.028
3934.66524 16.684 0.033
3934.73508 16.741 0.039
3935.54509 16.102 0.033
3935.71644 16.245 0.045
3935.81397 16.636 0.043
3936.49849 16.487 0.053
3936.66399 16.532 0.024
3936.74035 16.034 0.029
3937.56274 16.315 0.045
3940.59091 16.128 0.034
3941.70756 16.539 0.061
3944.55881 16.514 0.039
3944.75917 16.347 0.054
3945.78710 16.184 0.043
3950.52664 16.630 0.027
3951.51937 16.146 0.030
3951.75068 16.213 0.041
3958.58179 16.440 0.029
3959.51457 16.043 0.036
3959.68900 16.094 0.040
3960.50381 16.468 0.027
3960.68291 16.568 0.019
3963.53645 16.283 0.027
3963.60637 16.321 0.024
3963.71382 16.269 0.048
3964.53156 16.634 0.026
3965.51597 16.346 0.024
3965.70725 16.294 0.028
3966.69286 16.451 0.034
3967.71832 16.710 0.051
3968.50366 16.123 0.024
3968.67360 16.119 0.036
3969.68594 16.060 0.034
3970.69301 16.540 0.036
3973.58445 16.202 0.029
3975.51662 16.315 0.030
3975.69325 16.524 0.053
3976.51116 16.635 0.029
3976.68722 16.151 0.035
3979.51342 16.262 0.056
3982.57406 16.290 0.023
3986.58852 16.333 0.044
3987.51087 15.957 0.025
3988.52377 16.507 0.027
3989.53438 16.154 0.042
3991.50697 16.296 0.051
3995.57693 16.614 0.026
3999.61428 16.144 0.032
4002.50368 16.354 0.032
4003.49789 16.261 0.029
4004.53199 16.300 0.024
4006.52495 16.185 0.022
4012.50486 16.203 0.045
4018.55866 16.102 0.029
4020.54349 16.116 0.051
4023.54383 15.993 0.035
4025.56321 15.986 0.032
4028.50263 16.490 0.049
4041.50711 15.997 0.032
4043.51486 16.671 0.066
4141.88253 16.403 0.031
4151.86370 16.317 0.038
4153.88564 16.548 0.022
4158.88364 16.497 0.058
4161.85158 16.251 0.035
4163.83446 16.287 0.018
4165.81587 15.997 0.032
4168.81305 16.187 0.020
4170.80499 16.280 0.025
4175.79563 16.080 0.030
4176.90697 16.571 0.021
4178.81071 16.574 0.025
4179.85500 16.384 0.016
4181.79144 16.427 0.043
4182.83638 16.254 0.016
4183.87253 16.511 0.053
4184.91317 16.528 0.036
4189.85583 16.173 0.036
4193.74780 16.491 0.048
4194.79339 16.046 0.026
4196.78345 16.410 0.038
4202.76499 16.647 0.026
4203.75300 16.248 0.016
4204.74526 16.466 0.046
4204.92756 16.161 0.020
4205.74180 16.333 0.020
4207.73126 16.546 0.022
4208.75336 16.234 0.024
4213.71789 16.260 0.039
4213.92147 16.255 0.015
4215.75057 16.127 0.034
4216.70836 16.584 0.048
4217.71581 16.287 0.021
4217.92528 16.521 0.017
4218.76543 16.701 0.100
4220.71108 16.349 0.037
4222.67982 16.042 0.041
4222.92458 16.376 0.021
4224.79053 16.358 0.014
4224.80204 16.381 0.017
4224.82484 16.291 0.030
4224.84518 16.447 0.023
4224.86690 16.180 0.040
4224.87624 16.472 0.027
4224.87907 16.339 0.025
4224.88198 16.416 0.028
4224.89350 16.504 0.020
4224.91573 16.339 0.028
4224.92582 16.460 0.022
4224.92877 16.327 0.027
4224.93165 16.228 0.039
4224.93464 16.320 0.036
4224.93731 16.279 0.033
4227.84608 16.394 0.036
4227.85365 16.273 0.025
4227.85748 16.239 0.020
4227.87452 16.261 0.027
4227.88697 16.210 0.030
4227.91069 16.244 0.025
4227.92031 16.247 0.024
4227.92898 16.255 0.032
4228.68594 16.521 0.034
4228.71727 16.545 0.024
4228.75741 16.481 0.026
4228.79369 16.511 0.029
4228.83544 16.555 0.041
4228.91952 16.617 0.050
4228.93093 16.552 0.045
4228.93383 16.423 0.038
4229.63499 16.169 0.036
4229.67962 16.125 0.030
4229.74178 16.217 0.020
4229.80924 16.334 0.022
4229.87657 16.205 0.031
4229.92715 16.458 0.023
4230.68932 16.581 0.028
4230.76230 16.636 0.013
4230.87737 16.171 0.032
4230.92849 16.212 0.036
4231.61575 16.224 0.036
4231.63166 16.352 0.030
4231.77588 16.462 0.024
4231.90008 16.272 0.044
4232.68373 16.748 0.059
4232.93389 15.951 0.032
4233.71743 16.534 0.044
4233.81901 16.535 0.055
4234.71719 16.105 0.025
4234.93152 16.127 0.034
4235.64519 16.496 0.025
4235.80644 16.549 0.021
4235.89887 16.377 0.020
4238.63114 16.386 0.041
4238.68155 16.570 0.053
4238.81931 16.174 0.037
4239.63789 16.679 0.057
4240.68525 16.259 0.035
4240.82533 16.392 0.030
4243.65106 16.105 0.034
4243.74377 16.404 0.030
4243.83752 16.243 0.029
4244.71965 16.450 0.037
4244.81246 16.195 0.023
4245.61649 16.213 0.032
4245.71041 16.311 0.022
4245.80622 16.351 0.041
4246.67478 16.378 0.024
4246.76766 16.155 0.030
4246.86099 16.159 0.027
4250.73818 16.314 0.026
4251.80976 16.043 0.029
4256.62587 16.712 0.057
4257.65753 16.402 0.041
4258.76325 16.211 0.025
4258.85737 16.229 0.035
4267.60137 16.351 0.029
4268.84745 16.405 0.036
4269.58377 16.200 0.021
4269.70432 16.243 0.024
4269.81308 16.233 0.026
4272.60568 16.653 0.023
4272.75483 16.091 0.020
4272.81404 16.099 0.029
4272.88563 16.332 0.053
4273.62279 16.693 0.049
4273.80343 16.311 0.032
4274.55545 16.810 0.058
4274.70919 16.176 0.026
4274.77032 16.162 0.031
4274.82873 16.367 0.062
4275.60788 16.442 0.043
4276.59266 16.022 0.030
4277.71337 16.479 0.031
4277.77206 16.461 0.056
4278.75750 16.669 0.048
4283.51589 16.138 0.028
4283.73620 16.370 0.024
4284.51082 16.216 0.037
4284.70140 16.404 0.023
4284.76374 16.184 0.021
4284.82858 15.928 0.024
4285.51393 16.027 0.027
4285.70668 16.337 0.036
4285.76847 16.305 0.022
4285.83380 16.284 0.035
4286.51362 16.507 0.047
4286.81855 16.319 0.048
4289.52143 16.184 0.032
4289.73997 16.365 0.032
4289.80508 16.139 0.022
4291.63034 16.644 0.022
4292.49600 16.229 0.015
4292.67518 16.290 0.020
4292.73378 16.512 0.017
4292.79229 16.554 0.028
4293.49631 16.447 0.034
4293.72094 16.025 0.017
4293.77973 16.235 0.018
4294.49549 16.360 0.028
4295.50260 16.345 0.034
4295.70065 16.130 0.023
4295.75924 16.376 0.021
4296.49965 16.379 0.038
4297.51920 16.063 0.025
4297.72083 16.240 0.027
4298.65980 16.178 0.028
4298.76568 16.259 0.032
4299.53709 16.360 0.022
4299.63056 16.333 0.028
4299.72230 16.344 0.024
4300.53278 16.640 0.039
4300.65284 16.155 0.021
4300.74837 16.234 0.025
4301.52366 16.401 0.022
4301.61939 16.423 0.040
4301.72092 16.365 0.023
4301.81079 16.591 0.036
4302.59663 16.026 0.032
4302.69681 16.151 0.024
4303.68264 16.438 0.040
4304.55675 16.194 0.034
4306.64074 16.469 0.038
4306.69645 16.544 0.040
4310.61994 16.467 0.033
4312.55219 16.713 0.033
4312.75064 15.901 0.028
4316.71636 16.186 0.034
4317.56446 16.579 0.023
4319.52171 16.280 0.046
4319.77654 16.366 0.045
4320.54851 16.327 0.025
4326.51577 16.659 0.026
4326.71293 16.151 0.038
4327.59458 16.405 0.036
4328.52138 16.092 0.026
4328.69941 16.118 0.040
4329.67883 16.411 0.036
4330.50224 16.164 0.037
4330.69553 16.351 0.035
4331.48238 16.280 0.046
4332.51217 16.382 0.022
4333.53326 16.200 0.027
4333.69438 16.138 0.037
4334.50664 16.608 0.054
4338.50649 16.624 0.036
4339.48382 16.245 0.032
4339.70026 16.399 0.035
4340.60410 16.116 0.018
4342.53631 16.131 0.024
4343.51515 16.588 0.025
4344.54338 16.067 0.032
4345.50857 16.590 0.019
4346.52128 16.128 0.034
4347.53599 16.089 0.021
4349.49762 16.152 0.024
4350.54427 16.506 0.025
4351.51016 16.301 0.019
4353.51404 16.371 0.022
4354.54276 16.182 0.016
4355.54571 16.369 0.034
4356.51077 15.984 0.032
4358.50289 16.069 0.035
4359.54041 16.256 0.036
4360.56978 16.232 0.039
4361.57320 15.946 0.034
4365.56579 16.089 0.032
4367.49905 16.298 0.034
4368.53545 15.812 0.032
4370.49951 16.264 0.024
4371.53794 16.598 0.024
4372.52367 16.298 0.025
4373.50986 16.020 0.026
4378.52237 16.284 0.030
4380.54890 16.063 0.019
4383.56068 16.384 0.044
4393.53468 16.351 0.038
4394.55002 16.037 0.026
4396.51345 16.049 0.031
4398.54267 16.199 0.028
4399.53538 15.878 0.025
4400.53744 16.270 0.043
4403.55293 16.028 0.030
4507.86818 16.578 0.042
4510.86450 16.534 0.051
4513.86562 16.391 0.020
4519.88571 16.578 0.022
4522.87963 16.345 0.042
4524.81545 16.440 0.034
4530.82308 16.149 0.013
4533.85894 16.275 0.039
4535.84170 16.100 0.033
4536.89938 16.576 0.036
4537.88501 16.339 0.019
4538.82012 16.458 0.029
4539.85817 16.202 0.037
4540.80438 16.507 0.018
4541.79708 16.400 0.018
4542.79177 16.289 0.043
4543.78731 16.424 0.035
4544.78420 16.157 0.039
4545.79051 16.551 0.028
4546.79763 15.999 0.022
4547.79160 16.359 0.019
4548.80256 16.204 0.035
4551.76880 16.135 0.017
4552.76478 16.481 0.029
4556.76088 16.075 0.031
4557.77809 16.531 0.048
4558.75503 16.269 0.022
4559.75295 16.405 0.032
4560.75308 16.317 0.021
4561.74314 16.170 0.041
4564.73329 16.464 0.039
4565.73137 16.313 0.020
4565.92227 16.443 0.018
4566.73085 16.680 0.033
4567.72389 16.302 0.019
4568.73243 16.280 0.025
4570.73215 16.134 0.035
4571.72682 16.616 0.049
4571.91537 16.209 0.021
4572.75431 16.342 0.019
4573.74269 16.478 0.033
4573.90905 16.157 0.014
4574.74508 16.303 0.025
4575.75416 15.968 0.017
4576.76067 16.445 0.017
4577.84238 16.143 0.028
4578.79340 16.729 0.059
4579.87032 16.398 0.024
4583.73713 16.477 0.032
4583.92992 16.285 0.024
4585.76084 16.852 0.059
4587.77378 16.110 0.032
4587.93231 16.166 0.032
4588.69625 16.548 0.054
4588.92710 16.751 0.037
4589.67916 16.116 0.023
4589.83455 16.094 0.021
4589.89658 16.315 0.027
4590.70193 16.496 0.026
4590.90659 16.371 0.019
4591.71043 16.257 0.021
4591.83587 16.345 0.022
4591.90243 16.395 0.022
4592.66906 16.591 0.045
4592.85831 16.160 0.019
4592.93667 16.197 0.017
4593.65819 16.327 0.032
4593.86790 16.410 0.020
4594.87425 16.110 0.025
4595.66872 16.256 0.041
4595.86316 16.338 0.032
4595.92500 16.231 0.041
4596.66395 16.035 0.033
4597.68837 16.453 0.033
4597.87989 16.279 0.032
4598.66466 16.243 0.015
4598.93338 16.553 0.037
4599.63716 16.496 0.029
4599.92771 16.214 0.040
4600.64641 16.327 0.018
4600.85513 16.322 0.016
4601.65198 16.610 0.027
4601.86823 16.158 0.014
4601.93009 16.322 0.032
4602.64461 16.350 0.025
4602.85403 16.558 0.016
4603.88713 16.372 0.031
4606.64588 16.796 0.031
4606.90096 16.246 0.024
4610.74205 16.250 0.016
4611.63136 16.474 0.030
4611.82221 16.207 0.014
4612.65274 16.217 0.020
4612.68400 16.309 0.018
4615.79448 16.129 0.025
4616.82002 16.519 0.038
4616.88998 16.294 0.035
4617.67523 16.237 0.022
4618.61526 16.414 0.047
4621.91663 16.778 0.033
4622.81368 16.444 0.043
4623.64823 16.667 0.058
4623.87279 16.117 0.039
4624.59278 16.266 0.035
4624.81690 16.348 0.026
4625.60687 16.629 0.058
4625.91464 15.860 0.032
4626.60536 16.535 0.051
4626.86586 16.310 0.045
4627.56583 16.509 0.036
4627.85512 16.294 0.023
4627.92238 16.130 0.032
4628.55309 16.276 0.030
4628.75937 16.407 0.032
4628.89472 16.320 0.033
4629.63051 16.108 0.016
4629.83313 16.244 0.023
4629.91115 16.385 0.046
4630.56646 16.318 0.028
4630.77227 16.546 0.022
4630.85565 16.217 0.036
4630.91842 16.081 0.034
4631.56784 16.172 0.016
4631.78357 16.330 0.022
4631.87027 16.423 0.041
4632.57163 16.635 0.028
4632.85838 16.111 0.026
4633.57160 16.311 0.017
4633.60406 16.285 0.014
4633.68311 16.374 0.018
4633.79886 16.588 0.025
4633.81655 16.476 0.018
4633.82604 16.491 0.024
4633.88732 16.449 0.030
4638.70762 16.217 0.034
4638.75667 16.303 0.035
4638.86687 16.301 0.035
4639.53524 16.591 0.026
4639.57919 16.397 0.039
4639.67699 16.591 0.016
4640.59870 16.391 0.029
4640.73086 16.484 0.026
4640.83590 16.620 0.052
4641.67270 16.146 0.018
4641.78265 16.034 0.030
4642.59663 16.488 0.026
4642.75915 16.253 0.039
4642.83422 16.262 0.037
4643.55439 16.074 0.032
4644.60177 16.588 0.049
4644.86349 16.095 0.029
4645.52485 15.980 0.037
4645.77331 16.442 0.031
4646.52286 16.461 0.022
4646.85525 16.091 0.031
4647.51925 16.145 0.022
4647.85331 16.607 0.037
4648.50239 16.581 0.034
4648.71887 16.235 0.025
4648.81991 16.201 0.028
4649.52851 16.056 0.034
4649.80734 16.577 0.039
4649.86359 16.329 0.032
4650.51447 16.190 0.029
4650.77839 16.395 0.041
4651.81296 15.903 0.022
4652.50887 16.155 0.016
4652.72200 16.318 0.020
4652.79687 16.262 0.029
4652.84661 16.613 0.040
4653.50521 16.491 0.051
4653.72438 16.024 0.017
4653.78961 16.144 0.039
4654.54402 16.378 0.060
4654.75549 16.359 0.033
4654.83706 16.490 0.058
4655.72955 16.277 0.016
4655.79134 16.306 0.042
4656.50700 16.270 0.016
4656.69679 16.542 0.026
4657.73315 16.148 0.032
4658.66550 16.664 0.032
4659.60482 16.038 0.030
4660.61782 16.316 0.043
4661.49505 16.289 0.036
4661.69573 16.405 0.045
4665.66253 16.388 0.041
4666.56798 16.349 0.018
4666.71103 16.194 0.034
4666.75322 16.286 0.032
4670.65266 16.283 0.039
4671.58820 16.242 0.020
4672.51369 16.462 0.022
4672.70613 16.245 0.033
4672.72842 16.048 0.029
4674.70989 16.093 0.024
4675.68463 16.506 0.030
4677.49339 16.438 0.024
4677.63979 16.573 0.035
4678.69678 16.236 0.027
4679.63577 16.465 0.046
4681.53480 16.531 0.034
4681.63479 16.137 0.040
4681.76702 16.065 0.034
4682.50580 16.281 0.024
4682.66313 16.552 0.031
4682.75832 16.275 0.024
4683.71125 16.101 0.037
4684.51682 16.489 0.024
4684.73055 16.138 0.023
4685.50183 15.917 0.022
4685.73679 16.237 0.029
4686.50554 16.539 0.031
4687.48930 16.179 0.021
4687.74484 16.635 0.043
4688.50224 16.460 0.036
4688.69207 16.145 0.022
4688.75386 16.046 0.026
4693.55003 16.602 0.034
4694.54507 16.083 0.031
4697.50573 16.038 0.030
4698.51122 16.500 0.021
4699.50738 16.237 0.026
4700.51366 16.598 0.024
4701.50895 16.318 0.028
4702.50748 16.015 0.034
4703.57800 16.553 0.027
4704.64773 16.139 0.028
4705.51109 16.541 0.045
4707.64146 16.207 0.021
4709.52046 15.973 0.030
4710.55006 16.455 0.024
4715.58940 16.246 0.041
4716.59182 16.228 0.035
4720.55897 16.207 0.022
4721.49143 16.066 0.032
4722.60381 16.164 0.038
4724.51288 16.251 0.027
4725.49167 15.981 0.025
4726.55259 16.159 0.035
4728.59773 15.839 0.022
4730.57189 16.062 0.026
4733.52815 16.124 0.033
4734.55751 16.184 0.032
4737.54843 16.128 0.031
4740.55896 15.820 0.027
4741.56664 16.342 0.037
4753.55244 16.362 0.034
4756.53130 16.010 0.032
4758.51414 16.098 0.026
4868.88455 16.262 0.020
4873.85726 16.190 0.027
4874.85174 16.535 0.040
4877.85157 16.328 0.024
4884.85910 16.557 0.027
4887.83120 16.316 0.020
4890.88717 16.146 0.018
4896.87541 16.698 0.038
4899.84634 16.159 0.022
4900.88774 16.375 0.019
4901.88614 16.299 0.017
4902.88483 16.053 0.012
4904.80896 16.151 0.018
4905.91295 16.533 0.030
4910.81490 16.388 0.020
4911.78546 16.171 0.015
4912.78241 16.451 0.014
4914.79944 16.706 0.037
4917.76047 16.407 0.018
4920.74039 16.259 0.021
4924.78141 16.436 0.028
4925.82136 16.249 0.017
4925.90842 16.256 0.020
4925.91983 16.266 0.023
4927.87553 16.322 0.032
4928.73755 16.288 0.031
4929.79382 16.371 0.015
4930.70831 16.252 0.027
4930.82726 16.102 0.018
4931.86880 16.309 0.022
4932.72618 16.228 0.022
4932.82687 16.224 0.013
4933.77452 16.426 0.048
4934.87774 16.259 0.044
4938.68351 16.212 0.025
4938.88815 16.652 0.035
4939.70243 16.237 0.034
4940.70242 16.409 0.030
4941.68119 16.225 0.022
4941.77917 16.432 0.027
4942.71898 16.319 0.023
4943.67301 16.615 0.044
4943.81250 16.409 0.022
4944.66980 16.173 0.025
4944.70803 15.946 0.024
4944.82528 16.236 0.027
4945.71828 16.407 0.019
4945.77474 16.539 0.018
4946.66793 16.177 0.023
4947.66163 16.552 0.030
4947.85986 16.002 0.020
4948.84217 16.320 0.021
4950.66985 16.413 0.029
4951.65030 16.124 0.029
4952.64856 16.436 0.037
4953.64219 16.051 0.029
4953.81674 16.182 0.016
4954.83660 15.918 0.022
4955.64442 16.080 0.039
4955.77778 16.196 0.032
