2167.84934 18.613 0.047
2173.85669 18.566 0.035
2190.79442 18.495 0.036
2192.82837 18.792 0.052
2214.79567 18.931 0.066
2224.75245 18.578 0.035
2232.82707 18.784 0.056
2239.60645 18.897 0.070
2241.66798 18.544 0.045
2243.72656 18.788 0.052
2248.80699 18.322 0.028
2250.85285 18.647 0.044
2252.65819 18.679 0.043
2254.64912 18.752 0.047
2257.65303 18.761 0.039
2264.76221 18.543 0.033
2266.65067 18.690 0.050
2270.64677 18.367 0.033
2271.79758 18.624 0.033
2273.74745 18.430 0.041
2275.83449 18.782 0.060
2277.65616 18.801 0.037
2279.82848 18.488 0.040
2281.81534 18.685 0.037
2283.84954 18.859 0.050
2288.75567 18.762 0.044
2290.79404 18.526 0.041
2292.77059 18.844 0.065
2296.75602 18.351 0.050
2298.77545 18.686 0.054
2300.72845 18.734 0.052
2302.70629 18.695 0.056
2321.67950 18.493 0.043
2327.56610 18.507 0.050
2333.57532 18.944 0.080
2339.55175 18.802 0.055
2357.52303 18.679 0.091
2395.52408 18.367 0.050
2529.82052 18.817 0.055
2552.84611 18.830 0.054
2556.83761 18.471 0.036
2564.85411 18.660 0.048
2573.85270 18.493 0.043
2578.77703 18.656 0.051
2605.75130 18.862 0.047
2609.74750 18.730 0.058
2618.73422 18.641 0.050
2623.82540 18.855 0.047
2627.69188 18.502 0.054
2629.71490 18.670 0.054
2634.76641 18.800 0.044
2638.65980 18.587 0.039
2641.72456 18.523 0.037
2650.84026 18.610 0.036
2652.74451 18.667 0.050
2654.67934 18.826 0.059
2656.65287 18.814 0.056
2658.61529 18.505 0.051
2660.63276 18.694 0.050
2662.61555 18.792 0.047
2672.74551 18.641 0.041
2678.71815 18.514 0.040
2682.67680 18.885 0.066
2687.55289 18.835 0.070
2696.54604 18.830 0.060
2701.52818 18.762 0.058
2707.52566 18.802 0.058
2714.52454 18.626 0.056
2840.91375 18.878 0.070
2894.85519 18.798 0.058
2899.85673 18.443 0.035
2905.84573 18.437 0.048
2911.80504 18.847 0.045
2916.85529 18.470 0.030
2922.83908 18.330 0.041
2926.76649 18.724 0.044
2930.84022 18.549 0.037
2934.74200 18.806 0.045
2940.72214 18.729 0.041
2942.84354 18.282 0.028
2947.73606 18.407 0.041
2953.69295 18.432 0.041
2956.71873 18.490 0.033
2958.74501 18.628 0.051
2965.77629 18.830 0.041
2968.71985 18.801 0.044
2973.85991 18.493 0.041
2979.85054 18.464 0.035
2984.74359 18.436 0.037
2986.82620 18.729 0.058
2988.79660 18.824 0.043
2989.81395 18.699 0.045
2991.64709 18.749 0.045
2993.63454 18.854 0.045
2995.73531 18.611 0.032
2997.71312 18.722 0.043
2999.73614 18.727 0.041
3001.77196 18.541 0.033
3003.74268 18.688 0.037
3005.64790 18.770 0.054
3007.68096 18.336 0.037
3009.74730 18.654 0.041
3011.72298 18.798 0.055
3013.72743 18.314 0.032
3017.72890 18.783 0.043
3019.65688 18.839 0.054
3021.77565 18.538 0.036
3023.63744 18.588 0.032
3024.83856 18.546 0.039
3026.83524 18.699 0.030
3029.63960 18.558 0.033
3031.70955 18.755 0.040
3033.77310 18.338 0.024
3035.78014 18.667 0.035
3038.75762 18.539 0.047
3040.72828 18.779 0.062
3042.67220 18.835 0.052
3044.60615 18.544 0.041
3045.69513 18.795 0.052
3047.64880 18.433 0.035
3049.65450 18.521 0.026
3051.62272 18.778 0.047
3055.61624 18.477 0.036
3057.64166 18.665 0.036
3059.58554 18.766 0.036
3061.57858 18.547 0.047
3068.51995 18.617 0.045
3070.57562 18.824 0.062
3073.57795 18.754 0.060
3075.68933 18.563 0.059
3078.62133 18.365 0.032
3082.59883 18.776 0.041
3084.67590 18.347 0.035
3087.63863 18.553 0.044
3090.60202 18.856 0.058
3096.51976 18.726 0.075
3099.59003 18.807 0.071
3102.56930 18.785 0.056
3105.60157 18.732 0.054
3108.57950 18.666 0.045
3112.55684 18.292 0.033
3116.53820 18.799 0.056
3127.50559 18.760 0.044
3140.49485 18.439 0.043
3223.89446 18.855 0.062
3241.88061 18.709 0.051
3248.84402 18.753 0.060
3257.87187 18.871 0.043
3270.86083 18.504 0.035
3277.84482 18.855 0.054
3287.74964 18.406 0.029
3295.70188 18.515 0.025
3299.76488 18.726 0.029
3301.76239 18.533 0.043
3304.82262 18.540 0.037
3309.72849 18.602 0.040
3311.72638 18.773 0.041
3323.70397 18.698 0.040
3327.74074 18.335 0.029
3330.69955 18.582 0.045
3338.84525 18.645 0.039
3340.86034 18.733 0.062
3350.67879 18.771 0.033
3354.72642 18.768 0.041
3358.80677 18.611 0.030
3361.83895 18.631 0.036
3365.74136 18.786 0.043
3372.75769 18.581 0.032
3378.67038 18.356 0.032
3391.73813 18.666 0.043
3394.74968 18.732 0.044
3396.62967 18.765 0.047
3399.70692 18.901 0.058
3403.69422 18.703 0.048
3408.60361 18.685 0.037
3417.57623 18.539 0.037
3425.58450 18.745 0.058
3431.56669 18.650 0.037
3437.54796 18.463 0.033
3445.55334 18.680 0.040
3455.51012 18.885 0.069
3460.50167 18.331 0.029
3477.49640 18.406 0.044
3601.87374 18.522 0.044
3644.80363 18.487 0.035
3664.84350 18.412 0.026
3675.86929 18.628 0.037
3684.77743 18.414 0.025
3687.78307 18.328 0.029
3703.71081 18.651 0.030
3705.77442 18.764 0.033
3708.73301 18.785 0.054
3717.65626 18.611 0.040
3730.68521 18.907 0.039
3732.70995 18.520 0.029
3742.69761 18.790 0.066
3745.77329 18.753 0.047
3752.76337 18.472 0.043
3754.78111 18.769 0.044
3761.78992 18.445 0.030
3787.58947 18.783 0.040
3792.54125 18.862 0.051
3800.51865 18.380 0.037
3809.53049 18.560 0.055
4041.67803 18.490 0.041
4043.68232 18.589 0.054
4068.82756 18.809 0.037
4125.76305 18.663 0.043
4371.86277 18.756 0.048
4380.81508 18.653 0.041
4404.72483 18.773 0.062
4481.68870 18.858 0.043
4510.70831 18.872 0.050
4525.55367 18.620 0.041
4531.57569 18.518 0.036
4533.57809 18.634 0.043
4537.62811 18.538 0.044
