 455.68199 18.644 0.018
 456.68801 18.910 0.035
 456.79755 19.051 0.027
 457.58979 18.724 0.020
 457.63370 18.723 0.021
 457.64796 18.842 0.026
 457.69235 18.865 0.025
 457.70660 19.135 0.028
 457.75095 19.048 0.027
 457.80959 19.002 0.031
 457.82387 19.012 0.033
 457.83906 18.768 0.027
 458.66615 18.890 0.028
 458.68042 19.162 0.040
 458.73525 19.071 0.035
 459.58340 18.827 0.026
 459.62953 18.995 0.027
 459.64373 19.051 0.029
 459.68811 18.963 0.025
 459.74754 18.890 0.026
 459.79140 18.689 0.023
 459.83520 18.681 0.025
 459.84939 18.689 0.027
 461.59428 18.960 0.027
 461.63806 19.042 0.029
 461.65233 19.022 0.030
 461.69672 18.681 0.019
 461.76626 18.768 0.026
 461.78052 18.719 0.024
 462.59483 18.923 0.023
 462.60909 19.004 0.026
 462.65344 18.678 0.019
 462.69941 18.759 0.023
 465.70150 19.002 0.035
 465.74595 19.037 0.036
 465.83071 18.813 0.025
 465.85236 18.730 0.026
 466.68197 19.047 0.037
 466.74852 19.137 0.032
 466.83352 18.667 0.022
 466.84783 18.706 0.024
 467.68564 19.040 0.028
 467.79023 18.721 0.023
 468.69655 18.856 0.026
 468.76246 18.728 0.023
 468.77674 18.813 0.025
 468.82108 18.833 0.025
 468.85769 18.903 0.025
 469.69322 18.735 0.026
 469.77135 18.832 0.032
 469.78566 18.898 0.035
 469.84033 18.922 0.034
 470.77192 18.929 0.039
 471.67906 18.765 0.027
 471.81581 19.317 0.068
 472.65370 18.871 0.026
 472.69747 18.820 0.025
 472.74129 18.940 0.036
 472.80720 19.062 0.040
 472.82147 18.901 0.039
 472.83670 18.910 0.043
 473.72123 19.299 0.064
 474.73326 19.082 0.037
 475.56757 18.926 0.033
 475.58200 18.878 0.030
 475.62633 18.965 0.035
 475.69243 18.932 0.041
 475.74460 18.855 0.037
 476.77860 18.626 0.035
 477.56432 19.016 0.028
 477.61564 19.135 0.030
 477.76308 18.827 0.029
 477.79957 18.839 0.029
 477.84391 19.007 0.036
 478.57047 19.007 0.027
 478.79086 18.940 0.028
 478.80525 18.919 0.027
 478.84981 19.079 0.037
 479.56928 18.983 0.027
 479.61313 18.741 0.024
 479.73236 18.868 0.029
 479.80551 19.053 0.038
 479.85076 19.030 0.048
 480.60533 18.685 0.025
 480.68650 18.789 0.022
 480.78010 19.012 0.031
 480.82420 18.912 0.035
 481.53981 18.687 0.025
 481.59052 18.733 0.024
 481.73891 18.998 0.034
 481.78291 19.004 0.034
 481.82681 18.829 0.032
 482.73976 19.015 0.029
 482.81766 18.749 0.027
 482.83248 18.813 0.034
 483.53795 18.812 0.033
 483.60602 19.005 0.036
 483.65047 18.998 0.031
 483.69438 19.057 0.036
 483.73830 18.770 0.026
 483.78224 18.716 0.025
 483.82616 18.641 0.037
 484.53613 18.978 0.045
 484.60475 19.022 0.030
 484.71341 18.741 0.024
 484.75775 18.705 0.023
 484.80175 18.845 0.031
 485.54070 19.047 0.032
 485.60834 19.063 0.030
 485.75527 18.726 0.024
 485.79940 18.919 0.032
 486.53287 19.047 0.031
 486.60485 18.910 0.029
 486.69121 18.903 0.035
 486.74695 18.807 0.027
 486.79210 18.891 0.030
 487.56024 18.926 0.031
 487.63189 18.630 0.018
 487.68007 18.789 0.023
 487.72793 18.848 0.024
 487.77202 19.009 0.030
 487.81617 19.009 0.033
 488.61734 18.761 0.027
 488.66127 18.807 0.020
 488.73011 19.021 0.038
 488.77413 19.024 0.033
 488.81818 19.031 0.039
 489.59304 18.702 0.019
 489.68204 18.987 0.027
 489.72599 18.950 0.030
 489.76989 19.067 0.035
 490.58629 18.758 0.020
 490.72348 19.223 0.037
 490.76755 18.843 0.027
 490.81157 18.692 0.025
 491.61084 18.989 0.027
 491.66261 19.013 0.031
 491.70679 18.894 0.030
 491.82016 18.789 0.028
 492.52808 18.999 0.038
 492.59496 19.113 0.035
 493.59802 19.149 0.032
 493.64248 18.816 0.026
 494.52617 19.116 0.036
 494.59274 18.912 0.027
 494.63667 18.721 0.024
 494.68085 18.755 0.023
 494.72522 18.678 0.024
 494.77016 18.778 0.019
 495.52824 18.992 0.040
 495.59553 18.724 0.026
 495.66916 18.800 0.033
 495.72264 18.922 0.043
 496.52344 18.909 0.040
 496.59087 18.731 0.026
 496.63566 18.810 0.033
 496.67974 18.960 0.043
 496.72467 19.040 0.046
 497.69370 19.126 0.042
 498.52276 18.815 0.038
 498.58997 18.850 0.030
 498.63402 19.019 0.027
 498.74776 19.002 0.034
 498.79170 18.605 0.026
 499.58495 18.978 0.031
 499.63063 19.068 0.031
 499.77093 18.677 0.034
 500.53961 18.900 0.036
 500.58360 19.088 0.044
 500.62762 19.001 0.052
 500.67256 18.984 0.046
 500.72366 18.775 0.034
 500.76814 18.689 0.033
 501.59182 19.180 0.042
 501.71057 18.734 0.033
 507.53337 18.874 0.031
 507.58028 18.885 0.028
 507.62544 19.180 0.068
 507.69724 18.937 0.048
 509.53056 19.107 0.044
 509.57609 19.088 0.035
 509.62322 18.885 0.033
 509.67555 18.676 0.036
 510.56126 19.054 0.042
 510.61773 18.836 0.032
 510.66329 18.931 0.036
 510.71088 18.825 0.034
 511.70317 18.825 0.040
 512.60992 18.756 0.033
 512.65816 18.837 0.041
 512.73250 19.222 0.039
 513.59017 18.916 0.049
 513.63574 18.730 0.021
 513.72744 19.107 0.033
 514.59839 18.983 0.026
 514.66748 19.037 0.037
 514.71782 19.121 0.037
 514.76469 18.683 0.024
 515.59253 19.012 0.026
 515.64731 19.102 0.031
 515.69554 18.910 0.028
 516.52414 18.881 0.034
 516.59884 19.012 0.039
 516.65304 19.005 0.039
 516.70002 18.676 0.024
 516.74653 18.748 0.029
 517.59684 19.022 0.039
 517.64665 18.769 0.029
 517.69665 18.694 0.027
 517.74281 18.641 0.028
 518.63419 18.712 0.027
 518.67944 18.751 0.031
 518.72851 18.806 0.034
 519.59479 18.637 0.021
 519.64145 18.759 0.033
 519.72385 18.925 0.035
 520.73560 19.005 0.038
 521.59113 18.869 0.036
 521.63622 18.993 0.043
 521.69902 19.107 0.055
 523.60041 19.196 0.044
 523.65336 19.132 0.037
 523.70324 18.845 0.036
 524.59288 18.968 0.040
 524.64280 19.256 0.079
 526.57976 18.797 0.039
 527.70492 18.885 0.040
 530.54438 18.789 0.035
 530.59509 19.178 0.070
 531.51740 18.713 0.038
 531.61641 19.104 0.057
 532.50602 18.906 0.041
 532.58196 19.067 0.049
 533.50505 18.983 0.044
 533.59918 18.859 0.053
 533.63098 18.752 0.042
 534.51428 19.001 0.038
 534.58841 18.731 0.035
 534.63249 18.759 0.034
 534.68426 18.778 0.053
 535.51872 19.054 0.027
 536.55212 18.717 0.028
 536.59727 18.866 0.037
 536.64783 19.027 0.049
 537.54671 18.685 0.025
 537.64693 19.057 0.034
 538.53474 18.872 0.038
 538.58646 19.068 0.039
 539.54332 18.843 0.027
 539.65441 19.007 0.031
 540.66015 19.015 0.039
 541.55368 19.047 0.032
 541.61074 18.803 0.026
 542.54281 19.016 0.032
 542.59466 18.830 0.027
 542.64214 18.724 0.028
 543.58107 18.763 0.030
 543.66215 18.931 0.033
 544.53378 18.803 0.029
 544.57809 18.734 0.026
 544.62237 18.832 0.031
 544.66762 18.765 0.029
 551.52355 18.772 0.026
 552.53501 18.603 0.026
 553.54035 18.836 0.038
 554.51705 18.832 0.042
 554.53208 18.887 0.040
 554.60251 18.859 0.055
 555.52344 18.840 0.068
 557.62397 18.747 0.048
 558.52512 18.989 0.070
 558.57074 18.832 0.071
 559.55458 18.639 0.036
 560.53260 18.662 0.051
 560.54747 18.719 0.055
 561.48796 18.719 0.038
 561.53263 18.680 0.040
 562.48004 18.738 0.041
 562.53416 18.950 0.072
 564.48893 18.913 0.066
 564.53538 19.202 0.069
 565.54114 18.916 0.043
 567.53622 18.709 0.028
 568.52148 18.790 0.050
 569.53127 18.714 0.032
 571.51710 18.887 0.041
 572.54758 18.974 0.046
 573.48015 19.002 0.059
 574.50965 19.053 0.041
 575.50825 18.863 0.052
 577.51719 18.747 0.035
 578.53076 18.809 0.040
 582.51291 18.922 0.049
 583.51565 18.782 0.049
 673.83475 18.901 0.036
 689.88515 19.007 0.036
 699.80708 18.949 0.041
 699.88639 18.740 0.031
 701.80433 18.689 0.041
 701.85198 18.727 0.042
 704.84614 18.971 0.040
 704.89453 19.129 0.051
 706.79247 18.954 0.062
 706.87592 19.067 0.058
 714.85176 19.104 0.039
 715.81169 19.010 0.048
 716.80795 18.872 0.035
 720.86427 19.005 0.044
 722.82225 19.233 0.053
 726.78028 18.689 0.033
 728.80314 18.891 0.031
 728.82000 18.868 0.034
 729.80318 18.906 0.043
 729.87484 18.816 0.043
 730.75872 18.878 0.042
 733.77570 18.769 0.055
 733.84971 18.727 0.042
 741.85299 18.685 0.030
 741.87048 18.727 0.036
 744.87597 19.160 0.058
 745.71766 18.796 0.034
 745.80780 18.950 0.038
 747.78466 19.172 0.044
 747.85618 18.701 0.028
 748.73877 19.132 0.049
 751.72199 18.723 0.040
 753.81003 19.016 0.039
 755.68224 18.839 0.050
 759.79537 18.810 0.028
 760.77182 18.812 0.035
 765.79838 18.641 0.034
 766.81871 18.793 0.049
 769.78916 19.119 0.048
 772.83786 18.723 0.031
 774.79571 18.665 0.032
 775.81958 18.901 0.030
 778.77906 19.309 0.071
 779.83824 18.790 0.031
 780.84986 18.656 0.036
 781.78389 18.833 0.036
 787.81461 18.745 0.027
 789.75140 18.836 0.034
 789.79864 18.703 0.031
 790.80909 18.881 0.039
 795.76674 18.912 0.038
 796.83863 18.712 0.033
 797.76644 18.665 0.027
 798.73837 18.701 0.030
 805.82325 18.734 0.052
 816.71604 18.833 0.032
 816.79425 19.063 0.040
 817.71350 18.848 0.033
 819.81317 18.724 0.039
 822.78041 18.793 0.031
 822.82737 18.812 0.027
 824.85662 18.937 0.034
 825.73971 19.119 0.056
 826.68010 18.938 0.039
 827.65017 19.073 0.040
 828.83474 18.868 0.039
 829.66924 19.013 0.056
 829.78257 18.787 0.041
 831.64586 18.836 0.043
 832.70694 18.723 0.030
 832.72204 18.872 0.034
 833.65485 18.796 0.028
 836.80573 18.659 0.033
 839.60100 18.901 0.038
 840.68510 18.674 0.041
 841.82297 18.832 0.042
 842.78815 18.787 0.041
 843.68554 18.900 0.034
 850.65914 18.895 0.039
 850.67722 19.170 0.057
 854.69695 18.637 0.035
 854.73798 18.932 0.049
 855.66385 18.779 0.056
 856.63017 18.765 0.047
 856.72929 18.787 0.059
 858.60272 18.665 0.037
 858.61058 18.904 0.047
 860.75721 18.717 0.047
 875.57805 19.004 0.036
 875.59231 19.080 0.039
 880.50933 18.904 0.039
 880.56360 18.731 0.036
 887.57700 18.868 0.040
 887.58958 18.562 0.033
 892.67354 19.012 0.047
 892.70521 18.792 0.041
 895.49589 19.042 0.051
 895.55133 18.888 0.045
 897.49462 18.617 0.030
 898.55824 18.776 0.027
 922.47797 18.738 0.031
 922.62556 18.931 0.043
 928.49649 18.640 0.043
 928.55147 18.643 0.047
 931.51896 18.929 0.056
 933.58317 18.959 0.049
 934.49114 18.937 0.051
 947.52282 18.974 0.063
 950.49354 19.019 0.045
 952.48521 18.560 0.032
 952.51668 18.677 0.033
1045.91132 18.972 0.056
1051.89155 18.823 0.040
1053.90701 18.698 0.026
1053.91481 18.782 0.028
1054.92269 18.748 0.041
1055.89519 18.971 0.056
1059.90796 18.703 0.037
1061.91770 18.713 0.051
1065.91097 19.123 0.054
1068.80236 18.981 0.042
1069.79657 18.855 0.037
1069.86516 18.713 0.032
1071.79541 18.995 0.051
1077.82192 18.611 0.029
1083.77111 19.093 0.044
1087.83729 18.888 0.044
1088.83995 18.862 0.042
1091.83983 19.048 0.057
1092.87250 18.696 0.033
1102.76430 18.698 0.024
1102.82221 18.661 0.021
1106.82132 18.953 0.030
1106.87725 18.819 0.035
1107.80502 18.950 0.037
1112.80284 18.893 0.039
1113.81778 19.157 0.041
1116.77908 19.012 0.036
1119.82252 18.882 0.039
1126.67885 19.044 0.047
1128.83075 19.053 0.042
1129.72600 18.820 0.034
1131.71634 19.167 0.064
1132.76838 18.983 0.044
1132.77619 18.780 0.036
1136.80165 18.890 0.035
1136.80951 18.855 0.030
1138.82807 19.057 0.040
1142.69277 18.793 0.027
1142.70175 18.654 0.025
1144.76169 18.724 0.029
1151.78756 18.766 0.033
1151.79633 18.882 0.035
1154.80418 19.051 0.045
1157.79747 18.775 0.044
1158.78435 18.703 0.030
1160.83094 18.989 0.036
1161.76225 18.907 0.027
1163.77237 18.850 0.040
1165.78299 18.601 0.027
1166.80633 18.797 0.041
1169.77788 19.018 0.043
1169.78687 18.842 0.039
1171.83530 18.809 0.027
1174.75167 18.799 0.032
1174.76165 18.685 0.026
1175.84295 18.940 0.033
1179.76856 18.980 0.045
1179.83692 18.696 0.047
1181.84063 18.742 0.037
1183.73173 18.772 0.029
1185.84647 18.949 0.032
1186.79501 18.839 0.029
1187.80201 18.845 0.027
1187.85626 18.622 0.028
1189.82500 18.797 0.032
1191.83045 19.204 0.038
1192.70214 18.815 0.032
1194.73777 19.044 0.040
1196.61827 18.853 0.048
1196.73506 18.806 0.044
1201.74387 18.928 0.047
1201.75297 19.040 0.052
1203.76370 18.792 0.034
1204.73859 18.731 0.030
1207.62057 18.735 0.038
1207.63141 18.684 0.039
1211.65833 18.941 0.044
1211.71175 18.998 0.049
1214.60490 19.015 0.047
1214.65923 18.598 0.035
1217.63404 18.707 0.036
1217.65828 18.941 0.039
1219.71411 19.054 0.046
1220.63892 18.893 0.036
1223.58239 18.796 0.039
1223.66515 18.571 0.028
1225.60613 18.698 0.026
1227.68657 18.947 0.056
1228.64889 18.952 0.053
1231.58252 18.656 0.033
1231.59035 18.699 0.038
1234.63077 18.751 0.036
1236.63826 19.028 0.061
1239.68856 18.676 0.036
1240.59069 18.614 0.029
1241.70514 18.962 0.051
1242.69239 18.957 0.048
1243.51211 18.809 0.045
1244.64201 19.042 0.045
1245.59683 19.087 0.043
1247.57259 18.843 0.049
1248.66397 18.894 0.040
1254.51545 18.944 0.048
1256.55730 18.716 0.055
1259.50783 18.701 0.037
1260.58280 19.107 0.043
1264.50203 19.036 0.058
1265.55775 18.734 0.037
1267.52121 18.735 0.045
1273.52738 18.568 0.046
1275.50639 18.699 0.037
1277.53994 19.002 0.051
1278.53891 18.986 0.051
1281.55314 18.685 0.040
1288.48371 18.943 0.048
1288.53817 18.661 0.040
1290.60559 19.001 0.053
1296.54293 18.688 0.042
1298.52496 18.723 0.039
1298.58083 18.925 0.064
1301.52256 19.108 0.072
1301.53024 18.915 0.055
1305.56838 18.795 0.042
1306.47153 18.562 0.036
1308.49793 18.859 0.038
1312.46445 18.859 0.056
1313.54441 18.669 0.043
1316.47982 18.917 0.024
1319.51258 18.692 0.032
1319.52040 18.710 0.036
1320.46041 18.761 0.047
1329.49111 18.622 0.047
1330.45746 18.628 0.046
1332.45566 18.786 0.047
1332.47400 18.779 0.047
1333.46125 19.167 0.073
1335.45762 18.952 0.057
1336.45702 18.622 0.057
1336.47314 18.727 0.059
1336.48118 18.626 0.051
1338.47889 18.676 0.065
1338.48682 19.099 0.094
1339.45425 18.756 0.066
1339.46418 18.678 0.065
1340.45237 18.853 0.078
1340.47699 18.850 0.059
1340.48582 19.044 0.065
1342.45698 18.952 0.057
1343.47291 18.807 0.046
1350.46189 19.189 0.070
1360.94140 18.968 0.063
1365.94117 18.622 0.045
1375.93161 18.978 0.061
1395.90688 18.882 0.051
1400.89273 18.989 0.050
1412.87095 18.744 0.045
1412.90312 18.680 0.039
1415.91244 18.807 0.053
1418.86817 19.007 0.052
1430.86721 18.717 0.037
1431.85053 18.681 0.033
1432.85654 18.871 0.043
1432.86442 18.766 0.040
1433.90175 18.989 0.050
1435.76841 19.030 0.052
1435.83257 19.090 0.061
1437.81651 18.689 0.039
1440.80859 18.809 0.034
1440.86413 18.891 0.046
1443.85163 18.882 0.051
1446.87618 18.728 0.047
1446.88380 18.768 0.051
1447.90174 18.983 0.066
1448.77487 18.667 0.043
1451.89446 18.827 0.045
1454.79443 18.528 0.048
1458.81048 19.034 0.053
1459.80348 18.833 0.043
1459.83794 18.906 0.039
1462.74928 18.676 0.039
1462.80773 18.728 0.047
1470.78961 18.694 0.027
1470.86812 18.822 0.037
1475.78076 18.925 0.040
1475.78927 18.963 0.041
1477.67382 18.962 0.047
1478.73612 18.641 0.037
1479.71469 18.683 0.039
1481.70973 18.684 0.036
1484.73039 18.992 0.048
1484.85919 18.684 0.029
1487.73917 18.607 0.029
1487.75607 18.654 0.027
1490.73597 18.853 0.042
1491.68420 18.853 0.041
1492.72910 18.974 0.045
1493.83611 18.773 0.037
1494.72968 18.563 0.035
1495.72760 18.672 0.032
1497.78557 19.012 0.038
1499.68535 19.146 0.075
1499.69335 18.907 0.051
1502.68064 19.074 0.052
1502.68865 18.971 0.045
1503.83855 18.938 0.039
1505.72122 18.710 0.034
1505.72904 18.833 0.039
1507.80024 18.845 0.049
1507.85464 18.749 0.040
1510.77630 18.717 0.030
1510.83064 18.770 0.032
1512.72741 18.836 0.046
1512.73531 18.620 0.034
1514.83851 19.009 0.045
1514.84655 18.813 0.044
1515.70067 18.954 0.043
1517.67396 18.931 0.038
1517.73234 18.816 0.028
1518.83729 18.762 0.030
1519.74760 18.629 0.027
1521.68333 18.749 0.034
1521.69142 18.797 0.035
1523.63843 18.633 0.049
1523.80410 18.938 0.050
1525.74243 18.670 0.028
1525.79846 18.644 0.028
1527.72739 18.667 0.027
1527.73515 18.705 0.029
1528.77376 18.888 0.035
1528.81427 19.110 0.039
1529.67843 18.710 0.038
1529.79485 18.907 0.038
1531.78797 18.950 0.039
1531.79580 18.913 0.038
1538.74450 18.919 0.039
1538.75206 18.998 0.043
1541.70060 18.959 0.029
1542.67593 18.674 0.034
1542.73047 18.728 0.031
1544.65651 18.628 0.027
1544.71857 18.720 0.030
1547.78339 18.852 0.032
1547.79091 18.701 0.039
1548.76102 18.687 0.027
1548.76864 18.696 0.031
1549.75529 18.688 0.025
1549.78737 18.709 0.028
1552.62000 18.659 0.031
1552.68649 18.756 0.030
1553.76218 18.932 0.037
1554.74650 19.057 0.040
1554.77739 19.116 0.035
1555.75321 18.907 0.034
1555.76440 18.910 0.041
1561.55754 18.605 0.038
1562.76376 19.112 0.057
1564.63472 18.984 0.056
1564.65265 18.971 0.048
1567.61017 18.944 0.046
1567.72730 18.825 0.045
1570.57731 18.712 0.036
1570.63260 18.713 0.030
1573.61760 18.832 0.034
1574.74405 18.865 0.030
1576.60294 18.617 0.030
1577.69373 18.878 0.036
1579.66589 19.085 0.043
1580.72980 18.712 0.028
1581.71758 18.440 0.035
1583.61517 18.710 0.033
1583.71646 18.780 0.039
1585.65157 18.848 0.032
1586.63068 18.709 0.029
1588.60173 18.978 0.050
1589.61998 18.878 0.049
1591.67946 18.564 0.056
1592.61171 18.629 0.027
1593.59842 18.756 0.038
1593.65451 18.806 0.043
1595.65764 18.885 0.045
1595.70382 19.031 0.055
1599.59734 18.651 0.027
1599.67608 18.830 0.032
1600.68962 18.769 0.047
1601.67529 18.888 0.051
1604.54027 18.862 0.041
1604.55684 18.719 0.037
1606.51501 19.091 0.060
1606.59170 18.962 0.043
1609.61562 18.763 0.037
1609.63306 18.897 0.039
1610.57848 18.677 0.040
1610.61821 18.941 0.048
1611.64911 19.034 0.047
1613.50925 18.941 0.051
1613.55508 18.978 0.052
1615.50134 19.016 0.039
1615.54115 18.989 0.037
1617.50079 18.813 0.045
1617.61256 18.772 0.034
1619.52333 18.897 0.057
1619.59617 19.093 0.058
1620.54739 18.898 0.049
1621.49589 18.968 0.060
1622.49753 18.962 0.056
1623.49433 19.129 0.062
1624.49408 19.042 0.070
1625.49630 18.702 0.038
1626.49492 18.552 0.034
1627.49644 18.705 0.040
1627.61602 19.002 0.064
1629.49507 19.070 0.059
1629.54136 18.901 0.043
1630.55020 19.104 0.060
1630.56651 18.954 0.040
1632.49672 18.907 0.041
1632.51297 18.855 0.036
1634.49071 18.763 0.038
1634.53681 18.843 0.038
1635.60831 19.040 0.051
1643.48265 18.654 0.050
1643.52828 18.849 0.038
1645.48543 18.691 0.051
1645.53283 19.137 0.140
1646.48162 19.079 0.052
1653.54105 19.218 0.067
1654.52008 18.989 0.053
1655.51476 18.952 0.051
1656.50627 18.720 0.038
1657.50613 18.890 0.051
1659.51371 18.752 0.038
1660.53132 19.116 0.069
1661.53768 19.099 0.048
1662.48223 18.978 0.045
1663.56297 18.678 0.030
1664.49703 18.792 0.039
1667.50462 18.674 0.043
1667.55079 18.866 0.053
1670.52636 19.085 0.054
1671.48016 19.149 0.068
1673.49679 18.696 0.046
1676.48489 18.954 0.054
1690.48886 18.799 0.055
1768.90613 18.723 0.043
1769.83856 18.837 0.049
1769.85833 18.848 0.048
1771.86883 19.067 0.076
1771.88513 19.076 0.068
1772.86502 18.820 0.036
1773.89167 18.738 0.038
1775.86609 18.726 0.037
1775.91175 18.803 0.035
1784.85065 18.827 0.051
1784.89886 18.998 0.044
1789.83939 18.720 0.023
1789.89333 18.632 0.026
1790.85532 18.667 0.026
1803.88480 18.758 0.037
1804.78900 18.928 0.044
1809.81088 18.875 0.029
1812.78411 18.833 0.042
1812.83411 18.897 0.034
1814.84899 18.779 0.034
1816.79547 18.758 0.030
1818.84189 18.897 0.040
1821.78603 18.833 0.043
1822.83425 18.502 0.032
1826.81125 19.127 0.065
1828.85941 18.827 0.037
1829.78488 18.717 0.039
1829.83066 18.720 0.038
1830.79821 18.819 0.045
1830.84411 18.719 0.039
1834.83717 19.088 0.052
1834.88305 18.879 0.049
1845.83463 18.698 0.030
1846.80957 18.644 0.028
1846.86056 18.762 0.034
1850.79019 19.001 0.048
1851.83200 18.840 0.041
1851.86551 18.677 0.043
1855.83231 18.730 0.030
1859.75828 18.998 0.041
1859.77432 18.947 0.039
1861.79150 18.763 0.034
1863.74008 18.742 0.035
1864.76897 18.692 0.031
1865.74918 18.817 0.028
1865.79475 18.946 0.037
1867.76366 19.034 0.042
1867.80296 18.910 0.035
1868.78853 18.819 0.028
1869.73705 18.816 0.038
1870.72178 18.701 0.031
1870.76743 18.633 0.028
1871.80582 18.755 0.027
1871.85158 18.881 0.033
1873.76534 18.947 0.036
1873.81126 18.928 0.037
2123.93450 18.723 0.051
2130.92356 18.967 0.069
2131.92535 18.726 0.066
2132.92352 18.671 0.055
2134.92508 18.820 0.061
2140.92475 18.689 0.052
2142.91199 18.707 0.059
2144.92237 19.053 0.062
2156.89607 18.641 0.071
2161.86302 18.899 0.077
2173.87628 18.659 0.038
2190.80798 18.800 0.049
2192.84593 18.880 0.050
2201.83238 19.071 0.054
2214.81394 18.737 0.055
2221.75684 19.039 0.074
2224.76955 18.802 0.049
2227.67217 18.783 0.049
2229.68563 18.997 0.066
2230.82979 18.712 0.046
2237.76461 18.707 0.043
2241.68986 18.661 0.052
2243.74372 19.112 0.073
2247.82559 18.744 0.050
2248.82818 19.001 0.048
2250.81497 19.027 0.058
2252.67528 18.904 0.056
2254.66634 18.956 0.050
2257.67301 18.693 0.041
2260.67972 18.978 0.064
2264.68510 18.749 0.045
2266.67121 18.812 0.052
2270.67890 18.967 0.050
2271.81926 18.806 0.038
2272.82721 19.276 0.090
2274.66473 18.842 0.057
2276.77484 18.706 0.046
2277.82814 18.732 0.040
2279.84574 18.912 0.051
2280.81929 19.189 0.096
2282.70891 19.033 0.057
2283.87005 18.668 0.057
2288.77751 18.892 0.077
2290.81480 18.992 0.068
2292.78782 18.685 0.059
2294.76415 18.913 0.086
2296.77979 19.057 0.101
2298.73650 19.012 0.073
2300.74697 18.776 0.068
2302.72365 18.713 0.065
2323.59973 18.792 0.039
2327.58515 18.885 0.063
2333.59517 19.015 0.088
2339.57156 18.821 0.051
2345.53263 18.713 0.053
2351.51076 19.046 0.064
2369.50827 18.764 0.054
2385.49396 18.720 0.070
2529.83955 18.923 0.063
2539.84198 19.105 0.080
2545.81155 18.775 0.062
2552.86519 18.748 0.059
2556.85656 18.929 0.052
2560.76498 18.704 0.045
2564.87325 18.732 0.049
2573.86996 18.718 0.054
2578.79432 18.970 0.067
2583.84872 18.795 0.064
2590.75492 18.831 0.052
2596.76753 19.022 0.078
2605.79479 18.722 0.044
2609.76695 18.824 0.068
2614.72524 18.878 0.070
2618.78021 18.990 0.063
2621.70532 18.971 0.047
2624.61127 18.853 0.068
2627.70978 18.923 0.081
2629.73273 18.905 0.057
2632.65867 18.738 0.045
2635.70591 18.957 0.046
2638.67689 19.011 0.055
2640.77378 18.825 0.055
2642.73000 18.843 0.068
2644.73270 19.068 0.063
2646.68693 18.955 0.068
2650.74250 18.832 0.057
2652.79989 18.727 0.044
2654.76530 18.768 0.058
2656.67072 18.741 0.054
2658.63247 18.717 0.050
2660.65080 18.961 0.060
2662.66174 18.987 0.063
2664.64180 18.724 0.048
2666.70519 18.940 0.047
2668.69131 18.974 0.061
2670.65343 18.882 0.075
2672.79219 18.917 0.060
2674.69294 18.949 0.060
2676.68205 18.972 0.058
2678.73530 18.620 0.049
2680.64606 18.622 0.047
2682.69211 19.082 0.085
2687.57192 19.118 0.082
2693.53115 18.819 0.047
2696.56788 18.876 0.064
2701.54953 18.820 0.068
2707.55130 18.810 0.059
2714.54340 18.652 0.060
2839.92000 18.721 0.051
2867.89101 18.939 0.068
2885.86870 18.788 0.048
2892.89721 18.848 0.066
2897.86612 18.927 0.064
2907.78634 19.016 0.063
2911.82373 18.752 0.038
2916.87415 18.868 0.046
2922.85785 19.028 0.094
2926.78955 18.873 0.053
2930.85923 19.032 0.061
2934.76126 18.902 0.049
2940.74111 18.875 0.048
2943.74630 18.709 0.051
2947.75495 18.912 0.055
2949.84495 18.761 0.039
2953.71209 18.719 0.054
2956.73743 18.977 0.050
2958.76379 18.715 0.055
2962.77629 18.892 0.041
2965.79932 18.743 0.045
2968.66661 18.815 0.059
2973.79011 18.824 0.042
2976.80254 18.818 0.046
2978.71019 18.820 0.056
2980.72261 19.041 0.055
2982.71533 18.974 0.055
2984.76246 18.774 0.046
2986.84513 19.019 0.072
2988.81550 18.749 0.047
2989.77081 18.805 0.043
2991.66595 18.922 0.053
2993.68638 18.699 0.051
2995.75421 19.075 0.053
2997.73190 19.055 0.064
3001.79094 18.979 0.055
3003.76159 18.992 0.059
3005.72343 19.011 0.057
3007.64485 19.000 0.053
3009.64270 18.745 0.046
3011.74228 19.009 0.077
3017.74779 18.947 0.053
3019.67582 18.899 0.055
3021.79439 18.811 0.046
3023.65617 18.850 0.039
3025.62407 18.682 0.039
3027.67345 18.902 0.046
3029.65848 19.009 0.051
3031.72840 18.757 0.048
3033.79204 18.944 0.042
3035.79887 18.873 0.049
3038.77649 18.874 0.060
3041.61700 18.651 0.057
3043.65104 18.782 0.062
3045.71396 18.994 0.065
3047.66771 18.732 0.051
3048.59649 18.827 0.037
3050.61600 18.766 0.036
3052.61720 18.956 0.053
3054.61742 19.127 0.072
3056.60987 18.747 0.040
3058.60386 18.783 0.048
3060.65346 19.036 0.060
3068.53938 18.776 0.058
3070.60029 18.972 0.090
3073.63148 18.632 0.058
3076.54509 18.761 0.072
3078.64050 18.945 0.050
3082.61831 18.798 0.037
3085.51940 18.843 0.057
3087.65759 18.858 0.077
3090.62374 18.861 0.058
3096.53962 18.919 0.078
3099.60940 19.023 0.097
3102.58801 19.098 0.072
3104.57473 18.767 0.053
3107.55843 18.981 0.084
3110.55650 18.989 0.074
3113.53441 18.790 0.062
3128.50692 19.148 0.090
3140.51391 18.938 0.060
3216.87814 18.655 0.062
3248.86326 18.753 0.062
3257.89160 18.872 0.044
3264.81294 18.763 0.036
3270.87973 18.724 0.040
3274.76538 18.744 0.064
3277.88741 18.663 0.042
3287.76907 18.786 0.041
3295.72749 19.022 0.043
3297.71946 18.705 0.031
3299.78378 18.890 0.034
3301.78100 18.883 0.072
3304.84134 18.828 0.050
3309.74710 19.025 0.052
3311.74507 18.716 0.041
3320.78803 18.823 0.040
3323.73416 18.896 0.050
3327.76000 18.719 0.041
3330.71865 18.755 0.058
3334.81758 18.698 0.049
3338.86601 19.038 0.067
3339.76535 18.962 0.056
3354.78126 19.050 0.064
3358.82996 18.754 0.039
3365.76005 18.826 0.047
3372.77645 18.999 0.056
3378.68907 18.908 0.054
3391.75682 18.859 0.054
3399.72563 18.749 0.051
3403.71297 19.106 0.064
3406.68250 18.910 0.039
3410.63545 18.762 0.035
3415.63265 18.815 0.039
3427.59637 18.787 0.050
3433.61897 18.741 0.051
3438.54817 18.918 0.043
3446.50533 18.947 0.063
3455.52866 18.921 0.085
3461.52273 18.857 0.056
3473.48206 19.086 0.074
3575.94071 18.751 0.061
3592.93256 18.910 0.040
3619.83448 18.990 0.051
3629.90796 18.678 0.051
3633.87299 19.022 0.059
3639.78547 18.776 0.037
3644.82209 19.047 0.044
3651.76525 18.921 0.048
3654.81277 18.761 0.040
3658.77679 18.830 0.056
3661.84749 18.877 0.062
3668.82022 19.041 0.061
3672.80849 18.773 0.043
3676.76528 19.148 0.061
3684.82727 18.875 0.040
3687.80168 18.732 0.036
3690.72154 18.765 0.051
3693.75556 19.117 0.063
3695.78832 18.650 0.036
3698.77007 18.953 0.062
3700.79865 18.997 0.046
3703.72953 18.660 0.034
3705.79670 18.883 0.039
3708.78463 19.154 0.069
3712.74225 18.717 0.039
3714.81248 19.002 0.044
3717.67492 19.022 0.057
3719.84744 18.855 0.064
3721.80841 19.012 0.053
3726.70425 18.807 0.063
3730.73649 18.854 0.039
3732.72858 19.034 0.042
3734.85942 18.838 0.051
3737.76036 18.799 0.032
3739.83034 19.068 0.051
3741.84328 18.802 0.063
3743.74041 18.733 0.045
3746.78292 19.022 0.075
3748.73612 19.045 0.065
3749.74170 18.967 0.068
3751.75306 18.782 0.051
3753.70456 18.739 0.039
3755.70556 18.998 0.052
3757.69542 18.984 0.054
3759.76021 18.782 0.040
3762.78172 19.003 0.067
3765.76881 18.827 0.037
3770.64132 18.733 0.034
3773.70740 19.165 0.076
3776.67772 18.724 0.053
3779.63230 18.787 0.077
3782.74590 18.740 0.053
3787.60911 18.840 0.048
3792.55983 18.966 0.055
3800.54182 19.005 0.059
3809.54906 18.816 0.066
3823.50916 18.964 0.060
3946.93135 18.970 0.080
3964.88773 19.099 0.050
3969.91854 18.906 0.050
3981.88634 18.632 0.052
3989.91496 18.792 0.072
3998.87866 18.678 0.038
3999.84114 18.675 0.037
4001.89016 19.000 0.039
4004.85413 18.959 0.043
4005.86808 18.704 0.037
4008.73435 18.881 0.041
4011.90124 18.994 0.080
4018.86402 19.024 0.050
4024.73147 18.703 0.037
4026.80453 18.933 0.041
4029.75376 19.029 0.061
4032.76906 18.632 0.052
4038.73513 18.923 0.052
4041.69639 18.713 0.045
4043.70124 18.783 0.055
4049.66390 18.750 0.043
4052.72531 18.953 0.049
4054.71211 18.787 0.063
4056.77013 18.705 0.041
4058.80246 18.926 0.042
4063.70106 18.963 0.041
4066.75837 18.745 0.039
4068.66326 18.810 0.039
4070.68835 18.978 0.053
4074.75598 18.646 0.051
4077.80450 18.755 0.045
4079.84939 18.841 0.049
4083.69496 18.841 0.063
4085.76069 18.906 0.055
4093.74522 18.985 0.039
4105.81779 19.112 0.071
4109.78766 18.794 0.039
4113.74349 18.890 0.039
4120.77372 18.830 0.042
4122.73018 18.949 0.046
4125.78445 18.688 0.051
4132.67221 19.011 0.064
4142.72319 18.733 0.067
4156.55829 18.817 0.048
4168.51294 18.975 0.064
4197.49220 18.672 0.057
4341.92462 18.706 0.066
4347.87554 19.027 0.064
4353.80951 18.656 0.043
4358.90781 18.673 0.052
4364.87223 18.887 0.063
4367.89668 18.750 0.053
4371.76197 18.869 0.055
4377.81834 18.761 0.051
4380.83327 19.062 0.059
4386.80899 18.801 0.064
4390.77090 18.920 0.055
4394.72705 18.686 0.044
4399.74500 18.728 0.081
4412.72350 18.998 0.064
4418.81690 18.993 0.051
4421.86271 18.694 0.057
4426.76061 18.836 0.077
4430.68799 19.037 0.093
4432.74718 18.736 0.040
4436.78711 18.917 0.068
4439.85219 18.922 0.079
4443.74022 18.788 0.064
4449.70309 18.741 0.041
4451.71284 18.807 0.058
4455.71192 18.667 0.052
4457.74238 18.789 0.056
4460.81402 18.750 0.067
4463.73231 18.642 0.039
4466.72131 18.801 0.040
4470.66877 18.975 0.060
4473.71150 18.652 0.044
4477.76998 18.743 0.053
4482.77380 18.887 0.068
4486.75162 18.718 0.054
4491.72515 18.768 0.069
4494.67051 18.868 0.070
4498.70324 18.845 0.051
4501.70049 18.951 0.065
4506.63461 18.725 0.049
4508.65764 19.031 0.056
4510.72722 18.611 0.046
4517.66144 19.057 0.080
4521.64198 18.670 0.047
4524.60471 18.933 0.056
4530.63068 18.722 0.048
4532.65643 19.091 0.071
4536.62867 18.721 0.048
4539.51064 18.650 0.045
4541.61978 18.892 0.064
