2167.83852 18.956 0.064
2173.84588 18.821 0.043
2190.78366 18.847 0.049
2192.81843 18.666 0.042
2214.78575 18.945 0.067
2224.74253 18.822 0.045
2226.84669 18.730 0.071
2229.65861 18.833 0.060
2232.81719 18.790 0.052
2234.81161 18.661 0.034
2239.59656 18.625 0.057
2241.65811 18.779 0.058
2243.71669 18.983 0.060
2248.79332 19.017 0.047
2250.84219 18.651 0.039
2252.64834 18.589 0.039
2254.63927 18.752 0.046
2257.64314 18.669 0.037
2261.75749 18.815 0.043
2264.74781 18.906 0.042
2266.64079 18.833 0.057
2270.63690 18.677 0.039
2271.78770 18.800 0.042
2273.72418 18.736 0.055
2275.82461 18.952 0.063
2277.64625 18.856 0.041
2279.81860 18.805 0.046
2281.80543 18.751 0.041
2283.83965 18.911 0.043
2288.74579 19.028 0.050
2290.78416 19.027 0.060
2292.76068 18.474 0.045
2294.73572 18.761 0.075
2296.74612 19.140 0.088
2298.76553 18.980 0.065
2300.71855 18.550 0.055
2302.69635 18.804 0.060
2321.66874 18.912 0.058
2327.55448 18.749 0.053
2333.56449 18.567 0.058
2339.54097 18.981 0.079
2357.51217 18.749 0.093
2395.51312 18.832 0.076
2526.90528 18.802 0.042
2542.88422 18.746 0.045
2556.82690 18.903 0.049
2559.87673 18.983 0.062
2564.84336 18.922 0.057
2573.84278 18.663 0.050
2578.76713 18.762 0.055
2583.82159 18.826 0.056
2589.85295 18.714 0.043
2596.73758 18.786 0.065
2605.74060 18.942 0.050
2609.73685 18.791 0.061
2614.70304 18.896 0.059
2618.72732 18.743 0.052
2621.63489 18.879 0.043
2623.81853 18.714 0.042
2627.68200 18.732 0.067
2629.70504 18.845 0.068
2631.75738 18.825 0.078
2634.75950 18.896 0.049
2635.67882 18.702 0.036
2638.64992 18.654 0.040
2639.65003 18.958 0.039
2641.71766 18.687 0.042
2643.72634 18.747 0.048
2645.71405 18.931 0.045
2647.67185 18.934 0.055
2650.83336 18.929 0.046
2652.73463 18.479 0.042
2654.66944 18.565 0.050
2656.64237 18.786 0.052
2658.60540 18.918 0.071
2660.62282 19.020 0.057
2662.60567 18.556 0.040
2664.61320 18.726 0.044
2666.67141 18.870 0.038
2668.65631 18.947 0.081
2670.62631 18.836 0.063
2672.73559 18.871 0.056
2674.63396 18.782 0.054
2676.62053 18.920 0.046
2678.70821 18.776 0.050
2680.61888 18.708 0.051
2682.66979 18.843 0.065
2687.54233 18.932 0.096
2691.61268 18.749 0.074
2696.53545 18.775 0.060
2701.51762 18.494 0.047
2707.51500 18.861 0.063
2714.51391 18.776 0.078
2840.90300 18.935 0.071
2867.91561 18.855 0.049
2888.90948 18.974 0.046
2894.84455 18.664 0.043
2899.84616 18.713 0.043
2905.83513 18.962 0.068
2908.89618 18.937 0.052
2911.79448 18.863 0.041
2916.84468 18.899 0.042
2922.82853 18.754 0.058
2926.75595 18.960 0.051
2930.82970 18.748 0.042
2933.87411 18.734 0.045
2940.71125 18.793 0.044
2942.83304 18.919 0.043
2947.72557 18.941 0.058
2949.81574 18.679 0.038
2953.68247 18.729 0.059
2956.70829 18.723 0.043
2958.73459 18.943 0.065
2962.74643 18.606 0.037
2965.76586 18.765 0.036
2967.86531 18.701 0.059
2973.84947 18.548 0.042
2975.83863 18.683 0.043
2976.83389 19.063 0.058
2978.85350 18.686 0.050
2982.68564 18.793 0.049
2984.73315 18.874 0.052
2986.81575 18.634 0.048
2988.78034 18.722 0.040
2989.79627 18.936 0.049
2991.63668 18.927 0.047
2993.62410 18.706 0.037
2995.72372 18.825 0.039
2997.70267 18.845 0.043
2999.72487 18.882 0.048
3001.76153 18.671 0.040
3003.73219 18.780 0.040
3005.63746 18.829 0.052
3007.67052 19.010 0.062
3009.73682 18.632 0.043
3011.71255 18.769 0.056
3013.71700 18.846 0.053
3017.71843 18.539 0.037
3019.64642 18.671 0.046
3021.76519 18.880 0.042
3023.62698 18.878 0.040
3024.82812 18.992 0.061
3026.82479 19.039 0.039
3029.62915 18.789 0.038
3031.69910 18.872 0.042
3033.76261 18.642 0.033
3035.76964 18.781 0.042
3038.74712 18.787 0.053
3040.71776 18.754 0.061
3042.66167 18.794 0.054
3044.59558 18.948 0.060
3045.68456 18.790 0.057
3047.63830 18.882 0.059
3049.64400 19.000 0.045
3051.61218 18.843 0.053
3055.60565 18.884 0.055
3057.63110 18.948 0.052
3059.57499 19.050 0.045
3061.56803 18.551 0.047
3068.50936 18.861 0.066
3070.56505 18.869 0.055
3073.56576 18.832 0.068
3075.67872 18.762 0.062
3078.61072 18.922 0.060
3082.58822 18.749 0.045
3084.66526 18.855 0.046
3087.62795 18.724 0.053
3090.59135 18.645 0.050
3099.57936 18.910 0.074
3102.55814 18.759 0.062
3105.59085 18.675 0.049
3108.56881 18.591 0.044
3112.54610 18.839 0.054
3116.52744 18.661 0.048
3127.49485 18.919 0.046
3140.48350 18.911 0.063
3223.88372 18.883 0.066
3241.86998 18.600 0.050
3248.83340 18.747 0.062
3257.86126 18.608 0.037
3263.90724 18.919 0.046
3270.85021 18.705 0.044
3273.89822 18.871 0.057
3277.83425 18.704 0.045
3281.87803 18.961 0.043
3287.73909 18.843 0.040
3295.69138 18.774 0.035
3297.68990 19.016 0.047
3299.75440 19.030 0.040
3301.75189 18.734 0.054
3304.80782 18.668 0.049
3309.71804 18.808 0.043
3311.71589 18.700 0.043
3320.75868 18.975 0.044
3323.69350 18.916 0.056
3327.73026 18.638 0.036
3330.68910 18.669 0.057
3334.78836 19.032 0.077
3338.83482 18.678 0.043
3340.84990 18.734 0.052
3354.71475 18.993 0.046
3358.79571 18.754 0.031
3361.82852 18.769 0.039
3365.73092 18.846 0.055
3372.74722 18.506 0.033
3378.65993 18.908 0.040
3391.72765 18.990 0.057
3394.73921 18.873 0.053
3396.61919 18.888 0.054
3399.69641 18.946 0.056
3403.68367 18.719 0.044
3408.59310 18.688 0.039
3412.63834 18.938 0.057
3417.56579 18.606 0.041
3425.57401 19.003 0.073
3431.53570 18.661 0.038
3437.53748 18.616 0.040
3445.54284 18.742 0.046
3455.49953 18.636 0.062
3460.49108 18.665 0.044
3477.48581 18.845 0.060
3583.92791 18.755 0.043
3593.92617 18.758 0.053
3601.86312 18.607 0.044
3618.89723 18.937 0.044
3629.87849 18.829 0.043
3634.84509 18.846 0.042
3639.83840 18.894 0.038
3644.79318 18.982 0.044
3650.88205 18.767 0.040
3654.78128 18.956 0.043
3657.86353 18.953 0.043
3660.79798 18.866 0.059
3664.83306 18.644 0.033
3668.79102 18.835 0.053
3672.77924 18.738 0.043
3675.85892 18.879 0.039
3684.76703 18.833 0.036
3687.77268 18.707 0.036
3693.72652 18.953 0.052
3695.74806 18.636 0.035
3698.74078 18.516 0.039
3700.76964 18.686 0.038
3702.85729 18.932 0.046
3705.76406 18.799 0.034
3708.72265 18.644 0.046
3712.70954 18.843 0.044
3714.71989 18.846 0.039
3719.81316 18.658 0.050
3725.80704 18.922 0.060
3727.77945 18.638 0.039
3730.67486 18.933 0.035
3732.69958 18.577 0.027
3734.79763 18.786 0.041
3736.81390 18.952 0.047
3737.70225 18.661 0.032
3739.80137 18.956 0.042
3742.68723 18.680 0.044
3745.76291 18.767 0.039
3749.65733 18.974 0.082
3750.74229 18.640 0.043
3752.75298 18.950 0.054
3754.77072 18.915 0.053
3756.59425 18.951 0.047
3758.76712 18.687 0.054
3761.77951 18.683 0.033
3764.73394 18.921 0.043
3767.59378 18.926 0.045
3770.61149 18.823 0.043
3773.61433 18.700 0.047
3776.61374 18.613 0.038
3779.60328 18.763 0.059
3782.65401 18.863 0.046
3787.57897 18.967 0.046
3792.53070 18.721 0.048
3809.51993 18.647 0.062
3822.50574 18.775 0.066
3946.90204 18.820 0.063
3964.85887 18.539 0.030
3969.88299 18.635 0.048
3981.85775 18.820 0.055
3989.88478 18.774 0.044
3995.90848 18.984 0.086
4001.86148 18.742 0.033
4005.83915 18.738 0.035
4007.84333 18.956 0.050
4011.84360 18.555 0.037
4018.83518 18.888 0.047
4023.86732 18.896 0.048
4026.77578 18.715 0.030
4029.71705 18.903 0.070
4031.79739 18.719 0.035
4038.70650 18.897 0.045
4043.67199 18.877 0.071
4048.85362 18.658 0.054
4052.69649 18.729 0.034
4054.68349 18.921 0.059
4056.74054 18.861 0.054
4058.77286 18.717 0.031
4063.67241 18.511 0.031
4066.72969 18.545 0.032
4068.81719 18.733 0.034
4070.65963 18.850 0.044
4073.81901 18.848 0.051
4076.78716 18.832 0.051
4079.74951 18.862 0.053
4083.66634 18.820 0.057
4085.73184 18.799 0.049
4092.85030 18.700 0.037
4105.68573 18.611 0.039
4109.72862 18.696 0.038
4109.75885 18.982 0.042
4113.71461 18.666 0.030
4120.74503 18.794 0.043
4122.70144 18.830 0.038
4125.75267 18.872 0.048
4131.60602 18.703 0.032
4142.64261 18.852 0.062
4156.52928 18.875 0.047
4166.57052 19.018 0.076
4196.51994 18.681 0.065
4341.89587 18.869 0.063
4347.84578 18.672 0.047
4357.90716 18.752 0.066
4362.78294 18.737 0.058
4365.82442 18.690 0.065
4368.90172 18.821 0.097
4371.85232 18.584 0.039
4377.78815 18.946 0.060
4380.80466 18.907 0.050
4386.78031 18.780 0.048
4390.74231 19.003 0.057
4393.85638 18.921 0.057
4398.86766 18.946 0.052
4403.87460 18.762 0.089
4411.86614 18.811 0.056
4418.78730 18.609 0.033
4422.85337 18.945 0.051
4426.73169 18.535 0.045
4429.83767 18.648 0.070
4432.71854 18.939 0.047
4436.75791 18.736 0.045
4439.82350 18.814 0.066
4443.69322 18.841 0.065
4448.86039 18.919 0.082
4449.67795 18.613 0.034
4451.68752 18.750 0.054
4454.70403 18.752 0.044
4455.68629 18.996 0.065
4458.74473 19.043 0.062
4461.66164 18.944 0.050
4465.74475 18.681 0.038
4468.71330 18.455 0.028
4473.68262 18.642 0.036
4477.74074 18.883 0.057
4481.67832 18.740 0.043
4485.72637 18.848 0.061
4489.70988 18.828 0.073
4493.69972 18.834 0.063
4498.67637 18.828 0.044
4501.67369 18.767 0.046
4506.60763 18.756 0.051
4508.61762 18.956 0.053
4510.69790 18.435 0.038
4521.60798 18.979 0.070
4523.62383 18.819 0.051
4525.54322 18.831 0.051
4531.56525 19.007 0.058
4533.56762 18.809 0.058
4537.61763 18.879 0.054
4539.53661 18.864 0.063
4541.58887 18.810 0.069
