2117.78615 16.277 0.009
2125.48259 16.294 0.012
2129.57183 16.240 0.009
2132.51655 16.329 0.009
2135.64269 16.255 0.008
2140.61200 16.290 0.009
2143.71814 16.277 0.009
2158.54388 16.363 0.009
2167.49928 16.236 0.009
2172.51489 16.256 0.010
2185.54320 16.416 0.010
2204.53338 16.372 0.013
2205.52439 16.332 0.013
2329.87707 16.355 0.009
2346.86951 16.428 0.010
2352.82386 16.271 0.010
2361.81817 16.247 0.010
2371.87889 16.262 0.009
2381.89746 16.363 0.009
2385.90720 16.425 0.010
2389.91815 16.454 0.010
2391.81175 16.346 0.015
2397.86430 16.400 0.010
2401.72432 16.297 0.009
2403.78305 16.241 0.008
2405.74482 16.320 0.009
2415.81799 16.302 0.010
2424.69667 16.325 0.009
2432.71831 16.266 0.011
2433.91425 16.397 0.013
2434.58804 16.378 0.010
2436.64126 16.309 0.009
2438.65689 16.305 0.009
2440.64960 16.334 0.009
2444.76892 16.228 0.009
2448.75030 16.289 0.018
2453.75610 16.290 0.010
2455.67086 16.455 0.008
2456.51731 16.223 0.010
2458.63192 16.417 0.010
2462.58606 16.258 0.009
2464.65517 16.379 0.009
2467.56170 16.252 0.009
2469.54900 16.292 0.009
2471.68396 16.309 0.008
2473.53703 16.376 0.010
2483.61763 16.336 0.009
2486.60073 16.437 0.010
2490.56772 16.457 0.010
2493.52590 16.339 0.009
2495.60206 16.456 0.010
2497.65643 16.489 0.010
2499.70433 16.432 0.009
2501.72223 16.413 0.009
2508.53909 16.234 0.009
2511.72005 16.465 0.015
2518.63702 16.244 0.009
2518.64819 16.264 0.009
2521.65175 16.238 0.010
2524.49078 16.462 0.010
2526.48863 16.450 0.011
2528.51501 16.467 0.011
2529.61494 16.314 0.010
2537.55900 16.444 0.013
2541.52724 16.359 0.009
2546.59312 16.429 0.011
2555.60110 16.313 0.011
2573.52266 16.492 0.013
2704.89570 16.232 0.008
2713.87760 16.320 0.009
2728.81949 16.374 0.009
2733.79229 16.263 0.010
2744.77602 16.294 0.009
2752.83943 16.281 0.010
2755.83713 16.314 0.010
2756.81882 16.410 0.010
2760.78402 16.487 0.010
2766.81178 16.460 0.010
2770.69810 16.222 0.009
2782.93617 16.476 0.015
2785.89291 16.410 0.010
2786.77900 16.231 0.010
2790.68945 16.481 0.010
2793.61223 16.408 0.012
2795.60479 16.347 0.009
2797.59288 16.290 0.009
2802.79996 16.428 0.012
2808.82672 16.456 0.012
2810.74552 16.422 0.010
2811.80394 16.476 0.010
2813.60033 16.255 0.009
2815.72096 16.310 0.009
2817.67465 16.235 0.010
2818.73716 16.296 0.009
2820.60561 16.366 0.010
2821.62983 16.294 0.009
2826.59958 16.511 0.011
2830.70231 16.293 0.015
2835.59719 16.457 0.015
2837.51262 16.264 0.011
2839.54605 16.320 0.011
2840.70345 16.475 0.010
2843.48257 16.250 0.009
2844.76380 16.382 0.010
2849.67784 16.413 0.010
2851.69899 16.440 0.011
2853.70086 16.409 0.010
2856.58506 16.233 0.009
2858.55121 16.297 0.009
2860.70225 16.332 0.012
2863.62480 16.251 0.010
2866.71359 16.269 0.010
2869.60710 16.353 0.009
2872.62832 16.344 0.009
2877.56799 16.470 0.010
2882.63104 16.494 0.008
2892.52082 16.241 0.010
2895.67117 16.431 0.010
2900.53270 16.265 0.011
2905.58663 16.249 0.010
2911.50247 16.502 0.012
2916.57092 16.438 0.011
2929.53117 16.362 0.012
2937.55635 16.289 0.013
3050.84561 16.427 0.010
3058.81100 16.443 0.010
3061.87541 16.478 0.010
3067.81177 16.343 0.009
3069.88549 16.442 0.009
3072.85029 16.333 0.009
3074.88979 16.398 0.009
3079.79667 16.243 0.009
3081.90070 16.305 0.009
3084.75632 16.398 0.009
3086.75118 16.462 0.009
3087.85467 16.255 0.008
3089.77207 16.477 0.009
3091.73405 16.471 0.010
3096.76103 16.479 0.010
3098.76544 16.458 0.009
3100.88168 16.367 0.009
3102.76091 16.386 0.009
3103.91412 16.322 0.010
3107.76086 16.324 0.009
3108.83098 16.443 0.009
3109.90063 16.491 0.010
3110.75017 16.265 0.009
3111.80767 16.374 0.009
3113.78687 16.298 0.008
3114.72516 16.249 0.008
3115.78710 16.281 0.008
3118.84373 16.353 0.009
3122.79411 16.248 0.010
3125.77156 16.269 0.010
3126.77823 16.285 0.008
3127.71148 16.478 0.010
3128.73108 16.421 0.010
3129.71391 16.486 0.011
3130.88536 16.255 0.010
3134.68416 16.437 0.013
3137.73042 16.512 0.011
3138.83792 16.301 0.009
3139.77374 16.482 0.009
3140.78590 16.461 0.009
3142.64455 16.278 0.008
3142.90066 16.279 0.009
3144.70812 16.389 0.009
3146.67077 16.281 0.009
3151.66497 16.233 0.010
3152.67012 16.237 0.009
3152.88306 16.459 0.011
3153.67302 16.245 0.009
3154.61574 16.324 0.012
3156.66421 16.285 0.009
3158.73848 16.231 0.011
3162.71966 16.247 0.009
3163.68351 16.301 0.009
3164.65076 16.426 0.009
3165.81875 16.297 0.008
3167.86604 16.360 0.010
3168.66692 16.477 0.010
3169.63589 16.475 0.009
3170.70889 16.387 0.009
3171.66387 16.471 0.009
3172.64370 16.478 0.009
3174.62811 16.434 0.008
3175.62992 16.445 0.009
3176.66404 16.467 0.010
3178.69250 16.493 0.010
3179.72273 16.492 0.009
3180.61805 16.323 0.008
3182.68376 16.439 0.009
3183.63278 16.345 0.009
3184.60367 16.264 0.008
3185.76898 16.480 0.010
3192.74951 16.422 0.010
3193.78716 16.472 0.010
3194.65344 16.252 0.011
3195.58459 16.293 0.008
3196.66059 16.239 0.009
3197.66348 16.238 0.009
3199.69513 16.244 0.008
3202.68287 16.232 0.008
3203.72808 16.268 0.008
3204.72378 16.238 0.008
3205.60215 16.423 0.008
3206.57922 16.487 0.009
3210.69031 16.293 0.009
3211.59525 16.500 0.010
3212.58084 16.501 0.012
3217.57005 16.409 0.010
3218.56928 16.373 0.010
3223.56554 16.329 0.011
3224.57441 16.322 0.008
3226.52953 16.217 0.008
3228.65870 16.442 0.010
3229.54263 16.249 0.008
3230.58148 16.265 0.008
3231.48244 16.301 0.009
3238.70716 16.393 0.011
3240.69104 16.331 0.010
3241.57538 16.283 0.016
3244.67281 16.252 0.010
3246.55937 16.381 0.011
3247.68742 16.269 0.010
3248.58417 16.364 0.010
3250.57146 16.445 0.010
3253.56325 16.490 0.009
3255.68071 16.276 0.010
3259.53955 16.447 0.011
3262.55113 16.421 0.010
3266.56474 16.399 0.011
3268.62997 16.455 0.010
3271.49139 16.255 0.018
3274.54421 16.253 0.010
3278.49459 16.291 0.009
3280.60083 16.287 0.009
3287.52722 16.346 0.009
3292.51598 16.476 0.010
3414.87953 16.318 0.008
3419.88690 16.262 0.008
3424.88383 16.232 0.008
3427.90292 16.239 0.010
3430.86886 16.304 0.008
3442.80517 16.453 0.009
3444.85926 16.453 0.009
3446.88788 16.477 0.009
3449.77765 16.282 0.008
3452.80254 16.327 0.008
3454.85977 16.370 0.009
3457.81752 16.255 0.008
3458.78853 16.257 0.008
3458.83776 16.267 0.008
3467.84589 16.230 0.008
3469.75156 16.454 0.008
3471.84145 16.262 0.009
3472.90881 16.259 0.008
3473.74614 16.494 0.009
3474.92421 16.250 0.009
3475.76934 16.500 0.009
3477.85641 16.307 0.008
3479.80567 16.478 0.008
3481.70510 16.357 0.009
3483.86469 16.400 0.009
3496.82797 16.408 0.009
3497.70208 16.259 0.010
3500.76615 16.233 0.008
3501.75988 16.234 0.007
3502.79060 16.247 0.007
3503.75213 16.233 0.007
3504.76858 16.221 0.008
3506.90330 16.410 0.010
3508.85610 16.266 0.009
3509.80343 16.243 0.008
3510.81528 16.236 0.008
3511.76743 16.287 0.008
3512.63955 16.457 0.011
3517.92422 16.310 0.009
3520.63189 16.346 0.009
3521.73767 16.479 0.008
3522.64922 16.353 0.008
3523.68935 16.428 0.008
3524.73244 16.453 0.008
3525.70987 16.426 0.008
3525.78715 16.478 0.009
3526.79646 16.496 0.009
3527.88688 16.253 0.010
3528.74861 16.453 0.008
3529.87340 16.308 0.008
3530.57144 16.259 0.008
3538.81799 16.467 0.009
3539.59800 16.348 0.010
3541.85815 16.449 0.009
3547.67702 16.306 0.010
3550.76411 16.219 0.007
3551.73913 16.230 0.005
3552.76122 16.229 0.008
3553.66053 16.452 0.010
3554.73758 16.271 0.009
3556.62410 16.497 0.009
3558.64077 16.480 0.008
3559.72098 16.393 0.008
3560.79548 16.247 0.007
3561.64787 16.480 0.008
3562.50297 16.214 0.007
3563.55680 16.279 0.008
3564.64412 16.446 0.009
3569.74235 16.474 0.010
3573.55432 16.259 0.009
3574.60931 16.251 0.008
3575.59798 16.231 0.007
3576.57268 16.255 0.008
3577.63821 16.245 0.008
3578.58491 16.238 0.007
3579.51339 16.414 0.008
3580.55218 16.296 0.008
3581.59240 16.267 0.008
3582.54052 16.406 0.009
3583.49027 16.488 0.010
3584.56617 16.346 0.008
3585.55692 16.385 0.008
3586.53801 16.484 0.009
3587.69024 16.258 0.009
3588.62426 16.272 0.007
3589.59551 16.368 0.007
3590.56399 16.473 0.009
3592.57996 16.464 0.008
3593.58522 16.464 0.008
3601.54188 16.385 0.008
3602.54677 16.402 0.010
3603.55299 16.398 0.009
3607.55350 16.339 0.008
3608.55057 16.322 0.009
3615.67158 16.484 0.010
3619.52078 16.254 0.008
3620.62918 16.315 0.008
3629.56000 16.308 0.009
3632.48299 16.506 0.011
3634.54102 16.453 0.008
3640.48594 16.404 0.010
3643.53742 16.474 0.011
3646.56834 16.452 0.012
3649.48377 16.303 0.011
3653.56356 16.397 0.012
3658.49985 16.224 0.010
3661.49569 16.255 0.011
3666.50707 16.260 0.009
3774.87624 16.335 0.008
3780.85601 16.488 0.010
3786.84697 16.465 0.011
3790.84753 16.426 0.011
3793.83755 16.345 0.009
3795.82825 16.303 0.009
3797.82242 16.266 0.008
3798.87066 16.364 0.008
3801.79301 16.240 0.008
3803.78323 16.258 0.008
3804.82600 16.248 0.009
3805.86341 16.241 0.008
3806.86011 16.240 0.008
3808.83312 16.237 0.008
3809.83685 16.268 0.008
3810.88491 16.247 0.008
3811.91207 16.262 0.009
3813.89771 16.238 0.008
3814.89531 16.244 0.008
3818.80518 16.458 0.009
3819.86885 16.307 0.008
3820.83254 16.434 0.008
3821.83677 16.454 0.008
3822.88710 16.313 0.008
3823.85110 16.455 0.008
3824.84869 16.462 0.010
3825.87056 16.431 0.008
3826.84840 16.489 0.009
3827.87136 16.473 0.008
3828.84677 16.500 0.010
3829.82503 16.469 0.009
3830.81748 16.450 0.008
3832.80901 16.425 0.008
3832.84517 16.474 0.009
3833.72028 16.264 0.008
3834.85756 16.463 0.008
3835.80803 16.361 0.008
3836.81290 16.377 0.009
3837.80296 16.333 0.009
3838.80712 16.335 0.009
3839.81554 16.342 0.009
3840.81021 16.312 0.009
3841.78838 16.255 0.008
3845.78927 16.244 0.009
3846.79367 16.241 0.008
3847.87359 16.348 0.009
3848.81743 16.250 0.008
3849.82900 16.250 0.008
3850.76346 16.285 0.008
3851.77334 16.278 0.009
3852.76190 16.292 0.008
3853.75460 16.319 0.007
3856.74349 16.450 0.009
3858.80363 16.326 0.009
3859.74886 16.495 0.010
3860.89383 16.261 0.009
3861.73569 16.488 0.009
3862.75297 16.481 0.008
3863.76470 16.494 0.008
3864.75385 16.472 0.008
3865.64305 16.306 0.008
3866.64887 16.308 0.009
3867.79216 16.482 0.010
3868.64351 16.250 0.009
3869.80478 16.484 0.011
3873.62993 16.253 0.008
3874.85191 16.477 0.009
3875.62004 16.259 0.008
3877.61461 16.287 0.007
3877.65331 16.254 0.008
3880.72643 16.276 0.008
3881.72620 16.260 0.008
3882.66119 16.258 0.008
3883.71377 16.240 0.008
3886.67541 16.278 0.007
3887.66812 16.301 0.008
3889.82285 16.348 0.009
3890.61348 16.486 0.009
3891.74624 16.234 0.009
3892.80519 16.258 0.008
3893.70316 16.311 0.010
3894.74479 16.248 0.008
3896.69315 16.419 0.010
3900.60099 16.401 0.009
3901.61763 16.412 0.009
3902.63222 16.450 0.008
3903.73441 16.440 0.009
3904.61525 16.384 0.008
3905.61551 16.362 0.008
3906.60363 16.337 0.008
3907.66485 16.439 0.009
3908.59354 16.297 0.008
3909.59955 16.260 0.008
3910.66075 16.377 0.008
3912.60106 16.266 0.007
3913.59858 16.221 0.007
3914.61661 16.246 0.008
3915.59641 16.230 0.008
3916.64769 16.334 0.008
3917.68807 16.338 0.008
3918.69070 16.340 0.008
3919.62788 16.244 0.008
3920.57986 16.282 0.008
3920.85746 16.423 0.009
3921.59193 16.290 0.010
3930.64203 16.292 0.008
3931.57804 16.491 0.010
3931.71560 16.237 0.008
3932.66852 16.274 0.008
3933.58214 16.488 0.008
3934.55285 16.462 0.009
3935.63103 16.423 0.008
3936.55335 16.452 0.009
3937.62896 16.462 0.009
3938.56202 16.465 0.010
3940.70225 16.300 0.008
3944.64376 16.501 0.008
3945.58344 16.432 0.009
3946.58066 16.395 0.009
3950.59303 16.356 0.008
3951.61942 16.427 0.010
3956.62968 16.348 0.010
3957.56749 16.247 0.009
3958.64792 16.349 0.009
3959.57998 16.242 0.008
3960.56819 16.226 0.007
3963.60956 16.243 0.008
3964.59259 16.241 0.008
3965.58614 16.257 0.007
3966.57407 16.256 0.008
3967.60649 16.231 0.008
3968.56057 16.300 0.009
3969.56807 16.310 0.008
3970.58123 16.297 0.009
3971.49704 16.503 0.011
3971.53951 16.432 0.010
3971.61293 16.242 0.008
3971.68852 16.283 0.008
3973.64262 16.253 0.008
3974.57506 16.376 0.010
3975.56998 16.427 0.008
3976.56754 16.446 0.009
3979.58632 16.456 0.010
3982.51883 16.449 0.010
3986.64414 16.443 0.010
3987.56410 16.459 0.009
3988.58136 16.444 0.008
3989.64675 16.485 0.011
3991.53985 16.356 0.009
3994.60840 16.450 0.010
3995.63602 16.472 0.008
3999.54244 16.262 0.009
4001.56590 16.276 0.008
4002.56680 16.291 0.008
4004.58549 16.273 0.010
4005.60096 16.292 0.008
4006.58659 16.270 0.008
4011.50368 16.371 0.010
4015.53025 16.361 0.010
4017.50491 16.494 0.009
4019.50912 16.485 0.010
4021.51508 16.476 0.011
4024.54472 16.495 0.009
4026.54026 16.482 0.009
4028.55631 16.477 0.010
4146.88621 16.246 0.011
4154.88107 16.271 0.009
4157.84930 16.356 0.009
4159.86813 16.312 0.010
4162.81456 16.474 0.012
4164.85527 16.482 0.010
4166.87112 16.484 0.013
4168.90714 16.427 0.011
4174.79318 16.330 0.010
4176.78616 16.296 0.009
4177.83571 16.377 0.010
4178.88268 16.437 0.010
4180.76614 16.240 0.010
4181.86517 16.378 0.009
4182.91739 16.460 0.010
4184.80006 16.218 0.009
4185.92101 16.421 0.011
4190.81119 16.234 0.009
4191.91133 16.344 0.010
4192.82991 16.243 0.010
4193.84086 16.235 0.009
4194.86247 16.238 0.009
4196.85092 16.233 0.009
4202.83223 16.328 0.009
4203.82040 16.410 0.009
4204.81584 16.435 0.009
4205.81091 16.472 0.010
4207.81298 16.460 0.009
4208.83652 16.453 0.010
4213.81170 16.470 0.010
4215.81798 16.464 0.010
4216.77572 16.375 0.010
4217.78352 16.375 0.009
4218.83847 16.471 0.012
4219.86560 16.482 0.011
4220.80559 16.384 0.009
4222.77140 16.292 0.010
4224.88784 16.455 0.011
4228.76861 16.223 0.012
4229.75327 16.244 0.009
4230.73708 16.259 0.009
4231.73945 16.278 0.008
4232.62611 16.466 0.011
4232.75094 16.260 0.009
4234.64470 16.486 0.010
4235.71268 16.379 0.009
4238.76262 16.315 0.010
4239.74176 16.385 0.009
4240.88252 16.274 0.010
4243.78133 16.347 0.010
4244.75646 16.453 0.010
4245.74726 16.460 0.009
4246.80493 16.342 0.009
4250.83034 16.338 0.010
4256.66724 16.283 0.011
4258.67698 16.258 0.009
4267.64224 16.313 0.009
4268.81085 16.403 0.010
4269.62071 16.372 0.009
4272.67127 16.289 0.009
4273.72040 16.246 0.009
4274.51703 16.383 0.012
4275.67184 16.335 0.010
4277.62925 16.486 0.010
4278.64520 16.489 0.012
4283.59049 16.427 0.011
4284.57449 16.364 0.011
4285.57785 16.358 0.011
4286.57739 16.381 0.009
4289.61223 16.381 0.011
4290.63480 16.408 0.010
4291.69849 16.493 0.010
4292.55989 16.257 0.008
4293.56611 16.239 0.008
4294.55905 16.238 0.009
4295.58090 16.245 0.009
4296.56781 16.220 0.009
4297.62991 16.298 0.009
4298.60583 16.250 0.009
4299.57620 16.235 0.009
4300.47466 16.442 0.011
4301.65494 16.316 0.009
4302.63724 16.226 0.009
4303.76862 16.455 0.011
4304.60205 16.239 0.010
4306.60296 16.261 0.011
4310.70372 16.263 0.011
4312.59772 16.317 0.010
4315.60801 16.345 0.010
4316.62911 16.330 0.010
4317.52752 16.472 0.010
4319.59064 16.471 0.010
4320.68355 16.294 0.010
4326.60645 16.491 0.010
4327.63123 16.478 0.011
4328.57345 16.420 0.009
4329.56634 16.393 0.010
4330.60838 16.436 0.010
4331.57306 16.403 0.010
4332.64408 16.473 0.010
4333.57375 16.353 0.010
4334.54118 16.276 0.016
4338.60418 16.341 0.011
4339.57328 16.280 0.010
4340.67036 16.444 0.012
4342.61159 16.293 0.010
4343.59083 16.259 0.009
4344.63601 16.320 0.010
4345.59067 16.239 0.009
4346.59272 16.226 0.010
4347.60660 16.252 0.009
4349.57848 16.251 0.009
4350.64028 16.249 0.009
4351.58056 16.260 0.010
4353.60042 16.236 0.010
4354.61993 16.238 0.010
4355.63287 16.230 0.009
4356.58452 16.284 0.010
4358.60703 16.288 0.010
4359.62616 16.279 0.010
4361.62684 16.311 0.012
4362.62065 16.316 0.013
4368.57584 16.488 0.013
4371.59186 16.453 0.012
4373.58237 16.452 0.011
4378.56437 16.393 0.012
4381.56758 16.361 0.012
4396.57704 16.247 0.013
4506.85560 16.508 0.012
4512.86998 16.450 0.009
4514.88827 16.461 0.010
4518.87251 16.384 0.011
4521.84283 16.295 0.009
4524.85217 16.270 0.009
4530.84022 16.204 0.008
4533.87601 16.235 0.009
4535.89870 16.253 0.010
4537.82833 16.309 0.008
4539.77161 16.493 0.011
4540.89877 16.250 0.008
4541.89600 16.245 0.008
4542.85942 16.308 0.009
4543.88550 16.280 0.008
4544.88311 16.287 0.008
4545.80772 16.456 0.010
4546.86085 16.415 0.011
4547.87700 16.350 0.010
4550.87677 16.452 0.010
4551.85848 16.485 0.011
4552.86311 16.472 0.012
4556.83103 16.437 0.009
4557.85736 16.461 0.009
4558.85381 16.443 0.009
4559.82147 16.398 0.009
4560.82174 16.393 0.008
4561.81064 16.355 0.008
4564.81496 16.321 0.008
4565.80391 16.275 0.008
4566.80592 16.276 0.008
4567.80631 16.255 0.008
4568.82870 16.287 0.008
4569.82255 16.265 0.009
4570.81321 16.252 0.008
4571.79693 16.219 0.008
4572.83483 16.242 0.009
4573.81049 16.247 0.008
4574.81262 16.245 0.009
4575.82140 16.221 0.009
4578.86405 16.229 0.010
4583.67426 16.434 0.012
4585.88563 16.230 0.008
4586.68410 16.429 0.011
4587.81412 16.377 0.009
4588.79712 16.465 0.009
4589.63928 16.299 0.009
4590.74742 16.455 0.010
4591.63160 16.262 0.009
4592.74054 16.434 0.009
4593.72579 16.403 0.009
4594.75435 16.439 0.009
4595.74209 16.381 0.009
4596.73130 16.378 0.009
4597.76249 16.418 0.009
4598.73193 16.344 0.008
4599.70769 16.287 0.009
4600.71681 16.281 0.008
4601.72145 16.283 0.008
4602.71557 16.247 0.008
4603.93900 16.349 0.010
4606.72939 16.248 0.008
4610.82322 16.357 0.010
4611.70311 16.261 0.009
4611.88964 16.480 0.011
4612.76451 16.236 0.008
4615.87975 16.390 0.011
4616.68511 16.349 0.009
4617.79690 16.253 0.010
4618.72591 16.292 0.009
4622.66720 16.481 0.010
4623.74704 16.291 0.009
4624.68249 16.481 0.010
4625.66754 16.486 0.011
4626.71762 16.473 0.010
4627.64071 16.433 0.009
4628.64099 16.411 0.010
4629.70620 16.474 0.010
4630.64300 16.369 0.010
4631.66453 16.443 0.009
4632.66235 16.405 0.009
4633.72145 16.470 0.010
4639.76688 16.488 0.011
4640.66687 16.303 0.009
4641.82343 16.481 0.012
4642.66528 16.279 0.009
4643.63126 16.223 0.009
4644.69838 16.305 0.009
4645.62097 16.253 0.008
4646.60161 16.268 0.008
4647.61199 16.271 0.008
4649.60614 16.297 0.009
4650.63444 16.263 0.009
4651.64941 16.249 0.009
4652.57849 16.433 0.010
4653.57243 16.466 0.010
4654.61155 16.358 0.009
4655.57584 16.492 0.010
4656.57414 16.465 0.009
4658.73623 16.211 0.010
4660.68573 16.284 0.009
4661.56837 16.449 0.010
4665.73010 16.288 0.010
4666.63555 16.492 0.010
4670.70030 16.440 0.010
4671.62502 16.448 0.009
4672.58462 16.378 0.009
4674.59105 16.338 0.010
4677.56359 16.254 0.009
4681.57893 16.256 0.008
4682.59643 16.244 0.009
4683.59341 16.261 0.010
4684.61142 16.272 0.009
4685.57913 16.232 0.009
4686.69589 16.399 0.011
4687.62633 16.264 0.009
4688.56999 16.252 0.009
4694.64776 16.235 0.012
4697.57374 16.363 0.009
4698.60000 16.307 0.009
4700.59503 16.350 0.009
4701.57790 16.450 0.010
4702.59284 16.439 0.009
4703.66013 16.275 0.009
4708.59363 16.490 0.010
4710.62884 16.482 0.010
4716.66557 16.513 0.015
4720.61106 16.425 0.012
4721.57993 16.355 0.011
4724.59199 16.348 0.011
4726.57121 16.258 0.012
4731.62078 16.307 0.010
4738.49667 16.485 0.011
4740.60087 16.254 0.010
4748.56561 16.466 0.012
4754.54113 16.473 0.013
4755.51943 16.413 0.011
4759.50980 16.358 0.011
4767.53280 16.263 0.012
4772.52637 16.244 0.012
4773.52031 16.246 0.011
4875.84893 16.291 0.011
4878.87917 16.255 0.009
4885.86093 16.425 0.009
4887.89926 16.335 0.010
4892.80367 16.431 0.011
4897.88704 16.474 0.010
4900.90480 16.467 0.010
4903.82959 16.316 0.009
4904.88783 16.429 0.009
4906.87930 16.399 0.010
4910.88586 16.335 0.009
4912.87235 16.286 0.007
4913.87150 16.269 0.008
4914.75145 16.331 0.009
4914.78106 16.291 0.009
4914.81122 16.267 0.008
4914.84504 16.245 0.008
4914.85376 16.240 0.008
4914.87919 16.272 0.008
4914.91301 16.337 0.008
4915.85421 16.228 0.009
4915.89288 16.288 0.008
4915.92291 16.345 0.012
4917.77807 16.323 0.008
4917.90832 16.287 0.008
4918.77701 16.340 0.008
4918.92192 16.296 0.011
4920.72396 16.485 0.009
4921.74760 16.481 0.009
4921.76178 16.478 0.009
4925.78721 16.483 0.009
4927.84105 16.332 0.009
4929.80977 16.472 0.009
4930.84312 16.421 0.010
4931.78697 16.467 0.010
4932.74216 16.394 0.009
4933.79049 16.462 0.009
4938.76552 16.365 0.009
4939.79084 16.431 0.009
4941.74493 16.293 0.008
4942.78573 16.379 0.008
4943.77362 16.313 0.008
4945.86593 16.466 0.009
4950.79090 16.271 0.009
4952.81786 16.282 0.008
4953.78246 16.240 0.008
4954.74431 16.251 0.008
