2124.54966 16.656 0.014
2129.48462 16.521 0.007
2132.50282 16.430 0.007
2136.50377 16.552 0.008
2140.52126 16.798 0.009
2143.50457 16.850 0.011
2166.60615 16.468 0.008
2171.57901 16.699 0.008
2178.53044 16.685 0.012
2192.58970 16.672 0.008
2193.50926 16.421 0.007
2343.89986 16.637 0.007
2349.87964 16.722 0.008
2356.89307 16.699 0.008
2365.80083 16.826 0.014
2378.90741 16.470 0.008
2385.76605 16.798 0.008
2389.73079 16.668 0.012
2392.69282 16.668 0.014
2396.89182 16.839 0.010
2400.90231 16.708 0.009
2402.78968 16.705 0.008
2404.78886 16.544 0.007
2406.72739 16.666 0.009
2414.68440 16.472 0.008
2416.66630 16.676 0.009
2424.62517 16.427 0.007
2431.88433 16.645 0.010
2433.83773 16.828 0.010
2435.63630 16.697 0.007
2437.86836 16.730 0.010
2440.71611 16.677 0.007
2443.82209 16.827 0.011
2445.82991 16.537 0.007
2446.86391 16.365 0.008
2460.81043 16.815 0.012
2462.80377 16.495 0.007
2463.78720 16.743 0.007
2465.69986 16.450 0.007
2467.69561 16.686 0.007
2469.73570 16.360 0.007
2471.54596 16.427 0.007
2473.71410 16.825 0.008
2484.48509 16.491 0.008
2489.61153 16.535 0.006
2492.56268 16.496 0.007
2494.61162 16.567 0.007
2496.67140 16.481 0.007
2498.71193 16.618 0.008
2500.73707 16.770 0.009
2510.65084 16.809 0.010
2516.59718 16.541 0.009
2519.51195 16.705 0.008
2524.56013 16.662 0.009
2528.59168 16.591 0.008
2539.50864 16.396 0.007
2544.56086 16.686 0.008
2549.49876 16.318 0.010
2553.53866 16.606 0.012
2560.50835 16.825 0.013
2568.51299 16.609 0.010
2710.87466 16.445 0.007
2725.86996 16.749 0.007
2731.80943 16.851 0.008
2735.90193 16.848 0.009
2747.87073 16.483 0.009
2754.88577 16.475 0.007
2758.80318 16.805 0.013
2764.85404 16.466 0.007
2769.75497 16.674 0.006
2783.64434 16.487 0.007
2785.65999 16.697 0.008
2787.71734 16.443 0.007
2789.83418 16.787 0.008
2791.82407 16.454 0.007
2793.87065 16.715 0.009
2795.79700 16.528 0.007
2797.78436 16.559 0.007
2809.57649 16.613 0.008
2811.56567 16.807 0.012
2812.78064 16.765 0.009
2814.65961 16.417 0.007
2815.82283 16.400 0.007
2817.55735 16.368 0.008
2818.83310 16.498 0.007
2820.56336 16.467 0.008
2826.54322 16.559 0.007
2834.57975 16.379 0.012
2836.50217 16.554 0.008
2838.51043 16.774 0.010
2839.49895 16.620 0.007
2841.53321 16.629 0.008
2844.51865 16.391 0.007
2847.56253 16.478 0.010
2850.74460 16.689 0.009
2852.73914 16.345 0.007
2855.53863 16.792 0.010
2857.63140 16.570 0.007
2860.52025 16.530 0.010
2866.50098 16.621 0.010
2869.55095 16.695 0.008
2875.56212 16.523 0.007
2885.57021 16.407 0.008
2892.48912 16.783 0.011
2895.51156 16.513 0.008
2900.64814 16.708 0.010
2906.57375 16.812 0.009
2912.52191 16.517 0.007
2915.58921 16.418 0.014
2922.54123 16.367 0.008
2933.55563 16.823 0.011
3054.85093 16.700 0.008
