 466.68826 18.762 0.037
 468.70253 18.774 0.034
 469.70256 18.953 0.045
 473.65905 18.655 0.054
 475.63226 19.014 0.063
 476.78451 18.915 0.061
 478.57642 18.959 0.043
 480.61151 18.969 0.046
 481.59661 18.895 0.045
 483.54534 18.632 0.042
 486.53932 18.786 0.043
 487.56700 18.707 0.041
 488.53160 18.507 0.036
 488.66995 18.770 0.036
 489.60172 18.500 0.026
 489.62190 18.490 0.026
 490.59236 19.054 0.037
 491.55051 18.937 0.041
 492.53479 18.827 0.046
 492.60916 18.756 0.052
 493.53784 18.672 0.030
 494.53267 18.630 0.033
 495.53500 19.038 0.061
 496.53049 19.057 0.058
 498.52927 18.691 0.046
 499.52476 18.535 0.036
 500.51595 19.173 0.080
 501.51651 18.825 0.063
 508.52022 18.687 0.071
 508.58695 19.004 0.068
 510.52488 18.564 0.045
 514.53687 18.860 0.056
 515.52854 18.649 0.036
 517.53355 19.041 0.065
 519.52296 18.900 0.039
 520.68976 18.822 0.068
 521.52383 18.640 0.045
 523.53566 18.874 0.041
 524.51468 18.877 0.058
 526.51808 18.612 0.042
 526.61920 18.939 0.077
 527.51544 18.489 0.034
 531.53037 18.905 0.063
 532.51578 18.561 0.047
 533.51930 18.530 0.043
 534.52659 19.073 0.067
 552.62447 19.033 0.060
 553.48018 18.746 0.065
 554.53896 18.629 0.056
 561.53940 18.478 0.056
 566.47502 18.566 0.048
 567.47578 18.899 0.060
 569.47025 18.976 0.091
 571.52375 18.516 0.045
 572.47996 19.169 0.107
 573.48754 19.019 0.100
 574.51632 18.964 0.059
 673.84198 18.831 0.039
 699.81528 19.044 0.067
 701.86014 18.886 0.065
 704.80404 19.022 0.063
 706.80798 18.907 0.097
 707.85733 18.820 0.099
 712.87976 18.997 0.058
 715.84512 18.755 0.045
 726.86515 18.332 0.030
 728.82930 18.982 0.051
 729.81163 18.805 0.052
 733.86393 19.000 0.080
 742.80443 18.333 0.039
 745.73591 18.787 0.045
 747.79270 18.506 0.033
 748.74747 19.078 0.064
 750.84030 19.048 0.068
 751.73289 18.655 0.059
 755.69136 18.946 0.072
 759.76064 19.126 0.059
 760.81279 18.990 0.056
 763.80877 18.779 0.064
 769.84518 18.704 0.051
 773.83375 18.943 0.069
 778.78670 18.920 0.080
 780.81752 18.705 0.045
 782.82225 19.097 0.072
 787.82527 18.414 0.037
 792.75924 18.542 0.054
 796.77513 18.799 0.056
 798.79232 18.656 0.050
 816.80083 19.004 0.061
 817.79027 18.975 0.063
 822.74835 18.962 0.051
 826.61659 18.950 0.064
 827.72730 18.918 0.052
 830.80750 18.740 0.055
 831.65274 19.084 0.071
 832.78369 19.005 0.068
 833.68515 18.824 0.042
 834.77617 18.944 0.086
 837.78211 18.642 0.034
 839.60782 18.667 0.041
 841.79116 18.735 0.055
 843.71417 18.902 0.046
 844.66332 18.936 0.060
 850.68413 18.756 0.060
 855.75261 19.086 0.106
 860.73172 19.016 0.100
1071.84455 18.602 0.051
1204.76892 18.749 0.048
1207.66234 18.807 0.058
1211.74277 19.059 0.082
1214.75924 18.816 0.059
1217.72043 18.968 0.054
1219.70508 18.735 0.051
1226.70750 18.691 0.048
1435.85466 18.609 0.055
1782.88413 19.011 0.064
1789.83005 18.893 0.042
1814.87935 18.646 0.041
1828.88929 19.060 0.100
1829.86085 18.871 0.064
2166.90333 18.636 0.048
2173.82374 19.022 0.071
2192.79707 18.697 0.042
2201.80985 18.900 0.043
2223.84615 19.065 0.064
2226.82611 18.584 0.048
2229.63805 18.845 0.067
2230.77663 18.823 0.055
2232.79638 18.544 0.043
2234.79057 19.016 0.052
2238.76257 18.554 0.038
2241.63760 18.679 0.054
2243.69603 18.907 0.065
2248.76843 18.625 0.039
2251.72586 19.044 0.054
2253.80995 18.796 0.051
2255.68493 19.055 0.071
2261.70519 19.007 0.061
2264.78624 18.769 0.045
2269.81964 18.954 0.063
2271.76707 18.403 0.032
2273.85209 18.923 0.068
2274.63676 18.872 0.073
2276.74387 18.499 0.048
2278.64240 19.053 0.065
2280.64059 18.691 0.050
2282.64916 19.046 0.071
2284.64042 18.946 0.071
2289.78281 18.965 0.061
2291.79091 19.003 0.080
2293.75664 18.421 0.054
2295.77858 18.888 0.051
2297.77191 18.910 0.061
2301.70658 18.958 0.081
2303.70276 18.701 0.067
2321.65386 19.154 0.081
2327.53239 18.944 0.074
2332.56527 19.035 0.106
2333.52934 18.956 0.095
2339.51756 18.891 0.072
2347.51223 18.755 0.060
2402.50628 18.643 0.074
2524.90196 18.713 0.054
2542.86381 18.932 0.058
2552.81317 19.023 0.068
2556.80478 18.522 0.041
2559.85293 18.901 0.063
2564.82091 18.958 0.068
2573.82208 18.522 0.052
2578.74624 18.519 0.056
2583.78172 18.651 0.051
2589.82510 18.699 0.045
2596.71333 19.125 0.097
2605.71460 18.639 0.043
2609.70531 18.730 0.056
2614.64001 18.892 0.058
2618.69759 18.918 0.065
2620.82562 18.914 0.054
2623.79652 18.350 0.034
2627.66075 18.563 0.065
2629.68427 18.993 0.093
2631.70428 18.783 0.063
2634.73288 18.654 0.050
2635.60448 18.910 0.050
2637.80352 18.909 0.055
2639.62942 19.110 0.047
2641.69546 18.969 0.064
2643.70422 18.736 0.055
2645.69310 19.043 0.048
2647.65084 18.965 0.058
2651.60577 18.951 0.072
2653.63241 18.854 0.069
2655.75336 18.687 0.052
2657.59837 18.866 0.056
2659.61338 18.732 0.056
2661.83138 18.749 0.072
2663.84544 18.706 0.084
2665.85136 19.050 0.106
2668.60119 18.853 0.072
2670.60549 18.810 0.064
2672.59210 19.025 0.081
2674.61346 19.013 0.065
2676.59995 18.677 0.050
2678.67272 18.733 0.058
2680.59848 18.874 0.048
2682.64778 18.646 0.058
2686.64232 18.796 0.068
2691.58891 18.881 0.082
2695.62474 19.050 0.074
2700.58023 19.055 0.080
2706.59766 18.945 0.084
2713.56280 18.938 0.086
2840.94313 18.786 0.084
2885.84521 18.655 0.042
2892.87477 18.637 0.060
2897.84409 18.592 0.055
2903.88987 18.628 0.033
2906.89301 18.859 0.043
2911.77285 18.771 0.045
2916.82256 18.895 0.041
2922.80677 18.880 0.068
2926.73334 18.843 0.058
2930.80789 18.603 0.041
2933.85223 18.974 0.051
2939.86051 18.979 0.064
2942.81110 18.923 0.050
2944.85455 18.951 0.060
2946.85645 18.719 0.048
2949.77089 18.945 0.052
2952.84778 18.686 0.047
2956.68621 18.642 0.045
2958.71289 19.003 0.064
2962.72462 18.647 0.043
2965.74284 18.974 0.043
2967.84240 18.834 0.041
2970.80776 19.121 0.045
2974.74557 18.468 0.042
2976.78028 18.956 0.055
2978.76036 18.841 0.059
2980.70042 18.961 0.054
2982.66319 18.979 0.058
2984.71036 18.706 0.045
2986.79365 18.336 0.039
2988.75771 18.986 0.064
2990.62989 18.371 0.037
2992.78047 19.104 0.058
2994.62675 18.731 0.043
2995.63632 18.532 0.032
2997.64631 18.962 0.045
2999.76503 18.968 0.061
3001.73707 18.751 0.046
3003.71034 19.044 0.055
3005.70109 18.892 0.054
3007.71551 18.486 0.039
3009.71360 18.944 0.052
3011.68295 18.722 0.055
3013.68614 18.490 0.037
3017.69655 18.759 0.056
3019.62416 18.924 0.055
3021.74329 18.999 0.052
3023.60525 18.415 0.028
3031.67655 18.987 0.046
3033.74047 18.945 0.042
3035.74786 18.605 0.037
3038.72523 18.855 0.063
3041.59341 18.925 0.081
3043.62880 18.945 0.078
3045.66251 18.655 0.048
3047.61656 18.840 0.061
3049.62217 18.788 0.037
3051.58945 18.590 0.045
3053.58457 19.014 0.058
3055.58373 18.713 0.047
3057.60855 18.788 0.051
3060.63106 18.894 0.054
3064.63971 19.023 0.081
3070.54073 18.864 0.063
3073.60907 18.651 0.071
3078.57678 18.564 0.048
3082.56613 18.759 0.060
3084.64306 18.636 0.039
3087.60617 18.928 0.051
3090.56846 18.725 0.058
3099.50466 18.661 0.058
3102.53495 19.027 0.081
3105.56873 18.733 0.054
3108.54721 19.030 0.060
3112.51858 18.953 0.072
3116.50584 18.694 0.052
3126.51159 18.829 0.061
3256.91046 19.008 0.063
3263.88529 18.969 0.043
3268.90089 18.874 0.054
3273.87613 18.912 0.056
3277.86535 18.654 0.043
3281.85543 18.787 0.037
3289.86913 19.118 0.055
3294.86459 18.711 0.037
3296.87234 18.946 0.056
3299.72359 19.087 0.048
3301.72330 18.876 0.058
3304.78600 18.532 0.045
3306.86699 19.000 0.064
3309.69634 18.712 0.042
3311.69409 18.985 0.058
3320.73687 18.601 0.039
3327.70590 18.936 0.052
3329.85651 18.899 0.050
3334.76245 18.969 0.085
3338.81258 18.423 0.033
3350.64439 18.897 0.045
3354.64459 19.162 0.072
3358.69805 18.718 0.036
3361.80348 18.980 0.052
3363.75327 18.800 0.051
3367.70706 19.047 0.085
3372.72550 19.012 0.050
3378.63822 18.930 0.063
3383.76758 18.996 0.042
3391.70578 18.663 0.048
3395.69722 19.066 0.084
3399.67332 18.957 0.059
3402.69018 18.721 0.042
3404.62074 19.009 0.060
3408.57137 18.438 0.036
3412.61674 18.700 0.050
3416.60015 18.898 0.055
3424.60325 18.844 0.061
3431.50489 18.926 0.063
3437.51591 18.969 0.058
3445.52066 18.752 0.055
3453.54238 19.033 0.082
3462.51768 18.811 0.056
3589.93105 18.692 0.039
3617.91647 18.634 0.063
3629.85610 18.841 0.063
3634.82145 18.718 0.047
3639.87436 18.634 0.036
3641.86526 19.027 0.061
3650.86056 18.715 0.037
3653.88845 18.934 0.065
3657.84163 19.066 0.051
3661.82552 18.619 0.047
3671.85456 18.870 0.050
3675.83712 18.955 0.048
3683.85826 18.752 0.048
3689.85143 18.621 0.039
3692.77528 18.981 0.061
3694.79021 18.620 0.039
3696.73268 18.955 0.051
3699.73524 18.632 0.032
3701.78821 19.046 0.051
3704.69530 18.691 0.038
3706.82408 18.507 0.034
3711.69773 18.594 0.037
3713.71149 19.022 0.056
3716.81062 18.719 0.038
3719.79153 18.970 0.074
3725.78322 18.925 0.065
3727.75798 18.685 0.041
3730.65334 18.949 0.039
3732.67783 18.578 0.030
3734.77580 18.460 0.029
3736.79221 18.954 0.051
3737.68073 18.748 0.042
3739.77976 18.466 0.029
3742.60281 18.746 0.051
3745.71551 19.101 0.055
3749.62662 18.435 0.060
3751.73078 19.124 0.073
3753.60240 18.737 0.054
3755.63993 18.600 0.055
3757.67338 18.945 0.056
3759.73807 18.804 0.037
3762.72536 19.196 0.076
3765.74393 18.688 0.032
3770.58545 18.622 0.043
3773.59281 18.930 0.061
3776.59184 18.563 0.038
3779.58191 18.875 0.071
3782.63161 18.541 0.037
3791.60370 18.846 0.051
3799.52824 19.225 0.095
3821.50628 19.047 0.055
3945.93097 18.930 0.041
3963.92703 18.744 0.056
3969.85747 18.539 0.047
3975.90751 18.509 0.037
3981.83672 19.084 0.071
3995.88710 18.915 0.065
4001.84019 18.743 0.041
4005.81802 18.848 0.039
4007.82206 18.690 0.037
4011.82221 18.772 0.058
4018.81375 18.661 0.039
4023.84585 18.795 0.048
4026.75220 18.822 0.041
4029.69554 18.636 0.054
4031.77608 18.938 0.055
4038.68529 18.849 0.045
4040.85208 18.793 0.058
4042.86784 18.716 0.047
4048.83231 19.056 0.076
4052.67449 19.145 0.055
4054.64757 18.768 0.061
4056.71904 18.818 0.059
4058.65708 18.828 0.051
4063.65110 19.073 0.054
4066.64890 18.716 0.037
4069.71451 19.007 0.058
4071.64313 18.763 0.052
4076.71537 18.913 0.059
4079.72808 18.694 0.063
4083.64499 18.789 0.058
4085.71031 18.474 0.038
4092.82763 18.966 0.047
4112.69915 18.516 0.028
4117.68800 18.617 0.045
4121.66401 18.980 0.065
4124.74690 18.461 0.032
4129.75945 18.761 0.054
4142.61849 19.019 0.065
4150.62432 18.617 0.038
4155.52029 18.544 0.042
4166.54917 18.681 0.067
4196.49867 18.937 0.074
4341.87470 18.770 0.060
4347.82460 18.713 0.054
4351.87051 18.861 0.058
4357.88246 18.867 0.067
4363.80706 18.781 0.063
4366.85768 18.967 0.069
4369.89818 18.874 0.071
4372.80110 18.942 0.058
4376.89152 18.734 0.073
4379.89791 18.958 0.111
4386.75905 18.603 0.039
4393.76998 18.937 0.059
4398.84619 18.571 0.041
4403.85261 18.772 0.072
4411.78157 19.033 0.054
4411.84325 18.965 0.059
4418.73238 18.798 0.041
4422.82897 18.961 0.054
4429.77149 18.821 0.107
4432.69713 19.004 0.069
4436.73652 18.586 0.046
4439.80220 18.922 0.082
4443.67192 18.988 0.085
4448.82591 18.633 0.046
4451.66611 18.784 0.052
4455.66489 19.017 0.073
4457.72042 18.761 0.072
4460.75052 19.090 0.099
4464.71317 18.540 0.036
4467.70568 19.029 0.054
4471.75195 19.132 0.089
4476.67447 19.110 0.055
4480.67427 18.601 0.047
4484.75327 19.071 0.089
4488.67582 19.123 0.100
4493.67796 19.027 0.085
4498.65599 19.104 0.059
4501.64903 18.785 0.054
4506.58714 18.873 0.068
4508.59714 18.404 0.041
4510.67667 18.990 0.071
4516.62643 19.000 0.106
4519.69795 18.632 0.065
4521.54161 18.921 0.071
4524.58212 18.538 0.050
4530.60625 18.487 0.050
4532.63454 19.032 0.069
4537.59618 19.069 0.073
4540.64733 18.912 0.082
