2167.90482 19.112 0.082
2190.86203 18.899 0.047
2193.82642 18.869 0.042
2202.82570 19.026 0.057
2215.77895 19.066 0.074
2221.85710 19.148 0.095
2224.82699 18.806 0.050
2227.73782 19.046 0.068
2229.74359 18.812 0.058
2231.71184 19.053 0.073
2233.68011 18.879 0.050
2237.59949 19.177 0.113
2239.66051 18.892 0.058
2241.75215 18.772 0.046
2243.82242 18.721 0.062
2248.67918 18.542 0.038
2250.76815 19.163 0.080
2252.73751 19.040 0.069
2254.72859 18.658 0.039
2257.73256 18.981 0.053
2260.75430 18.699 0.046
2265.78691 18.995 0.058
2266.77749 18.786 0.052
2270.80353 19.032 0.051
2272.65307 18.472 0.039
2274.78046 18.605 0.056
2276.83838 19.019 0.065
2278.79523 18.842 0.073
2280.77797 18.564 0.036
2282.77519 19.055 0.068
2284.79658 18.839 0.044
2289.83767 19.025 0.051
2291.82371 18.725 0.053
2293.79260 19.036 0.083
2295.81646 19.019 0.053
2297.80254 18.753 0.051
2300.82759 19.134 0.100
2302.78881 18.897 0.073
2315.71261 18.628 0.052
2324.57896 18.849 0.048
2328.56087 19.180 0.094
2340.55075 19.028 0.062
2373.50334 18.731 0.080
2385.56646 18.894 0.081
2534.89892 18.988 0.075
2539.90607 19.079 0.109
2545.87325 18.927 0.060
2557.83404 18.958 0.070
2561.83211 18.622 0.044
2565.83351 18.860 0.069
2574.79571 19.112 0.079
2578.85212 18.742 0.054
2584.74790 18.622 0.059
2590.82553 18.775 0.052
2596.83197 18.822 0.068
2606.72846 18.898 0.048
2609.83706 18.694 0.063
2614.80014 18.778 0.054
2619.67618 18.772 0.040
2621.80414 18.664 0.040
2624.70114 18.981 0.052
2629.82222 19.051 0.073
2632.71633 18.709 0.041
2635.81684 19.166 0.077
2638.81004 18.963 0.073
2641.77821 19.173 0.064
2643.78146 18.930 0.052
2645.78017 18.636 0.041
2647.70917 19.031 0.053
2650.78790 18.958 0.060
2653.66303 19.066 0.071
2655.71975 18.975 0.059
2657.65456 18.668 0.056
2659.80838 19.108 0.094
2660.71862 18.987 0.062
2662.72624 18.760 0.056
2664.74005 18.581 0.077
2666.79391 19.002 0.053
2668.82014 18.953 0.063
2675.81248 18.796 0.047
2677.79950 18.596 0.053
2679.81815 19.236 0.100
2682.73741 18.564 0.062
2687.64032 18.560 0.054
2697.52955 18.660 0.042
2702.52835 18.982 0.091
2708.55716 18.944 0.065
2724.52705 19.111 0.064
2871.91850 18.909 0.054
2884.87815 18.767 0.053
2890.90012 18.751 0.081
2896.85279 18.687 0.056
2902.78739 18.622 0.035
2911.89592 19.077 0.060
2917.79943 18.969 0.051
2923.80161 18.990 0.065
2926.85467 18.800 0.047
2931.78314 18.875 0.048
2934.82354 18.983 0.056
2940.80394 19.009 0.051
2943.80813 18.828 0.046
2947.81663 19.043 0.048
2950.73060 18.633 0.046
2954.75384 18.869 0.068
2956.79939 18.789 0.045
2958.84402 18.561 0.054
2962.83825 18.832 0.044
2965.84739 19.036 0.056
2967.78719 18.924 0.054
2970.84116 18.587 0.036
2974.77916 18.746 0.040
2976.66866 18.993 0.057
2979.65208 18.640 0.052
2983.78531 19.057 0.073
2985.82798 18.967 0.056
2987.72672 18.482 0.042
2989.66941 19.025 0.046
2991.74165 18.885 0.045
2993.74935 18.572 0.039
2995.82457 19.023 0.054
2997.79352 18.974 0.053
2998.74105 18.788 0.050
3000.74351 18.865 0.054
3002.74133 19.032 0.054
3004.73430 18.740 0.038
3006.72727 19.072 0.052
3008.74174 18.988 0.058
3010.78814 18.908 0.057
3011.80449 18.749 0.059
3016.73815 18.820 0.042
3018.76858 18.433 0.036
3020.83229 19.168 0.082
3021.85726 18.988 0.070
3023.71821 18.706 0.048
3025.68988 19.033 0.039
3027.73533 18.965 0.045
3029.72018 18.650 0.039
3031.79058 18.916 0.076
3034.62189 18.605 0.031
3036.65226 19.222 0.064
3039.59417 18.742 0.048
3042.70171 18.589 0.048
3044.64115 18.914 0.057
3046.62718 18.647 0.050
3047.72948 18.738 0.050
3048.66057 18.996 0.046
3049.68410 19.088 0.045
3051.65348 18.949 0.053
3053.62869 18.564 0.029
3055.64574 18.963 0.054
3057.67087 18.921 0.045
3059.61547 18.513 0.032
3061.60778 19.075 0.075
3066.57738 19.056 0.083
3068.60525 18.927 0.075
3070.67559 18.747 0.077
3073.69389 19.133 0.080
3076.61763 18.790 0.071
3079.60232 19.039 0.048
3082.68666 18.962 0.046
3085.58645 18.902 0.050
3088.54675 18.639 0.045
3091.52966 19.123 0.077
3100.50915 18.657 0.070
3103.52740 18.921 0.060
3106.54865 18.783 0.046
3109.53430 18.980 0.051
3112.58975 18.828 0.054
3116.56781 19.006 0.076
3127.56502 19.067 0.076
3133.52551 19.074 0.089
3223.92374 19.172 0.092
3242.87460 19.086 0.071
3249.92197 18.892 0.088
3258.90930 18.626 0.058
3264.87550 18.824 0.036
3271.82324 18.956 0.069
3274.82725 18.702 0.057
3278.90017 19.114 0.087
3282.80683 19.007 0.051
3287.83136 18.647 0.033
3291.76857 18.761 0.052
3295.78907 19.029 0.044
3297.78115 18.865 0.036
3299.84922 18.716 0.029
3301.84258 19.033 0.068
3305.75159 18.754 0.046
3309.81285 18.937 0.044
3311.80645 18.663 0.044
3327.82230 18.919 0.041
3330.79837 18.711 0.057
3336.65079 18.915 0.062
3339.83394 19.142 0.074
3353.82293 18.780 0.035
3357.76363 18.912 0.050
3360.74037 18.818 0.038
3365.85977 18.747 0.057
3373.82386 18.654 0.053
3378.75068 18.461 0.033
3394.63385 18.572 0.052
3399.78759 19.234 0.098
3403.77468 18.773 0.047
3408.69788 18.396 0.029
3418.60641 18.583 0.039
3427.57394 18.844 0.060
3434.52580 18.864 0.045
3440.54999 19.023 0.065
3447.51920 18.881 0.065
3456.54479 18.870 0.077
3469.49968 19.079 0.054
3478.49224 18.644 0.048
3601.90264 19.114 0.073
3619.90534 19.071 0.058
3630.78674 19.319 0.126
3636.84414 19.144 0.087
3640.79405 18.734 0.036
3651.82787 18.932 0.058
3654.87405 18.665 0.034
3658.83774 18.819 0.058
3670.82628 18.846 0.054
3673.83656 18.974 0.041
3676.83668 18.808 0.045
3685.77604 19.028 0.050
3687.86276 19.061 0.065
3690.78472 18.668 0.045
3693.82032 18.939 0.057
3695.85144 18.843 0.046
3698.84107 19.189 0.066
3701.71003 18.583 0.034
3703.79382 18.984 0.046
3705.85801 18.984 0.059
3708.84571 18.750 0.048
3712.80329 18.838 0.041
3715.76897 19.170 0.058
3718.70477 18.651 0.044
3720.85457 18.762 0.060
3724.77216 18.859 0.040
3728.75020 18.958 0.044
3731.81329 18.760 0.035
3733.67601 19.038 0.041
3735.66388 18.848 0.032
3737.82240 18.769 0.033
3740.78577 19.012 0.046
3745.82831 18.450 0.033
3749.77840 18.724 0.073
3751.79226 18.636 0.054
3753.74165 18.912 0.048
3755.74168 18.653 0.044
3757.73144 19.090 0.053
3759.82172 19.038 0.059
3766.71036 18.878 0.053
3770.73795 19.161 0.080
3773.76916 18.739 0.054
3776.74353 19.070 0.094
3783.61079 18.840 0.045
3788.58505 18.927 0.044
3793.59060 19.061 0.050
3801.52641 18.762 0.038
3811.51713 19.011 0.070
3826.50218 18.677 0.046
3958.90229 18.843 0.077
3965.86196 18.435 0.028
3970.88201 18.744 0.041
3982.83277 18.628 0.045
3993.78542 18.748 0.059
3999.87695 19.011 0.054
4003.75285 19.015 0.042
4006.77397 18.704 0.035
4008.79488 19.074 0.053
4013.80647 18.703 0.060
4019.80764 18.684 0.040
4024.80066 18.676 0.036
4026.86965 18.698 0.048
4029.81398 18.920 0.050
4032.85059 18.603 0.047
4039.68282 18.933 0.057
4041.75653 18.900 0.053
4043.76152 18.648 0.048
4049.72479 18.600 0.033
4052.78617 18.930 0.041
4054.77224 18.783 0.040
4056.83146 18.675 0.039
4059.72618 18.923 0.053
4064.79641 19.011 0.038
4066.79375 18.830 0.047
4069.74686 19.063 0.057
4071.67482 18.878 0.056
4076.74702 19.085 0.082
4079.78851 18.781 0.058
4082.83641 18.999 0.057
4084.80165 18.918 0.066
4086.82675 18.678 0.050
4103.66237 18.500 0.039
4106.58318 18.841 0.062
4111.80551 18.377 0.029
4127.67473 18.610 0.031
4132.76369 18.887 0.066
4143.55098 18.754 0.041
4157.54974 18.451 0.040
4169.50694 18.657 0.047
4198.53673 18.787 0.050
4343.86960 18.587 0.048
4348.83845 18.715 0.046
4353.86982 18.945 0.056
4358.82182 19.010 0.082
4364.90817 18.998 0.112
4367.88201 18.762 0.046
4371.77633 18.835 0.060
4373.85967 18.731 0.045
4378.76306 18.789 0.051
4381.75126 18.980 0.074
4386.86911 18.707 0.046
4390.83110 18.833 0.046
4394.87770 18.998 0.060
4399.80541 19.073 0.073
4408.71036 18.742 0.054
4412.79275 19.052 0.066
4423.74309 19.011 0.054
4427.74519 18.645 0.051
4430.74846 19.010 0.083
4433.76606 18.698 0.044
4437.76401 18.985 0.082
4440.70821 18.855 0.051
4443.80071 18.982 0.060
4449.77164 18.940 0.059
4451.80725 18.808 0.056
4455.77261 19.096 0.071
4457.80385 18.822 0.066
4459.77108 18.853 0.050
4463.76780 18.746 0.041
4465.78459 18.596 0.040
4468.74881 18.882 0.042
4470.70435 18.504 0.038
4473.74752 19.062 0.085
4476.76851 18.655 0.039
4482.80939 18.737 0.056
4485.79975 18.966 0.075
4490.64698 19.089 0.071
4494.71302 18.576 0.044
4498.73686 18.894 0.050
4501.73419 18.693 0.051
4506.66821 18.487 0.042
4508.69507 19.043 0.069
4509.75918 19.115 0.064
4512.72930 18.618 0.042
4518.66949 18.549 0.064
4521.71006 19.019 0.068
4523.68911 18.759 0.071
4525.65371 19.150 0.063
4531.63742 19.188 0.058
4537.68209 18.567 0.038
4539.60137 18.982 0.060
4542.51879 19.313 0.110
