2166.90333 19.033 0.060
2173.82374 18.425 0.035
2192.79707 18.948 0.044
2201.80985 18.616 0.031
2223.84615 19.105 0.062
2226.82611 18.329 0.036
2229.63805 19.200 0.075
2230.77663 18.751 0.048
2232.79638 18.945 0.053
2234.79057 18.970 0.046
2238.76257 19.027 0.052
2241.63760 19.204 0.073
2243.69603 18.324 0.036
2248.76843 19.039 0.048
2251.72586 18.991 0.046
2253.80995 18.347 0.031
2255.68493 19.074 0.064
2261.70519 18.918 0.050
2264.78624 19.060 0.049
2269.81964 18.725 0.044
2271.76707 18.616 0.035
2273.85209 19.039 0.068
2274.63676 18.724 0.056
2276.74387 19.116 0.069
2278.64240 19.028 0.057
2280.64059 18.999 0.056
2282.64916 19.118 0.070
2284.64042 18.449 0.041
2289.78281 19.053 0.061
2291.79091 19.064 0.074
2293.75664 19.076 0.083
2295.77858 18.634 0.037
2297.77191 18.740 0.045
2299.81245 19.039 0.073
2301.70658 18.922 0.068
2303.70276 19.200 0.090
2321.65386 19.048 0.064
2327.53239 18.402 0.043
2332.56527 18.951 0.082
2333.52934 18.943 0.079
2339.51756 19.199 0.074
2347.51223 18.932 0.053
2402.50628 19.082 0.087
2524.90196 18.972 0.058
2542.86381 19.059 0.054
2552.81317 19.044 0.062
2556.80478 19.107 0.056
2559.85293 18.506 0.041
2564.82091 18.893 0.058
2573.82208 18.629 0.050
2578.74624 18.932 0.070
2583.78172 19.093 0.066
2589.82510 18.794 0.041
2596.71333 19.006 0.079
2605.71460 18.705 0.040
2609.70531 18.989 0.064
2614.64001 19.145 0.062
2618.69759 18.654 0.045
2620.82562 19.083 0.049
2623.79652 19.087 0.053
2627.66075 19.262 0.118
2629.68427 18.511 0.054
2631.70428 18.671 0.053
2634.73288 18.926 0.048
2635.60448 18.805 0.037
2637.80352 19.094 0.056
2639.62942 19.040 0.043
2641.69546 19.186 0.058
2643.70422 18.492 0.037
2645.69310 18.702 0.031
2647.65084 18.801 0.043
2651.60577 19.062 0.068
2653.63241 19.022 0.066
2655.75336 18.536 0.037
2657.59837 19.091 0.058
2659.61338 18.703 0.048
2661.83138 19.143 0.089
2663.84544 19.126 0.107
2665.85136 18.517 0.060
2668.60119 19.068 0.074
2670.60549 18.962 0.060
2672.59210 18.421 0.037
2674.61346 18.800 0.044
2676.59995 18.850 0.045
2678.67272 19.092 0.062
2680.59848 19.048 0.045
2682.64778 19.057 0.070
2686.64232 18.626 0.050
2691.58891 18.924 0.073
2695.62474 19.130 0.066
2700.58023 18.585 0.045
2706.59766 19.157 0.086
2713.56280 18.392 0.044
2840.94313 18.813 0.074
2885.84521 18.968 0.050
2892.87477 18.575 0.049
2897.84409 18.955 0.068
2903.88987 18.505 0.028
2906.89301 18.696 0.037
2911.77285 18.768 0.040
2916.82256 19.076 0.045
2922.80677 18.766 0.056
2926.73334 18.808 0.050
2930.80789 19.143 0.060
2933.85223 18.690 0.037
2939.86051 18.899 0.053
2942.81110 19.090 0.053
2944.85455 18.420 0.037
2946.85645 18.632 0.043
2949.77089 18.704 0.040
2952.84778 18.943 0.052
2956.68621 19.053 0.054
2958.71289 19.144 0.066
2962.72462 18.568 0.039
2965.74284 18.938 0.041
2967.84240 19.030 0.043
2970.80776 19.144 0.045
2974.74557 18.413 0.036
2976.78028 18.778 0.041
2978.76036 18.887 0.050
2980.70042 18.871 0.046
2982.66319 18.969 0.053
2984.71036 19.092 0.061
2986.79365 18.325 0.036
2988.75771 18.518 0.041
2990.62989 18.514 0.037
2992.78047 18.964 0.046
2994.62675 18.860 0.046
2995.63632 18.877 0.037
2997.64631 19.100 0.048
2999.76503 19.081 0.057
3001.73707 18.301 0.029
3003.71034 18.539 0.032
3005.70109 18.761 0.044
3007.71551 18.924 0.050
3009.71360 19.073 0.056
3011.68295 19.118 0.073
3013.68614 19.087 0.058
3017.69655 18.550 0.043
3019.62416 18.642 0.040
3021.74329 19.102 0.050
3023.60525 18.865 0.036
3024.80628 19.156 0.056
3026.80255 18.374 0.024
3028.81457 18.750 0.043
3031.67655 18.624 0.031
3033.74047 18.983 0.040
3035.74786 19.047 0.048
3038.72523 19.111 0.071
3041.59341 19.065 0.081
3043.62880 18.632 0.049
3045.66251 18.684 0.044
3047.61656 18.803 0.053
3049.62217 18.874 0.035
3051.58945 19.006 0.052
3053.58457 19.118 0.052
3055.58373 19.059 0.052
3057.60855 18.460 0.032
3060.63106 18.760 0.043
3064.63971 19.024 0.071
3067.69387 19.339 0.074
3070.54073 19.071 0.064
3073.60907 18.687 0.062
3075.65665 18.875 0.058
3078.57678 18.997 0.060
3082.56613 19.146 0.073
3084.64306 18.423 0.031
3087.60617 18.679 0.037
3090.56846 18.837 0.054
3099.50466 19.294 0.082
3102.53495 18.665 0.049
3105.56873 18.968 0.058
3108.54721 19.110 0.058
3112.51858 19.192 0.077
3116.50584 18.715 0.048
3126.51159 18.836 0.053
3241.89908 18.922 0.054
3256.91046 19.072 0.065
3263.88529 18.342 0.024
3268.90089 18.891 0.050
3273.87613 19.096 0.061
3277.86535 18.315 0.031
3281.85543 18.761 0.035
3289.86913 19.105 0.052
3294.86459 18.755 0.036
3296.87234 18.979 0.053
3299.72359 18.862 0.037
3301.72330 19.006 0.062
3304.78600 19.191 0.074
3306.86699 18.664 0.040
3309.69634 18.452 0.032
3311.69409 18.717 0.040
3320.73687 18.539 0.033
3327.70590 19.005 0.050
3329.85651 19.168 0.054
3334.76245 18.470 0.048
3338.81258 19.013 0.048
3350.64439 18.425 0.028
3354.64459 18.899 0.054
3358.69805 19.088 0.046
3361.80348 18.648 0.035
3363.75327 18.684 0.043
3367.70706 19.005 0.074
3372.72550 19.222 0.054
3378.63822 18.603 0.043
3383.76758 19.017 0.037
3391.70578 18.747 0.045
3395.69722 19.007 0.066
3399.67332 19.052 0.056
3402.69018 18.403 0.028
3404.62074 18.384 0.032
3408.57137 18.700 0.039
3412.61674 19.039 0.058
3416.60015 19.042 0.052
3424.60325 19.008 0.061
3431.50489 19.091 0.058
3437.51591 18.918 0.048
3445.52066 19.128 0.065
3453.54238 18.976 0.066
3462.51768 18.631 0.043
3589.93105 19.059 0.048
3617.91647 19.178 0.085
3629.85610 19.031 0.065
3634.82145 19.123 0.058
3639.87436 18.699 0.032
3641.86526 18.899 0.049
3650.86056 18.349 0.027
3653.88845 18.823 0.053
3657.84163 18.948 0.044
3661.82552 19.248 0.077
3671.85456 19.132 0.057
3675.83712 19.065 0.048
3683.85826 19.033 0.053
3687.75097 19.089 0.049
3689.85143 19.212 0.061
3692.77528 18.538 0.037
3694.79021 18.658 0.036
3696.73268 18.677 0.037
3699.73524 18.922 0.035
3701.78821 19.176 0.052
3704.69530 19.095 0.049
3706.82408 18.606 0.032
3711.69773 18.805 0.041
3713.71149 18.945 0.044
3716.81062 19.021 0.043
3719.79153 18.599 0.050
3725.78322 19.055 0.065
3727.75798 19.051 0.050
3730.65334 19.084 0.039
3732.67783 19.090 0.043
3734.77580 18.709 0.033
3736.79221 18.792 0.041
3737.68073 18.611 0.029
3739.77976 19.018 0.039
3742.60281 18.952 0.054
3745.71551 19.039 0.045
3749.62662 18.814 0.073
3751.73078 18.821 0.052
3753.60240 18.710 0.046
3755.63993 18.952 0.064
3757.67338 19.199 0.061
3759.73807 19.101 0.043
3762.72536 18.612 0.039
3765.74393 18.906 0.032
3770.58545 19.004 0.054
3773.59281 19.063 0.060
3776.59184 19.232 0.060
3779.58191 18.498 0.044
3782.63161 18.824 0.043
3787.55744 19.264 0.066
3791.60370 18.529 0.035
3799.52824 19.026 0.068
3821.50628 18.627 0.036
3945.93097 18.833 0.036
3963.92703 18.936 0.060
3969.85747 18.779 0.054
3975.90751 19.104 0.056
3981.83672 19.122 0.068
3995.88710 18.491 0.041
4001.84019 18.916 0.045
4005.81802 19.083 0.046
4007.82206 19.087 0.048
4011.82221 18.521 0.044
4018.81375 19.016 0.050
4023.84585 18.446 0.031
4026.75220 18.401 0.028
4029.69554 18.744 0.056
4031.77608 18.806 0.045
4038.68529 19.047 0.050
4040.85208 18.823 0.052
4042.86784 18.946 0.053
4048.83231 19.132 0.068
4052.67449 19.083 0.050
4054.64757 19.005 0.070
4056.71904 18.727 0.052
4058.65708 18.753 0.044
4063.65110 19.104 0.052
4066.64890 19.102 0.049
4069.71451 18.674 0.040
4071.64313 18.813 0.053
4076.71537 19.161 0.065
4079.72808 18.831 0.062
4083.64499 18.537 0.044
4085.71031 18.891 0.048
4092.82763 18.573 0.031
4112.69915 18.943 0.037
4117.68800 19.177 0.066
4121.66401 18.467 0.035
4124.74690 18.887 0.040
4129.75945 19.162 0.070
4142.61849 18.947 0.052
4150.62432 18.435 0.027
4155.52029 18.764 0.041
4166.54917 18.633 0.054
4196.49867 18.705 0.052
4347.82460 18.726 0.049
4351.87051 19.152 0.066
4357.88246 18.752 0.053
4363.80706 18.930 0.062
4366.85768 19.074 0.069
4369.89818 18.483 0.041
4372.80110 18.565 0.037
4376.89152 19.120 0.090
4379.89791 19.168 0.116
4386.75905 18.557 0.033
4393.76998 19.103 0.058
4398.84619 18.624 0.036
4403.85261 18.949 0.071
4411.78157 18.376 0.028
4411.84325 18.599 0.037
4418.73238 18.902 0.039
4422.82897 19.106 0.052
4429.77149 18.835 0.097
4432.69713 18.899 0.057
4436.73652 19.215 0.066
4439.80220 18.595 0.052
4443.67192 18.601 0.053
4448.82591 19.272 0.069
4451.66611 19.080 0.060
4455.66489 18.413 0.040
4457.72042 18.769 0.061
4460.75052 19.038 0.079
4464.71317 19.076 0.046
4467.70568 18.463 0.029
4471.75195 18.959 0.064
4476.67447 19.079 0.045
4480.67427 18.675 0.043
4484.75327 18.776 0.057
4488.67582 19.066 0.078
4493.67796 18.811 0.058
4498.65599 18.765 0.036
4501.64903 19.048 0.056
4506.58714 19.065 0.068
4508.59714 19.197 0.066
4510.67667 18.743 0.046
4516.62643 19.144 0.101
4519.69795 19.157 0.081
4521.54161 19.196 0.079
4524.58212 18.414 0.037
4530.60625 19.048 0.065
4532.63454 19.100 0.061
4537.59618 18.432 0.035
4540.64733 18.863 0.061
