2161.87394 19.004 0.084
2173.88712 19.125 0.056
2192.85590 18.795 0.048
2201.84234 18.924 0.045
2214.82385 18.785 0.057
2221.76674 19.026 0.079
2224.77945 18.842 0.050
2227.68205 19.102 0.062
2229.69552 19.040 0.077
2230.83968 19.091 0.066
2232.85930 19.179 0.085
2234.85404 19.031 0.050
2237.77449 18.747 0.045
2241.69975 19.014 0.061
2243.75356 18.998 0.062
2247.83544 18.897 0.048
2248.83804 18.892 0.045
2250.82616 18.694 0.044
2252.68514 19.057 0.056
2254.67621 19.086 0.062
2257.68288 18.908 0.042
2260.68958 18.459 0.031
2264.69497 19.107 0.058
2266.68109 19.006 0.060
2270.68879 18.641 0.039
2271.82913 18.828 0.034
2272.83705 18.850 0.061
2274.67876 19.031 0.065
2276.78470 19.182 0.076
2277.83803 19.244 0.064
2279.85562 19.086 0.053
2280.82914 19.072 0.054
2282.72604 18.739 0.039
2288.78738 19.246 0.089
2290.82466 19.045 0.061
2292.79771 18.942 0.062
2294.77404 18.855 0.075
2296.79386 18.700 0.071
2298.75031 19.042 0.064
2300.75690 19.096 0.076
2302.73357 19.053 0.085
2323.61052 18.990 0.050
2327.59600 18.569 0.048
2333.60599 19.118 0.100
2345.54347 18.944 0.060
2351.52411 18.854 0.058
2369.52017 18.930 0.058
2385.50496 18.432 0.050
2529.85043 18.834 0.052
2539.85288 18.959 0.065
2545.82155 19.127 0.076
2552.87604 18.849 0.056
2556.86739 18.429 0.031
2560.77649 19.006 0.060
2564.88403 18.908 0.081
2573.87989 19.171 0.114
2578.80425 18.375 0.037
2583.85864 19.079 0.079
2590.76566 19.150 0.077
2596.77830 18.897 0.058
2605.81147 19.027 0.060
2609.77763 18.799 0.064
2614.73580 19.166 0.089
2618.79068 18.995 0.064
2621.71581 18.665 0.037
2624.62178 19.107 0.069
2627.71965 18.963 0.084
2629.74263 19.067 0.061
2632.66855 18.540 0.034
2635.71580 18.908 0.048
2638.68676 19.041 0.060
2640.78367 18.952 0.058
2642.74054 18.861 0.084
2644.74328 18.788 0.049
2646.69681 18.753 0.049
2650.75305 19.055 0.069
2652.81454 19.022 0.049
2654.77520 18.944 0.068
2656.68061 18.462 0.050
2658.64239 19.120 0.071
2660.66069 19.059 0.062
2662.67166 19.049 0.062
2664.65175 18.726 0.048
2668.70122 18.575 0.042
2670.66944 19.123 0.096
2672.80212 18.831 0.052
2674.70288 19.077 0.071
2676.69277 18.840 0.048
2678.74527 18.810 0.054
2680.65602 18.551 0.038
2682.70277 19.277 0.095
2687.58256 18.696 0.061
2693.54181 19.031 0.054
2696.57856 18.928 0.060
2701.56928 18.598 0.052
2707.56692 19.072 0.069
2714.55415 19.177 0.087
2839.93084 19.246 0.077
2867.90179 18.898 0.049
2885.87944 19.051 0.058
2892.90793 18.846 0.075
2897.87682 18.981 0.056
2907.79703 19.101 0.053
2911.83438 18.926 0.042
2916.88480 18.633 0.035
2922.86844 18.984 0.072
2926.80013 18.705 0.042
2930.86985 19.061 0.056
2934.77188 18.824 0.044
2940.75260 19.093 0.053
2943.75687 18.992 0.058
2947.76554 18.780 0.045
2949.85548 18.734 0.042
2956.74797 18.965 0.053
2958.77430 18.803 0.058
2965.80982 19.025 0.054
2968.67714 18.759 0.053
2973.80062 18.577 0.034
2976.81831 19.127 0.064
2978.72075 19.059 0.069
2980.73316 18.957 0.056
2982.72586 18.615 0.042
2984.77297 18.509 0.038
2986.85564 18.574 0.068
2988.82600 19.171 0.064
2989.78134 19.059 0.053
2991.67644 18.782 0.038
2993.69689 18.708 0.049
2995.77001 18.623 0.037
2997.74241 19.024 0.069
2999.70658 19.087 0.053
3001.80146 19.024 0.056
3003.77212 18.918 0.052
3005.73397 18.758 0.046
3007.65540 19.218 0.064
3009.65873 19.132 0.065
3011.75280 18.931 0.073
3017.75828 18.738 0.039
3019.68637 18.865 0.044
3021.80496 18.585 0.041
3023.66669 18.972 0.044
3025.63855 18.824 0.035
3027.68400 18.700 0.039
3029.66903 18.440 0.033
3031.73895 18.387 0.033
3033.80259 18.621 0.035
3035.80943 19.073 0.053
3038.78704 18.942 0.064
3041.62760 18.980 0.094
3043.66164 19.180 0.099
3045.72458 19.011 0.065
3047.67831 18.945 0.060
3048.60708 18.741 0.037
3050.62660 18.651 0.034
3052.62783 18.504 0.033
3054.63236 19.217 0.073
3056.62051 19.022 0.053
3060.66403 19.028 0.057
3068.55002 18.940 0.075
3070.62220 18.896 0.080
3073.64214 18.722 0.061
3076.56605 19.103 0.087
3078.65116 19.014 0.072
3082.62897 18.813 0.041
3085.53105 18.509 0.046
3087.67261 18.503 0.042
3090.63533 18.992 0.056
3096.55038 18.552 0.056
3099.62015 18.855 0.088
3102.59877 18.902 0.066
3104.58546 18.920 0.057
3107.56918 18.748 0.054
3110.56725 19.306 0.094
3113.54519 18.979 0.080
3128.51770 18.723 0.060
3140.52473 18.813 0.053
3216.88894 18.950 0.079
3241.93177 18.875 0.064
3248.87399 19.148 0.071
3257.90229 19.029 0.048
3264.82361 18.693 0.031
3270.89039 19.005 0.053
3274.77599 18.821 0.056
3277.89804 18.711 0.056
3287.77964 18.632 0.030
3291.71657 19.037 0.045
3295.73800 18.833 0.039
3297.73004 18.639 0.029
3299.79431 18.564 0.023
3301.79156 18.961 0.062
3304.85193 19.016 0.065
3309.75767 18.670 0.041
3311.75559 18.476 0.035
3320.79859 18.895 0.046
3327.77055 18.970 0.050
3330.72916 18.698 0.052
3334.82807 18.674 0.060
3339.77586 18.937 0.050
3354.79180 18.829 0.046
3358.84048 18.597 0.029
3365.77052 18.762 0.046
3372.78693 19.183 0.071
3378.69963 18.684 0.037
3391.76735 18.745 0.052
3399.73615 19.025 0.073
3403.72355 18.502 0.034
3406.69306 18.985 0.041
3410.64591 18.780 0.038
3415.64312 19.087 0.045
3427.60691 19.039 0.068
3433.62952 18.793 0.046
3438.55877 19.091 0.050
3446.51594 18.602 0.041
3461.53338 19.070 0.065
3473.49276 19.141 0.088
3601.90672 18.842 0.050
3619.84511 19.197 0.061
3633.88355 18.891 0.057
3639.79602 18.886 0.039
3644.83262 19.081 0.048
3651.77578 19.227 0.060
3654.82329 19.036 0.048
3658.78729 18.809 0.049
3661.85796 18.768 0.058
3668.83073 18.973 0.060
3672.81900 18.722 0.037
3676.77578 19.065 0.057
3684.83769 18.697 0.035
3687.81212 19.018 0.048
3690.73199 18.924 0.058
3693.76597 18.749 0.046
3695.79876 18.592 0.031
3698.78050 19.115 0.064
3700.80910 19.097 0.050
3703.73995 18.869 0.038
3705.80712 18.764 0.034
3708.79505 18.338 0.034
3712.75264 19.082 0.049
3714.82292 19.140 0.048
3717.68536 18.558 0.038
3719.85792 18.688 0.054
3721.81882 18.727 0.042
3726.71466 18.916 0.054
3730.74693 18.395 0.026
3732.73902 19.127 0.041
3735.63840 18.923 0.037
3737.77082 18.914 0.038
3739.84073 18.929 0.045
3741.85369 18.777 0.046
3743.75086 18.845 0.039
3746.79336 19.045 0.072
3748.74654 18.871 0.065
3749.75219 18.875 0.069
3751.76352 18.791 0.050
3753.71501 18.338 0.030
3755.71603 19.064 0.060
3757.70588 18.973 0.049
3759.77067 19.112 0.048
3762.79222 18.841 0.049
3765.77928 18.600 0.030
3770.65180 18.842 0.048
3773.71789 18.702 0.045
3776.68823 18.469 0.041
3779.64275 19.069 0.075
3782.75641 19.118 0.065
3787.61969 19.141 0.061
3792.57041 18.948 0.053
3800.55234 19.037 0.050
3810.50998 18.960 0.073
3823.51981 18.843 0.053
3950.90365 18.902 0.050
3964.89826 18.761 0.034
3981.89681 18.956 0.057
3998.88908 18.829 0.045
3999.85159 18.633 0.033
4001.90059 18.517 0.030
4004.86457 19.138 0.046
4005.87850 19.143 0.053
4008.74476 18.642 0.029
4013.78149 19.179 0.072
4018.87440 19.018 0.048
4024.74182 19.002 0.038
4026.81488 19.117 0.045
4029.76410 18.691 0.041
4032.78977 18.737 0.056
4038.74543 18.907 0.045
4041.70671 18.782 0.042
4043.71159 18.634 0.039
4049.67418 18.973 0.053
4052.73556 18.908 0.041
4054.72242 18.751 0.052
4056.78041 18.645 0.037
4058.81278 18.451 0.030
4063.71133 18.946 0.044
4066.76870 18.732 0.041
4068.67501 19.241 0.054
4070.69863 19.017 0.057
4074.76626 19.169 0.071
4077.81480 19.006 0.056
4079.85968 18.664 0.058
4083.70523 19.229 0.079
4085.77094 19.074 0.072
4093.75551 18.978 0.042
4105.82803 18.316 0.037
4109.79792 19.006 0.046
4113.75381 18.723 0.029
4120.78401 19.006 0.048
4122.74048 18.961 0.042
4132.68253 18.803 0.060
4142.73366 19.048 0.085
4156.56872 18.614 0.038
4168.52339 18.556 0.042
4197.50275 18.904 0.064
4347.88665 18.873 0.061
4353.81996 19.022 0.053
4364.88265 18.987 0.066
4371.77242 18.628 0.045
4377.82875 19.057 0.072
4380.84366 18.954 0.049
4386.81935 19.055 0.081
4390.78128 18.974 0.056
4394.73738 18.446 0.031
4399.75537 19.042 0.079
4407.71837 19.172 0.075
4412.73379 18.991 0.066
4418.82717 18.725 0.037
4426.77087 18.928 0.065
4430.69825 19.087 0.076
4432.75745 19.216 0.062
4436.79735 19.188 0.085
4440.71220 18.558 0.038
4443.75050 19.325 0.108
4449.71337 18.793 0.041
4451.72307 18.621 0.053
4455.72222 19.168 0.079
4457.75263 18.918 0.065
4460.82432 18.983 0.081
4463.74261 18.646 0.039
4466.73160 19.099 0.052
4470.67906 18.795 0.058
4473.72179 18.677 0.061
4477.78027 18.352 0.039
4482.78409 19.159 0.091
4486.76191 18.789 0.071
4492.65708 19.041 0.060
4494.68087 19.010 0.079
4498.71309 18.533 0.039
4501.71040 19.054 0.068
4506.64449 18.800 0.058
4508.67131 18.608 0.045
4510.73763 18.560 0.042
4517.68446 18.896 0.077
4521.65237 18.597 0.045
4524.61515 19.027 0.065
4530.64116 18.792 0.054
4532.66686 18.485 0.044
4536.63912 19.171 0.080
4539.52110 18.732 0.054
4541.63029 18.962 0.084
