2171.90070 19.026 0.062
2183.86013 18.911 0.080
2184.86209 19.056 0.083
2189.80642 18.900 0.073
2191.83319 18.956 0.045
2200.84015 18.907 0.051
2211.81589 18.907 0.063
2217.74280 18.835 0.061
2223.76274 18.817 0.048
2226.73790 18.883 0.057
2228.78152 19.057 0.062
2230.69451 18.735 0.052
2232.71505 18.726 0.041
2234.70823 18.770 0.045
2238.65955 18.693 0.048
2240.78791 18.973 0.059
2242.78979 18.872 0.067
2244.84050 18.947 0.070
2249.71285 18.835 0.047
2253.70422 18.858 0.040
2256.70395 18.785 0.045
2261.61160 18.731 0.041
2293.66735 18.745 0.052
2326.52273 18.663 0.057
2520.87992 18.976 0.073
2544.82628 18.998 0.059
2551.82634 18.940 0.055
2555.85039 18.929 0.053
2559.73809 18.786 0.049
2563.80943 19.002 0.063
2580.83073 18.965 0.048
2589.73058 18.781 0.052
2594.74983 18.777 0.082
2599.79124 18.989 0.062
2607.74841 18.927 0.055
2626.65673 18.707 0.047
2628.82291 19.041 0.082
2655.63884 18.697 0.050
2671.65910 18.847 0.045
2679.70482 18.997 0.061
2681.69330 18.845 0.060
2685.63982 18.924 0.084
2690.59371 18.728 0.053
2699.58379 18.868 0.068
2870.90337 18.916 0.055
2883.90294 18.947 0.046
2905.80927 18.864 0.055
2929.81783 18.912 0.047
2933.76466 18.859 0.038
2946.76907 18.927 0.056
2949.75274 18.915 0.057
2952.74593 18.937 0.066
2969.66789 18.763 0.045
3056.52931 18.659 0.039
3108.51341 18.717 0.047
3273.77253 18.920 0.067
3289.78183 18.919 0.042
3308.79686 18.973 0.055
3325.73307 18.809 0.052
3334.66297 18.666 0.056
3352.65952 18.854 0.051
3369.68588 18.847 0.046
3409.53545 18.760 0.052
3590.93461 19.057 0.053
3617.85473 19.008 0.058
3641.80432 19.036 0.058
3653.80218 18.977 0.048
3660.74393 18.946 0.069
3698.70963 18.902 0.071
3728.62240 18.740 0.036
3754.65136 18.857 0.046
4004.80388 18.929 0.044
4007.73647 18.802 0.039
4009.89459 18.954 0.062
4016.84752 18.957 0.059
4028.79980 18.955 0.040
4037.77066 18.925 0.046
4040.76642 18.967 0.055
4042.78182 19.083 0.062
4048.74512 19.036 0.055
4053.78705 19.021 0.045
4055.73679 18.954 0.061
4057.71574 18.817 0.055
4060.65503 18.742 0.037
4065.70254 18.947 0.038
4069.62895 18.824 0.049
4072.66625 18.839 0.050
4077.69853 18.932 0.058
4080.68230 18.887 0.051
4117.65595 18.787 0.050
4164.55654 18.811 0.066
4373.76713 18.870 0.048
4376.80625 19.088 0.066
4379.81184 19.015 0.061
4383.81694 19.023 0.059
4388.75664 18.909 0.057
4392.78175 18.933 0.041
4397.79222 18.958 0.058
4402.86769 18.986 0.063
4410.82653 19.022 0.059
4416.85003 18.936 0.048
4425.70661 18.871 0.068
4431.76492 18.851 0.057
4435.79920 19.188 0.093
4439.68713 18.780 0.055
4442.75473 18.978 0.061
4448.71344 18.933 0.062
4450.72380 18.981 0.071
4453.70032 18.870 0.041
4457.66991 18.854 0.060
4459.64920 18.759 0.048
4464.64739 18.738 0.037
4467.65772 18.848 0.048
4478.71437 18.919 0.053
4484.65711 18.818 0.074
4487.71987 19.018 0.076
4490.71536 18.995 0.099
4494.64466 18.838 0.065
4499.58997 18.793 0.044
4502.62208 18.787 0.049
4507.62162 18.866 0.050
4509.61553 18.876 0.061
4520.58969 18.772 0.067
4533.53829 18.641 0.050
4537.53398 18.748 0.053
4540.55774 18.862 0.072
