2167.88646 18.737 0.045
2186.86049 18.837 0.070
2190.84586 18.725 0.036
2193.80979 18.726 0.031
2202.80916 18.664 0.034
2214.85686 18.687 0.057
2215.76237 18.976 0.059
2221.84060 18.548 0.045
2224.81051 18.802 0.040
2227.72136 18.964 0.050
2229.72710 18.653 0.047
2231.69535 18.729 0.038
2237.58304 18.754 0.062
2239.64406 18.963 0.052
2241.73573 18.565 0.035
2243.80073 18.850 0.047
2248.65980 18.833 0.041
2250.74779 18.665 0.034
2252.72104 18.725 0.036
2254.71211 18.943 0.040
2257.71612 18.903 0.039
2260.72429 18.929 0.043
2265.77044 18.604 0.044
2266.74146 18.970 0.042
2270.78707 18.751 0.036
2272.63662 18.816 0.043
2274.76396 18.681 0.044
2276.82188 18.705 0.050
2278.77873 18.582 0.042
2280.76148 18.631 0.036
2282.75871 18.864 0.039
2284.78006 18.689 0.035
2289.82115 18.748 0.036
2291.80720 18.803 0.047
2293.77608 18.557 0.041
2295.79996 18.750 0.037
2297.78599 18.781 0.044
2300.81102 18.772 0.058
2302.77228 18.728 0.052
2315.69601 18.866 0.044
2324.55699 18.697 0.036
2328.54258 18.640 0.046
2334.53575 18.577 0.036
2340.53238 18.593 0.045
2347.52967 18.883 0.048
2373.48479 18.691 0.061
2385.54790 18.419 0.043
2534.88056 18.585 0.047
2539.88774 18.847 0.049
2545.85658 18.803 0.047
2557.81582 18.756 0.049
2560.81033 18.766 0.040
2561.81391 18.555 0.039
2565.81695 18.965 0.060
2574.77919 18.881 0.046
2578.83558 18.805 0.042
2584.73139 18.796 0.051
2590.80741 18.759 0.046
2596.81384 18.763 0.050
2606.71039 18.701 0.036
2609.81893 18.495 0.048
2610.61754 18.771 0.045
2610.72241 18.823 0.071
2610.82968 18.911 0.067
2611.62989 18.723 0.053
2611.69711 18.603 0.055
2613.61112 18.835 0.070
2614.65436 18.648 0.044
2614.74039 18.693 0.048
2615.64319 19.014 0.075
2615.75941 18.558 0.036
2615.82298 18.705 0.035
2617.63051 18.616 0.053
2617.72626 18.773 0.049
2617.83470 18.861 0.057
2618.63657 19.011 0.056
2618.74205 18.539 0.035
2619.60514 18.781 0.042
2619.71188 18.856 0.036
2619.83625 18.970 0.047
2620.63503 18.630 0.036
2620.72026 18.727 0.035
2620.83697 18.766 0.039
2621.66047 18.820 0.036
2621.74474 18.628 0.032
2621.83793 18.604 0.031
2622.63502 18.805 0.057
2622.71646 18.861 0.046
2622.83639 19.027 0.047
2623.63377 18.666 0.046
2623.72186 18.714 0.042
2623.83317 18.865 0.040
2624.66434 18.747 0.043
2624.73548 18.461 0.029
2624.83022 18.620 0.032
2625.64935 18.892 0.048
2625.70124 18.948 0.045
2625.81137 18.965 0.042
2626.61818 18.646 0.044
2627.72592 18.608 0.052
2627.77898 18.517 0.045
2627.79980 18.438 0.044
2628.64276 18.811 0.052
2628.71976 18.844 0.050
2628.78697 18.981 0.061
2629.63842 18.633 0.043
2629.74679 18.653 0.043
2629.80578 18.852 0.043
2629.82652 18.784 0.048
2630.62629 18.924 0.065
2630.70588 18.549 0.035
2630.78620 18.559 0.045
2631.63783 18.857 0.053
2631.72062 18.732 0.057
2632.59377 18.637 0.033
2632.69986 18.735 0.031
2632.72057 18.690 0.031
2632.80109 18.806 0.038
2634.59256 18.747 0.039
2634.68259 18.840 0.038
2634.81579 18.930 0.043
2635.64281 18.697 0.035
2635.72007 18.705 0.031
2635.80041 18.744 0.037
2635.82301 18.835 0.047
2636.61783 18.968 0.054
2636.67063 18.734 0.037
2636.75104 18.489 0.035
2636.83075 18.687 0.040
2637.63269 18.790 0.036
2637.71127 18.918 0.043
2637.81439 19.006 0.043
2638.61397 18.684 0.036
2638.71487 18.798 0.041
2638.79356 18.759 0.057
2638.81433 18.826 0.049
2639.58705 18.971 0.041
2639.66739 18.670 0.027
2639.82337 18.680 0.028
2640.59601 18.847 0.042
2640.73798 18.880 0.043
2641.59614 18.613 0.031
2641.73244 18.798 0.040
2641.76176 18.771 0.037
2641.84330 18.904 0.043
2642.59422 18.992 0.053
2642.69607 18.504 0.035
2643.60116 18.769 0.041
2643.74478 18.850 0.042
2644.58382 18.512 0.032
2644.69428 18.707 0.038
2645.58453 19.012 0.044
2645.59432 18.987 0.043
2645.73635 18.529 0.035
2645.84271 18.664 0.042
2646.60510 18.846 0.043
2646.72868 18.884 0.042
2647.60372 18.634 0.035
2647.69272 18.762 0.038
2647.71348 18.726 0.035
2649.60090 18.802 0.035
2649.68869 18.881 0.033
2650.62102 18.636 0.034
2650.68254 18.650 0.036
2650.79238 18.719 0.041
2651.61703 18.835 0.052
2651.70774 18.562 0.030
2652.58392 18.780 0.040
2652.66287 18.788 0.044
2652.76037 18.960 0.049
2653.59167 18.631 0.033
2653.64655 18.628 0.038
2653.76065 18.821 0.043
2654.60963 18.898 0.049
2654.68743 18.481 0.036
2654.82806 18.723 0.039
2655.59605 18.834 0.049
2655.69770 18.814 0.038
2655.79502 18.939 0.046
2656.60746 18.640 0.039
2656.75255 18.846 0.048
2656.85376 18.796 0.052
2657.60987 18.873 0.043
2657.63804 18.731 0.045
2657.84643 18.660 0.048
2658.57144 18.795 0.052
2658.67093 18.898 0.047
2658.75190 18.820 0.071
2659.62862 18.631 0.035
2659.76461 18.697 0.059
2659.79184 18.752 0.060
2659.85623 18.814 0.073
2660.58413 18.924 0.052
2660.69827 18.520 0.035
2660.72494 18.683 0.038
2661.58920 18.830 0.028
2661.64222 18.827 0.030
2661.84218 18.718 0.045
2662.62790 18.645 0.032
2662.70809 18.749 0.040
2662.76353 18.736 0.044
2663.64251 18.651 0.042
2663.72662 18.474 0.044
2664.69020 18.786 0.050
2664.72348 18.881 0.063
2665.67307 18.757 0.030
2665.80936 18.875 0.047
2666.63051 18.756 0.031
2666.75014 18.633 0.029
2666.77734 18.633 0.029
2667.66727 18.816 0.037
2667.81810 18.915 0.066
2668.74095 18.728 0.040
2668.76888 18.793 0.050
2669.58122 18.905 0.044
2670.67433 18.844 0.069
2671.67318 18.700 0.037
2672.65437 18.621 0.055
2672.75280 18.692 0.036
2673.69070 18.791 0.051
2673.79808 18.960 0.059
2674.65927 18.613 0.035
2674.77649 18.838 0.046
2675.63399 18.639 0.036
2675.74480 18.579 0.028
2675.79592 18.624 0.032
2676.63975 18.865 0.041
2676.72482 18.849 0.043
2677.63194 18.666 0.042
2677.69666 18.714 0.040
2678.61782 18.747 0.036
2678.74949 18.635 0.036
2679.63831 18.998 0.058
2679.77422 18.998 0.049
2679.80157 18.912 0.062
2680.76025 18.828 0.037
2681.59717 18.969 0.058
2681.70858 18.586 0.039
2682.57459 18.779 0.049
2683.60972 18.636 0.044
2687.62237 18.757 0.053
2692.55564 18.631 0.032
2696.61252 18.686 0.038
2702.51035 18.911 0.069
2708.53424 18.765 0.048
2724.50889 18.853 0.045
2871.89759 18.700 0.043
2884.86001 18.665 0.040
2896.83476 18.678 0.048
2902.76937 18.955 0.045
2907.83017 18.746 0.034
2911.87796 18.606 0.027
2917.78150 18.920 0.042
2923.78088 18.939 0.051
2926.83675 18.609 0.034
2931.76524 18.694 0.032
2934.80565 18.702 0.035
2940.78610 18.677 0.037
2943.79026 18.638 0.035
2947.79884 18.723 0.034
2950.71277 18.912 0.051
2954.73603 18.808 0.052
2956.78162 18.727 0.035
2958.82623 18.687 0.045
2962.82048 18.566 0.032
2964.83890 18.776 0.030
2967.76945 18.747 0.039
2970.82343 18.763 0.029
2974.76144 18.759 0.033
2976.65095 18.562 0.035
2979.63434 18.474 0.039
2981.65572 18.803 0.075
2983.76249 18.696 0.039
2985.81021 18.674 0.032
2987.70896 18.709 0.041
2989.65164 18.947 0.038
2991.71954 18.658 0.029
2993.73160 18.825 0.044
2995.80516 18.572 0.030
2997.77574 18.739 0.034
2998.72326 18.920 0.041
3000.72580 18.629 0.030
3002.71315 18.790 0.039
3004.71659 18.874 0.037
3006.70951 18.639 0.029
3008.72396 18.802 0.039
3010.77039 18.608 0.045
3011.78673 18.872 0.053
3016.72038 18.831 0.043
3018.75077 18.632 0.034
3020.81454 18.839 0.043
3021.83845 18.771 0.045
3023.70045 18.894 0.036
3025.67205 18.955 0.029
3027.71750 18.698 0.026
3029.70238 18.801 0.034
3031.77271 18.502 0.038
3034.60406 18.947 0.032
3036.63442 18.570 0.026
3039.57632 18.484 0.032
3042.68385 18.644 0.044
3044.62327 18.634 0.039
3046.60923 18.918 0.043
3047.71157 18.699 0.049
3048.64272 18.595 0.026
3049.66625 18.976 0.034
3051.63555 18.573 0.034
3053.61074 18.766 0.032
3055.62780 18.934 0.044
3057.65293 18.568 0.031
3059.59757 18.722 0.029
3061.58988 18.947 0.045
3066.55941 18.503 0.042
3068.58724 18.702 0.044
3070.65764 18.915 0.052
3073.67584 18.699 0.045
3076.59962 18.820 0.048
3078.68617 18.734 0.046
3082.66789 18.781 0.031
3085.56840 18.876 0.043
3088.52866 18.851 0.059
3091.51100 18.868 0.053
3096.56002 18.564 0.049
3100.48761 18.762 0.063
3103.50927 18.886 0.048
3106.53055 18.899 0.043
3109.51611 18.919 0.042
3112.56792 18.948 0.043
3116.54963 18.768 0.043
3127.54675 18.847 0.047
3133.50720 18.662 0.050
3223.90554 18.785 0.052
3242.85647 18.588 0.037
3248.91046 18.590 0.038
3258.89122 18.955 0.038
3264.85752 19.008 0.034
3271.80528 18.709 0.051
3274.80924 18.818 0.050
3278.88226 18.636 0.039
3282.76427 18.784 0.033
3287.81343 18.678 0.026
3291.75071 18.822 0.038
3295.77120 18.772 0.025
3299.83138 18.572 0.020
3301.82474 18.683 0.041
3305.73378 18.576 0.032
3309.79504 18.900 0.034
3311.78867 18.629 0.033
3320.85213 18.597 0.027
3323.76613 18.604 0.035
3327.80457 18.979 0.039
3330.78063 18.821 0.043
3336.63303 18.914 0.055
3339.81152 18.903 0.046
3350.74906 18.592 0.025
3353.80523 18.619 0.024
3357.74589 19.031 0.040
3360.72264 18.943 0.032
3365.84204 18.725 0.038
3373.80613 18.812 0.048
3378.73290 18.911 0.035
3394.61603 18.679 0.043
3399.76975 18.806 0.049
3403.75681 18.882 0.040
3408.67997 18.964 0.038
3413.52630 19.011 0.055
3417.62018 18.947 0.042
3427.54278 18.588 0.039
3434.50799 18.976 0.048
3440.51768 18.915 0.044
3447.50128 18.677 0.054
3456.52685 18.947 0.055
3469.48169 18.649 0.036
3478.47416 18.630 0.042
3579.93238 18.782 0.050
3601.88465 18.491 0.035
3619.88744 18.539 0.029
3630.76882 18.820 0.062
3634.86774 18.571 0.032
3640.77621 18.681 0.033
3651.81013 18.633 0.031
3654.85636 18.768 0.031
3658.82003 18.528 0.029
3661.86576 18.654 0.043
3665.83898 18.909 0.046
3670.80861 18.557 0.032
3673.81888 18.529 0.023
3676.81902 18.505 0.025
3685.75840 18.759 0.030
3687.84514 18.834 0.031
3690.76709 18.707 0.041
3693.80273 18.792 0.034
3695.83385 18.884 0.035
3698.82350 18.794 0.034
3701.69246 18.819 0.035
3703.77621 18.559 0.025
3705.84043 18.792 0.029
3708.82816 18.842 0.041
3712.78570 18.521 0.025
3715.75136 18.553 0.028
3718.68720 18.881 0.051
3720.83697 18.861 0.046
3724.75459 18.557 0.026
3728.73264 18.821 0.038
3731.79570 18.919 0.034
3733.65630 18.971 0.035
3735.64631 18.619 0.024
3737.80482 18.878 0.027
3740.76813 18.805 0.031
3742.77424 18.424 0.039
3745.81073 18.571 0.032
3749.76076 18.821 0.064
3751.77457 18.524 0.035
3753.72398 18.714 0.034
3757.71377 18.720 0.030
3759.80409 18.783 0.034
3763.67606 18.769 0.025
3766.69267 18.688 0.036
3770.72021 18.849 0.042
3773.75145 18.809 0.044
3776.72583 18.867 0.054
3783.59306 18.558 0.031
3788.56725 18.749 0.029
3793.57277 19.018 0.042
3801.50854 18.509 0.030
3810.54335 18.545 0.037
3826.48415 18.966 0.059
3958.87434 18.864 0.067
3965.84418 18.575 0.027
3970.86427 18.951 0.040
3982.81509 18.716 0.048
3993.76780 18.896 0.053
3999.85933 18.853 0.039
4003.73524 18.815 0.032
4006.75643 18.767 0.031
4008.77735 18.985 0.036
4013.78895 18.642 0.039
4026.85218 18.640 0.034
4029.79655 19.078 0.055
4032.83314 18.849 0.052
4038.77922 18.902 0.045
4041.73912 18.811 0.037
4043.74415 18.499 0.035
4049.70739 18.568 0.027
4052.76876 18.706 0.031
4054.75492 18.851 0.038
4056.81404 18.816 0.033
4058.86117 18.784 0.044
4064.77647 18.641 0.023
4066.77645 18.911 0.037
4069.72952 18.825 0.049
4071.65747 18.795 0.044
4076.72968 18.513 0.034
4079.77119 18.496 0.033
4082.81277 18.609 0.033
4084.78432 18.796 0.038
4086.80935 18.678 0.040
4093.86216 18.852 0.048
4103.63396 18.464 0.030
4106.56581 18.906 0.045
4111.78810 18.773 0.031
4117.72874 18.811 0.036
4121.70666 18.619 0.041
4127.65728 18.626 0.025
4132.74623 18.908 0.053
4143.53340 18.841 0.040
4157.52561 18.784 0.047
4168.56632 18.755 0.032
4198.51892 18.638 0.051
4343.85185 18.813 0.050
4348.82074 18.563 0.031
4353.85213 18.728 0.035
4358.80420 18.816 0.066
4364.89057 18.958 0.053
4367.86441 18.872 0.043
4370.88604 18.984 0.058
4373.84209 18.874 0.038
4377.89396 18.796 0.048
4381.73370 18.690 0.045
4386.85159 18.753 0.040
4390.81360 18.536 0.030
4394.86018 18.903 0.035
4399.78791 18.509 0.040
4407.81719 18.825 0.055
4412.77537 18.828 0.045
4418.86103 18.961 0.045
4423.72571 18.594 0.032
4427.72780 18.917 0.045
4430.73111 18.785 0.047
4433.74864 18.816 0.043
4436.84335 18.833 0.061
4440.69086 18.669 0.036
4443.78334 18.797 0.045
4449.75429 18.636 0.037
4451.78988 18.927 0.045
4455.75527 18.689 0.046
4457.78647 18.927 0.059
4459.75371 18.569 0.032
4463.75044 18.954 0.040
4465.76720 18.574 0.029
4468.73146 18.559 0.027
4470.68699 18.674 0.040
4473.73014 18.635 0.039
4476.75107 18.833 0.031
4482.79194 18.827 0.047
4485.78231 18.766 0.050
4490.62952 18.849 0.043
4494.69559 18.837 0.049
4498.72042 18.575 0.031
4501.71776 18.652 0.041
4506.65174 18.739 0.043
4508.67862 18.947 0.049
4509.74274 18.897 0.044
4512.71176 18.920 0.054
4518.65197 18.677 0.053
4521.69249 18.722 0.045
4523.67151 18.918 0.050
4525.63613 18.573 0.031
4531.61985 18.663 0.034
4534.54870 19.061 0.055
4537.66446 18.528 0.031
4539.58371 18.675 0.038
4542.50112 18.597 0.052
