2187.76096 18.496 0.062
2190.86609 18.533 0.039
2193.83081 18.458 0.033
2202.83059 18.267 0.032
2215.78344 18.603 0.051
2222.78330 18.790 0.062
2227.74182 18.422 0.044
2229.74755 18.642 0.054
2231.71607 18.363 0.042
2233.68428 18.423 0.039
2237.60351 18.377 0.060
2239.66456 18.569 0.054
2241.75618 18.403 0.036
2243.82647 18.240 0.044
2248.68601 18.423 0.036
2250.71743 18.433 0.041
2252.81457 18.584 0.050
2254.73251 18.322 0.032
2257.73760 18.327 0.035
2260.75966 18.471 0.038
2263.65253 18.671 0.047
2265.69808 18.481 0.036
2266.75987 18.540 0.044
2270.80951 18.557 0.041
2272.65708 18.404 0.042
2274.78801 18.243 0.039
2276.84337 18.658 0.057
2278.80238 18.410 0.051
2280.78207 18.744 0.047
2282.78139 18.517 0.053
2290.67728 18.490 0.041
2293.79672 18.498 0.056
2295.82058 18.325 0.033
2297.80737 18.694 0.053
2299.82382 18.422 0.050
2301.71790 18.761 0.056
2302.79310 18.345 0.054
2303.71588 18.445 0.057
2321.68806 18.561 0.054
2328.56507 18.536 0.066
2334.55830 18.404 0.044
2340.55480 18.267 0.036
2346.49542 18.479 0.070
2360.49029 18.648 0.076
2391.49114 18.722 0.069
2540.86909 18.640 0.069
2548.80615 18.331 0.042
2557.83828 18.665 0.059
2561.83627 18.449 0.039
2565.84254 18.376 0.050
2574.79963 18.578 0.050
2578.85621 18.497 0.054
2586.75554 18.320 0.042
2590.83023 18.417 0.042
2596.83724 18.368 0.045
2606.73353 18.445 0.036
2609.84287 18.391 0.051
2614.80472 18.440 0.042
2619.68137 18.575 0.041
2621.80868 18.482 0.038
2624.70574 18.351 0.035
2627.82610 18.298 0.051
2630.59578 18.754 0.070
2632.74664 18.571 0.039
2636.69649 18.638 0.041
2638.74073 18.512 0.047
2641.78910 18.383 0.039
2643.78594 18.616 0.048
2645.78422 18.462 0.039
2649.65928 18.529 0.045
2651.73910 18.334 0.035
2653.73354 18.706 0.070
2655.76415 18.412 0.048
2657.75202 18.582 0.053
2659.81317 18.505 0.062
2661.61330 18.626 0.038
2663.85840 18.727 0.093
2666.58766 18.419 0.047
2668.82419 18.326 0.039
2673.77093 18.666 0.066
2676.75120 18.510 0.044
2678.79717 18.271 0.032
2680.68932 18.546 0.041
2684.56370 18.533 0.045
2688.54461 18.562 0.065
2692.51906 18.660 0.060
2697.53395 18.407 0.038
2702.53554 18.727 0.073
2708.56237 18.443 0.044
2725.49482 18.526 0.057
2875.86196 18.614 0.062
2884.88306 18.404 0.041
2890.90417 18.375 0.065
2896.85704 18.680 0.057
2902.79145 18.515 0.035
2912.79541 18.531 0.038
2917.80371 18.602 0.042
2923.80639 18.576 0.050
2926.85884 18.539 0.041
2931.78760 18.355 0.036
2934.82779 18.604 0.045
2940.80807 18.530 0.039
2943.81287 18.445 0.035
2947.82107 18.574 0.035
2950.73747 18.417 0.045
2954.76342 18.596 0.059
2956.80370 18.359 0.036
2958.84823 18.416 0.047
2963.73957 18.418 0.050
2966.75980 18.267 0.027
2968.72854 18.679 0.042
2971.79058 18.535 0.042
2974.81362 18.531 0.038
2976.67351 18.398 0.038
2979.65746 18.708 0.062
2981.67800 18.513 0.091
2983.80989 18.335 0.044
2985.77692 18.641 0.042
2987.73347 18.351 0.036
2989.67367 18.672 0.038
2991.74751 18.457 0.035
2993.75368 18.279 0.032
2995.82894 18.672 0.044
2997.80009 18.333 0.035
2998.74554 18.492 0.041
3000.74875 18.292 0.035
3002.74559 18.518 0.039
3004.73858 18.420 0.033
3006.73175 18.715 0.044
3010.79247 18.258 0.036
3012.79803 18.529 0.065
3016.74245 18.646 0.042
3018.77308 18.392 0.039
3020.83666 18.295 0.041
3021.86158 18.431 0.048
3023.72296 18.598 0.050
3025.72611 18.423 0.029
3029.72442 18.504 0.035
3031.80107 18.458 0.048
3034.62616 18.642 0.033
3036.65640 18.515 0.039
3039.59842 18.372 0.041
3041.68128 18.396 0.051
3042.70630 18.432 0.045
3044.64533 18.682 0.053
3046.63147 18.463 0.048
3048.66466 18.313 0.030
3050.65643 18.552 0.035
3052.65787 18.331 0.030
3054.66343 18.593 0.042
3056.65120 18.369 0.033
3058.64443 18.591 0.044
3060.69390 18.470 0.038
3066.58164 18.329 0.047
3068.60980 18.595 0.059
3071.50814 18.463 0.048
3073.69822 18.404 0.044
3076.62178 18.395 0.062
3079.62420 18.321 0.030
3082.69099 18.403 0.033
3085.59338 18.581 0.038
3088.55117 18.488 0.044
3091.53429 18.421 0.045
3100.51364 18.396 0.060
3102.62929 18.721 0.063
3106.55366 18.669 0.045
3109.53822 18.572 0.044
3113.55569 18.590 0.066
3127.51363 18.650 0.045
3133.52931 18.602 0.054
3230.90407 18.539 0.041
3242.87849 18.481 0.048
3249.84548 18.485 0.063
3258.91345 18.555 0.057
3260.83747 18.327 0.038
3264.87950 18.447 0.029
3271.82790 18.453 0.047
3274.83120 18.450 0.054
3279.78487 18.578 0.048
3282.85050 18.524 0.038
3291.77345 18.295 0.033
3295.79395 18.456 0.029
3297.78537 18.672 0.033
3299.85330 18.548 0.029
3301.86481 18.389 0.044
3305.75571 18.326 0.038
3309.81702 18.423 0.033
3311.81055 18.310 0.033
3315.84841 18.338 0.035
3321.71712 18.677 0.041
3324.82508 18.688 0.045
3327.83128 18.519 0.036
3333.81483 18.502 0.062
3336.65683 18.315 0.041
3339.83872 18.383 0.044
3353.74027 18.399 0.035
3357.76786 18.474 0.036
3360.74574 18.421 0.030
3363.82034 18.273 0.036
3370.77759 18.348 0.038
3376.72962 18.686 0.053
3378.75485 18.560 0.041
3394.63835 18.214 0.038
3396.66467 18.657 0.048
3399.79190 18.545 0.062
3402.70188 18.480 0.035
3404.63349 18.457 0.044
3409.55047 18.419 0.041
3413.54909 18.492 0.041
3418.54130 18.593 0.048
3426.53699 18.411 0.041
3432.52283 18.367 0.030
3438.56310 18.682 0.041
3447.52439 18.440 0.051
3457.50123 18.346 0.047
3594.91174 18.745 0.053
3603.85520 18.402 0.042
3619.91086 18.305 0.035
3620.89158 18.417 0.030
3630.80272 18.399 0.053
3637.74110 18.377 0.051
3640.79934 18.323 0.030
3651.83190 18.455 0.044
3654.87804 18.352 0.030
3658.84404 18.478 0.039
3660.84141 18.351 0.042
3664.85102 18.355 0.029
3668.83492 18.380 0.036
3672.82358 18.428 0.033
3676.71036 18.519 0.041
3685.78024 18.391 0.035
3687.86711 18.554 0.050
3690.78914 18.607 0.044
3693.69083 18.568 0.047
3695.85577 18.443 0.036
3699.74626 18.398 0.027
3701.79934 18.418 0.032
3703.79808 18.467 0.032
3705.86209 18.292 0.044
3711.70886 18.677 0.041
3713.79674 18.531 0.038
3715.77327 18.321 0.029
3718.74214 18.770 0.057
3722.63705 18.673 0.048
3726.71920 18.352 0.036
3727.85518 18.531 0.045
3730.75131 18.391 0.029
3732.82676 18.267 0.027
3734.81967 18.512 0.035
3735.66806 18.586 0.029
3737.82656 18.485 0.029
3739.84522 18.229 0.029
3741.58351 18.486 0.041
3743.75540 18.366 0.038
3746.79782 18.318 0.042
3748.77655 18.532 0.054
3750.79132 18.286 0.039
3753.66440 18.402 0.053
3755.74597 18.490 0.042
3757.76541 18.350 0.035
3760.74505 18.284 0.036
3766.71479 18.732 0.050
3774.61556 18.358 0.038
3777.57416 18.752 0.053
3781.73845 18.289 0.039
3786.59080 18.512 0.038
3793.54044 18.463 0.039
3801.53036 18.703 0.041
3811.52290 18.585 0.053
3828.48673 18.468 0.048
3958.90603 18.354 0.053
3965.86564 18.287 0.027
3970.88582 18.505 0.038
3982.83643 18.348 0.041
3993.78958 18.346 0.045
4002.85005 18.484 0.035
4004.86835 18.477 0.030
4006.77785 18.345 0.030
4008.79889 18.650 0.038
4013.81053 18.300 0.045
4019.81196 18.674 0.041
4024.80482 18.246 0.029
4026.87383 18.394 0.036
4029.81810 18.664 0.044
4032.85460 18.674 0.056
4039.68683 18.533 0.042
4041.76058 18.370 0.036
4043.76565 18.553 0.050
4049.72885 18.521 0.033
4052.79038 18.489 0.030
4054.77719 18.221 0.027
4056.83565 18.601 0.038
4059.73034 18.426 0.036
4064.84410 18.241 0.024
4066.79809 18.493 0.038
4068.83538 18.299 0.029
4070.75777 18.641 0.053
4074.79659 18.613 0.047
4077.84539 18.697 0.044
4080.72513 18.526 0.041
4083.71182 18.437 0.044
4085.77536 18.219 0.036
4095.63667 18.665 0.041
4103.76714 18.421 0.050
4106.59793 18.460 0.047
4112.77217 18.415 0.033
4117.75469 18.459 0.048
4121.76668 18.592 0.047
4126.74618 18.249 0.039
4129.77980 18.490 0.035
4143.55655 18.564 0.042
4157.55451 18.695 0.056
4169.51144 18.386 0.039
4199.48080 18.307 0.047
4343.87330 18.532 0.051
4348.84606 18.384 0.038
4353.87365 18.544 0.044
4358.82582 18.659 0.063
4363.84266 18.419 0.051
4367.83084 18.505 0.042
4371.78039 18.568 0.051
4378.71985 18.555 0.048
4381.75547 18.457 0.056
4386.87299 18.287 0.035
4390.83505 18.327 0.032
4395.70183 18.540 0.060
4399.86050 18.592 0.051
4408.71436 18.406 0.044
4412.79790 18.588 0.051
4427.74943 18.444 0.044
4430.75279 18.728 0.073
4433.77025 18.642 0.047
4437.69685 18.664 0.062
4440.71647 18.533 0.044
4443.83407 18.702 0.059
4449.77579 18.515 0.053
4451.81142 18.274 0.035
4455.78113 18.371 0.047
4458.75982 18.292 0.035
4462.75381 18.306 0.030
4464.79941 18.766 0.053
4467.77048 18.567 0.036
4472.68642 18.295 0.030
4476.77337 18.427 0.035
4480.72384 18.456 0.030
4484.80323 18.673 0.042
4488.72413 18.604 0.060
4492.74337 18.488 0.044
4497.74810 18.395 0.038
4502.73098 18.792 0.069
4507.73497 18.492 0.053
4512.73361 18.738 0.048
4518.67353 18.584 0.081
4521.71732 18.422 0.044
4524.61942 18.244 0.033
4530.64552 18.652 0.048
4533.61115 18.665 0.050
4534.59260 18.347 0.045
4538.62865 18.359 0.045
4542.53368 18.419 0.051
