2130.47735 16.234 0.009
2133.50402 16.114 0.009
2136.62524 16.060 0.009
2141.61590 15.921 0.011
2144.69735 15.845 0.008
2160.65511 16.059 0.008
2170.59752 15.751 0.007
2179.49575 15.837 0.008
2189.49090 16.299 0.012
2212.51811 16.055 0.009
2333.89683 15.970 0.009
2337.80349 16.137 0.009
2349.82189 16.140 0.009
2357.81505 15.777 0.007
2365.88959 16.368 0.011
2373.76895 16.020 0.009
2405.84973 15.705 0.007
2464.76100 15.893 0.007
2708.89580 15.917 0.008
2850.62812 16.000 0.008
2858.75544 15.853 0.009
3059.84180 15.784 0.007
3064.85700 15.755 0.007
3068.81038 15.965 0.009
3070.89562 16.234 0.009
3073.84807 15.944 0.008
3075.88267 16.152 0.009
3077.87371 16.218 0.015
3080.79138 15.925 0.007
3083.74847 16.417 0.010
3085.84603 15.922 0.007
3087.77377 15.990 0.008
3089.82072 16.173 0.008
3091.87499 16.276 0.009
3096.91391 16.283 0.010
3097.79599 15.815 0.007
3099.88645 16.126 0.010
3100.91925 15.731 0.007
3101.78776 16.125 0.009
3102.88102 15.867 0.008
3104.74200 15.803 0.013
3106.88365 16.163 0.010
3107.87411 15.737 0.008
3109.81107 15.817 0.007
3110.87771 16.300 0.009
3112.87698 16.286 0.009
3113.88827 16.192 0.008
3114.81864 15.765 0.007
3115.87910 16.300 0.009
3116.85944 15.953 0.008
3124.75120 16.270 0.011
3126.69074 16.308 0.009
3127.85711 16.255 0.009
3128.85693 15.964 0.008
3130.73592 15.915 0.008
3131.70227 16.299 0.012
3134.87134 16.295 0.012
3137.75328 16.004 0.008
3138.63251 16.278 0.010
3139.92218 16.295 0.009
3142.80667 15.985 0.007
3144.82373 16.163 0.008
3146.86246 16.290 0.010
3151.79432 16.180 0.009
3152.79591 15.761 0.007
3153.79450 16.254 0.010
3154.88215 16.084 0.010
3156.85083 16.185 0.009
3157.91303 15.895 0.008
3158.86859 16.280 0.011
3162.83229 16.371 0.010
3163.79142 16.144 0.008
3164.78003 15.786 0.006
3165.69283 16.141 0.007
3167.63191 16.195 0.011
3168.84453 16.145 0.008
3169.81125 16.085 0.008
3170.62881 15.981 0.006
3171.76684 15.743 0.005
3171.89240 15.980 0.007
3172.79123 16.273 0.008
3173.75019 15.921 0.008
3173.84168 16.051 0.009
3174.50268 16.096 0.009
3174.74768 16.282 0.009
3174.85829 16.295 0.009
3175.53166 15.769 0.007
3175.75814 16.078 0.007
3175.83396 16.173 0.008
3177.69963 16.147 0.010
3178.55601 16.312 0.011
3179.53881 16.046 0.008
3180.76279 16.016 0.007
3182.82288 16.222 0.008
3183.78188 15.755 0.007
3184.73647 16.225 0.008
3185.66757 15.734 0.007
3191.81419 16.295 0.009
3194.53713 15.770 0.007
3194.77764 16.153 0.008
3195.53683 16.248 0.009
3195.71468 16.393 0.009
3196.56057 15.977 0.008
3196.73031 16.205 0.008
3197.49911 16.257 0.009
3197.56094 16.383 0.009
3197.65406 15.925 0.007
3197.73383 15.826 0.007
3197.81115 15.972 0.009
3199.60888 15.789 0.007
3199.66892 15.896 0.007
3201.52979 15.839 0.006
3202.48027 16.236 0.010
3202.65752 16.430 0.010
3202.70597 16.003 0.008
3202.76641 15.789 0.007
3202.82551 15.919 0.008
3203.47587 15.924 0.007
3203.57405 16.074 0.007
3203.69742 16.217 0.009
3203.75134 16.258 0.008
3203.83090 16.285 0.010
3204.54112 16.414 0.009
3204.60779 15.941 0.007
3204.69006 15.847 0.006
3204.77468 15.991 0.008
3205.47083 16.055 0.008
3205.52043 16.135 0.008
3205.59360 16.199 0.008
3205.66783 16.270 0.008
3205.67115 16.269 0.008
3205.72176 16.281 0.008
3205.76392 16.349 0.009
3206.46457 16.383 0.012
3206.48291 16.255 0.011
3206.49570 16.052 0.009
3206.52285 15.753 0.006
3206.75645 16.106 0.009
3207.65058 16.312 0.010
3209.54938 16.307 0.010
3210.49098 16.004 0.008
3211.64629 15.842 0.007
3217.68705 16.297 0.010
3217.71329 16.297 0.010
3217.73948 16.324 0.011
3218.68610 15.984 0.009
3223.69002 15.895 0.008
3224.73460 16.353 0.010
3224.75760 16.394 0.011
3226.66545 16.436 0.012
3228.63591 16.017 0.007
3229.73572 16.309 0.011
3230.70582 15.977 0.008
3231.60914 16.292 0.009
3232.64261 16.044 0.008
3238.65746 16.386 0.010
3240.50658 16.267 0.009
3241.69016 16.249 0.013
3245.59342 16.322 0.011
3247.48050 16.295 0.009
3249.58682 15.803 0.007
3250.69383 16.411 0.013
3254.54756 16.300 0.010
3254.65119 15.816 0.007
3255.61703 16.257 0.011
3256.53728 15.812 0.008
3256.55936 15.852 0.008
3256.62052 15.958 0.008
3256.67926 16.037 0.009
3257.49196 16.222 0.009
3257.65736 16.416 0.010
3257.67267 16.443 0.010
3258.56645 16.023 0.008
3260.52822 16.112 0.009
3261.52168 16.037 0.008
3264.51778 16.271 0.009
3265.51373 16.010 0.009
3267.56436 16.212 0.009
3272.62496 16.195 0.009
3277.53637 16.025 0.008
3279.59171 16.217 0.009
3282.51415 15.891 0.007
3289.49611 15.956 0.008
3294.48711 15.814 0.010
3295.55939 16.341 0.006
3300.54676 16.292 0.012
3305.54804 16.241 0.011
3307.52800 16.303 0.013
3311.50730 15.825 0.009
3417.89338 15.939 0.007
3423.85220 16.278 0.010
3423.87538 16.288 0.008
3426.90067 16.168 0.009
3429.88490 15.904 0.007
3436.84204 15.909 0.008
3443.79725 15.895 0.006
3445.84026 16.102 0.007
3447.88876 16.288 0.009
3449.90596 16.351 0.008
3453.80814 15.836 0.007
3455.86792 15.975 0.007
3456.87649 16.370 0.009
3457.87098 16.130 0.008
3459.86192 16.226 0.008
3467.91528 16.040 0.007
3470.90339 15.743 0.006
3472.81322 15.744 0.006
3473.89480 16.303 0.009
3474.89673 16.080 0.007
3474.90678 16.095 0.008
3475.89233 16.412 0.008
3477.90810 15.835 0.006
3479.77871 15.762 0.006
3480.90762 16.382 0.008
3482.91052 15.778 0.006
3484.67908 16.331 0.012
3484.87770 15.842 0.007
3496.76639 16.417 0.010
3497.86761 16.274 0.009
3499.76085 16.272 0.008
3500.84778 16.104 0.007
3502.66360 15.983 0.007
3503.81629 15.773 0.006
3506.76354 16.310 0.010
3508.87988 15.787 0.007
3509.67727 16.062 0.008
3510.91779 16.042 0.007
3511.85114 16.314 0.008
3512.86249 16.110 0.009
3517.71375 15.752 0.008
3520.86606 15.754 0.007
3521.67894 16.047 0.006
3522.78749 15.771 0.006
3523.82158 16.296 0.008
3524.82198 16.016 0.007
3525.89707 15.976 0.007
3526.92785 16.264 0.010
3528.60033 15.990 0.007
3530.81998 16.293 0.007
3537.78776 16.305 0.007
3538.71359 15.980 0.006
3540.76726 16.189 0.008
3544.77536 16.336 0.009
3547.77991 16.230 0.009
3550.79326 16.070 0.007
3551.78801 16.413 0.011
3552.80714 16.202 0.009
3553.78689 15.796 0.007
3554.80901 16.275 0.010
3555.79853 15.996 0.009
3556.71083 16.282 0.009
3558.59488 16.287 0.009
3559.60332 16.009 0.007
3560.64459 16.382 0.008
3561.58107 16.116 0.008
3562.63372 15.778 0.006
3563.68575 16.272 0.008
3564.52010 15.739 0.008
3569.62430 15.863 0.009
3573.73264 16.234 0.009
3574.72976 15.942 0.007
3575.67150 16.279 0.008
3576.72758 16.066 0.008
3577.77595 15.776 0.007
3578.71261 16.196 0.007
3579.65795 15.927 0.006
3580.69758 16.238 0.008
3581.71082 15.970 0.007
3582.65973 16.282 0.008
3583.67793 16.075 0.007
3584.68187 16.381 0.008
3585.68010 16.194 0.007
3586.69343 15.826 0.006
3588.76301 16.115 0.008
3589.72380 16.428 0.010
3590.72005 16.175 0.008
3591.69508 15.751 0.006
3592.72841 16.266 0.008
3593.49194 16.402 0.007
3593.58185 15.837 0.006
3601.69622 16.370 0.010
3602.69652 16.120 0.009
3603.67775 16.069 0.008
3607.67544 16.015 0.008
3609.50330 15.917 0.007
3615.62075 16.384 0.009
3617.65122 15.754 0.007
3619.58414 15.826 0.006
3621.58653 16.012 0.007
3628.65113 16.151 0.011
3629.50919 16.329 0.008
3631.61000 15.835 0.008
3633.53663 15.906 0.009
3634.61567 16.436 0.010
3639.48627 16.205 0.007
3641.59028 16.419 0.011
3644.57303 16.257 0.008
3649.54648 16.181 0.007
3651.59072 16.285 0.011
3655.55940 15.841 0.007
3657.54929 15.859 0.008
3659.55717 16.044 0.010
3662.55553 15.763 0.009
3668.52203 16.217 0.011
3676.50107 15.828 0.009
3777.86161 16.086 0.008
3783.84568 16.353 0.010
3785.86348 15.746 0.006
3787.87312 15.938 0.007
3791.84747 16.177 0.010
3793.89168 16.281 0.009
3795.87594 16.398 0.010
3796.90837 16.168 0.010
3798.83928 16.201 0.008
3799.89364 15.936 0.009
3801.84840 16.032 0.008
3802.88285 16.356 0.009
3804.79605 16.132 0.009
3805.83458 16.243 0.009
3806.83130 15.924 0.008
3807.85548 16.345 0.010
3807.89632 16.414 0.009
3807.90503 16.415 0.009
3807.91118 16.433 0.010
3807.91409 16.438 0.012
3808.76521 15.964 0.009
3808.85912 16.085 0.008
3809.76706 16.332 0.010
3810.77419 16.116 0.008
3810.91209 16.251 0.010
3811.80264 15.737 0.007
3812.88357 16.293 0.010
3813.86328 16.015 0.008
3814.85875 16.406 0.010
3818.77638 15.769 0.006
3819.84001 16.281 0.008
3820.80408 16.000 0.007
3821.80723 16.409 0.009
3822.85089 16.202 0.008
3823.81187 15.735 0.006
3824.80582 16.232 0.009
3825.83793 15.971 0.008
3826.80709 16.304 0.009
3827.83806 16.110 0.007
3828.81814 16.327 0.009
3829.74596 16.123 0.008
3830.77449 15.741 0.006
3833.80514 16.367 0.008
3834.77810 16.097 0.007
3835.76576 16.386 0.009
3836.72721 16.152 0.009
3837.76783 15.818 0.007
3838.77580 16.299 0.010
3838.89389 16.435 0.012
3839.77172 15.989 0.008
3840.77488 16.398 0.010
3841.73007 16.072 0.008
3841.87998 16.231 0.008
3842.72843 16.327 0.012
3845.75158 16.281 0.014
3846.76244 16.041 0.007
3846.89113 16.211 0.008
3847.83550 15.796 0.007
3848.78557 16.193 0.009
3848.90987 16.295 0.009
3849.78309 15.805 0.007
3850.73190 16.241 0.008
3850.90112 16.409 0.010
3851.74188 15.930 0.007
3851.90666 16.165 0.008
3852.73041 16.277 0.009
3852.85449 16.267 0.008
3853.72310 16.050 0.007
3853.88729 16.229 0.008
3856.71133 15.743 0.006
3856.89945 16.075 0.007
3858.74823 15.991 0.007
3860.70365 16.077 0.008
3861.70108 16.341 0.009
3861.71268 16.221 0.009
3861.80518 15.821 0.006
3861.81679 15.844 0.006
3861.90411 15.975 0.007
3862.68289 16.187 0.008
3862.89767 16.347 0.009
3863.69575 15.804 0.006
3863.83970 16.038 0.007
3863.91565 16.141 0.007
3864.71253 16.282 0.008
3864.89874 15.898 0.006
3865.67324 15.952 0.007
3865.80812 16.134 0.008
3865.88673 16.202 0.008
3866.71802 16.414 0.009
3866.85747 15.804 0.007
3867.66390 16.087 0.008
3867.84934 16.278 0.009
3867.91960 16.291 0.009
3868.67170 16.176 0.009
3868.81497 15.930 0.008
3868.89548 16.034 0.008
3869.64142 16.179 0.009
3869.82985 16.293 0.010
3869.90603 16.421 0.011
3873.70531 16.412 0.009
3873.84437 15.870 0.007
3873.91485 15.971 0.007
3874.70660 16.195 0.008
3874.87507 16.292 0.009
3875.64326 15.987 0.007
3875.79049 15.947 0.006
3875.86922 16.052 0.007
3876.66667 16.228 0.007
3877.67114 15.909 0.007
3877.81936 16.129 0.007
3877.89316 16.192 0.008
3880.87469 15.977 0.007
3881.60906 16.126 0.010
3881.69491 16.217 0.008
3881.83767 16.289 0.008
3882.60700 15.913 0.007
3882.81000 16.025 0.007
3882.88014 16.126 0.008
3883.67237 16.297 0.008
3883.91105 15.740 0.006
3886.64052 16.111 0.008
3886.82717 16.279 0.008
3886.89922 16.293 0.008
3886.92525 16.348 0.010
3887.60771 16.428 0.010
3887.81040 15.954 0.007
3887.83819 15.985 0.008
3887.91025 16.078 0.007
3889.69018 15.909 0.006
3890.57848 16.210 0.009
3891.71478 16.118 0.008
3891.83175 16.237 0.009
3891.91343 16.287 0.009
3892.62514 16.363 0.010
3893.66227 16.191 0.009
3893.91077 16.434 0.012
3894.70724 15.851 0.008
3896.65098 15.931 0.008
3900.56626 16.099 0.010
3900.59217 16.138 0.008
3900.64886 16.212 0.009
3900.75271 16.300 0.009
3900.82805 16.346 0.010
3901.58013 15.918 0.009
3901.75490 16.004 0.008
3901.83171 16.096 0.008
3901.90419 16.208 0.010
3902.60105 16.240 0.008
3902.78615 16.433 0.010
3902.90842 15.820 0.009
3903.69345 16.060 0.008
3904.58406 16.284 0.008
3904.74729 15.877 0.007
3904.81632 15.836 0.006
3904.86914 15.932 0.007
3905.58098 16.047 0.007
3905.75500 16.239 0.008
3905.82762 16.285 0.008
3905.89622 16.340 0.010
3906.51963 16.312 0.011
3906.55793 16.398 0.010
3906.68948 15.790 0.007
3906.76247 15.935 0.007
3906.83513 16.051 0.008
3907.62615 16.228 0.008
3907.82101 16.395 0.011
3908.56231 15.744 0.006
3908.59983 15.815 0.006
3908.68391 15.966 0.007
3908.75277 16.068 0.007
3908.79053 16.117 0.008
3908.82803 16.165 0.008
3909.56743 16.251 0.008
3909.76534 16.365 0.008
3909.84374 15.758 0.006
3910.62364 16.037 0.007
3912.56658 16.082 0.007
3912.76336 16.291 0.008
3912.85122 16.350 0.008
3913.56434 16.333 0.008
3913.76654 15.999 0.007
3913.85636 16.132 0.008
3914.58178 16.218 0.008
3915.56234 15.813 0.007
3915.76563 16.145 0.007
3915.86268 16.240 0.009
3916.61018 16.292 0.009
3916.78284 15.746 0.007
3917.65016 16.131 0.009
3917.85643 16.277 0.010
3918.64362 16.056 0.008
3918.85333 16.030 0.008
3919.59647 16.171 0.009
3919.83352 16.443 0.009
3920.54811 15.984 0.007
3920.74439 16.011 0.007
3920.82316 16.127 0.008
3921.54115 16.222 0.009
3921.75159 16.426 0.012
3922.74806 16.151 0.010
3930.59564 16.411 0.009
3931.54672 16.100 0.008
3931.67339 16.235 0.008
3932.55856 16.048 0.008
3933.54755 16.222 0.008
3933.72885 16.357 0.008
3933.80453 16.331 0.009
3934.51833 15.775 0.007
3934.64235 16.005 0.007
3934.71212 16.106 0.007
3934.78118 16.194 0.008
3935.56812 16.302 0.010
3935.73945 15.858 0.007
3935.79124 15.786 0.007
3936.52173 15.989 0.008
3936.68708 16.186 0.008
3936.76470 16.245 0.009
3937.59696 16.357 0.008
3938.52929 16.126 0.009
3938.73087 16.291 0.009
3938.78008 16.351 0.010
3940.63229 16.272 0.007
3941.68144 16.114 0.009
3944.58578 15.946 0.006
3945.53466 16.190 0.008
3945.72269 16.313 0.009
3946.54495 15.790 0.007
3946.73434 16.094 0.007
3950.48162 16.023 0.007
3950.55277 16.133 0.007
3950.68809 16.265 0.008
3950.77229 16.282 0.009
3951.54903 15.856 0.007
3956.59543 15.997 0.009
3957.53632 16.164 0.008
3958.60907 15.876 0.007
3959.54902 16.251 0.009
3959.71338 16.429 0.011
3960.52700 15.925 0.007
3960.70690 16.157 0.008
3961.60212 16.417 0.012
3963.48860 16.398 0.010
3963.66319 15.868 0.007
3963.73652 16.009 0.009
3964.56184 16.228 0.008
3965.54873 15.863 0.006
3966.53991 16.281 0.009
3966.72241 15.933 0.008
3967.56372 16.046 0.009
3968.52643 16.377 0.010
3968.69794 15.827 0.007
3969.53421 16.133 0.009
3969.70894 16.291 0.010
3970.54213 15.741 0.007
3971.58193 16.266 0.010
3973.60711 16.397 0.009
3974.53692 16.083 0.009
3975.53941 16.358 0.008
3976.53415 16.187 0.008
3979.54393 15.979 0.010
3982.61108 15.822 0.009
3986.61114 16.131 0.009
3987.53354 16.403 0.010
3988.54638 16.174 0.007
3989.60808 15.925 0.008
3990.65032 16.368 0.011
3994.50305 16.394 0.011
3995.60067 16.275 0.008
3999.63824 15.743 0.007
4000.54525 16.161 0.009
4001.53500 15.731 0.006
4002.53171 16.234 0.008
4004.55466 16.344 0.011
4005.55733 16.129 0.009
4006.55204 16.089 0.007
4012.52771 16.127 0.009
4016.57282 16.344 0.012
4018.58224 15.971 0.009
4021.56619 16.274 0.010
4024.51391 16.080 0.009
4026.50944 16.197 0.008
4028.52544 16.312 0.010
4031.52557 16.158 0.010
4039.50047 15.775 0.009
4042.49824 16.342 0.014
4142.88109 16.196 0.012
4151.88623 16.291 0.011
4154.83367 16.140 0.009
4156.88666 16.269 0.011
4159.82070 16.003 0.009
4161.87414 16.213 0.010
4163.89014 16.273 0.010
4165.84701 16.368 0.012
4168.84450 16.224 0.010
4170.85511 16.291 0.010
4175.88059 16.289 0.009
4177.78031 16.273 0.010
4178.83766 16.091 0.009
4179.87753 15.766 0.007
4181.81396 15.776 0.007
4182.86253 16.281 0.009
4183.89501 16.095 0.009
4185.77146 16.054 0.009
4191.78201 16.368 0.011
4193.79311 15.763 0.008
4194.81594 16.261 0.010
4196.80598 16.303 0.010
4202.78754 15.978 0.008
4203.77533 16.330 0.010
4204.76773 16.096 0.009
4205.76590 16.258 0.009
4205.91729 15.922 0.008
4207.75716 15.822 0.007
4208.71110 16.262 0.010
4211.82243 16.214 0.011
4212.85199 15.899 0.009
4213.76006 16.234 0.009
4215.77306 16.288 0.010
4216.73092 16.019 0.008
4217.73845 16.414 0.010
4217.89974 15.871 0.007
4218.78822 16.211 0.011
4219.79824 15.869 0.008
4220.73725 16.266 0.010
4222.70587 16.281 0.011
4224.81623 15.776 0.007
4228.70854 15.943 0.008
4229.70212 16.335 0.011
4229.89908 15.836 0.007
4230.65032 16.017 0.008
4230.83831 16.250 0.010
4230.89998 16.287 0.012
4231.67426 16.404 0.009
4231.72538 15.873 0.006
4231.88035 15.969 0.008
4232.66200 16.157 0.011
4232.78704 16.295 0.010
4232.92457 16.429 0.012
4233.85477 16.102 0.008
4234.78508 16.376 0.010
4234.90745 15.745 0.007
4235.69867 16.006 0.008
4235.75612 16.093 0.008
4235.85972 16.215 0.009
4235.92229 16.270 0.011
4237.62521 16.043 0.010
4238.69655 15.761 0.007
4238.90605 16.060 0.010
4239.66842 16.221 0.009
4240.70805 15.931 0.008
4240.86449 16.154 0.010
4243.67373 16.424 0.011
4243.76716 15.743 0.008
4243.86006 15.923 0.009
4244.64593 16.137 0.010
4244.74230 16.232 0.009
4244.83490 16.285 0.010
4245.63899 15.888 0.008
4245.73331 15.885 0.007
4245.82877 16.022 0.008
4245.90140 16.111 0.009
4246.69766 16.279 0.010
4246.79081 16.337 0.009
4246.88350 16.110 0.009
4247.71273 16.007 0.010
4247.72115 16.018 0.009
4247.72730 16.024 0.008
4247.73296 16.028 0.008
4247.73869 16.043 0.009
4247.74464 16.050 0.009
4247.75041 16.055 0.008
4247.75651 16.061 0.008
4247.76508 16.082 0.008
4247.77346 16.080 0.008
4247.78293 16.107 0.008
4247.78839 16.116 0.008
4247.79392 16.115 0.008
4247.79944 16.128 0.008
4247.81981 16.150 0.008
4247.82532 16.146 0.009
4247.83358 16.165 0.009
4247.83647 16.158 0.009
4247.83921 16.161 0.009
4247.84199 16.186 0.009
4247.84475 16.169 0.009
4247.84749 16.192 0.009
4247.85043 16.179 0.009
4247.85318 16.189 0.009
4247.85588 16.186 0.009
4247.85864 16.186 0.009
4247.86139 16.200 0.009
4247.86450 16.196 0.009
4247.86726 16.202 0.009
4247.86996 16.209 0.010
4247.87270 16.215 0.010
4247.87544 16.215 0.010
4247.87813 16.215 0.010
4247.88174 16.208 0.010
4247.88442 16.214 0.010
4247.88709 16.212 0.010
4247.88984 16.198 0.010
4247.89253 16.214 0.010
4247.89529 16.214 0.011
4247.89806 16.224 0.011
4247.90074 16.230 0.011
4247.90350 16.243 0.011
4247.90626 16.229 0.011
4247.90947 16.248 0.010
4247.91217 16.243 0.011
4247.91493 16.243 0.011
4247.91762 16.232 0.011
4247.92036 16.230 0.011
4247.92311 16.256 0.011
4247.92579 16.242 0.012
4247.92856 16.238 0.011
4247.93130 16.246 0.011
4247.93400 16.243 0.011
4247.93706 16.269 0.012
4247.94349 16.261 0.012
4247.94644 16.272 0.013
4250.69952 15.863 0.008
4250.76078 15.803 0.008
4256.65321 16.133 0.011
4256.79874 16.266 0.012
4257.68008 15.728 0.008
4258.66320 16.218 0.010
4258.78602 16.291 0.011
4258.87865 16.378 0.012
4267.62287 16.289 0.009
4268.73794 16.193 0.007
4268.86985 16.273 0.010
4269.60508 16.423 0.010
4269.75534 15.844 0.007
4270.53978 16.079 0.009
4272.58625 16.231 0.009
4272.73615 16.375 0.010
4272.79477 16.355 0.011
4272.86615 15.727 0.008
4273.64665 16.011 0.009
4273.82479 16.216 0.011
4273.88599 16.284 0.013
4274.57769 16.269 0.011
4274.73064 15.895 0.008
4274.79153 15.790 0.008
4275.62924 16.131 0.010
4275.80452 16.283 0.011
4275.86562 16.319 0.013
4276.61399 16.035 0.009
4277.55771 16.163 0.011
4277.73476 16.285 0.010
4277.79343 16.366 0.012
4278.60265 15.833 0.009
4278.78952 16.140 0.011
4283.54025 16.404 0.012
4284.53200 16.200 0.010
4284.68237 16.294 0.011
4284.74176 16.377 0.010
4284.80379 16.421 0.012
4284.86876 15.754 0.010
4285.53519 15.778 0.008
4285.72872 16.116 0.009
4285.79002 16.191 0.010
4285.85522 16.243 0.011
4286.53496 16.263 0.011
4286.84314 15.822 0.010
4289.54583 16.138 0.010
4289.76472 16.286 0.010
4289.83144 16.394 0.011
4290.59212 15.775 0.008
4291.61180 16.287 0.010
4292.51738 15.834 0.007
4292.69639 16.111 0.009
4292.75518 16.183 0.009
4292.81816 16.229 0.010
4293.51812 16.279 0.010
4293.70227 15.922 0.008
4293.76104 15.790 0.007
4293.80129 15.878 0.008
4293.83879 15.956 0.009
4294.51675 16.000 0.008
4295.52691 16.403 0.010
4295.72200 15.904 0.007
4295.78061 15.998 0.008
4296.52099 16.162 0.010
4296.73204 16.310 0.009
4297.54080 15.758 0.007
4297.74537 16.105 0.008
4298.59111 16.292 0.010
4298.68687 16.411 0.010
4298.82431 15.788 0.009
4299.56236 15.984 0.008
4299.65228 16.120 0.008
4299.74354 16.218 0.009
4300.55899 16.368 0.010
4300.67415 15.778 0.007
4300.81961 15.969 0.009
4301.54513 16.111 0.009
4301.64139 16.225 0.009
4301.74357 16.287 0.009
4302.61811 15.793 0.007
4302.78321 16.081 0.009
4303.70470 16.330 0.010
4304.58298 15.926 0.008
4306.58874 16.080 0.009
4310.64235 16.323 0.013
4312.52992 16.289 0.012
4312.77281 15.869 0.008
4314.78739 16.068 0.010
4315.56140 16.216 0.010
4316.59166 15.911 0.008
4317.51358 16.247 0.009
4319.54864 16.400 0.010
4319.69461 15.802 0.008
4320.61596 16.223 0.010
4326.53727 16.407 0.010
4326.74151 15.960 0.009
4327.61725 16.250 0.010
4328.48238 15.959 0.009
4328.72203 16.084 0.010
4329.55289 16.284 0.011
4329.70021 16.444 0.012
4330.48272 15.862 0.008
4330.72003 16.208 0.009
4331.52487 16.321 0.010
4332.53488 16.107 0.008
4333.55986 15.791 0.008
4333.62988 15.836 0.009
4333.70600 15.972 0.010
4334.53262 16.213 0.010
4338.53002 16.400 0.012
4338.70788 15.883 0.011
4339.52612 16.150 0.009
4340.64632 15.932 0.008
4341.53038 16.259 0.011
4342.56242 15.968 0.009
4343.54627 16.324 0.009
4344.57584 16.143 0.009
4345.53792 16.263 0.009
4346.54753 16.232 0.011
4347.56186 15.871 0.008
4349.52756 15.991 0.008
4350.58106 16.395 0.010
4351.53275 16.139 0.009
4352.58909 15.816 0.009
4353.55240 16.236 0.010
4354.57180 15.953 0.008
4355.57963 16.335 0.011
4356.53682 16.070 0.009
4357.50824 16.435 0.013
4358.55165 16.199 0.009
4359.52059 15.745 0.008
4361.53396 15.964 0.010
4362.55133 16.375 0.013
4365.58955 16.262 0.012
4367.54295 16.274 0.010
4368.51592 16.025 0.011
4369.59507 15.952 0.011
4370.52295 16.151 0.009
4371.49737 15.897 0.008
4372.54650 16.276 0.009
4373.53755 15.941 0.009
4377.51076 16.177 0.009
4378.54514 15.865 0.008
4380.50261 15.961 0.008
4381.55027 16.446 0.013
4382.53677 16.172 0.011
4383.54098 15.739 0.008
4384.51540 16.218 0.011
4388.59074 15.752 0.009
4393.55744 16.399 0.011
4394.53067 16.126 0.009
4395.56684 15.747 0.009
4396.53660 16.221 0.012
4397.56031 15.924 0.009
4398.56565 16.308 0.012
4399.51558 16.026 0.010
4400.56002 16.304 0.014
4403.51393 16.266 0.012
4409.53138 15.863 0.010
4507.88949 16.279 0.013
4511.85694 16.407 0.009
4511.87672 16.250 0.009
4513.88812 15.857 0.007
4517.88724 16.164 0.010
4521.82658 16.310 0.012
4523.89901 16.154 0.010
4525.84290 15.726 0.009
4531.85079 16.225 0.010
4534.87993 16.059 0.009
4536.80444 16.077 0.009
4537.86457 15.740 0.006
4538.89697 16.277 0.009
4539.88308 15.961 0.008
4540.82701 16.285 0.009
4541.81950 16.032 0.008
4542.81431 16.422 0.010
4543.80980 16.153 0.008
4544.80678 15.760 0.007
4545.77089 16.197 0.009
4546.77759 15.864 0.008
4547.75228 16.266 0.010
4548.86818 16.157 0.009
4548.89552 16.186 0.012
4550.77464 16.185 0.011
4551.80115 15.791 0.008
4552.74496 16.212 0.014
4556.78436 16.186 0.008
4557.80551 16.217 0.010
4558.73515 15.723 0.006
4559.77602 16.277 0.009
4560.77640 16.012 0.008
4561.76571 16.369 0.009
4564.75596 16.215 0.008
4565.75399 15.877 0.007
4566.75343 16.278 0.008
4567.75338 16.028 0.008
4568.76290 16.436 0.010
4569.77330 16.182 0.008
4570.75858 15.755 0.007
4571.75025 16.237 0.010
4572.77707 15.977 0.008
4573.76524 16.332 0.010
4574.76781 16.100 0.009
4574.91632 16.270 0.009
4575.77663 15.960 0.008
4576.88654 16.292 0.010
4577.86483 16.025 0.008
4577.92085 16.109 0.009
4578.81915 16.319 0.011
4579.89298 16.176 0.010
4583.76322 16.253 0.010
4585.79017 16.368 0.011
4586.76627 16.078 0.009
4587.79985 15.897 0.008
4588.67500 16.104 0.009
4588.90749 16.268 0.009
4589.72145 15.737 0.007
4589.87675 16.014 0.009
4590.73024 16.239 0.009
4590.93545 16.226 0.010
4591.67133 15.839 0.007
4591.88264 16.172 0.009
4592.69155 16.291 0.009
4592.88084 15.754 0.007
4593.68073 16.028 0.008
4593.89056 16.260 0.010
4593.93039 16.304 0.010
4594.70197 16.421 0.010
4594.89681 15.963 0.008
4595.69452 16.176 0.009
4595.88581 16.306 0.010
4596.68637 15.762 0.007
4597.71100 16.285 0.009
4597.90260 16.052 0.008
4598.68720 15.949 0.007
4599.65971 16.289 0.009
4599.69899 16.358 0.010
4599.73331 16.409 0.009
4599.79820 16.076 0.007
4599.83033 15.778 0.006
4599.91321 15.887 0.008
4599.93063 15.929 0.008
4600.61240 15.988 0.008
4600.65788 16.042 0.008
4600.67207 16.085 0.008
4600.77249 16.202 0.008
4600.82132 16.249 0.008
4600.86657 16.290 0.009
4600.88074 16.284 0.009
4601.61815 16.382 0.010
4601.67460 16.370 0.009
4601.89086 16.005 0.008
4602.66717 16.203 0.008
4602.89148 16.422 0.008
4603.87857 16.127 0.009
4606.67500 16.384 0.010
4606.93018 15.964 0.008
4610.90559 16.196 0.010
4611.65384 16.286 0.010
4611.80271 16.283 0.009
4612.67533 16.063 0.009
4615.81766 16.024 0.009
4616.62931 16.230 0.009
4616.84560 16.400 0.010
4617.73021 16.049 0.009
4618.63787 16.289 0.010
4622.65145 15.823 0.007
4622.83640 16.114 0.009
4623.69808 16.305 0.012
4623.89568 15.770 0.008
4624.61956 15.947 0.009
4624.83957 16.230 0.009
4624.90863 16.292 0.011
4625.62997 16.358 0.011
4625.84933 15.890 0.008
4626.65397 16.162 0.010
4627.58855 16.426 0.011
4627.87797 16.081 0.008
4628.59552 16.180 0.009
4628.78527 16.346 0.011
4628.84761 16.433 0.010
4628.92181 15.778 0.008
4629.65835 15.910 0.007
4629.86595 16.200 0.009
4630.59339 16.281 0.009
4630.80917 15.863 0.007
4630.87872 15.820 0.007
4631.61894 16.012 0.008
4631.81760 16.230 0.008
4631.89300 16.296 0.010
4632.52865 16.306 0.013
4632.55250 16.279 0.011
4632.58365 16.347 0.009
4632.59802 16.360 0.010
4632.60115 16.366 0.010
4632.61761 16.397 0.010
4632.64501 16.421 0.010
4632.67028 16.322 0.009
4632.69008 16.022 0.008
4632.71813 15.767 0.007
4632.74917 15.795 0.007
4632.78719 15.869 0.007
4632.80797 15.899 0.007
4632.84104 15.936 0.008
4632.87022 15.985 0.009
4633.53368 16.035 0.009
4633.59507 16.117 0.008
4633.63889 16.162 0.009
4633.70603 16.236 0.008
4633.83944 16.331 0.010
4638.70403 16.186 0.010
4638.77952 16.238 0.010
4639.53214 16.311 0.010
4639.60317 16.436 0.010
4639.74620 15.864 0.008
4640.62129 16.195 0.009
4640.75320 16.286 0.009
4641.69686 15.952 0.008
4641.80894 16.104 0.009
4642.61928 16.281 0.009
4642.78151 16.384 0.012
4642.86060 15.749 0.007
4643.57854 15.923 0.007
4644.62705 16.395 0.011
4645.55742 16.044 0.009
4645.80512 16.293 0.010
4645.87068 16.370 0.012
4646.55245 16.418 0.010
4646.87818 16.147 0.010
4647.54876 16.174 0.009
4647.76496 16.343 0.010
4647.78915 16.403 0.011
4648.54584 15.738 0.007
4648.79974 16.155 0.010
4649.55607 16.263 0.009
4649.78245 15.855 0.007
4650.55722 15.967 0.008
4650.82030 16.272 0.010
4651.54064 16.318 0.010
4652.53210 16.063 0.009
4652.74630 16.280 0.009
4653.52772 16.358 0.012
4653.74697 15.996 0.008
4654.56682 16.239 0.010
4654.78141 16.408 0.010
4655.52758 15.791 0.008
4655.75217 16.146 0.008
4656.52953 16.285 0.009
4656.71939 16.069 0.008
4656.83872 15.892 0.008
4657.75793 16.241 0.011
4658.68817 15.791 0.008
4660.64044 15.894 0.008
4661.51763 16.218 0.010
4661.71830 16.404 0.012
4661.78534 16.006 0.009
4665.68526 15.880 0.009
4666.59055 16.221 0.009
4666.69156 16.289 0.011
4666.73375 16.346 0.011
4666.80609 16.402 0.013
4670.58764 16.427 0.012
4671.61073 16.183 0.008
4671.78282 16.319 0.012
4672.53658 15.979 0.007
4672.68677 15.935 0.007
4672.77195 16.077 0.009
4674.54237 15.869 0.008
4674.73259 16.156 0.010
4675.79013 15.849 0.008
4677.51595 16.392 0.010
4677.60065 15.973 0.008
4677.75545 15.965 0.009
4679.65472 15.965 0.008
4681.56455 15.978 0.008
4681.65734 16.123 0.009
4681.74762 16.212 0.009
4682.58191 16.414 0.011
4682.68564 15.746 0.007
4683.54697 16.103 0.010
4683.73557 16.280 0.010
4684.53956 16.211 0.009
4684.71093 15.967 0.008
4685.48218 16.136 0.010
4685.75967 16.418 0.012
4686.52827 15.820 0.007
4687.53164 16.279 0.010
4687.76752 15.755 0.007
4688.52494 15.989 0.008
4688.71465 16.215 0.010
4693.58398 15.976 0.009
4694.63375 16.411 0.013
4697.52838 16.180 0.009
4698.53382 15.790 0.007
4699.53195 16.295 0.009
4700.53644 15.994 0.008
4701.53251 16.353 0.011
4702.54791 16.155 0.009
4703.61536 15.852 0.008
4704.67073 16.320 0.010
4705.59899 16.002 0.009
4707.62721 16.173 0.008
4708.57908 16.103 0.009
4709.54318 16.197 0.010
4710.58391 15.866 0.008
4715.61819 15.836 0.009
4716.61582 16.289 0.010
4720.53612 16.414 0.011
4721.53387 16.175 0.011
4722.49963 16.016 0.009
4724.53638 15.926 0.009
4725.51508 16.286 0.011
4726.51158 16.054 0.010
4729.49662 15.761 0.008
4729.52561 15.820 0.008
4729.61628 15.969 0.009
4730.49801 16.257 0.010
4731.60499 16.122 0.010
4733.55344 16.162 0.009
4734.58278 15.788 0.008
4737.57140 16.338 0.011
4740.58427 16.216 0.011
4753.57528 15.831 0.009
4758.54105 16.126 0.009
4767.52667 15.897 0.009
4768.52082 16.304 0.013
4869.87694 15.845 0.008
4872.86932 16.258 0.011
4873.89111 16.060 0.011
4875.89098 16.187 0.010
4878.86509 15.921 0.008
4884.88169 16.289 0.010
4887.85411 16.127 0.008
4891.81041 16.283 0.011
4896.90135 16.277 0.010
4899.86909 16.136 0.009
4901.79869 16.163 0.009
4903.79442 16.256 0.009
4905.84265 16.416 0.011
4910.84069 16.282 0.010
4911.87765 16.133 0.007
4913.89115 16.245 0.008
4917.73775 16.275 0.009
4921.73931 15.843 0.007
4925.72610 16.025 0.008
4925.84240 16.196 0.008
4926.71922 16.389 0.011
4927.74226 16.184 0.010
4927.89691 16.306 0.010
4928.79069 15.908 0.008
4929.73735 16.277 0.010
4930.72934 15.946 0.008
4930.87720 16.177 0.009
4931.77350 16.398 0.011
4932.70760 16.060 0.008
4932.90675 16.268 0.010
4933.72348 16.248 0.011
4933.90119 15.962 0.009
4934.82212 16.294 0.009
4938.72305 16.405 0.010
4939.68387 16.093 0.009
4940.68386 16.213 0.009
4941.87897 16.397 0.011
4942.70033 15.882 0.007
4942.77230 15.995 0.007
4943.71273 16.278 0.008
4943.86956 15.928 0.007
4944.72414 16.058 0.007
4945.66930 16.353 0.010
4946.69519 16.166 0.008
4947.68274 15.740 0.006
4948.66239 16.216 0.009
4950.65311 16.275 0.009
4951.81683 16.230 0.010
4952.78599 15.787 0.006
4953.68618 16.190 0.008
4954.66492 15.752 0.007
4954.73103 15.901 0.007
4955.83400 16.421 0.010
