2127.56129 16.105 0.009
2130.58498 16.140 0.007
2133.59508 16.162 0.007
2136.71616 16.266 0.009
2141.70676 16.284 0.009
2179.57013 15.996 0.009
2189.57981 15.985 0.008
2190.50146 15.778 0.007
2215.51334 15.710 0.007
2337.89299 16.186 0.007
2353.84516 16.067 0.008
2363.82295 15.984 0.007
2373.85880 16.037 0.007
2464.82340 15.972 0.007
2816.71659 16.315 0.009
2852.67184 16.269 0.007
3066.80363 16.046 0.008
3068.86415 16.161 0.007
3072.78327 15.990 0.007
3076.80179 16.030 0.007
3077.83597 16.056 0.011
3081.81811 16.034 0.007
3084.79599 15.989 0.007
3086.85735 16.093 0.007
3088.84674 16.077 0.007
3090.75945 15.881 0.007
3091.90996 16.189 0.007
3097.85818 16.068 0.007
3099.83178 15.990 0.008
3101.85733 16.035 0.007
3103.82286 15.980 0.007
3104.80894 15.953 0.009
3107.81229 15.955 0.007
3108.86202 16.065 0.007
3112.91174 16.133 0.007
3114.89826 16.102 0.007
3115.91015 16.116 0.007
3116.82148 15.965 0.007
3124.83942 15.957 0.007
3126.72180 16.054 0.007
3127.92308 16.115 0.007
3128.91231 16.099 0.007
3130.79007 15.803 0.007
3131.73364 15.995 0.007
3135.74595 15.883 0.006
3138.74753 15.929 0.007
3140.72294 16.379 0.008
3141.78474 15.733 0.006
3142.85886 15.955 0.007
3144.87683 15.972 0.007
3147.69613 16.403 0.008
3151.85302 15.910 0.007
3152.85028 15.901 0.007
3153.85348 15.895 0.007
3156.90633 16.012 0.007
3162.62007 16.294 0.009
3163.85717 15.874 0.007
3164.83839 15.809 0.007
3165.62045 16.280 0.007
3167.70174 16.375 0.009
3168.77472 16.166 0.007
3169.88041 15.902 0.007
3170.90976 15.970 0.007
3171.75167 16.457 0.008
3173.78905 16.001 0.006
3174.80221 15.822 0.006
3175.91143 15.970 0.007
3177.85885 15.820 0.007
3178.57688 16.265 0.009
3179.81593 15.728 0.006
3180.82315 15.706 0.006
3182.88030 15.887 0.007
3183.85117 15.762 0.007
3184.79474 16.235 0.008
3185.59079 16.256 0.007
3193.64829 16.277 0.006
3194.49446 16.077 0.008
3194.83518 15.736 0.006
3195.76852 16.435 0.007
3195.84370 15.713 0.006
3196.57236 16.211 0.009
3197.82293 16.012 0.007
3201.56301 16.182 0.007
3201.57948 16.199 0.007
3202.80418 16.407 0.009
3203.81347 16.364 0.008
3204.81388 16.347 0.011
3206.69209 16.309 0.007
3210.74553 16.312 0.007
3211.77780 16.389 0.010
3217.75128 16.294 0.010
3218.75887 16.299 0.010
3224.51413 16.035 0.007
3229.69855 16.281 0.007
3231.69084 16.263 0.008
3239.49572 15.974 0.007
3240.56206 16.088 0.008
3245.67376 16.264 0.008
3247.53581 16.020 0.007
3249.65581 16.229 0.008
3251.55099 16.044 0.007
3254.63475 16.181 0.008
3257.57484 16.060 0.007
3261.50750 15.935 0.007
3265.56911 16.054 0.007
3267.62676 16.158 0.007
3273.53074 15.947 0.008
3277.49113 15.821 0.007
3280.49013 15.805 0.007
3283.49852 15.824 0.006
3289.55210 15.941 0.007
3294.54693 15.916 0.006
3296.49528 15.734 0.007
3419.86510 16.195 0.007
3424.86866 16.164 0.007
3427.88789 16.205 0.007
3430.85386 16.152 0.007
3436.89859 16.191 0.007
3443.87075 16.139 0.006
3445.89824 16.203 0.007
3448.80488 16.006 0.007
3450.82241 16.035 0.006
3453.86569 16.130 0.007
3457.91066 16.183 0.007
3458.90074 16.171 0.007
3468.89942 16.131 0.007
3469.92613 16.185 0.007
3472.89208 16.113 0.007
3474.82073 15.971 0.006
3476.91751 16.141 0.007
3479.84426 16.011 0.006
3481.82459 15.964 0.006
3484.77038 15.801 0.006
3500.94015 16.153 0.009
3508.93439 16.091 0.007
3512.94107 16.115 0.007
3520.69424 16.363 0.010
3521.93585 16.070 0.007
3522.84103 15.861 0.007
3523.86792 15.929 0.007
3526.91256 16.012 0.007
3528.86369 15.912 0.007
3530.92140 16.039 0.005
3538.89016 15.923 0.007
3544.85833 15.808 0.007
3547.87695 15.853 0.007
3550.85995 15.782 0.006
3551.86587 15.818 0.007
3552.86120 15.801 0.007
3553.82886 15.716 0.007
3554.87649 15.847 0.007
3556.78538 16.444 0.009
3558.75846 16.426 0.008
3560.67719 16.334 0.007
3561.81263 16.144 0.007
3562.69263 16.327 0.007
3563.76071 16.418 0.008
3574.79041 16.431 0.010
3575.72610 16.299 0.007
3579.71549 16.306 0.007
3581.78069 16.405 0.007
3582.71428 16.319 0.007
3583.73212 16.341 0.007
3584.73615 16.302 0.007
3585.74460 16.326 0.007
3618.68596 16.252 0.007
3631.59525 16.074 0.007
3635.57927 16.050 0.006
3652.57809 16.018 0.008
3778.86738 16.195 0.007
