 831.68093 18.767 0.053
 832.77882 18.800 0.043
 833.71143 18.721 0.027
 834.74132 18.707 0.042
 836.67810 18.585 0.029
 837.70795 18.653 0.025
 838.75497 18.814 0.058
 839.70945 18.698 0.033
 840.69463 18.758 0.044
 841.76938 18.853 0.044
 842.69013 18.654 0.035
 843.69568 18.652 0.027
 844.68972 18.741 0.038
 845.79928 18.926 0.039
 846.75510 18.821 0.038
 850.73375 18.785 0.037
 854.77876 19.099 0.085
 855.72412 18.734 0.062
 856.68610 18.721 0.056
 857.68992 18.693 0.046
 858.70840 18.787 0.042
 859.66503 18.768 0.037
 860.69500 18.742 0.044
 866.57965 19.046 0.045
 867.55993 19.071 0.067
 874.56068 19.264 0.057
 875.61437 18.961 0.043
 876.55072 19.156 0.050
 877.50629 19.069 0.056
 879.58209 19.171 0.057
 880.57612 19.103 0.047
 881.51440 19.084 0.051
 885.54717 19.179 0.113
 887.51267 19.082 0.064
 890.52723 19.109 0.044
 891.51394 19.296 0.081
 892.50320 19.084 0.059
 893.65698 18.733 0.047
 895.62803 18.828 0.046
 896.63471 18.695 0.037
 900.60619 18.913 0.050
 920.52409 18.814 0.062
 922.52474 19.156 0.054
 925.61420 19.106 0.079
 934.51070 19.206 0.087
1074.82491 18.582 0.042
1076.85691 18.686 0.038
1080.74764 19.288 0.073
1083.86759 18.708 0.034
1084.86321 18.624 0.029
1087.88733 18.612 0.034
1090.73091 19.311 0.082
1091.79485 18.677 0.045
1093.79058 18.696 0.037
1106.81400 18.692 0.027
1108.82950 18.680 0.031
1116.77006 18.819 0.034
1126.72392 19.057 0.049
1131.79320 19.053 0.056
1132.86438 18.475 0.045
1136.85071 18.519 0.035
1137.84674 18.478 0.030
1141.71999 19.243 0.074
1142.81439 18.904 0.034
1152.77247 19.019 0.058
1154.79736 18.776 0.041
1156.72523 19.134 0.054
1158.79756 18.818 0.043
1159.78046 18.948 0.038
1160.84977 18.727 0.034
1161.84432 18.694 0.029
1163.84762 18.694 0.033
1165.82426 18.632 0.032
1167.80756 18.856 0.061
1168.79060 19.188 0.077
1171.78118 19.248 0.038
1175.78015 19.114 0.044
1179.83032 19.167 0.070
1182.85293 18.728 0.032
1183.85118 18.954 0.041
1186.85467 18.857 0.037
1192.73806 19.106 0.039
1193.68047 19.188 0.053
1194.73134 19.007 0.046
1195.69227 19.058 0.057
1196.66648 19.236 0.070
1202.75599 19.094 0.051
1207.74362 19.113 0.068
1211.75474 19.143 0.076
1214.66883 19.047 0.057
1215.57362 18.942 0.041
1216.65006 18.992 0.041
1217.73177 19.071 0.049
1219.64546 18.996 0.047
1220.75347 19.391 0.101
1221.61927 18.957 0.052
1223.70790 18.969 0.045
1224.58786 18.894 0.055
1226.59751 18.943 0.039
1227.60232 18.952 0.042
1230.66712 18.943 0.043
1233.56317 18.890 0.045
1235.70094 19.027 0.062
1237.58323 18.885 0.081
1238.62348 18.971 0.059
1240.69923 18.979 0.062
1242.51716 18.742 0.042
1244.65365 19.007 0.053
1247.51147 18.712 0.050
1248.61168 18.945 0.050
1251.56618 18.905 0.057
1254.58070 18.903 0.056
1255.61395 18.945 0.070
1256.61799 18.932 0.046
1258.60514 18.909 0.045
1261.51094 18.825 0.044
1261.61396 18.849 0.037
1262.61249 19.041 0.066
1263.54957 18.901 0.061
1263.58142 18.845 0.049
1264.52198 18.735 0.050
1265.56928 18.883 0.046
1266.54777 18.942 0.067
1267.54353 18.802 0.056
1268.53910 18.808 0.052
1270.54025 18.784 0.064
1272.52383 18.787 0.054
1273.55027 18.874 0.062
1274.54161 18.755 0.052
1275.55604 18.841 0.051
1276.54637 18.615 0.040
1277.55139 18.742 0.041
1278.55766 18.771 0.050
1279.54046 18.693 0.044
1290.52181 18.739 0.051
1296.60739 18.818 0.057
1298.49833 18.713 0.053
1301.57273 18.810 0.071
1306.48973 18.779 0.043
1315.52213 18.753 0.055
1318.50466 18.589 0.043
1320.49742 18.624 0.046
1330.50761 18.531 0.052
1431.86018 18.991 0.046
1433.85514 19.181 0.069
1435.89693 19.268 0.075
1437.89182 18.995 0.052
1439.84689 19.021 0.044
1441.86556 18.974 0.043
1447.81826 18.816 0.062
1453.80753 19.070 0.091
1454.87360 18.995 0.064
1459.74077 18.922 0.076
1462.81839 19.000 0.057
1471.81606 18.926 0.044
1476.70772 18.822 0.054
1478.78603 18.836 0.041
1484.77420 18.789 0.040
1487.84506 18.993 0.046
1489.75613 18.761 0.031
1491.78483 18.915 0.053
1493.72683 18.826 0.044
1496.62370 18.639 0.042
1498.69079 18.667 0.038
1500.83100 19.016 0.041
1503.66632 18.890 0.057
1505.77358 18.840 0.050
1507.72460 18.822 0.047
1508.67731 18.799 0.038
1509.70255 18.853 0.040
1511.69583 18.903 0.044
1512.80055 18.910 0.047
1514.74418 18.815 0.046
1517.70930 18.826 0.032
1519.66287 18.773 0.043
1522.74305 18.828 0.041
1523.68798 18.728 0.056
1525.66444 18.649 0.038
1527.78393 18.853 0.035
1528.79234 18.900 0.034
1529.83549 18.913 0.042
1531.81366 18.789 0.035
1538.77002 18.815 0.042
1541.81121 18.909 0.042
1542.79457 18.905 0.043
1544.73646 18.819 0.034
1547.80908 18.872 0.038
1548.81858 18.869 0.037
1549.82850 18.940 0.042
1552.70508 18.774 0.037
1553.78008 18.848 0.040
1554.79535 18.887 0.030
1555.78373 18.962 0.046
1555.83677 18.967 0.050
1561.57666 18.977 0.062
1562.78145 18.813 0.050
1566.62939 18.573 0.041
1568.65231 18.547 0.038
1571.71556 18.847 0.045
1575.67839 18.585 0.038
1577.74542 18.688 0.033
1579.71536 18.700 0.039
1581.66329 18.486 0.030
1584.63942 18.897 0.042
1586.64828 18.851 0.038
1590.60159 19.192 0.056
1593.53949 19.073 0.087
1595.61207 19.058 0.049
1596.72550 18.731 0.045
1599.71732 18.809 0.043
1600.64514 18.750 0.054
1600.70753 18.686 0.052
1601.72333 18.699 0.046
1602.70472 18.745 0.040
1604.69700 18.816 0.058
1606.67132 18.703 0.045
1609.68476 18.815 0.049
1610.70235 18.631 0.041
1611.67960 18.758 0.055
1613.67032 18.687 0.046
1615.68035 18.667 0.042
1616.61730 18.982 0.047
1617.66047 18.678 0.034
1618.50182 18.954 0.063
1620.52535 18.982 0.061
1620.67521 18.618 0.044
1622.66968 18.665 0.043
1624.66773 18.827 0.064
1625.64740 19.100 0.058
1627.66389 18.982 0.055
1629.63883 19.174 0.058
1633.49332 19.102 0.055
1634.61263 19.348 0.074
1635.62619 19.276 0.088
1643.60138 18.958 0.078
1644.55271 18.963 0.042
1653.51968 19.114 0.075
1654.57123 19.027 0.063
1655.50894 19.088 0.071
1655.57338 19.093 0.067
1656.49960 18.987 0.049
1656.58792 19.081 0.070
1657.49729 19.092 0.066
1657.57393 19.115 0.087
1658.52313 18.899 0.051
1658.56459 19.184 0.067
1659.50694 19.000 0.052
1659.56257 19.118 0.062
1660.50114 19.015 0.069
1661.49481 18.978 0.050
1661.58585 19.065 0.057
1662.50050 18.998 0.055
1662.55555 19.079 0.058
1663.48827 18.987 0.051
1663.55606 19.027 0.049
1664.51537 18.967 0.056
1664.57876 19.098 0.056
1665.53589 18.887 0.061
1665.58300 18.940 0.066
1667.49599 19.071 0.076
1667.56909 19.090 0.070
1669.50917 19.102 0.067
1669.55737 19.121 0.079
1670.49519 18.867 0.049
1671.49849 19.065 0.065
1671.56066 19.121 0.077
1672.52147 18.953 0.059
1672.56345 19.214 0.076
1682.47175 19.033 0.105
1684.46997 18.862 0.069
1687.47792 18.988 0.074
1690.48135 19.140 0.091
1694.47198 18.960 0.054
1698.47353 19.046 0.084
1700.47420 19.046 0.073
1701.48359 18.909 0.091
1702.47623 18.954 0.061
1782.89517 18.763 0.043
1783.88630 18.720 0.042
1790.87317 18.636 0.029
1813.80739 18.697 0.032
1818.85977 18.588 0.035
1823.87645 18.601 0.029
1826.85938 18.558 0.032
1843.79535 19.140 0.050
1844.81044 18.897 0.040
1845.70146 19.048 0.046
1850.71274 19.189 0.061
1855.78703 19.010 0.052
1860.76070 19.061 0.061
1864.74694 19.268 0.055
1866.78549 19.040 0.044
1868.74356 19.150 0.044
1869.77794 19.210 0.045
1874.78538 19.296 0.050
2156.89973 19.094 0.099
2161.86670 19.091 0.095
2173.87993 19.014 0.046
2186.81692 18.926 0.093
2192.84923 19.003 0.057
2201.83569 18.930 0.046
2214.81724 19.001 0.073
2221.76014 18.851 0.058
2224.77284 18.832 0.047
2227.67546 18.574 0.039
2229.68893 18.695 0.052
2230.83309 19.000 0.058
2232.85270 18.829 0.064
2234.84745 18.844 0.043
2237.76791 18.879 0.051
2241.69318 18.590 0.044
2243.74700 18.753 0.050
2247.82887 18.852 0.049
2248.83149 18.878 0.043
2250.81888 18.896 0.047
2252.67856 18.684 0.045
2254.66962 18.776 0.042
2257.67630 18.721 0.038
2260.68302 18.714 0.039
2264.68839 18.732 0.040
2266.67450 18.707 0.043
2270.68220 18.733 0.040
2271.82256 18.817 0.035
2272.83051 18.800 0.056
2274.67217 18.653 0.049
2276.77813 18.768 0.049
2277.83142 18.862 0.043
2279.84903 18.860 0.045
2280.82257 18.842 0.056
2282.71945 18.523 0.034
2288.78081 18.691 0.056
2290.81808 18.791 0.054
2292.79113 18.816 0.059
2294.76744 18.687 0.062
2296.78308 18.809 0.080
2298.73978 18.761 0.055
2300.75028 18.705 0.055
2302.72695 18.737 0.061
2323.60335 19.154 0.053
2327.58879 19.205 0.080
2333.59882 19.091 0.090
2345.53630 19.119 0.073
2351.51443 19.100 0.065
2369.51289 19.047 0.068
2385.49765 18.880 0.074
2529.84322 18.530 0.042
2539.84565 18.618 0.047
2545.81488 18.926 0.069
2552.86886 18.662 0.046
2556.86022 18.625 0.039
2560.76930 19.119 0.061
2564.87687 18.708 0.050
2573.87327 18.628 0.050
2578.79762 19.180 0.071
2590.75854 19.089 0.062
2596.77115 19.066 0.065
2605.80110 19.086 0.055
2609.77052 19.139 0.075
2614.72878 19.013 0.073
2618.78375 19.001 0.065
2621.70884 19.032 0.046
2624.61480 18.903 0.063
2627.71307 19.027 0.084
2629.73603 19.079 0.064
2632.66197 18.994 0.049
2635.70921 19.087 0.053
2638.68018 18.979 0.052
2640.77707 19.149 0.067
2642.73355 19.165 0.093
2644.73626 19.102 0.063
2646.69022 18.977 0.061
2650.74604 18.997 0.068
2652.80794 19.127 0.054
2654.76860 18.974 0.069
2656.67402 18.882 0.065
2658.63577 18.968 0.058
2660.65409 18.986 0.059
2662.66505 18.984 0.053
2664.64510 18.948 0.061
2666.70849 18.983 0.047
2668.69461 18.948 0.062
2670.65673 18.847 0.066
2672.79550 18.993 0.059
2674.69625 19.082 0.066
2676.68537 18.996 0.067
2678.73862 19.013 0.055
2680.64937 18.883 0.049
2682.69568 19.026 0.077
2687.57551 18.769 0.065
2693.53472 18.681 0.041
2696.57146 18.777 0.056
2701.55311 18.773 0.066
2707.55983 18.813 0.053
2714.54700 18.676 0.058
2839.92365 19.026 0.065
2867.89465 19.041 0.058
2885.87230 19.044 0.051
2892.90082 18.922 0.069
2897.86973 19.007 0.063
2907.78994 18.873 0.047
2911.82733 18.955 0.042
2916.87773 19.040 0.049
2922.86142 18.996 0.076
2926.79309 18.895 0.047
2930.86279 18.941 0.052
2934.76485 18.785 0.041
2940.74559 18.807 0.041
2943.74985 18.769 0.049
2947.75850 18.775 0.043
2949.84849 18.928 0.044
2953.71563 18.738 0.056
2956.74097 18.808 0.042
2958.76731 18.846 0.058
2962.77983 18.896 0.043
2965.80286 18.908 0.044
2968.67015 18.681 0.050
2973.79364 18.840 0.041
2976.80607 18.878 0.046
2978.71374 18.593 0.044
2980.72616 18.667 0.040
2982.71886 18.567 0.040
2984.76598 18.702 0.042
2986.84865 18.899 0.068
2988.81903 18.831 0.043
2989.77434 18.717 0.038
2991.66946 18.703 0.038
2993.68993 18.474 0.038
2995.76304 18.728 0.038
2997.73544 18.655 0.046
2999.69961 18.559 0.032
3001.79447 18.800 0.043
3003.76516 18.840 0.049
3005.72698 18.700 0.042
3007.64840 18.800 0.040
3009.64622 18.794 0.045
3011.74582 18.815 0.058
3017.75131 18.758 0.045
3019.67935 18.678 0.042
3021.79793 18.758 0.043
3023.65971 18.849 0.039
3025.62762 19.170 0.045
3027.67699 18.795 0.040
3029.66205 19.098 0.054
3031.73194 18.508 0.038
3033.79559 18.710 0.034
3035.80239 18.751 0.042
3038.78002 18.704 0.049
3041.62057 19.257 0.104
3043.65461 19.265 0.102
3045.71753 18.624 0.047
3047.67127 19.104 0.069
3048.60005 19.129 0.045
3050.61956 19.117 0.050
3052.62078 19.049 0.051
3054.62097 19.053 0.058
3056.61344 19.157 0.057
3058.60743 19.094 0.058
3060.65701 19.081 0.058
3068.54294 18.952 0.073
3070.60391 19.007 0.099
3073.63506 19.103 0.085
3078.64407 19.190 0.079
3082.62191 19.122 0.049
3085.52300 19.002 0.067
3087.66121 19.076 0.069
3090.62736 19.072 0.065
3096.54321 18.997 0.080
3099.61299 19.102 0.112
3102.59162 19.003 0.069
3104.57833 19.051 0.066
3107.56205 18.965 0.071
3110.56011 19.033 0.071
3113.53802 19.011 0.076
3128.51054 18.972 0.071
3140.51755 18.878 0.058
3216.88175 18.682 0.063
3241.92466 18.647 0.046
3248.86684 18.668 0.052
3257.89520 18.713 0.038
3264.81654 18.870 0.038
3270.88330 18.651 0.038
3274.76893 19.112 0.086
3277.89098 18.551 0.039
3287.77261 19.146 0.050
3291.70955 19.199 0.067
3295.73102 19.035 0.045
3297.72301 19.005 0.038
3299.78733 19.261 0.045
3301.78454 19.217 0.082
3304.84487 19.004 0.059
3309.75064 19.013 0.052
3311.74862 18.946 0.047
3320.79158 19.197 0.055
3327.76356 18.992 0.053
3330.72218 19.007 0.070
3334.82110 19.284 0.088
3339.76890 19.036 0.056
3354.78480 19.142 0.066
3358.83350 19.200 0.050
3372.77996 19.128 0.073
3378.69262 19.065 0.053
3391.76036 19.144 0.074
3399.72917 18.918 0.057
3403.71653 18.980 0.055
3406.68604 18.913 0.038
3410.63895 18.861 0.038
3415.63616 18.761 0.038
3420.62595 18.868 0.057
3427.59991 18.803 0.049
3433.62253 18.840 0.046
3438.55175 18.637 0.037
3446.50890 18.689 0.046
3455.53224 18.513 0.058
3461.52631 18.801 0.050
3473.48562 18.795 0.055
3619.83807 18.977 0.047
3629.91154 19.193 0.092
3633.87653 19.027 0.056
3639.78902 18.847 0.035
3644.82564 18.884 0.039
3651.76878 18.869 0.043
3654.81631 18.851 0.040
3658.78031 18.765 0.047
3661.85103 18.911 0.069
3668.82376 18.965 0.055
3672.81200 18.852 0.047
3676.76881 18.703 0.044
3684.83078 18.856 0.038
3687.80518 18.855 0.041
3690.72505 18.593 0.045
3693.75906 18.605 0.041
3695.79183 18.744 0.037
3698.77359 18.679 0.046
3700.80217 18.758 0.037
3703.73303 18.652 0.032
3705.80020 18.846 0.038
3708.78813 18.846 0.054
3712.74575 18.743 0.034
3714.81598 18.865 0.038
3717.67843 18.677 0.044
3719.85097 18.849 0.055
3721.81192 18.875 0.045
3726.70775 18.619 0.041
3730.73999 18.561 0.028
3732.73210 18.543 0.026
3735.63149 19.184 0.041
3737.76386 18.581 0.026
3739.83384 18.812 0.042
3741.84678 18.826 0.053
3743.74394 18.525 0.033
3746.78646 18.589 0.044
3748.73962 18.506 0.040
3749.74524 18.535 0.045
3751.75658 18.608 0.042
3753.70807 18.772 0.041
3755.70908 18.762 0.043
3757.69895 18.757 0.042
3759.76373 18.794 0.037
3762.78524 18.715 0.049
3765.77233 18.717 0.032
3770.64484 19.178 0.055
3773.71093 18.670 0.042
3776.68125 18.970 0.067
3779.63581 19.105 0.095
3782.74944 18.590 0.041
3787.61265 19.114 0.061
3792.56336 18.995 0.053
3800.54536 19.026 0.052
3810.50296 19.029 0.082
3823.51272 18.932 0.057
3964.89127 18.757 0.033
3969.92208 18.756 0.045
3981.88987 18.671 0.050
3998.88216 18.965 0.051
3999.84465 19.211 0.053
4001.89365 18.764 0.038
4004.85764 18.931 0.039
4005.87160 18.889 0.044
4008.73784 18.934 0.038
4013.77460 19.214 0.081
4018.86752 18.773 0.039
4024.73495 19.041 0.041
4026.80802 19.022 0.041
4029.75725 18.958 0.051
4032.77252 19.212 0.089
4038.73859 19.039 0.056
4041.69985 19.007 0.056
4043.70471 18.976 0.057
4049.66735 18.988 0.053
4052.72875 19.016 0.049
4054.71558 18.905 0.059
4056.77361 19.105 0.053
4058.80595 19.036 0.051
4063.70450 19.068 0.051
4066.76183 18.959 0.045
4068.66671 19.074 0.046
4070.69180 19.018 0.059
4074.75943 19.078 0.066
4077.80798 19.110 0.063
4079.85284 19.164 0.061
4083.69842 18.893 0.063
4085.76415 19.133 0.075
4093.74871 19.003 0.042
4105.82123 19.049 0.066
4109.79111 19.070 0.049
4113.74694 18.999 0.040
4120.77717 19.035 0.044
4122.73366 18.959 0.046
4125.78789 19.143 0.070
4132.67566 19.029 0.070
4142.72668 19.044 0.074
4156.56178 18.697 0.039
4168.51643 18.706 0.047
4197.49574 19.169 0.077
4341.92814 18.991 0.126
4347.87968 18.592 0.040
4353.81301 18.813 0.045
4358.91131 19.087 0.092
4364.87574 18.960 0.067
4367.90019 18.963 0.067
4371.76548 18.796 0.047
4377.82183 18.780 0.054
4380.83675 18.904 0.049
4386.81248 18.788 0.056
4390.77441 18.718 0.042
4394.73053 18.553 0.035
4399.74850 18.552 0.056
4407.71153 18.576 0.047
4412.72696 18.600 0.045
4418.82034 18.904 0.042
4426.76406 18.769 0.065
4430.69145 18.794 0.068
4432.75063 18.637 0.035
4436.79056 18.736 0.058
4439.85567 18.763 0.073
4443.74370 18.410 0.049
4449.70655 18.923 0.043
4451.71628 18.804 0.057
4455.71540 18.734 0.061
4457.74584 18.565 0.045
4460.81749 18.863 0.073
4463.73578 18.693 0.040
4466.72477 18.707 0.035
4470.67224 19.024 0.071
4473.71496 18.800 0.055
4477.77347 18.765 0.051
4482.77725 18.698 0.067
4486.75508 18.470 0.047
4492.65022 19.125 0.063
4494.67400 19.252 0.092
4498.70652 19.207 0.068
4501.70383 19.237 0.077
4506.63791 18.969 0.065
4508.66475 19.060 0.061
4510.73072 18.795 0.049
4517.66496 19.242 0.099
4521.64549 19.074 0.065
4524.60820 19.083 0.066
4530.63419 19.082 0.064
4532.65993 19.027 0.062
4536.63219 19.039 0.053
4539.51416 19.016 0.067
4541.62332 19.059 0.079
