2167.88646 19.067 0.063
2186.86049 18.787 0.071
2190.84586 18.965 0.047
2193.80979 18.906 0.039
2202.80916 19.136 0.054
2214.85686 18.564 0.053
2215.76237 18.694 0.049
2221.84060 18.779 0.058
2224.81051 18.815 0.039
2227.72136 18.756 0.044
2229.72710 18.850 0.058
2231.69535 18.752 0.041
2237.58304 18.840 0.071
2239.64406 18.858 0.051
2241.73573 19.029 0.052
2243.80073 19.111 0.057
2248.65980 19.111 0.052
2250.74779 18.695 0.036
2252.72104 18.640 0.035
2254.71211 18.642 0.031
2257.71612 18.551 0.029
2260.72429 18.731 0.038
2265.77044 18.864 0.059
2266.74146 18.820 0.037
2270.78707 18.962 0.043
2272.63662 18.859 0.045
2274.76396 18.993 0.059
2276.82188 19.109 0.070
2278.77873 18.987 0.060
2280.76148 19.169 0.055
2282.75871 18.799 0.036
2284.78006 18.536 0.031
2289.82115 18.716 0.034
2291.80720 18.735 0.045
2293.77608 18.698 0.047
2295.79996 18.898 0.042
2297.78599 18.835 0.046
2300.81102 19.122 0.080
2302.77228 18.906 0.060
2315.69601 19.022 0.056
2324.55699 19.021 0.051
2328.54258 19.063 0.080
2334.53575 18.621 0.039
2340.53238 18.639 0.050
2347.52967 18.861 0.052
2373.48479 18.440 0.059
2385.54790 19.006 0.078
2534.88056 19.026 0.073
2539.88774 19.001 0.060
2545.85658 18.913 0.055
2557.81582 18.645 0.045
2560.81033 18.707 0.040
2561.81391 18.743 0.047
2565.81695 18.914 0.060
2574.77919 18.993 0.052
2578.83558 19.082 0.055
2584.73139 19.066 0.065
2590.80741 18.521 0.040
2596.81384 18.893 0.056
2606.71039 18.831 0.041
2610.61754 18.866 0.051
2610.72241 19.046 0.091
2610.82968 19.044 0.093
2611.62989 18.715 0.052
2611.69711 19.082 0.088
2613.61112 19.024 0.085
2614.65436 18.826 0.052
2614.74039 19.038 0.068
2615.64319 18.940 0.071
2615.75941 18.996 0.056
2615.82298 19.018 0.050
2617.63051 18.865 0.065
2618.63657 19.002 0.057
2618.74205 19.206 0.067
2619.60514 18.966 0.056
2619.71188 19.045 0.047
2619.83625 18.535 0.037
2620.63503 19.074 0.053
2620.83697 18.580 0.038
2621.66047 19.068 0.048
2621.74474 18.936 0.047
2621.83793 18.523 0.031
2622.63502 18.914 0.064
2622.71646 18.948 0.053
2622.83639 18.594 0.038
2623.72186 18.936 0.058
2623.83317 18.577 0.034
2624.66434 19.034 0.057
2624.73548 18.708 0.040
2624.83022 18.594 0.033
2625.64935 19.070 0.056
2625.70124 18.865 0.046
2625.81137 18.634 0.038
2626.61818 19.049 0.058
2627.72592 18.527 0.047
2627.77898 18.606 0.047
2627.79980 18.687 0.053
2628.64276 19.003 0.064
2628.71976 18.428 0.039
2628.78697 18.579 0.044
2629.63842 19.007 0.064
2629.74679 18.628 0.045
2629.80578 18.800 0.046
2629.82652 18.779 0.050
2630.62629 18.907 0.065
2630.70588 18.572 0.039
2630.78620 18.743 0.058
2631.63783 18.707 0.047
2631.72062 18.704 0.059
2632.59377 18.837 0.039
2632.69986 18.606 0.030
2632.72057 18.658 0.033
2632.80109 18.864 0.042
2634.68259 18.611 0.037
2634.81579 18.912 0.046
2635.64281 18.553 0.033
2635.72007 18.748 0.038
2635.80041 18.965 0.051
2635.82301 18.928 0.057
2636.61783 18.602 0.041
2636.67063 18.675 0.037
2636.75104 18.869 0.054
2636.83075 18.887 0.051
2637.63269 18.614 0.032
2637.71127 18.784 0.041
2637.81439 18.958 0.044
2638.61397 18.621 0.035
2638.71487 18.837 0.049
2638.79356 19.020 0.077
2638.81433 18.986 0.063
2639.58705 18.594 0.030
2639.66739 18.797 0.032
2639.82337 18.975 0.039
2640.59601 18.644 0.039
2640.73798 18.858 0.050
2641.59614 18.649 0.033
2641.73244 18.902 0.050
2641.76176 19.029 0.052
2641.84330 19.044 0.052
2642.59422 18.659 0.041
2642.69607 19.003 0.057
2643.60116 18.708 0.039
2643.74478 18.976 0.052
2644.58382 18.702 0.039
2644.69428 18.953 0.052
2645.58453 18.837 0.039
2645.59432 18.714 0.035
2645.73635 18.896 0.057
2645.84271 18.892 0.054
2646.60510 18.885 0.046
2646.72868 19.000 0.052
2647.60372 18.831 0.042
2647.69272 19.010 0.053
2647.71348 18.945 0.049
2649.60090 18.923 0.040
2649.68869 19.019 0.042
2650.62102 18.929 0.049
2650.68254 19.073 0.057
2650.79238 19.158 0.086
2651.61703 19.093 0.073
2651.70774 18.991 0.051
2652.58392 18.904 0.047
2652.76037 18.955 0.059
2653.59167 18.921 0.044
2653.64655 19.073 0.061
2653.76065 19.067 0.059
2654.60963 18.877 0.054
2654.68743 19.034 0.065
2654.82806 18.528 0.034
2655.59605 19.003 0.061
2655.79502 18.530 0.037
2656.60746 19.020 0.061
2656.75255 18.534 0.043
2657.60987 19.013 0.056
2657.63804 19.082 0.069
2657.84643 18.638 0.050
2658.57144 18.923 0.062
2658.67093 18.994 0.061
2658.75190 18.573 0.062
2659.62862 19.090 0.058
2659.76461 18.590 0.062
2659.79184 18.404 0.049
2659.85623 18.850 0.072
2660.58413 19.061 0.064
2660.69827 18.668 0.044
2660.72494 18.563 0.038
2661.58920 19.051 0.037
2661.64222 18.943 0.039
2661.84218 18.780 0.046
2662.62790 18.926 0.048
2662.70809 18.444 0.036
2662.76353 18.640 0.046
2663.64251 18.821 0.054
2663.72662 18.439 0.046
2664.72348 18.624 0.057
2665.80936 18.788 0.048
2666.63051 18.619 0.033
2666.75014 18.767 0.038
2666.77734 18.780 0.036
2667.81810 18.849 0.061
2668.74095 18.751 0.046
2669.58122 18.687 0.040
2670.67433 18.876 0.081
2671.67318 18.684 0.042
2672.65437 18.820 0.077
2672.75280 18.884 0.045
2673.69070 18.881 0.063
2673.79808 19.012 0.062
2674.65927 18.806 0.050
2675.63399 18.721 0.046
2675.74480 18.959 0.043
2675.79592 19.059 0.049
2676.63975 18.756 0.043
2676.72482 18.917 0.053
2677.63194 18.867 0.060
2677.69666 18.963 0.058
2678.61782 18.765 0.042
2678.74949 19.121 0.059
2679.63831 18.889 0.065
2679.77422 19.002 0.053
2679.80157 19.002 0.068
2680.76025 18.921 0.043
2681.59717 18.838 0.062
2681.70858 19.236 0.078
2682.57459 18.727 0.052
2683.60972 18.896 0.065
2687.62237 18.992 0.073
2692.55564 18.957 0.047
2696.61252 19.057 0.058
2702.51035 18.942 0.081
2708.53424 18.525 0.045
2724.50889 18.949 0.051
2871.89759 18.835 0.049
2884.86001 18.924 0.048
2896.83476 18.706 0.049
2902.76937 18.751 0.037
2907.83017 18.907 0.038
2911.87796 19.032 0.040
2917.78150 18.998 0.044
2923.78088 19.029 0.056
2926.83675 18.536 0.032
2931.76524 18.583 0.029
2934.80565 18.697 0.035
2940.78610 18.791 0.043
2943.79026 18.866 0.041
2947.79884 19.015 0.043
2950.71277 18.920 0.053
2954.73603 19.142 0.066
2956.78162 18.998 0.048
2958.82623 18.532 0.040
2962.82048 18.563 0.034
2964.83890 18.723 0.031
2970.82343 18.823 0.031
2974.76144 18.781 0.033
2976.65095 18.611 0.036
2979.63434 18.713 0.046
2981.65572 18.970 0.086
2983.76249 19.007 0.052
2985.81021 19.076 0.046
2987.70896 18.999 0.052
2989.65164 19.029 0.040
2991.71954 19.093 0.041
2993.73160 19.115 0.058
2995.80516 18.444 0.028
2997.77574 18.398 0.027
2998.72326 18.736 0.036
3000.72580 18.448 0.027
3002.71315 18.495 0.031
3004.71659 18.610 0.030
3006.70951 18.477 0.027
3008.72396 18.797 0.039
3010.77039 18.948 0.064
3011.78673 18.966 0.058
3016.72038 18.915 0.045
3018.75077 19.026 0.048
3020.81454 19.038 0.050
3021.83845 18.935 0.050
3023.70045 18.977 0.046
3025.67205 18.963 0.038
3027.71750 18.960 0.035
3029.70238 19.115 0.096
3031.77271 18.627 0.044
3034.60406 19.017 0.034
3036.63442 18.867 0.039
3039.57632 19.025 0.076
3042.68385 18.729 0.052
3044.62327 18.563 0.040
3046.60923 18.596 0.036
3047.71157 18.904 0.061
3048.64272 18.839 0.036
3049.66625 18.742 0.047
3051.63555 18.727 0.041
3053.61074 18.818 0.037
3055.62780 18.929 0.073
3057.65293 18.930 0.046
3059.59757 19.006 0.040
3061.58988 18.981 0.050
3066.55941 18.995 0.067
3068.58724 18.980 0.061
3070.65764 18.620 0.042
3073.67584 18.473 0.041
3076.59962 18.507 0.039
3078.68617 18.766 0.049
3082.66789 18.842 0.034
3085.56840 18.651 0.040
3088.52866 18.820 0.065
3091.51100 18.717 0.052
3096.56002 19.028 0.087
3100.48761 18.800 0.069
3103.50927 19.052 0.059
3106.53055 19.093 0.052
3109.51611 19.018 0.049
3112.56792 18.565 0.032
3116.54963 18.544 0.035
3127.54675 18.879 0.048
3133.50720 19.070 0.074
3223.90554 18.597 0.044
3242.85647 18.844 0.047
3258.89122 18.609 0.027
3264.85752 18.544 0.025
3271.80528 18.916 0.061
3274.80924 18.793 0.049
3278.88226 18.991 0.052
3287.81343 18.896 0.035
3291.75071 19.300 0.058
3295.77120 19.201 0.038
3299.83138 18.545 0.020
3301.82474 18.586 0.038
3305.73378 18.524 0.033
3309.79504 18.776 0.034
3311.78867 18.917 0.046
3320.85213 19.212 0.051
3323.76613 18.917 0.047
3327.80457 19.145 0.049
3330.78063 19.162 0.058
3336.63303 19.070 0.063
3339.81152 18.670 0.040
3350.74906 18.809 0.033
3353.80523 19.079 0.041
3357.74589 19.046 0.045
3360.72264 19.041 0.039
3365.84204 18.455 0.033
3373.80613 18.737 0.048
3378.73290 18.688 0.031
3394.61603 19.039 0.065
3399.76975 19.001 0.060
3403.75681 18.708 0.035
3408.67997 18.822 0.038
3413.52630 19.017 0.061
3417.62018 18.563 0.033
3427.54278 18.714 0.047
3434.50799 18.835 0.056
3440.51768 18.993 0.052
3447.50128 18.887 0.079
3456.52685 18.617 0.045
3469.48169 18.860 0.049
3478.47416 19.083 0.070
3579.93238 18.922 0.058
3601.88465 18.585 0.039
3619.88744 19.089 0.049
3634.86774 18.546 0.033
3640.77621 18.558 0.031
3651.81013 18.934 0.041
3654.85636 18.902 0.035
3658.82003 18.813 0.038
3661.86576 19.017 0.062
3665.83898 19.144 0.063
3670.80861 18.713 0.040
3673.81888 18.541 0.025
3676.81902 18.607 0.028
3685.75840 18.840 0.034
3687.84514 19.131 0.044
3690.76709 19.019 0.056
3693.80273 19.123 0.049
3695.83385 19.096 0.046
3698.82350 18.962 0.046
3701.69246 19.040 0.042
3703.77621 19.113 0.042
3705.84043 18.502 0.025
3708.82816 18.576 0.035
3712.78570 18.615 0.027
3715.75136 18.543 0.050
3718.68720 18.588 0.040
3720.83697 18.919 0.046
3724.75459 18.955 0.039
3728.73264 18.878 0.041
3731.79570 18.961 0.036
3733.65630 18.982 0.036
3735.64631 18.960 0.032
3737.80482 19.068 0.033
3740.76813 18.978 0.040
3742.77424 18.464 0.042
3745.81073 18.754 0.039
3749.76076 18.705 0.064
3751.77457 18.700 0.042
3753.72398 18.745 0.036
3755.72407 18.833 0.055
3757.71377 18.777 0.042
3759.80409 19.005 0.041
3763.67606 18.948 0.031
3766.69267 19.004 0.052
3770.72021 19.039 0.049
3773.75145 18.877 0.050
3776.72583 18.843 0.052
3783.59306 19.175 0.056
3788.56725 18.640 0.028
3793.57277 18.601 0.047
3801.50854 18.634 0.037
3810.54335 18.897 0.051
3826.48415 19.065 0.065
3958.87434 18.976 0.075
3965.84418 19.099 0.041
3970.86427 18.909 0.039
3982.81509 18.615 0.042
3993.76780 18.866 0.051
3999.85933 18.968 0.043
4003.73524 19.054 0.039
4006.75643 18.958 0.036
4008.77735 19.014 0.038
4013.78895 18.455 0.034
4026.85218 18.963 0.047
4029.79655 18.962 0.051
4032.83314 18.889 0.055
4038.77922 18.993 0.049
4041.73912 18.997 0.042
4043.74415 19.089 0.058
4049.70739 18.978 0.038
4052.76876 18.489 0.049
4054.75492 18.628 0.031
4056.81404 18.803 0.035
4058.86117 19.010 0.068
4064.77647 18.852 0.030
4066.77645 18.947 0.041
4069.72952 18.976 0.057
4071.65747 18.926 0.049
4076.72968 19.031 0.056
4079.77119 18.804 0.047
4082.81277 18.543 0.032
4084.78432 18.540 0.032
4086.80935 18.785 0.051
4093.86216 18.998 0.070
4103.63396 18.807 0.041
4111.78810 18.933 0.038
4117.72874 18.537 0.030
4121.70666 18.606 0.065
4127.65728 18.598 0.027
4132.74623 18.822 0.053
4143.53340 18.755 0.039
4157.52561 18.971 0.076
4168.56632 18.596 0.030
4198.51892 18.764 0.061
4343.85185 18.933 0.059
4348.82074 18.470 0.031
4353.85213 18.624 0.033
4358.80420 18.859 0.068
4364.89057 19.030 0.060
4367.86441 19.036 0.052
4370.88604 19.099 0.070
4373.84209 19.033 0.046
4377.89396 18.788 0.053
4381.73370 18.958 0.061
4386.85159 18.634 0.039
4390.81360 18.676 0.037
4394.86018 18.872 0.039
4399.78791 18.998 0.067
4407.81719 18.974 0.068
4412.77537 19.117 0.059
4418.86103 18.567 0.037
4423.72571 18.488 0.032
4427.72780 18.615 0.039
4430.73111 18.663 0.047
4433.74864 18.800 0.044
4436.84335 19.104 0.079
4440.69086 18.887 0.044
4443.78334 19.071 0.061
4449.75429 19.154 0.059
4451.78988 18.828 0.045
4455.75527 18.690 0.048
4457.78647 18.599 0.048
4459.75371 18.610 0.037
4463.75044 18.769 0.037
4465.76720 18.767 0.039
4468.73146 18.793 0.037
4470.68699 18.734 0.066
4473.73014 19.035 0.061
4476.75107 18.976 0.040
4482.79194 19.184 0.074
4485.78231 18.831 0.058
4490.62952 19.038 0.055
4494.69559 18.443 0.038
4498.72042 18.648 0.035
4501.71776 18.818 0.048
4506.65174 18.745 0.047
4508.67862 18.939 0.052
4509.74274 18.975 0.049
4512.71176 18.910 0.056
4518.65197 19.005 0.080
4521.69249 19.204 0.072
4523.67151 19.097 0.065
4525.63613 19.160 0.056
4531.61985 18.717 0.041
4534.54870 18.909 0.052
4537.66446 18.664 0.039
4539.58371 18.612 0.040
4542.50112 18.655 0.054
