 729.75117 18.612 0.035
 741.80381 18.959 0.053
 744.79853 18.849 0.070
 746.81929 18.604 0.036
 749.85511 18.793 0.043
 750.83178 18.549 0.038
 751.82949 18.673 0.042
 754.78001 18.814 0.056
 759.68921 18.584 0.032
 761.83924 18.719 0.046
 766.85321 18.835 0.063
 769.81252 18.759 0.046
 776.80057 18.756 0.041
 778.82971 18.650 0.050
 780.80942 18.578 0.031
 782.78898 18.921 0.047
 789.82136 18.932 0.051
 792.72786 18.815 0.050
 795.81325 18.705 0.034
 796.76740 18.829 0.048
 798.83208 18.566 0.039
 817.73620 18.542 0.035
 824.75455 18.582 0.038
 826.71923 18.867 0.047
 828.70956 18.677 0.039
 830.78502 18.833 0.049
 832.55853 18.696 0.039
 833.54735 18.496 0.042
 834.68395 18.573 0.033
 834.81612 18.870 0.058
 835.67496 18.748 0.033
 837.69517 18.636 0.028
 838.74322 18.515 0.042
 841.73618 18.636 0.036
 842.77230 18.483 0.034
 843.80952 18.802 0.037
 844.55208 18.888 0.063
 846.79968 18.647 0.036
 850.79026 18.865 0.067
 855.68758 18.416 0.067
 856.76059 18.677 0.055
 858.74489 18.512 0.039
 859.78811 18.539 0.040
 860.63418 18.704 0.049
 866.61548 18.789 0.058
 874.60632 18.604 0.033
 876.63370 18.850 0.045
 876.73583 18.584 0.034
 878.64099 18.463 0.031
 880.65746 18.855 0.050
 891.56077 18.551 0.039
 893.69127 18.714 0.053
 896.54098 18.839 0.043
 900.59463 18.738 0.048
 919.59572 18.805 0.061
 925.60365 18.667 0.048
 934.55518 18.926 0.075
 937.57213 18.682 0.060
 950.54890 18.743 0.050
 952.53964 18.646 0.041
 953.52031 18.981 0.066
 963.50263 18.713 0.068
1074.85262 18.559 0.056
1083.85606 18.748 0.039
1086.87691 18.896 0.040
1108.81901 18.592 0.034
1114.82732 18.700 0.031
1126.79607 18.795 0.047
1129.85826 18.673 0.039
1132.85389 18.622 0.040
1142.80400 18.571 0.030
1152.76176 18.633 0.050
1154.78691 18.835 0.046
1156.75183 18.665 0.036
1158.82047 18.980 0.054
1160.81779 18.768 0.040
1164.79983 18.889 0.035
1165.84551 18.810 0.053
1171.76991 18.843 0.032
1175.76906 18.745 0.036
1179.81934 18.626 0.046
1181.78030 18.743 0.048
1187.71820 18.708 0.055
1188.73202 18.792 0.031
1189.78108 18.708 0.032
1191.79532 18.822 0.035
1193.84317 18.649 0.030
1194.71874 18.764 0.041
1201.80716 18.671 0.047
1202.81629 18.893 0.047
1204.72271 18.838 0.042
1206.82283 18.757 0.038
1207.73357 18.671 0.055
1212.79429 18.831 0.051
1214.70534 18.818 0.051
1215.61001 18.679 0.048
1216.71894 18.651 0.043
1217.76826 18.581 0.040
1218.74329 18.837 0.058
1219.68261 18.623 0.038
1220.78996 18.630 0.042
1221.65605 18.926 0.061
1223.74500 18.572 0.033
1226.63505 18.627 0.036
1227.63990 18.835 0.041
1232.74589 18.831 0.053
1235.64037 18.868 0.058
1238.61193 18.789 0.070
1240.73577 18.622 0.052
1242.60529 18.626 0.046
1243.70301 18.661 0.046
1245.67983 18.820 0.053
1258.64186 18.841 0.039
1259.64950 18.839 0.047
1261.60357 18.851 0.043
1268.60413 18.848 0.060
1274.60733 18.557 0.049
1277.59221 18.531 0.036
1279.57745 18.674 0.044
1290.55883 18.555 0.045
1301.56254 18.582 0.054
1305.59123 18.783 0.048
1312.56792 18.884 0.060
1319.55237 18.843 0.047
1327.49292 18.697 0.180
1330.54464 18.740 0.067
1335.49748 18.808 0.056
1431.89624 18.828 0.038
1433.89321 18.627 0.050
1436.81076 18.648 0.043
1439.90200 18.768 0.039
1443.84217 18.521 0.053
1447.85445 18.544 0.057
1454.86078 18.739 0.061
1459.82780 18.737 0.046
1461.86585 18.652 0.043
1462.85622 18.821 0.052
1471.85224 18.670 0.039
1476.74488 18.556 0.040
1478.82257 18.807 0.043
1481.86098 18.646 0.046
1484.81075 18.540 0.032
1496.70980 18.601 0.040
1498.73154 18.877 0.043
1502.72760 18.728 0.045
1505.76232 18.890 0.056
1507.76330 18.598 0.044
1508.66557 18.796 0.043
1509.83183 18.869 0.048
1511.68502 18.822 0.045
1514.73315 18.587 0.043
1516.70260 18.679 0.039
1518.67458 18.716 0.060
1522.78039 18.811 0.046
1523.67342 18.383 0.078
1524.84036 18.738 0.042
1527.84426 18.739 0.060
1529.74744 18.888 0.049
1548.80570 18.549 0.033
1552.74165 18.709 0.035
1568.68890 18.546 0.042
1571.75358 18.752 0.046
1574.80559 18.796 0.035
1576.65947 18.770 0.048
1578.75976 18.668 0.047
1581.70910 18.725 0.045
1588.66924 18.584 0.049
1595.64873 18.642 0.050
1596.76199 18.672 0.048
1599.75390 18.573 0.040
1600.73146 18.793 0.059
1601.75977 18.763 0.048
1602.74126 18.619 0.043
1606.70798 18.728 0.047
1609.72139 18.646 0.043
1610.73894 18.681 0.064
1611.71628 18.743 0.055
1613.70695 18.595 0.052
1614.70248 18.894 0.057
1615.71694 18.715 0.052
1617.69819 18.888 0.050
1618.69660 18.801 0.064
1621.69347 18.990 0.093
1623.67934 18.722 0.058
1625.68376 18.652 0.052
1626.68479 18.587 0.044
1628.67312 18.718 0.056
1630.69236 18.606 0.037
1633.65562 18.711 0.039
1634.64904 18.825 0.045
1635.66273 18.652 0.052
1644.61289 19.000 0.050
1653.57241 18.779 0.053
1655.60820 18.630 0.053
1657.59735 18.893 0.084
1659.60101 18.622 0.050
1661.59247 18.893 0.057
1662.59049 18.706 0.057
1665.57250 18.662 0.055
1671.55028 18.813 0.070
1672.56998 18.625 0.051
1788.89542 18.700 0.040
1812.87335 18.594 0.032
1815.88513 18.627 0.037
1830.87508 18.877 0.049
1851.82310 18.822 0.059
1863.82462 18.601 0.034
1866.77527 18.624 0.035
1868.77969 18.753 0.032
1869.81420 18.567 0.038
1872.79775 18.588 0.064
2168.86801 18.864 0.068
2187.80969 18.691 0.062
2193.87506 18.681 0.035
2194.76885 18.776 0.060
2202.87513 18.879 0.052
2206.78415 18.750 0.059
2215.82802 18.831 0.059
2222.82753 18.840 0.063
2225.71038 18.833 0.052
2227.78543 18.652 0.046
2229.79127 18.807 0.057
2231.75965 18.646 0.046
2233.72796 18.650 0.042
2237.64730 18.705 0.058
2239.70824 18.735 0.046
2241.79999 18.517 0.036
2244.67963 18.629 0.050
2249.78951 18.784 0.048
2251.69780 18.601 0.040
2254.78450 18.667 0.039
2257.80799 18.791 0.034
2260.81537 18.831 0.071
2262.83304 18.590 0.040
2265.80764 18.581 0.042
2269.75767 18.728 0.052
2272.73797 18.718 0.050
2274.70640 18.627 0.046
2276.72660 18.942 0.059
2278.84609 18.790 0.058
2280.66883 18.729 0.055
2282.83017 18.648 0.046
2288.81208 18.708 0.043
2291.84560 18.817 0.058
2293.84678 18.572 0.065
2296.84069 18.693 0.078
2298.83368 18.791 0.058
2301.76443 18.795 0.074
2321.73584 18.748 0.057
2328.61301 18.534 0.050
2335.52288 18.835 0.066
2341.52024 18.562 0.051
2358.51264 18.554 0.044
2391.53928 18.793 0.077
2548.85365 18.699 0.061
2553.82108 18.881 0.072
2557.88592 18.810 0.059
2561.88856 18.735 0.065
2574.86785 18.815 0.057
2579.76772 18.604 0.047
2586.80484 18.603 0.039
2591.77377 18.838 0.052
2598.75664 18.664 0.048
2606.78549 18.563 0.039
2610.68339 18.848 0.065
2615.81059 18.805 0.048
2619.65403 18.576 0.036
2622.76908 18.707 0.053
2625.63437 18.643 0.051
2628.63198 18.644 0.053
2630.66893 18.780 0.051
2632.79014 18.790 0.044
2636.74010 18.587 0.045
2638.85720 18.533 0.059
2641.83260 18.615 0.041
2643.83285 18.783 0.050
2645.83188 18.738 0.048
2649.74304 18.739 0.039
2651.78588 18.578 0.041
2653.81310 18.808 0.061
2655.83995 18.583 0.048
2657.83197 18.687 0.060
2658.82414 18.472 0.066
2660.77873 18.645 0.050
2662.75220 18.839 0.057
2664.76866 18.585 0.078
2669.62172 18.636 0.055
2672.61963 18.715 0.058
2674.82185 18.669 0.054
2676.79908 18.900 0.067
2678.84083 18.589 0.039
2680.74918 18.703 0.044
2684.62629 18.689 0.044
2688.60380 18.887 0.059
2693.56545 18.567 0.038
2697.58152 18.632 0.046
2702.58806 18.771 0.071
2709.53352 18.716 0.055
2726.49971 18.577 0.051
2875.91077 18.878 0.069
2885.90137 18.837 0.052
2893.88202 18.591 0.056
2897.89865 18.614 0.045
2908.81932 18.794 0.051
2912.84250 18.900 0.050
2917.85067 18.603 0.036
2923.85340 18.764 0.048
2927.76178 18.589 0.067
2931.83992 18.536 0.041
2934.87479 18.635 0.052
2935.73434 18.834 0.062
2940.85484 18.777 0.040
2943.85963 18.817 0.043
2947.86803 18.785 0.051
2951.74498 18.589 0.045
2954.81212 18.675 0.066
2956.85552 18.766 0.047
2961.78683 18.616 0.042
2963.83780 18.891 0.049
2964.73518 18.596 0.051
2966.81446 18.767 0.036
2968.77532 18.597 0.039
2971.77855 18.568 0.041
2974.86092 18.727 0.065
2978.68756 18.703 0.050
2980.78185 18.831 0.057
2982.83090 18.544 0.038
2985.73357 18.604 0.038
2987.78122 18.823 0.064
2989.72222 18.841 0.043
2991.79570 18.710 0.042
2993.80911 18.730 0.045
2996.77933 18.667 0.037
2998.79211 18.723 0.046
3000.80323 18.862 0.061
3002.79355 18.590 0.041
3004.81929 18.858 0.049
3006.80584 18.582 0.035
3008.76847 18.713 0.044
3010.83915 18.703 0.050
3013.76489 18.714 0.051
3016.78919 18.480 0.050
3020.62950 18.780 0.043
3022.66179 18.671 0.037
3023.76978 18.605 0.037
3025.77292 18.666 0.031
3027.79156 18.762 0.064
3029.77622 18.625 0.043
3032.62504 18.701 0.046
3034.67308 18.738 0.031
3036.70319 18.643 0.038
3039.64515 18.629 0.048
3041.73033 18.786 0.059
3042.75341 18.621 0.062
3044.69223 18.814 0.053
3046.67836 18.611 0.059
3048.71154 18.725 0.038
3050.70851 18.684 0.036
3052.70477 18.610 0.033
3054.71087 18.948 0.060
3056.69796 18.630 0.035
3058.69128 18.874 0.042
3059.63751 18.635 0.035
3061.65454 18.734 0.071
3066.62851 18.671 0.049
3068.65672 18.777 0.058
3071.55514 18.612 0.053
3074.55998 18.683 0.055
3076.67439 18.569 0.051
3079.67399 18.583 0.038
3085.64238 18.713 0.046
3088.59973 18.740 0.052
3091.60325 18.757 0.050
3097.52773 18.825 0.069
3100.56526 18.897 0.085
3103.57338 18.599 0.051
3106.60273 18.632 0.044
3109.58586 18.578 0.042
3126.54084 18.725 0.064
3132.54386 18.655 0.065
3147.48567 18.738 0.088
3242.92540 18.695 0.071
3249.90293 18.562 0.051
3260.88450 18.733 0.060
3271.87482 18.786 0.049
3274.87803 18.859 0.067
3279.83153 18.525 0.044
3288.73977 18.590 0.046
3295.84070 18.702 0.031
3297.83200 18.857 0.035
3300.69611 18.753 0.058
3302.69082 18.733 0.078
3305.80241 18.797 0.048
3309.86359 18.624 0.041
3315.79956 18.723 0.041
3321.76395 18.798 0.042
3324.81337 18.726 0.043
3328.86221 18.796 0.052
3335.81105 18.871 0.081
3340.69486 18.758 0.044
3353.78696 18.638 0.037
3357.81457 18.660 0.037
3360.79417 18.651 0.048
3366.75822 18.795 0.044
3373.84583 18.777 0.063
3378.80150 18.611 0.042
3385.59142 18.641 0.060
3387.79951 18.758 0.055
3394.69049 18.570 0.040
3402.74878 18.782 0.042
3404.68044 18.648 0.050
3410.53826 18.595 0.036
3416.54584 18.609 0.044
3430.54897 18.660 0.048
3436.59984 18.783 0.045
3448.53146 18.831 0.062
3458.50155 18.710 0.051
3603.90193 18.667 0.037
3621.87965 18.611 0.036
3624.90343 18.634 0.044
3630.85056 18.582 0.058
3637.80166 18.525 0.046
3640.84583 18.635 0.035
3651.87827 18.599 0.040
3655.79548 18.809 0.039
3659.77883 18.780 0.059
3663.74279 18.699 0.054
3669.83791 18.752 0.044
3673.71530 18.657 0.041
3685.84224 18.511 0.032
3688.76110 18.601 0.035
3690.83567 18.927 0.090
3693.84200 18.815 0.046
3696.77964 18.896 0.042
3699.79252 18.712 0.034
3701.84749 18.799 0.046
3703.84428 18.769 0.038
3706.71953 18.888 0.037
3711.75506 18.608 0.036
3713.84308 18.621 0.044
3715.81938 18.655 0.037
3718.85050 18.776 0.050
3724.79382 18.874 0.043
3728.82810 18.714 0.041
3731.83528 18.787 0.039
3733.73462 18.887 0.041
3735.71463 18.563 0.028
3738.74817 18.620 0.037
3740.81307 18.631 0.036
3742.83252 18.776 0.069
3745.84999 18.935 0.064
3749.80023 18.531 0.060
3751.81410 18.859 0.068
3753.76421 18.673 0.042
3755.79239 18.835 0.055
3757.81232 18.595 0.034
3760.62396 18.823 0.050
3763.74467 18.597 0.028
3766.76123 18.710 0.065
3771.67066 18.741 0.040
3774.66217 18.805 0.045
3777.62050 18.845 0.052
3780.68462 18.737 0.057
3784.53258 18.647 0.055
3788.61097 18.731 0.038
3794.58051 18.806 0.051
3802.52133 18.662 0.051
3812.53415 18.553 0.036
3830.48753 18.866 0.064
3959.89005 18.601 0.063
3965.91596 18.672 0.036
3973.82990 18.794 0.063
3982.88225 18.678 0.047
3990.82914 18.885 0.056
3999.89846 18.639 0.046
4003.77425 18.863 0.038
4006.82358 18.524 0.036
4008.84460 18.730 0.035
4013.85648 18.574 0.049
4019.86109 18.700 0.041
4024.85065 18.717 0.043
4027.75520 18.844 0.048
4029.86583 18.732 0.043
4036.74435 18.654 0.041
4039.73250 18.695 0.048
4041.80626 18.780 0.041
4045.67456 18.688 0.078
4047.67094 19.048 0.083
4050.64671 18.871 0.051
4052.83596 18.891 0.039
4054.82282 18.541 0.039
4057.74785 18.749 0.053
4060.68728 18.855 0.045
4065.77131 18.809 0.040
4067.72748 18.811 0.038
4070.78618 18.795 0.060
4074.84227 18.658 0.047
4078.76019 18.955 0.061
4080.77157 18.612 0.046
4083.84623 18.749 0.063
4085.82104 18.742 0.058
4096.65433 18.563 0.035
4103.81357 18.858 0.065
4106.64493 18.585 0.046
4112.82178 18.698 0.040
4122.74986 18.813 0.036
4128.61946 18.869 0.050
4145.65952 18.744 0.057
4158.52970 18.843 0.048
4169.55905 18.796 0.046
4344.86178 18.578 0.045
4348.89204 18.627 0.046
4354.82035 18.565 0.049
4358.88195 18.586 0.047
4363.89735 18.941 0.072
4367.81962 18.618 0.041
4371.83037 18.564 0.042
4378.78426 18.786 0.056
4381.80117 18.583 0.056
4387.74369 18.631 0.039
4390.88076 18.817 0.066
4396.78147 18.808 0.058
4400.78940 18.830 0.065
4408.80110 18.540 0.052
4415.86669 18.626 0.063
4423.82879 18.749 0.048
4427.79518 18.875 0.059
4430.79843 18.854 0.066
4433.81588 18.722 0.054
4437.74237 18.734 0.065
4440.76218 18.926 0.055
4444.70717 18.722 0.058
4449.82171 18.619 0.045
4451.85727 18.777 0.091
4454.79699 18.836 0.044
4456.79936 18.609 0.048
4458.80608 18.704 0.047
4463.78948 18.562 0.038
4465.80625 18.760 0.046
4470.72622 18.809 0.045
4473.76926 18.574 0.062
4478.81072 18.836 0.046
4481.85285 18.631 0.049
4486.85064 18.708 0.068
4490.66874 18.918 0.067
4493.73934 18.652 0.058
4497.79151 18.661 0.044
4500.66450 18.744 0.051
4502.77435 18.801 0.070
4507.76545 18.547 0.051
4509.72913 18.724 0.047
4518.72851 18.805 0.091
4522.52884 18.518 0.048
4524.66923 18.845 0.053
4530.69364 18.557 0.039
4534.66029 18.714 0.050
4538.67559 19.032 0.069
4540.67564 18.611 0.053
4542.59281 18.661 0.048
