2125.61979 17.899 0.044
2129.69452 17.615 0.021
2132.63609 18.070 0.029
2136.54015 17.676 0.028
2141.55189 18.050 0.031
2144.64178 18.031 0.032
2160.60957 17.440 0.031
2211.50426 17.502 0.038
2347.83597 17.539 0.021
2357.86350 17.676 0.024
2372.85137 18.065 0.038
2383.82325 18.057 0.029
2388.79393 17.665 0.027
2390.82334 17.510 0.022
2397.70101 17.676 0.024
2401.83268 17.492 0.021
2403.90965 17.429 0.019
2405.89704 18.064 0.037
2414.90207 17.610 0.026
2416.85436 18.072 0.037
2424.82173 18.212 0.042
2428.85034 17.984 0.035
2434.74867 18.159 0.032
2436.79738 18.105 0.034
2438.75816 17.929 0.031
2441.73585 17.629 0.021
2445.64198 17.981 0.031
2448.66336 17.811 0.032
2455.70000 17.897 0.032
2459.62002 17.689 0.021
2463.55132 18.021 0.035
2466.65047 17.973 0.035
2468.68070 17.973 0.026
2470.66313 17.776 0.023
2472.68832 17.659 0.022
2481.56771 17.528 0.029
2484.63026 17.961 0.036
2486.72225 18.058 0.049
2490.69045 17.946 0.032
2493.65197 17.616 0.026
2495.75392 17.610 0.028
2498.51746 17.892 0.023
2500.56195 17.792 0.024
2502.57318 17.617 0.023
2508.67348 18.046 0.045
2512.61982 17.766 0.029
2517.57373 18.063 0.034
2520.58903 18.004 0.034
2528.49432 17.990 0.038
2538.50073 17.988 0.036
2542.52805 17.795 0.035
2552.50201 17.740 0.035
2556.58612 17.577 0.033
2563.50055 17.835 0.033
2575.52875 17.750 0.036
2707.86995 17.942 0.031
2714.90923 17.396 0.018
2729.84320 17.818 0.039
2733.92335 17.696 0.039
2744.92116 17.738 0.023
2753.89559 17.823 0.029
2757.80733 18.081 0.035
2761.82443 17.954 0.029
2767.79975 18.136 0.046
2775.72882 17.552 0.037
2783.83278 17.911 0.028
2785.75841 17.577 0.023
2787.60875 17.973 0.040
2789.76546 18.035 0.032
2791.72186 17.904 0.028
2794.93652 17.971 0.040
2796.83556 17.673 0.021
2797.89680 17.717 0.024
2809.72467 18.030 0.039
2811.64901 17.862 0.037
2812.72352 17.987 0.035
2813.83279 18.050 0.035
2814.75633 17.849 0.029
2816.62101 17.918 0.027
2818.59229 18.021 0.031
2820.79893 18.138 0.037
2826.76240 17.760 0.022
2835.64653 17.652 0.035
2839.71578 17.587 0.026
2841.72507 18.161 0.035
2843.65161 17.885 0.033
2845.66224 17.793 0.031
2850.53023 18.005 0.031
2852.54263 17.782 0.036
2854.54637 17.715 0.026
2856.73671 17.820 0.043
2858.68936 17.645 0.037
2862.60203 17.896 0.040
2865.70560 17.974 0.040
2868.59182 17.452 0.019
2876.58808 17.758 0.027
2879.63836 17.552 0.024
2884.66873 18.076 0.043
2892.65710 18.165 0.059
2895.63079 18.022 0.032
2900.55901 17.453 0.024
2906.51093 17.830 0.035
2911.53510 18.030 0.040
2918.55911 17.613 0.032
2930.58009 17.682 0.035
3051.88964 17.974 0.050
3064.82450 17.691 0.032
3067.89793 17.481 0.020
3070.85946 18.024 0.041
3073.81488 17.809 0.031
3075.85355 17.722 0.026
3079.89809 18.015 0.040
3082.86906 17.955 0.029
3084.91151 17.940 0.027
3086.84305 17.651 0.020
3088.80051 18.168 0.031
3089.90977 17.402 0.019
3091.83799 17.994 0.031
3096.87096 17.736 0.029
3098.85999 17.544 0.019
3100.80908 18.102 0.034
3101.92282 17.960 0.041
3103.78037 17.916 0.031
3104.90106 17.885 0.088
3108.77292 17.444 0.018
3109.80510 17.758 0.023
3110.83951 18.107 0.033
3112.79783 18.041 0.031
3113.87878 18.058 0.029
3114.78965 17.987 0.027
3115.87313 17.948 0.031
3122.91566 17.745 0.029
3126.90157 17.934 0.032
3127.81242 17.758 0.027
3128.82547 17.716 0.024
3130.70337 18.070 0.041
3134.82508 18.023 0.035
3135.90470 18.037 0.037
3138.70644 17.448 0.023
3139.88373 17.800 0.024
3140.88350 17.723 0.023
3142.77177 18.138 0.034
3144.79272 17.984 0.031
3146.81537 18.041 0.034
3151.75537 17.796 0.029
3151.90803 17.678 0.028
3152.75944 18.114 0.036
3153.76335 18.028 0.039
3154.82491 18.044 0.041
3156.84461 18.002 0.037
3162.81961 17.409 0.022
3163.63249 17.972 0.026
3163.65425 18.016 0.027
3164.74184 18.009 0.029
3165.76199 18.073 0.025
3166.90713 17.963 0.049
3167.76736 17.974 0.041
3168.75519 17.842 0.026
3169.73152 17.632 0.023
3170.80857 17.767 0.021
3171.83134 17.690 0.019
3172.75829 17.422 0.017
3174.71522 18.068 0.028
3175.72457 18.108 0.031
3177.76174 18.024 0.042
3178.78828 17.973 0.027
3179.79797 17.920 0.028
3180.72690 17.670 0.020
3182.77789 17.555 0.021
3183.74646 17.831 0.031
3184.70427 18.072 0.027
3185.75690 18.062 0.034
3193.54250 18.042 0.033
3194.60108 18.004 0.035
3195.65305 18.063 0.025
3195.80607 18.018 0.029
3196.55154 17.815 0.032
3197.51903 17.687 0.022
3199.62887 17.660 0.024
3199.65432 17.770 0.023
3199.69189 17.809 0.025
3199.74855 17.884 0.034
3201.46721 17.988 0.047
3201.52071 18.120 0.033
3201.75110 17.766 0.019
3201.81594 17.883 0.031
3202.48400 18.053 0.035
3202.57508 18.159 0.033
3202.75877 17.643 0.023
3203.47277 17.924 0.032
3203.66466 18.114 0.029
3204.55145 18.029 0.026
3204.65896 18.158 0.031
3205.47386 17.862 0.029
3205.77261 17.866 0.024
3206.52586 17.866 0.024
3206.72343 17.968 0.034
3209.55358 17.568 0.024
3210.51728 17.497 0.023
3211.58924 17.425 0.021
3217.65788 17.951 0.033
3218.65628 17.959 0.036
3219.61213 17.719 0.036
3223.65746 17.373 0.024
3224.70295 17.396 0.019
3226.62651 17.951 0.037
3228.60674 17.985 0.032
3229.63921 17.915 0.032
3230.67280 17.893 0.028
3231.57620 17.621 0.022
3232.60399 17.517 0.028
3238.62516 17.949 0.034
3239.70386 17.949 0.038
3240.68499 17.910 0.039
3241.65990 17.894 0.033
3245.55978 18.068 0.040
3246.66348 18.078 0.048
3247.62967 18.110 0.039
3249.53168 17.840 0.029
3250.66435 18.022 0.040
3253.53211 17.405 0.020
3267.53745 18.097 0.037
3272.59287 17.759 0.032
3275.57584 17.372 0.025
3282.57874 17.743 0.020
3288.55130 17.968 0.033
3293.52192 17.733 0.021
3295.53211 17.582 0.015
3305.55151 17.590 0.031
3309.50992 17.953 0.040
3310.52952 18.125 0.053
3311.50067 17.918 0.048
3409.88298 17.578 0.024
3414.87145 18.008 0.034
3421.90301 17.435 0.020
3422.87736 18.175 0.037
3426.86849 17.950 0.028
3429.85054 17.620 0.025
3432.89394 17.408 0.021
3442.89643 17.486 0.020
3445.80917 17.993 0.025
3447.85984 17.952 0.031
3449.87244 17.833 0.022
3452.89303 17.577 0.018
3455.82728 18.039 0.040
3457.86081 18.054 0.028
3459.85598 17.896 0.027
3467.88584 18.075 0.027
3469.79180 17.832 0.022
3470.80468 17.747 0.019
3472.76715 17.421 0.018
3473.78692 17.648 0.022
3474.78359 18.011 0.039
3475.80919 18.119 0.028
3477.77097 17.990 0.027
3478.71692 17.871 0.025
3478.75179 17.869 0.024
3478.80826 17.937 0.024
3478.85760 18.060 0.025
3478.88800 18.019 0.029
3479.73613 17.818 0.023
3479.76980 17.866 0.021
3479.88615 18.057 0.026
3479.93074 18.024 0.028
3480.72995 17.714 0.019
3480.90065 17.938 0.026
3481.74789 17.602 0.019
3482.72465 17.417 0.017
3496.72745 18.049 0.031
3497.79900 18.033 0.035
3498.92327 18.064 0.034
3499.87015 18.096 0.031
3500.67928 17.608 0.021
3500.69150 17.714 0.020
3500.73635 17.810 0.024
3500.80361 17.908 0.026
3500.84459 18.035 0.027
3500.87357 18.055 0.034
3500.89815 18.014 0.034
3500.92882 18.067 0.031
3501.67097 17.605 0.022
3501.80112 18.023 0.024
3502.72586 17.621 0.019
3503.69502 17.401 0.016
3504.70975 18.083 0.029
3506.75359 18.122 0.036
3508.76315 17.940 0.031
3509.73625 17.969 0.025
3510.80601 18.032 0.027
3511.84514 18.015 0.028
3512.71484 17.650 0.025
3517.69576 18.002 0.040
3520.76921 17.933 0.028
3521.72598 17.888 0.022
3522.75394 17.811 0.020
3523.75914 17.765 0.019
3524.90085 17.901 0.035
3525.75731 17.485 0.016
3526.76027 17.614 0.019
3528.68120 18.002 0.025
3529.70347 18.028 0.021
3530.61859 17.814 0.019
3537.74378 18.196 0.031
3538.61508 18.007 0.027
3539.82538 18.252 0.026
3540.65843 17.940 0.027
3544.73061 17.680 0.027
3547.81678 17.544 0.026
3550.64326 17.989 0.025
3551.64420 17.938 0.018
3552.67916 17.880 0.025
3553.72858 17.888 0.031
3554.66710 17.653 0.025
3555.68547 17.547 0.020
3556.68154 17.410 0.017
3558.53858 17.932 0.028
3558.83726 17.610 0.025
3559.70721 18.078 0.026
3560.60858 17.922 0.027
3561.55353 17.812 0.024
3562.59695 17.721 0.028
3563.64772 17.708 0.020
3564.58268 17.473 0.024
3571.72133 18.038 0.051
3573.66576 17.949 0.034
3574.69718 17.908 0.027
3575.54466 17.449 0.016
3575.78127 17.951 0.031
3576.69853 17.712 0.024
3577.59862 18.134 0.032
3578.68327 17.560 0.018
3579.62878 18.099 0.026
3580.66196 18.066 0.029
3581.68181 18.061 0.024
3582.65369 18.057 0.027
3583.64412 17.911 0.026
3583.76402 17.920 0.035
3584.65276 17.872 0.021
3584.76743 17.968 0.029
3585.64311 17.732 0.024
3585.73270 17.930 0.024
3586.72818 17.849 0.022
3587.60040 17.482 0.022
3587.66330 17.533 0.021
3587.72592 17.624 0.029
3588.55089 18.081 0.028
3588.61080 18.140 0.028
3589.48957 17.984 0.024
3589.55448 18.049 0.023
3589.68174 17.823 0.020
3589.69107 17.643 0.018
3590.46905 17.971 0.033
3590.55387 18.008 0.024
3590.63339 18.043 0.028
3590.69046 18.185 0.034
3591.48216 17.890 0.025
3591.63190 18.035 0.023
3591.68927 18.146 0.026
3592.48129 17.814 0.026
3592.54857 17.886 0.023
3592.66234 18.034 0.024
3593.47185 17.666 0.020
3593.57555 17.851 0.022
3593.75621 18.116 0.039
3594.49555 17.552 0.022
3594.57037 17.763 0.019
3594.71839 18.010 0.029
3596.64570 17.666 0.028
3599.63624 17.892 0.039
3601.66691 18.156 0.036
3603.46679 17.680 0.046
3603.64755 18.033 0.031
3607.64591 17.703 0.022
3608.66127 17.584 0.020
3615.58902 17.848 0.023
3618.59062 17.449 0.019
3620.55383 18.099 0.028
3622.53169 17.974 0.033
3628.61253 17.603 0.031
3630.54722 18.077 0.040
3632.59889 18.057 0.045
3634.49797 17.841 0.028
3639.55684 17.433 0.016
3641.55525 18.143 0.048
3644.51564 17.951 0.027
3648.54874 17.753 0.033
3650.59588 17.545 0.028
3654.55143 18.044 0.048
3656.53269 17.848 0.033
3659.55107 17.541 0.034
3660.53717 17.420 0.026
3661.51846 17.895 0.047
3661.56298 17.362 0.035
3662.49871 18.057 0.038
3662.52567 18.040 0.045
3664.53504 17.966 0.032
3665.50793 17.974 0.037
3665.54056 17.840 0.036
3666.49476 17.877 0.033
3668.49178 17.648 0.038
3669.51705 17.671 0.031
3670.50700 17.424 0.031
3672.51508 17.989 0.052
3776.87794 18.147 0.039
3782.86258 17.743 0.025
3784.88789 17.669 0.023
3788.85534 18.031 0.036
3790.89772 18.002 0.036
3793.86505 17.768 0.021
3795.85244 17.453 0.025
3798.81564 18.072 0.029
3799.83983 18.070 0.034
3800.83475 17.949 0.032
3801.89424 17.951 0.029
3802.85979 17.896 0.032
3803.89509 17.888 0.025
3805.81154 17.471 0.019
3806.77781 18.142 0.038
3807.79692 18.072 0.040
3808.80460 18.073 0.033
3809.88971 18.115 0.032
3810.85632 18.008 0.029
3811.84791 18.015 0.032
3812.84401 17.901 0.036
3813.83695 17.859 0.028
3814.83584 17.732 0.023
3817.86909 17.430 0.019
3818.89648 17.422 0.018
3819.81415 18.041 0.026
3820.78084 17.971 0.025
3821.78397 17.945 0.025
3822.82336 17.924 0.026
3823.78355 17.840 0.025
3824.74974 17.590 0.025
3825.81460 17.666 0.022
3826.74312 17.768 0.023
3827.81091 17.412 0.017
3828.78553 18.201 0.043
3829.76772 18.054 0.032
3830.74408 18.037 0.028
3831.92105 18.175 0.031
3832.75462 17.909 0.024
3833.76778 17.825 0.022
3833.82029 17.945 0.022
3833.88322 18.092 0.028
3834.75356 17.711 0.020
3834.92441 17.946 0.049
3835.74261 17.541 0.023
3836.77366 17.486 0.019
3837.74101 18.095 0.042
3837.91292 17.748 0.023
3838.75280 18.063 0.045
3838.92013 17.703 0.027
3839.74857 18.008 0.036
3840.71457 18.007 0.034
3840.91955 17.444 0.020
3841.75309 17.980 0.032
3841.90379 18.244 0.038
3842.85690 18.123 0.031
3845.72861 17.525 0.034
3845.91994 17.892 0.033
3846.73933 17.503 0.017
3846.93200 17.955 0.037
3847.80540 17.575 0.026
3848.76035 17.936 0.027
3849.75951 18.165 0.032
3850.70416 18.034 0.029
3850.87719 17.588 0.022
3851.71879 17.967 0.028
3851.88357 18.146 0.038
3851.92970 17.584 0.022
3852.70727 17.934 0.029
3852.87851 18.092 0.032
3853.69568 17.847 0.022
3853.86397 18.057 0.027
3853.93481 18.166 0.038
3856.68573 17.485 0.019
3856.85248 17.887 0.023
3857.92338 17.906 0.029
3858.77212 17.447 0.017
3859.81028 17.414 0.018
3860.67979 18.030 0.034
3860.91864 17.541 0.026
3861.67787 17.971 0.031
3861.78150 18.022 0.024
3862.71114 17.983 0.025
3862.87361 18.179 0.034
3863.64860 17.814 0.025
3863.86271 18.079 0.026
3864.68553 17.748 0.024
3864.87561 18.046 0.025
3864.93455 18.141 0.029
3865.69637 17.711 0.023
3865.83310 17.946 0.027
3865.90983 18.090 0.029
3866.69482 17.597 0.020
3866.83432 17.920 0.026
3866.91323 18.039 0.025
3867.63767 18.022 0.034
3867.82523 17.776 0.026
3867.89641 17.904 0.026
3868.72078 17.411 0.021
3868.87245 17.786 0.029
3869.70059 18.141 0.036
3869.88154 17.720 0.031
3872.90486 17.592 0.020
3873.65409 17.857 0.024
3873.79629 18.086 0.029
3873.86827 18.183 0.036
3873.93786 17.829 0.031
3874.75257 17.957 0.032
3875.66624 17.752 0.018
3875.82210 17.984 0.025
3875.91265 18.125 0.031
3876.64345 17.580 0.015
3877.64160 17.425 0.017
3877.79290 17.806 0.021
3877.86678 17.925 0.026
3880.61464 17.982 0.024
3880.84246 17.586 0.022
3880.92127 17.753 0.025
3881.67167 18.045 0.031
3881.88312 17.585 0.019
3882.58366 17.893 0.029
3882.75994 18.021 0.029
3882.83419 18.194 0.034
3882.90300 17.474 0.017
3883.64931 18.005 0.031
3883.84986 18.221 0.028
3886.61143 17.599 0.023
3886.80422 17.984 0.025
3886.87606 18.035 0.033
3887.58474 17.605 0.022
3887.78738 17.827 0.022
3887.88691 17.958 0.031
3888.60082 18.171 0.037
3889.66721 17.977 0.024
3889.94543 17.973 0.033
3890.65235 18.151 0.031
3891.67684 18.016 0.029
3891.80508 17.403 0.017
3891.88707 17.647 0.023
3892.57843 17.900 0.042
3892.94721 17.693 0.031
3893.63066 17.985 0.031
3893.87534 17.710 0.031
3894.68104 17.969 0.033
3896.62168 17.621 0.034
3900.53993 18.104 0.052
3900.72634 17.422 0.017
3900.80499 17.695 0.024
3900.87362 17.771 0.026
3901.55010 17.974 0.034
3901.73144 17.986 0.032
3901.80867 17.537 0.023
3901.87761 17.730 0.032
3902.57431 18.114 0.029
3902.75226 18.255 0.036
3902.87511 17.564 0.032
3903.66391 18.042 0.029
3904.56110 17.819 0.021
3904.72408 18.017 0.027
3904.79317 18.066 0.029
3904.89531 17.616 0.023
3905.55784 17.721 0.021
3905.73454 17.978 0.024
3905.80455 18.103 0.024
3905.87311 18.230 0.036
3906.57234 17.621 0.024
3906.71297 17.953 0.026
3906.78532 17.956 0.027
3906.86843 17.925 0.038
3907.60313 17.592 0.022
3907.78535 17.748 0.037
3908.53925 18.082 0.035
3908.72488 17.742 0.024
3908.80494 17.919 0.025
3908.88803 18.025 0.031
3909.54110 18.153 0.036
3909.72379 17.652 0.018
3909.81427 17.885 0.023
3909.89056 17.912 0.031
3910.57754 18.098 0.029
3912.54020 17.984 0.022
3912.72756 18.206 0.026
3912.82149 17.542 0.017
3913.53172 17.920 0.022
3913.73714 18.103 0.033
3913.82606 17.416 0.016
3914.55548 17.890 0.028
3915.53320 17.741 0.025
3915.73521 18.033 0.027
3915.83342 18.127 0.041
3916.57189 17.768 0.025
3916.81583 18.102 0.032
3917.62064 17.675 0.025
3917.82640 17.997 0.034
3918.61399 17.514 0.024
3918.82410 17.937 0.039
3919.55226 17.950 0.039
3919.76088 17.827 0.019
3920.51857 17.954 0.033
3920.71466 17.577 0.021
3920.80007 17.806 0.021
3921.51475 18.073 0.033
3921.72849 17.397 0.025
3922.71843 17.768 0.032
3930.55167 18.290 0.037
3930.79626 17.926 0.050
3931.50732 18.024 0.037
3932.53491 18.019 0.032
3932.80662 17.716 0.024
3933.52129 18.015 0.027
3933.70579 18.187 0.029
3933.77776 17.512 0.019
3934.49520 17.893 0.026
3934.66524 18.119 0.028
3934.73508 18.258 0.032
3935.54509 17.859 0.028
3935.71644 17.895 0.033
3935.81397 18.064 0.036
3936.49849 17.635 0.025
3936.66399 18.040 0.028
3936.74035 18.015 0.036
3937.56274 17.613 0.028
3938.50622 17.456 0.023
3938.70127 17.835 0.027
3938.80641 17.855 0.037
3940.59091 17.480 0.019
3941.70756 17.675 0.027
3944.55881 18.096 0.032
3944.75917 17.419 0.022
3945.78710 18.012 0.038
3946.51796 17.794 0.028
3946.71017 17.975 0.034
3950.52664 17.502 0.018
3950.74171 17.874 0.032
3951.51937 18.208 0.040
3951.75068 17.827 0.040
3956.57257 17.927 0.041
3957.51100 17.734 0.028
3958.58179 17.785 0.026
3959.51457 17.578 0.023
3959.68900 17.881 0.035
3960.50381 17.438 0.017
3960.68291 17.860 0.022
3961.57514 17.422 0.023
3963.53645 18.082 0.029
3963.60637 18.159 0.032
3963.71382 17.630 0.024
3964.53156 18.115 0.028
3965.51597 17.998 0.026
3965.70725 18.070 0.028
3966.49117 17.807 0.028
3966.69286 18.014 0.029
3967.52956 17.852 0.029
3967.71832 18.056 0.033
3968.50366 17.704 0.026
3968.67360 17.922 0.034
3969.48524 17.590 0.024
3969.68594 17.938 0.028
3970.51951 17.498 0.022
3970.69301 17.921 0.025
3971.55825 17.416 0.023
3973.58445 17.919 0.027
3974.51373 18.117 0.036
3975.51662 18.045 0.028
3975.69325 17.715 0.028
3976.51116 17.954 0.025
3976.68722 18.156 0.047
3979.51342 17.637 0.045
3982.57406 17.527 0.021
3983.53170 18.193 0.054
3986.58852 17.920 0.036
3987.51087 17.891 0.032
3988.52377 17.909 0.024
3989.53438 17.795 0.026
3990.55118 17.743 0.025
3991.50697 17.506 0.025
3993.55864 17.377 0.019
3994.56934 17.665 0.026
3995.57693 18.112 0.031
3999.61428 17.963 0.032
4002.50368 17.467 0.022
4003.49789 17.513 0.020
4004.53199 17.817 0.024
4006.52495 18.013 0.032
4012.50486 17.538 0.026
4016.52049 18.013 0.040
4020.54349 17.997 0.037
4023.54383 17.649 0.033
4025.56321 17.489 0.023
4028.50263 17.907 0.038
4031.50274 17.649 0.031
4041.50711 18.008 0.050
4043.51486 17.709 0.043
4141.88253 18.119 0.040
4151.86370 18.172 0.042
4153.88564 18.013 0.033
4156.86404 17.836 0.035
4158.88364 17.698 0.028
4161.85158 18.079 0.044
4163.83446 18.016 0.037
4165.81587 17.937 0.049
4168.81305 17.624 0.026
4170.80499 17.496 0.041
4175.79563 17.923 0.034
4176.90697 18.020 0.031
4178.81071 17.755 0.026
4179.85500 17.696 0.022
4181.79144 17.999 0.036
4182.83638 18.023 0.028
4183.87253 18.122 0.036
4184.91317 18.212 0.035
4189.85583 17.788 0.027
4191.81764 17.481 0.031
4193.74780 17.918 0.048
4194.79339 18.029 0.036
4196.78345 17.975 0.039
4202.76499 18.115 0.033
4203.75300 18.137 0.032
4204.74526 18.041 0.034
4204.92756 17.432 0.023
4205.74180 18.010 0.031
4207.73126 17.889 0.029
4208.75336 17.802 0.024
4211.79753 17.593 0.026
4212.87469 17.648 0.029
4213.71789 18.118 0.037
4213.92147 17.687 0.022
4215.75057 17.984 0.035
4216.70836 17.964 0.034
4217.71581 17.905 0.026
4217.92528 18.174 0.032
4218.76543 17.874 0.038
4219.76635 17.696 0.033
4220.71108 17.577 0.025
4222.67982 18.153 0.050
4222.92458 17.848 0.029
4224.79053 18.057 0.035
4224.80204 17.846 0.028
4224.82484 17.449 0.026
4224.84518 17.401 0.026
4224.86690 17.460 0.027
4224.87624 17.516 0.025
4224.87907 17.518 0.025
4224.88198 17.528 0.025
4224.89350 17.585 0.025
4224.90463 17.613 0.032
4224.91573 17.647 0.032
4224.92582 17.675 0.031
4224.92877 17.665 0.032
4224.93165 17.646 0.034
4224.93464 17.689 0.037
4224.93731 17.683 0.040
4227.84608 18.048 0.033
4227.85365 18.074 0.038
4227.85748 18.099 0.041
4227.87452 18.130 0.040
4227.88697 18.170 0.047
4227.91069 18.231 0.044
4227.92031 18.243 0.049
4227.92898 18.177 0.049
4228.62646 17.659 0.041
4228.63472 17.714 0.038
4228.68594 17.836 0.032
4228.71727 17.913 0.029
4228.75741 17.960 0.034
4228.79369 17.974 0.032
4228.83544 17.959 0.041
4228.88015 17.998 0.040
4228.90557 18.044 0.045
4228.91952 17.970 0.045
4228.93093 18.077 0.044
4228.93383 18.072 0.043
4229.63499 17.611 0.031
4229.67962 17.707 0.032
4229.74178 17.819 0.028
4229.80924 17.948 0.031
4229.87657 17.982 0.034
4229.92715 18.057 0.033
4230.63240 17.421 0.027
4230.68932 17.586 0.022
4230.76230 17.805 0.022
4230.87737 17.972 0.037
4231.61575 17.984 0.037
4231.63166 17.600 0.023
4231.77588 17.743 0.025
4231.90008 17.927 0.038
4232.61690 18.188 0.051
4232.68373 17.482 0.029
4232.84474 17.631 0.036
4232.93389 17.842 0.040
4233.71743 17.839 0.039
4233.81901 17.580 0.026
4233.92541 17.763 0.038
4234.61098 17.963 0.042
4234.71719 18.102 0.038
4234.93152 17.691 0.031
4235.61953 17.933 0.038
4235.64519 18.014 0.035
4235.80644 18.071 0.031
4235.89887 17.550 0.022
4237.61072 17.876 0.040
4238.61573 17.692 0.038
4238.63114 17.697 0.036
4238.68155 17.815 0.035
4238.81931 17.967 0.034
4238.88354 17.972 0.045
4239.63789 17.663 0.031
4240.68525 17.671 0.028
4240.82533 17.947 0.032
4243.65106 18.133 0.042
4243.74377 17.491 0.022
4243.83752 17.769 0.027
4244.62339 18.016 0.041
4244.71965 18.055 0.034
4244.81246 17.566 0.023
4245.61649 18.037 0.034
4245.71041 18.108 0.033
4245.80622 17.466 0.021
4246.67478 17.994 0.032
4246.76766 18.108 0.036
4246.86099 17.455 0.022
4247.69003 17.920 0.034
4250.73818 17.873 0.032
4251.80976 17.838 0.048
4256.62587 17.927 0.043
4256.77191 18.102 0.043
4257.65753 17.892 0.041
4258.64076 17.899 0.037
4258.76325 18.055 0.034
4258.85737 18.181 0.046
4267.60137 17.985 0.033
4268.56459 17.862 0.036
4268.84745 18.019 0.037
4269.58377 17.831 0.027
4269.70432 17.967 0.031
4269.81308 18.035 0.026
4270.57732 17.708 0.033
4272.60568 17.543 0.021
4272.75483 17.870 0.027
4272.81404 17.914 0.031
4273.62279 17.387 0.024
4273.80343 17.844 0.035
4273.86459 17.866 0.047
4274.55545 18.058 0.046
4274.70919 17.537 0.025
4274.77032 17.658 0.026
4274.82873 17.866 0.037
4275.60788 18.086 0.039
4275.78325 17.617 0.028
4275.84433 17.792 0.039
4276.59266 17.909 0.038
4277.53647 17.909 0.045
4277.71337 18.104 0.037
4277.77206 17.851 0.038
4277.83310 17.434 0.031
4278.58134 17.899 0.041
4278.75750 18.006 0.043
4283.51589 18.165 0.048
4283.73620 17.819 0.034
4284.51082 17.998 0.039
4284.70140 17.624 0.025
4284.76374 17.715 0.026
4284.82858 17.876 0.037
4285.51393 18.021 0.045
4285.70668 17.438 0.023
4285.76847 17.630 0.024
4285.83380 17.773 0.034
4286.51362 18.007 0.039
4286.81855 17.710 0.042
4289.52143 17.816 0.032
4289.73997 18.020 0.038
4289.80508 18.179 0.040
4290.56772 17.743 0.033
4291.63034 17.858 0.026
4292.49600 17.393 0.018
4292.67518 17.844 0.026
4292.73378 17.958 0.026
4292.79229 18.017 0.033
4293.49631 18.049 0.036
4293.72094 17.852 0.026
4293.77973 17.939 0.029
4294.49549 18.191 0.039
4295.50260 18.048 0.037
4295.70065 17.612 0.020
4295.75924 17.712 0.023
4296.49965 18.008 0.038
4296.69618 17.402 0.018
4297.51920 17.975 0.037
4297.72083 17.535 0.018
4298.55408 17.979 0.033
4298.65980 18.011 0.034
4298.76568 17.597 0.027
4299.53709 17.930 0.026
4299.63056 18.001 0.029
4299.72230 18.109 0.032
4300.53278 17.768 0.026
4300.65284 17.951 0.029
4300.74837 18.030 0.031
4301.52366 17.712 0.024
4301.61939 17.874 0.028
4301.72092 17.985 0.027
4301.81079 18.069 0.034
4302.59663 17.724 0.025
4302.69681 17.900 0.031
4303.68264 17.787 0.034
4304.55675 17.419 0.026
4304.67489 17.686 0.035
4306.64074 17.529 0.027
4306.69645 17.549 0.026
4310.61994 17.980 0.043
4312.55219 17.802 0.034
4312.75064 17.973 0.037
4315.64319 17.594 0.031
4316.71636 17.656 0.028
4317.56446 18.124 0.032
4319.52171 17.952 0.036
4319.77654 17.473 0.025
4320.54851 17.898 0.028
4326.51577 18.213 0.035
4326.71293 17.724 0.029
4327.59458 17.774 0.033
4328.52138 17.978 0.037
4328.69941 17.402 0.022
4329.53094 17.937 0.036
4329.67883 18.018 0.037
4330.50224 17.940 0.032
4330.69553 18.051 0.036
4331.48238 17.826 0.035
4331.69125 17.944 0.039
4332.51217 17.744 0.024
4333.53326 17.687 0.029
4333.69438 17.930 0.039
4334.50664 17.509 0.047
4334.63487 17.729 0.061
4338.50649 18.014 0.041
4339.48382 18.017 0.040
4339.70026 17.383 0.024
4340.60410 18.079 0.038
4341.50712 17.814 0.040
4342.53631 17.912 0.032
4343.51515 17.799 0.023
4344.54338 17.610 0.033
4345.50857 17.563 0.021
4346.52128 17.392 0.021
4347.53599 17.678 0.025
4349.49762 17.971 0.033
4350.54427 18.062 0.032
4351.51016 17.974 0.031
4352.56068 17.882 0.039
4353.51404 17.858 0.028
4354.54276 17.828 0.026
4355.54571 17.697 0.025
4356.51077 17.534 0.023
4357.53985 17.409 0.027
4358.50289 18.107 0.044
4359.54041 18.174 0.039
4360.56978 18.091 0.043
4362.51496 17.968 0.040
4365.56579 17.746 0.038
4367.49905 17.405 0.022
4368.53545 17.378 0.025
4370.49951 17.995 0.036
4371.53794 18.074 0.034
4372.52367 18.027 0.029
4373.50986 17.839 0.035
4376.57458 17.612 0.035
4377.61179 17.805 0.039
4378.52237 17.461 0.023
4379.53740 17.374 0.026
4380.54890 18.134 0.039
4381.52760 17.962 0.043
4382.57014 17.900 0.044
4383.56068 18.066 0.040
4384.53486 17.803 0.036
4388.49799 17.471 0.029
4393.53468 18.049 0.037
4394.55002 18.017 0.040
4395.52146 17.750 0.035
4396.51345 17.650 0.037
4397.53776 17.784 0.033
4398.54267 17.683 0.033
4399.53538 17.460 0.033
4400.53744 17.382 0.032
4408.54369 17.601 0.036
4507.86818 17.985 0.042
4510.86450 17.888 0.033
4513.86562 17.539 0.021
4517.86475 17.951 0.049
4519.88571 18.005 0.032
4522.87963 17.785 0.032
4524.81545 17.493 0.026
4530.82308 17.938 0.026
4533.85894 17.678 0.028
4535.84170 17.381 0.024
4536.89938 17.401 0.020
4537.88501 18.137 0.029
4538.82012 18.027 0.035
4539.85817 18.006 0.032
4540.80438 17.973 0.029
4541.79708 17.854 0.025
4542.79177 17.756 0.031
4543.78731 17.648 0.023
4544.78420 17.420 0.024
4545.79051 17.525 0.023
4546.79763 18.148 0.038
4547.79160 18.014 0.032
4548.80256 18.091 0.042
4550.74561 17.927 0.037
4551.76880 17.806 0.028
4552.76478 17.778 0.051
4556.76088 18.182 0.037
4557.77809 18.125 0.037
4558.75503 18.060 0.029
4559.75295 18.017 0.029
4560.75308 17.944 0.027
4561.74314 17.858 0.027
4564.73329 17.540 0.021
4565.73137 17.407 0.017
4565.92227 17.827 0.023
4566.73085 18.191 0.034
4567.72389 18.138 0.032
4568.73243 18.044 0.032
4569.74153 18.053 0.037
4570.73215 17.969 0.035
4571.72682 17.880 0.035
4571.91537 18.108 0.032
4572.75431 17.842 0.026
4573.74269 17.747 0.028
4573.90905 18.003 0.026
4574.74508 17.627 0.026
4575.75416 17.537 0.022
4576.76067 17.433 0.020
4577.84238 17.519 0.025
4578.79340 18.138 0.048
4579.87032 17.677 0.037
4583.73713 17.826 0.028
4583.92992 18.021 0.035
4585.76084 17.553 0.029
4586.78604 17.589 0.029
4587.77378 17.423 0.022
4587.93231 17.787 0.036
4588.69625 18.051 0.038
4588.92710 17.695 0.024
4589.67916 17.977 0.033
4589.83455 17.701 0.026
4589.89658 17.463 0.022
4590.70193 18.010 0.032
4590.90659 17.431 0.020
4591.71043 17.939 0.031
4591.83587 18.127 0.035
4591.90243 18.153 0.035
4592.66906 17.894 0.034
4592.85831 17.985 0.035
4592.93667 18.141 0.047
4593.65819 17.732 0.026
4593.86790 18.013 0.031
4594.67921 17.671 0.025
4594.87425 17.964 0.031
4595.66872 17.502 0.022
4595.86316 17.872 0.028
4595.92500 18.013 0.033
4596.66395 17.523 0.024
4597.68837 18.054 0.033
4597.87989 17.802 0.027
4598.66466 18.103 0.027
4598.93338 17.773 0.029
4599.63716 17.999 0.036
4599.92771 17.590 0.027
4600.64641 18.025 0.027
4600.85513 17.658 0.022
4601.65198 17.958 0.027
4601.86823 18.195 0.031
4601.93009 17.441 0.020
4602.64461 17.860 0.025
4602.85403 18.102 0.029
4603.88713 18.105 0.034
4606.64588 17.446 0.022
4606.90096 17.968 0.037
4610.74205 18.163 0.036
4611.63136 17.928 0.034
4611.82221 18.161 0.035
4612.65274 17.922 0.031
4612.68400 17.936 0.031
4615.79448 17.931 0.033
4616.60350 17.412 0.022
4616.82002 17.885 0.029
4616.88998 18.026 0.037
4617.67523 17.426 0.020
4618.61526 18.138 0.037
4621.91663 17.580 0.020
4622.81368 18.109 0.037
4622.92925 17.395 0.029
4623.64823 17.823 0.034
4623.87279 18.180 0.047
4624.59278 17.701 0.033
4624.81690 18.073 0.034
4624.88327 18.026 0.034
4625.60687 17.530 0.027
4625.79722 17.961 0.035
4625.91464 18.041 0.042
4626.60536 17.471 0.024
4626.86586 18.024 0.035
4627.56583 18.114 0.039
4627.85512 17.947 0.026
4627.92238 18.004 0.031
4628.55309 18.078 0.036
4628.75937 17.622 0.024
4628.82481 17.760 0.027
4628.89472 17.857 0.031
4629.63051 18.151 0.031
4629.83313 17.697 0.024
4629.91115 17.864 0.033
4630.56646 17.976 0.034
4630.77227 17.398 0.018
4630.85565 17.656 0.025
4630.91842 17.708 0.029
4631.56784 17.991 0.027
4631.78357 17.949 0.025
4631.87027 17.579 0.024
4632.57163 17.896 0.029
4632.85838 17.454 0.021
4633.57160 17.841 0.028
4633.60406 17.918 0.028
4633.68311 17.991 0.028
4633.79886 18.105 0.036
4633.81655 18.142 0.035
4633.82604 18.181 0.036
4633.88732 17.773 0.034
4638.70762 17.607 0.026
4638.75667 17.699 0.028
4638.86687 17.886 0.040
4639.53524 18.032 0.036
4639.57919 18.083 0.040
4639.67699 17.451 0.020
4640.59870 18.034 0.033
4640.73086 17.473 0.019
4640.83590 17.673 0.034
4641.67270 18.082 0.033
4641.78265 17.426 0.021
4642.59663 17.968 0.031
4642.75915 18.123 0.035
4642.83422 17.426 0.022
4643.55439 17.827 0.032
4644.60177 17.745 0.031
4644.86349 18.195 0.038
4645.52485 17.535 0.029
4645.77331 17.994 0.033
4645.84802 18.049 0.042
4646.52286 17.479 0.020
4646.85525 18.007 0.036
4647.51925 17.879 0.036
4647.74229 17.828 0.033
4647.85331 17.973 0.041
4648.50239 18.117 0.039
4648.71887 17.709 0.026
4648.81991 17.880 0.033
4649.52851 17.971 0.038
4649.80734 17.773 0.028
4649.86359 17.893 0.035
4650.51447 17.935 0.039
4650.77839 17.612 0.023
4650.87211 17.870 0.035
4651.51784 17.949 0.046
4651.81296 17.552 0.026
4652.50887 17.935 0.034
4652.72200 18.218 0.035
4652.79687 17.384 0.020
4652.84661 17.550 0.031
4653.50521 17.791 0.038
4653.72438 18.000 0.033
4653.78961 18.047 0.046
4654.54402 17.816 0.028
4654.75549 17.990 0.033
4654.83706 18.202 0.055
4655.50509 17.657 0.031
4655.72955 17.996 0.027
4655.79134 18.019 0.036
4656.50700 17.481 0.018
4656.69679 17.910 0.031
4656.81601 17.949 0.036
4657.73315 17.843 0.035
4658.66550 17.662 0.024
4659.60482 17.426 0.027
4660.61782 18.110 0.040
4661.49505 17.967 0.041
4661.69573 17.518 0.027
4661.75723 17.528 0.029
4661.82445 17.730 0.034
4665.66253 18.006 0.044
4666.56798 17.766 0.028
4666.71103 17.927 0.036
4666.75322 17.991 0.040
4670.65266 17.471 0.022
4671.58820 18.223 0.033
4672.51369 18.003 0.026
4672.70613 17.713 0.024
4672.72842 17.433 0.021
4674.51678 17.860 0.034
4674.70989 18.086 0.035
4675.68463 18.041 0.033
4677.49339 17.536 0.021
4677.63979 17.802 0.028
4678.69678 17.873 0.026
4679.49902 18.034 0.046
4679.63577 17.564 0.027
4681.53480 18.077 0.035
4681.63479 17.395 0.020
4681.76702 17.744 0.026
4682.50580 18.010 0.031
4682.66313 17.742 0.024
4682.75832 17.619 0.022
4683.52431 18.008 0.041
4683.71125 17.784 0.032
4684.51682 17.945 0.031
4684.73055 18.164 0.034
4685.50183 17.813 0.034
4685.73679 18.135 0.038
4686.50554 17.767 0.025
4687.48930 17.630 0.025
4687.74484 18.005 0.042
4688.50224 17.552 0.024
4688.69207 17.927 0.029
4688.75386 18.021 0.038
4693.55003 18.057 0.046
4697.50573 17.698 0.025
4698.51122 17.645 0.021
4699.50738 17.507 0.022
4700.51366 17.456 0.019
4701.50895 18.126 0.037
4702.50748 18.067 0.036
4703.57800 18.162 0.035
4704.64773 18.134 0.037
4705.51109 17.944 0.028
4707.64146 18.023 0.029
4708.54436 17.654 0.029
4709.52046 17.534 0.028
4710.55006 17.553 0.022
4715.58940 17.951 0.038
4716.59182 17.997 0.053
4720.55897 17.711 0.028
4721.49143 17.382 0.028
4722.60381 17.567 0.026
4724.51288 17.967 0.039
4725.49167 17.953 0.040
4728.59773 17.825 0.036
4729.55322 17.781 0.038
4730.57189 17.702 0.025
4731.57649 17.588 0.026
4733.52815 17.873 0.031
4734.55751 18.145 0.043
4737.54843 18.013 0.036
4740.55896 17.798 0.033
4741.56664 17.769 0.028
4743.57228 17.480 0.024
4753.55244 17.608 0.029
4868.88455 17.416 0.024
4870.85555 18.050 0.043
4873.85726 17.918 0.034
4874.85174 17.866 0.036
4877.85157 17.594 0.022
4884.85910 17.913 0.028
4887.83120 17.602 0.021
4890.88717 17.547 0.020
4896.87541 17.841 0.024
4899.84634 17.429 0.020
4900.88774 17.429 0.018
4901.88614 17.792 0.025
4902.88483 18.203 0.033
4904.80896 17.958 0.031
4905.91295 17.984 0.044
4910.81490 17.603 0.024
4911.78546 18.084 0.026
4912.78241 18.067 0.026
4914.79944 17.998 0.028
4917.76047 17.720 0.022
4920.74039 18.169 0.029
4924.78141 17.994 0.028
4925.82136 18.027 0.028
4925.90842 18.023 0.025
4925.91983 18.053 0.033
4927.72109 17.688 0.032
4927.87553 17.932 0.037
4928.73755 17.542 0.024
4929.79382 17.595 0.022
4930.70831 18.076 0.037
4930.82726 17.501 0.024
4931.72315 18.254 0.050
4931.86880 17.562 0.024
4932.72618 17.998 0.034
4932.82687 17.834 0.024
4933.77452 18.045 0.042
4934.77294 17.938 0.048
4934.87774 18.026 0.044
4938.68351 17.496 0.023
4938.88815 17.895 0.032
4939.70243 17.361 0.022
4940.70242 17.595 0.023
4941.68119 18.124 0.035
4941.77917 17.409 0.019
4942.71898 18.044 0.031
4943.67301 18.040 0.029
4943.81250 18.092 0.032
4944.66980 17.929 0.028
4944.70803 17.984 0.028
4944.82528 18.166 0.033
4945.71828 17.975 0.027
4945.77474 17.952 0.025
4946.66793 17.835 0.025
4947.66163 17.723 0.021
4947.85986 18.002 0.031
4948.84217 17.909 0.024
4950.66985 17.661 0.022
4951.65030 18.190 0.038
4952.64856 18.021 0.032
4953.64219 17.957 0.031
4953.81674 17.643 0.022
4954.64373 17.925 0.033
4954.83660 18.126 0.033
4955.64442 17.881 0.035
4955.77778 18.047 0.033
