2171.87139 18.510 0.042
2183.83081 18.957 0.077
2184.83030 18.884 0.060
2191.80118 18.884 0.042
2200.81193 18.870 0.043
2206.74808 18.997 0.069
2223.73521 18.692 0.041
2226.71080 19.008 0.058
2228.75449 19.004 0.051
2230.66626 18.691 0.045
2232.68802 18.437 0.033
2234.68111 19.045 0.058
2238.62570 18.515 0.039
2240.76077 18.470 0.047
2242.76262 19.205 0.110
2244.81340 19.282 0.137
2249.68161 18.988 0.047
2251.83149 18.994 0.052
2253.67172 18.847 0.043
2256.67683 18.807 0.052
2259.66873 18.984 0.046
2262.67399 18.625 0.038
2269.73516 18.923 0.060
2273.63029 19.039 0.072
2277.69593 18.722 0.035
2279.71122 18.392 0.033
2281.70332 19.041 0.042
2283.72907 18.953 0.044
2288.71765 18.836 0.042
2290.75240 19.062 0.060
2292.72724 18.860 0.059
2294.69486 18.555 0.044
2296.71645 18.725 0.072
2298.67256 19.066 0.062
2300.68459 18.774 0.082
2302.66045 18.372 0.039
2316.53588 18.315 0.034
2322.57726 18.783 0.045
2325.58110 18.460 0.043
2331.52020 18.535 0.050
2337.54277 18.809 0.050
2345.50254 18.708 0.068
2350.50459 19.093 0.086
2365.52134 19.110 0.100
2519.89774 19.049 0.064
2526.87601 18.566 0.032
2541.87030 18.493 0.032
2544.79707 18.958 0.058
2551.79702 18.999 0.055
2554.88946 18.845 0.051
2558.89110 19.269 0.140
2563.77892 18.514 0.052
2571.83608 18.736 0.060
2577.77458 18.841 0.054
2580.80333 18.614 0.033
2588.84214 18.394 0.029
2594.71964 18.373 0.041
2599.75082 18.941 0.057
2607.71533 18.830 0.044
2617.70704 18.587 0.049
2620.67179 18.926 0.059
2622.81824 19.069 0.067
2624.81195 18.782 0.041
2628.59715 18.921 0.085
2631.59635 18.611 0.052
2634.57504 19.035 0.052
2637.61324 18.833 0.037
2640.65924 18.563 0.042
2642.65142 19.040 0.056
2644.64685 18.870 0.048
2646.63593 18.752 0.042
2650.60216 18.969 0.050
2652.61441 18.807 0.042
2654.72271 18.786 0.052
2657.66979 19.124 0.077
2659.74698 19.042 0.080
2661.74623 18.873 0.060
2663.67309 18.611 0.049
2665.71635 18.434 0.031
2667.64294 18.943 0.061
2671.61522 18.532 0.032
2673.61903 19.028 0.061
2675.61635 18.932 0.067
2677.61425 18.703 0.051
2679.67746 18.658 0.041
2681.66385 19.057 0.076
2685.61083 18.709 0.059
2690.56451 18.857 0.052
2694.55534 18.592 0.038
2699.54403 18.805 0.064
2705.52829 18.928 0.058
2711.55493 19.060 0.071
2732.48606 18.468 0.068
2872.85990 19.069 0.059
2883.87339 18.909 0.048
2886.84206 18.652 0.052
2892.83860 18.782 0.056
2896.81306 19.098 0.062
2905.89029 19.081 0.077
2910.80080 18.698 0.038
2915.80619 18.899 0.037
2921.80839 18.935 0.054
2925.75170 18.783 0.051
2929.77965 18.934 0.047
2932.86265 18.780 0.042
2939.74149 18.667 0.041
2942.71970 19.038 0.056
2946.74026 18.749 0.050
2949.72384 18.998 0.054
2952.71493 18.954 0.060
2955.77651 18.747 0.056
2957.70916 19.022 0.058
2960.73460 18.895 0.045
2960.83134 18.973 0.078
2963.71689 18.627 0.044
2966.68380 19.000 0.056
2968.84756 18.914 0.048
2972.68345 19.097 0.050
2975.65692 18.826 0.049
2977.72765 18.727 0.048
2979.77969 18.664 0.043
2983.68782 18.936 0.052
2986.67010 18.622 0.039
2988.63565 19.082 0.057
2990.76561 19.134 0.049
2994.74931 18.710 0.034
2996.62471 18.994 0.038
2998.60681 18.876 0.049
3000.62493 18.642 0.039
3002.60961 19.064 0.060
3004.61247 18.948 0.052
3006.66151 18.896 0.043
3008.61256 18.781 0.055
3010.63278 19.063 0.056
3012.72818 19.132 0.082
3016.64677 18.691 0.037
3018.63219 18.936 0.054
3020.67321 19.018 0.054
3022.73879 18.998 0.045
3024.68714 18.711 0.039
3026.65618 18.832 0.037
3028.66169 18.923 0.035
3030.69704 18.886 0.038
3033.61747 18.774 0.035
3035.62523 18.979 0.049
3038.60617 18.818 0.062
3041.53175 18.969 0.069
3043.56117 19.022 0.089
3045.60029 18.914 0.047
3047.55473 18.529 0.042
3049.55929 19.030 0.048
3051.55190 18.865 0.047
3053.54823 18.805 0.044
3055.54691 18.531 0.034
3057.54612 18.983 0.045
3059.54472 18.855 0.042
3061.53893 18.733 0.046
3064.56184 18.925 0.062
3067.54972 18.859 0.048
3069.53465 18.692 0.042
3072.53290 19.171 0.074
3075.53349 18.900 0.060
3077.61817 18.816 0.050
3081.60963 19.091 0.055
3084.51648 18.762 0.042
3086.55441 18.741 0.056
3089.54024 18.970 0.051
3092.52428 18.704 0.056
3098.52164 18.792 0.057
3101.49032 18.530 0.049
3103.48713 19.043 0.055
3109.48923 18.536 0.036
3113.47728 18.994 0.073
3123.51016 18.801 0.070
3133.48374 18.639 0.057
3230.88284 18.865 0.046
3238.86641 18.827 0.047
3246.89827 18.855 0.058
3254.88641 18.839 0.044
3262.86101 18.780 0.038
3268.78425 18.828 0.035
3272.89888 18.458 0.035
3275.89766 18.959 0.082
3280.89722 18.447 0.041
3283.83901 19.021 0.039
3289.75253 18.977 0.042
3294.75711 18.666 0.038
3296.70650 19.154 0.048
3298.78659 18.946 0.036
3303.74979 19.078 0.073
3306.75124 18.919 0.050
3308.76800 18.799 0.049
3310.80034 18.443 0.033
3314.72168 18.828 0.049
3321.64217 18.783 0.046
3325.70392 18.681 0.038
3329.73659 18.926 0.032
3334.63276 19.072 0.092
3338.68621 18.733 0.035
3349.66359 19.072 0.051
3355.70346 18.563 0.033
3359.62383 18.944 0.044
3366.68658 19.079 0.049
3377.64313 18.722 0.033
3379.75036 18.621 0.033
3386.65342 18.419 0.022
3390.76260 19.078 0.052
3398.63978 18.935 0.059
3400.61947 18.653 0.050
3403.62898 19.017 0.054
3406.56283 18.917 0.039
3406.61645 18.934 0.043
3410.58103 19.147 0.042
3415.60328 18.753 0.038
3429.58080 19.012 0.057
3434.57015 19.040 0.042
3444.50657 18.991 0.054
3450.54043 18.987 0.060
3570.92383 18.618 0.048
3591.91721 18.962 0.037
3608.90969 18.846 0.042
3615.90345 18.951 0.039
3628.90361 18.947 0.049
3633.77629 19.048 0.070
3638.80552 18.859 0.044
3641.77561 18.858 0.044
3646.83531 18.954 0.067
3653.77334 18.867 0.042
3656.82573 18.561 0.031
3661.76119 18.880 0.051
3665.76441 19.118 0.060
3671.73045 18.395 0.031
3674.85261 19.036 0.042
3683.76843 19.019 0.044
3686.81632 18.743 0.033
3689.73127 19.040 0.051
3692.65435 18.608 0.042
3695.71836 18.936 0.043
3698.67606 18.826 0.054
3700.71548 18.775 0.031
3702.80301 18.589 0.027
3705.70981 18.968 0.039
3707.68483 18.871 0.046
3712.84011 18.462 0.032
3715.83793 18.995 0.046
3718.63961 19.056 0.065
3721.62282 18.980 0.054
3725.68997 18.448 0.036
3727.63435 19.000 0.059
3731.66471 18.692 0.030
3736.64552 18.958 0.037
3739.64892 18.615 0.032
3741.66389 18.469 0.038
3745.59466 18.882 0.043
3749.59049 19.074 0.090
3751.69465 19.122 0.058
3754.55642 18.659 0.044
3756.72258 18.691 0.037
3758.64668 19.027 0.060
3761.69400 18.929 0.044
3764.67112 18.425 0.027
3769.66946 18.819 0.032
3772.63735 18.439 0.030
3775.60851 18.967 0.054
3778.60772 18.745 0.039
3781.62103 19.145 0.077
3785.59138 18.724 0.044
3790.56012 19.002 0.048
3797.53981 19.022 0.055
3804.53625 19.048 0.075
3817.50306 18.527 0.045
3935.93666 19.030 0.050
3960.88588 18.882 0.045
3973.91123 19.032 0.043
3979.89707 18.618 0.039
3987.84181 18.593 0.036
3994.89684 18.786 0.037
4001.80473 18.601 0.048
4004.77547 19.060 0.049
4007.70809 18.665 0.035
4009.78127 18.570 0.038
4014.75598 18.838 0.054
4016.81899 18.743 0.043
4021.85078 19.052 0.044
4025.86116 18.791 0.044
4028.77100 19.100 0.058
4030.84516 18.964 0.039
4037.74222 18.876 0.039
4040.73723 18.556 0.033
4042.75344 19.150 0.059
4045.85504 19.092 0.090
4048.71684 18.500 0.043
4051.65962 18.989 0.069
4053.75876 18.893 0.036
4055.70855 18.680 0.048
4057.68743 18.945 0.060
4060.62651 18.867 0.038
4065.64461 19.088 0.041
4067.61013 18.822 0.042
4069.59985 18.667 0.043
4072.63778 18.967 0.052
4077.66990 18.768 0.044
4080.65415 19.092 0.050
4084.68376 18.866 0.047
4092.76516 18.861 0.033
4100.82052 18.908 0.042
4107.66186 18.821 0.045
4117.62739 18.510 0.039
4121.62844 18.883 0.050
4123.69911 18.951 0.041
4126.60014 19.062 0.056
4129.68894 18.968 0.054
4146.54157 18.688 0.050
4153.54407 18.766 0.049
4164.52384 18.901 0.067
4176.53202 18.769 0.042
4192.50295 18.806 0.073
4316.93326 18.749 0.048
4345.85045 18.889 0.050
4350.80370 19.018 0.046
4355.82569 18.604 0.038
4362.75458 18.629 0.047
4365.76720 18.988 0.075
4369.76265 18.727 0.061
4373.73815 19.053 0.065
4376.77766 18.863 0.050
4379.78325 18.541 0.041
4383.78832 18.956 0.051
4392.72472 18.675 0.032
4397.76170 18.984 0.051
4402.83919 18.723 0.044
4406.78938 18.919 0.061
4409.86189 18.811 0.045
4416.81663 18.743 0.037
4420.83832 18.991 0.061
4425.83444 18.741 0.045
4428.85770 19.014 0.103
4431.71158 18.704 0.047
4435.73131 19.002 0.071
4439.75520 18.842 0.052
4441.83559 18.708 0.051
4444.67187 19.023 0.070
4450.68763 19.061 0.072
4453.67023 18.721 0.048
4456.67300 18.583 0.046
4458.65770 18.918 0.065
4463.67006 18.547 0.031
4466.65975 18.927 0.043
4469.64089 18.733 0.041
4473.59551 18.986 0.047
4477.68259 18.835 0.048
4479.66399 18.518 0.036
4483.66412 18.944 0.057
4486.66292 18.632 0.044
4489.68078 19.023 0.082
4493.64039 18.696 0.052
4498.59779 18.954 0.048
4500.70523 18.774 0.045
4502.64239 18.592 0.043
4507.59460 18.750 0.037
4509.58769 18.535 0.050
4515.55851 18.599 0.068
4520.55064 19.074 0.073
4523.56921 18.677 0.044
4525.57015 18.456 0.033
4531.53645 18.587 0.039
4534.50748 19.008 0.074
4538.57866 19.007 0.078
4540.52904 18.471 0.050
