2127.63943 16.217 0.007
2130.63876 16.182 0.006
2133.65626 16.151 0.007
2137.61011 16.135 0.006
2142.59382 16.015 0.006
2169.63924 16.124 0.007
2190.55585 16.227 0.007
2216.51809 16.037 0.007
2357.90083 16.292 0.007
2365.87632 16.317 0.007
2377.82695 16.141 0.007
2384.91019 16.007 0.006
2389.79030 16.024 0.006
2391.73220 16.069 0.008
2406.79544 16.284 0.007
2415.93685 16.325 0.008
2417.91524 16.008 0.007
2425.92598 16.029 0.007
2431.83082 16.248 0.007
2433.79450 15.965 0.006
2435.90089 16.203 0.007
2437.93251 16.240 0.009
2439.92977 16.015 0.007
2441.86661 16.128 0.006
2445.77442 16.246 0.007
2448.84212 16.249 0.008
2454.54287 16.039 0.006
2460.64606 16.041 0.007
2463.68685 16.048 0.006
2467.65140 16.160 0.007
2469.69289 16.263 0.007
2471.60227 16.036 0.006
2473.67110 16.104 0.006
2482.57295 16.051 0.007
2488.64273 16.096 0.007
2491.61936 16.304 0.007
2494.56371 16.215 0.007
2496.62369 16.027 0.006
2498.66719 16.105 0.006
2500.68993 16.237 0.007
2502.70745 16.076 0.007
2510.60530 16.159 0.007
2516.65823 16.280 0.007
2519.64158 16.225 0.007
2524.66933 16.118 0.007
2529.59682 16.047 0.006
2538.64204 16.320 0.008
2543.53799 16.306 0.007
2548.59396 15.994 0.007
2561.60024 16.171 0.008
2564.59397 16.110 0.007
2565.57918 16.081 0.007
2579.52706 16.303 0.010
2710.83004 16.242 0.007
2721.84366 16.191 0.007
2730.87082 16.230 0.007
2735.84654 16.300 0.007
2747.82848 16.151 0.007
2754.83912 16.073 0.006
2757.92299 15.990 0.007
2768.80330 16.284 0.007
2776.68144 16.264 0.009
2784.68499 16.266 0.007
2787.77666 16.170 0.007
2790.62988 16.166 0.006
2795.75768 16.093 0.006
2797.74010 16.041 0.005
2809.86816 15.959 0.006
2810.91145 16.317 0.008
2811.78390 16.038 0.007
2814.86319 16.064 0.007
2816.76964 16.128 0.007
2817.88096 16.053 0.007
2818.87830 16.294 0.007
2821.84481 16.243 0.007
2830.75599 16.111 0.008
2835.77815 16.180 0.007
2837.78509 16.291 0.009
2838.77789 16.163 0.007
2840.79903 16.277 0.008
2843.79380 16.224 0.006
2845.78049 16.156 0.007
2854.69688 16.153 0.007
2857.58939 16.048 0.006
2863.53642 16.063 0.007
2866.59337 16.056 0.007
2868.68799 16.133 0.007
2872.55024 16.287 0.007
2878.60419 16.244 0.006
2884.57441 16.142 0.007
2892.63685 16.225 0.008
2895.56938 16.177 0.007
2900.59847 16.251 0.007
2911.62589 16.275 0.007
2928.59022 16.194 0.008
