 542.89073 15.805 0.013
 570.82652 15.732 0.007
 571.75277 15.555 0.006
 572.83662 15.621 0.007
 574.83624 15.532 0.006
 575.81451 15.750 0.006
 578.75332 15.662 0.006
 583.74678 15.672 0.006
 599.82710 15.613 0.007
 606.68022 15.609 0.006
 615.69812 15.726 0.006
 616.67218 15.650 0.006
 623.82778 15.604 0.006
 632.74981 15.584 0.006
 633.76106 15.627 0.007
 635.73035 15.548 0.007
 643.60351 15.761 0.007
 645.69032 15.543 0.006
 653.64657 15.608 0.006
 656.64416 15.778 0.007
 657.68432 15.664 0.007
 663.60533 15.609 0.007
 665.71700 15.618 0.006
 666.72838 15.601 0.007
 671.60592 15.787 0.010
 684.56847 15.746 0.007
 687.54801 15.682 0.007
 689.55927 15.758 0.007
 698.56445 15.612 0.008
 706.56543 15.571 0.008
 715.57544 15.712 0.009
 727.50651 15.776 0.008
 747.51121 15.661 0.009
 887.85379 15.717 0.007
 895.83154 15.641 0.006
 898.84450 15.608 0.006
 930.89019 15.628 0.007
 937.87965 15.551 0.007
 940.84961 15.624 0.007
 950.67322 15.786 0.007
 962.76549 15.569 0.006
 964.81698 15.687 0.006
 966.71741 15.677 0.006
 971.89486 15.725 0.007
 985.70786 15.493 0.006
 989.76111 15.735 0.008
 991.73239 15.791 0.007
 995.80399 15.583 0.009
 995.81525 15.590 0.009
 997.67204 15.607 0.006
1005.68329 15.576 0.008
1021.58969 15.762 0.007
1026.65350 15.563 0.006
1036.66083 15.500 0.007
1040.69928 15.704 0.007
1046.65590 15.550 0.006
1047.64674 15.825 0.011
1048.60757 15.613 0.008
1049.66630 15.540 0.008
1051.62649 15.557 0.008
1054.68467 15.515 0.006
1060.57267 15.678 0.007
1064.65933 15.571 0.010
1065.63388 15.746 0.008
1069.61881 15.511 0.006
1074.64737 15.598 0.013
1077.57065 15.746 0.007
1087.61391 15.503 0.007
1089.62770 15.580 0.008
1091.57002 15.622 0.008
1107.56784 15.533 0.007
1114.56140 15.614 0.008
1240.89096 15.661 0.008
1253.85744 15.632 0.008
1255.89151 15.755 0.007
1259.89073 15.540 0.007
1262.85227 15.603 0.007
1266.80769 15.557 0.007
1268.85223 15.668 0.008
1280.74531 15.711 0.008
1288.89739 15.792 0.007
1290.90067 15.521 0.006
1295.68437 15.722 0.010
1297.77763 15.523 0.007
1299.69413 15.512 0.007
1305.91473 15.549 0.007
1308.69387 15.709 0.007
1312.91459 15.654 0.007
1315.87414 15.581 0.008
1316.87384 15.813 0.008
1319.74220 15.643 0.007
1320.86735 15.560 0.006
1332.73025 15.598 0.011
1335.78301 15.557 0.006
1336.69528 15.750 0.008
1338.81970 15.517 0.007
1339.62171 15.636 0.007
1340.70412 15.529 0.007
1341.85246 15.558 0.008
1342.75122 15.651 0.006
1345.77951 15.594 0.006
1346.78138 15.592 0.006
1347.62912 15.578 0.006
1347.85536 15.753 0.009
1348.68782 15.542 0.007
1349.64917 15.671 0.007
1350.66226 15.547 0.006
1352.80231 15.669 0.006
1353.69900 15.505 0.008
1354.74043 15.765 0.007
1360.79240 15.665 0.007
1365.65391 15.579 0.007
1366.72366 15.522 0.007
1367.74076 15.717 0.008
1368.73526 15.552 0.006
1369.67881 15.761 0.007
1374.78567 15.553 0.007
1375.70919 15.641 0.007
1376.59025 15.599 0.006
1394.69666 15.531 0.006
1395.79638 15.784 0.010
1397.78737 15.571 0.009
1398.74719 15.678 0.008
1399.74239 15.558 0.008
1402.74079 15.592 0.008
1408.61341 15.601 0.007
1415.65189 15.752 0.009
1416.65833 15.596 0.007
1418.73661 15.738 0.009
1431.67127 15.678 0.008
1437.53947 15.601 0.009
1442.52075 15.599 0.007
1447.51824 15.530 0.007
1450.49649 15.771 0.007
1461.57706 15.703 0.008
1472.54571 15.590 0.010
1606.85658 15.578 0.008
1610.89471 15.786 0.008
1616.88105 15.622 0.008
1617.83404 15.569 0.006
1624.83267 15.567 0.007
1627.85397 15.500 0.007
1643.85749 15.772 0.007
1645.82758 15.523 0.007
1646.91847 15.755 0.007
1652.90748 15.613 0.007
1654.76343 15.571 0.008
1661.81258 15.723 0.007
1662.88069 15.632 0.006
1666.74315 15.680 0.007
1667.85094 15.631 0.007
1669.72346 15.582 0.008
1675.86553 15.554 0.009
1675.92160 15.621 0.007
1681.77318 15.764 0.008
1682.87083 15.695 0.007
1687.80901 15.664 0.009
1692.70855 15.629 0.006
1693.81154 15.538 0.006
1695.73728 15.574 0.006
1699.60394 15.638 0.007
1701.68168 15.753 0.007
1703.66488 15.494 0.007
1705.77025 15.642 0.007
1709.76497 15.752 0.008
1717.79509 15.765 0.007
1726.71305 15.500 0.008
1728.76825 15.630 0.007
1729.83519 15.508 0.006
1730.84429 15.778 0.007
1731.79503 15.573 0.006
1732.81891 15.585 0.007
1743.81446 15.707 0.008
1746.64899 15.543 0.006
1748.69477 15.654 0.007
1749.61156 15.580 0.006
1750.64706 15.707 0.007
1751.56411 15.498 0.006
1752.72910 15.578 0.007
1754.71214 15.525 0.007
1755.72552 15.780 0.008
1756.62654 15.551 0.006
1757.75407 15.537 0.008
1758.67133 15.666 0.007
1759.60433 15.508 0.006
1761.65295 15.588 0.006
1763.68561 15.662 0.009
1764.68138 15.528 0.006
1765.66072 15.773 0.007
1773.69185 15.700 0.007
1784.71204 15.620 0.007
1786.65202 15.694 0.007
1787.68978 15.562 0.006
1789.65696 15.603 0.006
1802.59290 15.609 0.011
1804.52790 15.566 0.006
1809.56103 15.619 0.006
1812.51562 15.544 0.008
1814.62518 15.672 0.006
1817.54041 15.585 0.007
1819.61293 15.706 0.009
1826.59528 15.801 0.009
1829.57525 15.691 0.007
1830.54451 15.538 0.007
1834.55941 15.734 0.010
1844.55119 15.725 0.007
1845.55801 15.606 0.008
2127.52477 15.715 0.010
2130.55734 15.779 0.008
2133.56703 15.705 0.007
2136.68829 15.694 0.009
2141.67827 15.778 0.011
2172.56858 15.557 0.010
2189.55319 15.754 0.012
2214.53608 15.799 0.012
2337.86521 15.570 0.007
2352.88741 15.657 0.009
2361.88118 15.707 0.008
2373.83204 15.530 0.008
2464.80297 15.640 0.008
2816.69894 15.675 0.009
2852.65422 15.607 0.009
2859.66823 15.722 0.009
3059.88549 15.745 0.007
3068.84982 15.514 0.007
3071.90232 15.525 0.007
3074.79435 15.736 0.008
3077.80311 15.665 0.013
3080.85077 15.664 0.007
3083.79775 15.528 0.007
3085.90885 15.691 0.007
3087.84448 15.751 0.008
3089.86519 15.582 0.006
3091.86516 15.541 0.006
3097.84393 15.783 0.008
3099.86989 15.516 0.007
3101.84299 15.579 0.008
3102.87151 15.741 0.008
3104.78712 15.601 0.009
3107.79420 15.780 0.008
3108.82385 15.647 0.007
3110.91366 15.788 0.008
3112.87077 15.604 0.007
3114.86564 15.543 0.007
3116.85329 15.621 0.007
3122.86912 15.546 0.010
3125.92987 15.591 0.008
3126.82273 15.626 0.007
3127.90876 15.560 0.007
3128.89811 15.804 0.009
3130.77561 15.785 0.009
3134.91110 15.707 0.015
3135.79600 15.752 0.007
3137.84838 15.530 0.007
3138.73313 15.716 0.008
3140.70485 15.760 0.007
3140.93866 15.580 0.009
3141.76992 15.645 0.007
3142.84421 15.535 0.007
3144.86217 15.648 0.007
3146.93193 15.788 0.008
3151.83749 15.736 0.009
3152.83586 15.580 0.007
3153.83441 15.757 0.009
3153.84188 15.724 0.009
3153.86935 15.628 0.009
3153.89117 15.597 0.008
3153.91474 15.532 0.007
3153.93881 15.498 0.009
3154.65748 15.560 0.009
3154.72615 15.608 0.009
3154.77849 15.646 0.008
3154.87868 15.645 0.010
3154.91063 15.707 0.010
3154.93759 15.709 0.013
3156.57771 15.589 0.011
3156.73467 15.685 0.007
3156.80548 15.728 0.008
3156.92703 15.797 0.009
3157.76554 15.573 0.008
3157.94013 15.713 0.010
3158.60009 15.689 0.010
3158.70110 15.750 0.011
3161.61072 15.612 0.013
3161.65044 15.619 0.016
3162.57510 15.602 0.009
3162.63541 15.524 0.007
3162.87225 15.660 0.008
3163.60855 15.711 0.008
3163.83454 15.602 0.007
3164.60557 15.545 0.007
3164.82026 15.697 0.008
3165.63515 15.741 0.008
3165.67648 15.626 0.006
3166.65630 15.665 0.010
3167.60279 15.509 0.008
3167.68310 15.554 0.008
3168.57903 15.657 0.007
3168.83337 15.560 0.007
3169.53740 15.494 0.007
3169.86343 15.744 0.009
3170.58963 15.768 0.008
3170.65454 15.609 0.006
3170.89056 15.570 0.007
3171.52229 15.562 0.007
3171.71180 15.704 0.006
3172.53429 15.590 0.007
3173.74678 15.676 0.008
3173.82058 15.553 0.008
3173.85816 15.516 0.007
3174.78783 15.679 0.007
3174.86129 15.746 0.008
3174.90903 15.775 0.008
3175.54508 15.759 0.007
3175.77626 15.546 0.006
3175.78314 15.549 0.006
3175.78970 15.559 0.007
3175.79269 15.543 0.006
3175.79567 15.551 0.007
3175.79857 15.568 0.007
3175.80147 15.556 0.006
3175.80456 15.549 0.006
3175.81101 15.564 0.006
3175.83081 15.579 0.007
3175.84880 15.599 0.007
3175.86876 15.613 0.008
3175.89983 15.647 0.008
3175.91746 15.616 0.008
3176.52222 15.615 0.010
3176.57859 15.651 0.009
3176.63071 15.675 0.009
3177.63485 15.535 0.009
3177.70930 15.641 0.010
3177.80043 15.650 0.010
3177.84442 15.682 0.011
3178.53727 15.648 0.009
3178.59120 15.744 0.009
3178.68918 15.741 0.007
3178.76823 15.561 0.007
3179.51536 15.504 0.007
3179.56578 15.545 0.007
3179.58732 15.568 0.007
3179.71962 15.687 0.008
3179.80447 15.728 0.008
3179.88914 15.790 0.009
3180.49579 15.735 0.009
3180.61461 15.593 0.006
3180.70594 15.518 0.006
3180.78569 15.571 0.007
3180.80571 15.583 0.006
3180.89328 15.614 0.007
3182.50688 15.526 0.010
3182.60176 15.543 0.008
3182.67605 15.572 0.007
3182.79140 15.670 0.008
3182.86593 15.706 0.008
3183.57406 15.761 0.008
3183.72643 15.630 0.009
3183.83627 15.544 0.008
3184.49460 15.532 0.008
3184.63246 15.613 0.006
3184.78038 15.736 0.008
3185.51873 15.763 0.008
3185.63521 15.508 0.006
3185.87586 15.644 0.008
3193.63051 15.711 0.007
3194.53018 15.583 0.008
3194.82091 15.784 0.008
3195.75409 15.586 0.006
3196.60695 15.767 0.011
3196.84976 15.521 0.007
3197.52517 15.511 0.006
3197.79548 15.700 0.009
3201.84277 15.522 0.009
3202.78656 15.746 0.008
3203.61563 15.588 0.006
3204.76376 15.803 0.008
3205.69405 15.588 0.006
3210.59127 15.524 0.007
3211.75752 15.495 0.008
3217.73345 15.716 0.009
3218.74443 15.619 0.009
3226.72854 15.561 0.009
3228.69896 15.587 0.009
3229.72972 15.613 0.009
3230.74556 15.694 0.010
3231.67286 15.520 0.007
3238.69741 15.621 0.009
3240.54734 15.590 0.008
3245.65925 15.709 0.009
3247.52132 15.714 0.007
3249.64059 15.577 0.008
3251.53606 15.516 0.008
3254.61762 15.523 0.010
3257.55551 15.744 0.007
3265.58457 15.706 0.008
3267.61218 15.682 0.006
3273.51615 15.696 0.011
3277.53058 15.779 0.009
3280.53245 15.719 0.009
3289.53626 15.535 0.008
3294.53155 15.583 0.007
3296.53070 15.574 0.007
3302.52781 15.468 0.010
3418.87054 15.541 0.006
3424.85420 15.750 0.008
3427.85608 15.692 0.008
3430.83770 15.626 0.007
3436.88432 15.549 0.007
3443.85545 15.610 0.006
3445.88387 15.715 0.006
3448.79050 15.565 0.007
3450.80784 15.660 0.006
3453.85127 15.652 0.007
3458.88653 15.689 0.007
3459.90171 15.547 0.006
3468.88521 15.726 0.007
3469.88792 15.561 0.006
3472.87276 15.506 0.006
3474.80646 15.551 0.006
3476.78306 15.604 0.006
3478.87840 15.758 0.007
3480.89427 15.551 0.006
3483.82886 15.752 0.007
3496.93598 15.751 0.008
3497.90923 15.624 0.007
3500.91828 15.564 0.006
3502.90248 15.628 0.006
3503.88400 15.593 0.005
3506.94277 15.647 0.008
3508.92008 15.518 0.009
3509.90290 15.699 0.006
3511.92642 15.631 0.006
3512.91960 15.698 0.008
3520.67864 15.528 0.007
3521.80934 15.797 0.007
3522.87703 15.720 0.007
3524.86824 15.777 0.007
3527.73696 15.579 0.006
3528.89584 15.574 0.007
3530.87418 15.608 0.006
3530.90555 15.621 0.006
3538.86370 15.570 0.007
3541.89786 15.541 0.008
3544.89528 15.614 0.008
3547.86264 15.760 0.009
3550.83945 15.675 0.007
3551.85151 15.536 0.006
3552.84685 15.785 0.010
3554.85339 15.592 0.008
3556.85794 15.526 0.010
3558.63484 15.504 0.006
3559.64329 15.724 0.007
3560.71962 15.650 0.007
3561.64115 15.705 0.007
3562.67447 15.697 0.007
3563.73893 15.562 0.007
3569.66688 15.807 0.012
3573.79728 15.646 0.008
3574.76948 15.550 0.008
3575.71144 15.678 0.006
3576.77807 15.544 0.008
3579.70111 15.599 0.006
3581.75059 15.566 0.007
3582.69950 15.789 0.007
3583.71773 15.642 0.007
3584.72171 15.532 0.006
3585.72026 15.699 0.006
3586.77428 15.588 0.006
3590.76002 15.756 0.008
3591.74510 15.560 0.006
3592.71939 15.714 0.007
3603.73152 15.715 0.008
3608.70809 15.691 0.008
3615.66584 15.795 0.008
3617.62744 15.622 0.008
3619.62458 15.543 0.007
3621.66621 15.664 0.008
3629.55050 15.532 0.006
3631.57932 15.631 0.007
3634.53512 15.548 0.006
3644.61360 15.601 0.008
3649.58952 15.634 0.006
3652.56348 15.539 0.008
3656.55622 15.665 0.009
3660.56041 15.529 0.008
3665.54670 15.519 0.007
3671.49959 15.654 0.010
3778.85309 15.582 0.007
3783.89201 15.609 0.007
3786.87929 15.551 0.008
3792.89709 15.663 0.007
3794.89622 15.510 0.006
3796.88806 15.587 0.007
3797.88769 15.604 0.006
3800.86873 15.760 0.008
3802.81561 15.756 0.008
3803.84827 15.667 0.007
3804.89542 15.534 0.009
3806.90790 15.641 0.007
3808.89288 15.700 0.007
3810.80895 15.728 0.008
3812.79508 15.641 0.008
3814.78601 15.508 0.006
3818.85083 15.710 0.007
3819.91029 15.599 0.006
3820.90254 15.599 0.006
3821.91390 15.694 0.006
3823.91080 15.772 0.007
3824.92082 15.630 0.009
3825.91286 15.545 0.007
3826.91198 15.686 0.007
3827.91206 15.510 0.008
3829.92013 15.641 0.006
3830.88937 15.519 0.006
3832.92065 15.594 0.007
3833.91077 15.732 0.007
3834.82782 15.602 0.006
3835.88715 15.506 0.006
3836.88975 15.717 0.007
3837.86850 15.553 0.006
3838.87267 15.753 0.007
3839.89167 15.664 0.008
3840.87568 15.509 0.006
3841.85905 15.710 0.007
3842.77292 15.517 0.007
3845.86604 15.503 0.011
3846.86734 15.750 0.006
3847.91382 15.619 0.010
3848.88322 15.577 0.007
3849.91214 15.724 0.007
3850.83222 15.516 0.006
3851.83855 15.755 0.009
3852.83064 15.583 0.007
3853.81991 15.638 0.006
3856.80854 15.752 0.007
3860.86398 15.568 0.007
3861.87926 15.742 0.007
3862.82284 15.614 0.007
3863.80064 15.583 0.006
3864.82451 15.692 0.006
3865.78694 15.533 0.007
3866.75257 15.729 0.007
3867.76348 15.589 0.007
3868.75473 15.610 0.007
3869.73727 15.662 0.007
3873.73993 15.583 0.006
3874.78677 15.687 0.008
3875.77002 15.554 0.006
3877.72838 15.593 0.006
3880.79575 15.568 0.006
3881.80366 15.623 0.006
3882.73862 15.641 0.007
3883.79063 15.516 0.006
3886.75396 15.707 0.007
3887.73380 15.641 0.007
3889.89550 15.613 0.006
3891.62711 15.708 0.008
3892.76280 15.683 0.007
3893.79943 15.554 0.008
3894.83058 15.750 0.010
3896.78408 15.526 0.008
3900.67783 15.571 0.007
3901.68330 15.659 0.007
3902.70089 15.677 0.007
3903.84917 15.617 0.007
3904.68065 15.726 0.006
3905.69142 15.609 0.006
3906.66924 15.632 0.007
3907.73524 15.689 0.009
3908.67520 15.532 0.006
3909.67327 15.764 0.006
3912.67733 15.668 0.006
3913.67758 15.546 0.006
3914.73701 15.651 0.006
3915.67444 15.622 0.006
3916.75617 15.544 0.007
3917.77340 15.802 0.009
3918.77365 15.624 0.007
3919.70385 15.692 0.006
3920.65750 15.639 0.008
3921.66600 15.541 0.008
3930.72766 15.732 0.008
3931.64381 15.520 0.007
3932.60763 15.700 0.006
3933.65515 15.587 0.006
3934.62156 15.707 0.006
3934.83049 15.547 0.007
3935.60261 15.639 0.006
3936.58768 15.507 0.007
3937.66642 15.760 0.007
3938.63263 15.597 0.007
3940.77669 15.790 0.008
3944.74042 15.525 0.006
3945.66903 15.711 0.007
3946.65982 15.555 0.007
3950.67511 15.743 0.006
3951.69754 15.623 0.007
3959.64683 15.533 0.007
3960.63790 15.758 0.007
3963.64326 15.680 0.007
3964.68645 15.567 0.006
3965.65425 15.796 0.007
3966.64867 15.627 0.007
3967.67218 15.516 0.006
3968.63172 15.729 0.008
3969.64214 15.588 0.007
3970.64892 15.787 0.007
3971.68019 15.651 0.007
3974.64599 15.563 0.007
3975.63853 15.736 0.007
3976.63248 15.639 0.007
3987.62981 15.534 0.006
3989.58008 15.587 0.008
3991.58152 15.683 0.008
3995.52933 15.759 0.007
4001.59965 15.713 0.007
4002.63523 15.531 0.007
4003.58967 15.767 0.007
4011.57303 15.746 0.009
4016.54286 15.723 0.010
4017.57570 15.593 0.007
4019.58383 15.703 0.011
4023.56665 15.590 0.008
4025.51818 15.501 0.006
4027.52592 15.599 0.008
4030.51797 15.552 0.009
4153.83775 15.658 0.009
4155.87250 15.785 0.009
4158.83425 15.661 0.009
4162.88500 15.487 0.008
4165.86931 15.694 0.009
4167.86226 15.489 0.007
4169.86470 15.583 0.007
4174.87866 15.599 0.007
4176.85598 15.681 0.008
4177.91290 15.564 0.010
4179.80718 15.562 0.008
4180.87571 15.516 0.008
4182.78409 15.507 0.007
4183.82101 15.748 0.009
4185.79685 15.589 0.008
4190.89484 15.526 0.008
4192.89904 15.593 0.007
4193.91005 15.533 0.007
4196.88968 15.759 0.008
4202.90131 15.646 0.008
4203.88948 15.499 0.007
4204.89629 15.695 0.008
4205.88511 15.558 0.007
4207.91284 15.668 0.008
4208.91848 15.541 0.007
4213.89000 15.511 0.007
4216.84865 15.672 0.008
4217.87153 15.673 0.007
4218.91525 15.544 0.007
4220.90215 15.596 0.011
4222.86215 15.676 0.008
4228.86307 15.569 0.009
4229.82900 15.766 0.008
4230.80965 15.583 0.007
4231.85196 15.516 0.007
4232.87290 15.735 0.010
4234.81033 15.768 0.008
4234.84781 15.760 0.008
4235.83144 15.628 0.007
4237.64831 15.569 0.008
4238.83596 15.570 0.007
4240.63405 15.491 0.009
4243.88232 15.612 0.009
4244.89302 15.531 0.008
4245.93212 15.722 0.009
4246.93642 15.566 0.009
4250.92271 15.731 0.011
4256.82109 15.538 0.011
4257.70498 15.688 0.009
4258.80736 15.620 0.009
4268.58839 15.515 0.009
4269.72880 15.592 0.008
4272.65004 15.698 0.007
4273.69746 15.573 0.008
4274.68132 15.602 0.008
4275.73810 15.714 0.010
4277.57896 15.676 0.010
4278.71232 15.613 0.010
4283.65914 15.611 0.007
4284.64057 15.596 0.008
4285.64753 15.689 0.010
4286.74127 15.601 0.007
4289.69106 15.519 0.008
4291.58542 15.534 0.010
4292.62594 15.761 0.008
4293.65433 15.639 0.007
4294.69491 15.521 0.006
4295.65554 15.712 0.008
4296.63839 15.552 0.007
4297.56560 15.735 0.008
4298.79777 15.733 0.012
4299.76730 15.568 0.007
4300.70345 15.790 0.009
4301.56656 15.518 0.007
4302.80052 15.546 0.009
4306.55757 15.523 0.009
4311.60009 15.588 0.010
4312.66737 15.528 0.008
4317.65446 15.511 0.008
4319.66340 15.572 0.009
4326.67257 15.674 0.009
4327.70831 15.556 0.010
4328.64309 15.766 0.009
4329.63376 15.616 0.009
4330.64772 15.587 0.008
4331.64313 15.687 0.009
4332.69777 15.561 0.009
4333.64692 15.792 0.010
4334.66040 15.616 0.012
4338.68001 15.719 0.011
4339.64994 15.648 0.011
4340.71315 15.549 0.009
4341.69460 15.763 0.013
4342.69107 15.534 0.011
4343.66086 15.705 0.009
4345.66071 15.508 0.011
4346.66590 15.735 0.010
4347.68003 15.624 0.010
4349.65509 15.694 0.009
4350.67967 15.565 0.009
4351.65053 15.750 0.009
4354.65928 15.689 0.010
4357.59729 15.579 0.010
4359.57079 15.652 0.008
4365.61573 15.535 0.010
4368.61527 15.465 0.011
4370.57090 15.526 0.007
4372.60370 15.652 0.008
4377.56443 15.621 0.010
4381.60683 15.558 0.012
4517.89818 15.521 0.009
4520.89032 15.558 0.008
4523.87047 15.778 0.009
4525.86519 15.522 0.008
4532.89339 15.566 0.007
4535.85554 15.503 0.008
4537.80549 15.506 0.007
4539.81028 15.624 0.008
4541.84218 15.712 0.007
4543.83189 15.668 0.007
4544.82873 15.656 0.007
4545.84633 15.529 0.007
4547.82011 15.583 0.007
4550.81909 15.517 0.008
4552.80920 15.602 0.010
4556.90096 15.608 0.007
4558.89600 15.515 0.006
4559.89104 15.741 0.008
4560.89119 15.584 0.007
4561.88026 15.605 0.006
4564.88440 15.747 0.007
4565.87402 15.591 0.006
4566.87524 15.572 0.006
4567.88082 15.671 0.007
4568.91301 15.562 0.006
4569.89907 15.773 0.008
4570.90466 15.637 0.007
4571.86626 15.526 0.006
4572.90486 15.707 0.008
4573.87989 15.541 0.006
4574.88840 15.776 0.008
4575.89968 15.639 0.007
4583.86990 15.582 0.007
4585.85363 15.658 0.007
4586.87241 15.529 0.007
4587.88430 15.793 0.010
4588.77454 15.541 0.007
4589.74387 15.767 0.008
4590.82352 15.661 0.007
4591.73636 15.576 0.007
4592.80988 15.725 0.008
4593.79537 15.577 0.007
4594.82369 15.594 0.007
4595.81451 15.659 0.007
4596.77013 15.506 0.006
4596.92973 15.598 0.007
4597.75360 15.702 0.007
4597.83202 15.769 0.008
4598.65026 15.480 0.006
4598.80152 15.594 0.006
4599.78073 15.660 0.007
4600.80314 15.674 0.006
4601.79171 15.526 0.006
4602.79535 15.753 0.006
4606.85721 15.561 0.007
4611.77278 15.535 0.009
4616.76493 15.551 0.006
4618.66936 15.557 0.007
4622.74812 15.790 0.008
4623.82114 15.706 0.009
4624.75992 15.505 0.008
4625.74351 15.714 0.009
4626.80495 15.612 0.009
4627.72218 15.765 0.007
4628.71101 15.636 0.007
4629.78053 15.534 0.007
4630.71973 15.711 0.007
4631.73556 15.572 0.006
4632.76938 15.570 0.007
4633.90481 15.805 0.010
4639.85755 15.643 0.012
4641.89964 15.747 0.011
4642.54539 15.701 0.008
4643.70246 15.688 0.009
4644.79197 15.580 0.008
4645.70457 15.780 0.010
4646.67151 15.575 0.007
4647.69349 15.571 0.008
4649.67798 15.529 0.007
4650.71611 15.783 0.009
4651.71666 15.640 0.008
4652.64922 15.593 0.008
4653.66304 15.668 0.007
4654.68150 15.547 0.008
4655.68216 15.768 0.007
4656.64855 15.616 0.008
4661.63824 15.608 0.007
4666.50944 15.537 0.007
4670.74100 15.544 0.010
4671.69452 15.701 0.008
4672.65433 15.519 0.008
4674.68231 15.611 0.008
4677.72642 15.588 0.009
4681.71037 15.772 0.010
4682.70798 15.595 0.007
4683.66402 15.797 0.010
4684.68279 15.673 0.008
4684.77595 15.707 0.009
4685.70857 15.522 0.007
4687.69683 15.629 0.009
4688.64274 15.777 0.009
4697.65160 15.634 0.010
4700.66495 15.547 0.008
4701.64828 15.822 0.011
4702.66274 15.671 0.010
4708.68434 15.531 0.008
4715.64542 15.600 0.010
4720.65110 15.634 0.013
4721.65889 15.637 0.010
4722.64912 15.714 0.009
4725.62202 15.609 0.009
4726.65023 15.525 0.010
4733.61132 15.547 0.009
4739.50404 15.724 0.009
4750.55338 15.649 0.010
4757.56025 15.732 0.008
4763.53657 15.611 0.008
4877.87659 15.545 0.006
4883.89048 15.633 0.010
4886.85719 15.747 0.008
4894.88069 15.703 0.011
4898.89832 15.489 0.007
4900.85945 15.550 0.007
4902.83666 15.627 0.007
4903.89934 15.514 0.007
4904.86482 15.710 0.008
4911.90004 15.529 0.006
4913.91349 15.539 0.007
4924.90796 15.636 0.007
4926.76933 15.625 0.007
4928.81470 15.535 0.007
4930.75018 15.582 0.007
4931.89231 15.542 0.007
4932.80015 15.691 0.007
4933.74775 15.503 0.007
4934.84605 15.656 0.007
4938.85451 15.598 0.008
4940.79926 15.665 0.008
4941.85104 15.536 0.008
4942.87710 15.803 0.008
4943.73368 15.536 0.006
4944.79855 15.617 0.007
4949.81303 15.539 0.007
4951.83800 15.545 0.008
4953.74254 15.584 0.007
