 726.80786 18.839 0.072
 728.87116 18.763 0.070
 729.85406 18.794 0.081
 739.83875 18.826 0.115
 742.85103 18.667 0.084
 744.82390 18.688 0.078
 745.83345 19.006 0.088
 746.87151 18.786 0.078
 747.69090 18.835 0.074
 748.66828 18.791 0.081
 750.74858 18.859 0.080
 751.77906 18.629 0.077
 752.84047 18.808 0.081
 754.84875 18.531 0.087
 755.75259 18.866 0.097
 759.74916 18.964 0.084
 760.80366 18.804 0.077
 762.82440 18.892 0.099
 769.83679 18.987 0.105
 773.82420 18.713 0.074
 776.85020 18.736 0.087
 779.79113 18.904 0.082
 781.80766 18.885 0.095
 783.81608 18.720 0.057
 788.81859 18.957 0.080
 790.83332 18.699 0.058
 816.84098 18.718 0.068
 817.78345 19.032 0.101
 824.73083 18.897 0.104
 826.72750 18.794 0.091
 827.67356 18.825 0.071
 828.73297 18.526 0.058
 829.79751 19.077 0.121
 831.62257 18.960 0.098
 832.74546 18.817 0.081
 833.67826 18.780 0.057
 834.73129 18.949 0.108
 835.69847 18.660 0.060
 836.66726 18.865 0.084
 837.64881 18.700 0.053
 839.64745 18.820 0.075
 840.76786 18.705 0.070
 842.67995 18.725 0.077
 845.65276 18.831 0.056
 850.72380 18.643 0.077
 854.76125 18.731 0.131
 856.65321 18.849 0.116
 859.74125 18.667 0.082
 860.68241 18.965 0.122
 865.55012 18.835 0.128
 867.60555 18.959 0.095
 874.71711 18.731 0.065
 876.58625 18.871 0.070
 876.68644 18.581 0.057
 880.60992 18.732 0.077
 885.61659 18.692 0.155
 887.65491 18.697 0.108
 890.67851 18.733 0.109
 892.57204 18.715 0.085
 895.61541 18.547 0.072
 898.59308 19.161 0.084
 922.51265 18.856 0.095
 928.57456 18.579 0.131
 933.53680 18.648 0.070
 951.49476 18.866 0.085
1041.90898 18.912 0.075
1079.82740 18.821 0.092
1080.87164 18.842 0.070
1081.82102 18.705 0.072
1083.88927 18.633 0.067
1084.80290 18.924 0.081
1086.82319 18.774 0.067
1089.78624 18.931 0.088
1090.80804 18.714 0.092
1091.86619 18.767 0.095
1092.86455 18.886 0.092
1102.87016 18.810 0.063
1107.85317 18.822 0.081
1109.80287 18.701 0.087
1113.86632 18.918 0.082
1116.81055 18.870 0.058
1126.71229 18.671 0.071
1129.81103 18.625 0.064
1131.81571 18.596 0.092
1132.80755 18.905 0.080
1134.82062 18.827 0.070
1142.75795 18.828 0.064
1151.85258 18.775 0.092
1153.72419 18.804 0.075
1155.67988 18.760 0.099
1157.74047 18.699 0.119
1159.74548 18.835 0.080
1161.81053 18.871 0.065
1163.80720 18.964 0.099
1165.80736 18.760 0.081
1167.74207 18.740 0.087
1168.75309 18.963 0.109
1171.72092 18.777 0.068
1174.84875 18.808 0.064
1178.76671 18.933 0.087
1181.73226 18.822 0.091
1183.76581 18.810 0.078
1185.81474 18.852 0.072
1187.76798 18.924 0.091
1189.75637 18.669 0.063
1191.82125 18.727 0.058
1192.85200 18.855 0.070
1194.67151 19.052 0.094
1196.68841 18.756 0.087
1202.69378 18.837 0.091
1204.67391 18.931 0.115
1207.68668 18.861 0.101
1211.67900 18.889 0.101
1213.71325 18.738 0.089
1214.72117 18.802 0.102
1215.54726 19.039 0.094
1216.61533 18.860 0.077
1217.68292 18.697 0.078
1221.59083 18.836 0.089
1224.56061 18.680 0.080
1226.56890 18.712 0.068
1235.56674 18.839 0.089
1237.55065 18.876 0.176
1238.65264 18.762 0.115
1241.55285 18.713 0.097
1245.53854 18.792 0.099
1254.54911 18.855 0.102
1255.58211 18.696 0.112
1260.59979 18.684 0.089
1275.53048 19.033 0.138
1278.51311 18.846 0.106
1281.52117 18.821 0.118
1290.49089 18.856 0.131
1305.50630 18.825 0.104
1315.49650 18.632 0.122
1318.47920 18.922 0.136
1431.82714 18.835 0.082
1433.82372 18.966 0.101
1435.87162 18.950 0.097
1437.86431 18.791 0.081
1440.90330 19.053 0.123
1443.79462 18.769 0.114
1448.85912 18.807 0.123
1453.78104 18.697 0.145
1458.76326 18.603 0.102
1459.88485 18.924 0.106
1460.76547 18.722 0.091
1461.73122 18.887 0.104
1471.74164 18.999 0.099
1475.83609 18.658 0.072
1478.76080 18.902 0.092
1481.82302 18.943 0.104
1484.82733 18.737 0.067
1487.82011 18.672 0.074
1491.75884 18.703 0.088
1493.70080 18.832 0.092
1495.74421 18.876 0.080
1498.66537 18.646 0.089
1500.80589 18.964 0.072
1503.69620 18.789 0.123
1505.80304 18.870 0.095
1507.69906 18.794 0.106
1508.81566 18.843 0.082
1509.67721 19.004 0.094
1510.64268 18.749 0.068
1511.72534 18.714 0.078
1512.75937 18.906 0.105
1514.77383 18.942 0.106
1516.81963 18.588 0.064
1518.69149 18.706 0.070
1520.71680 18.676 0.074
1522.71748 18.790 0.085
1523.71765 18.666 0.098
1525.69358 18.727 0.077
1527.75893 18.797 0.070
1528.68488 18.982 0.081
1529.81032 18.861 0.089
1531.70225 18.883 0.081
1538.65938 18.935 0.085
1541.61523 18.758 0.063
1542.76957 18.737 0.078
1544.67188 18.785 0.072
1546.69655 18.660 0.098
1547.69821 18.687 0.056
1548.67533 18.861 0.084
1551.70469 18.760 0.057
1552.63763 18.884 0.089
1553.66133 18.742 0.064
1554.63995 18.682 0.064
1555.66441 18.850 0.091
1556.63856 18.705 0.087
1560.63027 18.828 0.105
1564.54940 18.864 0.146
1568.62609 18.606 0.082
1571.63575 18.896 0.078
1575.65015 18.733 0.091
1578.69046 18.545 0.084
1580.70125 18.752 0.074
1582.63576 18.734 0.081
1585.62654 18.608 0.068
1588.62980 19.031 0.128
1591.59365 18.816 0.156
1595.58689 18.983 0.128
1599.65286 18.717 0.071
1600.61976 18.832 0.128
1601.61290 18.785 0.125
1604.61093 18.812 0.088
1606.56793 18.759 0.085
1609.52414 18.727 0.109
1610.53907 18.949 0.145
1611.59916 18.771 0.101
1613.57954 18.727 0.078
1614.65063 18.654 0.099
1616.50824 18.793 0.072
1618.65746 18.870 0.108
1619.54750 18.966 0.132
1621.54363 18.722 0.104
1623.64079 18.693 0.106
1625.62184 18.787 0.101
1627.59211 18.813 0.142
1628.53204 18.753 0.104
1630.50368 18.646 0.114
1631.50148 18.878 0.092
1633.61693 18.648 0.078
1635.49993 18.635 0.097
1643.57590 19.028 0.182
1645.50901 18.736 0.143
1653.49434 18.897 0.138
1655.53827 18.978 0.135
1657.54773 18.739 0.111
1660.52258 18.874 0.121
1662.52992 18.894 0.108
1664.55301 18.573 0.089
1669.52292 18.775 0.123
1672.49562 18.873 0.118
1687.49327 18.973 0.196
1695.47860 18.633 0.099
1766.87136 18.684 0.106
1768.85701 18.758 0.108
1773.91534 18.710 0.074
1782.84656 18.813 0.089
1788.85500 18.663 0.074
1804.85023 18.733 0.087
1811.87079 18.780 0.065
1815.84697 18.866 0.084
1822.72867 18.889 0.091
1829.87792 18.720 0.089
1844.78577 18.862 0.072
1850.76715 18.637 0.080
1854.82417 18.881 0.070
1858.77128 19.040 0.136
1860.81362 18.794 0.089
1863.78675 18.918 0.091
1866.73744 18.766 0.074
1868.71854 18.818 0.065
1870.83957 19.010 0.128
1872.85540 18.740 0.111
1874.76035 18.694 0.063
2166.89956 19.043 0.057
2173.81998 18.948 0.054
2189.89136 18.792 0.056
2192.79375 19.057 0.046
2201.80654 18.665 0.030
2212.83820 18.884 0.047
2223.84281 18.645 0.043
2226.82280 18.787 0.050
2228.85981 18.791 0.048
2230.77333 18.652 0.043
2232.79308 18.707 0.047
2234.78727 18.785 0.039
2238.75098 18.897 0.048
2241.63430 18.656 0.047
2243.69273 18.824 0.056
2248.76063 18.812 0.041
2251.72256 18.709 0.037
2253.80666 18.805 0.043
2255.68162 18.866 0.053
2261.70187 18.623 0.037
2264.78294 18.942 0.041
2269.81635 19.007 0.054
2271.76374 18.742 0.033
2273.84879 18.743 0.050
2274.63345 18.906 0.065
2276.74058 18.980 0.057
2278.63909 19.044 0.058
2280.63730 18.651 0.039
2282.64586 18.669 0.041
2284.63712 18.729 0.050
2289.77951 18.778 0.044
2291.78759 18.953 0.067
2293.75335 18.952 0.065
2295.77527 18.762 0.039
2297.76860 18.720 0.044
2299.80916 18.704 0.054
2301.70327 18.709 0.053
2303.69947 18.828 0.075
2321.65014 18.769 0.046
2327.52864 18.686 0.046
2332.56153 18.805 0.072
2333.52559 18.976 0.081
2339.51379 18.753 0.051
2347.50846 18.789 0.060
2402.50247 18.746 0.070
2524.89819 18.807 0.054
2537.89815 18.761 0.063
2542.86048 18.774 0.046
2552.80779 18.643 0.046
2556.80103 18.841 0.046
2559.84920 18.755 0.046
2563.89447 18.837 0.105
2564.81717 18.680 0.048
2573.81877 18.725 0.051
2578.74295 18.694 0.054
2583.77842 18.732 0.051
2589.82139 18.839 0.041
2596.70963 19.020 0.082
2605.71088 18.870 0.048
2609.70163 18.667 0.051
2614.63639 18.703 0.041
2618.69412 18.785 0.047
2620.82200 18.956 0.046
2623.79288 18.877 0.046
2627.65745 18.940 0.087
2629.68099 18.838 0.057
2631.70096 18.724 0.058
2634.72923 18.929 0.054
2635.60118 18.743 0.040
2637.80023 18.931 0.067
2639.62614 18.838 0.034
2641.69181 18.849 0.050
2643.70058 18.491 0.037
2645.68981 18.697 0.034
2647.64754 18.739 0.043
2650.86314 18.845 0.048
2651.60211 18.770 0.056
2653.62912 19.022 0.064
2655.74240 18.674 0.046
2657.59509 18.673 0.043
2659.61008 18.692 0.050
2661.82808 18.902 0.070
2663.84215 18.772 0.072
2665.84805 18.700 0.064
2668.59704 18.798 0.063
2670.60218 18.860 0.060
2672.58876 18.959 0.071
2674.61015 18.632 0.041
2676.59663 18.711 0.047
2678.66939 18.938 0.071
2680.59512 18.798 0.041
2682.64410 18.977 0.070
2686.63864 18.692 0.054
2695.62102 18.712 0.050
2700.57515 18.724 0.048
2706.59396 19.038 0.080
2713.55904 19.081 0.088
2840.93682 18.808 0.063
2868.87654 18.962 0.058
2885.84151 18.888 0.041
2892.87107 18.984 0.075
2897.84039 18.875 0.061
2903.88620 18.729 0.034
2906.88933 18.727 0.039
2911.76914 18.863 0.041
2916.81318 18.834 0.039
2922.80307 18.782 0.060
2925.89160 18.746 0.089
2930.80421 18.929 0.048
2933.84857 18.896 0.041
2939.85686 18.643 0.046
2942.80646 18.904 0.046
2944.85089 18.700 0.051
2946.85280 18.771 0.044
2949.76744 18.928 0.057
2952.84332 18.988 0.057
2956.68254 18.992 0.051
2958.70925 18.644 0.040
2962.72012 18.755 0.041
2965.73920 18.718 0.032
2967.83876 18.828 0.037
2970.80410 18.750 0.033
2974.74194 18.779 0.044
2976.77661 18.973 0.048
2978.75671 18.874 0.058
2980.69677 18.882 0.047
2982.65616 18.669 0.043
2984.70675 18.733 0.041
2986.79003 18.875 0.054
2988.75408 18.843 0.048
2990.62624 18.821 0.044
2992.77684 18.673 0.036
2994.62311 18.783 0.044
2995.63267 18.842 0.033
2997.64165 18.926 0.040
2999.76136 18.577 0.039
3001.73316 18.651 0.037
3003.70670 18.733 0.037
3005.69746 18.795 0.046
3007.71188 18.906 0.047
3009.70994 19.006 0.048
3011.67926 18.677 0.048
3013.68248 18.672 0.040
3017.69291 18.869 0.056
3019.62047 18.817 0.043
3021.73963 18.782 0.036
3023.60160 18.958 0.040
3024.80263 18.932 0.040
3026.79893 18.797 0.034
3028.81091 18.773 0.040
3031.67288 18.914 0.039
3033.73681 18.886 0.036
3035.74317 18.706 0.039
3038.72155 18.877 0.054
3041.58973 18.717 0.058
3043.62513 18.783 0.060
3045.65881 18.870 0.053
3047.61289 18.864 0.051
3049.61850 18.611 0.029
3051.58578 18.718 0.041
3053.58090 18.680 0.040
3055.58005 18.808 0.046
3057.60487 18.963 0.051
3060.62738 18.871 0.047
3064.63170 19.051 0.068
3067.68869 18.950 0.056
3070.53704 18.760 0.056
3073.60455 18.720 0.068
3075.65295 18.758 0.051
3078.57307 18.790 0.061
3082.56244 18.625 0.046
3084.63936 18.821 0.041
3087.60102 18.649 0.039
3090.56480 18.758 0.051
3102.53126 18.902 0.061
3105.56506 18.928 0.063
3108.54352 18.827 0.047
3112.51488 18.900 0.064
3116.50217 18.795 0.053
3126.50789 18.995 0.063
3146.47041 19.062 0.077
3241.89543 19.015 0.063
3256.90680 18.775 0.044
3263.88165 18.838 0.033
3268.89723 18.831 0.043
3273.87249 18.732 0.043
3277.86169 18.813 0.043
3281.85180 18.805 0.033
3287.71335 18.719 0.036
3289.86552 18.831 0.041
3294.86098 18.764 0.033
3296.86873 18.857 0.046
3301.71972 18.778 0.047
3304.78236 18.771 0.044
3306.86337 18.832 0.050
3311.69048 18.735 0.040
3320.73326 18.801 0.037
3327.70228 18.937 0.047
3329.85289 18.703 0.036
3334.75886 18.887 0.058
3338.80898 18.682 0.033
3350.64080 18.941 0.040
3354.64096 18.594 0.050
3358.69444 18.890 0.034
3361.79990 18.891 0.043
3363.74966 19.005 0.056
3367.70345 18.735 0.051
3372.72188 18.949 0.041
3378.63462 18.695 0.041
3391.70218 18.708 0.043
3395.69360 18.814 0.056
3399.66970 18.837 0.044
3402.68655 18.744 0.037
3404.61712 18.769 0.044
3408.56773 18.971 0.044
3412.61316 18.638 0.040
3416.59656 18.777 0.041
3424.59964 18.675 0.048
3437.51229 18.789 0.044
3445.51702 18.711 0.047
3453.53876 19.041 0.068
3462.51404 18.676 0.047
3589.92743 18.863 0.037
3629.85249 18.656 0.043
3634.81785 18.629 0.033
3639.87075 18.581 0.030
3641.86165 18.808 0.047
3650.85697 18.797 0.032
3653.88483 18.764 0.044
3657.83807 18.907 0.043
3661.82193 18.991 0.061
3671.85100 18.922 0.043
3675.83358 18.720 0.034
3683.85468 18.962 0.046
3687.74740 18.906 0.040
3689.84788 18.700 0.037
3692.77174 18.859 0.044
3694.78665 18.730 0.039
3696.72911 18.655 0.032
3699.73167 18.941 0.034
3701.78467 18.588 0.030
3704.69173 18.775 0.037
3706.82053 18.734 0.040
3711.69418 18.976 0.047
3713.70793 18.679 0.039
3716.80707 18.830 0.034
3719.78797 18.797 0.060
3725.77965 18.752 0.043
3730.64976 18.999 0.036
3732.67426 18.653 0.029
3734.77223 18.768 0.033
3736.78863 18.831 0.040
3737.67718 18.716 0.033
3739.77619 18.750 0.032
3742.59918 18.980 0.057
3745.71066 18.893 0.041
3749.62305 18.885 0.074
3751.72719 18.669 0.040
3753.59883 18.678 0.041
3755.63638 18.803 0.054
3757.66982 18.974 0.054
3759.73347 18.837 0.039
3762.72180 18.929 0.058
3765.74033 18.752 0.032
3770.58185 18.630 0.039
3773.58921 19.082 0.058
3776.58825 18.754 0.041
3779.57829 18.838 0.056
3782.62802 18.800 0.041
3787.55289 18.775 0.043
3791.60009 18.836 0.043
3799.52460 18.722 0.056
3821.50264 18.951 0.046
3945.92731 18.992 0.043
3963.92344 18.820 0.051
3969.85388 18.790 0.044
3975.90392 18.688 0.037
3981.83314 18.951 0.058
3995.88353 18.815 0.047
4001.83662 18.704 0.037
4005.81447 18.987 0.040
4007.81852 18.985 0.046
4011.81867 18.712 0.050
4018.81020 18.688 0.037
4023.84229 18.825 0.041
4026.74864 18.930 0.044
4040.84855 18.629 0.043
4042.86429 18.713 0.041
4048.82882 19.139 0.068
4052.67097 18.779 0.037
4056.71550 18.803 0.047
4058.65356 18.868 0.048
4063.64759 18.736 0.037
4066.64538 18.676 0.036
4069.71101 18.811 0.041
4071.63962 18.656 0.043
4076.71188 18.701 0.046
4079.72459 18.922 0.060
4083.64150 18.686 0.048
4085.70678 18.756 0.047
4092.82410 18.922 0.048
4112.69561 18.785 0.033
4117.68446 18.975 0.057
4121.66051 18.707 0.047
4124.74335 18.712 0.036
4129.75593 18.630 0.043
4142.61494 18.780 0.046
4150.60341 18.619 0.032
4155.51674 18.971 0.053
4166.54560 18.780 0.063
4196.49509 18.875 0.060
4341.87111 18.604 0.048
4347.82102 18.736 0.051
4351.86695 18.939 0.058
4357.87887 18.846 0.060
4363.80351 18.976 0.070
4366.85409 18.863 0.057
4369.89463 18.770 0.048
4372.79756 18.634 0.041
4376.88794 18.910 0.068
4379.89436 18.655 0.058
4386.75550 18.675 0.037
4393.76644 18.683 0.039
4398.84267 18.808 0.044
4403.84909 18.710 0.057
4411.77803 18.948 0.044
4411.83973 18.981 0.054
4418.72885 18.962 0.040
4422.82544 18.741 0.036
4429.75668 18.722 0.080
4432.69361 18.893 0.047
4436.73301 18.801 0.048
4439.79870 18.614 0.053
4443.66839 18.749 0.060
4448.82239 18.807 0.043
4451.66260 18.779 0.051
4455.66139 18.721 0.051
4457.71692 19.015 0.082
4460.74699 18.757 0.057
4464.70967 18.917 0.040
4467.70218 18.730 0.036
4471.70390 18.875 0.044
4476.67094 18.872 0.039
4480.67072 18.913 0.048
4484.74976 18.629 0.051
4488.67228 18.846 0.065
4493.67441 18.800 0.057
4498.65269 18.685 0.034
4501.64573 18.533 0.037
4506.58384 18.750 0.048
4508.59383 18.683 0.043
4510.67312 18.791 0.051
4516.62286 18.941 0.088
4519.69439 18.867 0.065
4521.53803 18.843 0.054
4530.60267 18.721 0.048
4532.63096 18.745 0.044
4537.59260 18.719 0.046
4540.64377 18.992 0.074
