2125.59624 16.293 0.015
2129.67387 16.241 0.009
2132.61532 15.624 0.007
2136.51950 16.265 0.014
2141.52976 16.167 0.009
2144.62219 15.920 0.008
2160.58889 15.622 0.008
2187.58568 16.374 0.014
2206.55545 15.958 0.012
2347.81508 15.927 0.008
2357.84205 15.716 0.008
2372.82988 16.278 0.010
2383.78219 16.236 0.009
2386.87368 16.082 0.009
2391.83993 15.898 0.009
2397.73054 15.639 0.008
2401.81041 16.165 0.009
2403.88803 16.154 0.009
2405.87060 16.288 0.011
2415.86852 16.225 0.012
2424.79979 15.653 0.008
2428.82848 16.336 0.010
2432.84263 16.245 0.012
2434.71371 16.264 0.010
2436.77423 15.864 0.008
2438.73695 16.142 0.009
2441.71373 16.172 0.008
2445.61660 16.150 0.009
2448.62056 15.621 0.008
2455.66761 16.011 0.007
2459.57731 16.354 0.009
2463.52981 16.179 0.010
2466.67514 16.085 0.010
2468.61742 16.230 0.009
2470.62030 15.918 0.008
2481.54338 16.294 0.014
2484.60899 16.217 0.012
2486.70106 15.604 0.008
2488.56461 15.749 0.008
2489.58989 16.020 0.008
2489.77980 16.264 0.008
2490.66759 16.245 0.012
2493.63083 15.793 0.008
2495.70103 16.229 0.010
2498.49555 16.255 0.009
2500.52979 15.879 0.008
2502.55223 16.229 0.009
2508.65259 16.360 0.011
2512.59868 16.191 0.010
2517.59484 16.079 0.009
2520.56773 16.359 0.011
2526.65649 15.795 0.008
2538.47969 16.349 0.013
2542.51315 16.245 0.012
2547.57419 16.270 0.011
2552.48014 16.114 0.015
2556.56158 16.058 0.012
2563.56804 16.234 0.011
2574.54667 16.183 0.011
2707.84756 15.857 0.008
2714.88817 16.218 0.009
2721.91445 16.359 0.017
2729.81722 15.689 0.008
2733.90043 15.846 0.009
2744.89536 16.137 0.009
2744.90104 15.973 0.008
2753.87628 16.193 0.010
2757.77260 15.594 0.008
2760.88673 16.282 0.011
2767.77723 16.334 0.012
2770.81491 16.157 0.011
2783.70930 16.217 0.009
2785.80354 15.808 0.008
2786.80621 16.031 0.010
2786.83060 16.072 0.009
2787.62797 15.756 0.008
2787.73901 16.043 0.009
2787.83490 16.226 0.011
2788.60811 15.952 0.009
2788.93944 15.875 0.008
2789.57683 16.061 0.010
2789.74277 16.266 0.009
2790.66791 16.265 0.009
2790.91332 15.991 0.009
2791.74443 15.724 0.008
2792.65489 15.686 0.008
2796.81028 15.802 0.008
2797.91515 16.198 0.009
2809.70341 15.942 0.008
2810.87355 16.274 0.010
2812.70108 16.284 0.010
2813.79238 15.849 0.008
2814.73013 15.914 0.008
2816.58498 15.944 0.008
2818.57164 16.239 0.010
2820.74018 16.013 0.009
2826.74147 16.081 0.009
2835.62469 16.323 0.015
2837.62196 15.770 0.008
2839.66724 16.227 0.010
2841.70070 15.598 0.008
2843.61509 15.864 0.008
2845.64146 16.246 0.011
2850.50643 15.906 0.008
2852.52170 16.238 0.012
2854.52231 16.000 0.010
2856.71118 16.285 0.014
2858.66854 15.613 0.008
2859.58910 15.593 0.008
2863.55568 16.233 0.011
2863.59827 16.263 0.012
2865.65781 15.939 0.008
2866.65117 16.094 0.010
2867.64963 16.231 0.010
2867.70159 16.240 0.010
2871.64318 15.985 0.008
2875.52035 16.276 0.011
2876.49861 16.375 0.013
2876.60620 15.753 0.008
2876.65795 15.908 0.008
2876.68816 15.971 0.009
2880.69372 15.599 0.007
2884.63962 16.250 0.011
2892.67543 15.817 0.010
2895.64955 16.239 0.010
2898.65624 15.885 0.010
2904.58233 15.769 0.008
2909.58334 15.618 0.008
2918.52924 16.188 0.011
2930.55768 16.271 0.012
3051.87969 15.968 0.015
3058.87650 16.185 0.009
3063.90010 16.165 0.010
3067.87506 15.768 0.008
3070.83494 16.224 0.010
3073.79024 15.587 0.007
3075.82196 16.125 0.010
3079.86708 15.964 0.009
3082.82996 16.262 0.009
3084.88555 15.884 0.008
3086.81956 16.112 0.008
3088.77725 16.243 0.008
3089.88653 15.747 0.007
3091.80373 15.981 0.008
3096.84123 15.974 0.009
3098.89697 16.268 0.008
3100.84296 15.661 0.007
3102.80272 15.972 0.008
3103.87316 16.227 0.010
3106.81009 15.613 0.008
3108.74876 15.945 0.008
3109.78171 16.183 0.008
3111.84771 15.743 0.008
3112.82100 15.745 0.008
3113.85491 16.059 0.008
3114.76501 16.031 0.008
3118.90904 16.081 0.008
3122.89253 15.677 0.008
3125.84963 16.225 0.012
3126.87842 16.290 0.011
3127.78402 16.276 0.010
3128.80235 16.133 0.009
3129.77702 15.672 0.009
3131.66464 15.885 0.009
3135.84525 16.006 0.008
3137.92079 16.330 0.009
3138.80507 16.256 0.009
3139.84926 15.626 0.007
3140.85664 15.948 0.008
3142.74882 16.043 0.008
3144.76946 16.288 0.010
3146.76196 15.761 0.008
3151.73170 16.237 0.011
3152.73550 15.795 0.008
3153.90429 16.260 0.010
3154.80041 16.288 0.013
3156.79940 15.694 0.008
3162.79449 15.673 0.008
3163.75571 15.837 0.008
3164.71412 15.959 0.008
3165.78533 16.227 0.008
3166.87692 16.014 0.011
3168.57295 16.227 0.009
3168.91126 16.096 0.009
3169.70789 15.807 0.008
3170.78553 16.175 0.008
3171.88070 16.374 0.009
3172.72866 16.254 0.008
3174.69162 15.630 0.007
3175.70094 15.881 0.008
3177.70332 16.241 0.012
3179.77507 15.713 0.007
3180.68778 15.675 0.007
3182.75497 16.256 0.010
3183.71348 16.280 0.011
3184.68096 16.275 0.009
3193.51524 15.625 0.008
3194.62419 16.138 0.009
3195.68065 16.270 0.009
3196.72438 15.614 0.007
3197.62433 15.633 0.007
3202.51990 16.244 0.009
3203.64147 15.765 0.007
3204.60181 15.904 0.008
3206.65117 16.252 0.010
3209.69420 16.016 0.009
3210.64025 16.056 0.008
3211.71380 16.316 0.012
3217.63360 16.254 0.009
3218.63311 16.300 0.012
3223.63158 16.320 0.013
3224.68015 15.728 0.007
3226.59392 15.864 0.008
3228.58641 16.183 0.009
3229.60960 16.276 0.009
3231.55275 15.923 0.008
3232.58026 15.934 0.009
3238.59879 16.033 0.009
3239.55859 16.121 0.009
3240.63531 16.287 0.010
3245.52867 16.143 0.010
3246.64076 16.376 0.013
3249.50844 15.787 0.008
3250.63540 16.226 0.011
3253.62869 15.746 0.008
3256.61161 16.274 0.011
3259.60382 15.809 0.008
3267.51086 16.060 0.010
3272.56975 16.120 0.010
3274.61022 16.344 0.012
3278.58198 16.193 0.010
3281.56271 15.635 0.007
3288.52425 15.896 0.008
3293.49910 15.641 0.007
3295.50358 16.108 0.008
3312.52203 16.218 0.011
3416.88313 15.594 0.007
3421.87985 16.329 0.008
3425.90288 16.278 0.013
3428.89536 15.916 0.008
3432.86898 16.368 0.011
3442.86973 16.253 0.009
3445.78588 15.634 0.006
3447.83574 16.181 0.009
3449.84851 16.386 0.010
3452.86917 16.207 0.008
3455.80245 16.359 0.012
3458.78177 16.058 0.008
3468.85817 16.039 0.008
3469.86513 16.195 0.008
3471.89913 15.834 0.008
3473.86185 15.966 0.008
3474.89072 16.170 0.009
3476.75674 16.214 0.008
3478.77243 15.957 0.008
3479.90982 16.116 0.008
3481.80503 16.219 0.008
3484.75623 15.589 0.007
3496.70362 15.646 0.007
3497.77206 16.096 0.009
3499.73086 16.242 0.008
3500.71333 16.276 0.009
3501.75046 15.677 0.006
3502.74892 15.920 0.007
3503.67569 15.939 0.007
3506.86640 15.904 0.008
3508.73275 15.987 0.008
3509.76330 16.201 0.008
3510.90994 15.607 0.006
3511.81623 15.596 0.006
3512.84973 15.962 0.008
3517.83861 15.807 0.008
3520.79580 16.234 0.009
3522.72519 16.258 0.008
3523.78287 15.727 0.007
3524.68503 15.665 0.007
3525.67910 15.923 0.008
3526.73181 16.216 0.008
3527.76570 16.276 0.008
3528.70662 16.323 0.008
3529.66454 16.421 0.006
3530.67261 15.775 0.006
3538.65083 16.190 0.008
3540.63806 16.315 0.009
3544.83875 15.607 0.008
3547.76933 16.099 0.008
3550.61618 16.232 0.008
3551.61851 16.276 0.007
3552.65138 15.633 0.006
3553.77491 16.174 0.011
3554.73167 16.233 0.009
3555.79250 16.446 0.015
3556.70468 16.379 0.010
3558.51542 16.303 0.010
3558.81407 16.168 0.009
3559.59698 15.867 0.007
3560.58541 16.034 0.008
3561.52946 16.072 0.008
3562.57013 16.250 0.008
3562.82146 15.907 0.008
3563.62437 16.001 0.008
3564.60603 15.684 0.007
3569.54287 16.384 0.012
3573.63353 16.260 0.010
3574.67425 15.678 0.008
3575.52181 16.370 0.009
3576.67575 16.129 0.008
3577.74345 16.278 0.009
3578.64868 16.280 0.009
3579.60593 16.282 0.009
3579.77361 15.851 0.008
3580.63576 15.651 0.007
3581.65917 15.989 0.008
3582.60730 16.043 0.008
3583.62125 16.223 0.008
3584.63001 16.282 0.008
3585.62031 16.353 0.008
3586.66603 15.897 0.007
3589.65870 16.260 0.008
3590.62759 16.325 0.009
3592.64411 15.917 0.007
3594.69249 16.242 0.008
3601.63468 16.320 0.009
3602.65075 15.657 0.008
3603.62474 15.862 0.008
3607.62313 16.384 0.009
3608.63799 15.738 0.007
3615.56571 15.903 0.008
3618.54993 16.269 0.009
3619.57447 16.248 0.010
3621.57412 16.021 0.009
3628.54798 16.172 0.010
3629.63266 16.362 0.013
3631.51757 15.801 0.008
3633.53064 16.113 0.010
3637.62686 16.027 0.009
3639.58205 16.241 0.008
3641.53249 16.330 0.012
3644.49287 15.967 0.008
3648.52471 15.678 0.007
3650.56218 16.193 0.009
3655.51262 16.011 0.008
3657.52013 16.247 0.010
3660.51429 15.895 0.008
3662.51956 16.223 0.010
3666.54702 16.043 0.008
3776.85495 16.386 0.013
3781.88111 16.299 0.012
3784.86500 16.021 0.008
3787.89876 16.310 0.011
3791.88182 16.246 0.009
3794.85927 15.739 0.007
3796.84804 16.124 0.008
3797.85091 16.227 0.008
3798.89888 16.336 0.009
3801.82249 15.983 0.008
3803.81148 16.262 0.009
3804.85876 16.372 0.010
3805.89929 15.845 0.007
3807.88760 16.183 0.008
3809.80198 16.239 0.008
3811.88054 15.917 0.008
3813.76085 16.020 0.008
3817.89998 16.032 0.008
3819.76145 16.076 0.008
3820.86565 16.291 0.009
3821.87565 15.609 0.007
3822.77465 15.946 0.008
3823.88394 16.076 0.008
3824.88050 16.226 0.010
3826.88496 16.324 0.009
3828.88734 16.010 0.008
3829.87407 16.128 0.008
3832.87721 15.696 0.007
3833.85185 15.755 0.007
3834.89311 16.077 0.008
3835.83651 16.134 0.008
3836.84901 16.233 0.008
3837.83154 16.298 0.010
3838.83550 15.790 0.008
3839.84758 15.875 0.008
3840.83877 16.044 0.008
3841.81751 16.163 0.009
3845.82203 15.907 0.008
3846.83053 16.099 0.008
3848.84603 16.271 0.008
3849.85935 15.591 0.006
3850.79536 15.667 0.007
3851.80173 15.985 0.008
3852.79017 16.095 0.008
3853.78291 16.229 0.008
3856.77175 15.715 0.007
3858.83559 16.218 0.008
3860.82636 16.334 0.012
3861.84071 15.797 0.007
3862.78466 15.874 0.007
3863.72499 15.939 0.008
3864.78555 16.230 0.008
3865.74989 16.255 0.010
3866.77834 16.377 0.009
3867.71522 16.202 0.008
3868.78188 15.998 0.008
3869.76764 16.116 0.009
3873.76911 15.821 0.007
3874.81331 16.129 0.009
3875.72820 16.105 0.008
3877.75776 16.331 0.008
3880.75496 16.064 0.008
3881.76321 16.220 0.008
3882.70124 16.236 0.008
3883.74264 16.375 0.009
3886.71355 16.054 0.008
3887.69655 16.190 0.008
3889.85808 15.920 0.007
3891.58380 15.768 0.008
3893.74051 16.277 0.010
3894.78312 16.036 0.008
3896.73452 15.916 0.008
3900.63425 16.265 0.009
3901.64612 16.338 0.010
3902.66399 15.822 0.008
3903.79263 16.258 0.010
3904.64369 16.147 0.008
3905.65068 16.251 0.008
3906.63225 16.271 0.009
3907.69331 15.791 0.008
3908.63186 15.839 0.007
3909.63626 16.040 0.008
3912.63661 16.360 0.008
3913.63417 15.661 0.006
3914.66733 16.030 0.008
3915.63108 16.105 0.008
3916.71275 16.256 0.008
3917.72552 15.821 0.008
3918.72995 15.849 0.008
3919.65977 15.933 0.008
3920.61187 15.998 0.008
3921.62534 16.202 0.011
3930.68757 15.953 0.008
3931.60675 15.943 0.008
3931.78983 16.270 0.011
3932.63418 16.165 0.008
3933.61391 16.245 0.008
3934.58450 16.290 0.008
3935.66173 15.734 0.008
3936.61334 15.845 0.008
3936.80161 16.246 0.010
3937.73006 16.259 0.010
3938.59097 16.175 0.008
3940.73559 15.812 0.007
3944.67599 16.276 0.008
3945.62445 16.296 0.009
3946.61805 15.914 0.008
3950.63464 16.273 0.008
3951.47833 16.230 0.009
3951.65098 16.209 0.009
3951.70959 15.696 0.008
3954.73747 16.276 0.016
3955.48219 15.998 0.011
3955.66741 16.282 0.013
3956.50812 16.245 0.013
3956.65784 16.394 0.014
3957.61316 16.216 0.016
3958.67782 15.951 0.008
3959.60809 15.995 0.008
3960.60124 16.157 0.008
3963.56571 16.372 0.010
3964.63256 15.960 0.008
3965.61442 16.093 0.008
3966.60925 16.211 0.008
3967.63564 16.300 0.009
3968.59186 16.388 0.010
3969.59947 15.700 0.007
3970.61236 15.991 0.008
3971.64237 16.204 0.009
3973.67192 16.095 0.008
3974.60659 15.674 0.007
3975.60199 15.837 0.007
3976.59599 16.026 0.008
3979.62241 16.322 0.011
3982.65325 16.232 0.010
3987.59221 15.990 0.008
3988.60942 16.191 0.008
3990.59340 16.393 0.011
3994.54330 16.152 0.009
3996.51906 16.279 0.010
4000.60469 16.294 0.012
4002.59861 15.593 0.006
4003.55307 15.744 0.007
4005.64890 16.261 0.010
4011.53187 16.196 0.010
4015.56123 15.997 0.009
4017.53895 16.233 0.009
4019.54063 16.039 0.008
4021.54335 16.066 0.010
4024.57288 16.333 0.010
4027.48913 16.004 0.011
4029.52711 16.282 0.011
4149.89237 15.825 0.009
4155.83076 15.732 0.008
4157.88314 16.230 0.008
4159.89605 15.954 0.009
4162.84332 16.073 0.011
4164.88319 16.316 0.010
4166.89916 15.932 0.010
4167.81074 15.915 0.009
4169.81786 16.238 0.010
4174.83243 16.202 0.010
4176.81414 16.346 0.011
4177.86779 15.825 0.008
4178.91048 16.126 0.011
4180.80796 16.225 0.011
4181.89751 16.286 0.009
4183.77943 15.616 0.007
4184.84748 16.051 0.008
4185.82684 16.183 0.010
4190.84526 16.124 0.009
4192.85754 16.307 0.011
4193.86852 15.613 0.008
4194.89009 15.959 0.008
4196.91007 16.251 0.010
4202.85985 16.229 0.009
4203.84798 16.267 0.009
4204.84715 15.912 0.008
4205.84367 15.810 0.008
4207.84731 16.188 0.009
4208.87634 16.273 0.010
4212.92505 16.236 0.011
4213.84505 16.223 0.009
4215.88259 15.599 0.007
4216.80345 15.612 0.008
4217.82575 15.971 0.008
4218.86645 16.198 0.010
4219.90469 16.284 0.012
4220.84214 16.344 0.012
4222.81147 15.806 0.008
4228.80225 15.875 0.009
4229.78104 16.021 0.009
4230.76801 16.160 0.009
4231.79009 16.257 0.009
4232.79834 16.376 0.013
4234.74254 15.815 0.008
4235.76739 16.072 0.008
4237.72544 16.246 0.008
4238.79044 15.890 0.008
4239.78679 15.809 0.007
4240.94218 16.251 0.013
4243.68498 16.242 0.011
4244.84680 15.866 0.008
4245.84000 16.033 0.008
4246.89476 16.245 0.010
4250.86061 15.992 0.010
4256.69682 15.625 0.009
4257.77508 16.069 0.011
4258.70360 16.091 0.009
4267.66908 16.294 0.009
4268.60707 15.827 0.008
4269.64724 15.927 0.008
4272.69786 16.374 0.010
4273.65789 15.687 0.008
4274.64162 15.799 0.008
4275.69846 16.148 0.010
4277.59756 16.233 0.011
4278.67180 16.358 0.012
4283.61713 16.260 0.011
4284.60103 16.353 0.012
4285.60778 15.644 0.008
4286.75760 16.198 0.011
4289.64173 16.332 0.011
4290.67130 15.717 0.008
4291.72532 16.090 0.010
4292.58634 15.961 0.008
4293.61385 16.167 0.009
4294.58557 16.244 0.009
4295.61495 16.357 0.010
4296.59443 15.651 0.008
4297.58822 15.840 0.008
4298.69775 16.217 0.010
4299.66469 16.249 0.009
4300.78954 15.812 0.008
4301.46708 16.245 0.012
4302.74617 16.116 0.009
4307.57746 16.228 0.010
4310.73092 16.290 0.013
4312.62698 16.121 0.009
4315.66083 16.217 0.011
4317.61429 16.308 0.010
4319.62206 15.916 0.009
4320.72346 16.234 0.011
4326.63302 16.171 0.010
4327.66025 16.293 0.012
4328.60133 16.285 0.010
4328.73369 15.682 0.008
4329.59317 16.269 0.011
4330.57480 15.721 0.008
4331.60126 16.025 0.009
4332.59865 16.187 0.009
4333.60171 16.244 0.010
4334.59594 16.358 0.017
4338.63587 16.252 0.011
4339.60491 16.256 0.011
4340.51652 16.285 0.014
4341.60332 15.812 0.009
4342.63953 16.098 0.010
4343.61889 16.222 0.009
4344.66834 16.305 0.011
4345.61866 16.387 0.011
4346.62403 15.698 0.008
4347.63806 15.991 0.009
4349.60983 16.251 0.010
4351.60849 16.278 0.012
4353.63166 16.065 0.011
4357.61989 15.636 0.008
4359.59108 16.040 0.009
4367.59019 16.276 0.012
4370.58917 16.023 0.009
4372.56117 16.260 0.010
4380.57094 15.703 0.008
4508.88597 16.305 0.011
4515.86646 15.659 0.008
4519.83806 16.258 0.012
4520.82654 16.380 0.014
4522.89378 16.076 0.010
4524.87990 16.247 0.010
4525.89978 16.290 0.014
4530.86943 16.256 0.009
4533.90683 16.071 0.009
4534.81104 16.078 0.010
4536.81574 16.276 0.011
4537.90279 15.749 0.007
4538.83420 15.813 0.008
4540.86403 16.230 0.009
4542.89034 15.849 0.008
4543.85179 15.696 0.007
4544.84860 15.949 0.008
4545.86613 16.155 0.009
4546.89710 16.262 0.009
4550.83992 16.003 0.008
4551.89769 16.230 0.010
4552.89467 16.284 0.014
4556.85897 16.128 0.009
4557.88501 16.250 0.009
4558.82008 16.267 0.010
4558.88787 16.351 0.010
4559.84926 16.122 0.008
4560.84966 15.802 0.007
4561.83860 15.990 0.008
4564.84275 16.328 0.009
4565.83166 15.654 0.007
4566.83372 15.870 0.008
4567.83801 16.055 0.008
4568.85652 16.240 0.008
4569.85391 16.263 0.009
4570.85921 16.083 0.008
4571.82474 15.651 0.007
4572.86247 16.046 0.009
4573.83826 16.138 0.008
4574.84041 16.254 0.010
4575.85207 16.346 0.011
4579.90438 16.268 0.010
4583.81670 15.910 0.008
4586.80471 16.284 0.012
4586.83283 16.273 0.010
4586.88958 16.367 0.012
4587.84206 15.779 0.008
4588.64356 16.275 0.011
4588.73080 16.339 0.010
4588.89316 15.963 0.008
4588.93030 16.061 0.009
4589.64500 16.356 0.011
4589.76458 15.863 0.008
4590.77895 16.100 0.009
4591.75613 16.204 0.009
4592.76828 16.271 0.011
4593.75373 16.360 0.011
4594.78202 15.766 0.008
4595.77259 15.990 0.009
4596.79311 16.180 0.009
4597.79037 16.265 0.009
4598.75964 16.267 0.009
4599.73914 16.343 0.010
4600.74468 15.761 0.007
4601.74929 15.976 0.008
4602.74687 16.168 0.008
4606.76366 15.928 0.008
4610.86054 15.839 0.008
4611.73097 15.660 0.007
4611.91748 16.161 0.010
4615.91072 15.880 0.009
4616.71971 16.233 0.009
4617.88471 16.166 0.011
4622.69953 15.832 0.008
4623.77931 16.021 0.009
4624.71819 16.084 0.009
4625.69947 16.217 0.011
4626.74676 16.280 0.011
4627.67874 16.305 0.009
4628.66900 15.655 0.007
4629.73467 16.014 0.008
4630.67450 16.055 0.008
4631.69283 16.220 0.008
4632.70745 16.274 0.009
4633.85536 16.015 0.009
4639.79588 15.962 0.009
4640.77140 16.071 0.008
4641.85664 16.293 0.013
4642.69431 16.224 0.009
4643.66037 16.253 0.010
4644.74352 15.624 0.007
4645.66222 15.621 0.007
4646.62985 15.835 0.007
4647.64084 16.051 0.008
4648.63648 16.206 0.010
4648.74594 16.282 0.010
4649.63517 16.262 0.010
4650.66659 16.120 0.008
4651.67746 15.847 0.008
4652.60637 15.872 0.008
4653.60022 16.032 0.009
4654.63945 16.242 0.010
4655.60368 16.270 0.010
4656.60684 16.380 0.011
4658.76412 16.249 0.011
4660.71376 16.377 0.012
4661.59627 16.259 0.009
4661.65911 16.359 0.012
4666.52897 16.223 0.010
4670.77640 16.282 0.013
4671.65287 16.245 0.010
4672.61238 16.272 0.009
4674.64046 15.934 0.009
4677.66521 16.333 0.012
4681.66849 16.244 0.010
4682.62427 16.266 0.010
4683.62205 16.293 0.011
4684.64061 15.628 0.008
4685.66671 15.963 0.008
4686.73923 16.263 0.010
4687.65472 16.276 0.011
4688.60088 16.245 0.010
4694.68495 16.387 0.015
4697.60622 16.015 0.010
4698.62786 16.200 0.010
4700.62300 16.387 0.011
4701.60595 15.598 0.008
4702.62076 15.934 0.008
4704.68199 16.252 0.010
4708.64238 16.054 0.009
4710.66032 16.283 0.011
4720.57348 16.061 0.009
4721.60804 16.278 0.013
4724.62579 15.906 0.009
4725.64171 16.119 0.011
4726.60198 16.251 0.012
4733.56610 16.268 0.011
4738.52625 16.204 0.010
4741.60828 15.928 0.008
4755.54744 16.268 0.012
4761.55218 16.279 0.013
4767.52357 16.274 0.012
4768.52793 16.417 0.016
4769.51537 15.720 0.009
4771.50809 16.117 0.014
4772.52319 16.241 0.017
4876.86277 15.769 0.008
4883.84854 16.026 0.009
4885.88877 16.266 0.009
4888.84308 15.909 0.008
4892.83711 16.246 0.010
4898.80738 16.077 0.009
4901.81026 16.190 0.009
4902.89910 16.373 0.010
4903.85760 15.925 0.008
4904.91560 15.978 0.012
4905.85399 16.020 0.008
4910.91361 16.041 0.010
4912.83879 16.198 0.008
4914.88486 15.584 0.007
4924.73532 16.182 0.008
4925.85304 16.320 0.009
4927.90759 16.086 0.009
4930.78735 16.246 0.010
4931.83179 16.055 0.009
4932.84033 15.817 0.008
4933.83525 16.005 0.008
4934.89104 16.220 0.010
4938.81514 15.852 0.009
4940.75661 16.106 0.008
4941.79239 16.246 0.010
4942.73542 16.270 0.009
4943.88022 15.934 0.008
4944.73513 15.709 0.007
4945.79082 16.072 0.008
4950.85062 16.102 0.008
4952.84414 16.242 0.009
4953.82998 16.336 0.010
4954.79964 15.604 0.007
