2125.53682 17.689 0.037
2129.62016 17.771 0.025
2132.56445 17.710 0.024
2135.70205 17.882 0.025
2140.66006 17.678 0.027
2144.54468 17.959 0.034
2160.53352 17.547 0.028
2168.60095 17.940 0.037
2187.51029 17.557 0.029
2206.50621 17.657 0.047
2331.84670 17.892 0.033
2346.89306 17.676 0.023
2358.81675 17.821 0.029
2365.91684 17.898 0.035
2372.77892 17.678 0.026
2382.90302 17.868 0.033
2386.84627 17.745 0.030
2390.78940 17.542 0.026
2397.75145 17.849 0.026
2401.77621 17.941 0.032
2403.83224 17.677 0.022
2405.80072 17.906 0.028
2414.77763 17.703 0.026
2416.75199 17.665 0.026
2424.84367 17.571 0.032
2428.74599 17.914 0.030
2432.78915 17.862 0.045
2434.65697 17.935 0.029
2436.70258 17.648 0.023
2438.68089 17.887 0.029
2440.78511 17.710 0.023
2443.68793 17.573 0.023
2445.56902 17.648 0.027
2448.53641 17.696 0.054
2453.80427 17.868 0.036
2459.49562 17.625 0.031
2463.47673 17.929 0.042
2464.70683 17.593 0.020
2467.60978 17.829 0.032
2469.62420 17.671 0.019
2471.63598 17.958 0.027
2473.59709 17.595 0.025
2483.66591 17.704 0.027
2486.64926 17.732 0.027
2490.61587 17.634 0.029
2493.57569 17.641 0.025
2495.64973 17.960 0.028
2497.70555 17.716 0.026
2499.75248 17.910 0.032
2502.49607 17.650 0.026
2508.59098 17.971 0.033
2512.54732 17.787 0.034
2517.64804 17.682 0.026
2520.50677 17.539 0.026
2526.60024 17.801 0.024
2537.58294 17.607 0.035
2541.58105 17.559 0.026
2541.60551 17.558 0.027
2547.51914 17.582 0.028
2551.55469 17.520 0.031
2556.51008 17.762 0.035
2563.54358 17.824 0.028
2574.52293 17.615 0.031
2705.88678 17.835 0.030
2706.85243 17.622 0.023
2714.83673 17.942 0.028
2728.86668 17.948 0.041
2733.84956 17.676 0.028
2744.81989 17.745 0.025
2752.89592 17.897 0.034
2756.86678 17.839 0.028
2760.83501 17.691 0.031
2766.86695 17.824 0.029
2770.75458 17.566 0.025
2783.75536 17.688 0.022
2785.86695 17.647 0.029
2786.86901 17.894 0.039
2789.67503 17.677 0.025
2791.63763 17.872 0.031
2794.79146 17.580 0.024
2794.80504 17.609 0.025
2796.74204 17.742 0.023
2808.88247 17.652 0.044
2809.88681 17.607 0.027
2810.81382 17.813 0.030
2811.85105 17.663 0.026
2813.64776 17.565 0.032
2815.76945 17.820 0.026
2817.72233 17.639 0.025
2818.78529 17.592 0.024
2820.65760 17.603 0.023
2826.67067 17.841 0.024
2834.70842 17.622 0.079
2835.82587 17.619 0.035
2837.56378 17.820 0.040
2839.60063 17.729 0.026
2841.61696 17.895 0.031
2843.55061 17.583 0.025
2845.58608 17.827 0.033
2849.73857 17.923 0.033
2849.76615 17.831 0.038
2851.74889 17.636 0.032
2853.75176 17.941 0.039
2856.64054 17.803 0.029
2858.61589 17.944 0.042
2859.60988 17.819 0.044
2860.73798 17.888 0.052
2863.57413 17.709 0.029
2866.66614 17.842 0.036
2869.65717 17.971 0.033
2872.65170 17.926 0.026
2877.62092 17.665 0.026
2883.59654 17.780 0.024
2892.58647 17.955 0.042
2896.60814 17.877 0.027
2902.57519 17.966 0.043
2907.54954 17.614 0.032
2917.53718 17.659 0.035
3051.84395 17.904 0.046
3058.83913 17.865 0.027
3063.83383 17.585 0.023
3067.83767 17.734 0.025
3070.79712 17.595 0.040
3072.87594 17.856 0.024
3075.77287 17.721 0.032
3076.81181 17.717 0.028
3076.88891 17.783 0.031
3076.90742 17.797 0.033
3077.81935 17.781 0.097
3077.86658 17.511 0.051
3077.90332 17.634 0.036
3079.82295 17.734 0.030
3079.87347 17.855 0.038
3079.91463 17.902 0.049
3080.82416 17.617 0.026
3080.86939 17.636 0.024
3080.91301 17.666 0.027
3081.78407 17.887 0.029
3081.87431 17.742 0.026
3081.90959 17.541 0.027
3082.78933 17.731 0.026
3082.83999 17.825 0.026
3082.87912 17.926 0.028
3082.90944 17.905 0.028
3083.77596 17.561 0.020
3083.83830 17.611 0.021
3083.89623 17.765 0.023
3084.78137 17.961 0.028
3084.84001 17.709 0.023
3084.84613 17.687 0.023
3084.90545 17.585 0.019
3085.79161 17.839 0.027
3085.85497 17.931 0.028
3086.77723 17.630 0.021
3087.89056 17.640 0.024
3089.79880 17.797 0.025
3091.76095 17.925 0.029
3096.79071 17.671 0.028
3098.80222 17.934 0.027
3100.85282 17.692 0.023
3102.81352 17.805 0.028
3103.88888 17.858 0.029
3106.76639 17.651 0.034
3107.91324 17.733 0.024
3109.73484 17.707 0.023
3110.77611 17.605 0.025
3112.74499 17.797 0.026
3113.81421 17.744 0.022
3115.81283 17.886 0.026
3118.86988 17.567 0.025
3122.82044 17.876 0.035
3125.80088 17.902 0.038
3126.83177 17.840 0.027
3127.74097 17.570 0.023
3128.76475 17.936 0.030
3129.73961 17.764 0.037
3130.91767 17.955 0.044
3131.77354 17.745 0.039
3134.70987 17.849 0.047
3135.80533 17.894 0.028
3137.85741 17.731 0.031
3138.81499 17.595 0.022
3139.80912 17.916 0.025
3140.81637 17.723 0.026
3142.67073 17.743 0.023
3144.73364 17.616 0.021
3146.70339 17.728 0.027
3151.69315 17.907 0.029
3152.69776 17.847 0.028
3152.91054 17.611 0.032
3153.70052 17.612 0.027
3154.75691 17.581 0.029
3156.74334 17.802 0.026
3158.80332 17.574 0.031
3162.75059 17.887 0.030
3163.71269 17.723 0.023
3163.93625 17.693 0.038
3164.67645 17.701 0.024
3165.79823 17.650 0.019
3166.82786 17.929 0.042
3167.89185 17.856 0.044
3168.70935 17.874 0.029
3168.92564 17.797 0.032
3169.66580 17.759 0.024
3170.73659 17.749 0.022
3171.69012 17.729 0.021
3172.67479 17.889 0.025
3174.65374 17.643 0.019
3175.65561 17.909 0.024
3176.70255 17.795 0.032
3178.71817 17.674 0.029
3179.59609 17.709 0.022
3179.85187 17.608 0.025
3180.64684 17.611 0.018
3182.71696 17.914 0.027
3183.66164 17.657 0.025
3184.64130 17.603 0.019
3185.79927 17.592 0.025
3193.47682 17.721 0.043
3193.81402 17.895 0.035
3194.63284 17.586 0.028
3195.61119 17.880 0.026
3196.68666 17.895 0.035
3196.77560 17.921 0.030
3197.58677 17.577 0.023
3199.72072 17.996 0.032
3202.58397 17.838 0.027
3203.70768 17.835 0.024
3204.70332 17.654 0.021
3205.62832 17.919 0.024
3206.60990 17.799 0.023
3210.60003 17.659 0.025
3211.67207 17.602 0.026
3212.64075 18.001 0.041
3217.59610 17.633 0.024
3218.59537 17.855 0.033
3219.65457 17.903 0.040
3223.59261 17.700 0.034
3224.64235 17.611 0.020
3226.55515 17.767 0.024
3228.51373 17.905 0.031
3229.57186 17.846 0.025
3230.61060 17.725 0.020
3231.51159 17.918 0.034
3232.48543 17.816 0.040
3239.52022 17.822 0.025
3240.59765 17.741 0.028
3241.60190 17.503 0.048
3244.69844 17.826 0.048
3245.48643 17.885 0.034
3246.59435 17.900 0.036
3247.66499 17.836 0.030
3248.65820 17.635 0.027
3250.59758 17.764 0.027
3253.59043 17.822 0.025
3256.56951 17.849 0.034
3259.56560 17.947 0.040
3266.59114 17.885 0.042
3272.54041 17.909 0.035
3274.56993 17.641 0.032
3278.54049 17.573 0.026
3281.48568 17.568 0.033
3287.55291 17.830 0.032
3292.54166 17.714 0.026
3415.87653 17.901 0.024
3420.87682 17.666 0.025
3425.85201 17.857 0.035
3428.85778 17.985 0.030
3430.89459 17.687 0.020
3442.83122 17.885 0.027
3444.88504 17.600 0.021
3446.91368 17.857 0.035
3449.81081 17.823 0.023
3454.88538 17.658 0.027
3457.82369 17.589 0.023
3459.76888 17.762 0.029
3468.82076 17.787 0.022
3469.82771 17.897 0.022
3471.90804 17.604 0.029
3473.82323 17.770 0.027
3476.71582 17.693 0.021
3478.78145 17.889 0.024
3479.91876 17.670 0.020
3481.76011 17.746 0.023
3483.89373 17.899 0.027
3484.70957 17.885 0.045
3496.79511 17.877 0.031
3497.73280 17.580 0.024
3499.92274 17.642 0.021
3500.79187 17.742 0.023
3501.78559 17.587 0.018
3502.75854 17.960 0.024
3503.72757 17.736 0.020
3504.81721 17.667 0.019
3506.88215 17.833 0.027
3508.83282 17.564 0.025
3509.78252 17.972 0.028
3511.74013 17.508 0.024
3512.78375 17.890 0.034
3517.85724 17.976 0.046
3520.81145 17.847 0.027
3521.62114 17.940 0.025
3522.67549 17.902 0.024
3523.71757 17.742 0.019
3524.70634 17.543 0.020
3525.68827 17.933 0.023
3526.77072 17.964 0.026
3527.77560 17.782 0.022
3528.71839 17.618 0.022
3529.60835 17.738 0.021
3530.63027 17.632 0.017
3538.66214 17.837 0.026
3540.80667 17.960 0.035
3541.81061 17.772 0.027
3547.70320 17.706 0.028
3550.57825 17.598 0.027
3551.76765 17.776 0.022
3552.60409 17.940 0.025
3553.73731 17.901 0.036
3554.77427 17.765 0.029
3555.74841 17.593 0.020
3556.81417 17.627 0.028
3558.47710 17.778 0.030
3558.77632 17.712 0.024
3559.54482 17.827 0.035
3560.50780 17.579 0.021
3560.84785 17.740 0.027
3561.48520 17.813 0.032
3562.53173 17.819 0.023
3563.58674 17.725 0.021
3564.61483 17.573 0.022
3569.50291 17.614 0.048
3573.58004 17.775 0.035
3574.63660 17.585 0.026
3575.62164 17.809 0.022
3576.60188 17.807 0.030
3577.66397 17.662 0.022
3578.61104 17.634 0.019
3579.56826 17.873 0.024
3580.58629 17.718 0.022
3581.61806 17.604 0.020
3582.56625 17.951 0.025
3583.58333 17.721 0.023
3584.59229 17.611 0.017
3585.58248 17.910 0.025
3585.72942 17.666 0.018
3585.76091 17.662 0.021
3585.77092 17.737 0.021
3586.50697 17.717 0.024
3586.52235 17.722 0.022
3586.55339 17.769 0.022
3586.59571 17.823 0.023
3586.62227 17.839 0.025
3586.62835 17.907 0.025
3586.67189 17.954 0.023
3586.73413 17.707 0.021
3587.59009 17.670 0.024
3587.66003 17.722 0.027
3587.72150 17.934 0.035
3588.55425 17.837 0.022
3588.61402 17.629 0.019
3589.62112 17.961 0.020
3590.58982 17.742 0.020
3591.65175 17.715 0.020
3593.52471 17.725 0.021
3594.64078 17.738 0.021
3601.57323 17.573 0.020
3602.59018 17.894 0.028
3603.58724 17.888 0.029
3604.59112 17.582 0.026
3606.60685 17.943 0.036
3607.57919 17.760 0.023
3608.58809 17.581 0.025
3615.50080 17.928 0.027
3618.62558 17.695 0.026
3620.51389 17.710 0.020
3622.49301 17.919 0.030
3628.62172 17.687 0.037
3630.50711 17.711 0.038
3631.63730 17.803 0.039
3633.48191 17.715 0.034
3637.56657 17.777 0.033
3639.59972 17.587 0.021
3641.49472 17.578 0.027
3643.57125 17.920 0.042
3648.48708 17.521 0.027
3651.54314 17.650 0.034
3654.49620 17.703 0.038
3656.49298 17.924 0.037
3658.52694 17.615 0.034
3661.52489 17.720 0.041
3668.49797 17.595 0.031
3674.51179 17.809 0.042
3775.85572 17.946 0.035
3780.88144 17.672 0.024
3786.86669 17.788 0.032
3787.88751 17.635 0.023
3791.86566 17.562 0.025
3794.84528 17.563 0.021
3796.83303 17.766 0.025
3797.83695 17.606 0.021
3798.88492 17.587 0.020
3801.80851 17.799 0.028
3803.79755 17.687 0.024
3804.84488 17.634 0.023
3805.88530 17.704 0.022
3807.87356 17.700 0.023
3808.90831 17.609 0.023
3811.86656 17.579 0.022
3812.89822 17.770 0.027
3817.88495 17.786 0.030
3818.90562 17.642 0.023
3820.85169 17.758 0.022
3821.86170 17.604 0.019
3822.76070 17.861 0.037
3823.86998 17.871 0.024
3824.86656 17.718 0.024
3826.87103 17.934 0.026
3828.87336 17.565 0.020
3829.86010 17.980 0.027
3832.86036 17.783 0.023
3833.83028 17.815 0.021
3834.87919 17.720 0.021
3835.82251 17.739 0.020
3836.82813 17.939 0.027
3837.81751 17.741 0.026
3838.82152 17.509 0.024
3839.83367 17.954 0.028
3840.82468 17.779 0.027
3841.80353 17.609 0.021
3845.80542 17.662 0.031
3846.81660 17.897 0.024
3848.83206 17.604 0.020
3849.84537 17.849 0.023
3850.78139 17.738 0.023
3852.77622 17.933 0.028
3853.76890 17.797 0.018
3856.75769 17.873 0.027
3858.82160 17.675 0.026
3860.81240 17.870 0.030
3861.82303 17.709 0.019
3862.77067 17.886 0.023
3863.71040 17.741 0.023
3864.77151 17.689 0.019
3865.73473 17.891 0.027
3866.76433 17.874 0.024
3867.70122 17.599 0.021
3868.76666 17.538 0.022
3869.75365 17.992 0.037
3873.75380 17.857 0.026
3874.79906 17.770 0.027
3875.71407 17.867 0.021
3877.74369 17.732 0.020
3880.74095 17.772 0.025
3881.74911 17.589 0.019
3882.68720 17.968 0.027
3883.72863 17.866 0.022
3886.69943 17.852 0.023
3887.68254 17.690 0.020
3891.56980 17.904 0.036
3892.83599 17.642 0.021
3893.72362 17.899 0.032
3894.76899 17.753 0.028
3896.71415 17.944 0.031
3900.62015 17.705 0.037
3901.63207 17.589 0.020
3902.64994 17.920 0.027
3903.77175 17.939 0.026
3904.62960 17.597 0.018
3905.63658 17.960 0.024
3906.61812 17.805 0.026
3907.67922 17.689 0.029
3908.61774 17.781 0.021
3909.62217 17.893 0.022
3912.61861 17.933 0.021
3913.62006 17.770 0.020
3914.63414 17.615 0.019
3915.61693 17.948 0.025
3916.69867 18.040 0.030
3917.51273 17.640 0.029
3917.71139 17.788 0.026
3918.71237 17.643 0.022
3920.59774 17.672 0.024
3921.61118 17.518 0.026
3930.65848 17.869 0.027
3931.59257 17.585 0.023
3931.73004 17.757 0.025
3932.62003 17.921 0.022
3933.59977 17.843 0.020
3934.57041 17.574 0.019
3935.64758 17.574 0.021
3936.59916 17.865 0.032
3936.78742 17.614 0.028
3937.71590 17.837 0.035
3938.57684 17.714 0.025
3940.71694 17.988 0.024
3944.66175 17.750 0.021
3945.61015 17.616 0.021
3946.60392 17.936 0.030
3950.60891 17.828 0.026
3951.63702 17.678 0.026
3956.64388 17.808 0.042
3957.59789 17.831 0.033
3958.66381 17.652 0.024
3959.59413 17.906 0.030
3960.58241 17.845 0.023
3960.59405 17.843 0.021
3960.64630 17.926 0.024
3961.51686 17.500 0.024
3961.53849 17.575 0.027
3961.57905 17.621 0.027
3961.65812 17.730 0.036
3961.67523 17.770 0.036
3963.47380 17.688 0.034
3963.50006 17.794 0.028
3963.55141 17.842 0.025
3963.57162 17.856 0.025
3963.60330 17.953 0.025
3964.48036 17.550 0.023
3964.50845 17.587 0.020
3964.54090 17.631 0.020
3964.59966 17.748 0.021
3964.61464 17.801 0.022
3964.64688 17.843 0.023
3964.65916 17.843 0.022
3964.68299 17.866 0.026
3964.71307 17.911 0.027
3964.73129 17.867 0.029
3964.73789 17.902 0.031
3965.47016 17.908 0.040
3965.52750 17.819 0.021
3965.56013 17.623 0.019
3965.60033 17.561 0.018
3965.62847 17.633 0.018
3965.66277 17.670 0.018
3965.71429 17.724 0.022
3966.59133 17.972 0.027
3967.62063 17.849 0.025
3968.57788 17.616 0.021
3969.58551 17.913 0.026
3970.59838 17.783 0.026
3971.62839 17.673 0.030
3973.65789 17.856 0.028
3974.59259 17.806 0.031
3975.58411 17.601 0.019
3976.58200 17.949 0.028
3982.63697 17.635 0.028
3987.57817 17.850 0.027
3988.59538 17.710 0.019
3990.56573 17.849 0.035
3994.52934 17.721 0.029
3995.65705 17.828 0.033
3996.50509 17.946 0.039
4000.59062 17.946 0.036
4001.61404 17.777 0.029
4002.58464 17.586 0.020
4003.53910 17.931 0.026
4005.63493 17.739 0.031
4006.60384 17.642 0.024
4011.51791 17.672 0.028
4015.54723 17.642 0.031
4017.52492 17.863 0.028
4019.52666 17.629 0.026
4021.52932 17.775 0.042
4024.55890 17.952 0.032
4026.55447 17.597 0.025
4029.51316 17.572 0.031
4143.86107 17.712 0.033
4149.85726 17.880 0.034
4154.89485 17.660 0.025
4157.87449 17.704 0.025
4159.88194 17.890 0.032
4162.82929 17.887 0.042
4164.86909 17.669 0.025
4166.88485 17.955 0.041
4169.79937 17.859 0.032
4174.80697 17.608 0.028
4176.79992 17.810 0.028
4177.85363 17.742 0.027
4178.89641 17.637 0.024
4180.79383 17.692 0.032
4181.88342 17.702 0.025
4183.76544 17.770 0.026
4184.81381 17.638 0.024
4187.90360 17.860 0.032
4190.82491 17.829 0.032
4192.84368 17.705 0.026
4193.85456 17.922 0.031
4194.87620 17.773 0.028
4196.86472 17.874 0.031
4202.84599 17.583 0.021
4203.83412 17.928 0.026
4204.82958 17.745 0.023
4205.82468 17.547 0.020
4207.82679 17.849 0.024
4208.85026 17.658 0.023
4213.82550 17.973 0.026
4215.83173 17.610 0.023
4216.78949 17.948 0.030
4217.79730 17.691 0.020
4218.85222 17.684 0.025
4219.88525 17.567 0.025
4220.82218 17.881 0.034
4222.78803 17.619 0.026
4224.90740 17.943 0.037
4228.78235 17.659 0.032
4229.76709 17.873 0.032
4230.75082 17.798 0.025
4231.75318 17.640 0.024
4232.76469 17.624 0.028
4234.66527 17.603 0.027
4235.72644 17.603 0.022
4238.77642 17.646 0.028
4239.75555 17.845 0.026
4240.90213 17.603 0.026
4243.79536 17.950 0.033
4244.77024 17.780 0.026
4245.76104 17.607 0.021
4246.81874 17.607 0.025
4250.84411 17.832 0.034
4256.68101 17.877 0.038
4258.69009 17.578 0.025
4267.65537 17.721 0.023
4268.82604 17.861 0.032
4269.63382 17.933 0.028
4272.68437 17.624 0.021
4273.73353 18.003 0.036
4274.53015 17.617 0.034
4275.68492 17.621 0.029
4277.64235 17.738 0.025
4278.65831 17.606 0.028
4283.60360 17.810 0.031
4284.58759 17.583 0.028
4285.59427 17.729 0.033
4286.59046 17.888 0.028
4289.62534 17.847 0.039
4290.65680 17.875 0.031
4291.71157 17.796 0.027
4292.57298 17.927 0.026
4293.60026 17.813 0.024
4294.57211 17.586 0.023
4295.59732 17.597 0.022
4296.58090 17.886 0.027
4297.64553 17.816 0.024
4298.61898 17.578 0.022
4299.58929 17.921 0.026
4300.48776 17.548 0.026
4301.66803 17.778 0.024
4302.65033 17.543 0.023
4304.62511 17.746 0.029
4306.61602 17.881 0.040
4310.71682 17.806 0.039
4312.61098 17.575 0.023
4315.62113 17.609 0.031
4316.64219 17.693 0.031
4317.54063 17.661 0.024
4319.60372 17.676 0.027
4320.69664 17.772 0.032
4326.61952 17.750 0.023
4327.64503 17.878 0.035
4328.58723 17.640 0.022
4329.57960 17.606 0.028
4330.62213 17.930 0.031
4331.58680 17.714 0.029
4332.66508 17.636 0.028
4333.58752 17.899 0.041
4334.55495 17.648 0.052
4338.61794 17.713 0.033
4339.58712 17.549 0.028
4340.68416 17.638 0.032
4341.58903 17.754 0.032
4342.62534 17.628 0.027
4343.60460 17.825 0.028
4344.65407 17.902 0.035
4345.60447 17.653 0.028
4346.60648 17.617 0.028
4347.62035 17.937 0.040
4349.59226 17.571 0.021
4350.65403 17.639 0.026
4351.59434 17.805 0.030
4353.61418 17.619 0.031
4354.63370 17.877 0.035
4355.64668 17.757 0.034
4356.63576 17.608 0.029
4358.62081 17.790 0.031
4359.63994 17.639 0.035
4362.56874 17.602 0.036
4368.58962 17.860 0.045
4371.60846 17.923 0.040
4373.60220 17.516 0.027
4381.58131 17.863 0.045
4391.50446 17.787 0.042
4392.51601 17.612 0.031
4394.51636 17.886 0.033
4506.86867 17.909 0.042
4512.88371 17.790 0.023
4514.90207 17.797 0.039
4518.88624 17.591 0.032
4521.85658 17.596 0.027
4524.86593 17.715 0.029
4530.85528 17.858 0.025
4533.89292 17.891 0.028
4536.78118 17.827 0.039
4537.84210 17.771 0.024
4539.78540 17.914 0.033
4540.91301 17.924 0.040
4541.90972 17.731 0.025
4542.87317 17.541 0.021
4543.89926 17.918 0.026
4544.89684 17.869 0.026
4545.82147 17.583 0.023
4546.87995 17.810 0.027
4547.89076 17.876 0.032
4550.89052 17.968 0.033
4551.88362 17.801 0.030
4552.87685 17.611 0.037
4556.84478 17.884 0.028
4557.87106 17.873 0.026
4558.86756 17.672 0.023
4559.83524 17.664 0.022
4560.83554 17.894 0.024
4561.82443 17.728 0.020
4564.82875 17.804 0.021
4565.81768 17.615 0.018
4566.81972 17.875 0.022
4567.82005 17.850 0.024
4568.84240 17.671 0.022
4569.83631 17.562 0.022
4570.82701 17.885 0.030
4571.81071 17.732 0.025
4572.84857 17.628 0.024
4573.82423 17.903 0.025
4574.82640 17.851 0.028
4574.87049 17.876 0.029
4574.90557 17.947 0.032
4574.91968 17.939 0.032
4575.71683 17.719 0.027
4575.74585 17.586 0.024
4575.83514 17.639 0.024
4575.84643 17.736 0.027
4575.88002 17.758 0.024
4575.88890 17.786 0.026
4575.91657 17.735 0.028
4576.72085 17.906 0.034
4576.74683 17.904 0.031
4576.77188 17.967 0.031
4576.78448 17.925 0.029
4576.79028 17.846 0.026
4576.79572 17.899 0.027
4576.79773 17.963 0.029
4576.79981 17.838 0.026
4576.80187 17.898 0.027
4576.80401 17.869 0.025
4576.80620 17.794 0.025
4576.80816 17.831 0.024
4576.81014 17.892 0.028
4576.81223 17.819 0.026
4576.81436 17.817 0.026
4576.81653 17.809 0.026
4576.81878 17.842 0.026
4576.82088 17.792 0.025
4576.82318 17.755 0.024
4576.82529 17.726 0.023
4576.82753 17.725 0.024
4576.83242 17.702 0.022
4576.83487 17.682 0.025
4576.83747 17.650 0.023
4576.84012 17.643 0.025
4576.84303 17.594 0.022
4576.84549 17.638 0.027
4576.84797 17.641 0.026
4576.85053 17.573 0.023
4576.85313 17.602 0.022
4576.85567 17.588 0.022
4576.85816 17.592 0.021
4576.86051 17.564 0.021
4576.86283 17.581 0.022
4576.86485 17.589 0.022
4576.86693 17.552 0.023
4576.86885 17.537 0.023
4576.87091 17.520 0.021
4576.87294 17.518 0.023
4576.87537 17.527 0.025
4576.87767 17.562 0.025
4576.88084 17.587 0.026
4576.89466 17.560 0.024
4576.89685 17.627 0.025
4576.89915 17.589 0.025
4576.90727 17.634 0.027
4576.90973 17.584 0.025
4576.91825 17.611 0.027
4576.92049 17.621 0.027
4576.92283 17.622 0.028
4576.92521 17.664 0.031
4577.80597 17.863 0.029
4577.81737 17.841 0.032
4577.90697 17.926 0.035
4578.75821 17.597 0.031
4579.83675 17.578 0.025
4579.93225 17.679 0.039
4583.69529 17.775 0.038
4585.89937 17.772 0.028
4586.84727 17.571 0.023
4587.82789 17.999 0.031
4588.81093 17.772 0.022
4589.65655 17.856 0.035
4590.76114 17.890 0.027
4591.64893 17.590 0.025
4592.75428 17.584 0.026
4593.73959 17.911 0.032
4594.76815 17.833 0.025
4595.75586 17.569 0.023
4596.74503 17.939 0.028
4597.77626 17.900 0.028
4598.74564 17.678 0.019
4599.72144 17.837 0.026
4600.73065 17.907 0.023
4601.73520 17.705 0.021
4602.72937 17.558 0.019
4606.74312 17.816 0.028
4610.83699 17.650 0.034
4611.71683 17.762 0.029
4611.90339 17.883 0.033
4615.89348 17.957 0.045
4616.70233 17.858 0.027
4617.82265 17.870 0.041
4618.74401 17.719 0.024
4622.68099 17.533 0.022
4623.76100 17.766 0.030
4624.69626 17.781 0.030
4625.68136 17.580 0.026
4626.78762 17.604 0.029
4627.66050 17.825 0.023
4628.65482 17.608 0.024
4629.71995 17.583 0.021
4630.65679 17.902 0.026
4631.67830 17.728 0.020
4632.67824 17.601 0.020
4633.73531 17.783 0.031
4639.78069 17.628 0.029
4640.68066 17.924 0.030
4641.83718 17.897 0.038
4642.67908 17.550 0.022
4643.64505 17.926 0.029
4644.71218 17.894 0.028
4645.64364 17.626 0.021
4646.61539 17.938 0.024
4647.62577 17.816 0.025
4649.61990 17.758 0.027
4650.64827 17.896 0.027
4651.66318 17.725 0.028
4652.59232 17.691 0.026
4653.58622 17.861 0.032
4654.62536 17.761 0.025
4655.58959 17.574 0.027
4656.59267 17.902 0.029
4658.75003 17.901 0.038
4660.69958 17.847 0.033
4661.58216 17.671 0.025
4665.74391 17.826 0.039
4666.64929 17.628 0.030
4670.71490 17.588 0.029
4671.63882 17.770 0.026
4672.59834 17.567 0.020
4674.60516 17.766 0.030
4677.57737 17.855 0.031
4681.59297 17.691 0.030
4682.61022 17.584 0.023
4683.60720 17.874 0.038
4684.62522 17.914 0.030
4685.59287 17.616 0.023
4686.72170 17.618 0.025
4687.64015 17.912 0.033
4688.58632 17.714 0.032
4694.66159 17.938 0.048
4697.58754 17.911 0.034
4698.61373 17.790 0.027
4700.60883 17.876 0.029
4701.59168 17.817 0.033
4702.60664 17.667 0.026
4703.67390 17.623 0.027
4708.60743 17.879 0.036
4710.64262 17.605 0.025
4720.62488 17.553 0.032
4721.59376 17.893 0.041
4724.60816 17.914 0.039
4726.58496 17.540 0.032
4731.63450 17.836 0.034
4738.51047 17.704 0.029
4748.57937 17.943 0.048
4755.53317 17.797 0.039
4875.86269 17.579 0.029
4878.89293 17.676 0.026
4885.87466 17.605 0.021
4888.82641 17.563 0.024
4892.82206 17.641 0.029
4897.90079 17.883 0.029
4901.84398 17.736 0.025
4903.84335 17.905 0.027
4904.90157 17.876 0.030
4906.89306 17.569 0.028
4910.89957 17.907 0.031
4912.88612 17.667 0.019
4914.86746 17.894 0.024
4925.80027 17.645 0.020
4927.85418 17.920 0.032
4929.82287 17.574 0.024
4930.85621 17.903 0.035
4931.80002 17.782 0.030
4932.75527 17.603 0.023
4933.80357 17.972 0.034
4938.77859 17.572 0.024
4939.80398 17.540 0.023
4941.75801 17.722 0.026
4942.79882 17.598 0.021
4943.79135 17.906 0.027
4950.80399 17.911 0.027
4952.83099 17.725 0.022
4953.79555 17.718 0.025
4954.75740 17.851 0.026
4955.75325 17.602 0.024
