2166.85961 17.847 0.022
2185.82550 17.793 0.037
2189.86524 17.769 0.026
2192.76843 17.736 0.018
2201.77885 17.766 0.017
2212.81291 17.769 0.024
2217.79730 17.745 0.024
2223.81787 17.767 0.024
2226.79223 17.790 0.021
2228.83565 17.769 0.021
2230.74910 17.897 0.022
2232.76932 17.827 0.022
2234.76327 17.750 0.019
2238.71395 17.810 0.021
2240.84287 17.873 0.026
2242.84860 17.785 0.029
2248.72986 17.735 0.018
2251.75951 17.790 0.019
2253.78287 17.684 0.017
2255.70541 17.897 0.027
2258.70486 17.868 0.020
2264.81347 17.771 0.018
2269.78637 17.703 0.021
2271.73468 17.847 0.022
2273.82502 17.845 0.026
2275.79848 17.727 0.024
2277.80126 17.743 0.019
2279.79809 17.808 0.020
2281.76094 17.773 0.018
2283.81813 17.755 0.018
2289.75499 17.742 0.020
2291.76111 17.740 0.028
2293.72947 17.831 0.026
2295.75051 17.787 0.019
2297.74144 17.737 0.022
2299.77384 17.844 0.025
2303.67467 17.674 0.026
2323.57664 17.774 0.019
2326.58363 17.772 0.022
2332.52706 17.795 0.028
2338.54960 17.813 0.020
2356.49276 17.769 0.027
2387.50545 17.774 0.039
2524.87020 17.829 0.025
2537.87189 17.800 0.035
2542.83676 17.747 0.021
2544.89515 17.701 0.026
2551.88535 17.793 0.025
2559.82327 17.765 0.025
2563.86848 17.865 0.028
2573.79497 17.822 0.026
2577.85776 17.757 0.022
2583.75419 17.739 0.024
2589.79498 17.749 0.019
2605.76248 17.784 0.019
2609.67284 17.729 0.024
2611.67665 17.773 0.030
2617.82328 17.792 0.025
2620.79230 17.782 0.018
2623.76551 17.801 0.021
2626.69061 17.800 0.024
2627.63239 17.902 0.037
2628.85773 17.744 0.026
2630.84647 17.721 0.030
2632.63716 17.807 0.025
2635.63181 17.826 0.020
2637.77201 17.792 0.021
2641.66253 17.818 0.021
2643.67461 17.833 0.021
2645.66603 17.771 0.018
2651.66122 17.770 0.020
2653.68578 17.750 0.026
2655.67087 17.752 0.021
2657.80383 17.819 0.026
2659.67184 17.789 0.019
2661.69573 17.745 0.019
2665.79762 17.866 0.025
2671.80354 17.744 0.020
2675.73402 17.705 0.017
2677.76893 17.803 0.030
2679.75947 17.868 0.027
2682.61820 17.845 0.026
2686.61134 17.733 0.024
2691.55665 17.791 0.027
2695.59548 17.755 0.026
2700.54648 17.753 0.024
2713.53159 17.815 0.029
2841.93586 17.869 0.029
2868.89838 17.853 0.026
2890.84148 17.860 0.031
2895.87718 17.797 0.020
2900.83287 17.708 0.020
2906.86384 17.781 0.018
2910.89719 17.847 0.020
2915.89734 17.849 0.025
2922.77751 17.687 0.028
2925.86588 17.784 0.024
2930.77847 17.765 0.021
2933.82287 17.729 0.017
2939.83126 17.765 0.021
2941.84930 17.700 0.017
2943.72413 17.847 0.024
2946.82717 17.859 0.026
2948.81749 17.855 0.024
2952.81352 17.730 0.021
2956.65690 17.761 0.019
2958.68371 17.736 0.021
2962.69460 17.793 0.022
2965.71165 17.790 0.021
2967.81101 17.826 0.020
2970.77661 17.778 0.018
2974.71617 17.848 0.021
2976.75004 17.825 0.020
2978.64456 17.744 0.024
2980.67100 17.708 0.022
2982.63013 17.821 0.024
2984.67128 17.776 0.021
2986.75914 17.766 0.022
2988.72710 17.786 0.021
2990.66050 17.860 0.019
2992.75015 17.748 0.018
2994.65792 17.679 0.019
2996.74823 17.795 0.020
2998.70295 17.804 0.019
2999.79609 17.738 0.021
3001.67370 17.812 0.018
3003.66937 17.763 0.020
3005.62638 17.748 0.024
3007.74482 17.806 0.020
3009.68065 17.815 0.020
3011.62624 17.710 0.025
3013.65690 17.785 0.021
3017.63219 17.766 0.017
3018.72405 17.872 0.024
3020.79927 17.871 0.030
3022.82574 17.789 0.021
3024.77428 17.711 0.019
3026.77161 17.806 0.018
3028.78367 17.802 0.018
3030.78393 17.783 0.019
3033.71125 17.751 0.015
3035.71753 17.726 0.018
3038.69592 17.683 0.021
3040.69554 17.848 0.025
3042.63911 17.750 0.022
3044.57301 17.721 0.021
3046.58848 17.830 0.019
3048.57344 17.808 0.017
3050.59230 17.804 0.018
3052.58935 17.728 0.017
3054.59019 17.850 0.021
3056.58739 17.782 0.018
3058.58116 17.729 0.018
3060.60161 17.776 0.019
3064.60616 17.784 0.024
3067.66313 17.848 0.021
3069.62322 17.749 0.024
3073.53801 17.807 0.027
3075.62736 17.773 0.021
3078.54722 17.761 0.021
3082.53622 17.845 0.026
3084.61215 17.839 0.018
3087.57445 17.830 0.021
3090.53043 17.801 0.026
3093.51073 17.936 0.035
3098.61965 17.853 0.026
3101.57732 17.921 0.039
3104.55056 17.832 0.026
3111.52409 17.770 0.027
3114.51807 17.723 0.022
3126.48249 17.835 0.022
3144.49779 17.819 0.028
3224.89797 17.796 0.025
3239.93193 17.741 0.027
3247.90288 17.739 0.019
3256.88113 17.833 0.021
3263.85595 17.755 0.015
3268.87170 17.871 0.018
3273.84328 17.775 0.019
3276.86139 17.861 0.027
3281.82631 17.820 0.017
3289.83974 17.795 0.021
3294.83789 17.724 0.017
3296.84323 17.815 0.017
3301.69415 17.806 0.025
3303.86318 17.833 0.021
3306.83780 17.799 0.021
3308.85478 17.818 0.020
3311.66489 17.711 0.022
3320.69803 17.800 0.019
3329.82706 17.784 0.016
3334.72686 17.808 0.026
3338.78264 17.732 0.017
3349.79885 17.727 0.018
3351.78371 17.933 0.021
3354.75184 17.872 0.021
3358.63818 17.747 0.016
3361.73395 17.819 0.019
3363.72410 17.735 0.019
3367.67764 17.864 0.024
3372.69641 17.785 0.017
3377.73258 17.837 0.025
3386.75837 17.764 0.015
3391.60372 17.760 0.021
3395.66779 17.840 0.021
3398.71551 17.819 0.020
3402.66077 17.757 0.017
3404.58863 17.908 0.021
3408.54205 17.789 0.019
3412.58734 17.920 0.024
3414.61890 17.836 0.022
3419.58976 17.712 0.020
3426.52524 17.853 0.022
3433.57644 17.774 0.022
3443.55819 17.777 0.019
3453.51340 17.789 0.020
3575.91858 17.732 0.021
3589.89001 17.812 0.019
3617.88693 17.826 0.019
3629.82641 17.894 0.026
3634.79255 17.841 0.020
3639.90277 17.848 0.027
3641.83640 17.742 0.019
3650.83174 17.771 0.016
3653.85974 17.825 0.017
3657.81024 17.740 0.015
3660.77593 17.802 0.022
3664.81141 17.773 0.017
3668.74770 17.886 0.024
3672.75722 17.788 0.017
3676.85865 17.790 0.019
3684.80285 17.878 0.018
3687.72185 17.851 0.018
3689.82042 17.821 0.019
3692.74483 17.821 0.021
3694.81882 17.807 0.018
3696.69410 17.761 0.019
3699.70631 17.703 0.018
3701.75724 17.915 0.018
3704.72372 17.729 0.016
3706.77791 17.887 0.017
3711.66891 17.784 0.019
3713.68257 17.715 0.016
3716.73164 17.835 0.031
3719.75940 17.717 0.026
3722.81861 17.798 0.022
3726.68184 17.835 0.019
3728.65459 17.792 0.016
3731.75513 17.885 0.019
3733.64132 17.771 0.016
3734.74428 17.837 0.017
3736.76317 17.811 0.018
3737.65182 17.889 0.017
3739.71392 17.813 0.017
3741.82018 17.792 0.027
3743.71805 17.696 0.017
3746.76045 17.726 0.024
3748.71309 17.851 0.026
3750.71926 17.810 0.019
3752.72733 17.794 0.018
3754.74863 17.769 0.019
3755.66839 17.719 0.019
3757.64250 17.753 0.018
3759.60815 17.853 0.025
3762.69300 17.789 0.018
3765.71494 17.729 0.014
3769.75553 17.815 0.017
3772.72384 17.804 0.018
3775.71579 17.801 0.027
3778.69428 17.849 0.020
3782.60243 17.738 0.021
3786.57848 17.825 0.020
3791.57481 17.775 0.019
3798.57453 17.884 0.019
3805.56171 17.748 0.019
3820.50707 17.922 0.026
3945.90201 17.810 0.017
3961.93727 17.790 0.029
3968.91936 17.736 0.019
3974.91529 17.759 0.022
3981.80832 17.802 0.024
3995.84325 17.809 0.020
4002.83935 17.805 0.017
4005.78937 17.729 0.016
4007.79357 17.711 0.017
4011.77400 17.813 0.024
4018.75956 17.764 0.021
4023.81307 17.843 0.019
4026.72367 17.916 0.022
4028.85973 17.864 0.016
4031.74746 17.792 0.022
4037.85636 17.738 0.017
4040.82366 17.735 0.018
4042.83845 17.854 0.020
4048.80323 17.784 0.021
4052.64610 17.755 0.016
4053.84383 17.829 0.017
4056.68734 17.873 0.026
4059.67456 17.861 0.019
4064.64269 17.779 0.017
4066.62044 17.786 0.021
4069.68603 17.757 0.017
4071.61395 17.713 0.021
4076.68287 17.737 0.025
4079.69945 17.712 0.020
4082.68979 17.718 0.016
4084.76966 17.684 0.020
4087.68910 17.822 0.018
4093.77812 17.781 0.017
4109.67402 17.813 0.016
4113.69261 17.777 0.017
4119.63085 17.850 0.025
4122.67969 17.855 0.019
4125.72709 17.812 0.020
4129.72655 17.778 0.019
4142.58934 17.853 0.024
4150.56135 17.825 0.019
4166.51966 17.811 0.029
4184.50923 17.773 0.030
4340.90980 17.727 0.017
4346.89792 17.729 0.022
4350.91648 17.857 0.026
4357.85007 17.820 0.028
4363.77852 17.773 0.026
4365.80215 17.726 0.032
4369.79775 17.784 0.024
4372.77244 17.800 0.021
4376.86298 17.745 0.024
4379.86952 17.769 0.020
4383.87358 17.812 0.019
4388.86754 17.885 0.026
4393.74143 17.726 0.019
4398.81663 17.718 0.019
4403.75726 17.865 0.028
4411.75245 17.794 0.020
4417.83526 17.800 0.019
4421.74766 17.775 0.017
4425.82086 17.845 0.025
4429.73161 17.809 0.035
4432.77320 17.754 0.019
4436.69968 17.830 0.024
4439.74383 17.847 0.025
4442.72123 17.849 0.026
4448.77691 17.742 0.017
4450.78160 17.844 0.024
4453.75741 17.805 0.020
4456.77075 17.690 0.021
4459.68077 17.760 0.020
4462.68280 17.739 0.019
4465.72302 17.737 0.018
4469.67614 17.877 0.027
4474.67817 17.794 0.018
4478.78095 17.669 0.019
4481.77972 17.682 0.019
4484.68945 17.709 0.022
4487.75183 17.764 0.031
4492.70443 17.716 0.020
4494.73888 17.892 0.028
4499.63586 17.754 0.021
4502.69308 17.754 0.025
4507.65183 17.792 0.022
4509.64907 17.750 0.022
4516.59773 17.823 0.028
4520.66968 17.722 0.024
4522.55677 17.807 0.024
4524.57079 17.807 0.028
4530.57599 17.795 0.025
4532.56800 17.789 0.027
4537.56608 17.746 0.022
4540.61481 17.719 0.024
