2116.78882 15.626 0.008
2128.67479 15.898 0.008
2135.56069 15.703 0.006
2143.62853 15.658 0.006
2162.62172 15.785 0.008
2170.52799 15.887 0.008
2173.60194 15.764 0.008
2183.54479 15.690 0.009
2195.58168 15.841 0.009
2200.55587 15.663 0.009
2346.83150 15.667 0.006
2351.83257 15.889 0.008
2360.84124 15.743 0.008
2371.81384 15.802 0.008
2380.80254 15.768 0.008
2384.77446 15.724 0.008
2388.77824 15.745 0.008
2390.74819 15.696 0.009
2397.90647 15.785 0.008
2401.70885 15.887 0.008
2403.77014 15.659 0.006
2405.70601 15.893 0.008
2415.70753 15.762 0.008
2417.79117 15.641 0.008
2425.87176 15.861 0.009
2431.71896 15.637 0.006
2433.69384 15.653 0.009
2434.83969 15.655 0.006
2436.62904 15.672 0.006
2438.64464 15.727 0.006
2440.62601 15.690 0.006
2443.65984 15.661 0.008
2445.55691 15.890 0.009
2452.62791 15.773 0.009
2458.76392 15.660 0.006
2462.68035 15.892 0.008
2464.54776 15.664 0.006
2467.47436 15.843 0.009
2469.48480 15.868 0.008
2471.77476 15.876 0.008
2473.47295 15.872 0.009
2483.52772 15.843 0.008
2490.50441 15.697 0.008
2492.74097 15.643 0.008
2495.48211 15.883 0.009
2495.53194 15.666 0.006
2496.48821 15.706 0.006
2497.49215 15.841 0.008
2497.59296 15.636 0.006
2498.57211 15.892 0.006
2499.47295 15.899 0.008
2499.63024 15.729 0.006
2500.48354 15.708 0.008
2501.47813 15.864 0.009
2501.65713 15.803 0.008
2502.48946 15.737 0.008
2503.47016 15.904 0.016
2508.48061 15.747 0.008
2511.63627 15.813 0.009
2521.58296 15.717 0.008
2535.51194 15.666 0.009
2539.60849 15.886 0.009
2540.58651 15.653 0.009
2545.53839 15.763 0.008
2550.57506 15.635 0.009
2555.53747 15.838 0.009
2561.56183 15.885 0.009
2571.50385 15.856 0.010
2701.89703 15.662 0.006
2712.89762 15.901 0.008
2727.85650 15.630 0.006
2732.87428 15.894 0.009
2743.86208 15.699 0.006
2748.89386 15.680 0.009
2755.88465 15.799 0.008
2759.87602 15.813 0.008
2765.90233 15.875 0.008
2770.63194 15.660 0.008
2782.81602 15.653 0.008
2784.80927 15.663 0.006
2786.70489 15.897 0.009
2788.85176 15.657 0.005
2790.90064 15.719 0.008
2794.69123 15.900 0.009
2796.62947 15.790 0.006
2802.68662 15.884 0.010
2808.73418 15.755 0.008
2810.65289 15.891 0.008
2812.62986 15.865 0.008
2813.71881 15.765 0.008
2815.65843 15.657 0.008
2816.79355 15.642 0.006
2817.80295 15.892 0.009
2819.57771 15.680 0.008
2821.56665 15.700 0.008
2830.60320 15.907 0.009
2835.53430 15.705 0.009
2836.76243 15.672 0.008
2838.65873 15.772 0.009
2840.58339 15.900 0.008
2844.69417 15.627 0.006
2849.52311 15.668 0.008
2849.53546 15.642 0.008
2849.65139 15.821 0.008
2849.73567 15.903 0.008
2851.62374 15.759 0.008
2853.63440 15.794 0.006
2856.51218 15.869 0.008
2858.48802 15.823 0.008
2860.60263 15.761 0.009
2863.68962 15.898 0.009
2867.59597 15.788 0.008
2870.67421 15.676 0.006
2874.66275 15.658 0.008
2878.55477 15.803 0.008
2884.62625 15.643 0.006
2893.65400 15.823 0.008
2896.51685 15.752 0.008
2906.65698 15.833 0.008
2912.63634 15.806 0.008
2924.55957 15.692 0.008
2934.57639 15.821 0.009
2942.53711 15.751 0.008
3048.87613 15.834 0.008
3057.87119 15.660 0.006
3066.90333 15.890 0.008
3069.85600 15.625 0.006
3071.86360 15.647 0.006
3074.85128 15.895 0.008
3076.89789 15.890 0.009
3078.90295 15.873 0.012
3081.80329 15.668 0.006
3084.74608 15.723 0.006
3086.74429 15.720 0.006
3088.74794 15.752 0.006
3090.84748 15.921 0.008
3092.82262 15.911 0.009
3097.78540 15.617 0.006
3099.78353 15.641 0.006
3101.72188 15.740 0.009
3103.73068 15.669 0.006
3107.86734 15.811 0.008
3109.70166 15.763 0.006
3110.71236 15.798 0.008
3112.71280 15.809 0.006
3113.75605 15.630 0.006
3115.75470 15.627 0.006
3118.76890 15.908 0.008
3122.76429 15.891 0.008
3125.74210 15.659 0.008
3126.67983 15.820 0.006
3127.68188 15.670 0.006
3128.70029 15.874 0.008
3129.67977 15.674 0.006
3130.84223 15.640 0.008
3131.84167 15.862 0.010
3134.64895 15.763 0.009
3135.71524 15.645 0.006
3139.71112 15.663 0.006
3140.67862 15.875 0.006
3141.84228 15.893 0.006
3144.67532 15.889 0.008
3146.62981 15.824 0.008
3151.63132 15.666 0.008
3152.64030 15.867 0.008
3153.64253 15.631 0.006
3153.93220 15.619 0.008
3154.71783 15.833 0.008
3156.63285 15.868 0.008
3158.67057 15.901 0.009
3162.68366 15.893 0.008
3163.60185 15.657 0.006
3163.92326 15.621 0.006
3164.59535 15.860 0.006
3165.59507 15.667 0.006
3166.81004 15.706 0.008
3167.83027 15.836 0.008
3168.63616 15.897 0.008
3169.60642 15.629 0.006
3170.70132 15.678 0.005
3171.61932 15.639 0.006
3172.60899 15.883 0.006
3174.59505 15.876 0.006
3175.59632 15.610 0.006
3176.62227 15.925 0.006
3178.65816 15.840 0.006
3179.68658 15.806 0.006
3180.55712 15.835 0.006
3182.59148 15.869 0.008
3182.63852 15.873 0.008
3183.56425 15.634 0.006
3183.59433 15.624 0.006
3184.57437 15.885 0.006
3184.84480 15.848 0.008
3185.65807 15.768 0.006
3191.87378 15.656 0.008
3193.74530 15.891 0.009
3194.72406 15.658 0.006
3195.52969 15.642 0.006
3196.52798 15.878 0.009
3197.76830 15.753 0.006
3199.56876 15.639 0.006
3202.62356 15.681 0.008
3203.56757 15.667 0.006
3205.56424 15.684 0.006
3206.54612 15.892 0.006
3207.54916 15.642 0.006
3210.77680 15.866 0.008
3211.53557 15.649 0.006
3217.54100 15.690 0.008
3218.53845 15.903 0.009
3223.52978 15.702 0.008
3224.54529 15.843 0.006
3226.50020 15.895 0.008
3229.50878 15.677 0.006
3230.54882 15.718 0.006
3239.65745 15.793 0.008
3241.54481 15.855 0.009
3244.64332 15.729 0.009
3246.54548 15.657 0.008
3248.55313 15.638 0.006
3250.53801 15.645 0.006
3254.54030 15.624 0.006
3257.68227 15.632 0.006
3262.52142 15.634 0.006
3266.50281 15.612 0.008
3268.53822 15.640 0.006
3272.51353 15.632 0.006
3273.59766 15.645 0.008
3277.59321 15.622 0.008
3279.57291 15.715 0.008
3287.49713 15.894 0.008
3431.89477 15.747 0.006
3438.89290 15.685 0.006
3444.82956 15.873 0.006
3446.85453 15.806 0.008
3448.88912 15.650 0.006
3452.77303 15.885 0.006
3454.83007 15.831 0.008
3456.83773 15.737 0.006
3467.83944 15.814 0.006
3469.91163 15.896 0.006
3477.90157 15.866 0.006
3480.70032 15.870 0.006
3483.69527 15.617 0.006
3496.89910 15.806 0.008
3497.66248 15.612 0.008
3499.70599 15.686 0.006
3500.89138 15.808 0.006
3501.69793 15.686 0.006
3502.85334 15.720 0.006
3503.85496 15.799 0.005
3504.69075 15.888 0.006
3508.70489 15.777 0.008
3509.84337 15.789 0.006
3511.72795 15.822 0.006
3512.67906 15.878 0.008
3520.57934 15.867 0.006
3521.83014 15.692 0.006
3522.82563 15.773 0.008
3523.64869 15.713 0.006
3524.63282 15.889 0.006
3525.86421 15.607 0.006
3526.89731 15.885 0.008
3527.81044 15.711 0.008
3528.64078 15.840 0.006
3529.59810 15.630 0.006
3530.73266 15.615 0.005
3538.80096 15.806 0.006
3544.70997 15.642 0.006
3547.73989 15.836 0.008
3550.71569 15.680 0.005
3551.82821 15.630 0.005
3553.63092 15.844 0.008
3554.58985 15.800 0.009
3556.59491 15.733 0.006
3558.56479 15.874 0.006
3559.78145 15.637 0.005
3560.75617 15.835 0.006
3561.72304 15.729 0.006
3562.77962 15.883 0.006
3563.52710 15.652 0.006
3569.81456 15.687 0.008
3573.51386 15.667 0.008
3574.57639 15.642 0.006
3575.56477 15.805 0.006
3576.52305 15.838 0.006
3577.57541 15.841 0.006
3578.54877 15.674 0.006
3579.50719 15.687 0.006
3580.52279 15.806 0.006
3581.55253 15.811 0.006
3582.51134 15.837 0.006
3583.55104 15.832 0.006
3584.53721 15.658 0.005
3585.52774 15.775 0.006
3586.58614 15.624 0.006
3587.64219 15.843 0.006
3588.57872 15.632 0.005
3589.53742 15.827 0.006
3590.51753 15.687 0.006
3591.56245 15.870 0.006
3592.53588 15.657 0.006
3593.62432 15.863 0.006
3594.57666 15.595 0.009
3601.48890 15.772 0.006
3602.51397 15.635 0.008
3603.50795 15.831 0.008
3607.52408 15.866 0.006
3608.51561 15.613 0.006
3617.56919 15.832 0.008
3620.67283 15.890 0.006
3632.54350 15.755 0.008
3634.60672 15.873 0.008
3640.58721 15.882 0.008
3646.51472 15.779 0.012
3651.50629 15.693 0.006
3653.53425 15.640 0.008
3774.84196 15.894 0.006
3780.82644 15.920 0.009
