 726.85281 19.173 0.068
 729.74822 19.079 0.077
 741.80085 19.031 0.082
 744.79558 18.925 0.071
 746.81634 18.831 0.065
 747.76049 18.713 0.051
 748.71807 18.777 0.055
 749.85214 18.855 0.071
 750.82882 18.772 0.070
 751.82655 18.727 0.072
 754.77704 18.795 0.084
 759.68626 19.266 0.078
 761.83625 19.158 0.085
 769.80957 19.117 0.089
 776.79763 19.215 0.102
 778.82677 19.099 0.108
 780.80648 19.006 0.071
 782.78601 18.959 0.070
 789.81839 18.840 0.075
 792.72490 19.196 0.106
 795.81030 18.585 0.046
 796.76443 19.279 0.095
 798.82914 18.569 0.058
 817.73325 19.012 0.074
 824.75157 18.878 0.077
 826.71625 18.797 0.065
 827.71664 18.777 0.055
 828.70658 18.803 0.057
 830.78203 18.721 0.067
 831.57280 19.068 0.102
 832.55555 19.043 0.085
 833.55964 19.135 0.092
 834.68097 19.117 0.078
 834.81315 18.693 0.072
 835.67197 19.221 0.071
 837.69211 19.137 0.061
 838.74022 19.167 0.109
 839.69060 19.091 0.079
 841.73337 19.236 0.096
 842.76952 19.263 0.102
 843.80670 19.084 0.071
 844.54928 18.991 0.099
 846.79671 19.133 0.082
 855.68461 18.931 0.173
 856.75760 19.011 0.108
 857.75535 18.987 0.099
 858.74190 18.991 0.088
 859.78513 19.022 0.085
 860.63121 18.714 0.065
 866.61250 19.200 0.122
 874.59584 19.218 0.085
 876.63068 19.158 0.078
 876.73284 19.221 0.098
 878.63796 19.327 0.101
 880.65444 19.133 0.098
 885.56612 19.026 0.142
 887.69893 19.204 0.132
 890.72246 19.220 0.162
 891.55776 18.768 0.067
 892.52221 18.631 0.061
 893.68827 19.101 0.106
 896.53799 18.582 0.058
 900.59163 18.525 0.065
 919.59272 18.968 0.111
 925.60062 18.923 0.094
 934.55218 18.735 0.085
 937.56912 18.608 0.088
 950.54589 19.279 0.116
 952.53664 19.120 0.088
 953.51730 19.014 0.102
1074.84965 18.917 0.111
1076.83132 18.757 0.077
1080.78987 18.556 0.051
1083.85308 18.604 0.055
1084.84911 18.540 0.051
1086.87395 18.540 0.046
1090.75442 19.202 0.126
1092.77137 19.106 0.113
1093.81331 19.209 0.102
1106.79741 19.061 0.068
1108.81603 19.132 0.075
1114.82438 18.891 0.055
1120.77212 18.758 0.078
1126.79312 19.096 0.091
1129.85533 19.006 0.071
1132.85096 19.173 0.101
1135.80035 19.126 0.079
1140.84948 19.230 0.079
1142.80103 18.949 0.060
1152.75878 18.930 0.099
1154.78394 18.777 0.064
1156.74888 18.811 0.063
1158.81749 18.852 0.074
1160.81485 18.746 0.064
1164.79687 18.845 0.053
1165.84256 18.689 0.064
1167.76578 19.159 0.106
1168.72515 19.114 0.099
1171.76689 19.162 0.063
1175.76608 19.141 0.091
1179.81637 19.244 0.123
1181.77732 19.224 0.119
1184.72375 18.986 0.064
1187.71523 18.873 0.071
1188.72907 18.919 0.054
1189.77812 18.904 0.057
1191.79233 18.961 0.058
1192.80073 18.939 0.060
1193.84020 19.045 0.077
1194.71578 18.720 0.077
1201.80419 18.690 0.064
1202.81333 18.730 0.063
1204.71976 19.158 0.089
1206.81984 18.583 0.050
1207.73058 19.172 0.128
1208.79367 19.175 0.105
1212.79129 19.246 0.125
1214.70232 19.081 0.096
1215.60706 19.001 0.068
1216.71597 19.126 0.088
1217.76529 19.022 0.091
1219.67964 19.086 0.087
1220.78696 19.157 0.092
1221.65303 18.974 0.095
1223.74203 19.020 0.082
1226.63208 18.853 0.064
1227.63691 18.802 0.060
1230.70378 18.950 0.074
1232.74290 18.835 0.092
1235.63738 19.072 0.085
1238.60896 19.146 0.115
1240.73277 18.823 0.088
1242.60228 19.081 0.099
1243.70002 19.171 0.105
1245.67685 19.204 0.111
1248.55517 19.034 0.099
1251.55304 18.947 0.102
1255.56228 18.892 0.095
1256.60355 18.910 0.079
1258.63883 18.900 0.068
1259.64649 18.906 0.064
1261.60056 18.948 0.070
1266.53315 18.890 0.092
1267.58778 18.836 0.098
1268.60115 18.749 0.087
1274.60432 19.142 0.118
1277.58918 19.275 0.102
1279.57446 19.170 0.098
1281.59668 19.295 0.118
1289.48633 18.894 0.108
1290.55579 19.092 0.101
1298.48529 18.661 0.081
1301.55955 18.881 0.101
1305.58823 18.819 0.084
1312.56492 19.166 0.120
1317.49795 19.089 0.085
1319.54937 19.140 0.111
1329.47705 18.903 0.113
1330.54163 19.020 0.137
1335.49447 18.897 0.094
1431.89327 19.169 0.075
1433.89026 19.133 0.118
1436.80782 18.994 0.084
1439.89904 19.118 0.077
1443.83921 18.888 0.119
1447.85148 18.915 0.113
1449.89327 18.739 0.108
1454.85784 18.907 0.104
1459.82484 19.246 0.116
1461.86288 19.019 0.092
1462.85325 19.206 0.120
1471.84929 19.184 0.094
1476.74193 18.952 0.096
1478.81959 19.033 0.081
1481.85803 18.965 0.087
1484.80778 18.843 0.061
1488.84007 18.818 0.068
1491.81879 18.567 0.058
1494.82418 18.721 0.071
1496.70683 19.319 0.115
1498.72857 19.278 0.096
1502.72463 19.164 0.104
1505.75940 19.221 0.118
1507.76036 19.250 0.115
1508.66259 18.980 0.079
1509.82682 19.200 0.089
1511.68204 18.921 0.071
1514.73018 18.962 0.091
1516.69962 18.848 0.068
1518.67162 18.653 0.057
1520.69722 18.712 0.068
1522.77742 18.906 0.077
1523.67044 18.968 0.147
1524.83738 18.849 0.071
1526.67502 19.241 0.088
1527.84128 18.968 0.106
1529.74451 19.014 0.071
1531.84722 18.724 0.058
1538.80340 19.056 0.094
1542.82803 19.213 0.087
1543.86075 19.170 0.102
1544.76986 19.036 0.068
1548.80274 19.098 0.087
1549.81532 19.095 0.074
1552.73865 19.074 0.074
1553.81361 18.996 0.079
1554.82886 18.990 0.058
1555.82285 19.008 0.084
1562.81484 18.897 0.077
1566.66431 19.183 0.101
1568.68591 19.195 0.101
1571.75060 19.101 0.088
1574.80262 18.919 0.060
1576.65649 19.288 0.111
1578.75681 19.200 0.113
1581.70613 19.137 0.087
1583.74541 19.187 0.116
1585.69153 19.024 0.085
1588.66626 19.005 0.099
1591.62998 18.852 0.096
1595.64574 18.768 0.081
1596.75900 19.104 0.120
1599.75093 18.893 0.084
1600.72848 18.864 0.098
1601.75677 18.949 0.091
1602.73827 18.716 0.074
1605.52959 19.268 0.119
1606.70496 18.514 0.071
1609.71839 19.156 0.099
1610.73596 19.223 0.133
1611.71329 19.318 0.139
1614.69948 19.217 0.111
1615.71394 19.257 0.120
1617.69518 19.157 0.092
1618.69360 19.146 0.154
1620.51136 18.889 0.091
1623.67636 19.287 0.149
1625.68077 19.106 0.105
1626.68178 19.085 0.095
1628.67011 18.958 0.082
1630.68933 18.990 0.072
1633.65262 18.868 0.063
1634.64604 18.772 0.064
1635.65973 18.898 0.094
1644.60988 19.165 0.088
1653.56942 19.107 0.111
1655.60521 18.980 0.099
1657.59437 19.041 0.140
1659.59799 19.140 0.116
1662.58748 19.025 0.111
1665.56949 18.967 0.109
1671.54728 18.653 0.096
1684.48921 18.938 0.166
1695.51501 19.002 0.109
1788.89245 19.089 0.087
1809.87370 19.009 0.063
1811.89866 18.907 0.077
1815.88217 18.786 0.058
1822.76382 19.161 0.085
1830.87211 19.135 0.098
1851.82015 18.878 0.102
1858.75203 19.152 0.118
1861.77977 19.129 0.092
1863.82165 19.062 0.068
1866.77231 19.108 0.084
1868.77673 19.162 0.065
1869.81124 19.335 0.105
1872.79478 19.075 0.104
2193.87175 18.973 0.041
2202.87182 19.233 0.060
2206.78080 19.136 0.068
2215.82470 19.001 0.058
2222.82421 18.748 0.057
2225.70708 19.232 0.068
2227.78214 19.119 0.061
2229.78798 19.191 0.079
2231.75637 19.178 0.067
2237.64400 19.011 0.072
2239.70496 19.211 0.057
2241.79672 19.233 0.063
2244.67634 18.996 0.060
2249.78621 19.116 0.055
2251.69449 18.770 0.044
2252.85491 19.117 0.070
2254.78121 18.838 0.041
2257.80471 18.876 0.036
2260.81210 18.923 0.071
2262.82976 18.768 0.039
2265.80436 18.630 0.040
2269.75439 19.147 0.071
2272.70353 19.073 0.060
2274.69901 19.130 0.057
2276.72331 19.124 0.065
2278.84280 19.087 0.070
2280.66552 19.090 0.068
2282.82687 19.234 0.072
2288.80548 19.202 0.072
2288.80878 18.969 0.055
2291.84230 19.075 0.068
2296.83740 18.944 0.088
2298.83037 18.903 0.058
2301.76112 18.865 0.065
2303.76043 18.788 0.060
2321.73225 19.229 0.078
2328.60943 18.774 0.054
2335.51928 19.169 0.075
2341.51663 19.265 0.085
2358.50897 18.833 0.050
2391.53562 18.951 0.078
2548.85006 18.804 0.064
2553.81748 18.526 0.047
2557.88233 18.654 0.047
2561.88498 18.461 0.034
2566.78893 19.336 0.135
2574.86412 19.255 0.078
2579.76440 18.896 0.057
2586.80127 18.778 0.041
2591.76550 18.798 0.048
2598.75306 19.188 0.070
2606.78194 19.097 0.054
2610.67985 18.803 0.061
2615.80712 19.072 0.061
2619.64553 18.697 0.043
2622.76559 18.883 0.055
2625.63090 19.115 0.072
2628.62869 19.302 0.096
2630.66563 19.206 0.071
2632.78685 18.700 0.044
2636.73681 19.214 0.074
2638.85392 18.668 0.063
2641.82931 19.182 0.071
2643.82938 19.138 0.064
2645.82860 19.254 0.074
2649.73954 19.122 0.058
2651.78238 19.233 0.063
2653.80981 19.248 0.084
2655.83666 19.357 0.087
2657.82864 19.199 0.084
2658.82086 19.205 0.135
2660.77544 18.946 0.057
2662.74888 18.910 0.057
2664.76535 18.899 0.072
2669.61843 19.104 0.067
2672.61632 19.198 0.089
2674.81854 18.706 0.055
2676.79166 18.760 0.063
2678.83753 18.580 0.034
2680.74587 19.115 0.064
2684.62274 18.986 0.054
2688.60028 18.956 0.063
2693.56193 18.718 0.039
2697.57797 18.829 0.048
2702.58452 19.119 0.087
2709.52998 19.170 0.075
2726.49615 18.777 0.055
2875.90718 18.972 0.070
2885.89780 18.474 0.037
2893.87841 19.291 0.092
2897.89508 19.173 0.065
2908.81577 18.955 0.064
2912.83898 19.079 0.053
2917.84715 18.740 0.043
2923.84987 18.767 0.050
2927.75825 19.049 0.088
2931.83640 19.290 0.079
2934.87128 19.159 0.064
2940.85135 19.101 0.053
2943.85614 19.123 0.047
2947.86455 19.064 0.054
2951.74147 18.644 0.046
2954.80864 18.713 0.053
2956.84696 18.770 0.044
2961.78332 19.088 0.058
2963.83429 18.624 0.036
2964.73172 19.222 0.072
2966.81098 19.283 0.050
2968.77181 19.350 0.067
2971.77505 19.125 0.057
2974.85400 19.270 0.074
2974.85745 19.257 0.070
2978.68406 18.961 0.063
2980.77834 19.089 0.060
2982.82741 19.105 0.058
2985.73008 18.814 0.044
2987.77773 18.960 0.067
2989.71874 18.708 0.039
2991.79220 18.860 0.043
2993.80187 18.831 0.046
2996.77585 18.610 0.034
2998.78865 18.573 0.039
3000.79972 18.523 0.046
3002.79008 19.090 0.058
3004.81579 19.133 0.058
3006.79889 19.451 0.081
3006.80235 19.226 0.057
3008.76498 19.168 0.060
3010.83566 19.259 0.065
3013.76139 19.211 0.074
3016.78569 19.075 0.068
3020.62601 18.779 0.040
3022.65827 18.892 0.040
3023.76631 19.016 0.048
3025.76944 19.030 0.040
3029.77272 18.873 0.051
3032.62150 19.183 0.067
3034.66956 19.187 0.043
3036.69968 19.080 0.050
3039.64162 19.220 0.071
3041.72466 19.121 0.078
3042.74642 19.181 0.102
3042.74992 19.195 0.094
3044.68870 19.246 0.065
3046.67484 19.174 0.075
3048.70805 19.136 0.050
3050.70499 19.103 0.047
3052.70123 19.118 0.046
3054.70735 19.225 0.064
3056.69443 19.102 0.048
3058.68777 19.024 0.046
3059.63400 18.950 0.041
3066.62497 18.568 0.041
3068.65317 18.636 0.046
3071.55158 19.265 0.087
3074.55156 19.241 0.094
3076.67085 19.334 0.094
3079.67043 19.363 0.070
3083.54060 19.119 0.092
3085.63885 19.325 0.071
3088.59619 19.206 0.070
3091.59969 19.007 0.060
3097.52416 18.672 0.053
3100.56170 18.779 0.068
3103.56980 18.539 0.040
3106.59915 18.623 0.046
3109.58229 19.242 0.064
3112.60808 19.378 0.085
3126.53726 19.043 0.078
3132.54028 19.029 0.087
3242.92184 19.327 0.095
3249.89938 18.822 0.058
3260.88096 19.319 0.082
3271.87130 19.034 0.054
3274.87450 19.118 0.068
3279.82801 18.874 0.050
3282.89383 18.976 0.057
3288.73624 19.219 0.070
3291.81715 19.268 0.070
3297.82849 19.121 0.040
3300.69262 18.925 0.060
3302.68730 19.093 0.088
3305.79889 19.221 0.063
3309.86010 19.084 0.060
3315.79604 18.920 0.044
3321.76046 18.627 0.036
3328.85868 18.688 0.039
3333.85846 18.564 0.046
3335.80753 19.444 0.123
3340.69138 18.994 0.053
3353.78346 18.965 0.041
3357.81109 18.926 0.040
3360.79069 18.738 0.048
3366.75472 18.899 0.043
3378.79799 19.284 0.075
3385.58790 18.829 0.060
3394.68699 18.698 0.039
3402.74526 18.601 0.034
3404.67696 19.315 0.070
3410.53478 19.126 0.053
3416.54235 18.926 0.053
3425.54872 18.712 0.058
3430.54546 18.446 0.037
3436.59634 18.940 0.051
3448.52659 19.083 0.065
3458.49803 18.858 0.050
3603.89837 19.053 0.055
3621.87610 18.546 0.032
3624.89989 18.804 0.046
3630.84705 19.258 0.088
3637.79814 19.117 0.070
3640.84232 19.151 0.048
3651.87480 18.893 0.048
3655.79196 18.767 0.039
3659.77193 19.121 0.085
3659.77536 19.139 0.072
3663.73587 18.964 0.072
3663.73933 18.915 0.065
3669.83445 19.064 0.055
3673.70836 18.926 0.058
3673.71180 18.689 0.041
3685.83534 18.934 0.047
3685.83876 18.962 0.046
3688.75421 18.712 0.039
3688.75767 18.795 0.040
3690.83222 18.973 0.072
3693.83855 18.755 0.044
3696.77618 18.982 0.044
3699.78905 19.175 0.044
3701.84401 18.985 0.047
3703.84083 19.208 0.054
3706.71609 19.291 0.050
3711.75160 19.280 0.053
3713.83964 19.213 0.070
3715.81594 19.267 0.060
3718.84704 19.208 0.070
3724.79037 18.985 0.041
3728.82464 18.873 0.040
3731.83180 18.850 0.039
3733.73116 18.681 0.034
3735.71073 19.168 0.044
3738.74469 19.208 0.055
3740.80961 18.905 0.043
3742.82904 19.054 0.072
3745.84651 19.155 0.067
3749.79678 19.279 0.116
3751.81064 19.136 0.081
3753.76074 19.022 0.057
3755.78891 19.067 0.061
3757.80886 18.968 0.046
3760.62049 18.874 0.050
3763.74119 18.834 0.034
3766.75774 18.767 0.063
3771.66719 19.178 0.054
3774.65867 19.171 0.054
3777.61696 19.200 0.068
3780.68111 19.075 0.072
3788.60747 18.920 0.041
3794.57700 18.842 0.048
3802.51786 19.180 0.074
3812.53064 19.247 0.060
3830.48398 18.600 0.051
3965.91247 19.128 0.050
3970.92825 18.964 0.071
3982.87875 18.650 0.043
3990.82568 19.351 0.087
3999.89502 19.254 0.084
4003.76735 19.005 0.043
4003.77077 18.973 0.040
4006.82013 19.137 0.060
4008.84115 19.032 0.047
4013.84960 18.922 0.070
4013.85303 18.919 0.065
4019.85768 18.723 0.037
4024.84720 18.502 0.036
4027.75176 19.176 0.064
4029.86237 19.184 0.054
4036.74094 19.196 0.065
4039.72909 18.869 0.051
4041.80282 19.214 0.057
4045.67113 18.737 0.067
4047.66752 18.654 0.053
4050.64328 19.059 0.060
4052.83255 18.857 0.034
4054.81940 18.886 0.047
4057.74445 18.729 0.046
4060.68386 19.123 0.051
4065.76790 19.288 0.055
4067.72408 19.179 0.051
4069.85965 19.116 0.074
4074.83888 19.087 0.070
4078.75679 19.327 0.070
4080.76817 19.087 0.065
4083.84280 19.349 0.088
4085.81764 19.160 0.078
4096.65091 19.361 0.064
4106.64151 19.237 0.081
4112.81835 19.320 0.068
4122.74641 19.148 0.050
4127.72340 18.922 0.036
4145.65606 19.273 0.088
4158.52623 18.513 0.036
4169.55558 19.256 0.061
4344.85827 18.791 0.053
4348.88513 18.657 0.047
4348.88856 18.662 0.040
4354.81341 19.313 0.089
4354.81686 19.246 0.081
4358.87848 19.149 0.068
4363.89388 19.328 0.098
4367.81616 19.094 0.061
4371.82689 19.085 0.061
4378.78082 18.753 0.051
4381.79772 18.687 0.057
4387.74024 19.574 0.085
4390.87733 18.510 0.039
4396.77801 19.216 0.071
4400.78596 19.322 0.088
4408.79765 19.143 0.071
4415.86329 19.032 0.061
4423.82536 18.748 0.041
4427.79178 18.876 0.057
4430.79500 19.128 0.070
4433.81248 19.125 0.077
4437.73895 19.120 0.078
4440.75876 19.178 0.063
4444.70373 19.034 0.072
4449.81831 19.071 0.064
4451.85383 19.171 0.098
4454.79358 18.903 0.044
4456.79594 18.930 0.057
4458.80266 18.897 0.051
4463.78604 18.566 0.034
4465.80281 18.570 0.037
4470.72282 19.245 0.061
4473.76584 19.014 0.077
4478.80731 19.234 0.058
4481.84942 19.212 0.070
4486.84719 19.266 0.106
4490.66531 18.717 0.050
4493.73591 18.918 0.063
4497.78824 18.882 0.054
4502.77106 18.561 0.057
4507.76216 19.078 0.074
4509.72583 19.020 0.058
4518.72506 19.416 0.142
4522.52537 18.804 0.057
4524.66577 19.084 0.061
4530.69018 18.900 0.044
4534.65682 18.635 0.041
4538.67214 18.717 0.050
4540.67217 18.943 0.065
4542.58931 19.107 0.065
