 748.68662 18.860 0.074
 750.79957 19.199 0.083
 754.80446 19.006 0.106
 759.70830 19.146 0.136
 761.78951 18.939 0.093
 778.85311 18.751 0.078
 795.83189 19.144 0.073
 798.75620 19.161 0.074
 817.75453 19.042 0.064
 819.83121 18.778 0.068
 826.79456 18.735 0.111
 830.75674 18.974 0.064
 831.59401 19.245 0.115
 833.58320 19.011 0.068
 835.80495 19.119 0.069
 841.75432 19.344 0.083
 842.74422 19.099 0.089
 844.59917 19.242 0.114
 846.77111 18.978 0.122
 855.70888 19.351 0.181
 856.67090 19.125 0.133
 859.75946 18.801 0.065
 860.65242 19.362 0.108
 865.56974 19.093 0.114
 867.62483 19.374 0.116
 874.68853 19.357 0.085
 876.60459 19.193 0.079
 876.70707 19.354 0.082
 878.69461 18.759 0.064
 880.62892 19.091 0.081
 885.58807 19.261 0.180
 887.67318 18.940 0.103
 890.69679 19.115 0.133
 892.54356 19.107 0.079
 893.70981 18.645 0.062
 896.51153 18.779 0.061
 900.56501 19.210 0.100
 919.56690 19.312 0.140
 925.51995 19.133 0.119
 931.57793 18.742 0.164
 934.52671 19.237 0.139
 947.54151 18.940 0.136
 950.51988 19.050 0.082
1072.90247 19.158 0.089
1079.81083 19.107 0.070
1080.81446 19.134 0.066
1083.82498 19.049 0.090
1084.82042 19.225 0.082
1086.84845 19.252 0.086
1090.77609 18.960 0.094
1091.88390 19.095 0.086
1092.82651 19.291 0.108
1093.83857 19.330 0.094
1114.79792 19.146 0.062
1119.84116 18.822 0.064
1126.76557 19.334 0.107
1129.82987 18.970 0.075
1131.83579 18.939 0.089
1132.82540 19.100 0.074
1137.80760 18.948 0.064
1138.84890 19.050 0.070
1142.77558 19.190 0.070
1152.73324 19.468 0.196
1154.74878 19.079 0.079
1155.70503 18.904 0.073
1157.75891 18.956 0.106
1159.76463 19.310 0.090
1161.82866 18.871 0.052
1163.83056 19.189 0.085
1164.84547 19.012 0.058
1166.76294 19.275 0.116
1167.78918 19.331 0.131
1168.77182 19.510 0.149
1171.74070 18.835 0.045
1175.73811 19.218 0.075
1179.78751 18.930 0.086
1181.75103 19.222 0.100
1183.83595 19.233 0.081
1185.83331 18.978 0.058
1187.78863 18.859 0.053
1189.72509 19.133 0.064
1191.76380 19.038 0.057
1192.82259 19.052 0.056
1193.81453 18.823 0.046
1194.69017 19.196 0.094
1201.77867 19.017 0.077
1202.78789 19.130 0.087
1204.69445 18.898 0.071
1206.79460 19.164 0.090
1207.70485 19.138 0.102
1211.76277 18.941 0.095
1214.67690 19.068 0.097
1216.65811 19.142 0.070
1217.73982 19.090 0.075
1219.65352 19.154 0.087
1220.76151 18.809 0.081
1221.62736 19.105 0.091
1223.71597 19.123 0.114
1226.60558 19.199 0.079
1230.67520 19.054 0.159
1233.57124 19.263 0.093
1235.70903 19.218 0.108
1237.59131 19.093 0.151
1238.63154 18.812 0.085
1240.70728 18.917 0.091
1244.66174 19.030 0.082
1247.51953 19.009 0.148
1261.51901 19.246 0.082
1267.55159 19.418 0.161
1272.53187 18.858 0.140
1274.54967 19.284 0.143
1301.58075 19.226 0.141
1306.49771 18.682 0.071
1330.51555 19.175 0.141
1335.50868 19.442 0.132
1431.86801 18.895 0.058
1433.86294 19.275 0.112
1436.77374 19.123 0.081
1439.85470 18.904 0.060
1441.87339 19.231 0.089
1443.89506 19.142 0.085
1447.82608 19.044 0.111
1449.86788 19.146 0.116
1453.81536 19.700 0.309
1454.88140 19.165 0.128
1459.74861 19.259 0.140
1462.82623 19.035 0.089
1471.82390 18.815 0.060
1476.71555 19.133 0.091
1478.79390 18.966 0.073
1484.78208 19.084 0.075
1487.85296 18.749 0.056
1489.76403 18.975 0.060
1491.79272 18.987 0.079
1493.73475 19.205 0.093
1496.63164 19.131 0.103
1498.69869 18.854 0.066
1500.83894 19.052 0.069
1503.67425 19.194 0.128
1505.78155 18.896 0.078
1507.73251 19.221 0.106
1508.68523 19.166 0.077
1509.71051 19.071 0.074
1511.70376 19.029 0.081
1512.80849 18.857 0.070
1514.75214 19.046 0.090
1517.71726 18.993 0.060
1519.67082 19.339 0.098
1522.75101 19.223 0.087
1523.69593 18.999 0.103
1525.67243 18.989 0.094
1527.79191 18.979 0.070
1528.80031 18.821 0.062
1529.84349 18.998 0.069
1538.77803 18.973 0.077
1544.74451 19.226 0.075
1547.81710 18.975 0.061
1548.82662 18.985 0.069
1552.71309 19.124 0.075
1553.78811 18.902 0.061
1554.80335 18.849 0.048
1555.79173 18.660 0.107
1562.78950 18.653 0.083
1566.63746 19.004 0.079
1568.66037 19.342 0.137
1571.72361 19.134 0.082
1575.68642 19.124 0.086
1581.67136 18.980 0.071
1584.64748 19.092 0.079
1586.65634 19.036 0.073
1592.64541 19.101 0.082
1593.54756 19.007 0.112
1595.62015 19.294 0.103
1596.73355 18.976 0.103
1600.65324 19.020 0.103
1601.73139 18.955 0.090
1602.71278 18.865 0.070
1604.70505 19.075 0.156
1606.67936 19.052 0.083
1609.69282 19.113 0.081
1610.71041 19.320 0.120
1611.68766 18.997 0.091
1613.67840 19.002 0.102
1615.68842 19.063 0.097
1616.62536 19.240 0.110
1617.66853 19.235 0.087
1620.68327 18.980 0.110
1622.67772 18.873 0.079
1624.67578 19.558 0.182
1625.65544 19.189 0.099
1627.67195 19.077 0.077
1629.64690 18.623 0.056
1630.66391 19.022 0.073
1634.62069 19.098 0.091
1635.63422 19.024 0.086
1656.59591 18.969 0.103
1658.51586 18.847 0.132
1660.49387 19.060 0.104
1670.50319 19.324 0.115
1682.47970 18.808 0.202
1782.90297 19.346 0.118
1783.89409 19.179 0.094
1790.88097 19.020 0.060
1818.86763 18.959 0.079
1823.88432 19.156 0.071
1826.86720 19.120 0.077
1843.80321 19.333 0.099
1843.85146 19.236 0.097
1844.81832 19.104 0.079
1845.70933 19.233 0.079
1845.77830 18.896 0.064
1847.63333 19.295 0.115
1847.72156 19.162 0.110
1849.62213 18.818 0.095
1850.72065 18.974 0.086
1852.73656 19.133 0.081
1855.79493 18.978 0.066
1856.70159 18.946 0.095
1858.60342 19.075 0.128
1858.70710 18.870 0.082
1858.79675 18.998 0.091
1860.76861 19.346 0.128
1860.83847 19.003 0.077
1861.69851 19.172 0.120
1862.61622 19.008 0.103
1862.75071 19.273 0.106
1864.61268 19.094 0.083
1864.75487 18.984 0.065
1866.68062 18.957 0.061
1866.79340 18.988 0.068
1866.84942 19.059 0.064
1868.66025 19.032 0.070
1868.75146 19.309 0.071
1869.78587 19.192 0.100
1869.82565 19.127 0.093
1870.71564 19.220 0.085
1870.82595 19.116 0.114
1872.70142 18.798 0.062
1872.77693 18.905 0.074
2187.77182 19.263 0.112
2193.84077 19.225 0.065
2202.84053 19.280 0.075
2215.79335 19.024 0.075
2222.79320 18.928 0.065
2224.84078 19.274 0.091
2227.75171 19.200 0.090
2229.75743 19.346 0.103
2231.72595 18.947 0.069
2233.69416 18.823 0.054
2237.61338 19.147 0.106
2239.67443 18.858 0.068
2241.76606 18.938 0.064
2243.83635 19.241 0.102
2248.69587 18.801 0.050
2250.72733 19.348 0.087
2252.82443 19.247 0.086
2254.74240 18.820 0.045
2257.75991 19.156 0.058
2260.76951 19.138 0.074
2265.70795 19.024 0.057
2266.78790 19.081 0.073
2270.81940 18.783 0.045
2272.67158 18.989 0.073
2274.79791 19.086 0.078
2276.85325 18.944 0.071
2278.81226 18.873 0.071
2280.79197 19.099 0.061
2282.79576 18.998 0.078
2290.68716 19.051 0.065
2293.80664 19.304 0.131
2295.83050 19.074 0.061
2297.81727 18.926 0.068
2299.83372 19.349 0.110
2301.72782 19.161 0.093
2302.80303 19.040 0.097
2303.72580 18.921 0.078
2321.69890 18.965 0.075
2328.57592 19.273 0.108
2334.57401 18.979 0.078
2340.56567 18.922 0.069
2346.50633 19.150 0.090
2360.50124 19.132 0.099
2391.50219 19.163 0.110
2540.87996 19.061 0.108
2548.81699 18.768 0.071
2553.78368 19.091 0.098
2557.84910 19.214 0.098
2561.84712 18.916 0.066
2565.85245 19.256 0.102
2574.80959 19.059 0.073
2578.86613 19.168 0.091
2586.76766 19.057 0.074
2590.84098 18.858 0.058
2596.84798 18.778 0.062
2606.74428 19.070 0.064
2610.64630 19.161 0.093
2614.81524 19.168 0.081
2619.69192 19.099 0.068
2621.81921 19.164 0.075
2624.71632 19.238 0.086
2627.83593 19.197 0.114
2630.60563 19.135 0.090
2632.75650 19.169 0.068
2636.70635 19.101 0.068
2638.75058 18.887 0.069
2641.79899 19.153 0.081
2643.79647 18.981 0.062
2645.79412 18.745 0.058
2649.66987 18.874 0.056
2651.74962 19.243 0.077
2653.74342 19.220 0.099
2655.77789 18.959 0.075
2657.76193 19.008 0.086
2659.82307 19.219 0.112
2661.62322 19.097 0.056
2666.60713 18.989 0.065
2668.83489 19.246 0.119
2673.78087 19.015 0.086
2676.76116 19.145 0.082
2678.80712 18.818 0.049
2680.69930 19.209 0.070
2684.58162 19.163 0.098
2688.55530 18.823 0.066
2692.52976 19.119 0.083
2697.54466 19.243 0.082
2702.54625 19.007 0.099
2708.57309 18.884 0.065
2725.50556 18.932 0.077
2875.87425 18.892 0.070
2884.89631 19.340 0.083
2890.91627 18.984 0.107
2896.87115 18.830 0.068
2902.80219 19.158 0.058
2907.86286 19.131 0.069
2912.80609 19.237 0.066
2917.81436 19.011 0.062
2923.81706 18.895 0.065
2926.86951 19.205 0.066
2931.79824 18.955 0.065
2934.83839 19.028 0.068
2940.81866 19.188 0.066
2943.82345 19.133 0.061
2947.83164 19.140 0.061
2950.74803 18.951 0.066
2954.77398 19.234 0.104
2956.81423 18.877 0.056
2958.85873 19.006 0.075
2963.75014 18.934 0.066
2966.77038 19.244 0.061
2968.73912 19.077 0.060
2971.80110 18.816 0.060
2974.82415 19.248 0.070
2976.68405 18.973 0.058
2979.66796 19.138 0.085
2981.68854 18.942 0.122
2983.82042 19.151 0.089
2985.78748 19.220 0.070
2987.74400 19.158 0.069
2989.68421 18.813 0.046
2991.75807 19.051 0.064
2993.76421 19.269 0.074
2995.83948 19.311 0.082
2997.81063 18.881 0.054
2998.75604 18.776 0.050
3000.76461 19.166 0.073
3002.75616 19.073 0.064
3004.74911 18.941 0.050
3006.74234 18.929 0.053
3008.70190 19.160 0.110
3010.80302 19.165 0.070
3012.80856 18.851 0.098
3016.75298 19.021 0.054
3018.78365 19.153 0.073
3020.84726 18.784 0.058
3021.87220 18.886 0.073
3023.73352 19.015 0.057
3025.73671 19.015 0.049
3027.75526 19.216 0.071
3029.73969 19.097 0.064
3031.81169 19.038 0.075
3034.63678 19.075 0.046
3036.66699 19.016 0.058
3039.60902 19.255 0.078
3041.69187 19.266 0.112
3042.71691 19.302 0.118
3044.65597 19.064 0.077
3046.64211 19.298 0.097
3048.67526 19.075 0.060
3050.67206 18.963 0.052
3052.66852 19.243 0.064
3054.67406 19.284 0.091
3056.66185 18.829 0.050
3058.65511 19.106 0.068
3060.70455 19.347 0.078
3066.59232 19.037 0.085
3068.62050 19.194 0.097
3071.51883 19.287 0.086
3074.51844 19.043 0.083
3076.63753 19.141 0.103
3079.63489 18.955 0.054
3082.70253 19.148 0.057
3085.60574 19.098 0.061
3088.56195 19.241 0.095
3091.56628 18.784 0.061
3096.61276 19.238 0.126
3100.52443 19.239 0.128
3103.53208 19.159 0.083
3106.56447 18.791 0.046
3109.54901 19.007 0.060
3113.56653 18.996 0.094
3127.52447 19.331 0.077
3133.54014 19.113 0.091
3230.91488 18.857 0.058
3242.88923 19.026 0.071
3249.85622 18.924 0.074
3260.84816 19.092 0.068
3264.89017 18.730 0.035
3271.83859 19.313 0.104
3274.84189 19.061 0.078
3279.79554 19.344 0.090
3282.86113 18.973 0.052
3291.78407 18.844 0.056
3295.80453 19.083 0.050
3297.79599 18.880 0.037
3299.86390 18.853 0.031
3301.87538 19.234 0.103
3305.76628 19.245 0.079
3309.82757 19.081 0.058
3315.86057 19.128 0.071
3321.72767 19.158 0.077
3324.83559 18.860 0.060
3333.82538 18.976 0.081
3336.66739 19.127 0.075
3339.84926 18.714 0.057
3353.75080 19.192 0.061
3357.77845 18.992 0.058
3360.75631 19.122 0.057
3363.83087 19.182 0.069
3370.78815 19.326 0.097
3376.74022 19.043 0.066
3378.76539 19.282 0.082
3394.64891 19.098 0.074
3396.67527 19.208 0.082
3399.80248 18.931 0.091
3402.71250 19.346 0.068
3404.64407 18.949 0.057
3409.56098 18.785 0.052
3418.55610 18.824 0.060
3426.54759 19.008 0.065
3432.53343 19.156 0.060
3439.50953 19.308 0.095
3447.53499 19.236 0.104
3457.51194 18.848 0.071
3603.86589 19.174 0.082
3620.90222 19.306 0.062
3630.81330 19.237 0.119
3637.75397 19.461 0.137
3640.80991 19.272 0.069
3651.84243 18.976 0.062
3654.88857 19.038 0.079
3658.85458 19.038 0.074
3660.85195 19.030 0.083
3664.86152 18.966 0.048
3668.84541 19.319 0.090
3672.83407 18.802 0.050
3676.72084 18.886 0.064
3685.79072 19.048 0.056
3688.72486 19.182 0.062
3690.79960 19.165 0.077
3693.70130 19.204 0.074
3695.86622 19.079 0.115
3699.75669 18.642 0.037
3701.80982 19.199 0.070
3703.80850 19.335 0.068
3706.68409 19.245 0.056
3711.71931 19.077 0.056
3713.80719 18.856 0.054
3715.78370 18.960 0.053
3718.75260 19.115 0.070
3722.64747 19.154 0.066
3726.72967 18.900 0.062
3728.79200 19.189 0.054
3730.76174 19.224 0.057
3732.83724 19.166 0.061
3734.83011 19.152 0.058
3735.67846 19.300 0.054
3737.83701 19.174 0.053
3739.85568 19.083 0.054
3741.59395 19.185 0.070
3746.80828 19.223 0.087
3748.78702 18.795 0.079
3750.80180 19.344 0.094
3753.67487 19.180 0.079
3755.75646 18.722 0.056
3757.77590 19.039 0.053
3760.75557 19.172 0.079
3763.70849 19.204 0.045
3766.72527 19.105 0.082
3770.75274 19.449 0.114
3774.62608 18.907 0.057
3777.58463 19.070 0.065
3779.70893 19.075 0.089
3781.74898 18.871 0.062
3786.60134 19.090 0.065
3793.55100 18.952 0.057
3801.54096 19.092 0.061
3811.53352 19.194 0.089
3828.49739 19.322 0.087
3958.92281 18.698 0.061
3965.87621 18.748 0.039
3970.89637 19.158 0.065
3982.84694 19.108 0.068
3993.80006 19.038 0.079
4002.86048 19.371 0.070
4004.87877 19.119 0.053
4006.78828 19.316 0.066
4008.80933 19.157 0.057
4013.82092 19.252 0.098
4019.82368 19.109 0.065
4024.81520 18.981 0.057
4026.88422 18.908 0.086
4029.83025 19.456 0.087
4032.86499 19.071 0.073
4039.69717 19.208 0.075
4041.77091 18.889 0.053
4043.77601 19.209 0.098
4049.73919 19.125 0.054
4052.80070 19.083 0.053
4054.78748 19.149 0.064
4056.84599 18.814 0.044
4059.74064 18.882 0.050
4064.85439 19.263 0.062
4066.81083 19.115 0.061
4068.84567 19.149 0.057
4070.76809 19.374 0.094
4074.80690 18.825 0.058
4077.85568 19.202 0.090
4080.73541 19.089 0.075
4083.72210 19.119 0.085
4085.78568 19.037 0.087
4095.64703 19.184 0.064
4103.77746 19.304 0.099
4112.78254 19.194 0.070
4121.77709 19.061 0.075
4126.75655 19.086 0.075
4129.79015 18.983 0.050
4143.56699 19.129 0.066
4157.56500 19.141 0.093
4169.52196 19.101 0.078
4199.49137 18.939 0.079
4343.88385 19.148 0.081
4348.85657 19.180 0.074
4353.88413 19.178 0.081
4358.83633 19.091 0.106
4363.85314 19.225 0.118
4367.84131 18.783 0.056
4371.79085 19.033 0.074
4378.73026 18.958 0.068
4381.76587 19.317 0.116
4386.88343 19.179 0.102
4390.84542 19.053 0.060
4395.71224 19.430 0.166
4399.87086 19.081 0.093
4408.72476 19.047 0.079
4412.80824 19.287 0.106
4427.75975 18.925 0.071
4430.76310 19.237 0.110
4433.78054 18.999 0.068
4437.70716 19.196 0.111
4440.72678 18.932 0.064
4443.84437 19.157 0.108
4449.78614 18.751 0.070
4451.82176 19.361 0.107
4455.79144 18.938 0.074
4458.77011 19.147 0.075
4462.76415 19.196 0.068
4464.80970 18.661 0.054
4467.78080 19.092 0.071
4472.69673 19.181 0.064
4476.78375 19.034 0.056
4480.73419 19.107 0.056
4484.81362 19.005 0.060
4488.73448 19.176 0.103
4492.75376 19.245 0.089
4497.75794 18.754 0.050
4500.63100 18.846 0.049
4502.74081 19.047 0.094
4507.74483 19.105 0.099
4509.69553 18.875 0.069
4512.74402 19.335 0.087
4518.69284 19.118 0.123
4521.73032 19.282 0.120
4524.62990 18.975 0.069
4530.65599 19.261 0.090
4533.62166 19.245 0.074
4534.62451 18.878 0.069
4538.63914 19.473 0.137
4542.54716 18.785 0.077
