 530.85845 15.904 0.014
 534.79218 15.909 0.015
 535.79952 15.617 0.012
 539.80403 15.734 0.013
 540.78668 16.075 0.013
 541.79554 15.777 0.012
 550.80847 15.650 0.007
 551.91505 16.096 0.008
 552.75438 15.628 0.007
 553.87798 16.072 0.008
 554.75646 15.689 0.007
 555.80260 16.059 0.009
 557.70948 15.999 0.009
 557.79913 16.059 0.009
 557.88900 15.539 0.007
 558.75470 15.747 0.008
 558.89069 15.893 0.008
 559.70487 16.047 0.009
 560.68384 15.738 0.008
 560.77428 15.797 0.008
 560.88718 15.913 0.008
 561.68287 16.082 0.009
 561.81114 15.539 0.006
 561.88056 15.618 0.007
 562.72303 15.789 0.008
 562.80718 15.883 0.008
 562.89794 15.956 0.008
 563.81435 15.580 0.007
 563.90175 15.680 0.008
 567.72283 15.588 0.006
 567.85218 15.727 0.007
 568.72152 15.914 0.008
 568.80631 16.015 0.008
 569.68847 15.572 0.007
 570.68244 15.915 0.008
 570.86151 16.006 0.008
 571.66383 15.623 0.008
 571.78348 15.750 0.007
 571.89664 15.861 0.008
 572.73104 16.042 0.010
 572.86761 15.644 0.008
 573.65831 15.644 0.007
 573.83360 15.830 0.007
 574.68031 16.012 0.008
 574.77066 16.046 0.009
 575.68129 15.749 0.010
 575.86828 15.895 0.008
 576.68435 16.075 0.008
 576.82554 15.534 0.006
 577.83789 15.885 0.008
 578.68567 16.045 0.008
 581.65765 15.812 0.008
 581.87653 16.028 0.008
 582.67009 15.558 0.007
 582.88772 15.736 0.008
 583.66509 15.883 0.008
 583.77481 15.936 0.008
 583.90980 16.017 0.009
 587.68093 15.941 0.008
 588.66378 15.656 0.007
 588.78157 15.751 0.007
 590.76322 15.781 0.009
 599.67487 15.544 0.007
 600.66092 15.883 0.007
 600.80041 16.036 0.008
 601.73122 15.649 0.006
 601.93296 15.876 0.009
 605.59345 15.614 0.010
 605.92243 15.917 0.010
 606.59328 15.927 0.008
 606.73252 16.069 0.008
 606.90631 15.626 0.007
 607.58641 15.647 0.006
 607.70657 15.753 0.007
 607.86324 15.886 0.008
 608.58155 15.952 0.008
 608.69837 16.054 0.009
 608.85488 15.613 0.006
 614.60315 15.746 0.007
 614.79241 15.677 0.005
 615.58351 15.792 0.007
 615.67807 15.880 0.007
 615.77307 15.983 0.008
 615.89197 15.945 0.008
 616.58386 15.667 0.007
 616.70204 15.635 0.007
 616.79747 15.731 0.009
 616.89317 15.844 0.009
 622.79363 15.861 0.009
 623.66806 16.069 0.008
 623.80742 15.541 0.007
 624.58502 15.685 0.007
 624.68070 15.767 0.007
 624.75505 15.854 0.007
 625.59499 16.028 0.009
 625.69439 15.761 0.007
 626.57618 15.717 0.007
 626.65068 15.775 0.008
 626.79030 15.918 0.008
 627.81264 15.653 0.008
 628.62948 15.797 0.007
 628.72933 15.903 0.008
 628.83827 15.995 0.009
 629.59930 15.908 0.008
 629.71948 15.583 0.007
 630.56925 15.779 0.007
 631.64665 15.543 0.006
 631.74287 15.668 0.007
 632.63740 15.887 0.009
 632.72943 15.967 0.008
 633.61653 15.560 0.006
 635.68628 15.703 0.007
 643.56057 15.735 0.007
 643.65572 15.825 0.008
 645.57401 15.787 0.007
 649.51475 15.823 0.009
 652.55998 15.587 0.007
 653.70144 16.103 0.009
 656.60143 15.717 0.007
 657.59820 16.097 0.008
 658.60571 15.764 0.008
 663.54461 15.748 0.007
 665.57185 15.538 0.006
 666.50813 15.837 0.008
 667.54425 15.579 0.005
 669.50684 15.566 0.006
 670.67520 16.094 0.009
 671.51014 15.627 0.008
 673.64763 15.803 0.008
 684.49694 15.540 0.006
 685.48774 15.889 0.008
 686.53960 15.636 0.007
 687.53281 15.945 0.008
 688.51332 15.668 0.007
 689.49821 15.951 0.008
 694.50317 15.758 0.008
 697.50447 15.624 0.007
 698.50002 15.859 0.008
 699.49654 15.527 0.006
 700.51235 15.892 0.009
 701.49635 15.584 0.009
 704.51393 15.961 0.010
 708.58427 15.718 0.008
 713.50539 15.846 0.008
 720.50936 15.680 0.007
 728.61546 15.917 0.009
 742.56146 15.533 0.008
 753.52458 16.085 0.010
 878.84822 16.070 0.007
 890.89335 15.736 0.008
 896.82160 15.797 0.007
 900.82083 15.885 0.007
 918.83078 15.612 0.006
 924.89102 15.819 0.008
 928.89118 15.901 0.008
 930.81374 15.885 0.008
 933.79408 15.573 0.006
 936.83753 16.011 0.008
 937.78056 15.649 0.007
 939.74122 15.668 0.007
 941.71518 15.672 0.006
 950.69243 15.642 0.007
 951.76293 15.917 0.008
 952.72969 15.580 0.006
 953.74367 15.934 0.008
 954.74885 15.656 0.006
 962.71023 15.788 0.007
 963.71723 15.733 0.007
 964.78541 15.879 0.006
 965.68746 15.708 0.007
 965.90292 15.717 0.008
 966.66320 15.819 0.007
 966.87809 16.038 0.008
 968.81354 16.009 0.010
 969.70333 15.599 0.009
 970.71050 15.927 0.009
 970.83268 16.088 0.010
 971.67749 15.612 0.006
 978.62572 16.051 0.009
 984.69290 15.554 0.005
 985.59622 15.814 0.006
 988.71095 15.694 0.007
 990.67413 15.686 0.006
 991.64452 15.986 0.010
 992.79294 15.870 0.009
 995.68226 15.855 0.009
 998.75909 15.925 0.008
1006.73745 16.085 0.010
1011.76714 15.900 0.008
1021.65816 15.977 0.008
1026.61787 15.733 0.007
1035.55902 15.534 0.006
1036.60371 15.920 0.008
1037.61009 15.652 0.007
1038.64179 16.026 0.010
1039.68367 15.761 0.009
1040.52856 15.933 0.008
1041.54203 15.666 0.007
1043.57194 15.731 0.008
1045.52026 15.736 0.007
1046.52757 16.101 0.008
1047.56165 15.798 0.009
1048.54094 15.815 0.008
1051.58754 15.906 0.009
1053.62369 15.987 0.009
1054.51606 15.569 0.006
1060.53581 15.739 0.008
1061.52441 16.066 0.010
1064.52806 15.804 0.008
1065.49534 15.963 0.008
1069.64000 15.717 0.008
1074.53940 16.044 0.009
1077.59253 15.823 0.008
1080.50462 15.955 0.009
1087.55404 15.983 0.008
1090.56169 15.747 0.008
1092.60434 15.829 0.009
1105.57252 15.739 0.007
1107.53233 15.745 0.008
1108.54688 16.063 0.011
1109.51621 15.781 0.010
1110.49838 16.064 0.011
1111.52244 15.824 0.010
1112.53188 15.576 0.009
1113.55342 15.928 0.011
1114.49977 15.548 0.008
1116.50115 15.571 0.008
1118.55047 15.688 0.010
1119.51816 15.963 0.010
1120.53029 15.690 0.012
1120.53958 15.706 0.010
1121.50527 15.971 0.011
1122.50313 15.733 0.010
1122.51105 15.685 0.010
1124.50390 15.764 0.010
1125.51351 16.050 0.010
1126.51451 15.799 0.011
1127.51376 15.727 0.011
1128.51448 15.845 0.011
1220.86930 15.540 0.008
1225.85098 15.917 0.009
1237.86958 15.552 0.007
1242.80702 15.909 0.010
1252.80281 15.725 0.008
1255.85638 15.911 0.009
1259.81994 15.976 0.009
1264.90318 15.859 0.009
1267.91144 15.588 0.007
1272.87659 15.973 0.009
1279.89147 15.828 0.008
1289.78882 15.925 0.008
1291.87140 16.097 0.008
1295.76745 16.049 0.009
1296.88337 15.866 0.008
1297.83490 15.716 0.008
1299.87469 15.577 0.008
1305.80482 15.633 0.007
1306.68376 15.879 0.008
1307.90027 15.779 0.008
1312.77883 16.102 0.009
1313.89993 15.893 0.008
1315.79026 15.841 0.008
1316.71546 16.014 0.009
1317.79615 15.891 0.009
1318.78381 15.561 0.007
1319.81675 15.918 0.008
1320.66748 15.737 0.008
1321.69193 15.874 0.008
1327.76925 16.086 0.010
1332.82217 15.893 0.008
1335.72324 15.526 0.006
1338.77095 15.961 0.009
1340.66957 15.901 0.008
1342.62522 15.899 0.008
1346.68327 16.074 0.009
1347.71334 15.792 0.007
1348.74668 15.626 0.007
1350.78823 15.600 0.006
1354.63795 15.539 0.007
1355.61271 15.856 0.009
1360.81351 15.847 0.009
1365.67729 15.815 0.008
1366.62379 15.775 0.008
1367.69095 15.540 0.008
1368.63968 15.828 0.007
1369.74075 15.649 0.007
1370.58060 15.821 0.008
1374.72650 16.035 0.010
1375.65024 15.678 0.007
1394.59387 15.700 0.008
1395.57245 15.998 0.008
1397.72163 15.525 0.007
1398.57579 15.750 0.007
1399.59791 15.954 0.009
1400.60462 15.819 0.008
1401.56276 15.893 0.009
1402.55551 15.815 0.008
1403.62555 15.567 0.007
1404.55890 15.872 0.008
1407.57686 15.616 0.008
1408.55403 15.913 0.008
1410.56622 15.987 0.011
1415.56100 15.774 0.009
1416.54129 16.092 0.009
1418.52208 15.964 0.009
1430.61175 15.811 0.009
1433.51778 16.048 0.010
1436.61824 15.931 0.008
1441.52364 15.628 0.009
1443.51792 15.687 0.008
1447.54422 15.771 0.009
1449.54405 15.839 0.009
1454.54205 15.606 0.008
1459.52045 15.978 0.010
1479.51490 15.765 0.010
1593.88589 15.929 0.009
1594.87364 15.632 0.007
1595.86765 15.960 0.009
1596.89137 15.696 0.008
1609.83030 15.563 0.007
1616.90451 15.860 0.008
1618.84089 16.040 0.010
1621.79211 15.792 0.009
1623.80396 15.862 0.009
1625.85348 15.921 0.008
1627.81327 15.924 0.009
1630.89536 15.759 0.009
1633.78722 16.046 0.009
1643.79771 15.632 0.008
1644.90857 16.078 0.008
1646.85806 16.065 0.010
1652.82409 15.673 0.007
1653.81272 15.853 0.008
1655.91604 15.962 0.009
1661.86086 16.063 0.008
1662.90862 15.800 0.007
1663.82606 16.086 0.008
1665.73833 16.009 0.010
1666.82958 15.808 0.007
1667.87383 15.541 0.007
1668.88753 15.890 0.008
1670.75613 15.818 0.007
1671.85018 15.610 0.007
1674.81094 15.943 0.008
1676.79261 15.973 0.008
1681.83301 15.806 0.008
1682.83561 15.720 0.009
1687.85540 15.946 0.009
1692.67335 15.547 0.006
1693.77540 15.990 0.008
1695.85485 15.964 0.007
1698.71006 15.714 0.007
1700.87618 15.913 0.008
1702.70069 15.784 0.007
1703.85750 15.650 0.008
1705.69891 15.561 0.007
1706.72001 15.887 0.008
1709.64186 15.529 0.006
1717.67279 15.750 0.007
1721.74755 15.876 0.009
1722.65441 15.629 0.007
1725.71285 15.939 0.008
1726.62185 15.545 0.007
1728.66594 15.659 0.007
1729.64138 15.967 0.006
1730.61254 15.654 0.008
1731.52764 15.887 0.008
1732.68001 15.738 0.007
1738.65711 15.858 0.014
1742.67143 15.934 0.008
1743.64836 15.630 0.007
1743.79781 15.778 0.008
1744.56951 15.888 0.009
1744.65234 15.942 0.009
1744.73069 16.051 0.010
1744.80388 15.870 0.010
1745.53001 15.537 0.007
1745.65845 15.683 0.007
1745.68390 15.709 0.007
1745.68993 15.722 0.007
1745.69593 15.728 0.007
1745.71567 15.735 0.007
1745.72168 15.742 0.007
1745.74118 15.743 0.007
1745.74720 15.765 0.007
1745.76683 15.784 0.008
1745.77287 15.802 0.008
1745.79896 15.830 0.009
1745.80498 15.822 0.008
1745.81178 15.840 0.009
1745.81779 15.841 0.013
1745.82381 15.850 0.010
1745.83015 15.875 0.009
1745.83618 15.865 0.010
1746.47989 15.844 0.009
1746.48648 15.859 0.008
1746.49250 15.866 0.008
1746.49872 15.865 0.008
1746.50472 15.867 0.008
1746.52018 15.895 0.008
1746.53308 15.905 0.009
1746.53906 15.898 0.009
1746.55199 15.895 0.008
1746.55801 15.900 0.008
1746.57118 15.904 0.008
1746.57720 15.919 0.008
1746.59034 15.929 0.008
1746.59638 15.946 0.008
1746.60929 15.945 0.008
1746.61531 15.952 0.008
1746.63232 15.984 0.008
1746.63832 15.995 0.008
1746.65136 15.999 0.008
1746.65737 16.006 0.009
1746.67027 16.024 0.008
1746.67626 16.037 0.008
1746.68262 16.057 0.008
1746.68863 16.061 0.009
1746.70131 16.076 0.009
1746.71383 16.091 0.009
1746.72671 16.091 0.008
1746.73323 16.069 0.009
1746.73924 16.054 0.009
1748.58382 15.982 0.009
1749.46900 15.551 0.007
1749.52472 15.630 0.007
1749.78686 15.897 0.008
1750.51183 15.937 0.009
1750.66789 15.956 0.008
1751.46159 15.611 0.009
1751.47141 15.622 0.007
1751.54712 15.695 0.007
1751.58485 15.734 0.007
1751.77097 15.898 0.008
1752.54598 16.051 0.010
1752.62065 15.987 0.009
1752.78576 15.634 0.007
1753.47133 15.666 0.008
1753.53215 15.719 0.007
1753.56395 15.747 0.007
1753.57692 15.755 0.007
1753.58337 15.766 0.007
1753.58988 15.769 0.007
1753.59618 15.779 0.007
1753.60250 15.789 0.007
1753.60851 15.786 0.007
1753.61453 15.797 0.007
1753.62087 15.797 0.007
1753.62686 15.816 0.007
1753.63287 15.830 0.007
1753.63928 15.839 0.007
1753.64528 15.830 0.007
1753.65127 15.850 0.008
1753.65793 15.860 0.008
1753.66392 15.861 0.008
1753.66991 15.873 0.008
1753.67644 15.882 0.008
1753.68245 15.887 0.008
1753.68847 15.890 0.008
1753.69492 15.892 0.008
1753.70093 15.881 0.008
1753.70696 15.882 0.008
1753.71362 15.897 0.008
1753.71964 15.887 0.008
1753.72567 15.902 0.008
1753.73262 15.905 0.008
1753.73863 15.904 0.009
1753.74466 15.919 0.008
1753.75113 15.931 0.009
1753.75713 15.916 0.009
1753.76314 15.927 0.009
1753.76964 15.940 0.009
1753.77564 15.947 0.009
1753.78165 15.939 0.009
1753.78844 15.948 0.009
1754.46438 15.968 0.013
1754.47619 16.019 0.010
1754.61485 15.715 0.007
1755.46884 15.717 0.008
1755.62938 15.868 0.008
1756.50994 16.091 0.008
1756.56727 15.733 0.007
1757.60469 15.882 0.008
1758.61138 15.562 0.007
1759.54014 15.852 0.007
1760.49730 15.661 0.007
1760.58977 15.601 0.007
1761.55673 15.921 0.009
1762.55405 15.603 0.007
1763.50804 15.900 0.008
1764.59784 15.707 0.007
1765.60084 16.056 0.009
1769.57168 16.079 0.009
1771.57387 15.738 0.010
1772.58381 15.868 0.008
1773.59839 15.537 0.007
1775.59921 15.591 0.007
1776.59446 15.925 0.008
1777.60898 15.664 0.007
1783.60943 15.781 0.007
1784.59912 15.985 0.009
1785.59852 15.807 0.008
1787.59360 15.853 0.008
1788.56257 15.616 0.008
1790.57607 15.571 0.007
1803.52352 15.968 0.009
1806.57339 15.889 0.008
1809.58275 15.666 0.007
1811.59098 15.711 0.009
1814.53946 16.071 0.009
1816.52707 16.092 0.010
1818.50928 16.074 0.010
1824.55208 15.607 0.008
1829.54014 16.042 0.010
1834.51275 15.788 0.008
1843.52042 15.677 0.007
1844.52311 15.994 0.009
2072.60108 15.703 0.008
2072.61102 15.709 0.008
2072.62234 15.718 0.008
2072.63095 15.728 0.008
2072.63958 15.728 0.008
2072.65503 15.743 0.008
2072.66365 15.753 0.008
2072.67231 15.752 0.007
2072.68095 15.771 0.008
2072.68960 15.770 0.008
2072.69825 15.781 0.008
2072.72835 15.811 0.008
2072.73697 15.828 0.008
2072.74556 15.835 0.008
2072.75421 15.847 0.008
2072.76281 15.853 0.008
2072.77143 15.852 0.008
2072.78046 15.876 0.008
2072.78907 15.878 0.008
2072.79767 15.882 0.008
2072.80629 15.890 0.008
2072.81493 15.896 0.009
2072.82353 15.881 0.008
2072.83306 15.905 0.009
2072.84195 15.907 0.009
2072.85106 15.918 0.009
2072.86194 15.924 0.009
2072.87052 15.940 0.009
2072.87913 15.934 0.010
2072.89329 15.967 0.010
2072.90189 15.982 0.010
2072.91045 15.990 0.010
2073.58234 16.015 0.010
2073.59771 16.051 0.009
2073.60632 16.058 0.009
2073.61491 16.081 0.009
2073.62354 16.087 0.009
2073.63217 16.070 0.009
2073.64077 16.099 0.009
2073.64955 16.072 0.009
2073.65819 16.046 0.008
2073.66871 16.013 0.008
2073.67766 15.964 0.008
2073.68629 15.866 0.008
2073.69492 15.747 0.008
2073.70352 15.729 0.007
2073.71219 15.699 0.007
2073.72082 15.653 0.007
2073.73028 15.588 0.007
2073.73886 15.550 0.007
2073.74743 15.536 0.007
2073.75603 15.533 0.006
2073.76461 15.545 0.006
2073.77321 15.549 0.007
2073.78648 15.564 0.007
2073.80914 15.592 0.007
2073.82494 15.598 0.007
2073.83397 15.626 0.008
2073.84915 15.643 0.007
2073.85774 15.643 0.007
2073.86633 15.652 0.007
2073.87493 15.646 0.008
2073.88353 15.666 0.008
2073.89703 15.700 0.008
2073.90560 15.680 0.008
2074.57630 15.725 0.008
2074.58493 15.731 0.008
2074.59355 15.739 0.008
2074.60217 15.742 0.008
2074.61079 15.736 0.008
2074.61943 15.757 0.008
2074.63716 15.757 0.009
2074.64576 15.781 0.009
2074.65436 15.800 0.008
2074.66303 15.804 0.009
2074.67166 15.797 0.008
2074.68051 15.823 0.008
2074.70288 15.841 0.008
2074.71152 15.841 0.008
2074.72012 15.863 0.008
2074.73135 15.875 0.008
2074.73992 15.857 0.008
2074.76370 15.883 0.008
2074.77232 15.897 0.008
2074.78091 15.906 0.009
2074.78951 15.911 0.009
2074.79938 15.897 0.009
2074.80798 15.913 0.008
2074.81682 15.930 0.009
2074.82543 15.937 0.009
2074.83403 15.938 0.008
2074.84266 15.959 0.008
2074.85130 15.973 0.008
2074.85987 15.965 0.008
2074.86892 15.980 0.008
2074.87746 16.006 0.010
2074.88606 16.007 0.009
2074.89472 16.021 0.009
2074.90334 16.056 0.009
2075.61108 16.062 0.010
2075.61969 16.058 0.010
2075.62828 16.002 0.010
2075.63690 15.948 0.009
2075.64553 15.832 0.008
2075.66516 15.720 0.008
2075.67375 15.670 0.008
2075.68236 15.610 0.007
2075.69099 15.562 0.007
2075.69963 15.541 0.007
2075.70822 15.529 0.007
2075.71725 15.532 0.007
2075.72650 15.544 0.007
2075.73510 15.551 0.007
2075.74367 15.549 0.007
2075.77047 15.605 0.008
2075.77907 15.622 0.008
2075.78765 15.628 0.008
2075.79652 15.647 0.008
2075.80514 15.646 0.008
2075.81375 15.653 0.008
2075.82236 15.667 0.008
2075.83093 15.681 0.008
2075.84358 15.689 0.008
2075.85218 15.709 0.008
2075.86080 15.713 0.008
2075.86939 15.700 0.009
2075.87794 15.734 0.008
2075.88654 15.727 0.009
2075.89544 15.733 0.009
2076.68960 15.886 0.009
2076.69822 15.875 0.009
2076.70684 15.878 0.009
2076.72033 15.898 0.009
2076.73029 15.911 0.010
2076.73910 15.909 0.009
2076.74787 15.905 0.010
2076.75661 15.907 0.009
2076.76539 15.919 0.010
2076.77417 15.927 0.010
2076.79006 15.947 0.009
2076.80142 15.961 0.010
2076.81414 15.983 0.010
2076.82663 15.986 0.009
2076.83536 15.998 0.009
2076.84411 16.012 0.010
2076.85283 16.021 0.009
2076.86160 16.047 0.010
2076.87031 16.052 0.010
2076.87962 16.093 0.010
2076.88836 16.092 0.010
2077.58633 16.005 0.010
2077.60692 15.784 0.008
2077.61760 15.728 0.008
2077.62853 15.689 0.007
2077.63729 15.639 0.007
2077.65017 15.571 0.007
2077.65894 15.531 0.006
2077.66767 15.530 0.006
2077.67639 15.527 0.006
2077.68859 15.546 0.007
2077.69738 15.561 0.006
2077.70615 15.579 0.007
2077.71491 15.577 0.007
2077.72365 15.589 0.007
2077.73240 15.603 0.007
2077.74219 15.617 0.008
2077.75096 15.618 0.008
2077.75976 15.631 0.007
2077.76851 15.651 0.007
2077.77725 15.662 0.008
2077.78938 15.674 0.007
2077.79809 15.692 0.008
2077.80684 15.692 0.007
2077.81563 15.706 0.007
2077.82438 15.712 0.007
2077.83314 15.713 0.008
2077.84225 15.733 0.008
2077.85098 15.740 0.009
2077.85974 15.748 0.009
2077.86848 15.751 0.008
2077.87716 15.761 0.008
2077.88592 15.754 0.009
2077.89489 15.780 0.009
2077.90367 15.779 0.010
2078.59219 15.819 0.009
2078.60094 15.829 0.009
2078.60971 15.832 0.009
2078.61844 15.849 0.009
2078.62721 15.854 0.009
2078.63599 15.857 0.008
2078.65637 15.872 0.008
2078.66510 15.888 0.007
2078.67388 15.874 0.007
2078.68263 15.898 0.008
2078.69140 15.894 0.008
2078.70013 15.908 0.008
2078.70979 15.914 0.008
2078.71872 15.914 0.008
2078.72744 15.916 0.008
2078.73619 15.938 0.008
2078.74492 15.933 0.008
2078.75368 15.962 0.009
2078.76672 15.967 0.009
2078.78557 15.994 0.009
2078.79435 15.998 0.009
2078.80310 16.038 0.010
2078.81185 16.039 0.009
2078.83791 16.078 0.010
2078.84667 16.083 0.010
2078.86497 16.095 0.010
2078.87365 16.075 0.010
2078.88240 16.065 0.010
2079.62222 15.532 0.008
2079.63097 15.545 0.008
2079.63977 15.545 0.007
2079.64852 15.556 0.007
2079.65727 15.560 0.007
2079.66603 15.569 0.007
2079.67583 15.591 0.007
2079.68456 15.596 0.007
2079.69331 15.613 0.007
2079.70202 15.610 0.007
2079.71077 15.626 0.007
2079.73364 15.662 0.007
2079.74242 15.663 0.008
2079.75116 15.682 0.008
2079.75986 15.691 0.007
2079.76862 15.707 0.008
2079.78392 15.714 0.008
2079.79604 15.728 0.008
2079.80478 15.723 0.008
2079.81356 15.742 0.009
2080.55559 15.816 0.007
2080.57005 15.836 0.008
2080.57875 15.840 0.008
2080.58749 15.856 0.008
2080.59620 15.864 0.008
2080.60494 15.884 0.008
2080.61368 15.885 0.008
2080.62838 15.888 0.008
2080.63716 15.892 0.008
2080.64591 15.878 0.008
2080.65470 15.896 0.008
2080.66342 15.912 0.008
2080.67809 15.905 0.008
2080.69972 15.945 0.009
2080.70845 15.941 0.009
2080.71720 15.940 0.009
2080.75097 15.993 0.008
2080.76345 16.017 0.008
2080.77774 16.051 0.009
2080.80314 16.083 0.009
2080.81348 16.088 0.009
2080.82227 16.100 0.010
2080.83101 16.078 0.010
2080.83969 16.069 0.010
2080.84846 16.030 0.010
2080.85724 15.937 0.010
2081.56920 15.545 0.007
2081.57910 15.531 0.007
2081.58783 15.534 0.007
2081.59848 15.540 0.007
2081.61801 15.567 0.007
2081.66077 15.624 0.007
2081.70219 15.673 0.007
2081.71103 15.677 0.007
2081.71987 15.691 0.008
2081.72859 15.691 0.008
2081.73731 15.709 0.008
2081.74607 15.692 0.007
2081.75688 15.705 0.007
2081.76567 15.715 0.008
2081.77442 15.741 0.008
2081.78318 15.748 0.008
2081.80125 15.755 0.008
2081.80999 15.767 0.007
2081.81875 15.774 0.008
2081.83077 15.796 0.008
2082.64280 15.929 0.009
2082.68513 15.980 0.009
2082.69589 15.990 0.009
2082.70523 16.000 0.009
2082.71402 16.003 0.009
2082.72649 16.016 0.009
2082.73821 16.050 0.009
2082.74694 16.050 0.009
2082.75565 16.065 0.009
2082.76677 16.091 0.009
2082.78348 16.076 0.009
2082.79222 16.064 0.009
2082.80097 16.028 0.009
2082.80971 15.986 0.009
2082.81847 15.908 0.008
2082.82723 15.781 0.008
2082.83972 15.745 0.008
2082.84849 15.708 0.008
2082.85727 15.656 0.007
2082.86602 15.602 0.007
2082.87479 15.561 0.007
2085.63080 15.685 0.008
2085.63939 15.696 0.008
2085.64798 15.705 0.008
2085.65662 15.707 0.008
2085.66521 15.726 0.008
2085.67382 15.727 0.008
2085.68505 15.736 0.009
2085.69361 15.746 0.009
2085.70221 15.755 0.009
2085.71082 15.751 0.009
2085.71953 15.757 0.009
2085.72816 15.756 0.009
2085.73794 15.781 0.009
2085.74656 15.775 0.009
2085.75876 15.827 0.009
2085.77536 15.824 0.009
2085.78478 15.817 0.010
2085.79494 15.833 0.009
2085.80353 15.852 0.010
2085.82598 15.864 0.009
2085.83456 15.881 0.009
2085.84315 15.893 0.010
2085.85175 15.887 0.010
2085.86037 15.911 0.010
2086.55481 15.936 0.009
2086.56343 15.918 0.008
2086.57202 15.937 0.008
2086.59175 15.959 0.009
2086.60037 15.965 0.009
2086.60899 15.980 0.009
2086.62829 16.002 0.008
2086.64548 16.018 0.009
2086.70878 16.086 0.010
2086.73088 15.953 0.009
2086.73953 15.825 0.008
2086.74814 15.745 0.008
2086.75675 15.738 0.008
2086.76535 15.699 0.008
2086.77865 15.597 0.007
2086.78727 15.564 0.007
2086.79592 15.551 0.007
2086.80830 15.541 0.007
2086.81687 15.542 0.007
2086.82549 15.542 0.007
2086.83795 15.575 0.008
2086.84658 15.597 0.008
2086.85519 15.596 0.009
2086.86379 15.617 0.009
2087.56046 15.643 0.007
2087.60209 15.709 0.007
2087.61082 15.719 0.007
2087.61954 15.721 0.007
2087.62827 15.712 0.007
2087.63703 15.726 0.007
2087.64578 15.732 0.006
2087.65476 15.745 0.007
2087.66352 15.762 0.007
2087.67559 15.751 0.007
2087.68432 15.762 0.007
2087.69371 15.775 0.007
2087.71116 15.784 0.007
2087.71993 15.804 0.007
2087.72870 15.811 0.007
2087.73750 15.823 0.007
2087.74628 15.841 0.008
2087.75502 15.860 0.007
2087.76551 15.859 0.007
2087.77426 15.885 0.007
2087.78301 15.892 0.007
2087.79175 15.891 0.007
2087.80049 15.902 0.007
2087.80924 15.903 0.007
2087.81847 15.908 0.007
2087.82720 15.917 0.008
2087.83596 15.916 0.009
2087.84471 15.909 0.008
2087.85346 15.889 0.008
2087.86218 15.927 0.008
2088.55786 15.956 0.010
2088.56977 15.993 0.009
2088.57851 15.991 0.009
2088.58730 16.009 0.009
2088.59609 16.027 0.009
2088.60499 16.022 0.009
2088.61378 16.044 0.009
2088.62254 16.061 0.009
2088.63134 16.065 0.009
2088.64161 16.078 0.009
2088.65041 16.076 0.009
2088.65917 16.085 0.009
2088.66797 16.042 0.009
2088.67912 15.991 0.009
2088.68842 15.920 0.008
2088.69713 15.827 0.008
2088.70588 15.730 0.007
2088.71463 15.719 0.008
2088.72469 15.692 0.008
2088.73859 15.584 0.007
2088.74735 15.552 0.007
2088.75608 15.538 0.007
2088.76481 15.538 0.007
2088.77668 15.547 0.007
2088.78548 15.551 0.007
2088.79423 15.561 0.007
2088.80301 15.592 0.008
2088.81180 15.597 0.008
2088.82055 15.615 0.008
2088.82971 15.614 0.008
2088.83843 15.639 0.008
2088.84722 15.646 0.009
2089.61034 15.728 0.008
2089.61908 15.753 0.008
2089.62781 15.755 0.008
2089.63654 15.760 0.008
2089.64530 15.760 0.008
2089.65445 15.785 0.008
2090.64245 15.978 0.010
2090.65125 15.872 0.009
2090.66119 15.747 0.008
2090.66997 15.725 0.008
2090.67890 15.686 0.008
2090.70715 15.556 0.008
2090.71589 15.526 0.008
2090.72461 15.537 0.008
2090.73332 15.545 0.008
2090.74206 15.553 0.007
2090.75084 15.582 0.009
2090.76041 15.573 0.007
2090.76914 15.585 0.007
2090.77788 15.601 0.007
2090.78664 15.609 0.007
2090.79543 15.627 0.007
2090.80420 15.636 0.007
2090.81627 15.641 0.008
2090.82501 15.663 0.009
2090.83936 15.684 0.009
2091.58676 15.753 0.008
2091.59555 15.759 0.008
2091.60431 15.768 0.008
2091.61502 15.775 0.008
2091.63115 15.791 0.008
2091.65270 15.813 0.008
2091.66227 15.824 0.008
2091.67098 15.837 0.008
2091.68033 15.848 0.008
2091.68916 15.864 0.008
2091.69790 15.887 0.008
2091.70666 15.878 0.008
2091.71565 15.875 0.008
2091.72437 15.881 0.008
2091.73309 15.898 0.008
2091.74185 15.894 0.008
2091.75063 15.901 0.008
2091.76173 15.914 0.008
2091.77465 15.914 0.008
2091.78342 15.929 0.008
2091.79215 15.938 0.008
2091.80094 15.949 0.008
2091.80969 15.955 0.008
2091.81846 15.966 0.009
2091.82741 15.973 0.009
2091.83661 16.007 0.009
2091.84537 15.998 0.009
2091.85414 16.014 0.010
2091.86285 16.033 0.010
2091.87157 16.049 0.010
2092.64416 15.655 0.007
2092.65296 15.578 0.007
2092.66173 15.556 0.007
2092.67328 15.528 0.007
2092.68206 15.545 0.007
2092.69081 15.548 0.007
2092.69959 15.546 0.007
2092.70837 15.554 0.007
2092.71714 15.575 0.007
2092.73240 15.601 0.007
2092.74117 15.610 0.007
2092.75175 15.617 0.007
2092.76047 15.639 0.008
2092.76922 15.632 0.008
2092.77798 15.640 0.008
2092.78672 15.650 0.008
2092.79724 15.672 0.008
2092.80598 15.687 0.009
2092.81470 15.685 0.008
2092.82988 15.701 0.009
2101.55169 15.921 0.009
2101.56043 15.915 0.009
2101.56917 15.922 0.008
2101.57793 15.923 0.009
2101.58661 15.912 0.008
2101.59540 15.942 0.009
2101.60995 15.963 0.009
2101.61873 15.976 0.009
2101.62751 15.984 0.008
2101.63626 16.012 0.009
2101.64495 16.002 0.009
2101.65437 16.034 0.009
2101.66334 16.034 0.009
2101.67209 16.061 0.010
2101.68084 16.077 0.010
2101.68958 16.083 0.010
2101.69833 16.076 0.010
2101.70706 16.073 0.010
2101.72427 16.045 0.010
2101.73964 15.943 0.009
2101.75822 15.731 0.009
2101.76695 15.741 0.008
2101.77573 15.670 0.008
2101.78446 15.614 0.008
2102.53609 15.614 0.007
2102.54486 15.626 0.007
2102.55544 15.628 0.007
2102.56419 15.632 0.007
2102.57994 15.662 0.007
2102.58872 15.666 0.007
2102.59745 15.676 0.007
2102.60623 15.688 0.007
2102.61496 15.700 0.007
2102.62375 15.696 0.007
2102.63307 15.707 0.007
2102.64183 15.709 0.007
2102.65119 15.713 0.006
2103.50001 15.906 0.008
2103.50874 15.903 0.009
2103.51923 15.902 0.009
2103.52796 15.922 0.008
2103.53673 15.940 0.009
2103.54544 15.943 0.007
2103.55418 15.956 0.008
2103.56289 15.954 0.008
2103.57481 15.971 0.008
2103.58359 15.975 0.008
2103.59235 16.008 0.008
2103.60111 16.014 0.007
2103.61052 16.030 0.007
2103.61929 16.040 0.008
2103.62804 16.050 0.008
2103.63674 16.057 0.008
2103.64607 16.059 0.008
2103.65481 16.072 0.008
2103.66471 16.081 0.008
2103.67354 16.051 0.008
2103.68224 16.033 0.008
2103.72327 15.725 0.008
2103.73207 15.682 0.007
2103.74082 15.629 0.008
2103.74956 15.577 0.007
2103.75834 15.549 0.007
2103.76706 15.539 0.007
2103.77580 15.532 0.006
2103.78454 15.549 0.006
2103.79328 15.549 0.006
2105.50627 15.955 0.009
2105.51998 15.973 0.010
2105.52902 15.973 0.009
2105.53777 15.997 0.009
2105.54651 15.990 0.009
2105.55524 16.014 0.009
2105.56644 16.026 0.009
2105.57518 16.051 0.009
2105.58396 16.067 0.009
2105.59270 16.059 0.008
2105.60219 16.082 0.008
2105.61152 16.094 0.008
2105.62059 16.082 0.008
2105.63243 16.053 0.008
2105.64325 16.009 0.008
2105.65200 15.942 0.008
2105.65546 15.916 0.008
2105.66455 15.810 0.007
2105.67330 15.737 0.007
2105.68205 15.722 0.007
2105.69079 15.683 0.007
2105.69956 15.620 0.007
2105.70830 15.578 0.006
2105.71445 15.551 0.006
2105.72470 15.535 0.006
2105.73342 15.530 0.007
2105.74216 15.547 0.007
2105.75092 15.558 0.007
2105.75966 15.561 0.007
2105.76845 15.571 0.007
2105.77758 15.592 0.007
2105.78631 15.612 0.007
2105.79509 15.610 0.008
2105.80391 15.621 0.008
2106.59545 15.755 0.008
2106.60510 15.766 0.007
2106.61431 15.773 0.008
2106.62309 15.778 0.008
2106.63185 15.794 0.008
2106.64136 15.806 0.008
2106.65011 15.801 0.008
2106.65890 15.810 0.008
2106.66795 15.828 0.008
2106.67673 15.843 0.008
2106.68548 15.856 0.008
2106.69416 15.862 0.008
2106.70292 15.875 0.008
2106.71833 15.885 0.008
2106.72710 15.898 0.008
2106.73584 15.899 0.009
2106.74459 15.899 0.009
2106.75329 15.912 0.009
2106.76205 15.910 0.009
2111.51213 16.030 0.009
2111.52090 15.988 0.010
2111.52964 15.902 0.009
2111.53837 15.775 0.009
2111.54716 15.729 0.008
2111.55592 15.716 0.008
2111.56516 15.671 0.008
2111.57389 15.601 0.008
2111.58270 15.560 0.008
2111.59143 15.551 0.008
2111.60019 15.531 0.007
2111.60890 15.539 0.007
2111.61805 15.550 0.008
2111.62740 15.561 0.008
2111.63618 15.604 0.009
2111.64495 15.601 0.008
2111.65372 15.588 0.007
2111.66244 15.604 0.007
2111.67165 15.618 0.008
2111.68039 15.612 0.008
2111.68915 15.631 0.008
2111.69788 15.657 0.008
2112.50470 15.787 0.008
2112.51432 15.808 0.008
2112.52732 15.818 0.008
2112.53610 15.822 0.008
2112.55565 15.840 0.008
2112.56437 15.845 0.009
2112.57867 15.875 0.008
2112.58742 15.863 0.008
2112.60076 15.876 0.007
2112.60949 15.898 0.007
2112.61827 15.889 0.007
2112.62699 15.881 0.008
2112.63574 15.892 0.008
2112.64457 15.902 0.007
2112.66642 15.928 0.007
2112.67518 15.931 0.007
2112.68392 15.941 0.008
2112.69269 15.949 0.008
2112.70281 15.960 0.009
2112.71181 15.975 0.008
2112.72057 15.998 0.009
2112.72933 15.990 0.008
2112.73812 16.017 0.008
2112.74686 16.040 0.008
2112.75627 16.055 0.008
2113.51586 15.713 0.009
2113.52462 15.662 0.008
2113.53337 15.598 0.008
2113.54266 15.554 0.008
2113.55143 15.516 0.007
2113.56017 15.524 0.007
2113.56887 15.538 0.007
2113.57759 15.543 0.007
2113.58635 15.554 0.007
2113.59562 15.563 0.007
2113.60437 15.596 0.009
2113.61311 15.590 0.008
2113.62217 15.590 0.008
2113.63092 15.617 0.008
2113.63966 15.625 0.008
2113.64918 15.627 0.008
2113.65796 15.660 0.008
2113.71536 15.711 0.008
2113.72413 15.716 0.008
2113.73287 15.722 0.008
2113.74161 15.732 0.008
2113.75035 15.745 0.008
2113.75910 15.742 0.009
2114.69378 16.007 0.010
2114.70253 16.050 0.010
2114.71130 16.055 0.010
2114.72011 16.068 0.010
2114.73080 16.085 0.010
2114.74057 16.091 0.010
2114.74929 16.109 0.010
2114.76028 16.075 0.010
2114.76905 16.052 0.010
2114.77785 16.046 0.009
2114.79797 15.856 0.008
2115.55328 15.566 0.008
2115.56202 15.584 0.007
2115.57238 15.588 0.008
2115.58678 15.616 0.008
2115.59553 15.612 0.007
2115.60429 15.633 0.008
2115.61819 15.650 0.009
2115.62691 15.664 0.009
2115.63570 15.672 0.009
2115.64683 15.683 0.008
2115.65607 15.689 0.008
2115.66482 15.695 0.008
2115.67357 15.702 0.008
2115.68229 15.712 0.008
2115.69102 15.722 0.008
2115.69982 15.725 0.008
2116.50948 15.891 0.010
2116.51824 15.885 0.010
2116.56251 15.900 0.009
2116.57128 15.914 0.009
2116.58942 15.942 0.010
2116.60102 15.944 0.009
2116.61037 15.969 0.009
2116.61913 15.967 0.009
2116.62791 15.978 0.009
2116.63666 15.981 0.009
2116.65678 16.036 0.009
2116.66549 16.035 0.009
2116.67428 16.044 0.009
2116.68304 16.068 0.009
2116.69181 16.059 0.009
2116.70050 16.076 0.009
2116.71048 16.090 0.009
2116.71926 16.078 0.009
2116.72802 16.061 0.009
2116.73677 16.032 0.009
2116.74551 15.957 0.009
2116.75758 15.806 0.009
2116.76637 15.744 0.008
2117.49022 15.557 0.007
2117.49903 15.555 0.007
2117.50819 15.566 0.007
2117.51694 15.572 0.007
2117.55705 15.617 0.007
2117.56580 15.638 0.008
2117.57455 15.643 0.008
2117.58397 15.664 0.008
2117.59272 15.667 0.007
2117.60149 15.681 0.007
2117.61349 15.709 0.008
2117.62228 15.712 0.007
2117.63103 15.709 0.007
2117.63983 15.715 0.008
2117.64860 15.716 0.007
2117.65736 15.727 0.008
2117.66652 15.734 0.008
2117.67533 15.740 0.008
2117.68411 15.754 0.008
2117.69288 15.754 0.008
2117.70160 15.764 0.008
2117.71197 15.786 0.008
2117.72073 15.781 0.008
2117.72948 15.799 0.008
2117.73827 15.798 0.008
2117.74699 15.827 0.008
2117.75570 15.829 0.009
2118.49786 15.895 0.009
2118.50661 15.890 0.009
2118.51541 15.904 0.009
2118.52417 15.904 0.009
2118.64321 16.079 0.009
2118.65592 16.084 0.009
2118.66467 16.101 0.009
2118.67346 16.101 0.010
2118.68223 16.070 0.009
2118.69095 16.043 0.009
2118.70086 15.979 0.009
2118.70988 15.898 0.008
2118.71863 15.763 0.008
2118.72736 15.739 0.008
2118.73619 15.719 0.006
2125.64150 15.883 0.010
2128.57003 15.533 0.007
2131.56674 15.888 0.008
2134.66975 15.775 0.010
2138.54720 15.723 0.008
2143.52040 15.753 0.010
2155.64720 15.872 0.011
2156.48627 16.047 0.010
2158.49461 16.047 0.009
2158.53762 15.729 0.008
2162.50413 15.522 0.007
2168.53885 15.725 0.009
2173.49686 16.051 0.011
2184.50009 15.989 0.011
2194.55447 15.612 0.008
2321.87307 15.710 0.009
2324.87519 16.077 0.010
2341.83166 16.066 0.010
2350.84477 15.917 0.008
2358.88424 15.638 0.008
2370.81249 15.694 0.008
2381.80789 15.592 0.008
2384.79037 15.950 0.009
2388.85023 16.001 0.009
2391.69275 15.703 0.010
2400.69063 15.537 0.008
2404.84251 15.781 0.008
2414.86148 16.021 0.009
2415.72351 15.572 0.008
2416.74571 15.926 0.009
2417.72128 15.625 0.008
2424.76361 15.752 0.010
2426.67492 16.075 0.010
2431.80926 16.006 0.007
2436.58220 15.542 0.008
2438.61435 15.637 0.008
2440.59561 15.660 0.008
2442.61343 15.722 0.008
2448.52739 15.733 0.011
2453.73666 15.744 0.009
2458.73393 15.574 0.008
2462.72273 15.590 0.007
2463.81981 16.046 0.009
2466.46291 16.081 0.012
2466.47175 16.082 0.010
2466.48065 16.077 0.010
2466.48963 16.065 0.010
2466.50234 15.989 0.009
2466.51152 15.942 0.009
2466.52054 15.810 0.009
2466.52952 15.714 0.008
2466.53998 15.714 0.008
2466.54915 15.655 0.008
2466.55848 15.601 0.007
2466.56215 15.577 0.007
2466.56808 15.549 0.007
2466.57700 15.527 0.007
2466.58895 15.527 0.007
2466.59889 15.531 0.007
2466.60791 15.554 0.007
2466.61675 15.560 0.007
2466.62753 15.565 0.008
2466.63726 15.592 0.008
2466.64749 15.602 0.008
2466.65646 15.605 0.008
2466.66539 15.629 0.008
2466.67805 15.634 0.008
2466.68691 15.656 0.008
2466.69577 15.655 0.008
2466.70568 15.660 0.008
2466.71596 15.673 0.008
2466.72507 15.695 0.008
2466.73407 15.697 0.009
2466.74332 15.713 0.009
2466.74979 15.718 0.009
2466.75931 15.715 0.009
2466.76807 15.724 0.008
2466.77743 15.738 0.008
2466.79001 15.753 0.009
2466.79904 15.747 0.010
2466.80971 15.758 0.009
2466.81862 15.753 0.010
2466.82854 15.771 0.010
2466.83737 15.776 0.009
2466.84634 15.793 0.010
2468.46484 15.948 0.011
2470.46516 15.656 0.010
2472.67213 15.766 0.007
2472.68097 15.751 0.007
2472.69128 15.761 0.008
2472.70023 15.770 0.008
2472.70912 15.771 0.008
2472.71931 15.794 0.008
2472.73262 15.813 0.008
2472.74220 15.826 0.008
2472.75127 15.826 0.009
2472.76016 15.847 0.008
2472.76991 15.863 0.007
2474.46546 15.580 0.008
2482.62214 15.891 0.010
2485.63215 15.661 0.009
2489.70299 15.804 0.008
2492.64767 15.680 0.008
2494.70205 15.584 0.006
2497.50460 15.780 0.009
2499.54039 15.863 0.008
2501.56811 15.893 0.008
2503.49162 15.901 0.017
2511.54830 15.777 0.009
2521.51672 15.673 0.008
2526.54693 15.922 0.009
2537.47811 15.945 0.011
2540.49470 15.719 0.009
2546.50525 15.856 0.009
2550.48652 15.895 0.010
2554.55841 16.090 0.010
2558.49496 16.099 0.011
2565.48782 15.892 0.012
2693.89219 15.764 0.008
2698.89013 15.534 0.007
2711.87315 15.863 0.008
2721.88060 15.680 0.012
2730.89389 15.554 0.007
2743.77029 16.050 0.009
2748.78884 15.848 0.009
2755.77874 15.671 0.007
2758.93016 15.538 0.009
2765.78688 15.883 0.009
2769.77149 15.926 0.007
2782.71004 15.847 0.010
2784.69899 15.875 0.008
2786.58455 15.820 0.010
2788.68634 15.916 0.008
2790.79144 16.105 0.010
2792.52842 15.853 0.011
2794.55466 15.918 0.011
2796.56337 15.965 0.010
2802.55824 16.037 0.012
2808.63079 15.659 0.008
2810.56903 15.646 0.008
2812.57090 15.694 0.008
2813.81465 15.635 0.008
2815.59325 16.073 0.010
2816.65868 15.842 0.009
2817.77333 15.685 0.008
2818.66818 15.897 0.009
2819.76228 15.706 0.008
2821.66052 15.632 0.008
2826.65119 16.025 0.009
2830.78143 15.628 0.009
2835.47782 15.739 0.010
2837.49663 15.812 0.009
2838.72714 15.756 0.009
2840.49871 15.546 0.008
2842.53514 15.643 0.008
2844.61128 15.737 0.008
2848.54648 15.770 0.010
2851.53374 15.742 0.009
2853.53159 15.534 0.007
2854.75453 16.075 0.010
2857.71747 15.805 0.009
2862.49376 16.003 0.012
2864.50077 16.083 0.011
2867.65598 15.946 0.010
2867.69807 15.967 0.009
2867.71936 16.008 0.010
2867.72930 16.026 0.010
2867.73251 16.033 0.010
2867.73556 16.031 0.010
2867.73861 16.042 0.010
2868.51429 15.690 0.008
2869.56728 15.879 0.009
2869.58857 15.909 0.009
2870.65628 15.705 0.008
2871.47684 15.856 0.009
2871.51151 15.894 0.009
2871.52781 15.895 0.009
2871.54698 15.892 0.008
2871.55026 15.900 0.009
2871.55365 15.880 0.008
2871.55700 15.900 0.009
2871.56044 15.905 0.009
2871.56414 15.913 0.009
2871.56803 15.913 0.009
2871.57980 15.929 0.008
2871.58743 15.929 0.009
2871.59090 15.933 0.008
2871.59428 15.932 0.009
2871.59764 15.954 0.009
2871.60093 15.948 0.008
2871.60426 15.958 0.009
2871.60748 15.967 0.009
2871.61118 15.971 0.009
2871.61585 15.967 0.009
2871.63049 16.011 0.009
2871.71129 16.087 0.010
2872.50170 15.580 0.008
2872.67540 15.750 0.008
2872.70262 15.778 0.008
2874.57627 15.705 0.007
2875.53658 15.979 0.009
2875.61544 16.097 0.011
2875.69346 15.682 0.009
2876.49411 15.666 0.008
2876.65169 15.813 0.009
2877.52165 16.019 0.010
2877.65100 15.690 0.008
2878.49816 15.710 0.008
2878.56930 15.764 0.008
2879.55333 16.043 0.009
2880.70010 15.948 0.010
2881.65634 15.593 0.006
2882.50044 15.777 0.008
2883.58619 15.564 0.007
2884.47633 15.802 0.010
2892.51419 16.009 0.011
2896.58101 15.629 0.007
2899.60441 15.919 0.007
2905.54431 15.965 0.010
2909.51514 16.063 0.010
2912.53773 15.805 0.009
2921.59831 15.732 0.010
2926.56551 15.790 0.008
3040.88363 15.620 0.010
3044.85820 15.682 0.009
3046.86814 15.722 0.009
3047.85686 16.053 0.010
3055.87452 15.578 0.007
3058.89269 15.976 0.009
3064.81324 16.053 0.010
3067.88666 15.856 0.008
3070.84819 15.537 0.008
3070.89257 15.599 0.007
3071.87693 15.910 0.009
3073.80367 15.881 0.009
3075.84225 15.963 0.009
3079.88686 16.046 0.010
3082.86016 15.825 0.008
3084.89946 15.887 0.007
3086.83181 15.885 0.007
3088.78930 15.880 0.007
3089.89856 15.705 0.007
3091.81875 15.655 0.007
3096.85686 16.038 0.009
3098.83736 15.801 0.007
3100.79783 15.761 0.007
3101.90434 15.918 0.009
3103.76910 15.852 0.008
3104.88363 15.708 0.013
3108.76167 15.618 0.007
3109.79661 15.977 0.008
3110.82828 15.739 0.007
3112.77709 15.732 0.007
3113.86686 15.720 0.007
3114.77838 15.756 0.007
3115.86120 15.547 0.007
3116.91732 15.932 0.009
3122.90439 16.085 0.010
3125.86465 15.758 0.009
3126.89027 15.892 0.008
3127.79578 15.751 0.008
3128.81415 16.094 0.009
3130.69216 16.009 0.010
3137.93253 16.100 0.010
3138.69522 15.549 0.007
3139.86654 16.061 0.009
3140.87225 15.761 0.008
3140.90258 15.789 0.008
3142.76055 15.703 0.007
3144.78149 15.761 0.008
3146.78130 15.792 0.008
3151.74408 15.549 0.007
3151.89676 15.697 0.008
3152.74737 15.896 0.009
3153.75212 15.591 0.008
3154.81363 15.972 0.010
3156.83333 16.072 0.010
3158.90401 15.650 0.009
3162.80832 15.705 0.008
3163.62123 15.661 0.007
3163.64006 15.685 0.007
3164.72995 15.987 0.009
3165.75076 15.834 0.007
3166.89589 15.702 0.009
3167.74876 15.873 0.009
3168.74394 15.564 0.007
3169.71984 15.886 0.008
3170.79736 15.676 0.007
3171.82006 16.032 0.008
3172.74707 15.672 0.006
3174.70336 15.660 0.007
3175.71330 15.999 0.008
3177.75044 16.121 0.011
3178.77701 15.832 0.007
3179.78676 15.631 0.007
3180.71510 15.795 0.007
3182.76659 15.890 0.008
3183.73524 15.546 0.007
3184.69303 15.863 0.008
3185.74569 15.610 0.007
3185.76592 15.638 0.007
3185.79186 15.678 0.007
3185.82991 15.712 0.007
3185.85790 15.730 0.008
3185.87937 15.750 0.009
3190.63676 15.903 0.009
3191.77823 15.765 0.009
3193.53123 15.538 0.007
3194.58989 15.944 0.009
3195.63717 15.718 0.007
3195.79485 15.877 0.008
3196.54027 15.899 0.009
3196.55746 15.946 0.009
3197.50783 15.626 0.007
3199.61760 15.777 0.008
3201.50944 15.716 0.006
3202.47390 16.014 0.010
3202.52602 16.079 0.008
3202.56388 16.057 0.009
3202.63017 15.601 0.007
3202.75567 15.665 0.008
3202.79234 15.714 0.008
3202.82853 15.752 0.009
3203.46962 15.714 0.008
3203.65337 15.899 0.008
3204.64660 15.574 0.007
3205.75522 16.056 0.009
3206.71223 15.730 0.007
3207.66076 15.990 0.010
3209.70588 16.072 0.007
3210.53961 15.618 0.007
3211.57807 15.973 0.009
3217.47623 16.028 0.009
3218.64498 15.902 0.009
3219.59333 15.645 0.009
3223.64623 15.698 0.009
3224.69175 16.076 0.009
3226.60906 16.015 0.010
3228.59549 16.070 0.010
3229.62796 15.775 0.008
3230.66154 15.741 0.007
3231.56488 15.765 0.008
3238.61386 15.634 0.007
3239.69262 16.061 0.010
3240.67375 15.759 0.009
3245.54852 16.030 0.009
3246.65224 15.838 0.009
3247.61839 15.816 0.009
3249.52031 16.103 0.010
3250.65307 15.928 0.009
3251.49826 16.089 0.010
3251.59855 15.551 0.006
3251.64976 15.611 0.007
3253.51737 15.690 0.008
3256.63014 16.014 0.010
3259.61960 15.757 0.008
3264.52709 16.085 0.009
3267.52620 15.845 0.008
3272.58162 15.671 0.008
3275.56458 16.037 0.010
3278.59349 15.789 0.008
3281.60025 15.562 0.005
3288.54008 15.927 0.007
3293.51065 15.737 0.006
3295.52085 15.751 0.006
3305.54167 15.974 0.009
3307.54072 16.056 0.012
3309.51660 16.051 0.010
3310.52622 15.770 0.008
3314.51011 15.832 0.010
3408.88462 15.566 0.007
3410.88473 15.630 0.008
3413.88556 15.986 0.009
3421.89178 15.566 0.006
3422.86168 15.862 0.008
3426.85731 15.894 0.008
3429.83041 15.651 0.008
3432.88273 16.079 0.010
3442.88513 15.654 0.007
3445.79797 15.912 0.007
3447.84859 16.037 0.009
3449.86122 16.065 0.009
3452.88183 15.848 0.007
3455.81607 15.601 0.007
3457.84953 15.578 0.006
3459.84475 15.628 0.006
3469.78051 15.778 0.007
3470.79348 15.745 0.007
3472.75591 15.752 0.007
3473.77571 15.900 0.008
3474.77237 15.561 0.007
3475.79793 15.916 0.007
3477.75977 15.919 0.008
3479.75860 15.950 0.007
3480.71874 15.630 0.006
3481.73667 15.973 0.008
3482.67900 15.637 0.007
3496.71626 15.938 0.008
3497.78781 15.739 0.008
3498.91109 15.551 0.007
3499.85893 15.859 0.007
3500.72514 16.070 0.008
3501.82158 15.870 0.006
3502.71742 16.103 0.008
3503.68661 15.753 0.006
3504.70133 16.011 0.008
3506.74514 15.548 0.006
3508.74935 15.597 0.007
3509.72782 15.916 0.007
3510.79760 15.700 0.007
3511.83673 16.117 0.009
3512.70641 15.649 0.007
3517.68222 16.054 0.010
3520.75750 15.890 0.009
3521.71471 15.663 0.006
3522.74274 15.897 0.007
3522.93395 16.105 0.009
3523.74723 15.593 0.006
3524.89241 16.100 0.009
3525.74562 15.641 0.006
3526.74905 15.959 0.008
3528.66990 15.931 0.007
3529.69227 15.701 0.005
3530.60734 15.911 0.007
3537.73817 15.907 0.006
3538.55386 16.044 0.009
3538.60102 16.109 0.009
3538.63175 16.030 0.008
3538.68725 15.603 0.006
3538.73637 15.557 0.006
3538.78384 15.622 0.006
3538.81495 15.657 0.006
3538.84381 15.703 0.007
3538.87524 15.719 0.008
3538.90769 15.773 0.009
3539.51083 15.714 0.009
3539.53042 15.715 0.009
3539.56304 15.761 0.008
3539.59305 15.793 0.008
3539.61593 15.787 0.008
3539.68199 15.868 0.008
3539.73745 15.922 0.007
3539.80860 15.982 0.007
3540.51620 16.045 0.011
3540.61626 15.764 0.008
3540.73621 15.622 0.007
3540.83437 15.723 0.008
3541.63152 15.872 0.008
3541.78057 16.010 0.008
3542.56565 15.859 0.009
3542.83831 15.758 0.010
3544.61196 15.565 0.008
3544.72499 15.700 0.007
3546.84410 15.861 0.010
3547.80836 15.725 0.008
3549.84020 15.605 0.006
3550.63202 15.763 0.007
3551.63161 16.072 0.006
3552.66733 15.802 0.007
3553.71738 15.561 0.007
3554.65271 15.827 0.008
3555.66479 15.555 0.006
3556.67254 15.888 0.008
3558.52735 15.780 0.008
3558.82609 16.098 0.009
3561.54511 15.539 0.006
3562.58579 15.925 0.009
3564.57425 15.934 0.009
3572.81507 15.742 0.010
3573.64605 15.874 0.009
3574.68595 15.636 0.007
3577.58745 15.935 0.010
3579.61750 15.957 0.008
3580.65072 15.733 0.007
3583.75281 15.525 0.006
3584.75615 15.874 0.008
3585.63187 15.835 0.007
3586.46947 15.659 0.007
3586.67493 15.868 0.007
3586.71697 15.897 0.007
3587.71438 15.597 0.007
3588.55798 15.841 0.007
3589.49306 16.099 0.008
3589.67054 15.601 0.006
3589.69740 15.634 0.006
3591.64564 15.615 0.006
3591.67802 15.670 0.006
3591.75825 15.725 0.007
3592.75423 16.068 0.008
3593.74495 15.759 0.007
3594.70716 16.097 0.010
3601.65572 15.854 0.007
3601.72213 15.884 0.008
3602.61631 15.735 0.007
3607.63470 15.918 0.008
3608.65006 15.699 0.008
3609.63060 15.975 0.008
3615.57781 16.078 0.009
3618.57944 15.784 0.007
3620.54264 15.798 0.007
3622.52050 15.830 0.008
3628.59671 16.040 0.010
3630.53603 16.023 0.010
3632.58615 16.067 0.009
3634.48675 16.052 0.010
3639.54561 15.899 0.007
3641.54407 15.915 0.009
3644.50439 15.632 0.007
3648.53623 15.736 0.008
3650.57858 15.847 0.006
3654.54028 15.886 0.009
3656.52150 15.904 0.008
3658.55330 15.946 0.010
3660.52593 15.955 0.009
3664.50273 16.043 0.009
3675.50804 15.914 0.010
3675.52524 15.958 0.009
3676.49774 15.670 0.009
3776.86666 15.605 0.007
3782.85138 15.641 0.007
3784.87670 15.708 0.007
3786.89627 15.768 0.008
3788.84686 15.755 0.008
3790.88929 15.816 0.008
3793.85656 15.528 0.006
3795.84399 15.573 0.007
3798.80720 15.902 0.008
3799.83136 15.646 0.007
3800.82630 15.966 0.010
3801.88578 15.752 0.007
3802.85137 16.062 0.009
3803.88664 15.785 0.007
3805.80308 15.746 0.007
3806.76939 16.075 0.009
3807.78847 15.779 0.008
3808.79614 15.924 0.008
3809.88126 15.890 0.008
3810.84788 15.566 0.006
3811.83947 15.883 0.008
3812.83558 15.612 0.007
3813.82552 15.916 0.007
3814.82739 15.638 0.007
3817.85893 16.058 0.008
3818.88802 15.783 0.007
3819.80573 16.043 0.007
3820.77237 15.716 0.007
3821.77549 16.062 0.008
3822.81491 15.788 0.007
3822.86280 15.836 0.007
3822.88373 15.869 0.007
3823.74126 16.089 0.009
3823.79522 15.999 0.008
3823.83900 15.686 0.006
3823.88712 15.550 0.006
3823.92038 15.585 0.007
3824.74127 15.775 0.008
3824.82034 15.820 0.009
3824.86053 15.873 0.008
3824.89538 15.903 0.008
3825.80613 15.613 0.007
3825.84993 15.543 0.006
3825.88261 15.598 0.007
3825.91910 15.661 0.008
3826.73466 15.797 0.007
3826.77342 15.837 0.007
3826.82792 15.903 0.008
3826.90004 15.930 0.008
3827.76609 15.593 0.006
3827.80246 15.553 0.006
3827.85050 15.600 0.006
3827.92210 15.693 0.007
3828.75189 15.846 0.008
3828.86375 15.946 0.008
3828.91913 16.039 0.009
3829.73331 15.570 0.006
3829.77952 15.576 0.007
3829.84867 15.644 0.006
3829.89464 15.712 0.006
3829.92346 15.746 0.007
3830.69453 15.827 0.008
3830.70868 15.848 0.008
3830.73142 15.879 0.007
3830.74754 15.897 0.007
3830.76319 15.907 0.007
3830.77736 15.901 0.007
3830.79213 15.913 0.008
3830.80630 15.927 0.008
3830.82027 15.937 0.007
3830.83216 15.937 0.008
3830.84383 15.980 0.007
3830.85761 16.000 0.008
3830.86987 16.000 0.008
3830.88120 16.015 0.008
3830.89251 16.056 0.008
3830.90230 16.058 0.008
3830.91349 16.090 0.008
3830.92325 16.087 0.009
3830.92650 16.103 0.010
3831.69282 15.561 0.007
3831.70232 15.524 0.006
3831.71506 15.529 0.006
3831.72433 15.547 0.006
3831.72722 15.554 0.006
3831.73049 15.559 0.006
3831.73328 15.558 0.006
3831.73606 15.561 0.006
3831.73915 15.577 0.006
3831.74194 15.577 0.006
3831.74473 15.581 0.006
3831.74789 15.589 0.006
3831.75069 15.597 0.006
3831.75349 15.581 0.006
3831.75671 15.600 0.006
3831.75945 15.585 0.006
3831.76226 15.599 0.006
3831.76573 15.613 0.006
3831.76901 15.597 0.006
3831.77236 15.599 0.006
3831.77516 15.616 0.006
3831.77794 15.624 0.006
3831.78134 15.621 0.006
3831.78451 15.628 0.006
3831.78811 15.634 0.006
3831.79136 15.635 0.006
3831.79413 15.636 0.006
3831.79693 15.629 0.006
3831.80037 15.653 0.006
3831.80352 15.639 0.006
3831.80663 15.652 0.006
3831.80942 15.652 0.006
3831.81220 15.649 0.006
3831.81540 15.654 0.006
3831.81820 15.661 0.007
3831.82100 15.672 0.006
3831.82421 15.672 0.006
3831.82701 15.680 0.006
3831.82981 15.675 0.007
3831.83338 15.689 0.006
3831.83682 15.688 0.006
3831.83960 15.695 0.006
3831.84239 15.696 0.007
3831.84590 15.691 0.006
3831.84895 15.704 0.007
3831.85173 15.685 0.007
3831.85453 15.702 0.007
3831.85733 15.705 0.007
3831.86047 15.708 0.007
3831.86326 15.716 0.007
3831.86606 15.720 0.007
3831.87571 15.743 0.007
3831.88127 15.731 0.007
3831.88685 15.744 0.007
3831.89242 15.729 0.007
3831.90378 15.749 0.007
3831.91135 15.756 0.007
3831.91778 15.763 0.007
3831.92417 15.762 0.007
3831.92728 15.767 0.008
3831.93025 15.759 0.009
3832.69746 15.893 0.009
3832.70964 15.883 0.008
3832.73347 15.883 0.008
3832.77960 15.943 0.008
3832.82546 15.998 0.008
3832.86883 16.065 0.008
3832.91484 16.087 0.009
3833.69203 15.584 0.007
3833.71386 15.602 0.006
3833.73818 15.621 0.006
3833.78086 15.672 0.006
3833.82362 15.720 0.006
3833.84562 15.732 0.006
3833.87403 15.769 0.007
3833.90449 15.785 0.007
3834.69807 15.907 0.009
3834.71734 15.913 0.009
3834.74118 15.950 0.008
3834.79019 16.011 0.008
3834.87001 16.084 0.008
3834.91248 15.751 0.007
3835.70754 15.645 0.007
3835.77773 15.721 0.007
3835.85155 15.776 0.006
3835.88133 15.812 0.006
3835.92110 15.869 0.007
3836.70365 15.972 0.010
3836.76522 16.035 0.009
3836.80968 16.106 0.009
3836.84025 16.044 0.008
3836.89700 15.642 0.006
3837.70232 15.706 0.009
3837.73259 15.718 0.007
3837.90433 15.890 0.007
3838.74437 16.093 0.010
3839.74014 15.765 0.009
3839.81869 15.820 0.008
3839.86286 15.879 0.009
3839.92328 15.899 0.008
3840.70612 16.087 0.010
3840.78725 15.726 0.007
3840.91107 15.612 0.007
3841.74464 15.788 0.008
3841.83337 15.881 0.008
3841.89524 15.931 0.008
3842.84722 15.596 0.007
3845.72015 15.901 0.010
3845.90886 16.030 0.010
3846.73085 15.554 0.006
3846.91520 15.741 0.007
3847.79698 15.977 0.010
3848.75195 15.629 0.007
3849.75102 15.948 0.008
3849.92157 15.760 0.007
3850.69508 15.608 0.006
3850.86679 15.773 0.007
3851.71023 15.938 0.008
3851.87509 15.767 0.007
3851.92125 15.553 0.007
3852.69879 15.673 0.008
3852.87008 15.837 0.008
3853.68722 15.973 0.008
3853.85556 15.687 0.006
3853.92630 15.566 0.006
3856.67728 15.726 0.007
3856.84401 15.873 0.007
3857.91495 15.656 0.007
3858.76365 15.847 0.007
3859.80186 15.582 0.006
3860.67032 15.788 0.008
3860.91020 16.054 0.009
3861.66778 15.748 0.008
3861.77301 15.589 0.006
3861.93627 15.766 0.008
3862.70115 15.871 0.008
3862.86513 16.045 0.008
3863.63658 15.728 0.008
3863.85422 15.731 0.007
3863.93351 15.801 0.007
3864.67711 15.897 0.008
3864.86713 16.091 0.008
3865.68793 15.580 0.007
3865.82339 15.740 0.007
3865.90139 15.820 0.007
3866.68633 15.920 0.008
3866.82582 16.080 0.009
3866.90472 15.696 0.007
3867.62923 15.573 0.008
3867.81489 15.767 0.008
3867.88795 15.841 0.007
3868.71231 16.013 0.009
3868.86399 15.694 0.008
3869.69210 15.692 0.007
3869.87310 15.883 0.009
3872.88947 15.643 0.007
3873.64441 15.732 0.007
3873.78712 15.870 0.007
3873.85985 15.933 0.008
3873.92942 16.011 0.009
3874.74408 15.641 0.007
3875.65777 15.759 0.006
3875.80525 15.907 0.007
3875.90419 16.015 0.008
3876.63502 16.083 0.008
3877.63314 15.782 0.007
3877.78382 15.923 0.007
3877.85836 16.011 0.008
3879.66460 15.869 0.006
3880.83400 15.729 0.007
3880.91278 15.806 0.007
3881.66319 15.901 0.007
3881.87469 16.000 0.008
3881.92144 15.648 0.006
3882.75148 15.710 0.007
3882.82572 15.780 0.007
3882.89458 15.851 0.007
3883.64089 15.908 0.008
3883.83854 15.928 0.007
3886.60296 15.640 0.007
3886.79572 15.814 0.007
3886.86759 15.892 0.008
3887.57628 15.927 0.008
3887.77883 15.738 0.006
3887.87851 15.608 0.006
3888.59233 15.715 0.005
3889.65877 16.085 0.008
3889.93701 15.713 0.007
3890.63801 15.769 0.007
3891.66836 15.936 0.007
3891.79664 15.599 0.007
3891.87862 15.698 0.007
3892.56996 15.726 0.008
3892.93307 16.105 0.010
3893.61937 15.984 0.008
3893.86123 15.737 0.008
3894.67263 15.890 0.009
3896.61021 15.855 0.009
3900.53154 15.858 0.010
3900.71721 16.055 0.010
3900.79651 16.009 0.009
3900.86518 15.555 0.007
3901.54164 15.557 0.006
3901.72296 15.754 0.007
3901.80026 15.810 0.008
3901.86919 15.906 0.008
3902.56432 15.889 0.007
3902.74384 16.043 0.008
3902.86280 15.576 0.007
3903.65200 15.729 0.007
3903.89770 15.931 0.009
3904.55258 15.934 0.008
3904.71569 15.962 0.007
3904.78472 15.532 0.006
3904.88687 15.665 0.007
3905.54940 15.656 0.006
3905.72600 15.827 0.007
3905.79609 15.892 0.007
3905.86464 15.958 0.007
3906.56391 15.989 0.009
3906.70373 15.727 0.007
3906.77686 15.582 0.006
3907.59466 15.722 0.007
3907.77690 15.938 0.009
3908.53081 16.030 0.009
3908.71642 15.558 0.006
3908.87610 15.727 0.007
3909.53255 15.734 0.008
3909.71536 15.890 0.007
3909.80585 15.959 0.008
3909.88209 16.106 0.009
3910.56201 16.056 0.009
3912.53181 16.063 0.007
3912.71911 15.653 0.006
3912.81298 15.752 0.007
3913.52327 15.791 0.007
3913.81763 16.096 0.008
3914.54703 15.656 0.007
3915.52479 15.826 0.008
3915.72677 16.036 0.008
3915.82500 15.756 0.007
3916.56350 15.575 0.007
3916.80737 15.803 0.008
3917.55117 15.911 0.007
3917.81791 15.620 0.007
3918.59191 15.651 0.006
3918.81566 15.887 0.008
3919.54241 15.904 0.008
3919.75241 15.738 0.006
3920.51012 15.595 0.007
3920.70621 15.816 0.008
3920.79156 15.899 0.007
3921.50629 15.912 0.008
3921.70554 15.767 0.009
3921.72000 15.705 0.008
3922.70997 15.878 0.009
3930.53762 15.825 0.007
3930.78501 16.113 0.010
3931.49555 15.739 0.008
3931.82270 15.834 0.008
3932.52644 15.874 0.008
3932.79819 15.743 0.008
3933.51288 15.544 0.006
3933.69729 15.747 0.006
3933.76931 15.807 0.007
3934.48675 15.882 0.008
3934.65679 16.056 0.008
3934.72662 16.033 0.008
3935.53665 15.625 0.006
3935.70795 15.814 0.008
3935.80551 15.905 0.008
3936.49004 15.931 0.009
3936.65553 16.116 0.009
3936.73190 15.662 0.007
3938.49782 15.983 0.009
3938.68874 15.693 0.006
3938.79796 15.640 0.007
3940.57805 16.084 0.007
3941.69904 15.893 0.009
3944.55038 15.738 0.007
3944.75072 15.703 0.005
3945.51209 15.816 0.008
3945.77859 16.097 0.009
3946.50948 15.726 0.007
3946.70167 15.701 0.007
3950.51836 15.582 0.006
3950.73340 15.797 0.007
3951.51106 15.896 0.008
3951.74233 15.650 0.008
3956.56358 15.776 0.009
3957.50269 16.081 0.010
3958.57350 15.813 0.007
3959.50625 16.074 0.009
3959.68067 15.617 0.006
3960.49552 15.778 0.007
3960.67458 15.917 0.007
3961.56682 15.543 0.007
3963.52813 15.548 0.006
3963.70552 15.739 0.007
3964.52323 15.917 0.007
3964.72811 16.101 0.009
3965.50767 15.567 0.006
3965.69897 15.773 0.007
3966.48285 15.908 0.008
3966.68461 16.076 0.008
3967.51722 15.664 0.008
3967.71002 15.828 0.007
3968.49534 15.945 0.009
3968.57205 16.038 0.009
3968.66525 15.958 0.008
3969.47696 15.641 0.007
3969.67764 15.850 0.008
3970.50608 16.008 0.009
3970.68464 15.560 0.006
3971.54996 15.756 0.008
3973.56806 15.803 0.008
3974.50540 16.092 0.009
3974.68840 15.612 0.007
3975.50832 15.805 0.007
3975.68018 15.967 0.009
3976.50287 15.894 0.007
3976.67889 15.691 0.008
3979.50514 15.866 0.011
3982.56575 15.674 0.007
3983.51944 15.973 0.010
3986.58020 15.753 0.008
3987.50256 16.030 0.009
3988.50840 15.744 0.007
3989.52606 16.089 0.009
3989.59339 15.636 0.007
3989.65912 15.577 0.008
3990.54287 15.826 0.008
3990.60769 15.906 0.008
3990.63502 15.912 0.008
3990.66921 15.934 0.008
3991.49865 16.005 0.010
3991.64194 15.624 0.007
3993.55037 15.550 0.007
3994.56103 15.900 0.008
3995.56860 15.628 0.006
3999.58387 15.737 0.007
4002.49208 15.991 0.008
4003.48958 15.723 0.007
4004.52370 16.107 0.008
4006.51665 15.910 0.008
4012.49654 15.572 0.008
4016.51218 15.692 0.008
4018.54847 15.750 0.008
4020.53521 15.779 0.007
4023.53555 15.563 0.007
4025.55494 15.588 0.007
4028.49433 15.900 0.009
4031.49442 15.672 0.008
4038.49978 15.803 0.009
4040.51413 15.548 0.008
4041.49634 15.883 0.011
4043.50658 15.894 0.009
4141.87425 15.749 0.009
4143.89158 15.804 0.010
4150.88943 15.629 0.008
4153.87732 15.985 0.009
4156.85575 15.725 0.009
4158.87533 15.773 0.009
4161.84330 15.725 0.009
4163.80945 15.688 0.008
4163.82618 15.590 0.008
4165.80755 15.524 0.009
4175.78733 15.729 0.009
4176.89869 15.530 0.007
4178.80243 15.728 0.008
4179.84679 15.879 0.008
4181.78315 15.852 0.009
4182.82815 15.586 0.007
4183.86427 15.937 0.009
4184.90489 15.705 0.007
4189.83630 16.079 0.011
4191.80518 16.089 0.011
4193.73955 16.072 0.012
4194.78508 15.799 0.009
4196.77521 15.838 0.009
4202.75669 15.916 0.009
4203.74471 15.622 0.007
4204.73698 15.940 0.009
4204.91930 15.699 0.007
4205.73353 15.667 0.008
4207.72299 15.685 0.008
4208.74507 16.068 0.010
4211.78923 15.838 0.009
4212.86641 15.620 0.009
4213.70960 15.796 0.009
4213.91318 15.996 0.009
4215.74231 15.878 0.009
4216.70011 15.532 0.008
4216.92447 15.754 0.009
4217.70755 15.890 0.008
4217.91117 16.070 0.009
4218.75716 15.633 0.008
4219.75533 15.951 0.009
4220.70006 15.614 0.008
4222.66603 15.627 0.009
4222.91352 15.871 0.009
4224.78224 15.772 0.008
4228.67769 15.760 0.008
4228.91127 15.972 0.010
4229.67133 16.019 0.010
4229.86831 15.667 0.008
4229.93550 15.717 0.009
4230.68107 15.808 0.008
4230.86912 15.978 0.010
4230.93399 16.082 0.012
4231.62340 16.059 0.010
4231.76761 15.608 0.006
4231.89179 15.723 0.009
4231.93490 15.748 0.009
4232.67545 15.847 0.009
4232.83648 15.997 0.011
4233.80725 15.666 0.008
4234.70891 15.899 0.009
4235.63696 15.539 0.007
4235.79816 15.706 0.008
4235.89058 15.783 0.008
4238.62283 15.907 0.011
4238.87527 15.546 0.008
4239.62372 15.616 0.008
4240.67695 15.998 0.009
4240.81133 15.690 0.008
4243.64276 15.721 0.008
4243.73547 15.806 0.009
4243.82923 15.884 0.010
4244.61516 16.036 0.011
4244.71136 15.728 0.008
4244.80419 15.550 0.008
4244.91602 15.698 0.008
4245.60820 15.717 0.008
4245.70212 15.813 0.008
4245.79797 15.893 0.008
4246.66654 15.733 0.008
4246.75941 15.564 0.008
4246.85272 15.676 0.008
4247.68174 15.835 0.008
4247.82259 15.960 0.009
4250.72988 15.630 0.008
4251.80147 16.063 0.013
4256.61760 15.642 0.008
4256.76362 15.774 0.009
4256.86143 15.865 0.011
4257.64927 16.013 0.010
4258.63292 15.701 0.009
4258.75541 15.827 0.009
4258.84951 15.905 0.010
4267.59350 15.550 0.008
4268.55670 15.857 0.008
4268.83957 15.927 0.010
4269.57593 15.545 0.007
4269.69646 15.678 0.008
4269.78570 15.767 0.007
4270.56946 15.900 0.008
4272.59781 15.938 0.008
4272.74695 15.971 0.009
4272.80620 15.578 0.006
4272.87774 15.601 0.009
4273.61494 15.697 0.009
4273.79560 15.866 0.010
4273.85674 15.905 0.010
4274.54757 15.936 0.010
4274.69991 16.019 0.010
4274.76248 15.572 0.008
4274.82088 15.575 0.007
4275.60002 15.717 0.008
4275.77537 15.885 0.010
4275.83384 15.930 0.010
4276.58481 16.042 0.010
4277.52860 15.676 0.009
4277.70549 15.854 0.009
4277.76419 15.898 0.010
4277.82283 15.923 0.010
4278.57236 16.093 0.011
4278.74964 15.598 0.009
4278.82870 15.676 0.010
4283.50801 15.785 0.010
4283.72834 15.989 0.010
4284.50297 15.883 0.010
4284.69312 15.677 0.008
4284.75590 15.728 0.008
4284.81484 15.781 0.010
4285.50605 15.827 0.010
4285.69418 16.013 0.010
4285.76062 16.081 0.010
4285.82594 15.735 0.009
4286.50575 15.580 0.008
4286.80293 15.809 0.009
4289.51356 15.889 0.010
4289.73212 15.764 0.009
4289.79724 15.536 0.007
4290.55988 15.669 0.009
4291.62250 16.080 0.009
4291.78520 15.576 0.009
4292.48816 15.638 0.008
4292.66732 15.802 0.009
4292.72592 15.877 0.008
4292.78445 15.897 0.008
4293.48847 15.953 0.009
4293.71307 15.537 0.007
4294.48765 15.672 0.008
4295.49476 16.023 0.010
4295.69278 15.556 0.007
4295.75137 15.631 0.007
4296.49173 15.719 0.008
4296.68443 15.892 0.009
4296.81270 16.051 0.010
4297.51134 16.090 0.010
4297.71294 15.629 0.007
4298.54621 15.801 0.009
4298.65195 15.878 0.009
4298.75155 16.009 0.010
4299.52924 15.724 0.008
4299.62223 15.579 0.007
4299.71442 15.682 0.008
4300.52491 15.837 0.009
4300.64499 15.931 0.009
4300.74051 16.065 0.010
4301.51578 15.563 0.007
4301.61155 15.618 0.007
4301.71129 15.714 0.008
4301.80251 15.803 0.008
4302.68896 16.047 0.010
4303.67480 15.729 0.009
4304.54890 15.930 0.010
4304.65959 16.069 0.013
4306.63285 16.086 0.010
4306.68565 15.907 0.010
4310.61207 15.762 0.009
4311.76074 15.973 0.012
4312.54435 16.033 0.010
4312.74280 15.663 0.008
4315.63534 15.903 0.010
4316.70852 15.717 0.009
4317.55659 15.903 0.009
4319.51385 15.890 0.010
4320.54067 15.620 0.008
4320.59554 15.693 0.008
4326.50790 15.722 0.008
4326.70510 15.906 0.010
4327.58629 15.729 0.010
4327.72759 15.632 0.009
4328.51309 15.736 0.009
4329.52309 15.940 0.010
4329.67097 15.640 0.009
4330.49401 15.783 0.009
4331.47409 15.991 0.011
4331.68295 15.680 0.009
4332.50388 15.851 0.008
4333.52495 15.546 0.008
4333.68609 15.715 0.009
4334.49833 15.865 0.015
4334.62657 15.992 0.017
4338.49820 15.932 0.010
4339.47556 15.639 0.009
4340.59585 16.063 0.010
4341.49886 15.709 0.010
4343.50688 15.751 0.008
4345.49997 15.784 0.008
4346.51297 15.736 0.009
4349.48892 15.857 0.010
4350.53598 15.602 0.008
4351.50187 15.891 0.009
4352.55243 15.676 0.009
4353.50579 15.929 0.009
4354.53451 15.685 0.008
4355.53613 16.037 0.010
4356.50250 15.704 0.008
4357.53158 16.087 0.011
4358.49461 15.726 0.010
4359.53217 16.017 0.010
4360.51960 15.797 0.010
4361.56492 15.539 0.009
4362.50666 15.837 0.010
4365.55748 15.617 0.010
4367.48358 15.580 0.008
4368.52723 15.962 0.010
4369.60659 15.731 0.010
4370.48450 15.954 0.010
4371.52966 15.705 0.008
4372.51542 16.041 0.009
4373.48991 15.728 0.010
4376.56630 15.542 0.009
4378.51410 15.589 0.008
4379.52915 15.888 0.010
4380.54064 15.584 0.008
4381.51930 15.871 0.010
4382.56131 15.664 0.009
4383.55241 15.977 0.010
4384.52658 15.672 0.009
4393.52643 15.573 0.008
4394.54178 15.898 0.010
4395.51318 15.546 0.008
4396.50517 15.882 0.010
4397.52950 15.606 0.008
4398.53441 15.942 0.010
4399.52707 15.657 0.009
4400.52917 15.976 0.012
4402.54558 16.063 0.012
4403.54462 15.755 0.010
4407.52056 15.809 0.010
4507.85096 15.651 0.008
4510.85622 16.054 0.010
4513.85736 15.774 0.007
4517.85647 15.900 0.011
4519.87741 15.904 0.008
4522.87132 15.672 0.008
4524.80722 15.646 0.008
4530.81482 15.764 0.007
4533.84845 15.534 0.007
4535.80187 15.539 0.008
4536.89110 15.960 0.008
4537.87675 15.674 0.007
4538.81187 15.910 0.009
4539.84992 15.682 0.007
4540.79607 15.939 0.008
4541.78880 15.667 0.007
4542.78349 15.984 0.010
4543.77903 15.701 0.007
4544.77593 16.033 0.010
4545.78221 15.734 0.008
4546.78936 16.098 0.010
4547.78333 15.759 0.008
4548.79431 15.727 0.009
4550.73734 15.907 0.010
4551.76054 15.832 0.008
4552.75644 15.524 0.010
4556.75256 15.618 0.007
4557.76983 15.947 0.009
4558.74677 15.659 0.007
4558.91653 15.797 0.008
4559.74466 15.966 0.008
4560.74477 15.695 0.008
4561.73482 16.009 0.009
4561.92101 15.544 0.007
4564.72502 15.737 0.007
4564.92553 15.931 0.009
4565.72309 16.067 0.008
4565.91395 15.647 0.006
4566.72257 15.767 0.007
4566.91943 15.965 0.008
4567.71554 15.756 0.008
4567.92144 15.693 0.007
4568.72145 15.829 0.008
4569.73047 15.537 0.007
4570.72389 15.884 0.009
4571.71852 15.577 0.008
4571.90711 15.757 0.007
4572.74601 15.904 0.008
4573.73441 15.635 0.007
4573.90077 15.777 0.007
4574.73680 15.951 0.010
4575.74229 15.697 0.007
4576.75240 16.033 0.009
4577.83408 15.812 0.008
4578.78513 16.029 0.011
4579.86203 15.859 0.010
4583.72884 15.828 0.009
4583.91498 16.024 0.009
4585.75258 15.871 0.009
4586.77776 15.641 0.008
4587.76544 15.933 0.009
4587.92403 16.001 0.010
4588.68795 15.564 0.007
4588.91884 15.811 0.008
4589.67089 15.886 0.009
4589.82630 16.081 0.009
4589.88829 15.956 0.009
4590.69049 15.638 0.007
4590.89615 15.849 0.008
4591.70215 15.959 0.009
4591.82705 16.059 0.009
4591.89416 15.615 0.007
4592.66075 15.644 0.007
4592.85004 15.812 0.009
4592.92836 15.894 0.009
4593.64992 15.961 0.009
4593.85961 15.565 0.007
4593.94178 15.597 0.010
4594.67097 15.695 0.008
4594.86596 15.889 0.008
4594.93148 15.928 0.009
4595.66048 16.029 0.009
4595.85485 15.550 0.007
4595.91674 15.629 0.007
4596.65567 15.722 0.008
4597.68013 16.106 0.009
4597.87164 15.633 0.007
4598.65642 15.761 0.007
4598.92509 16.019 0.009
4599.62885 16.091 0.010
4599.91943 15.723 0.008
4600.63812 15.781 0.007
4600.84684 15.894 0.008
4601.64370 15.818 0.008
4601.85993 15.700 0.007
4601.92178 15.756 0.008
4602.63634 15.824 0.007
4602.84575 16.023 0.008
4603.76378 15.639 0.007
4606.63762 15.902 0.008
4606.88897 15.702 0.008
4610.73377 16.074 0.009
4611.62311 15.671 0.008
4611.81395 15.865 0.008
4612.64448 16.050 0.010
4615.78621 15.903 0.009
4616.59523 16.105 0.010
4616.81174 15.645 0.007
4616.88170 15.725 0.008
4617.66147 15.834 0.008
4618.60696 15.859 0.009
4621.73592 15.968 0.006
4622.80539 15.746 0.008
4622.90685 15.864 0.010
4623.64076 15.938 0.010
4623.86454 15.629 0.009
4624.58447 15.578 0.007
4624.80866 15.797 0.009
4624.87501 15.874 0.009
4625.59857 15.922 0.010
4625.78893 15.787 0.009
4625.90369 15.594 0.009
4626.59709 15.637 0.008
4626.85240 15.882 0.010
4627.55754 15.911 0.009
4627.82975 15.546 0.007
4628.54325 15.617 0.008
4628.75111 15.824 0.008
4628.81654 15.894 0.009
4629.62222 16.054 0.009
4629.82486 15.591 0.007
4630.55817 15.692 0.008
4630.76401 15.891 0.008
4630.84735 15.955 0.009
4630.91014 16.032 0.010
4631.55957 16.032 0.008
4631.77533 15.585 0.007
4631.86199 15.700 0.008
4632.56335 15.732 0.008
4632.85009 16.017 0.010
4633.56332 16.089 0.009
4633.67486 15.513 0.007
4633.79060 15.663 0.008
4638.74837 16.033 0.010
4638.85858 15.726 0.009
4639.57093 15.542 0.008
4639.66871 15.653 0.007
4640.59044 15.905 0.008
4640.72261 16.060 0.009
4641.66443 15.702 0.007
4641.77439 15.786 0.008
4642.58832 15.934 0.009
4642.75085 15.865 0.009
4643.54611 15.613 0.008
4644.59349 16.009 0.010
4645.51655 15.641 0.008
4645.76503 15.893 0.009
4646.51461 15.948 0.009
4647.51098 15.675 0.008
4647.73402 15.888 0.009
4648.49412 15.962 0.010
4648.70775 15.560 0.007
4649.52021 15.711 0.008
4649.72891 15.912 0.008
4650.50620 16.060 0.010
4650.77012 15.673 0.008
4651.50953 15.747 0.009
4652.50059 16.083 0.010
4652.71373 15.666 0.007
4652.78861 15.736 0.008
4653.49694 15.776 0.010
4653.71612 15.982 0.009
4653.78129 16.082 0.010
4654.53574 15.617 0.008
4654.74719 15.729 0.008
4655.49681 15.821 0.009
4655.72130 16.037 0.008
4656.49875 15.576 0.007
4656.68849 15.719 0.008
4656.80777 15.818 0.009
4657.72310 16.075 0.010
4658.65708 15.732 0.008
4659.59119 15.994 0.010
4660.60952 15.724 0.008
4661.48681 15.919 0.009
4661.68750 15.755 0.008
4665.65426 15.535 0.008
4666.55968 15.799 0.009
4666.70276 15.900 0.009
4666.74491 15.947 0.010
4667.57123 15.716 0.009
4670.64440 15.943 0.009
4671.57992 15.586 0.007
4672.50540 15.863 0.008
4672.69790 16.063 0.009
4672.72018 16.080 0.009
4674.50853 15.910 0.010
4675.67582 15.764 0.008
4677.48511 15.619 0.007
4677.63144 15.757 0.008
4679.49073 15.677 0.009
4681.52651 15.745 0.008
4681.62653 15.852 0.008
4682.49752 16.086 0.009
4683.51604 15.776 0.009
4683.70294 15.958 0.009
4684.50859 15.941 0.009
4685.49352 15.796 0.009
4685.51327 15.840 0.009
4685.72849 16.043 0.010
4686.49730 15.711 0.008
4686.70129 15.726 0.009
4687.48106 15.836 0.009
4687.73655 16.099 0.010
4688.49398 15.532 0.007
4688.68381 15.733 0.008
4693.54156 16.014 0.009
4697.49745 16.064 0.010
4698.50297 15.753 0.008
4699.49911 16.048 0.010
4700.50538 15.825 0.008
4701.50066 15.716 0.008
4702.49919 15.839 0.008
4703.56967 15.607 0.007
4705.50288 15.572 0.007
4708.53608 15.986 0.010
4709.51218 15.702 0.009
4710.54181 16.075 0.008
4711.52116 15.747 0.007
4715.58116 15.877 0.009
4716.58355 15.547 0.008
4720.55070 15.623 0.008
4721.48225 15.925 0.010
4722.51479 15.648 0.007
4724.50459 15.662 0.008
4725.48288 15.990 0.010
4729.54492 15.780 0.009
4731.56818 15.561 0.008
4733.51988 15.535 0.007
4734.54926 15.908 0.010
4737.54014 15.647 0.008
4740.55065 16.042 0.010
4741.55834 15.757 0.008
4743.53330 15.754 0.008
4753.54423 15.992 0.010
4758.50588 15.731 0.009
4868.87629 15.813 0.008
4869.86015 15.720 0.008
4873.84898 15.549 0.007
4877.84329 15.648 0.007
4883.84531 15.776 0.008
4884.85082 15.767 0.007
4886.89396 15.537 0.007
4890.87888 15.630 0.006
4896.86714 15.747 0.008
4899.83804 16.003 0.009
4900.87949 15.844 0.008
4901.87787 15.528 0.006
4902.87659 15.882 0.008
4904.80068 15.860 0.008
4905.90466 15.662 0.007
4910.82642 16.007 0.009
4911.77720 15.648 0.006
4912.77411 15.952 0.007
4914.79119 16.069 0.009
4917.75222 15.728 0.007
4920.73252 15.886 0.008
4924.77358 15.601 0.007
4925.81352 15.965 0.008
4925.90056 16.072 0.008
4927.70715 15.903 0.010
4927.86768 16.075 0.010
4928.72968 15.636 0.007
4929.78595 16.078 0.009
4930.70045 15.678 0.008
4930.81938 15.765 0.008
4931.71528 15.998 0.010
4931.86095 15.656 0.007
4932.71834 15.715 0.008
4932.78452 15.769 0.007
4932.81901 15.809 0.007
4933.76667 16.023 0.010
4934.76507 15.787 0.011
4934.83033 15.858 0.010
4938.67566 15.797 0.009
4938.88031 15.984 0.009
4939.69457 15.651 0.007
4940.69457 15.882 0.008
4941.67332 15.535 0.007
4941.77132 15.639 0.007
4942.71109 15.897 0.008
4943.66516 15.565 0.007
4943.80465 15.702 0.007
4944.66197 15.871 0.008
4944.81741 16.071 0.008
4945.71042 15.670 0.007
4945.76687 15.716 0.006
4946.66009 15.926 0.009
4947.65375 15.638 0.007
4947.85169 15.833 0.007
4948.83430 15.600 0.006
4949.78240 15.806 0.007
4951.64246 15.697 0.008
4952.64068 16.066 0.010
4953.63432 15.743 0.008
4953.80888 15.897 0.008
4954.63584 16.073 0.010
4954.82871 15.643 0.007
4955.76991 15.880 0.009
