2167.90108 18.968 0.055
2193.82309 18.614 0.029
2202.82241 19.024 0.043
2215.77561 18.882 0.050
2224.82369 18.544 0.032
2227.73453 18.947 0.047
2229.74028 18.573 0.041
2231.70854 19.008 0.053
2233.67681 18.798 0.038
2237.59622 18.947 0.074
2239.65721 18.810 0.044
2241.74887 18.669 0.039
2243.81388 18.511 0.036
2248.67588 19.047 0.047
2250.76485 18.970 0.049
2252.73422 18.839 0.038
2254.72529 18.364 0.023
2257.72928 19.038 0.044
2260.75100 18.503 0.032
2265.78362 18.792 0.037
2266.77420 18.657 0.034
2270.80023 18.841 0.037
2272.64978 18.669 0.038
2274.77714 19.071 0.059
2276.83509 18.968 0.048
2278.79193 18.684 0.047
2280.77468 19.116 0.047
2282.77189 18.913 0.037
2289.83436 19.041 0.043
2291.82040 18.633 0.037
2293.78929 19.051 0.069
2295.81315 18.916 0.038
2297.79924 18.636 0.034
2300.82427 19.046 0.067
2302.78550 18.758 0.051
2315.70929 18.458 0.033
2324.57523 18.752 0.036
2328.55708 19.048 0.067
2334.55029 18.970 0.051
2340.54699 18.977 0.044
2373.49955 18.600 0.053
2385.56269 18.792 0.053
2534.89515 18.968 0.055
2539.90231 19.050 0.064
2545.86991 18.883 0.048
2557.83031 18.916 0.055
2561.82837 18.541 0.035
2565.83019 18.871 0.059
2574.79240 19.030 0.058
2578.84882 18.837 0.044
2584.74459 18.675 0.050
2590.82179 18.838 0.045
2596.82825 18.947 0.059
2606.72474 18.913 0.040
2609.83333 18.688 0.055
2610.63969 18.879 0.053
2610.74518 18.931 0.063
2610.85146 18.574 0.050
2611.65170 19.092 0.069
2611.72205 19.019 0.075
2613.63289 18.680 0.058
2613.71069 18.818 0.056
2614.68088 18.669 0.046
2614.76429 18.823 0.052
2614.85585 18.943 0.053
2615.66494 18.598 0.042
2615.78707 18.641 0.034
2615.84479 18.854 0.056
2617.74804 19.040 0.059
2617.85648 18.452 0.044
2618.67021 18.892 0.047
2618.76381 19.032 0.049
2619.62691 18.783 0.046
2619.73369 18.891 0.035
2619.85803 19.094 0.067
2620.65685 18.572 0.039
2620.74201 18.695 0.032
2621.69107 18.408 0.023
2621.76654 18.692 0.035
2621.85971 18.793 0.047
2622.65679 19.018 0.061
2622.73821 18.581 0.036
2622.85914 18.646 0.039
2623.65554 18.930 0.058
2623.74363 18.997 0.044
2623.85493 18.416 0.029
2624.68609 18.974 0.048
2624.75722 18.990 0.044
2624.85200 19.252 0.069
2625.67111 18.915 0.044
2625.72298 18.868 0.040
2626.63994 18.560 0.044
2627.74774 18.590 0.053
2627.79211 18.688 0.054
2627.82161 18.707 0.051
2628.66452 19.069 0.065
2628.74159 18.603 0.051
2628.80865 18.561 0.037
2629.66026 19.018 0.061
2629.76859 19.054 0.059
2629.81894 18.594 0.042
2629.84837 18.439 0.038
2630.64809 18.855 0.051
2630.72764 19.080 0.059
2630.80799 19.023 0.079
2631.65960 18.929 0.058
2631.74237 18.846 0.059
2631.85171 19.057 0.067
2632.61556 18.617 0.031
2632.71305 18.749 0.034
2632.74233 18.799 0.035
2632.82287 18.972 0.046
2634.61436 19.013 0.045
2634.70439 18.825 0.037
2634.83832 18.620 0.042
2635.66456 19.078 0.044
2635.74188 19.118 0.045
2635.81354 18.549 0.035
2635.84482 18.487 0.035
2636.69245 18.979 0.040
2636.77282 19.056 0.061
2636.85252 19.210 0.067
2637.65448 18.726 0.042
2637.83618 19.099 0.044
2638.63576 18.626 0.034
2638.73670 18.757 0.046
2638.80674 18.977 0.057
2638.83615 18.998 0.061
2639.60885 18.711 0.031
2639.84521 18.816 0.034
2640.61783 19.047 0.054
2640.75977 18.470 0.030
2641.61790 19.020 0.050
2641.75432 19.166 0.051
2641.77492 18.961 0.044
2641.86517 18.696 0.055
2642.61605 18.918 0.046
2642.71783 18.970 0.056
2643.62297 18.771 0.033
2643.76663 18.982 0.042
2644.60561 18.551 0.035
2644.72034 18.808 0.042
2645.62043 18.492 0.163
2645.75626 18.683 0.033
2645.77687 18.793 0.036
2645.86266 18.949 0.079
2646.62505 19.113 0.057
2646.75052 18.490 0.029
2647.62549 19.047 0.051
2647.70588 19.018 0.044
2647.73532 19.099 0.054
2649.62265 18.789 0.038
2649.71513 18.895 0.032
2650.64283 18.644 0.028
2650.70440 18.787 0.045
2650.81835 18.980 0.044
2651.63887 18.428 0.031
2651.73467 18.719 0.035
2652.60385 19.049 0.045
2652.68280 18.690 0.044
2652.78438 18.569 0.034
2653.61169 19.002 0.052
2653.65973 19.013 0.051
2653.78851 18.492 0.044
2654.63034 18.966 0.056
2654.70737 19.021 0.058
2654.84798 18.822 0.044
2655.61597 18.822 0.044
2655.71644 18.902 0.044
2655.81954 19.022 0.055
2656.62746 18.622 0.036
2656.77647 18.966 0.066
2656.87372 19.091 0.088
2657.62983 18.466 0.033
2657.65126 18.508 0.033
2657.87017 18.943 0.079
2658.59135 19.018 0.065
2658.69091 18.504 0.043
2658.77193 18.679 0.057
2659.64988 18.964 0.048
2659.78457 18.365 0.051
2659.80505 18.414 0.042
2660.60411 18.912 0.046
2660.71532 19.054 0.051
2661.60916 18.790 0.031
2661.66296 18.887 0.037
2662.64787 18.734 0.047
2662.72217 18.827 0.045
2662.78349 18.931 0.054
2663.66250 18.524 0.031
2664.71539 18.459 0.044
2664.73676 18.592 0.053
2665.70616 19.109 0.039
2665.83004 18.614 0.042
2666.65231 18.908 0.037
2666.77012 19.116 0.043
2666.79059 19.106 0.046
2666.83614 18.673 0.045
2667.68726 18.949 0.045
2667.84797 19.199 0.088
2668.76164 18.902 0.045
2668.78213 18.833 0.047
2671.69723 19.110 0.070
2672.67438 19.052 0.069
2672.77840 19.074 0.052
2673.81997 18.816 0.057
2674.67925 18.791 0.042
2674.80137 18.971 0.052
2675.66194 18.525 0.037
2675.76482 18.757 0.033
2675.80917 18.743 0.035
2676.66406 18.431 0.033
2676.74738 18.606 0.035
2677.66475 19.022 0.062
2677.72346 18.762 0.035
2677.79618 18.522 0.042
2678.63925 18.902 0.039
2678.76950 19.044 0.046
2679.65880 18.832 0.048
2679.79425 19.005 0.059
2679.81484 18.939 0.064
2680.78032 19.084 0.047
2681.61903 18.538 0.036
2681.73057 18.738 0.043
2682.59646 19.068 0.056
2683.63158 19.005 0.058
2687.63665 18.618 0.045
2692.57946 18.749 0.042
2697.52585 18.691 0.039
2702.52465 19.002 0.069
2708.55345 18.874 0.046
2724.52332 19.030 0.044
2871.91478 18.994 0.056
2884.87440 18.844 0.045
2890.89640 18.866 0.077
2896.84907 18.920 0.057
2902.78371 18.824 0.036
2911.89223 18.516 0.027
2917.79576 19.108 0.048
2923.79792 18.901 0.049
2926.85100 18.919 0.044
2931.77947 18.942 0.043
2934.81987 18.615 0.034
2940.80027 18.665 0.033
2943.80445 19.024 0.044
2947.81297 18.461 0.025
2950.72693 18.889 0.051
2954.75018 18.932 0.058
2956.79573 18.969 0.043
2958.84034 18.753 0.056
2962.83459 18.924 0.038
2965.84376 18.606 0.032
2967.78353 18.983 0.045
2970.83751 18.821 0.034
2974.77552 18.968 0.039
2976.66501 18.388 0.031
2979.64844 18.945 0.058
2983.77657 18.507 0.034
2985.82431 19.104 0.049
2987.72307 18.788 0.046
2989.66575 19.138 0.044
2991.73800 18.988 0.044
2993.74569 18.835 0.039
2995.82092 18.647 0.030
2997.78985 19.051 0.046
2998.73736 18.920 0.040
3000.73986 18.801 0.046
3002.73769 19.100 0.047
3004.73066 18.987 0.038
3006.72363 18.726 0.031
3008.73809 19.040 0.053
3010.78452 18.960 0.044
3011.80086 19.040 0.060
3016.73449 19.066 0.042
3018.76491 18.843 0.040
3020.82864 18.601 0.034
3021.85362 18.434 0.036
3023.71458 18.875 0.037
3025.68622 18.463 0.021
3027.73167 19.089 0.041
3029.71651 18.891 0.037
3031.78690 18.648 0.040
3034.61823 18.865 0.030
3036.64860 18.691 0.031
3039.59051 18.992 0.049
3042.69804 18.718 0.042
3044.63748 19.032 0.048
3046.62345 18.942 0.048
3047.72580 18.893 0.048
3048.65689 18.658 0.028
3049.68044 18.614 0.024
3051.64979 19.042 0.047
3053.62503 18.789 0.027
3055.64204 18.489 0.029
3057.66719 19.019 0.037
3059.61180 18.805 0.035
3061.60410 18.355 0.030
3066.57370 18.504 0.040
3068.60155 19.158 0.070
3070.67189 19.016 0.080
3073.69020 18.707 0.045
3076.61394 18.976 0.065
3079.59379 18.511 0.025
3082.68296 19.031 0.037
3085.58275 18.466 0.028
3088.54303 18.878 0.044
3091.52592 18.577 0.037
3096.57443 18.625 0.053
3100.50543 18.961 0.069
3103.52368 18.440 0.031
3106.54495 18.925 0.043
3109.53056 18.499 0.028
3112.58602 19.001 0.054
3116.56408 18.562 0.046
3127.56127 18.616 0.036
3133.52177 18.524 0.045
3223.92000 18.664 0.047
3249.91825 19.242 0.079
3258.90558 18.793 0.041
3264.87180 18.776 0.029
3271.81954 18.543 0.042
3274.82355 19.056 0.061
3278.89649 18.706 0.045
3282.80314 18.720 0.031
3287.82764 19.032 0.034
3295.78539 18.606 0.025
3297.77750 18.987 0.030
3299.84557 19.086 0.032
3301.83892 18.743 0.043
3305.74792 18.936 0.044
3309.80920 19.147 0.042
3311.80281 18.870 0.039
3320.86625 18.620 0.047
3327.81866 18.589 0.025
3330.79472 18.960 0.050
3336.64714 18.704 0.044
3339.82561 18.416 0.034
3353.81930 18.962 0.033
3357.76000 18.673 0.031
3360.73671 18.935 0.032
3365.85615 19.004 0.047
3373.82023 18.792 0.049
3378.74702 18.908 0.041
3394.63016 19.132 0.062
3399.78390 18.587 0.044
3403.77101 18.960 0.046
3408.69420 18.921 0.035
3417.63427 18.878 0.047
3427.57030 18.722 0.043
3434.52214 18.680 0.033
3440.54630 18.502 0.030
3447.51554 18.970 0.050
3456.54111 18.809 0.050
3469.49599 18.673 0.029
3478.48852 19.127 0.053
3601.89896 18.701 0.040
3619.90165 18.877 0.039
3636.84048 18.848 0.053
3640.79039 19.031 0.041
3651.82421 18.537 0.031
3654.87041 19.018 0.037
3658.83412 18.570 0.036
3665.85305 19.041 0.048
3670.82264 18.534 0.031
3673.83292 18.960 0.031
3676.83307 18.479 0.028
3685.77241 18.925 0.038
3687.85914 18.674 0.031
3690.78111 18.919 0.047
3693.81671 18.681 0.034
3695.84783 18.998 0.040
3698.83748 18.890 0.040
3701.70640 19.048 0.041
3703.79021 19.067 0.040
3705.85441 18.725 0.032
3708.84211 19.092 0.051
3712.79968 18.519 0.027
3715.76535 18.921 0.036
3718.70118 19.076 0.054
3720.85096 19.187 0.068
3724.76854 18.494 0.024
3728.74656 18.756 0.033
3731.80968 18.564 0.024
3733.67239 18.866 0.029
3735.66026 18.494 0.020
3737.81878 18.368 0.020
3740.78215 19.000 0.038
3745.82470 19.083 0.045
3749.77475 18.526 0.048
3751.78863 18.865 0.052
3753.73800 18.776 0.037
3755.73806 19.015 0.049
3757.72780 19.022 0.041
3759.81810 18.951 0.044
3766.70673 18.488 0.030
3770.73431 18.913 0.050
3773.76552 18.557 0.039
3776.73988 18.919 0.055
3783.60717 18.627 0.030
3788.58139 18.788 0.030
3793.58694 18.834 0.032
3801.52272 18.405 0.025
3811.51346 18.828 0.044
3826.49846 19.068 0.053
3965.85830 19.108 0.040
3970.87838 18.618 0.032
3982.82915 18.546 0.034
3999.87334 18.711 0.034
4003.74924 18.866 0.032
4006.77038 18.422 0.023
4008.79127 19.029 0.042
4013.80289 18.985 0.059
4019.80404 18.828 0.039
4024.79708 18.708 0.032
4026.86607 19.038 0.042
4029.81042 18.783 0.037
4032.84699 19.218 0.059
4039.67923 18.902 0.043
4041.75294 18.653 0.036
4043.75795 18.848 0.048
4049.72122 19.033 0.040
4052.78255 18.975 0.035
4054.76869 18.608 0.028
4056.82785 18.726 0.034
4059.72261 18.658 0.034
4064.79285 18.928 0.030
4066.79020 18.712 0.034
4069.74331 19.022 0.044
4071.67127 18.688 0.040
4076.74345 18.910 0.052
4079.78495 18.676 0.044
4082.83283 18.956 0.040
4084.79809 18.923 0.053
4086.82316 18.543 0.036
4103.65879 18.730 0.035
4111.80195 19.108 0.042
4127.67117 18.458 0.021
4143.54738 18.679 0.031
4157.54611 18.940 0.047
4169.50331 19.099 0.059
4198.53307 18.682 0.035
4343.86596 18.661 0.040
4348.83483 18.764 0.038
4353.86617 18.946 0.046
4358.81818 18.957 0.056
4364.90454 19.013 0.066
4367.87837 18.735 0.035
4370.90006 19.062 0.085
4373.85604 18.731 0.035
4378.75945 18.742 0.044
4381.74764 18.876 0.058
4386.86550 18.599 0.034
4390.82748 18.822 0.038
4394.87412 19.111 0.049
4399.80181 19.207 0.072
4408.70679 18.770 0.049
4412.78918 18.960 0.046
4423.73953 19.054 0.049
4427.74160 18.763 0.040
4430.74489 19.095 0.072
4433.76248 18.728 0.037
4437.76042 19.084 0.065
4440.70465 18.386 0.029
4443.79712 19.054 0.053
4449.76805 18.982 0.045
4451.80369 18.817 0.044
4455.76904 18.907 0.046
4457.80029 18.816 0.049
4459.76751 18.435 0.028
4463.76423 18.756 0.030
4465.78099 18.502 0.026
4468.74523 18.887 0.033
4470.70077 18.574 0.031
4473.74395 19.003 0.058
4476.76493 18.683 0.030
4482.80582 18.769 0.044
4485.79615 19.030 0.063
4490.64339 19.019 0.054
4494.70944 18.575 0.035
4498.73356 18.973 0.042
4501.73092 18.511 0.034
4506.66493 18.585 0.035
4508.69179 19.002 0.050
4509.75588 19.146 0.049
4512.72570 18.763 0.037
4518.66590 18.608 0.054
4521.70646 18.923 0.046
4523.68550 18.747 0.052
4525.65009 18.404 0.026
4531.63381 18.466 0.026
4534.56270 18.868 0.049
4537.67848 18.560 0.030
4539.59775 18.989 0.047
4542.51515 18.452 0.039
