 726.83104 18.981 0.062
 739.86486 18.879 0.106
 744.77316 18.792 0.068
 745.85780 18.896 0.058
 746.84365 18.955 0.063
 747.73911 19.026 0.066
 748.69108 18.879 0.065
 750.80404 18.809 0.066
 751.80488 18.862 0.069
 752.86268 18.931 0.068
 754.80893 18.955 0.101
 755.78691 18.840 0.068
 759.71275 18.964 0.065
 761.79401 18.865 0.071
 766.84370 18.997 0.112
 773.79929 18.899 0.079
 776.82449 19.136 0.086
 780.78488 19.122 0.082
 782.81350 19.044 0.081
 788.84100 19.161 0.073
 792.75105 19.206 0.115
 795.83638 18.920 0.071
 798.76068 19.105 0.078
 817.75902 18.902 0.059
 819.83573 18.911 0.085
 824.70640 18.984 0.099
 826.79906 18.982 0.101
 827.69589 18.821 0.062
 828.75551 18.983 0.066
 829.70312 18.895 0.063
 830.76123 18.978 0.072
 831.59849 18.808 0.075
 832.76810 19.160 0.081
 833.58767 18.942 0.068
 834.69167 18.812 0.065
 835.80946 18.891 0.061
 837.67135 19.036 0.059
 839.66980 18.923 0.082
 841.75881 18.867 0.062
 842.74873 19.096 0.086
 844.60367 18.788 0.071
 846.77561 18.900 0.069
 850.76646 18.944 0.081
 854.79135 19.001 0.149
 855.71340 18.950 0.144
 856.67540 18.903 0.093
 857.73408 18.878 0.085
 858.69722 18.909 0.081
 859.76397 19.064 0.083
 860.65695 18.881 0.095
 865.57426 18.825 0.092
 867.62933 18.900 0.109
 874.69305 18.867 0.063
 876.60910 18.890 0.065
 876.71160 19.354 0.092
 878.69912 18.963 0.076
 880.63346 19.195 0.091
 885.59261 18.985 0.142
 887.67770 19.138 0.126
 890.70133 18.842 0.085
 892.54808 18.960 0.076
 893.71432 19.102 0.098
 896.51607 18.953 0.072
 900.56954 18.908 0.085
 919.57141 19.173 0.132
 925.52447 19.047 0.148
 931.58243 19.165 0.144
 934.53126 19.145 0.147
 947.54602 19.107 0.175
 950.52442 18.947 0.086
1079.81531 18.917 0.071
1080.81894 19.132 0.071
1083.82949 18.844 0.076
1084.82488 18.834 0.065
1086.85293 19.132 0.083
1090.78054 18.991 0.111
1092.83098 19.026 0.086
1093.84307 19.098 0.083
1106.77194 18.827 0.052
1108.79296 19.026 0.071
1114.80238 19.123 0.062
1119.84565 18.877 0.073
1120.75021 19.068 0.099
1126.77002 18.950 0.078
1129.83433 18.891 0.095
1131.84027 19.184 0.115
1132.82990 19.165 0.083
1137.81208 19.061 0.072
1138.85339 19.157 0.085
1142.78008 19.215 0.072
1152.73772 19.037 0.102
1154.75328 19.011 0.089
1155.70953 18.857 0.076
1157.76340 18.841 0.093
1159.76914 19.237 0.091
1161.83312 19.076 0.068
1163.83502 18.800 0.066
1164.84996 18.899 0.053
1166.76741 18.993 0.096
1167.79366 19.039 0.111
1168.77629 18.719 0.078
1171.74518 19.054 0.056
1175.74259 19.168 0.089
1179.79204 19.011 0.095
1181.75551 19.031 0.091
1183.84045 19.151 0.081
1185.83779 18.888 0.053
1187.79313 19.110 0.071
1189.72958 18.968 0.062
1191.76829 18.895 0.053
1192.82707 18.903 0.055
1193.81903 19.101 0.061
1194.69466 18.770 0.075
1201.78316 18.880 0.075
1202.79239 18.852 0.071
1204.69896 19.081 0.085
1206.79908 18.968 0.071
1207.70935 18.884 0.085
1211.76727 18.991 0.118
1214.68140 19.101 0.116
1215.58622 18.881 0.063
1216.66263 18.943 0.068
1217.74433 18.958 0.073
1219.65801 19.119 0.085
1220.76599 19.113 0.105
1221.63187 18.942 0.086
1223.72048 18.881 0.085
1226.61011 18.867 0.069
1227.61492 18.948 0.066
1230.67971 18.926 0.101
1233.57574 18.850 0.069
1235.71353 18.951 0.118
1238.63604 18.872 0.128
1240.71181 18.849 0.095
1242.52973 18.898 0.079
1244.66626 18.918 0.086
1247.52408 18.954 0.088
1248.62426 18.993 0.091
1251.57879 19.196 0.134
1254.59330 19.082 0.093
1255.62651 18.766 0.089
1256.63053 18.879 0.082
1258.61771 19.142 0.079
1261.52355 18.905 0.068
1264.53455 19.052 0.096
1267.55609 18.883 0.093
1272.53637 18.859 0.089
1274.56820 19.108 0.139
1276.56669 18.933 0.086
1278.57025 18.825 0.083
1279.55303 19.015 0.093
1290.53435 19.033 0.121
1298.51088 18.944 0.101
1301.58525 18.898 0.116
1306.50224 19.024 0.085
1315.53460 19.112 0.152
1318.51714 18.988 0.115
1320.50989 19.089 0.108
1330.52005 19.092 0.128
1335.51319 19.204 0.126
1431.87249 19.139 0.071
1433.86741 19.052 0.108
1436.78089 19.217 0.093
1439.85919 18.996 0.069
1441.87788 18.814 0.065
1443.89954 18.971 0.088
1447.83054 18.917 0.121
1449.87237 19.162 0.129
1454.83686 19.175 0.152
1459.75311 19.234 0.144
1462.83070 18.870 0.112
1471.82839 19.158 0.088
1476.72000 19.184 0.109
1478.79840 19.009 0.078
1484.78658 18.868 0.073
1489.76851 18.916 0.058
1491.79718 18.907 0.075
1493.73920 18.986 0.082
1496.63610 18.997 0.085
1498.70316 19.006 0.079
1500.84342 19.100 0.081
1503.67873 19.289 0.147
1505.78603 19.116 0.101
1507.73699 18.903 0.085
1508.68969 19.134 0.081
1509.71499 19.162 0.089
1511.70824 18.957 0.082
1512.81297 18.883 0.079
1514.75662 19.114 0.095
1517.72174 18.893 0.055
1519.67532 19.187 0.096
1522.75549 19.069 0.073
1523.70043 18.857 0.105
1525.67692 19.157 0.112
1527.79639 19.040 0.075
1528.80478 19.093 0.069
1529.84797 18.998 0.076
1531.82612 18.941 0.071
1538.78252 19.127 0.092
1542.80710 18.932 0.082
1544.74899 19.139 0.075
1547.82159 18.940 0.063
1548.83111 18.879 0.059
1549.84101 18.948 0.073
1552.71758 18.947 0.066
1553.79263 18.909 0.068
1554.80785 18.980 0.056
1555.79622 19.159 0.092
1555.84929 19.013 0.095
1561.58921 18.874 0.076
1562.79400 19.073 0.092
1566.64197 18.978 0.089
1568.66488 18.824 0.079
1571.72812 19.076 0.089
1575.69089 19.085 0.082
1577.75801 19.170 0.088
1579.72792 18.973 0.079
1581.67587 19.087 0.096
1584.65196 18.763 0.066
1586.66083 19.005 0.069
1589.75797 19.179 0.121
1592.63468 19.150 0.083
1593.55210 18.910 0.093
1595.62466 18.878 0.081
1596.73806 18.866 0.088
1599.72992 19.097 0.124
1600.65775 18.979 0.102
1601.73589 18.998 0.099
1602.71728 18.964 0.092
1604.70955 19.092 0.144
1606.68387 18.952 0.085
1609.69735 18.998 0.076
1610.71493 19.291 0.134
1611.69220 18.829 0.102
1613.68291 18.974 0.112
1615.69295 19.156 0.106
1616.62989 19.088 0.083
1617.67308 19.033 0.078
1618.51439 19.120 0.111
1620.53793 19.042 0.101
1620.68780 18.944 0.109
1622.68224 18.952 0.098
1624.68031 18.790 0.104
1625.65995 18.890 0.081
1627.67649 19.075 0.089
1629.65144 18.948 0.088
1630.66844 18.875 0.068
1633.50590 18.918 0.076
1634.62523 18.990 0.078
1635.63875 18.851 0.086
1644.56526 18.919 0.069
1653.53227 19.011 0.114
1654.58372 19.133 0.115
1656.60045 18.860 0.096
1658.52802 19.144 0.108
1662.51307 18.912 0.086
1665.54838 18.979 0.119
1670.50772 18.973 0.089
1682.48422 19.014 0.211
1782.90744 19.022 0.098
1783.89857 19.121 0.085
1790.88544 19.073 0.071
1813.81969 18.762 0.062
1818.87209 18.936 0.079
1826.87166 18.951 0.073
1843.80768 19.086 0.082
1844.82283 19.062 0.078
1845.71380 18.915 0.066
1850.72516 18.864 0.088
1855.79940 19.055 0.079
1860.77312 19.106 0.104
1864.75936 18.973 0.071
1866.79786 19.179 0.082
1868.75594 18.951 0.058
1869.79033 18.828 0.059
2187.78771 18.913 0.088
2190.88352 19.006 0.062
2193.85417 18.919 0.048
2202.85392 19.133 0.073
2215.80673 18.881 0.066
2222.80654 18.964 0.085
2224.85418 19.233 0.093
2227.76504 18.928 0.066
2229.77078 19.131 0.085
2231.73932 18.793 0.062
2233.70751 19.078 0.066
2237.62674 19.078 0.098
2239.68778 19.071 0.069
2241.77942 19.090 0.068
2243.84969 18.891 0.088
2248.70919 18.850 0.053
2250.74068 19.176 0.071
2252.83775 19.160 0.088
2254.75951 18.819 0.046
2257.77708 19.073 0.052
2265.73037 18.831 0.056
2266.80127 18.872 0.065
2270.83277 19.010 0.062
2272.68494 19.168 0.082
2274.81125 19.206 0.095
2276.86661 19.251 0.106
2278.82563 18.853 0.071
2280.80532 19.118 0.063
2282.80913 19.019 0.076
2284.76201 19.033 0.061
2290.69484 19.111 0.072
2293.80993 18.948 0.095
2295.83383 18.836 0.053
2297.82059 19.306 0.089
2299.83702 19.113 0.085
2301.73113 19.128 0.091
2302.80634 19.110 0.104
2303.72910 18.920 0.082
2321.71364 18.945 0.076
2328.59066 19.132 0.091
2340.58040 19.064 0.086
2346.52109 18.910 0.076
2360.51602 19.034 0.098
2391.51696 18.838 0.088
2540.89479 19.108 0.096
2548.83170 18.967 0.072
2553.79838 18.765 0.078
2557.86380 19.176 0.088
2561.86647 18.828 0.058
2565.85578 19.012 0.089
2574.81291 19.094 0.083
2574.82593 19.149 0.076
2578.86943 18.888 0.073
2586.78236 19.042 0.069
2590.85567 18.884 0.063
2596.86336 19.013 0.089
2606.75899 19.118 0.069
2610.66100 18.927 0.075
2614.83004 19.151 0.079
2619.70636 19.012 0.061
2621.83366 18.951 0.058
2624.73077 18.994 0.071
2627.83921 19.030 0.108
2630.60891 18.850 0.071
2632.75979 18.878 0.055
2636.70962 18.931 0.056
2638.75388 18.900 0.075
2641.80228 19.199 0.086
2643.81093 19.025 0.068
2645.79740 18.937 0.085
2649.68432 18.867 0.050
2651.76405 18.904 0.065
2653.74672 19.072 0.086
2655.78118 18.845 0.068
2657.76524 19.036 0.089
2659.82636 18.988 0.095
2661.62652 19.103 0.063
2666.61042 19.111 0.073
2668.83877 18.810 0.069
2673.78420 18.910 0.076
2676.76450 19.091 0.076
2678.81043 18.940 0.056
2680.70263 19.045 0.069
2684.59613 18.974 0.076
2688.56978 19.175 0.102
2692.54426 18.867 0.068
2697.55920 18.881 0.059
2702.56075 18.873 0.086
2709.51148 18.882 0.071
2725.52008 18.759 0.065
2875.88879 19.024 0.089
2884.91086 18.952 0.071
2896.88766 19.026 0.075
2902.81666 19.011 0.058
2907.87813 18.954 0.053
2912.82060 18.958 0.050
2917.82883 18.881 0.058
2923.83151 18.872 0.068
2926.88397 19.164 0.078
2931.81792 19.077 0.068
2934.85290 18.767 0.053
2940.83313 18.928 0.055
2943.83796 19.058 0.058
2947.84611 19.076 0.068
2950.76251 18.826 0.061
2954.78838 19.047 0.092
2956.82867 18.836 0.059
2961.76196 18.941 0.062
2963.76460 19.110 0.092
2966.78885 18.954 0.048
2968.75353 19.098 0.065
2971.81549 19.096 0.076
2974.83855 18.920 0.058
2976.69852 18.982 0.059
2979.68238 19.148 0.076
2981.70295 19.134 0.147
2983.83480 19.055 0.085
2985.80188 18.824 0.053
2987.75841 18.984 0.062
2989.69863 18.927 0.050
2991.77247 19.039 0.068
2993.77862 19.050 0.062
2995.85388 19.020 0.066
2997.82503 18.921 0.066
2998.77048 19.188 0.075
3000.77905 18.897 0.058
3002.77060 19.082 0.063
3004.76352 19.131 0.063
3006.75671 18.878 0.049
3008.71631 19.164 0.092
3010.81747 19.127 0.075
3016.76741 18.954 0.062
3018.79807 18.734 0.053
3020.86167 18.930 0.085
3022.63977 18.945 0.056
3023.74794 18.870 0.055
3025.75115 19.193 0.059
3027.76968 19.050 0.072
3029.75411 18.830 0.058
3031.82607 18.947 0.063
3034.65119 18.931 0.042
3036.68145 19.067 0.065
3039.62343 18.847 0.056
3041.70632 19.154 0.101
3042.73139 19.218 0.111
3044.67042 18.886 0.071
3046.65655 19.236 0.099
3048.68977 19.183 0.069
3050.68653 18.938 0.052
3052.68297 19.071 0.056
3054.68851 18.933 0.069
3056.67629 18.873 0.052
3058.66960 19.080 0.066
3066.60674 18.817 0.072
3068.63500 19.136 0.092
3071.53326 18.838 0.069
3074.53294 19.088 0.082
3076.65202 19.155 0.108
3079.64937 18.926 0.052
3083.51644 19.004 0.066
3085.62022 19.117 0.069
3088.57644 18.823 0.079
3091.58073 19.153 0.088
3097.49782 18.797 0.096
3100.53896 18.915 0.101
3103.54656 19.067 0.073
3106.57897 18.958 0.058
3113.58109 19.132 0.093
3127.53897 18.903 0.066
3133.55465 18.945 0.075
3230.92938 18.947 0.066
3242.90374 19.171 0.086
3249.87072 19.040 0.078
3260.86265 18.908 0.068
3264.90462 19.208 0.058
3271.85306 19.040 0.068
3274.85635 19.013 0.085
3279.80996 19.087 0.079
3282.87558 19.022 0.062
3291.79854 19.367 0.081
3295.81897 19.020 0.043
3297.81041 19.226 0.043
3305.78072 18.851 0.062
3309.84201 19.135 0.071
3321.74210 18.902 0.046
3327.85624 19.041 0.072
3333.83985 18.946 0.082
3336.68178 19.047 0.071
3340.83392 18.997 0.066
3353.76526 19.108 0.075
3357.79290 18.977 0.061
3360.77074 19.041 0.056
3363.84531 18.875 0.056
3370.80255 19.122 0.082
3376.75462 19.040 0.066
3378.77977 18.801 0.050
3394.66867 18.758 0.055
3396.68969 19.298 0.093
3399.82012 18.697 0.079
3402.72695 19.124 0.061
3404.65854 18.833 0.062
3409.57530 18.853 0.050
3413.57397 19.073 0.065
3413.61847 19.180 0.075
3418.57044 19.056 0.071
3426.56731 18.779 0.059
3432.54777 18.970 0.053
3439.52387 19.024 0.079
3447.54931 19.073 0.085
3457.52627 19.108 0.093
3603.88030 19.075 0.068
3620.91659 18.985 0.072
3630.82768 19.119 0.102
3637.77019 19.222 0.105
3640.82426 18.841 0.045
3651.85675 18.832 0.055
3655.77305 18.949 0.052
3658.86893 18.753 0.058
3660.86624 18.939 0.078
3664.87584 18.991 0.056
3668.85972 19.117 0.098
3672.84842 19.164 0.076
3676.73519 19.030 0.065
3685.80502 18.758 0.043
3688.73917 19.023 0.052
3690.81394 18.874 0.065
3693.71563 18.881 0.056
3696.75806 18.995 0.073
3699.77099 19.158 0.059
3701.82414 18.949 0.058
3703.82278 18.964 0.052
3706.69838 18.886 0.042
3711.73357 19.108 0.066
3713.82150 18.860 0.059
3715.79795 19.151 0.061
3718.76689 18.778 0.053
3722.66184 18.923 0.059
3726.74399 19.356 0.108
3728.80628 19.006 0.055
3730.77603 18.898 0.046
3732.85157 18.925 0.049
3734.84441 19.108 0.059
3735.69278 18.900 0.045
3737.85130 18.819 0.040
3740.78943 18.910 0.053
3741.62366 19.292 0.095
3743.78020 19.057 0.068
3748.80129 19.071 0.105
3750.81610 19.100 0.093
3753.68917 19.111 0.071
3755.77075 19.134 0.079
3757.79023 18.867 0.046
3760.76985 19.092 0.078
3763.72283 18.829 0.038
3766.73956 19.230 0.095
3770.76701 19.010 0.075
3774.64050 19.172 0.088
3777.59894 18.898 0.065
3781.76611 18.827 0.065
3786.61567 19.027 0.078
3793.56534 18.993 0.058
3801.55531 18.890 0.058
3812.51259 19.122 0.069
3829.48729 19.022 0.082
3965.89040 18.963 0.046
3970.91056 18.848 0.056
3982.86109 19.072 0.072
4002.87461 18.802 0.042
4004.89289 18.950 0.092
4006.80244 19.048 0.061
4008.82343 18.889 0.043
4013.83507 18.878 0.066
4019.83788 18.924 0.049
4027.73156 19.087 0.068
4029.84437 19.282 0.075
4039.71129 18.905 0.063
4041.78506 18.874 0.055
4049.75328 19.041 0.052
4052.81483 18.887 0.046
4054.80164 18.918 0.055
4056.86011 19.419 0.111
4060.72311 19.085 0.046
4065.75042 19.068 0.049
4066.82494 19.060 0.068
4068.85978 18.991 0.076
4070.78222 19.070 0.079
4074.82097 19.058 0.075
4078.73885 18.988 0.068
4080.74953 18.991 0.093
4083.73623 19.185 0.095
4085.79978 19.117 0.096
4095.66115 18.780 0.045
4106.62234 19.013 0.083
4112.79667 19.079 0.066
4121.79554 18.859 0.062
4126.77067 19.037 0.086
4129.80425 19.056 0.056
4143.58127 19.070 0.068
4157.58795 18.958 0.095
4169.53750 19.114 0.081
4343.89803 19.001 0.069
4348.87077 18.842 0.055
4353.89834 18.976 0.073
4358.85046 18.953 0.093
4363.86730 19.072 0.096
4367.85556 19.093 0.078
4371.80499 18.974 0.071
4378.74437 19.072 0.082
4381.77999 18.855 0.078
4387.72243 18.882 0.061
4390.85954 19.107 0.075
4400.71116 19.071 0.076
4408.73893 18.802 0.072
4412.82233 19.218 0.082
4427.77392 18.940 0.075
4430.77720 19.151 0.095
4433.79468 18.930 0.085
4437.72127 18.898 0.078
4440.74090 19.058 0.071
4443.85851 19.019 0.134
4449.80032 18.859 0.078
4451.83585 19.034 0.101
4455.80555 18.824 0.063
4458.78422 19.162 0.086
4462.77825 19.099 0.073
4464.82383 19.078 0.075
4467.79495 18.984 0.068
4472.71085 19.005 0.056
4480.74829 19.056 0.065
4484.82775 19.008 0.062
4488.74862 18.830 0.088
4492.76787 19.037 0.083
4497.77118 19.020 0.066
4500.64422 19.121 0.066
4502.75408 18.996 0.102
4507.75812 18.999 0.086
4509.70880 18.945 0.078
4512.75817 19.213 0.079
4518.70702 19.239 0.137
4521.74445 18.806 0.089
4524.64407 19.009 0.073
4530.67017 19.088 0.083
4538.65404 18.905 0.085
4542.56625 18.837 0.078
