2167.85708 18.930 0.070
2173.89133 18.993 0.057
2190.81635 19.108 0.064
2192.86024 19.069 0.075
2193.78181 19.112 0.059
2201.84789 19.042 0.063
2202.78133 19.063 0.072
2214.82902 19.167 0.092
2221.77103 19.095 0.101
2224.78346 19.097 0.075
2227.69433 18.881 0.064
2229.69982 19.043 0.082
2231.66822 18.870 0.069
2233.63651 18.796 0.057
2236.64886 18.826 0.070
2239.61691 18.934 0.089
2241.70383 18.925 0.070
2243.75755 19.152 0.080
2247.83944 19.067 0.060
2248.84207 19.035 0.056
2250.77214 19.057 0.069
2252.68912 18.883 0.053
2254.68040 18.953 0.057
2257.68860 18.838 0.048
2260.69407 18.884 0.050
2264.69965 18.959 0.057
2266.68543 18.936 0.059
2270.72148 18.948 0.057
2271.83333 19.123 0.044
2272.71982 18.919 0.064
2274.72614 18.864 0.057
2276.79170 19.215 0.096
2278.65595 18.932 0.069
2280.71868 18.958 0.076
2280.73431 18.954 0.059
2282.73020 18.997 0.059
2284.80446 19.073 0.063
2289.79367 19.110 0.066
2294.77822 19.027 0.089
2296.79891 18.992 0.102
2298.79251 19.155 0.099
2300.77016 19.037 0.088
2302.74324 18.856 0.075
2324.52587 19.237 0.108
2328.51274 19.047 0.117
2334.50604 19.202 0.128
2340.50282 19.044 0.130
2364.49214 19.105 0.111
2385.51285 18.987 0.093
2529.85716 19.132 0.083
2539.85715 18.967 0.079
2545.82528 18.977 0.079
2552.88212 19.016 0.073
2556.87157 19.094 0.067
2560.78083 18.907 0.060
2565.78973 18.792 0.075
2574.73978 18.797 0.064
2578.80816 18.871 0.066
2583.86281 19.030 0.089
2590.77621 18.891 0.073
2605.81872 18.857 0.061
2609.78918 18.713 0.064
2614.77043 18.839 0.067
2618.80077 18.883 0.077
2621.72621 18.940 0.051
2624.64571 19.063 0.082
2627.75187 18.913 0.080
2632.67259 19.079 0.061
2635.77321 18.844 0.053
2638.69106 19.155 0.082
2640.78771 18.891 0.083
2642.74891 18.878 0.077
2644.74789 18.969 0.070
2646.70464 19.068 0.073
2650.75887 18.851 0.070
2652.85028 18.916 0.063
2654.77929 18.828 0.079
2656.68478 19.105 0.095
2658.64720 19.112 0.083
2660.66635 19.170 0.092
2662.67661 19.211 0.091
2664.65594 19.043 0.083
2666.72146 18.952 0.057
2668.70534 19.045 0.073
2672.80608 18.714 0.054
2674.71190 18.948 0.076
2676.69694 19.024 0.079
2678.77343 18.831 0.057
2680.66016 18.979 0.063
2682.70843 19.151 0.098
2687.59310 18.953 0.093
2692.59177 18.996 0.077
2696.58303 19.012 0.079
2701.57470 19.042 0.093
2708.50436 18.815 0.099
2870.91823 18.896 0.073
2890.85274 18.860 0.080
2895.88864 18.869 0.053
2900.85050 18.827 0.050
2907.80113 18.962 0.054
2911.83835 18.886 0.047
2916.88919 18.835 0.047
2922.87448 18.849 0.063
2926.80580 19.045 0.067
2930.88190 18.856 0.059
2934.77646 19.104 0.063
2940.75703 19.190 0.070
2943.76121 19.108 0.070
2947.76985 19.090 0.060
2949.85981 18.781 0.050
2950.68369 19.034 0.073
2954.70701 19.006 0.083
2956.75233 19.150 0.076
2958.79402 19.131 0.072
2965.81424 19.004 0.059
2968.68193 18.976 0.067
2973.75541 19.092 0.060
2976.62185 18.999 0.077
2978.82292 18.972 0.067
2980.73789 19.127 0.067
2982.73116 19.002 0.064
2984.77754 19.134 0.069
2987.65892 19.006 0.061
2989.61319 18.800 0.056
2991.68102 18.988 0.050
2993.70134 19.130 0.076
2995.77617 19.034 0.061
2997.74680 19.165 0.077
2999.64522 18.921 0.060
3000.69536 19.025 0.053
3002.68314 19.001 0.056
3004.68449 19.048 0.051
3006.62802 18.810 0.048
3008.78292 19.100 0.075
3010.70246 19.011 0.085
3011.75742 19.018 0.098
3015.77502 19.168 0.108
3017.76269 19.117 0.063
3019.69694 18.993 0.056
3021.80941 19.147 0.073
3023.67146 18.921 0.044
3025.64288 18.915 0.044
3027.68843 19.044 0.054
3029.67336 18.979 0.056
3031.74340 19.127 0.069
3033.80698 19.143 0.060
3036.60546 18.869 0.051
3039.54738 18.962 0.066
3041.63229 18.793 0.091
3043.66607 18.771 0.076
3045.72898 18.978 0.072
3047.68258 18.962 0.072
3048.61383 18.783 0.047
3050.63082 18.858 0.043
3052.63224 18.900 0.057
3054.63667 18.853 0.056
3056.62483 18.860 0.053
3058.61874 18.883 0.063
3060.66838 18.861 0.057
3066.51463 18.996 0.107
3068.55419 18.848 0.079
3070.62643 18.851 0.076
3073.64628 18.992 0.089
3076.57013 18.917 0.077
3078.65689 18.889 0.063
3082.63392 18.851 0.045
3085.53637 18.983 0.075
3088.49932 19.082 0.088
3090.64023 18.857 0.061
3093.52359 19.336 0.140
3098.63205 18.767 0.059
3102.60361 18.897 0.076
3105.60934 18.830 0.060
3108.58730 18.863 0.053
3111.53566 18.944 0.086
3128.52164 19.165 0.093
3134.49879 19.187 0.089
3216.89265 19.218 0.109
3242.82746 19.020 0.079
3248.88027 19.160 0.083
3257.91237 19.132 0.069
3264.82794 19.082 0.054
3270.89468 19.074 0.061
3274.78003 19.031 0.079
3282.81118 19.000 0.050
3287.78459 18.916 0.037
3291.72096 18.775 0.038
3295.74222 18.786 0.037
3297.73435 18.864 0.035
3299.79847 18.981 0.037
3301.79582 19.088 0.073
3304.85610 19.161 0.076
3309.76184 18.764 0.048
3311.75984 18.858 0.053
3320.80745 18.945 0.054
3327.77542 18.916 0.051
3330.73378 18.824 0.076
3334.83322 18.961 0.080
3339.78106 18.997 0.060
3353.82735 18.997 0.060
3357.61767 19.039 0.067
3360.65650 18.938 0.054
3363.76473 18.842 0.056
3369.84204 18.886 0.057
3375.77837 18.824 0.050
3378.70393 18.764 0.041
3394.58700 19.117 0.086
3396.63783 19.064 0.075
3399.74046 18.737 0.066
3403.72781 18.877 0.056
3408.61225 19.056 0.064
3412.64639 18.969 0.076
3417.58439 19.087 0.066
3425.59252 19.273 0.128
3437.55602 19.106 0.061
3446.52506 18.914 0.060
3456.48656 19.098 0.098
3474.47313 18.975 0.101
3579.91995 19.016 0.082
3596.92631 19.174 0.066
3603.91326 18.879 0.053
3619.85363 18.822 0.053
3633.83495 18.897 0.064
3639.80033 18.824 0.043
3644.83752 18.858 0.043
3651.77997 19.074 0.060
3654.82769 18.832 0.047
3658.79135 18.941 0.060
3660.81616 18.887 0.073
3665.81017 18.803 0.059
3670.77987 19.004 0.061
3673.78996 18.983 0.054
3676.78191 18.932 0.070
3684.84410 18.934 0.050
3687.81647 18.766 0.043
3690.73639 19.219 0.086
3693.77038 18.923 0.061
3695.80310 18.770 0.043
3698.79479 18.749 0.057
3700.81337 18.818 0.050
3703.74397 19.107 0.050
3705.81116 18.826 0.043
3708.79948 18.940 0.067
3712.75702 19.007 0.050
3714.82779 18.848 0.044
3717.72018 19.027 0.086
3720.80415 18.926 0.066
3724.72589 19.098 0.056
3727.79772 18.984 0.054
3731.76677 19.052 0.051
3732.74348 19.123 0.045
3733.85106 18.856 0.050
3735.60625 18.895 0.038
3737.77613 18.992 0.045
3740.73805 19.132 0.057
3742.74537 19.000 0.085
3745.78130 18.946 0.056
3748.75112 19.101 0.089
3750.76068 19.050 0.066
3752.77136 19.279 0.088
3754.78914 18.926 0.056
3759.77517 19.097 0.057
3763.64580 19.015 0.040
3766.60352 18.789 0.045
3770.68876 19.080 0.067
3773.72279 19.054 0.061
3776.69354 18.878 0.066
3779.64777 18.834 0.077
3783.56438 18.776 0.054
3788.53711 18.801 0.041
3792.57457 18.802 0.054
3800.55642 19.027 0.076
3810.51445 18.883 0.073
3824.48462 19.258 0.131
3950.90826 19.019 0.061
3964.90705 18.836 0.038
3970.83050 19.033 0.057
3981.90053 18.877 0.060
3990.88930 19.027 0.051
3998.89311 18.999 0.056
4003.70680 18.966 0.048
4005.88252 19.029 0.050
4006.72471 18.966 0.047
4008.74891 18.926 0.044
4013.74946 19.187 0.079
4018.88131 19.194 0.070
4024.74605 18.970 0.048
4029.76825 19.025 0.060
4032.79909 19.116 0.085
4038.75083 18.908 0.047
4041.71086 18.880 0.054
4049.67834 18.772 0.048
4052.73965 18.876 0.044
4054.72660 18.864 0.061
4056.78562 19.229 0.061
4058.83275 19.041 0.066
4065.83877 19.152 0.059
4074.77164 18.877 0.061
4077.81905 19.187 0.083
4080.69698 18.860 0.051
4084.62530 18.745 0.051
4086.78105 19.074 0.077
4093.82244 19.151 0.066
4105.84061 19.057 0.076
4111.75970 18.964 0.048
4117.70013 18.913 0.066
4121.67530 18.890 0.072
4124.75812 18.905 0.051
4142.73788 18.804 0.085
4156.57296 19.107 0.067
4168.53182 19.126 0.079
4198.48753 18.953 0.083
4343.82349 18.901 0.076
4347.89059 19.037 0.076
4353.82380 18.855 0.053
4358.77520 18.865 0.089
4363.81770 18.881 0.082
4367.77749 18.902 0.072
4370.81435 18.840 0.073
4373.81378 18.832 0.051
4377.83280 18.912 0.070
4380.87746 19.028 0.064
4386.82334 18.822 0.079
4390.78531 18.853 0.061
4394.80293 18.811 0.048
4399.75953 18.747 0.069
4407.72247 18.944 0.070
4412.74610 18.882 0.066
4418.83162 18.836 0.047
4422.72377 19.015 0.056
4427.69940 19.032 0.076
4430.70270 19.131 0.093
4433.72034 18.979 0.057
4436.80174 18.911 0.079
4440.66259 19.112 0.083
4443.75506 18.919 0.076
4449.71767 18.974 0.053
4451.75729 18.932 0.060
4452.73656 18.949 0.064
4455.72671 19.031 0.082
4457.75692 18.938 0.091
4459.72164 19.012 0.066
4462.69942 19.084 0.088
4464.76976 18.921 0.072
4467.74552 18.940 0.056
4471.77275 18.844 0.066
4476.68634 19.081 0.060
4480.78983 18.773 0.047
4483.77486 18.930 0.076
4483.80794 18.814 0.064
4486.80436 18.952 0.104
4492.66215 19.133 0.079
4497.69816 19.175 0.080
4499.69367 19.094 0.077
4502.70724 19.378 0.120
4507.71010 19.130 0.086
4509.66183 19.083 0.085
4517.68895 19.251 0.134
4521.65783 19.110 0.079
4523.64283 19.084 0.076
4525.60750 19.016 0.066
4531.58346 18.907 0.063
4533.58583 18.895 0.060
4537.63589 19.045 0.083
4539.55502 18.814 0.063
4541.63715 19.104 0.095
