2167.90108 18.898 0.056
2193.82309 18.785 0.036
2202.82241 18.766 0.038
2215.77561 18.787 0.048
2224.82369 18.794 0.041
2227.73453 18.697 0.043
2229.74028 18.773 0.051
2231.70854 18.890 0.051
2233.67681 19.117 0.055
2237.59622 18.841 0.073
2239.65721 18.902 0.051
2241.74887 18.941 0.050
2243.81388 19.039 0.058
2248.67588 18.930 0.047
2250.76485 18.918 0.051
2252.73422 18.925 0.042
2254.72529 18.768 0.033
2257.72928 19.050 0.046
2260.75100 18.922 0.050
2265.78362 18.913 0.045
2266.77420 19.090 0.056
2270.80023 18.959 0.042
2272.64978 18.914 0.050
2274.77714 18.874 0.058
2276.83509 18.878 0.046
2278.79193 18.787 0.056
2280.77468 18.798 0.037
2282.77189 19.003 0.042
2289.83436 18.778 0.035
2291.82040 18.762 0.043
2293.78929 18.973 0.065
2295.81315 19.044 0.046
2297.79924 19.141 0.056
2300.82427 18.864 0.062
2302.78550 18.988 0.064
2315.70929 18.881 0.051
2324.57523 19.010 0.051
2328.55708 19.121 0.081
2334.55029 18.713 0.045
2340.54699 18.894 0.047
2373.49955 19.081 0.090
2385.56269 18.866 0.066
2534.89515 18.982 0.061
2539.90231 18.839 0.061
2545.86991 18.972 0.055
2557.83031 18.972 0.059
2561.82837 19.099 0.059
2565.83019 18.783 0.058
2574.79240 18.864 0.054
2578.84882 18.838 0.047
2584.74459 18.976 0.068
2590.82179 18.917 0.049
2596.82825 18.818 0.054
2606.72474 18.808 0.038
2609.83333 18.803 0.065
2610.63969 19.037 0.062
2610.74518 18.700 0.057
2610.85146 18.985 0.079
2611.65170 18.790 0.052
2611.72205 18.948 0.078
2613.63289 18.808 0.068
2613.71069 18.825 0.059
2614.68088 19.167 0.077
2614.76429 18.950 0.062
2614.85585 18.809 0.051
2615.66494 18.835 0.051
2615.78707 18.888 0.043
2615.84479 19.257 0.087
2617.74804 18.796 0.051
2617.85648 19.113 0.087
2618.67021 18.857 0.048
2618.76381 19.174 0.063
2619.62691 19.062 0.060
2619.73369 18.734 0.035
2619.85803 18.992 0.070
2620.65685 18.750 0.049
2620.74201 18.955 0.041
2621.69107 19.096 0.043
2621.76654 18.807 0.040
2621.85971 19.041 0.065
2622.65679 18.719 0.048
2622.73821 18.863 0.051
2622.85914 19.101 0.062
2623.65554 19.092 0.064
2623.74363 19.015 0.050
2623.85493 18.849 0.044
2624.68609 18.819 0.046
2624.75722 18.934 0.048
2624.85200 19.029 0.058
2625.67111 18.885 0.044
2625.72298 19.109 0.051
2626.63994 19.161 0.070
2627.74774 19.030 0.078
2627.79211 19.091 0.077
2627.82161 18.940 0.062
2628.66452 19.075 0.071
2628.74159 18.820 0.064
2628.80865 18.932 0.054
2629.66026 18.763 0.051
2629.76859 19.041 0.063
2629.81894 18.915 0.060
2629.84837 18.856 0.056
2630.64809 19.049 0.064
2630.72764 18.896 0.056
2630.80799 18.856 0.077
2631.65960 18.861 0.057
2631.74237 19.052 0.077
2631.85171 18.959 0.066
2632.61556 18.937 0.041
2632.71305 19.008 0.045
2632.74233 18.964 0.041
2632.82287 18.814 0.043
2634.61436 18.900 0.041
2634.70439 19.216 0.064
2634.83832 18.748 0.052
2635.66456 18.758 0.036
2635.74188 18.838 0.039
2635.81354 18.854 0.050
2635.84482 19.002 0.057
2636.69245 18.980 0.043
2636.77282 18.939 0.063
2636.85252 18.789 0.051
2637.65448 18.923 0.051
2637.83618 18.873 0.038
2638.63576 18.803 0.041
2638.73670 18.969 0.061
2638.80674 19.020 0.065
2638.83615 19.010 0.067
2639.60885 19.002 0.039
2639.84521 18.888 0.038
2640.61783 18.797 0.044
2640.75977 18.928 0.048
2641.61790 18.968 0.053
2641.75432 18.857 0.044
2641.77492 18.765 0.041
2641.86517 18.885 0.068
2642.61605 18.803 0.043
2642.71783 18.836 0.054
2643.62297 18.883 0.036
2643.76663 18.952 0.043
2644.60561 19.078 0.057
2644.72034 18.772 0.044
2645.62043 18.801 0.221
2645.75626 19.061 0.052
2645.77687 19.042 0.049
2645.86266 18.875 0.081
2646.62505 18.986 0.054
2646.75052 18.787 0.039
2647.62549 18.785 0.041
2647.70588 18.933 0.045
2647.73532 18.988 0.055
2649.62265 18.705 0.037
2649.71513 18.891 0.036
2650.64283 19.037 0.041
2650.70440 19.066 0.064
2650.81835 18.811 0.040
2651.63887 18.817 0.048
2651.73467 18.930 0.047
2652.60385 18.824 0.040
2652.68280 18.979 0.062
2652.78438 18.721 0.043
2653.61169 19.119 0.064
2653.65973 18.795 0.049
2653.78851 18.851 0.066
2654.63034 18.838 0.056
2654.70737 19.049 0.065
2654.84798 18.796 0.044
2655.61597 19.037 0.057
2655.71644 18.749 0.044
2655.81954 18.911 0.053
2656.62746 18.831 0.050
2656.77647 19.023 0.078
2656.87372 18.690 0.062
2657.62983 19.115 0.066
2657.65126 19.150 0.064
2657.87017 18.990 0.083
2658.59135 18.853 0.062
2658.69091 18.742 0.061
2658.77193 19.051 0.087
2659.64988 19.005 0.053
2659.78457 18.865 0.089
2659.80505 18.897 0.069
2660.60411 18.878 0.048
2660.71532 18.775 0.043
2661.60916 18.939 0.037
2661.66296 18.971 0.045
2662.64787 18.870 0.061
2662.72217 18.746 0.048
2662.78349 18.952 0.063
2663.66250 18.961 0.052
2664.71539 18.833 0.066
2664.73676 18.725 0.065
2665.70616 18.938 0.038
2665.83004 18.799 0.051
2666.65231 19.057 0.047
2666.77012 18.837 0.038
2666.79059 18.818 0.039
2666.83614 18.752 0.052
2667.68726 18.878 0.047
2667.84797 18.953 0.072
2668.76164 18.785 0.048
2668.78213 18.833 0.055
2671.69723 18.844 0.060
2672.67438 19.059 0.080
2672.77840 18.865 0.047
2673.81997 18.988 0.067
2674.67925 18.844 0.051
2674.80137 19.047 0.060
2675.66194 19.057 0.066
2675.76482 18.746 0.036
2675.80917 18.844 0.041
2676.66406 18.702 0.048
2676.74738 19.030 0.057
2677.66475 19.055 0.075
2677.72346 18.933 0.046
2677.79618 18.836 0.060
2678.63925 18.796 0.040
2678.76950 19.076 0.051
2679.65880 18.962 0.066
2679.79425 18.722 0.049
2679.81484 18.826 0.062
2680.78032 18.926 0.042
2681.61903 18.941 0.060
2681.73057 18.968 0.058
2682.59646 19.066 0.063
2683.63158 18.878 0.059
2687.63665 18.790 0.055
2692.57946 18.740 0.046
2697.52585 18.870 0.051
2702.52465 19.019 0.079
2708.55345 18.645 0.044
2724.52332 18.767 0.039
2871.91478 18.757 0.046
2884.87440 19.078 0.056
2890.89640 19.136 0.097
2896.84907 18.685 0.046
2902.78371 18.971 0.040
2911.89223 18.910 0.039
2917.79576 18.846 0.038
2923.79792 18.866 0.049
2926.85100 18.904 0.045
2931.77947 18.925 0.041
2934.81987 18.891 0.044
2940.80027 18.996 0.045
2943.80445 18.991 0.043
2947.81297 19.092 0.043
2950.72693 19.047 0.060
2954.75018 19.062 0.062
2956.79573 19.052 0.050
2962.83459 18.981 0.043
2965.84376 19.104 0.048
2967.78353 19.030 0.054
2970.83751 18.824 0.035
2974.77552 19.027 0.043
2976.66501 18.766 0.043
2979.64844 18.860 0.052
2983.77657 18.990 0.055
2985.82431 19.072 0.051
2987.72307 18.844 0.051
2989.66575 18.861 0.035
2991.73800 18.796 0.040
2993.74569 18.759 0.040
2995.82092 18.768 0.036
2997.78985 18.871 0.043
2998.73736 18.822 0.039
3000.73986 18.810 0.053
3002.73769 18.814 0.039
3004.73066 19.009 0.041
3006.72363 19.073 0.044
3008.73809 19.075 0.057
3010.78452 19.090 0.053
3011.80086 18.731 0.050
3016.73449 18.856 0.037
3018.76491 18.853 0.042
3020.82864 18.800 0.042
3021.85362 19.152 0.066
3023.71458 18.822 0.038
3025.68622 18.748 0.027
3027.73167 18.794 0.032
3029.71651 18.903 0.039
3031.78690 18.848 0.052
3034.61823 19.020 0.035
3036.64860 19.097 0.049
3039.59051 18.761 0.043
3042.69804 19.058 0.066
3044.63748 18.917 0.051
3046.62345 18.824 0.049
3047.72580 18.829 0.049
3048.65689 18.780 0.035
3049.68044 19.092 0.038
3051.64979 19.068 0.055
3053.62503 18.847 0.031
3055.64204 18.832 0.042
3057.66719 18.853 0.037
3059.61180 18.835 0.038
3061.60410 19.046 0.059
3066.57370 18.791 0.056
3068.60155 18.822 0.059
3070.67189 18.941 0.077
3073.69020 18.950 0.059
3076.61394 19.070 0.077
3079.59379 19.043 0.040
3082.68296 18.959 0.038
3085.58275 18.924 0.045
3088.54303 18.931 0.051
3091.52592 18.770 0.050
3096.57443 18.788 0.066
3100.50543 18.909 0.075
3103.52368 18.826 0.045
3106.54495 18.988 0.049
3109.53056 18.773 0.038
3112.58602 19.008 0.057
3116.56408 18.765 0.057
3127.56127 18.733 0.040
3133.52177 19.298 0.101
3223.92000 18.819 0.055
3249.91825 18.987 0.064
3258.90558 19.029 0.051
3264.87180 18.815 0.030
3271.81954 18.747 0.053
3274.82355 19.020 0.063
3278.89649 19.189 0.069
3282.80314 18.823 0.036
3287.82764 18.985 0.035
3295.78539 18.926 0.034
3297.77750 19.117 0.035
3299.84557 18.988 0.029
3301.83892 19.044 0.056
3305.74792 18.845 0.041
3309.80920 18.824 0.034
3311.80281 18.701 0.038
3320.86625 18.917 0.068
3327.81866 18.846 0.033
3330.79472 19.029 0.057
3336.64714 19.125 0.062
3339.82561 19.106 0.067
3353.81930 18.995 0.038
3357.76000 18.957 0.043
3360.73671 18.994 0.038
3365.85615 18.938 0.047
3373.82023 19.207 0.078
3378.74702 19.080 0.053
3394.63016 19.137 0.068
3399.78390 18.838 0.058
3403.77101 18.785 0.041
3408.69420 18.766 0.034
3417.63427 19.227 0.070
3427.57030 18.928 0.056
3434.52214 18.768 0.038
3440.54630 18.980 0.051
3447.51554 19.114 0.064
3456.54111 18.949 0.062
3469.49599 19.042 0.044
3478.48852 19.093 0.056
3601.89896 18.966 0.051
3619.90165 18.932 0.042
3636.84048 18.736 0.050
3640.79039 19.054 0.042
3651.82421 19.059 0.051
3654.87041 18.908 0.036
3658.83412 18.829 0.046
3665.85305 18.787 0.040
3670.82264 18.925 0.047
3673.83292 19.064 0.036
3676.83307 18.741 0.035
3685.77241 18.998 0.041
3687.85914 18.816 0.038
3690.78111 18.868 0.047
3693.81671 18.997 0.050
3695.84783 19.124 0.048
3698.83748 18.847 0.044
3701.70640 19.064 0.042
3703.79021 18.755 0.033
3705.85441 18.731 0.033
3708.84211 18.946 0.048
3712.79968 18.775 0.034
3715.76535 18.824 0.037
3718.70118 18.800 0.044
3720.85096 19.010 0.056
3724.76854 18.899 0.034
3728.74656 18.817 0.036
3731.80968 19.002 0.035
3733.67239 18.867 0.031
3735.66026 19.003 0.032
3737.81878 18.782 0.027
3740.78215 18.926 0.037
3745.82470 19.116 0.049
3749.77475 19.063 0.086
3751.78863 18.879 0.054
3753.73800 18.834 0.039
3755.73806 18.719 0.041
3757.72780 18.895 0.038
3759.81810 18.720 0.037
3766.70673 19.041 0.051
3770.73431 19.052 0.059
3773.76552 18.766 0.046
3776.73988 18.914 0.056
3783.60717 18.786 0.036
3788.58139 18.833 0.033
3793.58694 18.907 0.038
3801.52272 19.114 0.047
3811.51346 18.772 0.045
3826.49846 18.991 0.050
3965.85830 18.858 0.032
3970.87838 18.971 0.044
3982.82915 19.029 0.051
3999.87334 18.881 0.041
4003.74924 19.053 0.038
4006.77038 18.817 0.032
4008.79127 18.761 0.034
4013.80289 18.873 0.058
4019.80404 18.755 0.037
4024.79708 18.807 0.036
4026.86607 18.873 0.038
4029.81042 19.034 0.046
4032.84699 18.798 0.046
4039.67923 18.984 0.046
4041.75294 18.966 0.049
4043.75795 18.942 0.055
4049.72122 18.792 0.033
4052.78255 19.066 0.039
4054.76869 18.968 0.039
4056.82785 18.960 0.045
4059.72261 19.081 0.054
4064.79285 18.848 0.029
4066.79020 19.006 0.049
4069.74331 18.703 0.037
4071.67127 18.985 0.053
4076.74345 18.876 0.054
4079.78495 19.072 0.067
4082.83283 18.729 0.038
4084.79809 18.714 0.047
4086.82316 18.757 0.047
4103.65879 18.712 0.038
4106.57960 18.879 0.053
4111.80195 18.858 0.035
4127.67117 19.091 0.039
4143.54738 18.885 0.039
4157.54611 19.010 0.057
4169.50331 18.848 0.053
4198.53307 18.908 0.049
4343.86596 19.058 0.059
4348.83483 18.909 0.045
4353.86617 18.848 0.046
4358.81818 18.907 0.057
4364.90454 18.881 0.064
4367.87837 18.971 0.048
4370.90006 18.821 0.075
4373.85604 18.815 0.039
4378.75945 18.759 0.046
4381.74764 18.962 0.066
4386.86550 18.787 0.042
4390.82748 19.049 0.047
4394.87412 19.005 0.049
4399.80181 19.109 0.068
4408.70679 18.835 0.056
4412.78918 18.826 0.044
4423.73953 18.779 0.040
4427.74160 19.076 0.056
4430.74489 18.808 0.060
4433.76248 19.000 0.049
4437.76042 18.909 0.060
4440.70465 19.006 0.051
4443.79712 18.817 0.049
4449.76805 19.005 0.051
4451.80369 19.084 0.063
4455.76904 18.925 0.053
4457.80029 18.855 0.058
4459.76751 18.760 0.041
4463.76423 18.775 0.035
4465.78099 18.898 0.042
4468.74523 18.773 0.034
4470.70077 18.950 0.048
4473.74395 18.934 0.061
4476.76493 19.008 0.046
4482.80582 19.068 0.067
4485.79615 18.891 0.064
4490.64339 19.067 0.063
4494.70944 19.121 0.065
4498.73356 18.930 0.047
4501.73092 19.001 0.059
4506.66493 19.052 0.062
4508.69179 19.159 0.066
4509.75588 19.018 0.050
4512.72570 18.970 0.050
4518.66590 18.845 0.077
4521.70646 19.018 0.060
4523.68550 18.860 0.065
4525.65009 18.800 0.042
4531.63381 19.014 0.047
4534.56270 18.741 0.051
4537.67848 19.068 0.052
4539.59775 18.952 0.057
4542.51515 18.942 0.067
