2125.62800 16.632 0.019
2129.70367 16.446 0.010
2132.64521 16.574 0.012
2136.55029 16.333 0.012
2141.56105 16.625 0.012
2144.65011 16.509 0.011
2160.61881 16.475 0.012
2169.53258 16.199 0.013
2188.50814 16.635 0.016
2211.51254 16.468 0.016
2332.88065 16.638 0.015
2347.84450 16.681 0.012
2357.87202 16.586 0.012
2372.85993 16.643 0.013
2383.88568 16.487 0.012
2388.80265 16.619 0.014
2390.83199 16.512 0.011
2397.71224 16.465 0.012
2401.84141 16.207 0.010
2403.91842 16.025 0.008
2405.90580 16.666 0.013
2414.91620 16.652 0.017
2416.86321 16.408 0.012
2424.83426 16.355 0.012
2428.85918 16.722 0.014
2432.87264 16.461 0.017
2434.75753 16.692 0.012
2436.80630 16.625 0.013
2438.76703 16.502 0.011
2441.74477 16.022 0.008
2445.65007 16.424 0.010
2448.67532 16.003 0.009
2455.70900 16.329 0.009
2459.65509 16.582 0.012
2463.56042 16.201 0.010
2466.66251 16.666 0.013
2468.69265 16.569 0.011
2470.67523 16.381 0.010
2472.70336 16.172 0.009
2481.57686 16.663 0.016
2484.63939 16.559 0.013
2486.73146 16.504 0.014
2490.69967 16.744 0.014
2493.66121 16.527 0.014
2495.76526 16.477 0.014
2498.52666 16.573 0.010
2500.57119 16.499 0.011
2502.58236 16.269 0.010
2508.68279 16.596 0.015
2512.62916 16.062 0.010
2517.58296 16.418 0.012
2520.59835 15.997 0.009
2528.50366 16.729 0.015
2538.51007 16.580 0.014
2542.53735 16.214 0.012
2552.51128 16.709 0.016
2556.59539 16.564 0.015
2563.50980 16.559 0.013
2575.53749 16.153 0.011
2707.88242 16.548 0.011
2714.91783 16.630 0.016
2729.85165 16.633 0.015
2734.79211 15.995 0.008
2744.92949 15.987 0.010
2753.90337 16.755 0.015
2757.81578 16.265 0.010
2761.83289 16.631 0.013
2767.81101 16.215 0.012
2775.73737 16.744 0.023
2783.84139 16.056 0.008
2785.77991 16.612 0.013
2787.61733 16.175 0.010
2789.77407 16.245 0.009
2791.73050 16.752 0.014
2794.94448 16.733 0.017
2796.84427 16.514 0.011
2797.90550 16.493 0.011
2809.73342 16.581 0.014
2811.66053 16.351 0.014
2812.73226 16.342 0.012
2813.84584 16.433 0.012
2814.76511 16.096 0.009
2816.62984 16.565 0.012
2818.60107 16.347 0.010
2820.81503 16.503 0.012
2826.77125 16.583 0.013
2835.66528 16.377 0.013
2837.65218 16.005 0.011
2839.72473 16.591 0.014
2841.73401 16.616 0.012
2843.67060 16.398 0.010
2845.67118 16.109 0.009
2850.53925 16.288 0.010
2852.55163 15.994 0.011
2854.55536 16.627 0.014
2858.69836 16.547 0.012
2862.61106 16.752 0.018
2865.71465 16.641 0.018
2868.60088 16.168 0.009
2876.59716 16.166 0.010
2879.64744 16.750 0.014
2892.66622 16.356 0.014
2895.63992 16.748 0.013
2900.56814 16.152 0.011
2906.52004 16.337 0.012
2911.54417 16.618 0.014
2918.56820 16.761 0.016
2930.58916 16.500 0.014
3059.82435 15.993 0.008
3064.84114 16.497 0.016
3068.79498 16.727 0.017
3070.87361 16.619 0.013
3073.82972 16.336 0.010
3075.86778 16.129 0.009
3080.77203 16.393 0.010
3082.89569 16.359 0.010
3085.83030 16.685 0.012
3086.90371 16.719 0.012
3088.82286 16.475 0.010
3090.73598 15.992 0.008
3096.89117 16.565 0.013
3098.91828 16.437 0.010
3100.90508 16.129 0.008
3101.76309 16.619 0.014
3103.79608 16.563 0.012
3104.85469 16.549 0.015
3106.86797 16.343 0.012
3108.78849 16.762 0.012
3109.84743 16.767 0.012
3110.85383 16.646 0.012
3112.83912 16.531 0.011
3114.80374 16.223 0.008
3116.89166 16.146 0.009
3122.92971 16.508 0.014
3125.89428 16.035 0.010
3127.83767 16.590 0.013
3128.83964 16.551 0.011
3130.72084 16.044 0.009
3131.68736 16.763 0.016
3134.83496 16.595 0.018
3135.91898 16.678 0.013
3138.67330 16.138 0.009
3139.89849 16.334 0.010
3140.89805 16.197 0.009
3142.78707 16.621 0.011
3144.80714 16.544 0.012
3146.84045 16.375 0.011
3151.77006 16.546 0.012
3151.92600 16.749 0.014
3152.77493 16.487 0.011
3153.77833 16.373 0.011
3154.84261 16.395 0.014
3156.88341 16.205 0.009
3162.59326 16.767 0.017
3163.77421 16.094 0.008
3164.75645 16.626 0.012
3164.88947 16.234 0.011
3165.73005 16.617 0.010
3168.87821 16.618 0.012
3169.74623 16.346 0.010
3170.83119 16.374 0.009
3171.80245 16.191 0.008
3172.77340 16.188 0.009
3173.87141 16.017 0.009
3174.73020 16.597 0.010
3175.73892 16.534 0.010
3177.77943 16.431 0.013
3179.52419 16.584 0.012
3179.90348 16.433 0.012
3180.74521 16.568 0.010
3182.80589 16.691 0.012
3183.76086 16.585 0.013
3184.72193 16.458 0.010
3185.72543 16.328 0.010
3193.55688 16.117 0.009
3194.56851 16.776 0.015
3195.70007 16.000 0.008
3195.82064 16.284 0.009
3196.62153 16.629 0.011
3197.54629 16.512 0.011
3197.84972 15.997 0.009
3199.64342 16.472 0.010
3202.53773 16.718 0.012
3203.68183 16.090 0.008
3204.67376 16.713 0.011
3205.53265 16.507 0.010
3206.73801 16.594 0.012
3209.67250 16.287 0.010
3210.65804 16.079 0.008
3211.62852 16.747 0.013
3217.67272 16.299 0.010
3218.67101 16.139 0.010
3219.63306 16.714 0.016
3223.67222 16.545 0.014
3224.72032 16.513 0.012
3226.64299 16.083 0.009
3228.62153 16.671 0.011
3229.65403 16.634 0.011
3230.68753 16.608 0.011
3231.59152 16.405 0.009
3232.62799 16.388 0.011
3238.63983 16.586 0.014
3239.71884 16.564 0.013
3240.49201 16.075 0.009
3241.67465 16.346 0.011
3246.68153 16.624 0.015
3247.60071 16.465 0.014
3249.54818 16.054 0.009
3250.67919 16.211 0.011
3253.64844 16.611 0.014
3256.65843 16.467 0.013
3260.56817 16.630 0.013
3265.49865 16.028 0.009
3267.55231 16.743 0.013
3272.61026 16.373 0.011
3278.62018 16.543 0.013
3282.49964 16.717 0.013
3288.56600 16.308 0.008
3293.53661 16.536 0.008
3295.54511 16.392 0.007
3300.53041 16.640 0.014
3312.53123 16.317 0.013
3417.86531 16.401 0.009
3422.89162 16.448 0.009
3426.88269 16.759 0.013
3429.86773 16.529 0.011
3432.90801 16.225 0.012
3445.82359 16.480 0.009
3447.87389 16.307 0.009
3449.89078 16.038 0.008
3452.90793 16.613 0.010
3453.77979 16.418 0.012
3455.85042 16.314 0.012
3456.86151 16.165 0.008
3457.77917 16.766 0.014
3458.82274 16.702 0.012
3459.79735 16.593 0.012
3467.90011 16.731 0.011
3469.80975 16.514 0.010
3470.84995 16.449 0.008
3472.78113 15.986 0.008
3473.87615 16.081 0.008
3474.84857 16.748 0.012
3477.78513 16.476 0.009
3478.89939 16.542 0.009
3480.85135 16.194 0.008
3481.85537 16.031 0.008
3483.79567 16.626 0.011
3496.74953 16.015 0.008
3497.81734 15.986 0.008
3498.93853 16.122 0.009
3499.74601 16.585 0.010
3500.75059 16.540 0.010
3501.86412 16.584 0.009
3502.69691 16.202 0.008
3503.70973 16.060 0.008
3504.72410 16.329 0.009
3506.81302 16.755 0.014
3508.80597 16.592 0.011
3509.70934 16.370 0.009
3511.69609 16.043 0.009
3512.76506 16.044 0.008
3517.80551 16.534 0.012
3520.84069 16.252 0.009
3521.65983 16.603 0.009
3522.77010 16.726 0.012
3523.80477 16.645 0.010
3524.79247 16.610 0.012
3525.77213 16.512 0.010
3526.85747 16.553 0.010
3528.57607 16.664 0.012
3530.80152 16.739 0.010
3537.76936 16.141 0.008
3538.69885 16.612 0.010
3540.67277 16.501 0.010
3544.75285 16.088 0.008
3546.87375 16.079 0.010
3547.83120 16.764 0.014
3550.65763 16.206 0.008
3551.66163 16.041 0.006
3552.69450 16.045 0.008
3553.69720 16.762 0.014
3554.68929 16.643 0.012
3555.71586 16.613 0.010
3556.74414 16.584 0.012
3558.57995 16.004 0.008
3558.85727 16.579 0.012
3559.67585 16.112 0.008
3560.62896 16.744 0.011
3561.56926 16.614 0.011
3561.83638 16.200 0.008
3562.61343 16.604 0.011
3562.83624 16.003 0.008
3563.66287 16.571 0.010
3564.55644 16.322 0.009
3569.61517 16.630 0.013
3573.68384 16.439 0.012
3573.71078 16.489 0.011
3574.71177 16.376 0.010
3575.65066 16.078 0.008
3575.79584 16.399 0.010
3576.71308 16.071 0.008
3577.76143 16.014 0.008
3578.69808 16.656 0.010
3579.64340 16.567 0.010
3580.67997 16.544 0.010
3581.69632 16.482 0.009
3582.62210 16.199 0.008
3583.65870 16.139 0.008
3584.66747 16.019 0.008
3585.66555 16.759 0.010
3586.68993 16.648 0.010
3588.74804 16.638 0.011
3589.70935 16.497 0.009
3590.70547 16.397 0.009
3592.67789 15.987 0.007
3597.66387 16.444 0.011
3601.68181 16.642 0.012
3602.68200 16.691 0.014
3603.66213 16.612 0.012
3607.66058 16.178 0.008
3608.67661 16.048 0.008
3615.60384 16.032 0.008
3618.60742 16.607 0.010
3620.57066 16.447 0.009
3628.57270 16.463 0.012
3630.58672 16.245 0.010
3632.61419 16.162 0.010
3634.51759 16.559 0.010
3639.52342 16.477 0.009
3641.57012 16.665 0.014
3644.53494 16.431 0.009
3649.51556 16.648 0.011
3651.57643 16.534 0.013
3655.54162 15.973 0.008
3657.53479 16.621 0.013
3659.53656 16.536 0.014
3662.54108 16.177 0.012
3665.51151 16.651 0.014
3671.51444 16.087 0.011
3777.84586 16.554 0.014
3782.88185 16.032 0.008
3785.84348 16.538 0.011
3788.87989 16.322 0.010
3791.89011 16.754 0.014
3794.86754 16.531 0.010
3796.85629 16.277 0.009
3797.85919 16.113 0.008
3798.90713 16.067 0.010
3801.83077 16.556 0.012
3803.81976 16.352 0.009
3804.86702 16.312 0.009
3805.90758 16.260 0.009
3807.89891 16.485 0.009
3809.81028 16.533 0.010
3811.88879 16.507 0.010
3813.76912 16.317 0.010
3817.90828 16.658 0.014
3819.76971 16.283 0.008
3820.87390 16.360 0.008
3821.88393 16.235 0.008
3822.78296 16.797 0.014
3823.89590 16.286 0.008
3824.88874 16.709 0.013
3826.89323 16.584 0.011
3828.89563 16.429 0.010
3829.88233 16.255 0.008
3832.88551 16.724 0.012
3833.86020 16.600 0.010
3834.90142 16.579 0.011
3835.84483 16.452 0.009
3836.85727 16.343 0.009
3837.83990 16.187 0.009
3838.84382 16.001 0.008
3839.85586 16.699 0.015
3840.84708 16.646 0.011
3841.82593 16.594 0.011
3845.83188 16.174 0.009
3846.83881 16.003 0.008
3848.85438 16.703 0.012
3849.86765 16.641 0.011
3850.80366 16.532 0.011
3851.81008 16.416 0.010
3852.79855 16.266 0.009
3853.79125 16.079 0.008
3856.78007 16.632 0.012
3858.84399 16.566 0.011
3860.83472 16.355 0.011
3861.84905 16.234 0.008
3862.79304 16.286 0.008
3863.73334 16.618 0.010
3864.79386 16.611 0.009
3865.75826 16.585 0.012
3866.78674 16.529 0.010
3867.72355 16.267 0.009
3868.79030 16.282 0.010
3869.77665 16.083 0.009
3873.77803 16.569 0.010
3874.82163 16.570 0.011
3875.73662 16.318 0.008
3877.76617 16.069 0.008
3880.76342 16.629 0.010
3881.77158 16.565 0.009
3882.70965 16.415 0.010
3883.75114 16.355 0.008
3886.72206 16.760 0.011
3887.70499 16.629 0.010
3889.86652 16.652 0.010
3891.59227 15.998 0.008
3892.86989 16.511 0.009
3893.75185 16.097 0.009
3894.79157 15.997 0.008
3896.74590 16.627 0.012
3900.64277 15.983 0.009
3901.65461 16.751 0.013
3902.67244 16.683 0.012
3903.80518 16.581 0.011
3904.65215 16.535 0.009
3905.65915 16.466 0.009
3906.64081 16.327 0.009
3907.70618 16.329 0.010
3908.64035 15.992 0.007
3909.64476 16.756 0.011
3912.64512 16.555 0.008
3913.64268 16.448 0.008
3914.67589 16.393 0.008
3915.63961 16.186 0.008
3916.72128 16.220 0.008
3917.73413 16.084 0.008
3918.73847 16.325 0.009
3919.66830 16.659 0.014
3920.62049 16.537 0.011
3921.63399 16.477 0.012
3930.69615 16.460 0.010
3931.61537 16.165 0.009
3931.80381 16.535 0.014
3932.64301 16.041 0.008
3933.62250 16.751 0.010
3934.59310 16.612 0.010
3935.67037 16.680 0.013
3936.62196 16.565 0.010
3936.81025 16.762 0.015
3937.73873 16.625 0.014
3938.59962 16.277 0.009
3940.74422 16.326 0.008
3944.68462 16.668 0.008
3945.63309 16.516 0.010
3946.62672 16.357 0.009
3950.64317 16.725 0.010
3951.65952 16.639 0.012
3957.63808 16.295 0.010
3958.68640 16.602 0.014
3959.61666 16.625 0.012
3960.60989 16.548 0.009
3963.57794 16.150 0.008
3964.64116 16.117 0.008
3965.62296 16.390 0.008
3966.61784 16.693 0.011
3967.64424 16.646 0.011
3968.60047 16.538 0.011
3969.60806 16.477 0.009
3970.62095 16.392 0.009
3971.65092 16.332 0.009
3973.68053 16.086 0.008
3974.61519 16.703 0.012
3975.61059 16.605 0.010
3976.60458 16.562 0.011
3979.63766 16.307 0.012
3982.66181 16.623 0.014
3987.60083 16.248 0.008
3988.63411 16.179 0.008
3990.60196 16.716 0.013
3994.55191 16.311 0.011
3996.52768 16.405 0.011
4000.61328 16.580 0.014
4002.60722 16.429 0.009
4003.56169 16.194 0.008
4005.65750 16.107 0.009
4011.54049 16.163 0.009
4015.56980 16.621 0.014
4017.54754 16.461 0.011
4019.54924 16.212 0.009
4021.55200 16.685 0.014
4024.58147 16.580 0.012
4027.49770 16.096 0.010
4029.53570 16.774 0.014
4150.87211 16.559 0.014
4155.84441 16.411 0.012
4158.80631 16.505 0.012
4159.90968 16.553 0.019
4160.83429 16.377 0.012
4162.85690 16.112 0.011
4164.89676 16.529 0.012
4166.91275 16.610 0.019
4167.82436 16.456 0.013
4169.83144 16.257 0.010
4174.84600 16.588 0.012
4176.82768 16.372 0.010
4177.88134 16.356 0.010
4179.77913 16.749 0.014
4180.82585 16.700 0.015
4181.91402 16.735 0.014
4183.79303 16.452 0.012
4184.86106 16.453 0.010
4185.84041 16.283 0.010
4190.85879 16.598 0.013
4192.87111 16.492 0.011
4193.88206 16.373 0.011
4194.90361 16.298 0.010
4196.92399 16.015 0.009
4202.87341 16.253 0.009
4203.86155 16.048 0.008
4204.86070 16.529 0.011
4205.85722 16.669 0.012
4207.86088 16.548 0.011
4208.89053 16.542 0.011
4213.85862 16.691 0.012
4215.89617 16.580 0.013
4216.81703 16.436 0.011
4217.83936 16.333 0.009
4218.88012 16.298 0.010
4219.92110 16.254 0.011
4220.86137 16.225 0.011
4222.82788 16.585 0.012
4228.81587 16.749 0.016
4229.79471 16.595 0.012
4230.78167 16.553 0.010
4231.80376 16.536 0.011
4232.81200 16.441 0.013
4234.75620 16.018 0.009
4235.78106 16.210 0.009
4238.80414 16.569 0.013
4239.90306 16.615 0.014
4243.69866 16.687 0.014
4244.86050 15.985 0.008
4245.85374 16.739 0.014
4246.90847 16.748 0.016
4250.87430 16.347 0.013
4256.71937 16.328 0.012
4258.71664 15.983 0.008
4268.62013 16.543 0.013
4269.66029 16.548 0.011
4272.71091 16.333 0.009
4273.67100 16.075 0.009
4274.65466 16.643 0.013
4275.71153 16.692 0.014
4277.61063 16.516 0.013
4278.68490 16.523 0.013
4283.63032 16.609 0.012
4284.61415 16.576 0.013
4285.62092 16.532 0.014
4286.71477 16.537 0.014
4289.66024 16.091 0.010
4290.74474 16.150 0.011
4291.73844 16.054 0.009
4292.59952 16.563 0.011
4293.62699 16.529 0.011
4294.59876 16.408 0.010
4295.62811 16.331 0.010
4296.60760 16.144 0.008
4297.60140 16.043 0.008
4298.71093 16.057 0.008
4299.67788 16.727 0.012
4300.80272 16.010 0.009
4301.48023 16.317 0.011
4302.75933 16.617 0.012
4307.59441 16.610 0.012
4310.74414 16.561 0.015
4312.64019 16.243 0.009
4315.67405 16.733 0.018
4317.62753 16.536 0.011
4319.63529 16.385 0.011
4320.73671 16.458 0.013
4326.64626 16.523 0.013
4327.67421 16.485 0.013
4328.61525 16.220 0.010
4328.74767 16.484 0.014
4329.60642 16.035 0.009
4330.58881 16.711 0.014
4331.61524 16.692 0.014
4332.62035 16.593 0.013
4333.61572 16.553 0.013
4334.60998 16.486 0.014
4338.64991 16.007 0.010
4339.61892 16.721 0.014
4340.53050 16.546 0.015
4341.61733 16.558 0.014
4342.65358 16.546 0.013
4343.63292 16.455 0.012
4344.68236 16.407 0.012
4345.63277 16.168 0.010
4346.63806 16.002 0.009
4347.65208 16.666 0.013
4349.62385 16.592 0.012
4351.62252 16.441 0.013
4357.63398 16.603 0.014
4359.60509 16.385 0.012
4367.60420 16.421 0.014
4370.60315 16.020 0.009
4372.57519 16.640 0.013
4380.58494 16.600 0.013
4515.88009 16.588 0.014
4519.85163 16.108 0.011
4520.84403 16.344 0.014
4523.84240 16.557 0.014
4524.89345 16.550 0.012
4530.88296 16.678 0.011
4534.82968 16.253 0.010
4536.83881 16.174 0.010
4538.84773 16.612 0.012
4540.87756 16.557 0.011
4542.90394 16.403 0.010
4543.86535 16.202 0.008
4544.86216 15.989 0.008
4545.87972 16.491 0.011
4546.91461 16.749 0.015
4550.85346 16.328 0.010
4551.91124 16.319 0.011
4552.90820 16.154 0.009
4556.87254 16.560 0.011
4557.89858 16.523 0.010
4558.83364 16.304 0.009
4559.86281 16.222 0.008
4560.86327 16.049 0.008
4561.85216 16.674 0.010
4564.85632 16.545 0.011
4565.84525 16.463 0.009
4566.84730 16.331 0.009
4567.85157 16.210 0.008
4568.88160 16.122 0.008
4569.86751 16.288 0.009
4570.87280 16.722 0.012
4571.83827 16.611 0.011
4572.87607 16.579 0.014
4573.85184 16.488 0.009
4574.85399 16.378 0.011
4575.86569 16.268 0.009
4579.91798 16.685 0.014
4583.83781 16.207 0.010
4586.81829 16.648 0.014
4587.85605 16.617 0.012
4588.74440 16.432 0.010
4589.77814 16.386 0.010
4590.79254 16.291 0.010
4591.76978 16.061 0.008
4592.78193 16.252 0.010
4593.76735 16.706 0.012
4594.79566 16.597 0.011
4595.78618 16.560 0.011
4596.80672 16.539 0.011
4597.80399 16.451 0.010
4598.77331 16.256 0.008
4599.75277 16.026 0.008
4600.75830 16.581 0.010
4601.76297 16.696 0.011
4602.76052 16.618 0.010
4606.75764 16.240 0.009
4606.78122 16.277 0.009
4610.88344 16.537 0.012
4611.74464 16.546 0.011
4611.93115 16.730 0.014
4616.73345 16.681 0.011
4617.90431 16.136 0.011
4622.71325 16.173 0.010
4623.79309 16.211 0.011
4624.73191 16.632 0.012
4625.71323 16.640 0.014
4626.76816 16.622 0.014
4627.69256 16.531 0.010
4628.68273 16.403 0.009
4629.74842 16.381 0.010
4630.68823 16.136 0.008
4631.70657 15.975 0.008
4632.72924 16.574 0.011
4633.86912 16.092 0.009
4639.80967 16.277 0.012
4640.78519 16.023 0.008
4641.87042 16.127 0.011
4642.70811 16.596 0.012
4643.67422 16.527 0.011
4644.75726 16.545 0.012
4645.67600 16.285 0.009
4646.64370 16.028 0.008
4647.66487 16.248 0.009
4648.65877 16.716 0.012
4648.76819 15.976 0.008
4649.64900 16.639 0.011
4650.68046 16.587 0.011
4651.69178 16.538 0.012
4652.62020 16.311 0.010
4653.61409 16.150 0.009
4654.65323 16.080 0.008
4655.61754 16.745 0.012
4656.62075 16.655 0.012
4658.77797 16.688 0.015
4660.72764 16.540 0.014
4661.61011 16.164 0.008
4666.54290 16.438 0.012
4671.66678 15.963 0.008
4672.62629 16.686 0.014
4674.65445 16.553 0.012
4677.67914 16.365 0.012
4681.68246 16.700 0.014
4682.63813 16.575 0.012
4683.63602 16.509 0.012
4684.65455 16.442 0.011
4685.68068 16.363 0.009
4686.75322 16.389 0.010
4687.66871 16.024 0.008
4688.61490 16.695 0.013
4694.69897 16.298 0.014
4697.62023 16.633 0.014
4698.64181 16.604 0.012
4700.63703 16.447 0.011
4701.61992 16.259 0.009
4702.63474 16.164 0.009
4704.69600 16.009 0.008
4708.65637 16.503 0.011
4710.67432 16.269 0.010
4720.58745 16.692 0.014
4721.62210 16.633 0.016
4724.63977 16.503 0.014
4725.65571 16.406 0.014
4726.61594 16.171 0.011
4733.58015 16.275 0.011
4738.54028 16.536 0.013
4741.62235 16.389 0.011
4755.56140 16.535 0.015
4763.50359 16.417 0.013
4876.87634 16.165 0.009
4883.86214 16.282 0.011
4885.90237 16.090 0.013
4886.82252 16.655 0.013
4886.82908 16.681 0.013
4888.85659 16.563 0.012
4892.85067 16.123 0.009
4898.82092 16.373 0.011
4901.82378 16.318 0.010
4902.91266 15.989 0.008
4903.87116 16.669 0.011
4905.86757 16.561 0.013
4912.85234 16.596 0.010
4914.89840 16.539 0.011
4924.74816 16.103 0.008
4925.86588 16.089 0.008
4928.75614 16.549 0.012
4930.80021 16.386 0.011
4931.84466 16.342 0.010
4932.85319 16.249 0.009
4933.84807 16.049 0.008
4934.70637 16.576 0.018
4934.90390 15.989 0.011
4938.82799 16.454 0.013
4940.76950 16.024 0.008
4941.80524 16.022 0.008
4942.74830 16.619 0.011
4944.75063 16.535 0.011
4945.80373 16.525 0.009
4950.86352 16.017 0.008
4953.84291 16.586 0.012
4954.81257 16.461 0.010
4955.80397 16.326 0.010
