2167.89750 18.911 0.075
2193.81977 18.820 0.049
2202.81910 18.731 0.055
2215.77230 18.724 0.069
2221.85050 18.502 0.055
2224.82039 18.689 0.058
2227.73123 18.717 0.058
2229.73699 18.593 0.060
2231.70525 18.670 0.057
2233.67352 18.625 0.050
2239.65392 18.674 0.061
2241.74559 18.582 0.052
2243.81060 18.793 0.066
2248.67259 18.668 0.055
2250.76154 18.468 0.060
2252.73094 18.850 0.053
2254.72198 18.556 0.041
2257.72599 18.628 0.046
2260.74771 18.816 0.061
2265.78032 18.979 0.077
2266.77086 18.730 0.060
2270.79693 18.863 0.052
2272.64649 18.851 0.064
2274.77385 18.929 0.086
2276.83178 18.733 0.060
2280.77139 18.532 0.043
2282.76859 18.780 0.055
2284.78999 18.589 0.046
2289.83105 18.632 0.044
2291.81709 18.751 0.061
2293.78598 18.527 0.064
2295.80986 18.798 0.055
2297.79592 18.533 0.050
2300.82096 18.638 0.072
2302.78220 18.614 0.064
2315.70598 18.873 0.075
2324.57165 18.714 0.058
2328.55351 18.710 0.077
2334.54673 18.502 0.052
2340.54339 18.879 0.074
2373.49593 18.815 0.105
2385.55905 18.559 0.075
2534.89158 18.892 0.086
2539.89872 18.982 0.094
2545.86657 18.637 0.058
2553.75872 18.596 0.075
2557.82675 18.670 0.063
2561.82482 18.805 0.066
2565.82690 18.882 0.085
2574.78911 18.696 0.072
2578.84550 18.805 0.064
2584.74129 18.604 0.066
2590.81826 18.890 0.068
2596.82469 18.671 0.075
2606.72122 18.931 0.064
2609.82979 18.638 0.074
2614.79653 18.615 0.055
2619.67257 18.813 0.052
2621.80053 18.697 0.058
2624.69755 18.780 0.058
2627.78884 18.797 0.089
2629.81564 18.725 0.072
2632.70973 18.831 0.055
2635.81028 18.500 0.052
2638.80344 18.752 0.074
2641.77163 18.857 0.064
2643.77785 18.590 0.044
2645.77357 18.942 0.063
2647.70258 18.615 0.052
2650.78428 18.929 0.078
2653.65642 18.864 0.074
2655.71314 18.640 0.057
2657.64795 18.900 0.071
2659.80174 18.891 0.099
2660.71202 18.548 0.050
2662.71797 18.839 0.074
2664.73341 18.741 0.097
2666.78728 18.963 0.058
2668.77880 18.744 0.071
2675.80586 18.807 0.055
2679.81153 18.935 0.107
2682.73375 18.741 0.080
2687.63312 18.818 0.088
2692.57596 18.676 0.058
2697.52231 18.501 0.058
2702.52116 18.648 0.086
2708.54992 18.962 0.088
2724.51978 18.838 0.063
2871.91126 18.631 0.058
2884.87090 18.589 0.055
2890.89288 18.916 0.111
2896.84555 18.513 0.053
2902.78017 18.941 0.055
2911.88873 18.807 0.046
2917.79225 18.661 0.049
2923.79440 18.902 0.074
2926.84750 18.685 0.055
2931.77599 18.888 0.055
2934.81641 18.591 0.046
2940.79679 18.874 0.055
2943.80097 18.571 0.044
2947.80951 18.569 0.044
2950.72347 18.735 0.061
2954.74673 18.734 0.066
2956.79228 18.375 0.041
2958.83688 18.718 0.091
2962.83114 18.945 0.058
2965.84033 18.348 0.036
2967.78008 18.754 0.058
2970.83404 18.921 0.053
2974.77207 18.952 0.057
2976.66156 18.510 0.049
2979.64497 18.737 0.066
2983.77312 18.737 0.058
2985.82085 18.733 0.052
2987.71959 18.828 0.069
2989.66228 18.620 0.043
2991.73452 18.827 0.057
2993.74225 18.664 0.058
2995.81747 18.685 0.050
2997.78638 18.711 0.055
2998.73390 18.609 0.046
3000.73640 18.851 0.069
3002.72432 18.626 0.049
3004.72721 18.824 0.050
3006.72017 18.623 0.043
3008.73461 18.881 0.058
3010.78106 18.778 0.061
3011.79738 18.557 0.060
3016.73103 18.966 0.060
3018.76143 18.874 0.066
3020.82518 18.487 0.047
3023.71112 18.578 0.041
3025.68275 18.912 0.046
3027.72819 18.701 0.043
3029.71305 18.930 0.057
3031.78341 18.847 0.078
3034.61476 18.785 0.043
3036.64513 18.529 0.041
3039.58702 18.585 0.049
3042.69455 18.986 0.083
3044.63399 18.645 0.058
3046.61997 18.871 0.064
3047.72231 18.847 0.083
3048.65340 18.694 0.044
3049.67696 18.574 0.036
3051.64628 18.834 0.064
3053.62151 18.578 0.039
3055.63855 18.705 0.053
3057.66369 18.638 0.046
3059.60833 18.823 0.049
3061.60059 18.591 0.052
3066.57018 18.759 0.091
3068.59806 18.719 0.071
3070.66839 18.489 0.088
3073.68668 18.760 0.077
3076.61042 18.967 0.093
3079.58947 18.893 0.049
3082.67946 18.722 0.043
3085.57924 18.814 0.063
3088.53951 18.898 0.074
3091.52239 18.419 0.053
3096.57090 19.016 0.107
3100.50190 18.969 0.104
3103.52014 18.598 0.052
3106.54140 18.841 0.063
3109.52701 18.856 0.057
3112.58248 18.680 0.060
3116.56055 18.547 0.063
3127.55769 18.790 0.057
3133.51819 18.572 0.074
3223.91645 18.827 0.082
3242.86735 18.757 0.089
3249.91474 18.944 0.077
3264.86829 18.595 0.036
3271.81605 18.781 0.080
3274.82004 18.915 0.080
3278.89301 18.845 0.071
3282.78520 18.957 0.066
3287.82416 18.835 0.046
3291.76144 18.917 0.064
3295.78192 18.789 0.039
3297.77402 18.640 0.032
3299.84209 18.841 0.036
3301.83545 18.842 0.063
3305.74445 18.608 0.050
3309.80572 18.813 0.047
3311.79936 18.620 0.049
3320.86277 18.551 0.053
3327.81521 18.653 0.041
3330.79127 18.728 0.061
3336.64368 18.920 0.082
3339.82214 18.762 0.077
3353.81587 18.623 0.041
3357.75653 18.554 0.044
3360.73326 18.787 0.046
3365.85269 18.771 0.057
3373.81676 18.805 0.074
3378.74355 18.549 0.044
3394.62670 18.540 0.063
3399.78044 18.651 0.071
3403.76754 18.683 0.053
3408.69072 18.568 0.039
3417.63082 18.935 0.063
3427.58121 18.904 0.074
3434.51868 18.884 0.061
3440.54283 18.646 0.052
3447.51203 18.682 0.064
3456.53758 18.772 0.071
3469.49247 18.882 0.058
3478.48500 18.678 0.060
3601.89545 18.581 0.058
3619.89816 18.422 0.041
3630.77954 18.762 0.083
3636.83699 18.895 0.080
3640.78690 18.742 0.047
3651.82076 18.666 0.053
3654.86697 18.914 0.052
3658.83065 18.801 0.068
3661.87639 18.534 0.055
3665.84960 18.689 0.053
3670.81920 18.584 0.050
3673.82948 18.607 0.038
3676.82962 18.871 0.050
3685.76898 18.668 0.046
3687.85572 18.470 0.038
3690.77765 18.640 0.058
3693.81328 18.736 0.057
3695.84438 18.622 0.044
3698.83404 18.842 0.068
3701.70299 18.708 0.044
3703.78678 18.608 0.044
3705.85097 18.875 0.049
3708.83870 18.835 0.061
3712.79625 18.685 0.043
3715.76191 18.625 0.044
3718.69773 18.769 0.063
3720.84751 18.604 0.058
3724.76512 18.618 0.041
3728.74315 18.595 0.039
3731.80622 18.853 0.046
3733.66898 18.722 0.043
3735.65683 18.815 0.041
3737.81535 18.636 0.035
3740.77871 18.863 0.049
3742.78923 18.439 0.069
3745.82126 18.755 0.050
3749.77133 18.752 0.077
3751.78518 18.721 0.074
3753.73457 18.675 0.047
3755.73465 18.857 0.069
3757.72438 18.733 0.047
3759.81466 18.565 0.049
3763.68668 18.815 0.038
3766.70328 18.670 0.052
3770.73083 18.701 0.058
3773.76209 18.731 0.058
3776.73644 18.754 0.072
3783.60371 18.490 0.039
3788.57792 19.047 0.060
3793.58347 18.937 0.060
3801.51924 18.874 0.063
3811.50995 18.775 0.066
3826.49496 18.877 0.068
3958.88503 18.649 0.078
3965.85482 18.788 0.044
3970.87493 19.005 0.060
3982.82569 18.721 0.055
3999.86991 18.465 0.043
4006.76695 18.603 0.036
4008.78786 18.882 0.049
4013.79947 18.816 0.080
4019.80063 18.535 0.043
4026.86268 18.904 0.063
4029.80703 18.776 0.050
4032.84360 18.619 0.063
4039.67585 18.774 0.053
4041.74955 18.449 0.043
4043.75457 18.828 0.064
4049.71784 18.466 0.035
4052.77918 18.849 0.055
4054.76531 18.335 0.032
4056.82447 18.755 0.055
4059.71922 18.892 0.063
4064.78772 18.781 0.038
4066.78682 18.720 0.050
4069.73993 18.787 0.052
4071.66789 18.880 0.069
4076.74007 18.953 0.082
4079.78157 18.578 0.063
4082.82945 18.794 0.053
4084.79473 18.554 0.050
4086.81977 18.674 0.060
4103.65542 18.619 0.053
4106.57619 18.701 0.066
4111.79855 18.934 0.055
4117.73915 18.635 0.061
4127.66775 18.909 0.049
4132.75669 18.979 0.093
4143.54394 18.833 0.058
4157.54270 18.759 0.071
4168.57699 18.500 0.039
4198.52959 18.756 0.068
4343.86249 18.775 0.069
4348.83137 18.698 0.055
4353.86273 18.619 0.052
4358.81475 18.594 0.068
4364.90110 18.766 0.069
4367.87495 18.424 0.043
4370.89664 18.615 0.069
4373.85261 18.739 0.055
4378.75605 18.563 0.064
4381.74423 18.765 0.078
4386.86211 18.757 0.060
4390.82409 18.803 0.053
4394.87069 18.866 0.057
4399.79841 18.624 0.063
4408.70341 18.543 0.060
4412.78579 18.660 0.055
4423.73615 18.821 0.057
4427.73820 18.818 0.057
4430.74152 18.479 0.058
4433.75908 18.705 0.057
4437.75704 18.711 0.074
4440.70129 18.804 0.068
4443.79373 18.216 0.043
4449.76467 18.813 0.068
4451.80028 18.595 0.061
4455.76567 18.576 0.060
4457.79690 18.826 0.093
4459.76412 18.640 0.061
4463.76085 18.665 0.049
4465.77761 18.824 0.060
4468.74187 18.554 0.043
4470.69740 18.703 0.058
4473.74056 18.643 0.069
4476.76152 18.648 0.047
4482.80240 18.640 0.064
4485.79275 18.704 0.072
4490.63999 18.873 0.083
4494.70605 18.529 0.060
4498.73026 18.563 0.047
4501.72762 18.761 0.069
4506.66162 18.532 0.058
4508.68848 18.870 0.068
4509.75259 18.713 0.053
4512.72230 18.878 0.069
4518.66249 18.679 0.096
4521.70303 18.891 0.077
4523.68205 18.528 0.069
4525.64666 18.744 0.063
4531.63038 18.576 0.047
4534.55926 18.833 0.072
4537.67504 18.865 0.063
4539.59433 18.643 0.060
4542.51171 18.669 0.077
