2118.74401 17.165 0.016
2125.50995 17.109 0.024
2129.59548 17.092 0.015
2132.54020 17.141 0.016
2135.67104 17.086 0.013
2140.63558 17.066 0.016
2382.87826 17.096 0.017
2386.83097 17.326 0.023
2390.76081 17.097 0.019
2397.78527 17.168 0.016
2397.83844 17.277 0.019
2401.75155 17.114 0.016
2403.80757 17.098 0.015
2405.77595 17.353 0.020
2415.84381 17.125 0.021
2424.72065 17.331 0.022
2428.68491 17.188 0.016
2434.62499 17.343 0.022
2435.85162 17.121 0.017
2437.79020 17.319 0.021
2439.73373 17.130 0.015
2441.68961 17.113 0.013
2444.81497 17.331 0.023
2446.82389 17.318 0.021
2453.78003 17.256 0.017
2458.83189 17.311 0.021
2462.56127 17.316 0.017
2464.68252 17.230 0.015
2467.58561 17.280 0.018
2469.59751 17.350 0.016
2471.65987 17.281 0.015
2473.56089 17.179 0.018
2483.64161 17.143 0.016
2486.62492 17.084 0.017
2490.59189 17.327 0.021
2493.55112 17.143 0.016
2495.62572 17.083 0.015
2497.68039 17.047 0.015
2499.72822 17.044 0.014
2501.74668 17.040 0.016
2508.56293 17.218 0.019
2512.52293 17.083 0.018
2517.69305 17.335 0.023
2520.47973 17.115 0.018
2526.57591 17.088 0.014
2535.57693 17.055 0.022
2541.55507 17.334 0.022
2547.49510 17.133 0.020
2551.52891 17.305 0.023
2556.48331 17.253 0.034
2563.51899 17.101 0.017
2574.49664 17.323 0.024
2705.84757 17.146 0.017
2713.90164 17.115 0.014
2728.84299 17.112 0.017
2733.82505 17.149 0.019
2744.79802 17.116 0.015
2752.86956 17.345 0.022
2756.84239 17.129 0.017
2760.80837 17.221 0.022
2766.84189 17.336 0.019
2770.72161 17.197 0.020
2783.78254 17.342 0.018
2786.84507 17.078 0.021
2789.65022 17.284 0.018
2791.61222 17.342 0.019
2794.76883 17.236 0.019
2796.71705 17.090 0.014
2802.83091 17.057 0.025
2808.85879 17.377 0.031
2810.77829 17.152 0.017
2811.82738 17.137 0.019
2813.62386 17.069 0.019
2815.74560 17.183 0.016
2817.69845 17.103 0.018
2818.76067 17.342 0.021
2820.63098 17.051 0.018
2826.62300 17.360 0.019
2834.67198 17.114 0.043
2835.80150 17.078 0.020
2837.53623 17.074 0.019
2839.57245 17.075 0.018
2841.57346 17.115 0.017
2843.51812 17.345 0.020
2845.55770 17.364 0.025
2849.70814 17.160 0.019
2851.72244 17.323 0.021
2853.72822 17.337 0.021
2856.60838 17.337 0.022
2858.59215 17.219 0.022
2859.63086 17.124 0.023
2860.71858 17.322 0.028
2863.60123 17.322 0.022
2866.68996 17.075 0.018
2869.63069 17.117 0.016
2872.60464 17.237 0.016
2877.59472 17.318 0.019
2883.54114 17.105 0.015
2892.56251 17.157 0.023
2896.58427 17.320 0.018
2902.52437 17.112 0.022
2907.52272 17.102 0.021
2916.59689 17.169 0.022
2928.54035 17.208 0.022
3050.87503 17.087 0.018
3058.82218 17.211 0.018
3061.88662 17.201 0.017
3067.82302 17.139 0.017
3069.89671 17.236 0.017
3072.86153 17.329 0.016
3074.90105 17.317 0.017
3079.80794 17.206 0.018
3082.77430 17.379 0.019
3084.76756 17.235 0.017
3086.76241 17.114 0.013
3087.87280 17.084 0.015
3089.78332 17.345 0.018
3091.74535 17.215 0.017
3096.77228 17.368 0.022
3098.78152 17.289 0.017
3100.89293 17.321 0.018
3102.77221 17.098 0.016
3107.77214 17.185 0.015
3108.84226 17.119 0.014
3109.91196 17.363 0.019
3110.76147 17.311 0.018
3111.81898 17.113 0.017
3113.79815 17.108 0.014
3113.83462 17.085 0.014
3113.88488 17.119 0.016
3113.91610 17.210 0.015
3113.92264 17.261 0.017
3114.66644 17.128 0.016
3114.73647 17.098 0.013
3115.79834 17.222 0.015
3118.85499 17.185 0.018
3122.80535 17.182 0.023
3125.78282 17.082 0.019
3126.79300 17.323 0.017
3127.72275 17.345 0.019
3128.74231 17.135 0.017
3129.72518 17.358 0.022
3130.89663 17.313 0.023
3134.69544 17.387 0.034
3137.74168 17.089 0.018
3138.84918 17.109 0.015
3139.78496 17.106 0.014
3140.79718 17.350 0.017
3142.65578 17.104 0.015
3142.91195 17.195 0.017
3144.71936 17.072 0.013
3146.68198 17.279 0.020
3151.67799 17.137 0.018
3152.68140 17.249 0.018
3152.89433 17.087 0.019
3153.68434 17.262 0.019
3156.67546 17.051 0.015
3158.77309 17.149 0.021
3162.73092 17.206 0.021
3163.69475 17.091 0.014
3164.66201 17.281 0.016
3165.83000 17.338 0.015
3167.87727 17.317 0.021
3168.67546 17.152 0.017
3169.64710 17.343 0.017
3170.72120 17.123 0.014
3171.67518 17.321 0.016
3172.65499 17.141 0.014
3174.63935 17.319 0.016
3175.64119 17.100 0.013
3176.67535 17.348 0.022
3178.70379 17.355 0.020
3179.74081 17.120 0.015
3180.63243 17.155 0.013
3182.69498 17.196 0.017
3183.64407 17.354 0.019
3184.61491 17.096 0.014
3185.78019 17.119 0.016
3193.45792 17.160 0.042
3193.79847 17.264 0.018
3194.66469 17.264 0.019
3195.59588 17.346 0.018
3196.67202 17.201 0.018
3197.67470 17.321 0.019
3199.70639 17.353 0.017
3202.69416 17.118 0.016
3203.73938 17.330 0.016
3204.73503 17.066 0.014
3205.61342 17.079 0.013
3206.59049 17.184 0.014
3210.70160 17.280 0.018
3211.60652 17.341 0.020
3212.59213 17.126 0.022
3217.58136 17.091 0.022
3218.58053 17.308 0.022
3223.57720 17.339 0.022
3224.58597 17.088 0.014
3226.54079 17.291 0.019
3228.67006 17.097 0.018
3229.55387 17.074 0.015
3230.59284 17.336 0.015
3231.49368 17.329 0.020
3238.71842 17.333 0.025
3240.70232 17.257 0.023
3241.58666 17.304 0.035
3244.68409 17.077 0.023
3246.57066 17.304 0.022
3248.59550 17.303 0.022
3250.58275 17.152 0.017
3253.57457 17.313 0.016
3256.55011 17.331 0.022
3259.55085 17.106 0.018
3262.56242 17.225 0.018
3266.57605 17.100 0.021
3271.51474 17.163 0.036
3274.55549 17.310 0.022
3278.50581 17.028 0.016
3281.53276 17.305 0.019
3287.53854 17.093 0.016
3292.52729 17.120 0.016
3414.89082 17.099 0.016
3420.86221 17.310 0.018
3424.89505 17.187 0.014
3428.84328 17.139 0.015
3430.88006 17.144 0.013
3442.81644 17.314 0.020
3444.87048 17.142 0.014
3446.89918 17.258 0.017
3449.78888 17.290 0.016
3452.81740 17.129 0.015
3454.87098 17.119 0.015
3457.80562 17.159 0.015
3458.79974 17.343 0.018
3458.84902 17.210 0.016
3467.85710 17.332 0.016
3469.76277 17.148 0.013
3471.85271 17.269 0.021
3472.92003 17.102 0.012
3473.75745 17.085 0.013
3475.78060 17.112 0.014
3477.86769 17.089 0.014
3479.81694 17.285 0.013
3481.71632 17.182 0.017
3483.87596 17.338 0.016
3496.84867 17.135 0.016
3497.71837 17.106 0.018
3500.77741 17.345 0.016
3501.77107 17.110 0.011
3502.80181 17.338 0.015
3503.76336 17.127 0.013
3504.77983 17.279 0.016
3506.91450 17.332 0.021
3508.86735 17.238 0.021
3509.81466 17.353 0.016
3510.76808 17.105 0.015
3510.83009 17.093 0.013
3511.77863 17.282 0.016
3512.65195 17.326 0.022
3520.64320 17.180 0.016
3521.74891 17.364 0.019
3522.66045 17.299 0.016
3523.70052 17.200 0.013
3524.74368 17.116 0.015
3525.72117 17.154 0.013
3525.79843 17.302 0.016
3526.80772 17.087 0.013
3527.89813 17.317 0.022
3528.75990 17.351 0.018
3530.58270 17.109 0.013
3538.82924 17.146 0.016
3541.86941 17.322 0.018
3547.68866 17.334 0.021
3550.77858 17.144 0.014
3551.75191 17.313 0.015
3552.77246 17.076 0.016
3553.67257 17.111 0.015
3554.75210 17.146 0.016
3556.63529 17.213 0.016
3558.65202 17.163 0.013
3559.73226 17.120 0.013
3560.80675 17.363 0.016
3561.66103 17.324 0.017
3562.51411 17.294 0.015
3563.56802 17.086 0.013
3564.65535 17.154 0.017
3569.76291 17.256 0.019
3573.56562 17.273 0.022
3574.62059 17.101 0.020
3575.60959 17.286 0.015
3576.58399 17.258 0.016
3577.64952 17.319 0.019
3578.59619 17.354 0.016
3579.52468 17.143 0.012
3580.56340 17.293 0.016
3581.60370 17.057 0.014
3582.55174 17.158 0.015
3583.50155 17.360 0.017
3584.57740 17.128 0.013
3585.56815 17.321 0.014
3586.55681 17.080 0.012
3587.70142 17.126 0.016
3589.60684 17.301 0.013
3590.57528 17.295 0.016
3592.59491 17.350 0.016
3593.59845 17.089 0.014
3601.55886 17.254 0.016
3602.55799 17.140 0.016
3603.56425 17.198 0.017
3607.56481 17.086 0.014
3607.59962 17.085 0.015
3608.56186 17.322 0.022
3615.68285 17.111 0.019
3619.53204 17.062 0.014
3620.64043 17.151 0.014
3629.57124 17.374 0.022
3632.49423 17.355 0.023
3634.55231 17.323 0.018
3640.50147 17.058 0.018
3649.49507 17.141 0.018
3658.51114 17.032 0.019
3661.50695 17.069 0.023
3666.51836 17.175 0.017
3775.83537 17.329 0.022
3780.86723 17.326 0.018
3786.85534 17.150 0.018
3790.85593 17.102 0.019
3793.84596 17.135 0.014
3795.83664 17.090 0.017
3797.83088 17.134 0.015
3798.87900 17.307 0.016
3801.80138 17.348 0.020
3803.79160 17.224 0.015
3804.83435 17.093 0.014
3805.87180 17.318 0.017
3806.86855 17.143 0.015
3808.84154 17.360 0.019
3809.84524 17.078 0.015
3810.89330 17.351 0.018
3812.76153 17.098 0.018
3813.90609 17.066 0.015
3814.90370 17.294 0.017
3818.81358 17.098 0.014
3819.87724 17.346 0.015
3820.84095 17.187 0.014
3821.84513 17.155 0.013
3822.89553 17.117 0.013
3823.85945 17.126 0.014
3824.85711 17.352 0.020
3825.87898 17.081 0.015
3826.85685 17.322 0.017
3827.87977 17.056 0.012
3828.85522 17.217 0.018
3829.83339 17.357 0.015
3830.82868 17.074 0.014
3832.81751 17.096 0.013
3832.85356 17.055 0.013
3833.72869 17.086 0.014
3834.86596 17.073 0.013
3835.81644 17.147 0.013
3836.82128 17.341 0.018
3837.81137 17.063 0.015
3838.81553 17.327 0.019
3839.82763 17.079 0.015
3840.81869 17.265 0.018
3841.79681 17.307 0.018
3845.79882 17.351 0.021
3846.80206 17.103 0.013
3847.88373 17.366 0.019
3848.82584 17.153 0.014
3849.83743 17.214 0.014
3850.77188 17.339 0.019
3851.78173 17.068 0.016
3852.77026 17.219 0.016
3853.76294 17.272 0.013
3856.75188 17.088 0.014
3858.81204 17.063 0.015
3859.76210 17.300 0.018
3860.90226 17.141 0.017
3861.74413 17.136 0.015
3862.76139 17.328 0.017
3863.77307 17.073 0.012
3864.76229 17.333 0.015
3865.65315 17.339 0.019
3866.65725 17.075 0.015
3867.80060 17.109 0.016
3868.65629 17.076 0.019
3869.81317 17.148 0.020
3873.63832 17.077 0.014
3874.86032 17.073 0.015
3875.62846 17.252 0.015
3877.62381 17.364 0.016
3880.73482 17.212 0.014
3881.73456 17.276 0.016
3882.66961 17.078 0.013
3883.72217 17.329 0.016
3886.68382 17.342 0.015
3887.67650 17.078 0.012
3889.83128 17.339 0.017
3890.62190 17.146 0.016
3891.75462 17.112 0.016
3892.81658 17.302 0.016
3893.71154 17.164 0.018
3894.75335 17.288 0.019
3896.70445 17.073 0.015
3900.60939 17.293 0.017
3901.62603 17.090 0.014
3902.64061 17.334 0.015
3903.75086 17.213 0.016
3904.62368 17.157 0.014
3905.62393 17.345 0.016
3906.61204 17.113 0.015
3907.67322 17.319 0.020
3908.60858 17.089 0.013
3909.60795 17.267 0.014
3910.67554 17.076 0.014
3912.60941 17.330 0.013
3913.60698 17.076 0.012
3914.62504 17.339 0.016
3915.60487 17.084 0.014
3916.68070 17.309 0.017
3917.69662 17.071 0.014
3918.69915 17.357 0.016
3919.63632 17.249 0.017
3920.58834 17.101 0.015
3920.86586 17.051 0.014
3921.60038 17.351 0.022
3930.65064 17.314 0.017
3931.58644 17.269 0.018
3931.72406 17.143 0.015
3932.76755 17.149 0.016
3933.59058 17.349 0.014
3934.56126 17.055 0.012
3935.63946 17.365 0.019
3936.56179 17.144 0.015
3937.63748 17.327 0.016
3938.57042 17.307 0.018
3940.71067 17.081 0.013
3944.65221 17.332 0.016
3945.59185 17.137 0.016
3946.58910 17.134 0.016
3950.60148 17.076 0.013
3951.63084 17.354 0.019
3956.63794 17.337 0.022
3957.57578 17.094 0.025
3958.65618 17.337 0.019
3959.58822 17.128 0.016
3960.57660 17.163 0.013
3963.61781 17.353 0.015
3964.60586 17.073 0.012
3965.59444 17.320 0.015
3966.58241 17.106 0.014
3967.61476 17.241 0.016
3968.56884 17.327 0.018
3969.57635 17.096 0.013
3970.58950 17.322 0.020
3971.62123 17.091 0.020
3973.65090 17.073 0.014
3974.58672 17.176 0.017
3975.57826 17.364 0.017
3976.57580 17.119 0.014
3979.59462 17.340 0.022
3982.52709 17.352 0.022
3986.65244 17.309 0.024
3987.57240 17.096 0.015
3988.58966 17.243 0.013
3989.65505 17.074 0.019
3991.54811 17.304 0.019
3994.62701 17.084 0.019
3995.65101 17.335 0.019
3999.55071 17.078 0.015
4001.57416 17.110 0.014
4002.57508 17.226 0.013
4004.59381 17.139 0.019
4005.60925 17.268 0.018
4006.59483 17.077 0.014
4011.51192 17.074 0.017
4015.53852 17.175 0.022
4017.51320 17.320 0.018
4019.51738 17.302 0.019
4021.52336 17.271 0.024
4024.55301 17.289 0.018
4026.54853 17.330 0.018
4029.50710 17.332 0.024
4146.89449 17.332 0.029
4154.88932 17.115 0.016
4157.86014 17.083 0.016
4159.87636 17.104 0.018
4162.82372 17.090 0.022
4164.86351 17.127 0.016
4166.87933 17.068 0.021
4169.79383 17.107 0.018
4169.87587 17.245 0.017
4174.80142 17.169 0.022
4176.79441 17.071 0.015
4177.84813 17.334 0.019
4178.89092 17.203 0.017
4180.78830 17.231 0.020
4181.87787 17.334 0.019
4183.75993 17.059 0.015
4184.80831 17.347 0.019
4187.89776 17.100 0.017
4190.81939 17.128 0.018
4191.91955 17.043 0.018
4192.83814 17.087 0.017
4193.84904 17.320 0.020
4194.87070 17.070 0.016
4196.85919 17.118 0.017
4202.84046 17.291 0.017
4203.82861 17.118 0.015
4204.82407 17.165 0.015
4205.81915 17.311 0.018
4207.82122 17.332 0.017
4208.84471 17.074 0.015
4213.81998 17.089 0.014
4215.82621 17.066 0.015
4216.78395 17.196 0.017
4217.79175 17.266 0.015
4218.84669 17.249 0.018
4219.87685 17.117 0.018
4220.81665 17.083 0.019
4222.78248 17.119 0.019
4224.89902 17.094 0.019
4228.77683 17.291 0.026
4229.76154 17.177 0.019
4230.74529 17.120 0.018
4231.74767 17.353 0.019
4232.75915 17.063 0.017
4234.65689 17.319 0.020
4235.72090 17.173 0.016
4238.77090 17.329 0.021
4239.75000 17.071 0.014
4240.89372 17.054 0.016
4243.78979 17.088 0.017
4244.76469 17.210 0.018
4245.75551 17.316 0.017
4246.81319 17.185 0.017
4250.83855 17.104 0.019
4256.67548 17.133 0.022
4258.68485 17.062 0.017
4267.65011 17.162 0.015
4268.81973 17.135 0.016
4269.62856 17.328 0.017
4272.67913 17.060 0.014
4273.72825 17.324 0.020
4274.52489 17.246 0.024
4275.67971 17.255 0.019
4277.63711 17.085 0.016
4278.65306 17.298 0.022
4283.59834 17.321 0.021
4284.58235 17.128 0.019
4285.58902 17.252 0.023
4286.58522 17.230 0.017
4289.62011 17.173 0.021
4290.65154 17.280 0.021
4291.70634 17.257 0.018
4292.56774 17.174 0.015
4293.59376 17.143 0.014
4294.56689 17.112 0.016
4295.59208 17.330 0.018
4296.57566 17.069 0.014
4297.63948 17.319 0.017
4298.61372 17.070 0.015
4299.58408 17.261 0.016
4300.48253 17.323 0.022
4301.66280 17.317 0.018
4302.64508 17.111 0.017
4303.78313 17.192 0.021
4304.60992 17.314 0.023
4306.61081 17.286 0.022
4310.71160 17.311 0.026
4312.60575 17.078 0.016
4315.61588 17.279 0.020
4316.63695 17.070 0.017
4317.53540 17.074 0.015
4319.59849 17.069 0.017
4320.69141 17.212 0.022
4326.61429 17.098 0.015
4327.63950 17.344 0.022
4328.58169 17.120 0.015
4329.57428 17.182 0.018
4330.61660 17.137 0.016
4331.58128 17.136 0.018
4332.65233 17.140 0.017
4333.58200 17.076 0.018
4334.54942 17.344 0.039
4338.61243 17.202 0.021
4339.58154 17.349 0.021
4340.67860 17.274 0.022
4341.58350 17.321 0.023
4342.61978 17.080 0.017
4343.59909 17.266 0.017
4344.64431 17.075 0.018
4345.59894 17.209 0.018
4346.60093 17.347 0.021
4347.61484 17.147 0.019
4349.58673 17.101 0.016
4350.64852 17.404 0.022
4351.58879 17.177 0.020
4353.60866 17.299 0.023
4354.62819 17.195 0.020
4355.64113 17.342 0.026
4356.59278 17.076 0.020
4358.61526 17.141 0.021
4359.63441 17.323 0.023
4362.56319 17.344 0.028
4368.58409 17.162 0.024
4371.60008 17.352 0.027
4373.59667 17.231 0.021
4381.57581 17.327 0.030
4397.57451 17.335 0.032
4506.86345 17.337 0.022
4512.87822 17.116 0.013
4514.89652 17.139 0.017
4518.88068 17.220 0.022
4521.85103 17.072 0.017
4524.86040 17.228 0.019
4530.84842 17.102 0.013
4533.88738 17.203 0.017
4535.90976 17.131 0.020
4537.83656 17.119 0.015
4539.77983 17.333 0.022
4540.90749 17.261 0.018
4541.90422 17.182 0.014
4542.86760 17.084 0.015
4543.89374 17.340 0.017
4544.89132 17.061 0.014
4545.81593 17.121 0.016
4546.87008 17.114 0.016
4547.88524 17.208 0.018
4550.88500 17.338 0.019
4551.87811 17.050 0.017
4552.87132 17.281 0.020
4556.83925 17.080 0.015
4557.86555 17.333 0.017
4558.86204 17.068 0.014
4559.82970 17.225 0.016
4560.82999 17.323 0.016
4561.81890 17.094 0.013
4564.82321 17.279 0.015
4565.81217 17.149 0.013
4566.81418 17.175 0.014
4567.81451 17.329 0.017
4568.83690 17.148 0.013
4569.83078 17.349 0.019
4570.82147 17.072 0.017
4571.80516 17.280 0.017
4572.84303 17.094 0.016
4573.81871 17.235 0.016
4574.82087 17.290 0.019
4575.82963 17.111 0.018
4583.68979 17.107 0.021
4585.89386 17.303 0.018
4586.84171 17.057 0.016
4587.82235 17.249 0.018
4588.80536 17.323 0.016
4589.65104 17.367 0.026
4590.75562 17.263 0.018
4591.64341 17.300 0.021
4592.74875 17.131 0.016
4593.73402 17.372 0.020
4594.76260 17.103 0.015
4595.75034 17.345 0.019
4596.73952 17.114 0.014
4597.77074 17.328 0.018
4598.74013 17.210 0.014
4599.71591 17.075 0.015
4600.72507 17.340 0.015
4601.72967 17.075 0.013
4602.72380 17.301 0.016
4606.73760 17.183 0.017
4610.83146 17.212 0.022
4611.71134 17.214 0.020
4611.89788 17.087 0.017
4615.88797 17.400 0.025
4616.69676 17.277 0.018
4617.80798 17.161 0.021
4618.73847 17.317 0.018
4622.67546 17.123 0.017
4623.75546 17.349 0.020
4624.69074 17.152 0.018
4625.67580 17.163 0.019
4626.72588 17.164 0.021
4627.65497 17.079 0.014
4628.64928 17.286 0.018
4629.71441 17.107 0.015
4630.65127 17.207 0.018
4631.67278 17.207 0.015
4632.67270 17.142 0.015
4633.72978 17.131 0.017
4639.77515 17.355 0.022
4640.67511 17.344 0.022
4641.83164 17.373 0.024
4642.67356 17.354 0.019
4643.63952 17.151 0.016
4644.70659 17.304 0.018
4645.63808 17.363 0.019
4646.60986 17.041 0.013
4647.62024 17.343 0.018
4649.61438 17.304 0.020
4650.64274 17.135 0.015
4651.65765 17.283 0.018
4652.58677 17.322 0.019
4653.58067 17.079 0.018
4654.61984 17.343 0.018
4655.58406 17.153 0.019
4656.58712 17.212 0.016
4658.74447 17.393 0.022
4660.69404 17.272 0.021
4661.57661 17.288 0.018
4665.73837 17.375 0.025
4666.64378 17.253 0.020
4670.70855 17.314 0.022
4671.63320 17.130 0.016
4672.59289 17.129 0.015
4674.59929 17.083 0.018
4677.57187 17.193 0.017
4681.58745 17.079 0.015
4682.60467 17.332 0.018
4683.60166 17.100 0.019
4684.61967 17.323 0.019
4685.58734 17.287 0.019
4686.71616 17.365 0.022
4687.63462 17.204 0.019
4688.58075 17.080 0.018
4694.65604 17.108 0.023
4697.58202 17.084 0.017
4698.60821 17.273 0.018
4700.60327 17.179 0.017
4701.58615 17.344 0.023
4702.60111 17.100 0.016
4703.66836 17.144 0.019
4708.60189 17.262 0.021
4710.63708 17.262 0.018
4716.67380 17.265 0.025
4720.61934 17.050 0.019
4721.58820 17.214 0.023
4724.60022 17.368 0.024
4726.57946 17.314 0.025
4731.62902 17.266 0.021
4738.50494 17.256 0.020
4740.60911 17.304 0.023
4748.57386 17.108 0.022
4755.52763 17.304 0.023
4759.51800 17.290 0.025
4875.85715 17.380 0.023
4878.88743 17.084 0.015
4885.86914 17.110 0.015
4888.82087 17.096 0.017
4892.81653 17.210 0.023
4897.89527 17.164 0.017
4901.83844 17.266 0.017
4903.83781 17.364 0.018
4904.89605 17.172 0.016
4906.88754 17.080 0.016
4910.89406 17.203 0.017
4912.88060 17.326 0.014
4914.86195 17.308 0.016
4925.79503 17.097 0.013
4927.84893 17.101 0.017
4929.81761 17.312 0.018
4930.85098 17.210 0.020
4931.79478 17.338 0.021
4932.75003 17.206 0.018
4933.79834 17.269 0.018
4938.77337 17.380 0.019
4939.79872 17.074 0.015
4941.75280 17.347 0.018
4942.79358 17.201 0.015
4943.78610 17.358 0.023
4950.79875 17.300 0.018
4952.82573 17.346 0.017
4953.79033 17.094 0.015
4954.75216 17.214 0.016
