2187.76460 18.993 0.097
2190.86970 18.848 0.046
2193.83414 19.096 0.056
2202.83391 19.234 0.071
2215.78674 19.286 0.091
2222.78661 19.071 0.073
2224.83418 19.342 0.093
2227.74514 18.784 0.058
2229.75083 19.033 0.069
2231.71935 19.138 0.082
2233.68758 18.822 0.051
2237.60681 19.006 0.096
2239.66784 18.990 0.067
2241.75948 19.060 0.064
2248.68929 18.996 0.056
2250.72072 18.725 0.045
2252.81786 18.634 0.056
2254.73581 19.106 0.057
2257.74961 18.906 0.045
2260.76295 18.763 0.046
2265.70137 18.797 0.045
2266.76317 18.826 0.058
2270.81281 19.188 0.065
2272.66038 18.873 0.059
2274.79132 18.815 0.062
2276.84666 18.748 0.058
2278.80568 19.015 0.081
2280.78537 18.960 0.055
2282.78468 18.864 0.063
2290.68057 18.724 0.052
2293.80003 19.259 0.102
2295.82389 19.113 0.063
2297.81068 18.961 0.062
2299.82712 18.786 0.067
2301.72121 19.078 0.079
2302.79642 19.058 0.104
2303.71919 18.941 0.083
2321.69167 18.575 0.050
2328.56868 19.214 0.117
2334.56678 18.543 0.050
2340.55842 18.809 0.056
2346.49904 18.955 0.086
2360.49393 19.023 0.091
2391.49482 19.132 0.097
2540.87271 18.660 0.065
2548.80976 18.755 0.057
2553.77648 18.846 0.075
2557.84187 19.165 0.085
2561.83989 18.946 0.058
2565.84585 19.109 0.098
2574.80294 19.112 0.075
2578.85953 18.793 0.064
2586.75883 18.812 0.058
2590.83382 19.096 0.071
2596.84082 19.217 0.089
2606.73712 19.003 0.057
2609.84645 18.858 0.076
2614.80823 19.059 0.067
2619.68488 19.021 0.056
2621.81219 19.006 0.061
2624.70927 18.651 0.045
2627.82938 19.090 0.100
2630.59908 18.692 0.059
2632.74994 18.687 0.041
2636.69976 18.987 0.052
2643.78945 19.094 0.070
2645.78750 19.049 0.061
2649.66280 19.065 0.067
2651.74260 19.177 0.071
2653.73683 18.843 0.070
2655.76745 18.649 0.053
2657.75531 19.046 0.079
2659.81646 19.139 0.103
2661.61661 18.534 0.034
2666.60052 18.905 0.058
2666.62475 18.955 0.053
2668.82748 19.110 0.074
2673.77424 19.370 0.120
2676.75452 19.017 0.065
2678.80048 18.731 0.046
2680.69265 19.123 0.065
2684.57212 18.580 0.050
2688.54819 19.011 0.077
2692.52262 19.188 0.082
2697.53752 18.835 0.053
2702.53911 19.044 0.091
2708.56592 19.152 0.075
2725.49840 19.046 0.079
2875.86555 18.800 0.063
2884.88663 19.110 0.074
2890.90774 18.609 0.067
2896.86062 18.785 0.059
2902.79504 18.918 0.046
2917.80727 19.003 0.058
2923.80995 19.073 0.076
2926.86239 19.023 0.059
2931.79114 19.117 0.068
2934.83132 18.828 0.055
2940.81160 18.968 0.053
2943.81639 18.689 0.040
2947.82458 19.042 0.049
2950.74097 18.721 0.056
2954.76693 18.913 0.068
2956.80720 18.916 0.053
2958.85174 18.914 0.070
2963.74309 18.940 0.079
2966.76332 18.767 0.039
2968.73207 19.027 0.056
2971.79410 18.979 0.062
2974.81714 18.803 0.046
2976.67703 19.090 0.064
2979.66096 18.795 0.064
2981.68152 18.825 0.111
2983.81338 18.860 0.064
2985.78045 19.111 0.059
2987.73699 18.809 0.050
2989.67719 19.074 0.053
2991.75104 19.139 0.064
2993.75719 19.032 0.058
2995.83246 19.089 0.063
2997.80361 18.745 0.049
2998.74903 19.127 0.070
3000.75224 19.025 0.062
3002.74911 18.948 0.056
3004.74210 18.639 0.038
3006.73526 19.237 0.069
3010.79598 18.968 0.062
3012.80154 18.727 0.080
3016.74596 19.111 0.059
3018.77660 19.059 0.071
3020.84017 18.822 0.057
3021.86512 18.450 0.053
3023.72647 19.200 0.075
3025.72962 18.870 0.041
3027.74819 18.655 0.045
3029.73264 19.160 0.061
3031.80460 19.163 0.076
3034.62969 18.516 0.031
3036.65995 19.136 0.062
3039.60196 18.946 0.061
3041.68482 18.817 0.068
3042.70983 18.671 0.056
3044.64887 19.237 0.079
3046.63501 18.991 0.069
3048.66818 18.834 0.046
3050.65997 18.665 0.038
3052.66143 19.144 0.056
3054.66697 19.055 0.063
3056.65476 18.810 0.045
3058.64798 18.763 0.050
3060.69745 19.123 0.064
3066.58518 19.122 0.085
3068.61335 19.062 0.085
3071.51172 18.732 0.052
3073.70178 18.762 0.062
3076.62537 19.121 0.117
3079.62778 18.816 0.043
3082.69455 18.721 0.038
3085.59798 18.946 0.051
3088.55476 18.870 0.057
3091.53788 19.028 0.068
3100.51724 18.962 0.100
3102.63335 18.889 0.070
3106.55727 19.173 0.068
3109.54182 18.817 0.053
3113.55929 19.040 0.096
3127.51723 19.236 0.065
3133.53291 18.617 0.057
3230.90766 18.862 0.052
3242.88209 19.211 0.083
3249.84904 19.289 0.121
3260.84103 18.886 0.053
3264.88306 19.226 0.049
3271.83145 19.254 0.093
3274.83477 19.164 0.092
3279.78843 19.260 0.086
3282.85404 18.990 0.052
3291.77700 18.945 0.064
3295.79745 19.138 0.052
3297.78888 19.000 0.041
3299.85681 18.873 0.034
3301.86833 18.782 0.070
3305.75923 18.967 0.061
3309.82054 18.776 0.044
3311.81407 19.145 0.064
3315.85352 18.755 0.047
3321.72063 18.892 0.052
3324.82858 18.695 0.047
3327.83480 19.161 0.061
3336.66035 18.792 0.061
3339.84222 18.795 0.062
3353.74380 18.753 0.040
3357.77140 19.119 0.061
3360.74927 18.814 0.041
3363.82385 18.582 0.044
3370.78108 18.577 0.047
3376.73315 18.659 0.049
3378.75837 18.857 0.049
3394.64187 19.025 0.076
3396.66820 18.923 0.059
3399.79541 18.775 0.071
3402.70542 19.094 0.053
3404.63702 19.102 0.073
3409.55397 19.106 0.065
3413.55260 18.800 0.052
3426.54052 18.950 0.062
3432.52636 19.046 0.051
3439.50245 19.032 0.086
3447.52793 18.865 0.070
3457.50481 19.019 0.081
3594.91643 19.127 0.087
3603.85877 18.766 0.053
3619.91439 18.761 0.056
3620.89513 18.672 0.034
3630.80624 19.000 0.087
3637.74462 19.117 0.099
3640.80287 18.885 0.049
3651.83540 18.950 0.065
3654.88156 19.104 0.056
3658.84755 18.714 0.047
3660.84491 19.272 0.093
3664.85451 18.885 0.046
3668.83842 19.096 0.067
3672.82708 18.859 0.044
3676.71387 18.967 0.050
3685.78374 18.953 0.052
3688.71788 18.789 0.044
3690.79264 19.089 0.065
3693.69432 18.820 0.055
3695.85924 18.880 0.057
3699.74973 19.160 0.051
3701.80285 18.974 0.049
3703.80156 18.778 0.040
3706.67687 19.182 0.050
3711.71234 18.698 0.043
3713.80021 19.272 0.070
3715.77676 19.263 0.065
3718.74562 18.671 0.049
3722.64053 19.083 0.064
3726.72268 18.604 0.043
3727.85865 18.834 0.061
3730.75479 19.089 0.047
3732.83026 19.010 0.049
3734.82316 18.843 0.043
3735.67151 19.168 0.045
3737.83004 19.247 0.051
3739.84870 19.042 0.052
3741.58698 19.140 0.065
3743.75890 18.888 0.056
3746.80130 19.114 0.075
3748.78005 18.934 0.083
3750.79481 18.838 0.058
3753.66789 19.179 0.074
3755.74946 18.970 0.062
3757.76891 18.820 0.046
3760.74855 19.121 0.067
3763.70152 18.966 0.035
3766.71828 18.902 0.059
3770.74572 19.103 0.082
3774.61908 19.113 0.069
3777.57767 18.861 0.057
3781.74196 18.722 0.052
3786.59433 18.688 0.044
3793.54396 18.731 0.049
3801.53390 18.572 0.035
3811.52644 19.066 0.074
3828.49028 18.991 0.065
3958.91574 18.978 0.086
3965.86917 19.171 0.053
3970.88934 18.907 0.050
3982.83993 18.925 0.061
3993.79308 18.959 0.074
4002.85351 19.087 0.055
4004.87182 19.011 0.044
4006.78133 18.786 0.041
4008.80235 18.912 0.046
4013.81397 18.947 0.069
4019.81674 19.087 0.056
4024.80827 19.315 0.070
4026.87730 19.139 0.077
4029.82329 18.867 0.046
4032.85805 19.185 0.087
4039.69027 19.215 0.074
4041.76403 19.202 0.067
4043.76911 19.010 0.071
4049.73228 18.986 0.047
4052.79381 18.755 0.037
4054.78061 19.207 0.065
4056.83908 19.294 0.062
4059.73379 18.734 0.045
4064.84752 19.256 0.053
4066.80396 19.085 0.057
4068.83880 18.775 0.039
4070.76120 19.081 0.069
4074.80004 19.144 0.070
4077.84882 18.714 0.049
4080.72855 19.319 0.088
4083.71525 18.739 0.052
4095.64012 18.906 0.050
4103.77058 19.181 0.099
4106.60134 19.026 0.079
4112.77563 19.041 0.055
4117.75814 19.231 0.094
4121.77013 18.918 0.062
4126.74965 19.170 0.082
4129.78324 18.770 0.043
4143.56003 18.592 0.039
4157.55803 18.829 0.068
4169.51495 19.169 0.077
4199.48431 19.087 0.076
4343.87684 18.938 0.065
4348.84956 18.905 0.059
4353.87716 19.118 0.071
4358.82934 19.139 0.100
4363.84616 18.914 0.082
4367.83433 19.198 0.073
4371.78390 18.665 0.053
4378.72334 18.709 0.052
4381.75892 19.291 0.112
4386.87644 18.950 0.062
4390.83851 19.161 0.065
4395.70532 19.206 0.106
4399.86396 19.174 0.089
4408.71781 18.820 0.061
4412.80135 19.139 0.085
4427.75286 19.129 0.086
4430.75621 18.884 0.077
4433.77366 18.792 0.053
4437.70028 18.974 0.080
4440.71991 18.738 0.051
4443.83751 18.934 0.074
4449.77924 18.757 0.064
4451.81486 19.066 0.070
4455.78457 19.015 0.076
4458.76325 19.114 0.071
4462.75726 18.926 0.050
4464.80285 18.778 0.056
4467.77393 19.206 0.057
4472.68986 18.812 0.043
4476.77683 19.225 0.061
4480.72729 18.712 0.037
4484.80668 19.073 0.056
4488.72759 19.002 0.088
4492.74684 19.023 0.067
4497.75140 19.163 0.068
4500.62443 18.850 0.052
4502.73425 18.770 0.069
4507.73826 19.062 0.081
4509.68895 18.663 0.050
4512.73710 19.305 0.080
4518.67701 18.700 0.086
4521.72335 19.033 0.079
4524.62293 18.634 0.049
4530.64901 18.906 0.062
4533.61467 19.094 0.058
4534.59610 19.060 0.083
4538.63213 18.876 0.068
4542.53886 19.005 0.088
