2161.87033 18.338 0.043
2173.88352 18.771 0.038
2192.85259 18.488 0.035
2201.83900 18.528 0.032
2214.82054 18.409 0.040
2221.76344 18.634 0.051
2224.77615 18.767 0.044
2227.67876 18.981 0.050
2229.69223 18.851 0.055
2230.83639 18.666 0.039
2232.85600 18.620 0.050
2234.85075 18.495 0.031
2237.77120 18.677 0.040
2241.69645 18.527 0.040
2243.75028 18.496 0.040
2247.83215 18.457 0.033
2248.83476 18.767 0.039
2250.82286 18.744 0.042
2252.68185 18.524 0.035
2254.67291 18.380 0.029
2257.67958 18.668 0.036
2260.68630 18.929 0.046
2264.69169 18.804 0.044
2266.67779 18.767 0.047
2270.68549 18.645 0.039
2271.82583 18.343 0.024
2272.83379 18.754 0.055
2274.67547 18.467 0.040
2276.78142 18.529 0.039
2277.83472 18.932 0.046
2279.85232 18.868 0.043
2280.82585 18.529 0.038
2282.72273 18.611 0.036
2288.78409 18.678 0.057
2290.82137 18.782 0.050
2292.79442 18.804 0.053
2294.77075 18.575 0.055
2298.74701 18.558 0.042
2300.75360 18.465 0.050
2302.73026 18.308 0.044
2323.60694 18.619 0.032
2327.59241 18.551 0.044
2333.60243 18.441 0.054
2345.53989 18.548 0.044
2351.51807 18.353 0.033
2369.51654 18.550 0.042
2385.50133 18.656 0.057
2529.84684 18.692 0.044
2539.84929 18.403 0.038
2545.81822 18.803 0.057
2552.87246 18.286 0.033
2556.86382 18.938 0.047
2560.77291 18.677 0.042
2564.88047 18.723 0.051
2573.87659 18.748 0.061
2578.80093 18.901 0.055
2583.85533 18.452 0.043
2590.76211 18.443 0.040
2596.77473 18.880 0.053
2605.80467 18.324 0.031
2609.77409 18.845 0.060
2614.73231 18.284 0.036
2618.78721 18.775 0.053
2621.71234 18.450 0.028
2624.61829 18.600 0.046
2627.71636 18.927 0.075
2629.73933 18.978 0.057
2632.66526 18.434 0.031
2635.71250 18.639 0.035
2638.68347 18.903 0.046
2640.78038 18.697 0.042
2642.73705 18.864 0.075
2644.73980 18.724 0.043
2646.69351 18.731 0.046
2650.74956 18.703 0.050
2652.81122 18.669 0.036
2654.77190 18.564 0.044
2656.67730 18.363 0.042
2658.63908 18.867 0.051
2660.65739 18.971 0.057
2662.66836 18.823 0.046
2664.64842 18.736 0.049
2666.71181 18.754 0.036
2668.69792 18.736 0.044
2670.66435 18.647 0.053
2672.79881 18.707 0.044
2674.69957 18.626 0.044
2676.68869 18.472 0.039
2678.74195 18.504 0.035
2680.65269 18.503 0.038
2682.69924 18.772 0.058
2687.57904 18.334 0.043
2693.53829 18.818 0.044
2696.57501 18.408 0.039
2701.56575 18.593 0.050
2707.56339 18.390 0.035
2714.55060 18.452 0.046
2839.92726 18.785 0.050
2867.89822 18.557 0.036
2885.87588 18.727 0.040
2892.90439 18.893 0.069
2897.87328 18.398 0.036
2907.79351 18.607 0.033
2911.83086 18.555 0.029
2916.88127 18.708 0.036
2922.86494 18.627 0.049
2926.79662 18.381 0.031
2930.86634 18.323 0.031
2934.76836 18.740 0.038
2940.74910 18.578 0.033
2943.75337 18.862 0.053
2947.76204 18.729 0.040
2949.85201 18.743 0.036
2953.71916 18.552 0.051
2956.74448 18.730 0.038
2958.77080 18.738 0.055
2962.78333 18.631 0.035
2965.80636 18.875 0.043
2968.67366 18.271 0.035
2973.79714 18.672 0.035
2976.80957 18.958 0.049
2978.71723 18.746 0.050
2980.72968 18.735 0.043
2982.72238 18.622 0.040
2984.76949 18.650 0.039
2986.85216 18.665 0.058
2988.82253 18.592 0.036
2989.77784 18.804 0.040
2991.67296 18.699 0.038
2993.69342 18.470 0.036
2995.76657 18.691 0.035
2997.73894 18.527 0.040
2999.70311 18.437 0.029
3001.79796 18.514 0.035
3003.76866 18.331 0.032
3005.73049 18.570 0.036
3007.65190 18.764 0.039
3009.65524 18.730 0.043
3011.74931 18.822 0.060
3017.75480 18.669 0.036
3019.68286 18.481 0.033
3021.80146 18.546 0.036
3023.66322 18.316 0.024
3025.63113 18.882 0.035
3027.68052 18.856 0.042
3029.66556 18.870 0.044
3031.73545 18.869 0.049
3033.79911 18.807 0.039
3035.80595 18.713 0.039
3038.78355 18.338 0.036
3041.62409 18.481 0.054
3043.65815 18.421 0.047
3045.72107 18.394 0.036
3047.67480 18.569 0.042
3048.60359 18.629 0.031
3050.62308 18.529 0.029
3052.62431 18.471 0.031
3054.62450 18.443 0.038
3056.61699 18.386 0.029
3058.61096 18.845 0.047
3060.66054 18.958 0.053
3068.54649 18.575 0.049
3070.60747 18.630 0.072
3073.63862 18.760 0.068
3076.56251 18.244 0.039
3078.64763 18.407 0.039
3082.62547 18.877 0.039
3085.52656 18.369 0.038
3087.66478 18.524 0.044
3090.63093 18.710 0.044
3096.54683 18.402 0.043
3102.59517 18.968 0.066
3104.58192 18.885 0.055
3107.56561 18.396 0.042
3110.56369 18.621 0.054
3113.54162 18.872 0.064
3128.51413 18.818 0.061
3140.52116 18.335 0.035
3216.88537 18.473 0.050
3241.92823 18.718 0.044
3248.87043 18.778 0.054
3257.89875 18.888 0.039
3264.82007 18.658 0.031
3270.88687 18.808 0.043
3274.77247 18.650 0.046
3277.89451 18.518 0.040
3287.77616 18.565 0.032
3291.71307 18.363 0.027
3295.73453 18.836 0.035
3297.72654 18.947 0.038
3299.79083 18.829 0.029
3301.78808 18.859 0.062
3304.84842 18.447 0.035
3309.75415 18.579 0.035
3311.75212 18.484 0.032
3320.79510 18.602 0.033
3327.76708 18.692 0.040
3330.72568 19.035 0.073
3334.82460 18.779 0.066
3339.77239 18.425 0.032
3354.78828 18.933 0.053
3358.83700 18.864 0.036
3365.76707 18.867 0.047
3372.78345 18.319 0.035
3378.69613 18.676 0.036
3391.76387 18.899 0.054
3399.73267 18.468 0.040
3403.72005 18.399 0.032
3406.68955 18.739 0.035
3410.64244 18.356 0.025
3415.63966 18.641 0.033
3427.60343 18.827 0.051
3433.62603 18.724 0.043
3438.55529 18.838 0.042
3446.51245 18.596 0.043
3461.52985 18.428 0.032
3473.48922 18.889 0.069
3601.91768 18.713 0.044
3619.84159 18.697 0.039
3633.88007 18.653 0.044
3639.79255 18.729 0.033
3644.82914 18.953 0.040
3651.77228 18.555 0.033
3654.81982 18.602 0.032
3658.78382 18.495 0.038
3661.85452 18.702 0.054
3668.82728 18.915 0.055
3672.81549 18.730 0.036
3676.77230 18.592 0.040
3684.83425 18.328 0.024
3690.72852 18.773 0.051
3693.76253 18.403 0.033
3695.79532 18.351 0.025
3698.77705 18.641 0.039
3700.80563 18.609 0.031
3703.73649 18.790 0.035
3705.80368 18.719 0.033
3708.79160 18.774 0.054
3712.74921 18.779 0.033
3714.81947 18.772 0.035
3717.68192 18.890 0.047
3719.85446 18.334 0.038
3721.81538 18.910 0.046
3726.71122 18.355 0.031
3730.74348 18.946 0.036
3732.73556 18.833 0.031
3735.63496 18.416 0.024
3737.76738 18.366 0.023
3739.83730 18.399 0.029
3741.85025 18.265 0.032
3743.74742 18.950 0.039
3746.78992 18.578 0.049
3748.74310 18.378 0.038
3749.74874 18.676 0.053
3751.76006 18.637 0.042
3753.71156 18.529 0.032
3755.71258 18.451 0.033
3757.70244 18.410 0.032
3759.76720 18.362 0.023
3762.78874 18.721 0.046
3765.77581 18.909 0.036
3770.64832 18.663 0.040
3773.71442 18.636 0.039
3776.68475 18.868 0.055
3779.63930 18.405 0.049
3782.75294 18.664 0.043
3787.61617 18.713 0.038
3792.56689 18.940 0.050
3800.54885 18.682 0.039
3810.50648 18.623 0.053
3823.51628 18.900 0.054
3950.90014 18.426 0.032
3964.89478 18.763 0.032
3969.92560 18.810 0.050
3981.89335 18.572 0.040
3998.88564 18.281 0.025
3999.84814 18.595 0.032
4001.89713 18.680 0.031
4004.86112 18.869 0.036
4005.87507 18.524 0.031
4008.74133 18.551 0.025
4013.77805 18.755 0.046
4018.87097 18.435 0.029
4024.73839 18.738 0.032
4026.81148 18.702 0.029
4029.76069 18.419 0.033
4032.77596 18.534 0.046
4038.74203 18.369 0.029
4041.70330 18.595 0.035
4043.70816 18.507 0.033
4049.67079 18.826 0.042
4052.73217 18.594 0.032
4054.71903 18.539 0.040
4056.77703 18.613 0.033
4058.80937 18.448 0.029
4063.70792 18.595 0.031
4066.76527 18.894 0.043
4068.67160 18.860 0.038
4070.69521 18.713 0.043
4074.76285 18.640 0.043
4077.81142 18.863 0.050
4079.85629 19.000 0.064
4083.70185 18.498 0.044
4085.76756 18.524 0.042
4093.75211 18.402 0.025
4105.82464 18.707 0.051
4109.79453 18.662 0.033
4113.75039 18.441 0.024
4120.78060 18.570 0.031
4122.73709 18.495 0.028
4125.79131 18.861 0.051
4132.67909 18.914 0.064
4142.73023 18.550 0.051
4156.56527 18.704 0.038
4168.51994 18.964 0.058
4197.49926 18.327 0.035
4347.88319 18.964 0.055
4353.81650 18.653 0.040
4364.87921 18.674 0.046
4367.90367 18.521 0.060
4371.76897 18.772 0.057
4377.82532 18.670 0.050
4380.84022 18.849 0.043
4386.81592 18.684 0.053
4390.77785 18.488 0.038
4394.73395 18.331 0.028
4399.75195 18.571 0.053
4407.71496 18.886 0.055
4412.73038 18.482 0.039
4418.82377 18.309 0.025
4426.76747 18.856 0.060
4430.69488 18.536 0.047
4432.75407 18.550 0.033
4436.79397 18.517 0.044
4439.85907 18.743 0.087
4443.74711 18.553 0.057
4449.70998 18.360 0.027
4451.71968 18.845 0.071
4455.71883 18.823 0.055
4457.74925 18.816 0.057
4460.82092 18.439 0.049
4463.73920 18.610 0.035
4466.72820 18.809 0.036
4470.67568 18.707 0.058
4473.71839 18.611 0.047
4477.77687 18.872 0.055
4482.78067 18.497 0.055
4486.75850 18.836 0.062
4492.65367 18.679 0.040
4494.67744 18.636 0.053
4498.70980 18.495 0.038
4501.70712 18.811 0.051
4506.64119 18.904 0.062
4508.66803 18.951 0.057
4510.73419 18.800 0.047
4517.68100 18.931 0.075
4521.64895 18.802 0.049
4524.61169 18.407 0.035
4530.63768 18.855 0.049
4532.66341 18.702 0.046
4536.63567 18.669 0.040
4539.51765 18.716 0.047
4541.62681 18.837 0.064
