 457.76629 18.549 0.021
 458.75068 18.755 0.032
 459.70344 18.613 0.023
 461.71837 18.520 0.018
 461.84094 18.621 0.027
 462.55075 18.616 0.024
 465.84611 18.634 0.027
 466.70492 18.772 0.032
 467.81280 18.663 0.023
 468.71921 18.835 0.027
 469.72674 18.751 0.037
 470.78708 18.536 0.035
 471.83907 18.879 0.054
 472.76393 18.439 0.024
 473.67575 18.605 0.038
 474.75618 18.579 0.030
 475.64897 18.799 0.035
 476.80117 18.653 0.046
 477.78584 18.783 0.030
 478.59313 18.548 0.022
 479.79155 18.750 0.033
 480.62820 18.538 0.023
 481.61332 18.813 0.027
 482.77429 18.853 0.033
 483.56206 18.776 0.033
 484.55988 18.620 0.028
 485.56448 18.820 0.026
 487.58367 18.597 0.021
 488.54828 18.750 0.049
 488.68664 18.747 0.027
 489.63857 18.560 0.020
 490.60902 18.760 0.022
 491.56717 18.508 0.022
 492.55147 18.693 0.029
 492.62591 18.830 0.034
 493.55453 18.549 0.021
 494.54935 18.811 0.032
 495.55168 18.476 0.024
 496.54719 18.724 0.032
 496.76328 18.627 0.038
 498.54593 18.753 0.028
 499.54142 18.637 0.026
 500.53262 18.714 0.033
 501.53318 18.634 0.030
 507.65073 18.935 0.049
 508.53689 18.777 0.053
 508.60361 18.572 0.032
 510.54157 18.605 0.030
 511.65114 18.580 0.028
 512.68848 18.609 0.027
 513.68041 18.583 0.022
 514.55355 18.676 0.023
 515.54522 18.595 0.025
 516.54871 18.717 0.035
 517.55021 18.586 0.031
 518.58900 18.773 0.031
 519.53964 18.614 0.022
 521.54051 18.604 0.034
 523.55241 18.686 0.032
 524.53133 18.696 0.033
 526.53478 18.594 0.032
 526.63584 18.567 0.031
 527.53212 18.614 0.024
 530.62010 18.763 0.052
 531.54699 18.678 0.038
 532.53246 18.579 0.032
 533.53595 18.732 0.037
 534.54323 18.688 0.035
 535.65777 18.581 0.031
 552.64108 18.643 0.027
 553.49679 18.688 0.038
 554.55561 18.509 0.043
 561.55605 18.582 0.038
 566.49161 18.644 0.037
 567.49240 18.578 0.032
 569.48684 18.502 0.037
 571.54106 18.674 0.037
 572.49729 18.844 0.054
 573.50486 18.698 0.049
 574.53359 18.620 0.033
 575.51697 18.750 0.053
 577.47120 18.837 0.055
 578.48426 18.507 0.032
 583.46935 18.708 0.039
 673.85923 18.557 0.023
 689.84540 18.751 0.037
 699.83253 18.570 0.042
 701.87739 18.557 0.039
 704.82129 18.762 0.052
 706.82522 18.814 0.058
 707.87464 18.697 0.054
 712.89701 18.604 0.036
 715.86241 18.837 0.039
 726.88246 18.745 0.032
 728.84659 18.824 0.035
 729.82895 18.611 0.036
 733.88125 18.797 0.053
 742.82174 18.641 0.038
 745.75324 18.849 0.032
 747.80998 18.481 0.027
 748.76478 18.779 0.036
 750.85763 18.741 0.040
 751.75018 18.600 0.039
 755.70868 18.615 0.044
 759.77797 18.652 0.028
 760.83014 18.516 0.029
 763.82610 18.690 0.043
 771.84558 18.557 0.035
 775.83757 18.556 0.028
 778.80406 18.742 0.054
 780.83489 18.602 0.035
 787.84261 18.737 0.038
 792.77660 18.653 0.037
 796.79251 18.741 0.043
 798.80976 18.704 0.042
 816.81819 18.652 0.034
 817.80762 18.783 0.043
 822.76577 18.774 0.032
 826.63399 18.692 0.038
 827.74469 18.605 0.032
 830.82485 18.604 0.047
 831.67013 18.652 0.043
 832.80109 18.525 0.030
 833.70253 18.740 0.026
 834.79357 18.435 0.044
 837.79949 18.750 0.029
 839.62524 18.742 0.040
 841.80851 18.719 0.038
 843.73157 18.768 0.032
 844.68069 18.640 0.038
 850.70149 18.767 0.050
 854.72354 18.674 0.046
 855.77002 18.580 0.065
 856.71510 18.745 0.061
 858.63495 18.673 0.050
 860.72620 18.598 0.043
 874.73418 18.860 0.038
 876.65048 18.832 0.040
 879.61033 18.565 0.035
 881.54230 18.574 0.039
 887.62449 18.690 0.048
 892.58941 18.599 0.036
 895.57011 18.705 0.040
 895.58672 18.840 0.043
 900.53907 18.693 0.042
 920.54020 18.568 0.043
 925.49240 18.829 0.071
 933.50653 18.559 0.038
 951.51950 18.612 0.031
1040.91285 18.700 0.039
1051.90870 18.771 0.044
1065.86925 18.552 0.038
1068.83133 18.675 0.043
1069.82179 18.615 0.027
1071.83895 18.585 0.037
1077.87836 18.779 0.030
1079.78611 18.758 0.037
1083.79981 18.690 0.044
1088.86453 18.763 0.044
1093.86120 18.631 0.034
1102.83919 18.613 0.023
1107.82207 18.711 0.041
1113.83589 18.585 0.029
1119.76870 18.735 0.041
1126.74016 18.535 0.037
1130.70627 18.545 0.038
1132.71483 18.586 0.030
1136.83409 18.685 0.028
1142.72608 18.795 0.028
1151.82122 18.807 0.036
1154.82976 18.571 0.036
1157.78132 18.778 0.052
1161.77933 18.559 0.023
1163.75088 18.534 0.031
1166.78733 18.823 0.053
1170.83532 18.535 0.031
1174.81795 18.658 0.028
1178.73498 18.574 0.032
1181.70155 18.845 0.047
1185.78412 18.497 0.025
1187.73607 18.557 0.032
1189.80054 18.639 0.031
1192.72012 18.820 0.032
1196.59618 18.691 0.058
1202.65802 18.518 0.031
1204.76339 18.600 0.032
1207.65680 18.803 0.042
1211.73726 18.508 0.038
1214.75374 18.744 0.043
1217.71487 18.561 0.029
1219.69956 18.553 0.033
1223.60703 18.674 0.037
1226.70196 18.564 0.035
1230.65034 18.555 0.032
1234.57676 18.712 0.042
1238.58031 18.557 0.045
1239.71298 18.586 0.045
1241.68958 18.582 0.041
1243.54744 18.535 0.039
1245.51602 18.662 0.048
1248.52438 18.761 0.049
1253.59521 18.630 0.042
1256.57448 18.608 0.036
1259.62555 18.736 0.036
1261.57056 18.913 0.043
1265.58824 18.478 0.034
1268.57315 18.827 0.054
1276.52657 18.704 0.039
1279.52109 18.763 0.047
1288.55462 18.727 0.043
1291.58566 18.496 0.029
1296.55904 18.730 0.047
1300.50538 18.819 0.062
1305.47983 18.662 0.044
1308.51458 18.517 0.033
1313.49010 18.674 0.046
1317.51771 18.507 0.038
1320.47965 18.707 0.044
1330.48239 18.540 0.052
1333.48716 18.767 0.060
1336.46571 18.577 0.059
1397.91113 18.555 0.041
1412.88875 18.497 0.038
1431.80366 18.554 0.028
1432.88900 18.739 0.044
1435.84904 18.633 0.039
1437.84187 18.674 0.035
1440.88050 18.584 0.043
1443.87842 18.760 0.043
1447.80154 18.694 0.056
1449.84324 18.566 0.055
1454.75741 18.665 0.046
1458.79504 18.768 0.044
1459.86241 18.527 0.033
1462.73363 18.586 0.035
1470.81463 18.685 0.031
1475.81336 18.587 0.035
1477.70022 18.631 0.043
1479.74044 18.557 0.038
1484.75585 18.806 0.046
1487.79748 18.669 0.038
1491.71194 18.754 0.044
1493.82122 18.713 0.037
1496.60704 18.496 0.043
1498.74958 18.675 0.036
1501.83366 18.556 0.027
1503.72841 18.583 0.041
1505.83501 18.583 0.040
1507.78215 18.668 0.045
1511.65486 18.649 0.033
1514.70192 18.627 0.043
1517.69146 18.746 0.033
1519.69384 18.704 0.036
1521.71652 18.817 0.036
1522.69412 18.613 0.036
1523.75056 18.717 0.079
1525.72721 18.467 0.026
1527.81437 18.533 0.028
1528.71680 18.747 0.032
1531.73445 18.542 0.030
1538.69115 18.553 0.031
1541.64725 18.677 0.026
1542.74715 18.615 0.032
1544.70394 18.603 0.027
1547.73001 18.674 0.028
1548.70741 18.667 0.028
1549.77275 18.509 0.025
1551.73662 18.617 0.027
1552.66988 18.743 0.037
1554.76285 18.808 0.032
1555.69965 18.576 0.032
1556.67033 18.772 0.036
1562.70268 18.550 0.038
1564.58130 18.798 0.052
1564.67736 18.479 0.038
1567.63479 18.733 0.036
1570.73222 18.636 0.032
1574.72786 18.730 0.029
1576.62760 18.680 0.043
1578.72918 18.872 0.052
1581.64307 18.566 0.029
1584.62158 18.771 0.041
1587.60940 18.641 0.031
1590.61651 18.554 0.030
1595.68914 18.803 0.052
1599.70050 18.547 0.038
1600.67501 18.652 0.055
1604.52567 18.746 0.045
1606.53943 18.707 0.040
1609.55867 18.671 0.043
1610.60291 18.782 0.042
1611.63435 18.620 0.034
1612.52870 18.748 0.035
1613.62012 18.632 0.039
1614.52096 18.803 0.035
1615.52587 18.712 0.033
1616.54025 18.605 0.031
1617.52523 18.675 0.033
1618.53189 18.611 0.039
1619.58100 18.827 0.053
1620.60205 18.626 0.045
1621.52018 18.801 0.051
1622.58759 18.573 0.039
1623.54250 18.748 0.048
1624.55015 18.668 0.047
1625.56210 18.858 0.054
1626.65460 18.679 0.035
1627.56973 18.590 0.047
1628.50867 18.748 0.044
1630.53556 18.666 0.054
1631.53325 18.533 0.032
1632.57851 18.720 0.041
1633.52406 18.611 0.036
1634.56369 18.738 0.037
1635.53195 18.623 0.036
1643.55272 18.820 0.058
1644.58237 18.724 0.052
1653.58923 18.439 0.041
1656.56982 18.748 0.053
1658.54728 18.782 0.046
1660.57253 18.666 0.065
1663.50278 18.619 0.035
1665.51894 18.705 0.055
1671.51484 18.803 0.056
1676.50935 18.852 0.067
1684.50932 18.824 0.101
1694.51089 18.499 0.051
1766.90383 18.964 0.070
1768.89125 18.802 0.052
1782.87846 18.579 0.039
1789.82441 18.544 0.023
1804.77379 18.527 0.037
1809.83578 18.746 0.029
1812.85860 18.646 0.030
1814.87376 18.698 0.032
1817.87564 18.622 0.027
1822.81944 18.763 0.035
1828.88368 18.581 0.040
1829.85527 18.692 0.043
1843.83510 18.624 0.034
1850.81493 18.596 0.035
1855.81761 18.858 0.039
1860.79085 18.783 0.047
1863.76440 18.542 0.032
1865.81923 18.512 0.026
1867.78796 18.620 0.029
1869.76141 18.587 0.032
1872.76009 18.786 0.036
2167.84210 18.786 0.058
2173.84945 18.620 0.040
2190.78721 18.534 0.039
2192.82172 18.579 0.043
2214.78907 18.553 0.048
2224.74585 18.581 0.039
2226.84999 18.691 0.068
2229.66192 18.600 0.047
2230.80065 18.791 0.059
2232.82048 18.750 0.054
2234.81490 18.703 0.041
2239.59986 18.651 0.060
2241.66140 18.700 0.063
2243.71999 18.700 0.054
2248.79660 18.623 0.040
2250.84628 18.692 0.045
2252.65163 18.630 0.043
2254.64255 18.684 0.046
2257.64643 18.510 0.035
2261.76077 18.697 0.040
2264.75109 18.429 0.034
2266.64408 18.577 0.048
2270.64019 18.594 0.041
2271.79100 18.697 0.039
2273.72748 18.786 0.056
2275.82790 18.586 0.049
2277.64954 18.633 0.037
2279.82189 18.539 0.044
2281.80872 18.580 0.038
2283.84294 18.571 0.035
2288.74907 18.521 0.036
2290.78746 18.526 0.038
2292.76398 18.700 0.062
2294.73902 18.597 0.068
2296.74943 18.620 0.063
2298.76883 18.693 0.055
2300.72186 18.692 0.068
2302.69966 18.705 0.059
2321.67232 18.722 0.054
2327.55888 18.739 0.054
2333.56807 18.494 0.056
2339.54453 18.561 0.064
2395.51674 18.809 0.079
2526.90888 18.531 0.040
2542.88757 18.648 0.046
2552.83892 18.527 0.047
2556.83044 18.607 0.045
2559.88101 18.686 0.051
2564.84693 18.728 0.055
2573.84610 18.637 0.051
2578.77042 18.565 0.052
2583.82488 18.884 0.068
2589.85777 18.574 0.043
2596.74113 18.730 0.064
2605.74414 18.742 0.045
2609.74038 18.739 0.072
2614.70651 18.761 0.055
2618.73078 18.788 0.056
2621.64019 18.484 0.033
2623.82197 18.720 0.047
2627.68528 18.757 0.068
2629.70831 18.750 0.067
2634.76299 18.637 0.044
2635.68212 18.784 0.043
2638.65320 18.632 0.041
2639.65332 18.789 0.037
2641.72112 18.575 0.043
2643.72981 18.661 0.050
2645.71734 18.564 0.039
2647.67514 18.548 0.043
2650.83682 18.582 0.040
2652.73791 18.502 0.048
2654.67274 18.537 0.052
2656.64568 18.580 0.052
2658.60869 18.577 0.059
2660.62612 18.514 0.042
2662.60897 18.664 0.049
2664.61653 18.631 0.045
2666.67473 18.701 0.036
2668.66349 18.783 0.072
2670.62961 18.699 0.059
2672.73889 18.726 0.051
2674.63727 18.695 0.052
2676.62384 18.828 0.053
2678.71152 18.634 0.050
2680.62219 18.459 0.043
2682.67330 18.542 0.054
2687.54583 18.630 0.071
2696.53896 18.674 0.063
2701.52111 18.602 0.056
2707.51852 18.688 0.063
2714.51745 18.616 0.076
2840.90657 18.480 0.054
2867.91898 18.738 0.051
2888.91302 18.553 0.038
2894.84807 18.563 0.045
2899.84965 18.723 0.048
2905.83865 18.536 0.055
2908.89970 18.847 0.060
2911.79798 18.638 0.039
2916.84818 18.582 0.036
2922.83204 18.524 0.053
2926.75945 18.610 0.042
2930.83318 18.689 0.044
2933.87759 18.637 0.049
2940.71514 18.790 0.051
2947.72904 18.751 0.054
2949.81919 18.695 0.047
2953.68594 18.835 0.064
2956.71174 18.660 0.045
2958.73804 18.714 0.052
2962.74989 18.806 0.048
2965.76931 18.695 0.037
2968.71288 18.595 0.039
2973.85293 18.627 0.043
2975.84208 18.555 0.045
2976.83737 18.748 0.053
2978.85698 18.808 0.067
2982.68907 18.737 0.053
2984.73662 18.769 0.050
2986.81922 18.677 0.054
2988.78381 18.592 0.040
2989.80697 18.813 0.057
2991.64013 18.600 0.051
2993.62755 18.677 0.040
2995.72784 18.731 0.039
2997.70612 18.724 0.045
2999.72874 18.795 0.051
3001.76499 18.701 0.044
3003.73565 18.551 0.036
3005.64092 18.657 0.050
3007.67400 18.566 0.046
3009.74028 18.590 0.048
3011.71598 18.618 0.056
3013.72044 18.730 0.053
3017.72191 18.713 0.049
3019.64987 18.755 0.054
3021.76865 18.768 0.043
3023.63044 18.724 0.038
3024.83157 18.704 0.052
3026.82826 18.724 0.034
3029.63259 18.654 0.038
3031.70257 18.543 0.035
3033.76606 18.615 0.035
3035.77311 18.607 0.037
3038.75060 18.600 0.053
3040.72125 18.592 0.055
3044.59906 18.585 0.048
3045.68806 18.719 0.057
3047.64177 18.768 0.054
3049.64749 18.793 0.037
3051.61569 18.737 0.052
3055.60914 18.577 0.044
3057.63462 18.569 0.040
3059.57848 18.504 0.032
3061.57152 18.590 0.055
3068.51288 18.753 0.060
3070.56855 18.538 0.044
3073.56925 18.721 0.069
3075.68223 18.685 0.064
3078.61422 18.678 0.052
3082.59175 18.754 0.049
3084.66878 18.856 0.046
3087.63148 18.619 0.058
3090.59487 18.781 0.059
3099.58291 18.741 0.067
3102.56167 18.573 0.054
3105.59440 18.591 0.055
3108.57235 18.740 0.054
3112.54964 18.823 0.058
3116.53102 18.885 0.065
3127.49841 18.774 0.045
3140.48705 18.829 0.064
3223.88727 18.560 0.055
3241.87350 18.443 0.050
3248.83692 18.745 0.067
3257.86477 18.737 0.045
3263.91076 18.547 0.044
3270.85373 18.812 0.052
3273.90175 18.634 0.066
3277.83778 18.720 0.050
3281.88153 18.835 0.042
3287.74260 18.749 0.039
3295.69485 18.627 0.032
3297.69338 18.512 0.033
3299.75787 18.659 0.032
3301.75536 18.632 0.056
3304.81127 18.558 0.043
3309.72150 18.704 0.042
3311.71936 18.658 0.042
3320.76215 18.789 0.040
3323.69696 18.566 0.043
3327.73371 18.678 0.040
3330.69256 18.649 0.054
3334.79180 18.603 0.060
3338.83828 18.714 0.044
3340.85336 18.765 0.055
3354.71821 18.617 0.036
3358.79979 18.604 0.030
3361.83197 18.692 0.039
3365.73437 18.664 0.046
3372.75069 18.798 0.039
3378.66340 18.794 0.045
3391.73111 18.525 0.043
3394.74267 18.731 0.049
3396.62266 18.708 0.048
3399.69990 18.612 0.044
3403.68717 18.753 0.054
3408.59659 18.595 0.037
3412.64180 18.650 0.059
3417.56923 18.883 0.057
3425.57748 18.453 0.050
3431.53918 18.585 0.038
3437.54096 18.769 0.046
3445.56090 18.630 0.041
3460.49461 18.574 0.042
3477.48933 18.609 0.054
3583.93144 18.647 0.050
3593.92968 18.612 0.050
3601.86664 18.797 0.058
3618.90071 18.523 0.033
3629.88196 18.562 0.038
3634.84854 18.724 0.043
3639.84187 18.709 0.035
3644.79665 18.594 0.034
3650.88549 18.760 0.041
3654.78641 18.609 0.035
3657.86697 18.573 0.035
3660.80143 18.821 0.060
3664.83652 18.678 0.037
3668.79446 18.582 0.047
3672.78267 18.587 0.040
3675.86234 18.611 0.033
3684.77048 18.779 0.038
3687.77612 18.692 0.043
3690.69598 18.888 0.075
3693.72995 18.700 0.043
3695.75148 18.764 0.042
3698.74425 18.608 0.044
3700.77308 18.633 0.037
3702.86072 18.659 0.041
3705.76750 18.514 0.031
3708.72607 18.832 0.060
3712.71295 18.750 0.045
3714.72330 18.804 0.043
3717.63939 18.593 0.037
3719.81657 18.752 0.054
3725.81046 18.731 0.069
3727.78288 18.602 0.040
3730.67829 18.674 0.032
3732.70303 18.755 0.034
3734.80107 18.855 0.048
3736.81733 18.709 0.043
3737.70570 18.634 0.036
3739.80479 18.637 0.033
3742.69068 18.651 0.049
3745.76633 18.737 0.043
3749.66076 18.736 0.064
3750.74573 18.582 0.043
3752.75643 18.734 0.049
3754.77416 18.695 0.044
3756.59767 18.608 0.037
3758.77055 18.694 0.061
3761.78296 18.683 0.038
3764.73741 18.639 0.039
3767.59723 18.527 0.039
3770.61494 18.630 0.038
3773.61777 18.676 0.049
3776.61720 18.552 0.039
3779.60676 18.907 0.077
3782.65747 18.694 0.042
3787.58245 18.514 0.034
3792.53421 18.863 0.069
3809.52346 18.651 0.068
3822.50926 18.694 0.060
3946.90560 18.762 0.057
3964.86237 18.599 0.035
3969.88648 18.511 0.040
3981.86125 18.840 0.063
3989.88827 18.580 0.043
4001.86497 18.645 0.034
4005.84259 18.773 0.036
4007.84679 18.782 0.045
4011.84705 18.986 0.058
4018.83862 18.699 0.040
4023.87075 18.672 0.046
4026.77922 18.835 0.036
4029.72048 18.539 0.061
4031.80082 18.733 0.037
4038.70991 18.583 0.038
4041.67106 18.811 0.057
4043.67543 18.767 0.061
4048.85704 18.801 0.059
4052.69997 18.740 0.041
4054.68692 18.779 0.056
4056.74396 18.745 0.054
4058.77708 18.483 0.029
4063.67583 18.668 0.037
4066.73310 18.723 0.039
4068.82062 18.775 0.038
4070.66307 18.743 0.044
4073.82244 18.671 0.048
4076.79057 18.770 0.061
4079.75295 18.731 0.050
4083.66974 18.704 0.057
4085.73526 18.814 0.052
4092.85371 18.800 0.048
4105.68915 18.608 0.043
4109.76230 18.643 0.032
4113.71803 18.767 0.035
4120.74843 18.693 0.043
4122.70488 18.730 0.036
4125.75611 18.658 0.045
4131.60945 18.606 0.032
4142.64609 18.717 0.059
4156.53278 18.805 0.050
4166.57400 18.639 0.058
4196.52349 18.657 0.065
4340.88883 18.673 0.043
4341.89938 18.682 0.057
4343.81836 18.672 0.058
4344.87322 18.562 0.045
4345.91179 18.720 0.062
4346.84073 18.627 0.065
4347.84928 18.764 0.053
4348.84243 18.531 0.040
4349.84267 18.888 0.069
4350.92002 18.551 0.067
4353.90325 18.586 0.046
4354.88699 18.607 0.054
4357.89321 18.590 0.063
4358.89322 18.684 0.050
4361.85470 18.614 0.067
4362.80921 18.742 0.061
4363.87230 18.650 0.061
4366.83629 18.791 0.073
4367.77387 18.684 0.064
4368.88753 18.596 0.065
4369.80950 18.540 0.064
4370.81063 18.558 0.052
4371.85578 18.706 0.043
4373.78127 18.744 0.046
4377.79163 18.797 0.060
4380.80812 18.636 0.045
4386.78375 18.755 0.054
4390.74574 18.670 0.049
4393.85983 18.712 0.050
4398.87111 18.613 0.051
4403.87805 18.460 0.096
4411.86956 18.590 0.061
4418.79071 18.605 0.036
4422.85678 18.541 0.043
4426.73512 18.610 0.056
4429.84110 18.573 0.066
4432.72195 18.691 0.043
4436.76134 18.819 0.054
4439.82691 18.697 0.063
4440.86315 18.680 0.139
4441.65288 18.581 0.047
4442.67487 18.799 0.064
4443.65039 18.590 0.059
4444.82951 18.536 0.059
4448.69507 18.502 0.046
4449.74257 18.767 0.048
4450.70540 18.579 0.056
4451.64044 18.726 0.049
4451.78230 18.759 0.049
4452.85345 18.657 0.052
4453.62932 18.706 0.050
4454.65323 18.546 0.049
4454.81614 18.657 0.039
4455.63979 18.811 0.059
4455.77685 18.542 0.049
4456.72045 18.716 0.053
4456.81069 18.792 0.062
4456.85814 18.719 0.056
4457.69528 18.641 0.048
4457.84503 18.528 0.048
4458.61771 18.741 0.055
4459.60194 18.683 0.053
4459.74640 18.575 0.044
4459.80854 18.608 0.049
4461.57252 18.590 0.046
4462.63270 18.724 0.060
4462.78237 18.812 0.049
4463.62613 18.591 0.040
4464.62379 18.773 0.048
4464.76580 18.874 0.059
4465.64302 18.549 0.036
4466.63614 18.712 0.048
4466.73635 18.694 0.039
4467.60362 18.542 0.054
4467.67235 18.670 0.039
4468.63641 18.863 0.041
4469.62083 18.632 0.046
4470.60860 18.827 0.054
4470.79863 18.550 0.040
4471.59865 18.607 0.035
4471.76477 18.592 0.048
4472.59938 18.625 0.035
4472.77208 18.562 0.035
4473.68604 18.731 0.043
4477.74419 18.744 0.053
4481.68174 18.685 0.042
4485.72982 18.638 0.053
4489.71331 18.602 0.066
4493.70314 18.649 0.055
4498.67964 18.573 0.041
4501.67697 18.823 0.054
4506.61091 18.666 0.049
4508.62813 18.750 0.053
4510.70133 18.722 0.051
4521.61145 18.763 0.063
4523.62728 18.734 0.051
4525.54669 18.788 0.054
4531.56873 18.893 0.055
4533.57108 18.686 0.053
4537.62112 18.561 0.045
4539.54008 18.535 0.054
4541.59235 18.503 0.054
