2187.80253 18.490 0.051
2193.86844 18.607 0.032
2194.76220 18.760 0.050
2202.86851 18.606 0.037
2206.77747 18.699 0.052
2215.82139 18.774 0.050
2222.82091 18.524 0.044
2225.70378 18.887 0.054
2227.77884 18.619 0.040
2229.78468 18.725 0.055
2231.75308 18.893 0.052
2233.72135 18.551 0.036
2237.64069 18.811 0.062
2239.70166 18.625 0.037
2241.79343 18.755 0.043
2244.67303 18.552 0.043
2249.77902 18.766 0.041
2251.69119 18.908 0.052
2252.85163 18.820 0.051
2254.77792 18.803 0.037
2257.80141 18.776 0.032
2262.82647 18.587 0.036
2265.80107 18.485 0.036
2269.71043 18.845 0.050
2272.70023 18.776 0.047
2274.69572 18.876 0.047
2276.72001 18.623 0.043
2278.83951 18.753 0.048
2280.66223 18.759 0.058
2282.82358 18.749 0.048
2288.80548 18.538 0.036
2291.83898 18.651 0.048
2296.83409 18.648 0.065
2298.82707 18.883 0.059
2303.75712 18.754 0.055
2321.72871 18.874 0.055
2328.60586 18.510 0.044
2335.51570 18.693 0.056
2341.51304 18.672 0.048
2358.50536 18.807 0.052
2391.53199 18.609 0.056
2548.84650 18.620 0.048
2553.81394 18.725 0.055
2557.87876 18.615 0.044
2561.88142 18.894 0.044
2566.78563 18.763 0.069
2574.85218 18.617 0.037
2579.76112 18.643 0.047
2586.79773 18.577 0.035
2591.76197 18.624 0.039
2598.74954 18.827 0.051
2606.77840 18.573 0.033
2610.67633 18.742 0.052
2615.80364 18.551 0.032
2619.64207 18.662 0.040
2622.76211 18.747 0.050
2625.62743 18.635 0.043
2628.62540 18.624 0.050
2630.66234 18.818 0.055
2632.78356 18.534 0.036
2636.73353 18.747 0.044
2638.85063 18.564 0.050
2641.82602 18.522 0.036
2643.82589 18.660 0.039
2645.82531 18.763 0.045
2649.73148 18.549 0.028
2651.77889 18.767 0.041
2653.80650 18.828 0.056
2655.83337 18.633 0.040
2657.82536 18.718 0.048
2658.81755 18.590 0.067
2660.77214 18.719 0.040
2662.74047 18.794 0.050
2664.76204 18.559 0.054
2669.61513 18.580 0.043
2672.61301 18.645 0.047
2674.81521 18.708 0.052
2676.78833 18.922 0.062
2678.83423 18.614 0.036
2680.73357 18.741 0.040
2684.61921 18.891 0.048
2688.58984 18.711 0.047
2693.55843 18.713 0.035
2697.57444 18.656 0.039
2702.58100 18.776 0.059
2709.52646 18.554 0.040
2726.49259 18.578 0.040
2875.90364 18.580 0.045
2885.89426 18.868 0.050
2893.87488 18.738 0.047
2897.89156 18.788 0.044
2908.81227 18.867 0.052
2912.83548 18.656 0.036
2917.84367 18.770 0.040
2923.84638 18.771 0.047
2927.75475 18.650 0.052
2931.83292 18.890 0.050
2934.86780 18.800 0.045
2940.84784 18.796 0.039
2943.85266 18.765 0.036
2947.86105 18.622 0.040
2951.73799 18.798 0.051
2954.80515 18.834 0.055
2956.84348 18.518 0.033
2961.77986 18.631 0.045
2963.83083 18.849 0.041
2963.86385 18.766 0.065
2966.80750 18.784 0.032
2968.76832 18.885 0.045
2971.77158 18.946 0.048
2974.85400 18.933 0.048
2976.86294 18.656 0.062
2978.68060 18.601 0.041
2980.77488 18.814 0.045
2982.82397 18.499 0.033
2985.72660 18.891 0.047
2987.77424 18.593 0.041
2989.71528 18.742 0.036
2991.78875 18.847 0.043
2993.79840 18.628 0.036
2996.77239 18.533 0.032
2998.78516 18.768 0.040
3000.79625 18.837 0.051
3002.78664 18.660 0.043
3004.81234 18.662 0.037
3006.79889 18.821 0.040
3008.76150 18.669 0.037
3010.83221 18.701 0.041
3013.75792 18.599 0.043
3016.78222 18.625 0.044
3019.85776 18.741 0.043
3022.65479 18.620 0.033
3023.76282 18.934 0.045
3025.76596 18.553 0.026
3027.78459 18.754 0.059
3029.76922 18.842 0.051
3032.61803 18.647 0.039
3034.66609 18.879 0.032
3036.69621 18.580 0.033
3039.63812 18.548 0.040
3041.72119 18.715 0.054
3042.74642 18.653 0.052
3044.68523 18.725 0.043
3046.67137 18.930 0.062
3048.70453 18.483 0.028
3050.70148 18.685 0.033
3052.69772 18.816 0.035
3054.70384 18.743 0.043
3056.69093 18.627 0.032
3058.68426 18.755 0.035
3059.63050 18.602 0.031
3061.62767 18.638 0.050
3066.62143 18.786 0.048
3068.64966 18.492 0.040
3071.54809 18.849 0.066
3074.54803 18.905 0.082
3076.66734 18.651 0.054
3079.66691 18.614 0.033
3083.53618 18.767 0.070
3085.63531 18.532 0.035
3088.59266 18.643 0.044
3091.59615 18.717 0.047
3097.52062 18.940 0.080
3100.55818 18.908 0.070
3103.56625 18.921 0.055
3106.59561 18.798 0.052
3109.57874 18.787 0.041
3112.60452 18.716 0.045
3126.53368 18.883 0.062
3132.53671 18.692 0.063
3147.47850 18.594 0.065
3249.89585 18.853 0.060
3260.87746 18.748 0.047
3271.86778 18.648 0.043
3274.87099 18.630 0.047
3279.82452 18.644 0.040
3282.89030 18.600 0.032
3288.73275 18.604 0.041
3291.81366 18.516 0.037
3295.83370 18.911 0.032
3297.82501 18.466 0.024
3300.68915 18.892 0.058
3302.68383 18.508 0.045
3305.79541 18.645 0.040
3309.85662 18.705 0.043
3315.79257 18.932 0.043
3321.75700 18.737 0.036
3324.80641 18.786 0.045
3328.85522 18.668 0.035
3333.85497 18.778 0.056
3335.80407 18.804 0.059
3340.68792 18.693 0.040
3350.81917 18.897 0.044
3353.78000 18.793 0.036
3357.80763 18.635 0.032
3360.78724 18.621 0.035
3366.75123 18.621 0.035
3373.83888 18.851 0.055
3378.79452 18.539 0.040
3385.58441 18.565 0.043
3394.68350 18.605 0.039
3402.74179 18.868 0.043
3404.67349 18.881 0.051
3410.53134 18.855 0.043
3416.53889 18.755 0.050
3424.62514 18.944 0.060
3430.54200 18.850 0.044
3436.59286 18.947 0.054
3448.52310 18.591 0.043
3458.49453 18.931 0.055
3603.89486 18.696 0.040
3621.87260 18.564 0.031
3624.89642 18.674 0.045
3630.84355 18.946 0.070
3637.79465 18.538 0.044
3640.83883 18.706 0.033
3651.87132 18.812 0.043
3655.78848 18.571 0.033
3659.77193 18.808 0.062
3663.73587 18.614 0.050
3669.83100 18.664 0.043
3673.70836 18.770 0.047
3685.83534 18.918 0.040
3688.75421 18.778 0.039
3690.82880 18.594 0.054
3693.83513 18.652 0.039
3696.77275 18.819 0.040
3699.78562 18.910 0.036
3701.84060 18.623 0.037
3703.83739 18.767 0.036
3706.71267 18.661 0.031
3711.74820 18.771 0.037
3713.83618 18.559 0.036
3715.81251 18.667 0.032
3718.84363 18.735 0.044
3724.78694 18.629 0.033
3728.82122 18.835 0.037
3731.82836 18.862 0.039
3733.72773 18.545 0.028
3735.70731 18.679 0.031
3738.74127 18.666 0.033
3740.80618 18.842 0.041
3742.82560 18.588 0.045
3745.84306 18.530 0.033
3749.79334 18.726 0.071
3751.80717 18.931 0.074
3753.75730 18.629 0.036
3755.78546 18.744 0.045
3757.80542 18.841 0.037
3760.61703 18.793 0.044
3763.73773 18.910 0.032
3766.75424 18.814 0.052
3771.66110 18.776 0.039
3774.65520 18.800 0.039
3777.61350 18.828 0.043
3780.67764 18.834 0.065
3784.52562 18.557 0.051
3788.60397 18.980 0.044
3794.57352 18.786 0.051
3802.51437 18.975 0.065
3812.52718 18.656 0.036
3830.48046 18.516 0.052
3959.88305 18.542 0.058
3965.90900 18.627 0.033
3970.92478 18.677 0.044
3982.87532 18.552 0.037
3990.82222 18.629 0.045
3999.89157 18.636 0.039
4003.76735 18.866 0.035
4006.81669 18.870 0.043
4008.83773 18.510 0.029
4013.84960 18.660 0.048
4019.85426 18.681 0.036
4024.84378 18.768 0.043
4027.74836 18.738 0.044
4029.85896 18.968 0.051
4036.73753 18.646 0.036
4039.72569 18.485 0.039
4041.79941 18.719 0.037
4047.66413 18.760 0.062
4050.63988 18.626 0.041
4052.82915 18.889 0.035
4054.81603 18.576 0.036
4057.74107 18.923 0.052
4060.68048 18.737 0.037
4065.76450 18.627 0.031
4067.72068 18.727 0.033
4069.85627 18.609 0.039
4074.83550 18.681 0.048
4078.75339 18.884 0.047
4080.76476 18.721 0.051
4083.83942 18.578 0.043
4085.81422 18.526 0.041
4096.64751 18.611 0.039
4106.63812 18.992 0.066
4127.71882 18.798 0.033
4145.65262 18.586 0.047
4158.52282 18.743 0.043
4169.55213 18.903 0.047
4344.85481 18.801 0.055
4348.88513 18.720 0.041
4354.81341 18.561 0.039
4363.89044 18.629 0.048
4367.81272 18.851 0.050
4371.82344 18.678 0.044
4378.77740 18.940 0.056
4381.79427 18.883 0.059
4390.87390 18.807 0.047
4396.77460 18.858 0.056
4400.78257 18.662 0.051
4408.79424 18.770 0.052
4415.85991 18.565 0.036
4423.82197 18.729 0.043
4427.78837 18.695 0.045
4430.79159 18.771 0.048
4433.80911 18.792 0.055
4437.73555 18.646 0.048
4440.75538 18.646 0.040
4444.70035 18.797 0.058
4449.81489 18.734 0.048
4451.85042 18.835 0.065
4454.79020 18.767 0.040
4456.79255 18.777 0.052
4458.79925 18.632 0.040
4463.78266 18.736 0.039
4465.79941 18.860 0.047
4470.71942 18.693 0.037
4473.76243 18.589 0.054
4478.80390 18.687 0.039
4481.84603 18.711 0.043
4486.84380 18.823 0.074
4490.66193 18.714 0.055
4493.73250 18.608 0.047
4497.78494 18.829 0.051
4500.65792 18.796 0.051
4502.76779 18.624 0.056
4506.77805 18.931 0.081
4509.72254 18.655 0.044
4518.72162 18.759 0.071
4522.52197 18.859 0.063
4524.66236 18.578 0.040
4530.68610 18.510 0.035
4534.65338 18.845 0.055
4538.66869 18.739 0.054
4540.66871 18.765 0.054
4542.58587 18.971 0.059
