2127.49565 16.162 0.011
2130.52846 16.072 0.008
2133.54262 15.975 0.008
2136.66381 15.971 0.008
2141.65460 15.580 0.008
2165.57705 15.981 0.009
2171.64410 15.938 0.008
2179.53444 16.048 0.009
2189.52945 16.123 0.011
2212.55423 15.806 0.009
2214.51151 15.959 0.011
2337.84145 15.744 0.008
2352.85895 15.591 0.006
2361.85339 15.770 0.008
2373.80823 15.786 0.008
2384.84405 15.798 0.008
2388.84339 15.934 0.008
2390.88173 15.983 0.009
2393.87561 15.928 0.009
2400.82300 16.002 0.008
2402.92970 15.795 0.008
2406.87246 15.985 0.009
2411.73050 16.158 0.008
2415.90578 16.121 0.009
2417.87656 16.088 0.009
2425.90846 15.640 0.009
2428.88663 15.993 0.009
2434.80322 15.781 0.006
2436.85190 15.807 0.008
2438.83573 16.005 0.008
2441.78809 15.881 0.008
2445.70924 15.923 0.008
2448.74151 15.962 0.014
2454.76825 15.810 0.008
2460.73548 16.095 0.011
2463.61888 15.842 0.008
2466.59210 15.501 0.006
2468.77661 15.759 0.008
2470.76057 15.467 0.006
2481.63307 16.089 0.011
2484.69524 16.010 0.009
2496.56174 15.874 0.006
2498.59980 15.846 0.006
2500.62592 15.774 0.006
2502.64412 15.785 0.008
2510.54368 15.772 0.008
2516.50448 16.002 0.009
2517.55138 16.026 0.009
2520.66012 16.027 0.008
2529.52661 16.080 0.008
2538.57584 15.593 0.008
2542.56481 16.006 0.008
2548.53002 15.746 0.008
2552.56739 16.013 0.009
2557.53164 15.804 0.008
2561.52758 15.834 0.009
2562.48403 16.077 0.015
2563.49391 16.050 0.009
2568.56213 15.928 0.012
2708.87957 16.010 0.008
2719.88576 15.980 0.008
2729.91124 16.116 0.009
2734.88479 15.864 0.008
2747.76893 15.641 0.008
2754.77918 16.017 0.009
2757.84421 15.945 0.009
2763.79735 16.176 0.009
2767.88963 16.026 0.011
2775.79511 16.153 0.012
2776.75000 16.015 0.012
2783.88411 15.851 0.008
2785.75049 15.893 0.008
2788.62996 15.900 0.008
2790.77632 15.965 0.008
2793.70303 15.716 0.008
2795.66295 15.895 0.006
2797.67411 16.117 0.008
2809.79421 15.563 0.006
2811.71467 16.041 0.009
2812.84395 16.137 0.009
2813.88768 16.140 0.009
2815.86846 16.019 0.009
2817.76696 15.860 0.008
2819.67734 15.485 0.006
2821.72652 15.851 0.008
2830.69877 15.692 0.009
2835.70827 16.037 0.009
2837.71870 15.990 0.012
2839.77846 15.967 0.009
2841.79962 15.897 0.008
2843.72693 15.653 0.006
2845.71658 15.994 0.008
2850.61264 15.811 0.008
2852.62393 15.707 0.008
2854.62098 15.630 0.008
2857.52773 15.980 0.008
2858.73999 16.126 0.009
2862.65105 15.901 0.009
2865.63116 15.666 0.006
2868.62744 16.168 0.009
2871.70814 16.075 0.009
2876.70912 15.887 0.008
2879.67446 15.560 0.008
2884.70566 16.038 0.009
2893.58209 16.022 0.008
2895.60942 15.979 0.008
2900.52370 15.605 0.008
2905.65640 16.158 0.011
2911.57765 15.747 0.008
2921.52732 15.818 0.009
2931.57837 15.989 0.009
3052.88814 15.726 0.006
3059.87409 16.001 0.008
3064.88542 15.730 0.006
3068.83848 16.078 0.009
3071.89106 16.016 0.008
3073.90018 15.932 0.008
3077.79032 15.776 0.014
3080.83946 16.091 0.008
3083.78574 15.920 0.006
3085.89759 15.950 0.006
3087.83221 15.751 0.006
3089.84893 15.633 0.006
3091.85000 16.027 0.008
3097.83259 15.873 0.006
3099.85861 15.812 0.008
3101.82789 15.594 0.006
3102.86024 15.557 0.006
3104.77585 16.012 0.012
3106.92243 16.117 0.009
3108.81256 15.922 0.006
3109.92653 15.982 0.009
3110.90241 15.926 0.008
3112.85940 15.724 0.006
3114.85437 15.512 0.006
3116.84198 16.137 0.009
3122.85783 15.884 0.009
3125.91495 15.761 0.008
3126.81146 15.751 0.006
3127.89749 15.562 0.006
3128.88679 15.930 0.009
3130.76434 15.978 0.009
3131.62966 15.730 0.009
3134.89977 15.904 0.014
3135.78467 15.710 0.006
3137.83662 15.664 0.006
3138.72181 16.109 0.009
3140.69356 15.982 0.008
3140.92737 15.579 0.006
3141.75867 16.008 0.008
3142.83294 16.014 0.008
3144.85089 15.965 0.008
3146.91731 15.959 0.006
3147.93377 15.918 0.008
3151.82491 15.950 0.008
3152.82461 16.137 0.009
3153.82314 16.042 0.009
3154.91702 16.153 0.009
3157.89711 15.950 0.008
3158.70962 15.667 0.008
3162.86093 15.626 0.006
3163.82327 15.939 0.008
3164.80900 16.130 0.008
3164.91645 15.550 0.006
3165.66225 15.938 0.006
3167.67182 15.831 0.008
3168.82211 15.983 0.008
3169.84805 15.948 0.008
3170.87758 15.942 0.006
3171.72383 15.597 0.006
3172.52259 16.002 0.008
3172.61567 16.081 0.008
3172.71308 15.623 0.005
3172.81478 15.705 0.006
3173.70096 16.173 0.009
3173.76190 15.543 0.006
3173.80931 15.607 0.006
3173.82742 15.634 0.006
3174.50662 15.916 0.008
3174.60169 15.988 0.008
3174.77657 15.934 0.008
3175.53540 15.899 0.008
3175.85752 15.496 0.006
3176.53947 15.834 0.008
3176.69324 16.011 0.009
3177.69649 15.991 0.011
3177.79406 16.030 0.011
3177.83316 16.105 0.011
3178.55267 15.704 0.008
3179.57604 15.670 0.006
3179.87786 16.024 0.008
3180.79441 15.942 0.006
3182.85468 15.921 0.008
3183.81047 15.779 0.008
3184.76909 15.635 0.006
3185.62396 16.042 0.008
3193.61924 15.600 0.006
3194.51893 16.074 0.009
3194.80968 15.852 0.006
3195.74280 15.690 0.006
3196.59569 16.078 0.008
3196.83849 15.780 0.006
3197.78419 15.605 0.006
3199.78072 16.112 0.009
3201.82790 16.101 0.008
3202.77527 15.976 0.006
3203.60440 15.745 0.006
3204.75245 15.899 0.006
3205.68278 15.729 0.006
3206.78926 15.831 0.008
3210.56634 15.962 0.008
3211.74628 16.140 0.009
3217.72217 15.779 0.008
3218.77328 15.812 0.009
3223.72223 16.093 0.009
3224.76673 16.084 0.009
3226.71413 15.987 0.009
3228.68774 15.820 0.008
3229.71850 15.813 0.006
3230.73439 15.763 0.006
3231.67917 15.538 0.006
3232.67712 15.714 0.008
3238.68621 15.944 0.008
3240.53539 15.529 0.006
3241.71904 15.810 0.008
3245.64803 16.151 0.009
3247.50933 15.896 0.008
3249.62173 15.941 0.008
3251.52475 15.679 0.006
3254.60630 15.568 0.006
3257.54428 16.007 0.006
3260.58975 15.960 0.009
3265.54270 15.642 0.006
3267.60095 15.828 0.006
3273.49998 15.773 0.009
3277.51932 15.793 0.008
3280.52020 16.046 0.009
3282.59092 16.040 0.006
3289.52505 15.661 0.006
3294.52033 15.975 0.006
3296.51944 15.908 0.008
3302.51662 16.163 0.011
3418.85924 15.521 0.005
3423.88730 16.003 0.005
3427.84100 15.747 0.006
3430.82643 15.817 0.006
3436.87304 15.961 0.008
3443.84416 16.060 0.006
3445.87263 16.089 0.006
3447.91700 16.011 0.009
3450.79660 15.750 0.005
3453.84001 15.587 0.006
3455.90554 15.527 0.006
3458.87526 16.034 0.008
3459.89046 16.043 0.008
3468.87393 16.175 0.008
3469.87662 16.125 0.008
3472.86155 15.972 0.006
3474.79515 15.767 0.006
3476.77170 15.552 0.005
3478.86709 15.596 0.005
3480.88273 15.904 0.006
3483.81761 15.968 0.006
3496.91098 15.992 0.008
3497.89795 15.944 0.008
3500.90701 15.822 0.006
3502.89125 15.699 0.006
3503.87209 15.639 0.005
3506.93149 16.127 0.008
3508.90884 16.016 0.009
3509.89166 15.944 0.006
3511.91520 15.888 0.006
3512.90508 15.815 0.006
3520.66733 15.705 0.006
3521.79806 15.870 0.006
3522.86571 15.906 0.008
3524.85695 15.755 0.006
3527.64025 16.014 0.006
3527.72571 16.053 0.006
3528.88462 15.583 0.006
3529.92342 15.641 0.006
3530.86293 16.062 0.006
3530.89431 16.132 0.006
3538.85245 15.632 0.006
3541.88661 16.010 0.008
3544.88404 15.992 0.009
3547.85144 15.849 0.008
3550.82826 15.670 0.005
3551.84026 15.656 0.006
3552.83563 15.960 0.008
3554.83862 16.036 0.009
3556.84669 15.976 0.009
3558.62361 15.679 0.006
3559.63200 15.869 0.006
3560.70840 15.694 0.006
3561.61561 16.022 0.006
3562.66300 16.042 0.008
3563.72768 16.077 0.008
3569.65563 15.666 0.009
3573.78606 15.566 0.006
3574.75829 15.968 0.008
3575.70023 16.045 0.008
3576.76686 16.105 0.009
3578.74131 15.997 0.006
3579.68987 15.883 0.006
3580.73644 15.885 0.008
3581.73939 15.841 0.006
3582.68833 15.647 0.005
3583.70651 15.592 0.005
3584.71045 15.448 0.005
3585.70903 15.971 0.006
3586.76310 15.700 0.006
3589.75258 16.053 0.008
3590.47630 15.576 0.006
3590.56090 15.765 0.006
3590.63980 15.898 0.006
3590.74876 15.999 0.008
3591.48938 15.472 0.005
3591.54463 15.661 0.005
3591.64243 15.826 0.006
3591.73037 15.975 0.006
3591.76513 15.983 0.006
3592.47507 16.103 0.008
3592.54263 15.529 0.005
3592.65952 15.786 0.006
3592.70158 15.863 0.006
3593.46870 16.092 0.006
3593.51878 16.065 0.006
3593.54768 15.558 0.006
3594.50613 16.094 0.009
3594.58876 15.592 0.005
3594.66518 15.652 0.006
3594.74891 15.788 0.006
3602.72532 15.966 0.009
3603.72031 15.932 0.008
3607.70426 15.690 0.006
3608.69694 15.640 0.006
3615.65464 15.854 0.006
3617.61627 15.694 0.006
3619.61338 15.821 0.006
3621.65508 16.106 0.008
3629.53930 15.643 0.006
3631.56816 16.159 0.011
3633.59313 16.049 0.009
3640.52651 15.514 0.006
3644.60236 16.173 0.008
3649.57835 15.940 0.006
3652.55227 15.672 0.008
3656.54506 16.078 0.009
3660.54926 15.926 0.009
3665.53208 15.632 0.006
3670.52218 15.971 0.009
3778.84179 15.820 0.008
3783.88067 15.767 0.006
3785.89164 16.070 0.008
3788.89567 15.953 0.008
3792.88584 15.768 0.006
3794.88497 15.649 0.005
3796.87675 16.093 0.008
3797.87640 16.099 0.008
3800.85744 15.955 0.008
3802.80437 15.756 0.006
3803.83697 15.748 0.006
3804.88413 15.747 0.006
3806.89666 15.561 0.005
3808.88163 16.176 0.008
3810.79763 16.000 0.008
3812.78379 15.869 0.008
3814.77468 15.705 0.006
3818.83961 15.465 0.005
3819.89904 15.465 0.005
3820.89128 16.028 0.006
3821.90263 16.143 0.008
3822.91448 16.098 0.008
3824.90953 16.030 0.008
3825.90160 15.982 0.006
3826.92506 15.973 0.009
3827.90077 15.870 0.006
3828.91288 15.829 0.006
3829.90877 15.758 0.006
3830.87520 15.665 0.006
3832.90298 15.663 0.006
3833.89138 16.087 0.008
3834.81658 15.970 0.006
3835.86899 15.990 0.006
3836.87847 15.967 0.006
3837.85723 15.910 0.006
3838.86137 15.879 0.006
3839.88043 15.845 0.008
3840.86443 15.788 0.006
3841.84779 15.725 0.006
3842.76163 16.042 0.008
3842.92265 15.757 0.009
3845.85215 16.086 0.009
3846.85608 16.017 0.006
3847.89796 16.016 0.008
3848.87166 15.956 0.008
3849.90089 15.928 0.006
3850.82094 15.834 0.006
3851.82723 15.771 0.006
3852.81934 15.695 0.006
3853.80864 15.631 0.005
3856.79727 16.072 0.008
3858.86130 16.038 0.006
3860.85266 15.969 0.008
3861.86794 15.947 0.006
3862.81112 15.806 0.006
3863.78935 15.695 0.005
3864.81327 15.640 0.005
3865.77557 15.578 0.006
3866.74073 16.158 0.008
3867.74809 16.099 0.008
3868.74348 16.055 0.008
3869.72522 16.011 0.008
3873.72870 15.752 0.006
3874.77549 15.768 0.006
3875.75815 15.653 0.005
3877.71710 16.120 0.008
3880.78384 16.083 0.006
3881.79241 16.044 0.006
3882.72736 15.969 0.006
3883.77914 15.966 0.008
3886.74272 15.757 0.006
3887.72247 15.676 0.005
3889.88422 15.784 0.006
3891.61586 15.957 0.008
3892.75150 16.020 0.006
3893.78234 16.031 0.009
3894.81936 16.006 0.008
3896.76979 15.888 0.009
3900.66654 15.926 0.009
3901.67206 16.075 0.008
3902.68960 16.056 0.008
3903.83060 15.787 0.006
3904.66945 15.963 0.006
3905.68013 15.940 0.006
3906.65796 15.868 0.006
3907.72400 15.885 0.008
3908.66393 15.776 0.006
3909.66205 15.723 0.005
3912.66614 16.024 0.006
3913.66633 16.102 0.006
3914.71409 16.128 0.006
3915.66320 16.004 0.006
3916.74494 16.066 0.008
3917.76212 16.036 0.008
3918.76244 16.005 0.006
3919.69260 15.859 0.005
3920.64629 15.725 0.006
3921.65476 15.646 0.008
3930.71641 16.001 0.006
3931.63261 15.801 0.006
3932.59646 15.633 0.005
3933.64366 15.654 0.005
3934.61038 15.463 0.005
3934.81553 15.885 0.006
3935.59135 16.140 0.008
3936.57641 16.068 0.008
3937.65522 16.139 0.008
3938.62066 16.054 0.006
3940.76546 16.084 0.006
3942.51366 15.730 0.006
3944.48380 15.822 0.005
3944.60196 15.740 0.006
3944.70185 15.854 0.005
3944.77866 15.968 0.006
3945.47758 16.091 0.008
3945.60032 15.675 0.006
3945.68179 15.779 0.006
3945.77077 15.922 0.006
3946.48332 16.040 0.008
3946.64859 15.691 0.006
3946.69595 15.761 0.006
3946.74700 15.831 0.006
3946.76234 15.827 0.006
3946.78180 15.862 0.006
3950.66410 16.045 0.006
3951.67490 16.007 0.008
3959.63573 15.761 0.006
3960.62684 15.971 0.006
3963.63222 15.976 0.006
3964.66836 15.970 0.006
3965.64324 15.941 0.006
3966.63770 15.868 0.006
3967.66113 15.853 0.006
3968.62064 15.750 0.006
3969.63112 15.701 0.006
3970.63787 15.630 0.006
3971.66923 15.595 0.005
3973.69743 15.948 0.008
3974.63498 16.012 0.008
3975.62757 16.009 0.006
3976.62150 15.960 0.006
3979.65669 15.851 0.008
3982.68940 15.689 0.009
3986.67001 16.142 0.009
3987.61878 16.047 0.006
3988.65091 16.067 0.006
3989.56905 15.905 0.008
3991.57048 15.738 0.008
3995.51831 16.087 0.008
4001.58864 15.938 0.006
4002.62425 15.906 0.006
4003.57872 15.802 0.006
4011.56205 15.946 0.008
4015.59100 15.816 0.008
4017.56470 15.755 0.006
4019.57288 15.918 0.008
4023.55563 15.928 0.009
4025.50718 15.810 0.006
4027.51495 15.699 0.006
4030.50698 16.114 0.009
4151.89739 16.053 0.011
4155.86138 15.776 0.008
4158.82316 15.871 0.008
4160.88649 16.126 0.011
4162.87389 16.070 0.011
4165.85830 15.950 0.009
4167.85122 15.798 0.009
4169.85357 15.676 0.006
4174.86764 16.028 0.009
4176.84492 15.961 0.008
4177.90182 15.968 0.008
4179.79613 15.788 0.008
4180.86469 15.819 0.008
4182.77304 15.912 0.008
4183.81000 15.947 0.008
4185.78575 15.990 0.009
4190.88378 15.882 0.008
4192.88800 15.812 0.008
4193.89901 15.781 0.008
4196.87864 15.939 0.008
4202.89028 15.898 0.008
4203.87844 15.836 0.008
4204.88526 15.777 0.006
4205.87407 15.684 0.006
4207.89799 15.522 0.006
4208.90749 15.650 0.006
4213.87900 15.972 0.006
4215.91313 15.925 0.008
4216.83760 15.704 0.006
4217.85986 15.662 0.006
4218.90422 15.658 0.006
4220.88835 15.571 0.008
4222.84806 16.054 0.009
4228.85203 15.811 0.008
4229.81745 15.682 0.006
4230.79860 15.575 0.006
4231.84091 15.604 0.006
4232.86186 15.718 0.009
4234.79655 15.979 0.008
4234.83402 16.011 0.008
4235.82043 15.955 0.008
4237.63729 15.753 0.008
4238.82500 15.890 0.009
4240.61871 16.036 0.011
4243.87130 15.761 0.008
4244.87805 15.783 0.008
4244.88690 15.770 0.008
4244.90986 15.763 0.008
4245.91247 15.809 0.008
4246.92536 15.894 0.009
4247.58247 15.750 0.005
4250.91170 15.929 0.009
4256.81003 16.056 0.009
4257.69393 15.945 0.009
4258.79685 16.008 0.009
4268.57791 15.896 0.009
4269.71771 16.026 0.008
4272.63956 15.701 0.006
4273.68700 15.714 0.006
4274.67084 15.579 0.006
4275.72764 15.627 0.006
4277.56851 16.075 0.009
4278.70160 16.126 0.009
4283.64864 15.848 0.008
4284.63007 15.763 0.008
4285.63707 15.725 0.008
4286.73081 15.802 0.008
4289.68052 15.920 0.009
4290.75972 15.635 0.008
4291.75793 15.940 0.009
4292.61548 15.959 0.008
4293.64323 15.942 0.008
4294.68447 15.939 0.008
4295.64448 15.862 0.008
4296.62364 15.815 0.006
4297.55518 15.729 0.006
4298.78668 15.871 0.008
4299.75684 15.815 0.006
4300.68683 15.784 0.008
4301.55613 15.989 0.008
4302.79007 15.774 0.008
4306.54712 15.805 0.009
4307.56874 15.776 0.008
4311.58964 15.997 0.011
4312.65689 15.899 0.008
4317.64398 15.950 0.008
4319.65293 15.853 0.008
4326.66214 16.140 0.009
4327.69730 16.121 0.011
4328.63210 16.027 0.009
4329.62334 15.975 0.009
4330.63675 15.918 0.008
4331.63216 15.843 0.008
4332.68684 15.868 0.008
4333.63595 15.688 0.008
4334.64942 15.617 0.009
4338.66904 16.111 0.011
4339.63902 16.051 0.009
4340.70219 16.062 0.011
4341.67975 16.021 0.011
4342.68006 15.985 0.009
4343.64988 15.911 0.008
4345.64977 15.803 0.009
4346.65493 15.762 0.009
4347.66905 15.754 0.008
4349.64410 15.905 0.008
4350.66865 15.994 0.008
4351.63955 15.999 0.008
4354.64828 15.918 0.008
4357.58636 15.793 0.008
4359.55986 15.881 0.008
4365.60127 15.907 0.009
4368.60432 15.763 0.009
4370.55994 15.806 0.008
4372.59278 16.081 0.009
4377.55349 15.871 0.008
4381.59586 15.647 0.009
4515.89691 16.020 0.009
4520.87591 15.856 0.009
4523.85945 15.735 0.008
4525.85417 15.978 0.009
4532.88233 15.829 0.006
4534.90343 15.797 0.008
4537.79446 16.000 0.009
4538.90786 16.004 0.009
4539.79925 15.924 0.008
4541.83113 15.871 0.008
4543.82084 15.758 0.006
4544.81773 15.693 0.006
4545.83522 15.637 0.006
4547.80908 16.101 0.009
4550.80809 16.039 0.009
4552.79811 15.951 0.008
4556.88987 15.809 0.006
4557.91554 15.777 0.006
4558.88206 15.612 0.006
4559.87998 15.461 0.005
4560.88017 15.647 0.006
4561.86921 16.141 0.008
4564.87334 16.061 0.008
4565.86301 16.008 0.006
4566.86421 15.965 0.006
4567.86979 15.896 0.006
4568.90174 15.890 0.006
4569.88496 15.798 0.006
4570.89350 15.760 0.006
4571.85524 15.582 0.005
4572.89360 15.599 0.006
4573.86884 15.915 0.006
4574.87738 15.988 0.008
4575.88560 16.017 0.008
4583.85207 15.783 0.008
4585.84261 15.897 0.006
4586.86139 15.930 0.008
4587.87329 15.996 0.009
4588.76348 15.882 0.006
4589.73285 15.846 0.008
4590.81249 15.865 0.006
4591.72531 15.799 0.006
4592.79888 15.792 0.008
4593.78431 15.755 0.006
4594.81267 15.757 0.006
4595.80350 15.932 0.006
4596.75916 15.994 0.006
4597.82097 16.001 0.008
4598.79048 16.011 0.006
4599.76971 15.934 0.006
4600.79209 15.931 0.006
4601.78069 15.883 0.006
4602.78434 15.796 0.006
4606.83803 15.583 0.006
4611.76180 15.976 0.009
4616.75394 15.593 0.006
4616.93984 15.965 0.009
4618.65835 16.110 0.008
4622.73708 16.045 0.008
4623.81014 16.060 0.009
4624.74889 15.971 0.008
4625.73186 15.877 0.008
4626.79394 15.904 0.008
4627.71116 15.738 0.006
4628.70002 15.612 0.006
4629.76952 15.697 0.006
4630.70872 15.886 0.008
4631.72398 16.001 0.006
4632.75844 15.959 0.008
4633.89389 15.664 0.008
4639.84655 15.904 0.009
4640.85099 15.905 0.009
4641.88858 15.891 0.009
4642.53441 15.912 0.009
4643.69084 15.930 0.008
4644.78095 15.834 0.008
4645.69330 15.942 0.008
4646.66051 15.897 0.006
4647.68190 15.883 0.008
4649.66701 15.811 0.006
4650.70505 15.797 0.006
4651.70570 15.765 0.006
4652.63826 15.928 0.008
4653.63322 16.004 0.008
4654.67025 16.014 0.009
4655.64148 16.008 0.008
4656.63760 15.981 0.008
4658.79484 16.027 0.011
4661.62725 15.672 0.006
4666.49847 15.961 0.011
4670.72996 16.056 0.009
4671.68356 15.951 0.008
4672.64334 15.789 0.008
4674.67125 15.691 0.006
4675.79614 15.851 0.008
4677.71546 15.455 0.006
4679.68836 16.104 0.009
4681.69936 16.031 0.008
4682.69700 16.037 0.008
4683.65302 15.928 0.008
4684.67178 15.908 0.008
4684.76497 16.014 0.009
4685.69761 15.885 0.008
4686.77018 15.932 0.008
4687.68588 15.773 0.008
4688.63175 15.621 0.006
4694.71588 15.969 0.011
4697.64066 15.881 0.008
4698.65874 15.854 0.008
4700.65398 15.838 0.006
4701.63729 15.829 0.006
4702.65173 15.871 0.008
4708.67338 15.854 0.008
4715.63444 16.018 0.009
4720.64013 15.809 0.011
4721.64758 15.780 0.009
4722.63814 15.661 0.008
4725.61102 16.164 0.011
4726.63929 16.189 0.012
4733.60033 15.718 0.008
4739.49311 15.995 0.009
4750.54244 15.996 0.011
4757.54931 15.831 0.008
4763.52559 15.948 0.009
4876.89322 15.856 0.009
4883.87946 15.837 0.009
4886.84618 15.646 0.006
4890.81867 16.055 0.009
4894.86965 15.944 0.008
4898.86295 15.573 0.006
4900.84843 15.998 0.008
4901.90003 15.852 0.006
4902.82566 16.100 0.008
4903.88831 16.089 0.008
4904.85382 16.046 0.008
4906.90686 16.016 0.009
4911.88902 15.700 0.006
4913.90242 15.630 0.006
4924.89748 15.845 0.006
4926.74825 15.934 0.008
4928.80420 15.906 0.008
4930.73965 15.866 0.008
4931.88181 15.873 0.008
4932.78967 15.819 0.006
4933.73390 15.887 0.008
4934.83549 15.820 0.008
4938.84399 15.975 0.008
4940.78873 15.927 0.008
4941.84056 15.927 0.008
4942.86599 15.904 0.006
4943.72317 15.683 0.006
4944.78805 15.709 0.006
4949.80252 16.125 0.008
4951.82746 16.079 0.009
4953.73207 15.835 0.006
4954.84958 15.958 0.008
