 551.86721 15.825 0.006
 552.90294 15.582 0.006
 553.85121 15.704 0.006
 554.84394 15.810 0.006
 558.72858 15.667 0.007
 559.80443 15.788 0.007
 561.74332 15.583 0.006
 562.69720 15.632 0.007
 567.87452 15.800 0.007
 568.89227 15.591 0.006
 569.88734 15.813 0.007
 571.86992 15.640 0.006
 572.89145 15.840 0.007
 573.92385 15.601 0.006
 574.90663 15.812 0.007
 576.65739 15.753 0.007
 578.82538 15.806 0.006
 581.80723 15.712 0.007
 582.84001 15.683 0.007
 583.86173 15.784 0.007
 587.93893 15.809 0.009
 588.89428 15.794 0.007
 590.87589 15.784 0.008
 599.91942 15.576 0.007
 601.70438 15.571 0.006
 605.89430 15.617 0.008
 606.80054 15.653 0.006
 607.79719 15.847 0.006
 608.78901 15.587 0.006
 614.86023 15.810 0.007
 615.81857 15.801 0.007
 616.82090 15.593 0.006
 623.73909 15.806 0.007
 624.70568 15.765 0.006
 625.61872 15.648 0.006
 626.83773 15.594 0.006
 628.75387 15.783 0.007
 629.76636 15.631 0.006
 630.59306 15.843 0.008
 631.77706 15.840 0.007
 632.70257 15.732 0.007
 633.73064 15.660 0.006
 635.80170 15.673 0.008
 643.70121 15.612 0.006
 645.77241 15.607 0.006
 652.70121 15.754 0.006
 655.52646 15.636 0.007
 656.67006 15.751 0.007
 664.62604 15.831 0.007
 665.74360 15.776 0.007
 666.61856 15.755 0.006
 667.73670 15.606 0.006
 671.55449 15.583 0.007
 684.59461 15.598 0.006
 687.58762 15.662 0.006
 689.65267 15.645 0.007
 698.59056 15.784 0.007
 699.58890 15.695 0.006
 706.61540 15.822 0.010
 712.57396 15.827 0.007
 716.62620 15.747 0.007
 727.58192 15.762 0.007
 733.53440 15.821 0.007
 751.52444 15.692 0.009
 875.86851 15.810 0.007
 887.83990 15.607 0.006
 895.87151 15.570 0.006
 898.80490 15.573 0.006
 918.87098 15.702 0.006
 925.83819 15.733 0.006
 928.87017 15.843 0.007
 931.87334 15.779 0.008
 933.83371 15.740 0.006
 936.92246 15.684 0.006
 937.86598 15.584 0.006
 939.82573 15.816 0.006
 941.79977 15.685 0.006
 950.77974 15.852 0.007
 952.71186 15.605 0.006
 962.75089 15.569 0.006
 963.87376 15.616 0.007
 965.72751 15.594 0.006
 966.76598 15.834 0.006
 970.87283 15.819 0.008
 971.94453 15.615 0.007
 985.69418 15.851 0.006
 990.75046 15.821 0.007
 991.71874 15.600 0.006
 995.78802 15.790 0.008
 997.76190 15.784 0.007
1006.70325 15.843 0.007
1021.57365 15.638 0.006
1035.70740 15.838 0.007
1036.68116 15.625 0.006
1036.75989 15.624 0.007
1040.67860 15.796 0.007
1043.55104 15.581 0.006
1048.64658 15.731 0.006
1054.71254 15.640 0.007
1061.64530 15.685 0.007
1068.57618 15.818 0.008
1074.58340 15.580 0.008
1077.63658 15.694 0.007
1087.59859 15.577 0.007
1090.61771 15.620 0.007
1092.57983 15.676 0.007
1105.55195 15.844 0.007
1113.54712 15.847 0.011
1229.84061 15.831 0.008
1239.87976 15.844 0.008
1242.85119 15.836 0.008
1245.85228 15.745 0.009
1253.84096 15.744 0.007
1256.87100 15.565 0.007
1259.86497 15.578 0.006
1262.82531 15.572 0.007
1267.85758 15.580 0.008
1280.87904 15.577 0.006
1288.85185 15.558 0.006
1291.85324 15.624 0.005
1295.74266 15.731 0.007
1297.87932 15.839 0.007
1298.88268 15.569 0.007
1299.79144 15.565 0.006
1305.89963 15.810 0.007
1306.85364 15.618 0.006
1308.67868 15.560 0.006
1312.89837 15.719 0.007
1313.70819 15.568 0.006
1315.75861 15.574 0.007
1316.85827 15.788 0.007
1318.74054 15.578 0.007
1319.92683 15.572 0.007
1320.85155 15.628 0.007
1321.81596 15.813 0.008
1331.76987 15.585 0.011
1331.78294 15.592 0.011
1331.81074 15.654 0.013
1331.81710 15.669 0.012
1331.83693 15.709 0.013
1331.85728 15.794 0.016
1331.87092 15.804 0.014
1331.88576 15.829 0.016
1331.89952 15.855 0.016
1331.90649 15.861 0.015
1331.91277 15.839 0.015
1331.91923 15.851 0.015
1331.92558 15.839 0.014
1331.93187 15.853 0.016
1331.93808 15.849 0.017
1331.94477 15.795 0.019
1332.55966 15.722 0.010
1332.57190 15.654 0.009
1332.61550 15.569 0.008
1332.62184 15.568 0.007
1332.64607 15.570 0.008
1332.65970 15.584 0.008
1332.68537 15.636 0.008
1332.85313 15.734 0.007
1332.88617 15.625 0.008
1333.76005 15.639 0.008
1333.78608 15.611 0.007
1335.67600 15.682 0.006
1336.78833 15.568 0.007
1339.78521 15.612 0.007
1341.78478 15.591 0.006
1345.85142 15.814 0.006
1347.79446 15.657 0.007
1348.79333 15.846 0.007
1349.67856 15.834 0.007
1354.76848 15.646 0.007
1355.72654 15.571 0.007
1365.72117 15.634 0.007
1366.66785 15.570 0.007
1367.76875 15.748 0.007
1368.76359 15.579 0.006
1369.78465 15.828 0.007
1374.81514 15.843 0.008
1375.63224 15.703 0.007
1394.64129 15.831 0.007
1395.61639 15.625 0.006
1398.62061 15.563 0.006
1399.66898 15.840 0.007
1400.71370 15.583 0.006
1401.66611 15.693 0.007
1402.64672 15.838 0.007
1403.69212 15.599 0.007
1407.66339 15.847 0.008
1408.53626 15.815 0.007
1409.49819 15.723 0.008
1410.49450 15.592 0.007
1415.49390 15.561 0.008
1416.50001 15.779 0.007
1417.53032 15.622 0.007
1418.50207 15.623 0.007
1419.49261 15.846 0.006
1431.65414 15.834 0.008
1435.53037 15.767 0.008
1437.56746 15.840 0.008
1442.55045 15.798 0.008
1447.50304 15.622 0.007
1450.52501 15.783 0.007
1460.53494 15.647 0.007
1478.53153 15.577 0.008
1602.87784 15.674 0.007
1606.88689 15.670 0.007
1610.87574 15.698 0.007
1616.86452 15.829 0.007
1618.89885 15.774 0.007
1625.82869 15.652 0.007
1628.84185 15.577 0.007
1633.88668 15.569 0.006
1643.91972 15.589 0.006
1645.81262 15.744 0.007
1647.79898 15.574 0.006
1652.86755 15.623 0.007
1654.80499 15.763 0.007
1661.79712 15.752 0.007
1662.86467 15.577 0.006
1663.86964 15.764 0.006
1665.84183 15.576 0.006
1666.81185 15.710 0.006
1668.82576 15.584 0.006
1669.85457 15.828 0.008
1670.86976 15.575 0.006
1671.81667 15.646 0.006
1675.80481 15.786 0.007
1676.76787 15.572 0.006
1681.87715 15.645 0.007
1683.78174 15.816 0.008
1687.79300 15.651 0.007
1693.72734 15.666 0.006
1695.83675 15.775 0.007
1698.82929 15.815 0.008
1700.61248 15.831 0.008
1703.62731 15.776 0.007
1705.74303 15.617 0.007
1709.71195 15.684 0.007
1717.75519 15.797 0.006
1726.82269 15.580 0.007
1728.82066 15.622 0.007
1729.77117 15.565 0.006
1730.75455 15.779 0.007
1731.84773 15.593 0.006
1732.80386 15.732 0.007
1742.83503 15.654 0.008
1743.79231 15.803 0.008
1745.78722 15.629 0.006
1748.65465 15.615 0.007
1749.59637 15.578 0.006
1750.60067 15.798 0.007
1751.54170 15.839 0.007
1752.71374 15.841 0.007
1754.69681 15.708 0.006
1755.71022 15.765 0.007
1756.61127 15.698 0.006
1757.68607 15.769 0.007
1758.65574 15.818 0.007
1759.58410 15.634 0.006
1761.63771 15.727 0.006
1762.59823 15.558 0.006
1763.55438 15.654 0.006
1764.54171 15.834 0.007
1765.64502 15.705 0.006
1769.61639 15.760 0.007
1772.62778 15.614 0.006
1775.64321 15.576 0.006
1776.64226 15.807 0.006
1777.65303 15.619 0.006
1783.65329 15.604 0.006
1784.64314 15.835 0.007
1785.63684 15.626 0.006
1787.63761 15.846 0.008
1789.59749 15.672 0.006
1802.57717 15.585 0.007
1804.55614 15.670 0.007
1810.54800 15.580 0.006
1812.57144 15.629 0.007
1814.60892 15.720 0.006
1816.62143 15.855 0.008
1819.54735 15.804 0.007
1826.55372 15.609 0.007
1833.54447 15.733 0.007
2130.49587 15.678 0.007
2133.51285 15.804 0.008
2136.63407 15.566 0.008
2141.62477 15.607 0.007
2144.70549 15.697 0.008
2170.60642 15.644 0.008
2179.50468 15.626 0.009
2189.49977 15.824 0.009
2212.52624 15.813 0.008
2333.90537 15.810 0.010
2337.81206 15.604 0.008
2349.83045 15.810 0.008
2357.82358 15.817 0.008
2365.89816 15.692 0.008
2373.77858 15.773 0.009
2405.85844 15.643 0.008
2464.77300 15.603 0.007
2708.90446 15.602 0.007
2850.63683 15.616 0.007
2858.76417 15.751 0.009
3059.85012 15.606 0.007
3064.86529 15.612 0.008
3068.81863 15.646 0.008
3070.90389 15.676 0.008
3073.85633 15.676 0.007
3075.89240 15.586 0.007
3080.80560 15.756 0.008
3083.75774 15.799 0.008
3085.88005 15.603 0.007
3087.78199 15.716 0.008
3089.83138 15.641 0.007
3091.88321 15.605 0.007
3097.80815 15.622 0.007
3099.89470 15.673 0.009
3101.79982 15.822 0.009
3102.89456 15.757 0.008
3104.75024 15.847 0.014
3106.89188 15.615 0.008
3107.88240 15.658 0.008
3109.82057 15.695 0.007
3110.88600 15.750 0.007
3112.88557 15.597 0.007
3113.89657 15.842 0.008
3114.82693 15.795 0.007
3115.88736 15.696 0.007
3116.86775 15.848 0.009
3124.76153 15.692 0.008
3126.69905 15.647 0.007
3127.86542 15.741 0.008
3128.86521 15.612 0.008
3130.74420 15.832 0.008
3131.71062 15.729 0.009
3134.87964 15.806 0.013
3137.76478 15.651 0.007
3138.64696 15.637 0.008
3139.93426 15.836 0.008
3142.81499 15.691 0.007
3144.83203 15.577 0.007
3146.88098 15.558 0.007
3151.80270 15.832 0.008
3152.80426 15.574 0.007
3153.80286 15.802 0.009
3154.89052 15.590 0.009
3156.85920 15.764 0.008
3157.91583 15.701 0.008
3158.88198 15.846 0.009
3162.84066 15.581 0.007
3163.81427 15.667 0.007
3164.78842 15.832 0.007
3165.70551 15.837 0.007
3167.65086 15.633 0.008
3168.85293 15.686 0.007
3169.81965 15.839 0.008
3170.63722 15.704 0.007
3171.77527 15.613 0.006
3171.90084 15.848 0.008
3172.79964 15.832 0.007
3173.83707 15.601 0.007
3174.75609 15.641 0.006
3175.80788 15.718 0.007
3177.81317 15.843 0.009
3179.54727 15.783 0.008
3180.77125 15.841 0.007
3182.83136 15.844 0.008
3183.79032 15.750 0.008
3183.83186 15.637 0.008
3184.55123 15.719 0.007
3184.74491 15.574 0.007
3185.49235 15.809 0.009
3185.67603 15.582 0.007
3185.86720 15.724 0.008
3190.64318 15.609 0.007
3191.78143 15.751 0.008
3193.59518 15.612 0.006
3194.54562 15.580 0.007
3194.78812 15.612 0.007
3195.54531 15.821 0.008
3196.73877 15.823 0.008
3197.56943 15.708 0.007
3199.67737 15.790 0.007
3201.53979 15.773 0.007
3202.66852 15.828 0.008
3203.58256 15.835 0.007
3204.61633 15.581 0.006
3205.70752 15.646 0.006
3206.76900 15.773 0.009
3210.49952 15.566 0.007
3211.65476 15.606 0.007
3217.69558 15.722 0.008
3218.69463 15.816 0.009
3223.69859 15.852 0.009
3224.74314 15.604 0.008
3226.67403 15.842 0.010
3228.64446 15.722 0.008
3230.71437 15.723 0.007
3231.61770 15.762 0.008
3232.65123 15.633 0.008
3238.66604 15.628 0.007
3240.51511 15.795 0.008
3241.69873 15.802 0.010
3245.60202 15.839 0.009
3247.48905 15.572 0.007
3249.59542 15.601 0.008
3251.50640 15.879 0.009
3254.56812 15.617 0.008
3255.62002 15.839 0.010
3255.63507 15.837 0.010
3256.54029 15.873 0.010
3256.67611 15.576 0.008
3257.50057 15.618 0.007
3258.57332 15.807 0.008
3260.53684 15.594 0.008
3261.52471 15.807 0.008
3265.52231 15.599 0.008
3267.57299 15.628 0.007
3274.52355 15.758 0.008
3277.54495 15.831 0.008
3279.60780 15.840 0.008
3282.52271 15.777 0.008
3289.50469 15.565 0.007
3294.49573 15.626 0.007
3301.50487 15.851 0.011
3305.56866 15.695 0.009
3418.88682 15.664 0.006
3423.86043 15.561 0.006
3427.86499 15.844 0.007
3429.89314 15.796 0.008
3436.85026 15.610 0.008
3443.80548 15.782 0.007
3445.84850 15.725 0.006
3447.89698 15.685 0.007
3449.91414 15.569 0.007
3453.81632 15.666 0.007
3455.87622 15.642 0.007
3456.88472 15.836 0.007
3457.87920 15.578 0.006
3459.87016 15.788 0.007
3468.92060 15.706 0.007
3470.91163 15.578 0.006
3472.84101 15.829 0.007
3473.90308 15.609 0.007
3474.90947 15.839 0.007
3475.90061 15.613 0.006
3477.91635 15.804 0.007
3479.78695 15.565 0.006
3480.91589 15.644 0.006
3482.91990 15.836 0.007
3496.77468 15.809 0.008
3497.87593 15.614 0.006
3499.76913 15.820 0.006
3500.85608 15.648 0.006
3502.67188 15.748 0.007
3503.82460 15.682 0.007
3506.78071 15.667 0.007
3508.88820 15.773 0.009
3509.61051 15.685 0.009
3509.63855 15.627 0.007
3509.68633 15.568 0.007
3509.74284 15.672 0.006
3509.76988 15.735 0.007
3509.85474 15.842 0.007
3509.85861 15.834 0.007
3509.91403 15.634 0.006
3510.76459 15.803 0.007
3510.78582 15.720 0.007
3510.81138 15.604 0.006
3510.82615 15.616 0.006
3510.84680 15.572 0.006
3510.87457 15.583 0.006
3510.88661 15.594 0.006
3510.89961 15.633 0.006
3510.90167 15.672 0.006
3510.91509 15.659 0.006
3510.92624 15.678 0.007
3510.93158 15.683 0.007
3510.93682 15.720 0.007
3511.60073 15.833 0.010
3511.65335 15.783 0.008
3511.71115 15.640 0.007
3511.76072 15.587 0.006
3511.83103 15.707 0.007
3511.86068 15.780 0.007
3511.89222 15.819 0.007
3511.93625 15.844 0.008
3512.60224 15.622 0.008
3512.69240 15.643 0.007
3512.81047 15.853 0.009
3512.87083 15.647 0.007
3512.93505 15.554 0.006
3517.76283 15.740 0.009
3520.87443 15.632 0.008
3521.69026 15.817 0.007
3522.79581 15.761 0.007
3523.82997 15.609 0.006
3524.83034 15.659 0.006
3525.90544 15.623 0.007
3526.93625 15.749 0.008
3528.60872 15.567 0.006
3530.82841 15.816 0.006
3537.79616 15.564 0.006
3538.72203 15.600 0.006
3540.77835 15.591 0.006
3544.78843 15.821 0.008
3547.78834 15.648 0.007
3550.80172 15.572 0.006
3551.79643 15.747 0.007
3552.81554 15.670 0.007
3553.79854 15.619 0.009
3554.81743 15.854 0.009
3555.80699 15.623 0.008
3556.71925 15.568 0.007
3558.60332 15.748 0.007
3559.61171 15.706 0.007
3560.65304 15.693 0.006
3561.58949 15.812 0.007
3562.64218 15.587 0.006
3563.69420 15.850 0.007
3569.63279 15.838 0.009
3573.74115 15.833 0.008
3574.73822 15.621 0.007
3575.68002 15.577 0.006
3576.74651 15.824 0.008
3577.78442 15.617 0.007
3578.72113 15.751 0.007
3579.66649 15.831 0.007
3580.70607 15.579 0.007
3581.71926 15.799 0.007
3582.66825 15.806 0.007
3583.68641 15.579 0.006
3584.69036 15.825 0.006
3585.68855 15.617 0.006
3586.74303 15.799 0.007
3588.76970 15.712 0.008
3589.73231 15.851 0.008
3590.72856 15.606 0.007
3591.70359 15.650 0.006
3592.73691 15.790 0.008
3601.70478 15.575 0.007
3602.70510 15.785 0.008
3603.68630 15.784 0.008
3607.68400 15.651 0.007
3609.51185 15.793 0.008
3615.63050 15.592 0.006
3617.65976 15.615 0.007
3619.59269 15.809 0.007
3621.59509 15.686 0.007
3628.65965 15.596 0.008
3629.51778 15.554 0.006
3631.61857 15.580 0.007
3633.54517 15.838 0.009
3634.62424 15.675 0.008
3639.49482 15.777 0.006
3644.58160 15.617 0.007
3649.55499 15.775 0.006
3651.59924 15.850 0.009
3655.56792 15.567 0.007
3659.56576 15.863 0.010
3664.54538 15.763 0.008
3668.53058 15.627 0.008
3676.50956 15.676 0.008
3777.86981 15.735 0.007
3783.85615 15.841 0.007
3785.87166 15.748 0.007
3787.88131 15.600 0.007
3791.85569 15.848 0.008
3793.89992 15.834 0.008
3795.88858 15.641 0.007
3797.80128 15.822 0.008
3798.84747 15.641 0.007
3799.90184 15.696 0.008
3801.85660 15.759 0.007
3802.89106 15.620 0.007
3804.80429 15.738 0.008
3805.84283 15.596 0.007
3806.83956 15.643 0.007
3807.86365 15.805 0.008
3808.86732 15.561 0.006
3810.78234 15.844 0.008
3811.81087 15.567 0.007
3812.89181 15.819 0.008
3813.87432 15.557 0.006
3814.86698 15.735 0.007
3818.78462 15.829 0.008
3819.84820 15.620 0.006
3820.81222 15.809 0.007
3821.81546 15.635 0.007
3822.85919 15.751 0.007
3823.82012 15.834 0.007
3824.81406 15.577 0.007
3825.84612 15.792 0.007
3826.81531 15.758 0.007
3827.84624 15.632 0.006
3828.82642 15.831 0.008
3829.75416 15.836 0.008
3830.78551 15.596 0.006
3832.78843 15.612 0.006
3833.81329 15.763 0.007
3834.78627 15.826 0.007
3835.77398 15.565 0.006
3836.73545 15.659 0.008
3837.77603 15.723 0.007
3838.78401 15.614 0.008
3838.90209 15.840 0.008
3839.77993 15.828 0.008
3840.78309 15.603 0.007
3841.73829 15.610 0.007
3841.88822 15.826 0.007
3842.73664 15.834 0.008
3845.76251 15.755 0.008
3846.77061 15.613 0.007
3846.90695 15.851 0.007
3847.84377 15.686 0.007
3848.79376 15.581 0.007
3848.92505 15.797 0.008
3849.79132 15.757 0.007
3850.74008 15.843 0.007
3850.90937 15.608 0.007
3851.75013 15.587 0.007
3851.91498 15.829 0.007
3852.73863 15.736 0.008
3852.86274 15.754 0.007
3853.73132 15.812 0.006
3853.89702 15.655 0.006
3856.72016 15.697 0.007
3856.90770 15.767 0.006
3858.75647 15.821 0.007
3860.77594 15.810 0.008
3861.70936 15.846 0.008
3861.81345 15.572 0.006
3861.91238 15.725 0.007
3862.69118 15.576 0.007
3862.90590 15.806 0.007
3863.70404 15.768 0.007
3863.84795 15.616 0.006
3863.92394 15.587 0.006
3864.72237 15.644 0.007
3864.90697 15.804 0.007
3865.68152 15.566 0.007
3865.81641 15.846 0.008
3865.89501 15.693 0.007
3866.72629 15.841 0.007
3866.86574 15.565 0.006
3867.67219 15.677 0.007
3867.85762 15.791 0.008
3867.92789 15.828 0.008
3868.68002 15.636 0.008
3868.82382 15.811 0.008
3868.90379 15.598 0.007
3869.64970 15.811 0.008
3869.83886 15.580 0.007
3869.91430 15.766 0.008
3873.71360 15.624 0.006
3873.85264 15.818 0.007
3873.92320 15.619 0.007
3874.71487 15.852 0.009
3874.88723 15.608 0.007
3875.65160 15.733 0.006
3875.79907 15.669 0.006
3875.89807 15.831 0.008
3876.69466 15.691 0.006
3877.67944 15.830 0.007
3877.82827 15.588 0.006
3877.90149 15.744 0.007
3880.88296 15.782 0.007
3881.63029 15.570 0.007
3881.70323 15.620 0.006
3881.84599 15.801 0.007
3882.61531 15.702 0.007
3882.81832 15.575 0.006
3882.88843 15.640 0.007
3883.68069 15.619 0.006
3883.92781 15.767 0.007
3886.64885 15.597 0.006
3886.83557 15.824 0.007
3886.90754 15.659 0.006
3886.93356 15.626 0.007
3887.61603 15.611 0.006
3887.81868 15.624 0.006
3887.84653 15.576 0.006
3887.91859 15.648 0.007
3888.64685 15.817 0.007
3889.79175 15.831 0.007
3890.58685 15.639 0.007
3891.72310 15.566 0.006
3891.84009 15.809 0.007
3891.92181 15.769 0.008
3892.63348 15.607 0.006
3893.67336 15.821 0.007
3893.92476 15.835 0.009
3894.71559 15.622 0.007
3896.65933 15.761 0.009
3900.57461 15.576 0.008
3900.76105 15.837 0.008
3900.83637 15.603 0.007
3901.59479 15.789 0.008
3901.76328 15.569 0.006
3901.84005 15.663 0.007
3901.91256 15.836 0.009
3902.60942 15.619 0.006
3903.70181 15.849 0.008
3904.59245 15.837 0.007
3904.75575 15.576 0.006
3904.82471 15.742 0.007
3904.87753 15.828 0.007
3905.58933 15.607 0.006
3905.76338 15.828 0.007
3905.83599 15.730 0.006
3905.90461 15.563 0.007
3906.52797 15.568 0.007
3906.54605 15.606 0.007
3906.69788 15.839 0.007
3906.77089 15.617 0.006
3906.84347 15.607 0.007
3907.63453 15.638 0.007
3907.82942 15.825 0.008
3908.57072 15.569 0.006
3908.76114 15.839 0.007
3908.83642 15.623 0.006
3909.57583 15.774 0.007
3909.77374 15.575 0.006
3909.85216 15.731 0.007
3910.63204 15.586 0.006
3912.57497 15.826 0.007
3912.77179 15.630 0.006
3912.85964 15.807 0.007
3913.57274 15.621 0.006
3913.77494 15.839 0.007
3913.86477 15.633 0.007
3914.59021 15.722 0.007
3915.57073 15.823 0.007
3915.77408 15.733 0.006
3915.87109 15.820 0.007
3916.61858 15.618 0.007
3916.79126 15.699 0.008
3917.65865 15.793 0.008
3917.86485 15.784 0.008
3918.65733 15.571 0.006
3918.86175 15.711 0.008
3919.60488 15.712 0.007
3919.84195 15.592 0.007
3920.55655 15.822 0.007
3920.75284 15.621 0.006
3920.83161 15.783 0.007
3921.56362 15.614 0.007
3921.76000 15.856 0.009
3922.75649 15.600 0.007
3930.60404 15.799 0.007
3931.55516 15.835 0.008
3931.68184 15.579 0.006
3932.56697 15.575 0.007
3933.55594 15.786 0.007
3933.73730 15.572 0.006
3933.81296 15.717 0.008
3934.52676 15.799 0.008
3934.65083 15.588 0.006
3934.72059 15.757 0.006
3934.78962 15.837 0.007
3935.57665 15.683 0.007
3935.74797 15.625 0.007
3935.79968 15.582 0.007
3936.53023 15.834 0.008
3936.69555 15.570 0.006
3936.77315 15.714 0.008
3937.60543 15.581 0.006
3938.53777 15.697 0.008
3938.73938 15.579 0.007
3938.79199 15.609 0.007
3940.64077 15.752 0.006
3941.68989 15.630 0.007
3944.59427 15.774 0.006
3945.54315 15.598 0.006
3945.73118 15.862 0.009
3946.55781 15.740 0.007
3946.74284 15.579 0.006
3950.56125 15.614 0.006
3950.78804 15.839 0.008
3951.55740 15.678 0.007
3956.60379 15.721 0.008
3957.54467 15.819 0.008
3958.61744 15.596 0.007
3959.55736 15.689 0.007
3959.72176 15.620 0.007
3960.53540 15.832 0.007
3960.71531 15.638 0.006
3961.61048 15.674 0.008
3963.49703 15.844 0.008
3963.67160 15.628 0.006
3963.74489 15.800 0.009
3964.57022 15.654 0.006
3965.55709 15.850 0.007
3966.54826 15.610 0.007
3966.73282 15.833 0.008
3967.57207 15.771 0.008
3968.53482 15.850 0.008
3968.70634 15.646 0.007
3969.54257 15.564 0.007
3969.71734 15.846 0.008
3970.55055 15.817 0.008
3971.59034 15.594 0.007
3973.61550 15.673 0.007
3974.54529 15.579 0.008
3975.54780 15.728 0.007
3976.54307 15.810 0.008
3979.55619 15.625 0.008
3982.62897 15.677 0.007
3986.61960 15.747 0.008
3987.54196 15.624 0.007
3988.55478 15.685 0.006
3989.61654 15.625 0.008
3990.65879 15.777 0.008
3994.51148 15.814 0.010
3995.60911 15.595 0.006
3999.64661 15.726 0.007
4000.55369 15.656 0.008
4001.54343 15.611 0.006
4002.54009 15.836 0.007
4004.56305 15.766 0.008
4005.56576 15.737 0.009
4006.56400 15.592 0.006
4012.53615 15.726 0.008
4016.58121 15.567 0.007
4019.52088 15.617 0.007
4021.57464 15.626 0.008
4024.52231 15.644 0.007
4026.51782 15.830 0.007
4028.53387 15.769 0.008
4031.53399 15.844 0.008
4039.51841 15.835 0.009
4042.51598 15.846 0.010
4142.88921 15.659 0.011
4150.87502 15.684 0.009
4155.84733 15.861 0.009
4158.80922 15.832 0.009
4160.83721 15.799 0.009
4162.85984 15.704 0.009
4164.89971 15.614 0.008
4167.82729 15.567 0.008
4169.83436 15.610 0.008
4174.84892 15.654 0.008
4176.83062 15.815 0.008
4177.88429 15.562 0.008
4179.78203 15.808 0.008
4180.82877 15.565 0.008
4181.91696 15.812 0.009
4183.79596 15.555 0.008
4184.86401 15.823 0.008
4185.84334 15.573 0.008
4190.86172 15.598 0.007
4192.87406 15.780 0.008
4193.88500 15.583 0.007
4194.90655 15.840 0.008
4196.92693 15.776 0.009
4202.87633 15.812 0.008
4203.86447 15.611 0.007
4204.86363 15.641 0.007
4205.86013 15.831 0.008
4207.86380 15.742 0.007
4208.89346 15.620 0.007
4213.86155 15.834 0.008
4215.89911 15.822 0.009
4216.81994 15.827 0.009
4217.84228 15.572 0.007
4218.88306 15.831 0.008
4219.92401 15.588 0.008
4220.86429 15.701 0.009
4222.83078 15.582 0.007
4228.81880 15.614 0.008
4229.79761 15.801 0.008
4230.78457 15.636 0.007
4231.80667 15.681 0.007
4232.81491 15.814 0.009
4234.75910 15.667 0.008
4235.78398 15.790 0.008
4238.80778 15.577 0.007
4239.90599 15.834 0.009
4243.70154 15.803 0.009
4244.86339 15.759 0.008
4245.85662 15.740 0.008
4246.91132 15.714 0.008
4250.87717 15.785 0.011
4256.72225 15.811 0.010
4258.71930 15.644 0.008
4268.62277 15.813 0.008
4269.66292 15.623 0.007
4272.71382 15.806 0.008
4273.67364 15.737 0.008
4274.65730 15.563 0.007
4275.71417 15.829 0.009
4277.61328 15.578 0.008
4278.68754 15.805 0.009
4283.63294 15.771 0.008
4284.61676 15.777 0.009
4285.62353 15.608 0.008
4286.71739 15.626 0.008
4289.66285 15.700 0.008
4290.72038 15.747 0.010
4291.74105 15.673 0.008
4292.60214 15.793 0.008
4293.62960 15.609 0.007
4294.60138 15.806 0.008
4295.63071 15.589 0.007
4296.61019 15.657 0.007
4297.60398 15.829 0.008
4298.71353 15.745 0.008
4299.68048 15.830 0.008
4300.80532 15.793 0.009
4301.48281 15.779 0.008
4302.76191 15.567 0.007
4307.59699 15.760 0.008
4310.74670 15.564 0.010
4312.64278 15.775 0.008
4315.67661 15.819 0.010
4317.63009 15.681 0.008
4319.63786 15.571 0.008
4320.73927 15.688 0.009
4326.64882 15.731 0.008
4327.67699 15.651 0.009
4328.61802 15.790 0.008
4328.75044 15.628 0.010
4329.60897 15.740 0.009
4330.59157 15.580 0.007
4331.61800 15.838 0.010
4332.62313 15.593 0.007
4333.61849 15.708 0.009
4334.61272 15.822 0.010
4338.65268 15.719 0.009
4339.62167 15.830 0.009
4340.54242 15.801 0.011
4341.62012 15.744 0.009
4342.65632 15.620 0.009
4343.63568 15.603 0.007
4344.68510 15.789 0.009
4345.63550 15.613 0.008
4346.64080 15.713 0.009
4347.65484 15.756 0.008
4349.62660 15.773 0.008
4351.62526 15.606 0.009
4357.63671 15.812 0.010
4359.60782 15.592 0.008
4367.60695 15.616 0.009
4370.60588 15.697 0.008
4372.57794 15.583 0.007
4380.58767 15.565 0.007
4515.88301 15.628 0.008
4519.85452 15.846 0.009
4520.84696 15.570 0.008
4523.84531 15.582 0.008
4524.89637 15.824 0.008
4530.88588 15.617 0.007
4534.83260 15.656 0.008
4536.84173 15.572 0.008
4538.85065 15.653 0.007
4540.88051 15.821 0.008
4542.90688 15.828 0.008
4543.86828 15.706 0.007
4544.86508 15.586 0.007
4545.88264 15.833 0.008
4547.90874 15.789 0.008
4550.85639 15.759 0.008
4551.91418 15.589 0.007
4552.91111 15.725 0.008
4556.87554 15.780 0.007
4557.90154 15.628 0.007
4558.83657 15.748 0.007
4559.86573 15.645 0.007
4560.86619 15.632 0.007
4561.85508 15.835 0.007
4564.85928 15.800 0.007
4565.84818 15.572 0.006
4566.85019 15.781 0.007
4567.85449 15.635 0.007
4568.88453 15.725 0.007
4569.87043 15.839 0.008
4570.87572 15.561 0.007
4571.84123 15.696 0.007
4572.87900 15.681 0.009
4573.85476 15.573 0.006
4574.85692 15.820 0.008
4575.86861 15.605 0.007
4579.92092 15.859 0.009
4583.84072 15.632 0.008
4586.82120 15.616 0.008
4587.85897 15.791 0.008
4588.74731 15.790 0.008
4589.78107 15.620 0.007
4590.79545 15.738 0.008
4591.77271 15.825 0.008
4592.78485 15.575 0.007
4593.77025 15.772 0.008
4594.79857 15.621 0.007
4595.78909 15.637 0.007
4596.80962 15.825 0.008
4597.80687 15.564 0.007
4598.77626 15.710 0.007
4599.75566 15.838 0.007
4600.76123 15.565 0.006
4601.76590 15.791 0.007
4602.76347 15.690 0.007
4606.81329 15.831 0.009
4610.88635 15.649 0.007
4611.74754 15.592 0.007
4611.93406 15.701 0.008
4616.73632 15.555 0.007
4617.90717 15.567 0.009
4622.71611 15.627 0.007
4623.79597 15.609 0.008
4624.73478 15.563 0.007
4625.71609 15.747 0.009
4626.77103 15.609 0.008
4627.69544 15.557 0.007
4628.68562 15.764 0.007
4629.75128 15.572 0.007
4630.69109 15.590 0.007
4631.70943 15.831 0.007
4632.73211 15.563 0.007
4633.87198 15.606 0.008
4639.81254 15.564 0.008
4640.78806 15.685 0.008
4641.87328 15.576 0.008
4642.71097 15.705 0.008
4643.67704 15.549 0.007
4644.76011 15.808 0.008
4645.67883 15.676 0.008
4646.64653 15.563 0.006
4647.66772 15.841 0.008
4648.66162 15.614 0.007
4648.77103 15.675 0.007
4649.65184 15.652 0.007
4650.68329 15.792 0.008
4651.69462 15.593 0.008
4652.62305 15.673 0.007
4653.61690 15.836 0.008
4654.65606 15.598 0.007
4655.62035 15.770 0.008
4656.62356 15.697 0.008
4658.78078 15.577 0.008
4660.73044 15.832 0.010
4661.61293 15.827 0.008
4666.54572 15.715 0.008
4671.66956 15.836 0.008
4672.62906 15.622 0.008
4674.65723 15.773 0.008
4677.68192 15.575 0.008
4681.68526 15.825 0.009
4682.64093 15.803 0.008
4683.63881 15.576 0.008
4684.65732 15.843 0.009
4685.68344 15.572 0.007
4686.75601 15.842 0.008
4687.67150 15.792 0.009
4688.61767 15.606 0.007
4694.70173 15.809 0.010
4697.62302 15.725 0.009
4698.64457 15.695 0.008
4700.63978 15.846 0.009
4701.62268 15.621 0.007
4702.63752 15.678 0.008
4704.69876 15.663 0.008
4708.65912 15.838 0.008
4710.67707 15.795 0.008
4720.59020 15.593 0.008
4721.62576 15.801 0.010
4724.64250 15.837 0.009
4725.65847 15.576 0.009
4726.61868 15.726 0.009
4733.58289 15.630 0.008
4738.54309 15.845 0.009
4741.62508 15.565 0.007
4755.56416 15.598 0.009
4763.50637 15.570 0.008
4876.87925 15.561 0.007
4883.86504 15.817 0.008
4886.82543 15.801 0.008
4886.83200 15.778 0.008
4888.85952 15.843 0.008
4892.85358 15.561 0.007
4898.82385 15.642 0.008
4901.82671 15.759 0.008
4903.87410 15.694 0.007
4905.87049 15.567 0.008
4912.85528 15.834 0.007
4914.90139 15.827 0.008
4924.75090 15.622 0.006
4925.86859 15.831 0.007
4928.75886 15.783 0.008
4930.80291 15.708 0.008
4931.84737 15.650 0.007
4932.85591 15.652 0.007
4933.85080 15.842 0.009
4934.90662 15.626 0.010
4938.83070 15.794 0.009
4940.77223 15.586 0.007
4941.80796 15.821 0.008
4942.75101 15.819 0.007
4944.75335 15.785 0.007
4945.80645 15.564 0.006
4950.86639 15.574 0.007
4953.84583 15.609 0.007
4954.81528 15.812 0.008
4955.80666 15.695 0.008
