 551.85094 16.497 0.008
 552.73302 16.482 0.007
 552.76530 16.506 0.008
 553.83532 16.558 0.007
 554.73584 16.573 0.010
 557.91097 16.585 0.010
 559.73985 16.494 0.012
 559.76610 16.480 0.008
 560.90931 16.535 0.009
 561.70524 16.551 0.009
 562.76589 16.628 0.009
 563.85895 16.504 0.018
 567.76550 16.513 0.009
 568.76404 16.551 0.008
 569.73411 16.594 0.009
 570.73023 16.525 0.009
 572.75417 16.579 0.011
 573.78870 16.613 0.008
 574.72598 16.499 0.008
 575.65960 16.508 0.011
 576.63996 16.532 0.010
 577.78588 16.608 0.009
 578.64037 16.529 0.010
 578.89554 16.511 0.008
 581.63560 16.597 0.010
 582.64949 16.500 0.010
 583.64429 16.523 0.009
 583.93162 16.591 0.012
 587.65924 16.522 0.009
 588.91647 16.524 0.009
 590.92018 16.568 0.018
 596.63377 16.631 0.010
 599.94147 16.536 0.009
 601.66521 16.490 0.008
 601.88903 16.545 0.009
 605.83257 16.536 0.010
 606.84496 16.589 0.008
 607.84159 16.511 0.008
 608.83323 16.478 0.007
 615.87033 16.494 0.009
 616.87156 16.556 0.014
 622.84498 16.500 0.010
 623.78488 16.489 0.009
 624.80065 16.545 0.009
 625.88351 16.616 0.011
 626.74567 16.540 0.009
 627.74477 16.513 0.010
 628.86123 16.563 0.013
 629.81185 16.641 0.012
 632.68505 16.537 0.009
 633.83141 16.579 0.009
 635.66352 16.511 0.009
 643.80118 16.579 0.011
 645.64034 16.614 0.010
 652.74588 16.608 0.009
 653.59923 16.518 0.008
 655.67521 16.557 0.009
 656.78547 16.502 0.009
 657.75488 16.532 0.008
 664.65964 16.520 0.009
 666.54831 16.536 0.008
 669.54980 16.493 0.008
 670.64549 16.580 0.009
 671.76806 16.503 0.009
 685.59619 16.542 0.009
 688.55334 16.496 0.009
 689.51638 16.559 0.008
 694.52057 16.619 0.011
 698.65801 16.465 0.010
 701.60389 16.642 0.018
 704.60332 16.583 0.016
 707.51783 16.527 0.011
 716.57319 16.589 0.010
 728.57246 16.495 0.010
 730.51457 16.567 0.016
 741.56568 16.540 0.011
 748.51448 16.526 0.017
 857.88017 16.658 0.012
 885.80287 16.519 0.013
 891.86238 16.543 0.009
 896.80429 16.499 0.007
 900.80444 16.516 0.008
 909.87800 16.629 0.013
 924.92623 16.639 0.013
 926.85773 16.535 0.013
 931.75395 16.548 0.010
 934.85265 16.547 0.010
 936.75456 16.624 0.008
 937.89984 16.496 0.009
 941.87914 16.524 0.009
 944.80525 16.465 0.010
 949.78176 16.511 0.012
 951.74654 16.626 0.009
 952.83374 16.517 0.009
 953.84134 16.558 0.009
 961.89460 16.579 0.010
 963.77785 16.483 0.008
 965.67084 16.555 0.009
 966.85043 16.526 0.008
 968.73733 16.551 0.010
 968.86411 16.555 0.011
 969.79740 16.573 0.013
 970.71776 16.607 0.010
 970.89220 16.488 0.010
 971.62598 16.477 0.010
 978.64365 16.567 0.009
 982.77568 16.500 0.011
 985.72759 16.587 0.008
 986.80662 16.501 0.009
 987.76147 16.563 0.009
 988.65663 16.577 0.009
 989.65260 16.590 0.011
 990.62121 16.488 0.010
 991.83298 16.583 0.011
 992.60707 16.553 0.011
 992.77739 16.610 0.011
 995.57511 16.575 0.010
 995.72219 16.563 0.011
 997.61540 16.527 0.011
1005.58972 16.480 0.009
1007.59946 16.580 0.010
1011.60276 16.586 0.009
1020.62702 16.487 0.009
1021.55013 16.518 0.009
1025.64272 16.549 0.009
1026.72631 16.615 0.009
1035.53698 16.482 0.010
1036.55516 16.509 0.008
1037.74539 16.601 0.014
1038.57543 16.611 0.011
1039.69030 16.528 0.012
1040.57082 16.532 0.009
1041.59526 16.577 0.008
1042.57998 16.547 0.007
1042.59614 16.529 0.008
1043.49796 16.496 0.010
1043.52493 16.510 0.009
1044.48268 16.524 0.011
1045.48423 16.582 0.009
1045.71936 16.532 0.011
1046.49505 16.571 0.008
1046.72011 16.497 0.012
1047.50848 16.503 0.009
1047.65886 16.534 0.010
1048.49772 16.538 0.009
1049.49785 16.578 0.010
1051.53032 16.513 0.010
1052.69216 16.615 0.011
1053.52180 16.615 0.009
1054.49665 16.475 0.008
1060.51473 16.593 0.011
1061.61642 16.494 0.010
1062.59985 16.545 0.017
1063.57153 16.564 0.012
1064.50233 16.600 0.013
1068.51164 16.648 0.013
1072.65020 16.488 0.010
1077.55247 16.504 0.009
1079.64137 16.567 0.012
1082.59162 16.600 0.013
1088.50177 16.505 0.011
1091.50220 16.526 0.010
1094.54548 16.609 0.010
1103.50143 16.499 0.010
1108.51103 16.557 0.014
1111.51532 16.502 0.018
1117.51369 16.549 0.012
1126.50060 16.543 0.026
1218.87052 16.525 0.011
1228.85418 16.478 0.010
1232.85233 16.481 0.011
1235.84292 16.602 0.013
1241.84729 16.546 0.012
1246.81060 16.636 0.017
1253.80023 16.574 0.010
1256.79419 16.548 0.011
1260.78722 16.560 0.010
1265.84553 16.564 0.010
1267.82881 16.562 0.012
1270.81757 16.514 0.012
1278.78079 16.508 0.009
1280.82729 16.587 0.009
1289.73798 16.502 0.009
1294.74750 16.566 0.012
1296.69864 16.493 0.010
1297.92372 16.562 0.010
1299.85653 16.499 0.011
1305.78624 16.567 0.010
1306.72284 16.588 0.009
1307.83080 16.478 0.011
1310.66970 16.597 0.012
1313.80623 16.593 0.009
1315.68326 16.503 0.010
1316.78119 16.552 0.010
1317.75232 16.581 0.010
1318.66494 16.622 0.011
1319.72534 16.509 0.009
1320.92146 16.601 0.010
1321.92135 16.502 0.011
1327.64867 16.502 0.013
1331.89264 16.598 0.025
1333.77831 16.477 0.010
1336.62541 16.585 0.011
1339.63833 16.539 0.009
1341.73735 16.493 0.009
1345.80122 16.502 0.008
1347.81452 16.617 0.010
1348.87434 16.499 0.010
1349.88415 16.542 0.011
1352.84663 16.459 0.007
1361.62671 16.520 0.011
1363.61466 16.604 0.011
1364.57551 16.497 0.012
1366.60508 16.562 0.009
1367.60463 16.604 0.012
1369.81682 16.591 0.012
1373.55647 16.530 0.013
1373.68047 16.571 0.013
1374.64639 16.615 0.011
1375.79230 16.492 0.010
1376.56741 16.522 0.008
1394.54947 16.466 0.009
1395.52709 16.520 0.009
1397.63576 16.516 0.011
1398.52386 16.473 0.008
1399.54044 16.528 0.010
1400.50967 16.562 0.010
1401.54155 16.597 0.011
1402.53504 16.496 0.010
1403.53728 16.530 0.009
1404.54006 16.584 0.010
1405.52187 16.539 0.009
1407.52817 16.547 0.010
1408.59279 16.627 0.010
1410.54476 16.502 0.013
1415.54161 16.588 0.012
1416.68069 16.456 0.011
1417.54943 16.499 0.010
1419.62286 16.613 0.010
1430.54287 16.579 0.013
1433.49979 16.537 0.010
1437.51713 16.549 0.012
1443.49962 16.476 0.011
1446.57978 16.513 0.014
1448.61777 16.543 0.012
1451.53100 16.513 0.011
1454.52115 16.448 0.011
1459.58494 16.543 0.013
1462.51763 16.495 0.012
1471.51849 16.581 0.014
1480.51657 16.490 0.015
1593.87422 16.596 0.012
1594.86137 16.561 0.011
1595.84663 16.491 0.010
1596.87285 16.554 0.011
1605.85617 16.619 0.010
1610.82560 16.495 0.010
1614.85962 16.515 0.012
1615.84463 16.558 0.011
1617.81552 16.480 0.009
1621.86903 16.495 0.009
1623.78487 16.591 0.013
1625.78011 16.489 0.010
1627.79554 16.562 0.011
1630.87776 16.543 0.013
1631.87032 16.602 0.014
1632.82392 16.476 0.009
1643.75531 16.600 0.012
1644.89050 16.516 0.008
1646.84015 16.597 0.010
1653.79089 16.573 0.010
1655.87880 16.506 0.009
1661.73219 16.550 0.009
1662.80002 16.478 0.008
1663.78907 16.506 0.009
1664.69639 16.539 0.010
1665.70167 16.581 0.009
1666.70020 16.517 0.011
1667.80573 16.520 0.009
1669.82884 16.520 0.011
1670.73797 16.472 0.008
1671.75457 16.509 0.008
1672.73443 16.570 0.008
1675.84261 16.557 0.010
1676.66755 16.563 0.009
1681.64662 16.569 0.013
1682.67998 16.526 0.016
1689.62520 16.485 0.011
1693.62527 16.475 0.009
1695.89888 16.509 0.009
1698.64316 16.545 0.010
1700.91416 16.538 0.011
1702.66228 16.542 0.009
1703.64829 16.606 0.010
1704.63481 16.479 0.010
1705.86969 16.555 0.012
1716.78051 16.549 0.010
1725.75031 16.600 0.014
1726.73448 16.483 0.010
1728.57651 16.527 0.011
1729.61395 16.585 0.009
1730.59467 16.525 0.009
1731.63024 16.497 0.008
1732.55397 16.540 0.011
1733.71287 16.661 0.009
1737.72016 16.500 0.013
1743.63045 16.548 0.009
1744.70249 16.632 0.012
1745.64059 16.496 0.008
1748.56592 16.605 0.011
1749.75587 16.483 0.008
1751.66587 16.579 0.009
1752.60247 16.603 0.010
1754.49609 16.492 0.014
1755.54109 16.533 0.009
1756.67249 16.505 0.010
1758.55567 16.548 0.011
1759.74525 16.603 0.011
1761.72384 16.553 0.011
1762.72471 16.572 0.011
1763.70705 16.593 0.010
1764.70242 16.485 0.009
1770.61999 16.591 0.016
1771.55576 16.645 0.016
1772.56596 16.499 0.008
1773.58043 16.518 0.008
1774.63210 16.592 0.009
1775.58138 16.524 0.009
1776.57641 16.500 0.008
1777.58894 16.540 0.010
1783.59159 16.483 0.009
1784.58132 16.516 0.008
1785.58060 16.569 0.010
1786.56810 16.613 0.008
1787.57560 16.497 0.009
1789.57202 16.601 0.010
1790.55812 16.527 0.009
1803.50519 16.537 0.010
1808.50775 16.588 0.010
1811.50787 16.544 0.009
1814.51207 16.516 0.010
1817.60192 16.531 0.010
1824.53411 16.494 0.011
1828.53096 16.488 0.015
