 455.69324 19.084 0.040
 455.72088 19.204 0.049
 455.76542 18.563 0.033
 456.58854 18.898 0.037
 456.62577 19.051 0.043
 456.70899 19.054 0.050
 456.75645 19.160 0.047
 456.80789 18.457 0.031
 457.55622 18.975 0.051
 457.60015 19.108 0.049
 457.65882 19.066 0.050
 457.71738 19.142 0.044
 457.77606 19.176 0.053
 458.63255 18.892 0.041
 458.69126 18.984 0.062
 458.76046 19.060 0.063
 459.54980 18.779 0.051
 459.59602 18.971 0.051
 459.65456 18.961 0.043
 459.71403 19.069 0.046
 459.75780 19.026 0.050
 459.80164 19.045 0.047
 461.56074 18.734 0.037
 461.60456 18.811 0.038
 461.66316 18.900 0.041
 461.72934 18.971 0.038
 461.79133 19.054 0.053
 462.56124 18.660 0.036
 462.61989 18.741 0.033
 462.66586 18.764 0.033
 465.66471 18.626 0.041
 465.71239 18.750 0.049
 465.79725 19.062 0.050
 466.64847 18.472 0.030
 466.71499 18.713 0.038
 466.79995 18.955 0.053
 467.65212 18.449 0.028
 467.75672 18.766 0.040
 467.82266 18.892 0.047
 468.65881 18.666 0.047
 468.72898 18.657 0.036
 468.78759 18.745 0.034
 469.65967 19.007 0.057
 469.73649 18.489 0.036
 469.79670 18.639 0.044
 470.73447 18.532 0.040
 471.64553 19.030 0.051
 471.78229 18.466 0.037
 472.62009 19.097 0.057
 472.66397 19.041 0.050
 472.70774 19.086 0.059
 472.77370 18.977 0.059
 472.84706 18.537 0.050
 473.68776 19.280 0.104
 474.69967 19.174 0.068
 474.76613 19.167 0.081
 475.53407 18.752 0.046
 475.59284 18.813 0.047
 475.65900 18.984 0.056
 475.71113 19.149 0.081
 475.75821 18.914 0.079
 476.73915 18.944 0.053
 477.53081 18.657 0.044
 477.57637 18.737 0.037
 477.72955 18.988 0.049
 477.81043 19.019 0.054
 477.85467 19.130 0.069
 478.53694 18.596 0.037
 478.75736 19.158 0.047
 478.81629 19.088 0.051
 479.53577 18.400 0.033
 479.57970 18.608 0.031
 479.77173 18.986 0.056
 479.81731 19.066 0.063
 480.57182 18.380 0.033
 480.65299 18.771 0.037
 480.74658 18.938 0.046
 480.79067 18.971 0.053
 481.55701 18.876 0.044
 481.70542 18.798 0.040
 481.74939 18.965 0.050
 481.79335 18.862 0.049
 482.70623 18.600 0.037
 482.78418 18.788 0.043
 483.57253 19.169 0.070
 483.61695 18.890 0.047
 483.66086 18.530 0.034
 483.70484 18.594 0.034
 483.74873 18.730 0.038
 483.79265 18.790 0.043
 484.57120 19.086 0.065
 484.67988 18.380 0.030
 484.72425 18.668 0.038
 484.76827 18.711 0.038
 485.57485 19.049 0.047
 485.72175 18.467 0.031
 485.76591 18.589 0.034
 486.57131 18.948 0.043
 486.61690 19.084 0.051
 486.71344 19.066 0.056
 486.75861 18.496 0.034
 487.59827 19.104 0.049
 487.64651 19.124 0.049
 487.69436 19.239 0.050
 487.73850 18.934 0.043
 487.78267 18.454 0.028
 488.58381 18.946 0.047
 488.62778 18.996 0.044
 488.69663 19.151 0.053
 488.74065 19.326 0.068
 488.78471 18.842 0.053
 489.55957 18.918 0.043
 489.61609 19.099 0.046
 489.64853 19.021 0.041
 489.69245 18.932 0.043
 489.73638 19.110 0.051
 489.78041 19.183 0.059
 490.55281 18.864 0.037
 490.69000 19.028 0.051
 490.73410 19.095 0.049
 490.77806 19.104 0.049
 491.57732 18.908 0.044
 491.62912 18.936 0.043
 491.67325 19.047 0.053
 491.78661 19.017 0.057
 492.56148 18.671 0.044
 492.60538 18.817 0.066
 492.63583 19.084 0.053
 492.68170 18.906 0.054
 493.56451 18.688 0.034
 493.60903 18.858 0.043
 494.55924 18.561 0.038
 494.60317 18.715 0.037
 494.64740 18.874 0.046
 494.69170 18.940 0.046
 494.73671 19.265 0.065
 495.56204 18.535 0.038
 495.63567 18.813 0.050
 495.68916 18.831 0.057
 496.55745 18.476 0.031
 496.60219 18.530 0.040
 496.64627 18.752 0.046
 496.69117 18.846 0.062
 497.58517 18.416 0.033
 498.55650 19.110 0.060
 498.60054 18.621 0.033
 498.71429 18.750 0.044
 498.75823 18.811 0.051
 499.55146 19.038 0.054
 499.59717 19.082 0.062
 499.73745 18.605 0.038
 500.57899 19.056 0.072
 500.59420 19.329 0.094
 500.63906 19.176 0.095
 500.69023 18.542 0.047
 500.73464 18.754 0.056
 501.55833 19.104 0.065
 501.67710 19.073 0.078
 507.54677 18.906 0.044
 507.59198 18.918 0.043
 507.66380 18.996 0.085
 509.54269 18.702 0.050
 509.58974 18.779 0.049
 509.64205 18.829 0.054
 510.58429 18.697 0.046
 510.62985 18.689 0.043
 510.67745 18.952 0.057
 511.66974 18.813 0.054
 512.57636 18.644 0.040
 512.62474 18.686 0.051
 512.69905 18.825 0.050
 512.74456 18.850 0.041
 513.55671 18.626 0.044
 513.60226 18.534 0.034
 513.69395 18.773 0.037
 513.74118 18.831 0.043
 514.56493 19.110 0.054
 514.63401 18.520 0.030
 514.68437 18.544 0.034
 514.73122 18.713 0.041
 515.55907 19.106 0.051
 515.61198 19.021 0.041
 515.66208 18.449 0.031
 516.56537 19.075 0.056
 516.61956 19.115 0.060
 516.66655 18.530 0.036
 516.71308 18.494 0.036
 517.56336 18.880 0.049
 517.61325 19.400 0.085
 517.70938 18.408 0.034
 518.60072 19.066 0.056
 518.64597 19.034 0.070
 518.69505 19.229 0.122
 519.56136 19.099 0.043
 519.60798 19.069 0.046
 519.67553 18.998 0.059
 520.70215 19.009 0.068
 521.55764 18.920 0.054
 521.60275 18.767 0.062
 521.66555 19.026 0.068
 523.56671 18.594 0.046
 523.66886 19.021 0.051
 524.55896 18.800 0.049
 524.60907 18.862 0.056
 526.54631 18.537 0.050
 526.64831 18.598 0.059
 527.67149 18.719 0.047
 530.56162 19.285 0.089
 531.55901 19.054 0.069
 532.54850 19.192 0.076
 533.56575 19.062 0.073
 534.55491 19.017 0.065
 534.59910 19.176 0.078
 534.65085 19.431 0.116
 535.53956 18.961 0.049
 535.59983 19.349 0.089
 535.67356 19.080 0.075
 536.51864 19.135 0.072
 536.56387 19.222 0.069
 536.61437 18.950 0.075
 537.51327 18.952 0.056
 537.61348 19.128 0.066
 537.66030 19.185 0.065
 538.50128 18.827 0.050
 538.55300 18.880 0.051
 539.50988 18.743 0.044
 539.62102 19.062 0.056
 539.66510 19.064 0.053
 540.54010 18.798 0.066
 540.67115 19.213 0.072
 541.52024 18.624 0.037
 541.57732 18.745 0.041
 542.50001 18.432 0.034
 542.50932 18.523 0.036
 542.56126 18.722 0.043
 542.60873 18.779 0.040
 542.65287 18.844 0.050
 543.54758 18.513 0.031
 543.59167 18.568 0.034
 543.62872 18.788 0.044
 543.67275 18.802 0.050
 544.50041 19.225 0.066
 544.54466 18.540 0.040
 544.58891 18.469 0.036
 544.63414 18.655 0.044
 551.49012 19.026 0.050
 552.49842 18.908 0.049
 553.50680 18.934 0.068
 553.61759 19.115 0.084
 554.48361 18.655 0.054
 554.56905 18.938 0.075
 555.48994 18.713 0.063
 557.59048 18.898 0.100
 558.53732 18.777 0.095
 559.52110 18.416 0.046
 560.49917 19.339 0.125
 561.49920 19.041 0.079
 562.50071 19.104 0.106
 564.50190 19.321 0.151
 565.50771 19.056 0.072
 566.50169 19.062 0.072
 567.50279 18.967 0.059
 568.48801 18.880 0.073
 569.49785 18.838 0.065
 571.48366 18.675 0.056
 572.51217 18.651 0.059
 573.51601 18.510 0.056
 574.47443 18.551 0.047
 575.47307 19.095 0.078
 577.48202 19.026 0.091
 578.49503 19.013 0.062
 582.47774 18.870 0.087
 583.48050 18.876 0.059
 665.80580 19.277 0.073
 672.86584 19.097 0.062
 689.89630 19.000 0.056
 699.89968 18.457 0.037
 701.81660 19.213 0.097
 704.85909 19.119 0.073
 706.84058 18.886 0.088
 714.80796 19.058 0.060
 715.88072 18.914 0.065
 716.77254 18.996 0.059
 728.76778 19.151 0.072
 729.76775 19.049 0.076
 730.72335 19.086 0.078
 733.81430 18.998 0.097
 741.81758 18.750 0.057
 745.77238 19.139 0.076
 747.82084 19.162 0.069
 753.76876 18.930 0.065
 759.80924 18.411 0.038
 766.78339 19.142 0.101
 772.80248 18.817 0.051
 775.78419 18.511 0.036
 779.80287 18.894 0.056
 781.81972 19.080 0.072
 787.77929 18.708 0.050
 789.76325 18.607 0.046
 790.77379 18.459 0.043
 795.73140 19.062 0.060
 796.80325 19.102 0.081
 797.73106 19.049 0.057
 798.70304 18.910 0.050
 805.78794 18.669 0.060
 816.75897 18.940 0.060
 817.67819 18.699 0.046
 819.77790 18.726 0.053
 822.79208 18.558 0.034
 824.82136 18.378 0.036
 826.64486 19.137 0.076
 829.71548 19.075 0.072
 832.67164 18.646 0.049
 836.77047 18.697 0.059
 840.64986 19.062 0.076
 843.65037 19.060 0.056
 850.62392 18.537 0.043
 854.65466 18.938 0.092
 855.62868 19.045 0.070
 856.59495 18.981 0.073
 858.56755 18.940 0.068
 860.74802 18.936 0.097
 866.62965 18.221 0.069
 875.54288 18.823 0.054
 879.62938 18.745 0.062
 880.52848 18.916 0.059
 887.54176 18.948 0.075
 892.62530 18.950 0.063
 895.51619 18.499 0.066
 898.52300 19.115 0.060
 922.59038 18.946 0.078
 928.51630 18.802 0.078
 931.53824 19.171 0.101
 933.54804 19.015 0.070
 940.52928 18.762 0.060
 947.48769 18.963 0.103
 951.53762 18.992 0.062
1045.86966 18.736 0.063
1051.85622 18.934 0.082
1052.89145 19.034 0.087
1053.87160 19.155 0.069
1054.88733 19.137 0.072
1055.85983 19.054 0.087
1059.87256 18.940 0.089
1068.86669 19.160 0.089
1069.87737 19.164 0.075
1071.89443 19.201 0.082
1081.85485 18.375 0.034
1087.80191 18.965 0.076
1091.80436 18.771 0.076
1095.78613 18.207 0.043
1102.78683 18.950 0.040
1106.84188 18.862 0.044
1107.76965 18.693 0.044
1112.86960 18.749 0.053
1119.78717 19.084 0.081
1126.80906 18.600 0.046
1131.67667 19.032 0.084
1132.73300 19.066 0.076
1136.76626 18.996 0.065
1138.79039 18.892 0.062
1142.65745 19.086 0.059
1144.72638 19.201 0.068
1151.75223 19.019 0.072
1155.75148 18.617 0.046
1158.74904 18.477 0.040
1161.72699 19.015 0.049
1165.74770 18.979 0.063
1169.74262 18.912 0.059
1174.71641 18.979 0.056
1179.73327 19.151 0.088
1181.80529 18.932 0.065
1186.75974 18.775 0.044
1187.82099 18.908 0.051
1188.74902 18.635 0.036
1196.69973 19.122 0.089
1201.70865 18.835 0.054
1203.72679 18.762 0.049
1207.58543 18.940 0.082
1211.62315 18.965 0.063
1214.62401 18.762 0.062
1217.59887 18.437 0.034
1220.60370 19.162 0.072
1223.62994 19.043 0.070
1225.57087 19.047 0.066
1227.65143 19.084 0.068
1231.54732 18.483 0.046
1234.59553 18.691 0.059
1236.60305 19.199 0.097
1240.55351 19.030 0.075
1242.65527 19.028 0.081
1244.60464 18.784 0.060
1247.53738 18.513 0.050
1252.65328 18.833 0.069
1256.52214 18.831 0.081
1260.54470 18.726 0.054
1265.52257 19.248 0.091
1273.56848 19.099 0.107
1277.50475 18.570 0.053
1288.50301 18.922 0.076
1290.57042 18.924 0.076
1296.50778 19.032 0.078
1298.54571 19.088 0.085
1301.48738 18.973 0.084
1305.53322 18.952 0.073
1308.46273 18.596 0.062
1313.50921 19.185 0.116
1319.47732 18.936 0.070
1329.53218 19.071 0.138
1332.50741 19.054 0.116
1339.47570 18.527 0.075
1412.83562 18.926 0.076
1418.83281 19.117 0.087
1430.88728 18.781 0.049
1432.82113 18.432 0.043
1435.79718 19.102 0.094
1437.78108 19.032 0.081
1440.82875 19.097 0.073
1446.84078 18.617 0.076
1447.86632 18.691 0.078
1451.76143 19.086 0.084
1458.85239 19.058 0.076
1459.76808 18.677 0.065
1462.77233 18.351 0.051
1470.83273 19.160 0.069
1475.74533 18.617 0.050
1478.70073 18.914 0.088
1478.83558 18.788 0.059
1481.67439 19.187 0.095
1487.70377 18.749 0.053
1490.70060 18.660 0.057
1492.69369 18.391 0.049
1495.69222 19.183 0.085
1497.81838 18.644 0.053
1499.65004 19.011 0.098
1502.64524 18.809 0.085
1505.68584 18.783 0.068
1507.81932 18.984 0.079
1510.79533 18.534 0.044
1512.69203 18.992 0.087
1514.80313 19.000 0.075
1517.63861 18.888 0.068
1519.71229 18.870 0.063
1521.64803 18.568 0.044
1523.76875 18.750 0.066
1525.76313 18.565 0.038
1527.69208 19.034 0.063
1528.73841 19.213 0.063
1529.75958 19.275 0.097
1531.75265 19.019 0.068
1538.70925 18.711 0.051
1541.66533 19.066 0.050
1542.69518 19.190 0.085
1544.62120 18.961 0.060
1547.74810 18.979 0.049
1548.72571 19.058 0.059
1549.71999 19.038 0.053
1552.58472 18.561 0.047
1554.71117 18.653 0.041
1555.71795 18.658 0.047
1562.72087 19.169 0.103
1564.59947 18.934 0.079
1567.69208 18.902 0.069
1570.59743 18.619 0.051
1574.78514 18.542 0.036
1577.73684 19.229 0.078
1580.77092 19.117 0.068
1583.65624 18.796 0.056
1585.74286 18.809 0.050
1588.75055 18.553 0.070
1591.72346 19.038 0.123
1593.56953 18.831 0.069
1595.73859 18.994 0.110
1596.71851 18.835 0.073
1599.64040 18.790 0.047
1601.71647 18.658 0.065
1604.59794 19.086 0.081
1606.63290 19.146 0.091
1609.67421 18.967 0.063
1610.65931 19.095 0.094
1613.55038 18.664 0.062
1615.58232 18.589 0.046
1617.65366 18.693 0.050
1619.63732 18.452 0.051
1620.58848 19.084 0.094
1622.53867 19.069 0.088
1624.53523 18.942 0.075
1626.53605 19.047 0.079
1627.65717 19.004 0.078
1629.53617 18.717 0.059
1630.61763 18.815 0.054
1634.53187 19.064 0.075
1643.52387 18.786 0.065
1654.56119 19.126 0.098
1656.54741 18.908 0.108
1659.55485 18.811 0.068
1661.57881 18.653 0.053
1664.54050 18.449 0.044
1667.54570 19.139 0.113
1670.56744 18.835 0.104
1672.55647 18.914 0.084
1769.89927 18.508 0.069
1771.92607 18.491 0.072
1772.90592 18.898 0.070
1775.90702 19.206 0.085
1784.89160 18.657 0.053
1789.88030 19.124 0.057
1804.82989 19.093 0.078
1809.85427 19.021 0.051
1812.82504 18.798 0.049
1816.83634 18.575 0.038
1821.82693 19.190 0.079
1823.86906 19.017 0.054
1826.85214 18.920 0.059
1829.82584 18.621 0.059
1830.83920 18.745 0.059
1834.87813 18.479 0.051
1859.81529 18.825 0.051
1861.83247 18.777 0.060
1864.80991 18.428 0.037
1865.79008 18.988 0.059
1866.85884 18.689 0.049
1868.82951 19.028 0.051
1870.76280 18.981 0.053
1871.84675 19.062 0.059
1873.80632 19.009 0.057
2167.89381 18.708 0.057
2190.85320 19.096 0.063
2193.81645 18.980 0.053
2202.81579 19.157 0.065
2214.86348 18.809 0.073
2215.76899 18.481 0.047
2224.81711 19.002 0.063
2227.72793 18.794 0.059
2229.73370 18.513 0.049
2231.70196 19.235 0.078
2233.67022 19.055 0.062
2237.58963 18.730 0.084
2239.65063 18.794 0.059
2241.74231 18.815 0.053
2243.80731 18.862 0.065
2248.66639 19.147 0.063
2250.75440 19.098 0.088
2252.72763 19.073 0.063
2254.71868 18.904 0.051
2257.72272 18.819 0.047
2265.77702 19.337 0.088
2266.74805 18.977 0.056
2270.79366 19.117 0.062
2272.64320 18.748 0.053
2274.77055 18.888 0.069
2276.82849 18.864 0.062
2278.78534 18.532 0.053
2280.76808 19.129 0.066
2282.76531 19.051 0.054
2284.78667 19.086 0.054
2289.82775 19.056 0.060
2291.81379 18.863 0.060
2293.78268 18.698 0.070
2295.80656 18.557 0.038
2297.79262 19.398 0.092
2300.81764 19.186 0.117
2302.77888 19.246 0.113
2315.70265 19.123 0.070
2324.56429 19.026 0.070
2328.54993 19.043 0.084
2340.53977 19.088 0.076
2347.53707 18.815 0.060
2373.49226 18.918 0.094
2385.55539 18.859 0.089
2534.88796 18.827 0.072
2539.89513 18.618 0.054
2545.86324 19.024 0.078
2553.75513 19.179 0.110
2557.82317 18.967 0.078
2561.82122 18.977 0.070
2565.82358 18.755 0.068
2574.78580 19.144 0.079
2578.84219 18.984 0.065
2584.73799 19.321 0.119
2590.81471 18.951 0.066
2596.82113 18.879 0.076
2606.71766 18.979 0.063
2609.82623 18.938 0.084
2614.79301 18.661 0.060
2619.66906 19.003 0.056
2621.79703 19.076 0.069
2624.69405 18.860 0.056
2629.81236 18.755 0.059
2632.70645 19.144 0.066
2635.80699 19.045 0.087
2638.80015 19.092 0.088
2641.76834 18.871 0.054
2643.77433 18.821 0.050
2645.77028 18.604 0.044
2647.69929 19.160 0.065
2650.78079 19.149 0.078
2653.65314 18.923 0.069
2655.70618 18.904 0.056
2657.64464 18.704 0.054
2659.79844 18.859 0.097
2660.70490 18.451 0.044
2662.71468 18.838 0.059
2664.73011 19.441 0.141
2666.78396 19.154 0.063
2668.77550 19.125 0.075
2675.80256 18.791 0.051
2677.78956 18.741 0.072
2679.80820 18.734 0.075
2682.73022 18.936 0.097
2687.62960 18.806 0.075
2692.57241 19.126 0.073
2697.51878 18.960 0.072
2702.51760 18.544 0.066
2708.54636 19.094 0.082
2724.51619 19.012 0.070
2871.92310 18.905 0.063
2884.86732 18.913 0.073
2890.88933 18.473 0.070
2896.84200 19.068 0.087
2902.77665 18.534 0.040
2911.88518 19.028 0.051
2917.78872 18.669 0.050
2923.78809 19.039 0.076
2926.84399 19.075 0.072
2931.77246 18.810 0.051
2934.81289 18.631 0.046
2940.79327 19.122 0.066
2943.79746 19.039 0.065
2947.80603 18.883 0.051
2950.71998 18.704 0.056
2954.74324 19.110 0.091
2956.78879 19.056 0.060
2958.83338 19.172 0.101
2962.82762 18.977 0.051
2964.84605 18.761 0.046
2967.77657 18.528 0.043
2970.83056 19.008 0.051
2974.76858 19.023 0.053
2976.65806 18.736 0.051
2979.64149 18.435 0.047
2983.76964 18.389 0.038
2985.81736 18.673 0.044
2987.71611 18.992 0.069
2989.65877 18.837 0.046
2991.73102 18.864 0.051
2993.73876 18.820 0.060
2995.81398 18.941 0.053
2997.78287 18.636 0.044
2998.73041 18.542 0.043
3000.73292 19.126 0.075
3002.72028 19.118 0.068
3004.72374 19.033 0.051
3006.71666 18.977 0.050
3008.73111 18.926 0.054
3010.77757 18.810 0.069
3011.79389 18.822 0.069
3016.72753 19.102 0.063
3018.75793 19.073 0.072
3020.82169 19.014 0.065
3021.84662 19.021 0.076
3023.70761 18.932 0.053
3025.67925 18.721 0.034
3027.72469 18.588 0.037
3029.70955 18.428 0.033
3031.77988 18.385 0.043
3034.61124 18.958 0.044
3036.64160 18.916 0.049
3039.58352 18.686 0.049
3042.69103 18.709 0.053
3044.63047 19.187 0.081
3046.61643 19.007 0.065
3047.71878 19.121 0.085
3048.64989 19.161 0.057
3049.67343 19.066 0.044
3051.64276 18.986 0.060
3053.61798 18.817 0.040
3055.63502 18.699 0.047
3057.66015 18.635 0.040
3059.60480 18.913 0.043
3061.59709 19.103 0.072
3066.56666 18.857 0.081
3068.59449 18.851 0.066
3073.68314 18.733 0.062
3076.60687 19.226 0.103
3079.58591 19.036 0.047
3082.67517 19.006 0.051
3085.57569 18.693 0.046
3088.53594 18.658 0.053
3091.51829 19.022 0.076
3096.56735 18.937 0.076
3099.63501 18.871 0.101
3100.49492 18.616 0.060
3103.51656 18.444 0.038
3106.53783 19.043 0.066
3109.52343 19.083 0.062
3112.57526 18.989 0.076
3116.55695 18.876 0.076
3127.55410 18.893 0.057
3133.51457 18.685 0.066
3223.91288 18.828 0.076
3242.86376 18.576 0.044
3248.91771 19.035 0.076
3258.89848 18.632 0.050
3264.86473 18.944 0.046
3271.81252 18.441 0.051
3274.81650 19.234 0.113
3278.88949 19.165 0.085
3282.78169 18.776 0.051
3287.82063 18.630 0.034
3291.75792 18.961 0.057
3295.77841 18.888 0.040
3297.77051 18.778 0.034
3299.83857 18.964 0.038
3301.83194 18.753 0.051
3305.74093 19.171 0.070
3309.80223 18.975 0.046
3311.79584 18.934 0.054
3320.85927 18.535 0.038
3327.81171 19.057 0.051
3330.78777 18.883 0.060
3336.64017 19.179 0.095
3339.81866 19.277 0.088
3353.81239 18.862 0.046
3357.75304 19.011 0.051
3360.72979 18.893 0.041
3365.84920 18.836 0.053
3373.81327 19.053 0.087
3378.74006 18.749 0.044
3394.62320 18.352 0.044
3399.77693 18.442 0.051
3403.76402 19.111 0.068
3408.68719 18.750 0.040
3413.53345 19.178 0.075
3417.62735 19.065 0.068
3427.56333 19.063 0.072
3434.51518 18.810 0.051
3440.53930 18.437 0.036
3447.50851 18.978 0.075
3456.53407 18.517 0.049
3469.48894 18.588 0.046
3478.48143 18.919 0.059
3601.89190 18.996 0.075
3619.89465 19.027 0.059
3636.83348 18.903 0.066
3640.78340 18.779 0.046
3651.81728 18.956 0.062
3654.86348 18.774 0.041
3658.82715 19.349 0.088
3661.87290 19.073 0.079
3665.84610 19.152 0.075
3670.81571 18.746 0.051
3673.82600 18.549 0.033
3676.82616 19.190 0.059
3685.76551 18.549 0.037
3687.85223 18.655 0.038
3690.77418 19.049 0.068
3693.80984 19.067 0.059
3695.84093 19.030 0.053
3698.83056 18.933 0.054
3701.69953 18.567 0.037
3703.78331 18.487 0.034
3705.84751 18.464 0.031
3708.83524 19.211 0.089
3712.79278 18.887 0.047
3715.75846 18.649 0.040
3718.69427 19.035 0.078
3720.84406 18.611 0.057
3724.76166 19.049 0.053
3728.73970 18.985 0.051
3731.80278 18.827 0.043
3733.66553 19.105 0.050
3735.65337 19.056 0.043
3737.81189 18.791 0.034
3740.77524 18.970 0.046
3742.78580 19.159 0.104
3745.81781 18.914 0.062
3749.76785 18.667 0.068
3751.78169 18.522 0.047
3753.73108 19.138 0.063
3755.73117 19.248 0.081
3757.72090 19.049 0.057
3759.81120 19.167 0.069
3763.68320 18.569 0.027
3766.69980 18.922 0.054
3770.72735 19.116 0.069
3773.75860 19.047 0.068
3776.73294 18.941 0.082
3783.60021 19.100 0.056
3788.57439 18.859 0.043
3793.57995 18.505 0.036
3801.51572 18.913 0.056
3810.55057 19.194 0.079
3826.49142 19.051 0.073
3958.88150 18.974 0.100
3965.85132 19.196 0.059
3970.87144 19.026 0.060
3982.82223 18.980 0.068
3993.77491 19.029 0.084
3999.86642 19.075 0.063
4003.74235 18.712 0.038
4006.76350 18.483 0.031
4008.78441 18.649 0.037
4013.79602 19.176 0.084
4019.79718 18.871 0.047
4026.85923 18.666 0.050
4029.80359 19.122 0.063
4032.84018 18.952 0.075
4038.78624 18.595 0.044
4041.74613 19.149 0.069
4043.75117 18.958 0.068
4049.71442 18.749 0.043
4052.77577 18.664 0.038
4054.76191 18.547 0.038
4056.82105 18.496 0.033
4059.71581 19.050 0.062
4064.78346 18.922 0.040
4066.78343 18.864 0.049
4069.73650 18.535 0.037
4071.66445 19.113 0.075
4076.73667 19.011 0.069
4079.77815 18.939 0.065
4082.82607 19.029 0.057
4084.79132 18.720 0.050
4086.81634 18.689 0.050
4103.64098 19.070 0.066
4106.57279 18.831 0.069
4111.79511 19.091 0.057
4117.73573 18.477 0.038
4127.66433 18.793 0.040
4132.75326 18.588 0.050
4143.54049 18.487 0.037
4157.53273 18.667 0.049
4168.57350 18.953 0.050
4198.52607 18.996 0.075
4343.85899 18.640 0.060
4348.82789 19.132 0.069
4353.85926 19.058 0.069
4358.81128 18.704 0.069
4364.89765 19.131 0.085
4367.87148 19.049 0.062
4370.89316 18.996 0.070
4373.84918 18.770 0.051
4378.75260 19.138 0.089
4381.74078 18.967 0.087
4386.85866 19.032 0.070
4390.82065 18.672 0.046
4394.86724 18.422 0.034
4399.79496 19.071 0.076
4412.78237 19.007 0.063
4423.73272 19.111 0.066
4427.73480 19.062 0.060
4430.73810 18.949 0.076
4433.75565 18.818 0.057
4437.75361 18.526 0.053
4440.69785 19.107 0.075
4443.79033 19.115 0.081
4444.83318 18.928 0.085
4448.69883 18.873 0.062
4449.74629 18.842 0.053
4449.76126 18.881 0.062
4450.70919 18.478 0.053
4451.64436 18.466 0.043
4451.79687 18.840 0.062
4452.85714 18.826 0.060
4453.63323 19.206 0.088
4454.65681 19.124 0.084
4455.64357 19.147 0.081
4455.76226 18.569 0.051
4456.72431 19.138 0.076
4457.69906 19.041 0.068
4457.79348 19.192 0.103
4458.62146 18.945 0.063
4459.60572 18.964 0.070
4459.76070 19.097 0.066
4461.61908 18.836 0.047
4461.76401 19.044 0.097
4462.63643 18.872 0.069
4462.78618 19.045 0.057
4463.62998 18.763 0.043
4463.75744 18.996 0.051
4464.63233 18.705 0.044
4464.76176 18.932 0.056
4465.63922 18.601 0.038
4465.77419 18.991 0.053
4466.64882 18.481 0.041
4466.74017 18.725 0.038
4467.60771 18.912 0.075
4467.68454 18.519 0.033
4468.64028 18.941 0.047
4468.73844 18.616 0.037
4469.62461 19.094 0.066
4470.62132 19.129 0.075
4470.69399 19.159 0.066
4471.60692 19.046 0.053
4471.76879 18.445 0.043
4472.60315 19.031 0.051
4472.77579 18.870 0.043
4473.73714 19.138 0.085
4476.75810 19.003 0.051
4482.79898 19.008 0.075
4485.78930 18.639 0.054
4490.63654 18.993 0.062
4494.70260 18.817 0.063
4498.72699 18.683 0.046
4501.72433 18.419 0.046
4506.65834 18.882 0.065
4508.68520 18.952 0.065
4509.74931 19.034 0.066
4512.71884 18.822 0.056
4518.65903 19.236 0.120
4521.69958 19.104 0.075
4523.67859 19.229 0.092
4525.64320 18.759 0.050
4531.62691 18.667 0.041
4534.55580 19.130 0.082
4537.67158 18.969 0.060
4539.59085 18.905 0.060
4542.50823 18.442 0.051
