 457.75799 18.584 0.019
 458.74233 18.848 0.030
 459.69514 18.551 0.019
 461.71007 18.705 0.020
 461.83264 18.761 0.032
 462.54244 18.741 0.028
 465.78602 18.811 0.026
 466.69664 18.597 0.025
 467.80452 18.583 0.022
 468.71091 18.541 0.019
 469.71096 18.785 0.028
 470.77875 18.741 0.038
 471.83077 18.556 0.032
 472.75564 18.791 0.033
 473.66745 18.673 0.037
 474.74787 18.725 0.031
 475.64064 18.625 0.028
 476.79288 18.658 0.043
 477.77754 18.681 0.027
 478.58482 18.745 0.025
 479.78325 18.782 0.033
 480.61990 18.846 0.031
 481.60501 18.595 0.023
 482.76600 18.511 0.020
 483.55375 18.589 0.027
 484.55161 18.729 0.040
 485.55618 18.596 0.023
 486.54773 18.683 0.024
 487.57538 18.651 0.025
 488.53999 18.729 0.038
 488.67834 18.559 0.024
 489.63029 18.779 0.025
 490.60076 18.542 0.018
 491.55888 18.767 0.028
 492.54318 18.489 0.023
 492.61757 18.651 0.027
 493.54624 18.793 0.025
 494.54106 18.636 0.025
 495.54340 18.739 0.037
 496.53888 18.664 0.028
 496.75500 18.667 0.043
 498.53765 18.662 0.025
 499.53315 18.572 0.025
 500.52434 18.822 0.037
 501.52491 18.415 0.025
 507.64244 18.720 0.042
 508.59532 18.710 0.039
 510.53330 18.488 0.027
 511.64285 18.584 0.028
 512.68022 18.719 0.032
 513.67212 18.605 0.022
 514.54525 18.700 0.029
 515.53691 18.672 0.027
 516.54046 18.700 0.032
 517.54194 18.566 0.028
 518.58072 18.767 0.027
 519.53135 18.502 0.020
 521.53222 18.545 0.031
 523.54407 18.640 0.030
 524.52305 18.651 0.031
 526.52647 18.619 0.027
 526.62756 18.613 0.030
 527.52380 18.724 0.027
 528.58322 18.577 0.033
 530.61183 18.704 0.039
 531.53871 18.818 0.042
 532.52413 18.532 0.031
 533.52767 18.662 0.033
 534.53498 18.650 0.034
 535.64949 18.572 0.031
 552.63281 18.810 0.032
 553.48852 18.670 0.038
 554.54733 18.797 0.050
 561.54774 18.725 0.045
 566.48334 18.475 0.032
 567.48411 18.897 0.043
 569.47857 18.874 0.054
 571.53242 18.617 0.038
 572.48862 18.685 0.046
 573.49622 18.668 0.054
 574.52498 18.846 0.043
 673.85056 18.746 0.026
 699.82386 18.892 0.049
 701.86872 18.622 0.037
 704.81260 18.763 0.040
 706.81656 18.927 0.059
 707.86592 18.652 0.042
 712.88835 18.560 0.028
 715.85374 18.832 0.038
 726.87379 18.684 0.028
 728.83792 18.586 0.029
 729.82026 18.725 0.037
 733.87258 18.898 0.056
 742.81305 18.704 0.040
 745.74457 18.614 0.031
 747.80132 18.694 0.028
 748.75610 18.813 0.037
 750.84895 18.556 0.034
 751.74152 18.809 0.047
 755.69999 18.731 0.043
 759.76930 18.613 0.029
 760.82145 18.834 0.037
 763.81743 18.562 0.038
 769.85387 18.823 0.042
 775.82888 18.572 0.029
 778.79541 18.814 0.054
 780.82621 18.837 0.038
 787.83395 18.776 0.036
 792.76795 18.570 0.037
 796.78385 18.771 0.036
 798.80105 18.901 0.044
 816.80954 18.848 0.037
 817.79899 18.604 0.031
 822.75710 18.618 0.026
 826.62533 18.847 0.043
 827.73603 18.769 0.036
 830.81622 18.870 0.058
 831.66149 18.796 0.037
 832.79243 18.795 0.036
 833.69390 18.734 0.028
 834.78494 18.810 0.055
 837.79084 18.611 0.025
 839.61658 18.715 0.033
 841.79987 18.809 0.042
 843.72292 18.728 0.032
 844.67205 18.642 0.034
 850.69286 18.577 0.039
 854.71490 18.730 0.047
 855.76136 18.559 0.056
 856.72174 18.873 0.065
 858.62628 18.791 0.042
 860.71758 18.750 0.046
 874.72557 18.839 0.035
 876.64187 18.942 0.035
 879.60169 18.576 0.034
 881.53368 18.573 0.034
 887.61586 18.767 0.046
 890.54165 18.604 0.028
 892.58078 18.665 0.038
 895.56150 18.751 0.043
 900.53046 18.915 0.055
 920.53157 18.775 0.053
 925.48377 18.516 0.044
 931.47453 18.769 0.069
 933.49792 18.737 0.041
 951.51086 18.851 0.037
1040.90420 18.658 0.034
1051.90005 18.623 0.037
1065.86057 18.558 0.037
1068.82266 18.774 0.043
1069.81310 18.634 0.030
1071.83029 18.597 0.037
1077.86968 18.793 0.028
1083.79113 18.815 0.042
1088.85585 18.869 0.044
1093.85250 18.866 0.040
1102.83053 18.696 0.027
1107.81339 18.571 0.028
1113.82723 18.817 0.033
1119.76004 18.840 0.045
1126.73151 18.799 0.036
1130.69758 18.878 0.043
1132.70615 18.710 0.032
1136.82542 18.667 0.030
1142.71741 18.648 0.025
1151.81255 18.806 0.036
1154.82110 18.641 0.037
1157.77267 18.911 0.052
1161.77066 18.626 0.025
1163.74221 18.608 0.031
1166.77870 18.726 0.046
1170.82668 18.679 0.033
1174.80930 18.859 0.033
1178.72632 18.704 0.033
1181.69290 18.617 0.039
1185.77548 18.723 0.033
1187.72743 18.703 0.036
1189.79189 18.917 0.035
1192.71148 18.563 0.026
1196.58753 18.491 0.043
1202.64936 18.785 0.035
1204.75473 18.659 0.033
1207.64818 18.547 0.032
1211.72864 18.798 0.043
1214.74511 18.735 0.038
1217.70624 18.651 0.034
1219.69092 18.555 0.031
1223.59842 18.579 0.037
1226.69334 18.523 0.038
1229.68522 18.741 0.064
1230.64169 18.647 0.034
1234.56813 18.517 0.036
1238.57171 18.598 0.040
1239.70431 18.557 0.037
1241.68095 18.559 0.038
1243.53884 18.631 0.039
1245.50741 18.660 0.050
1253.58658 18.727 0.044
1256.56584 18.595 0.033
1259.61693 18.603 0.037
1261.56194 18.519 0.030
1265.57961 18.557 0.032
1268.56452 18.540 0.043
1276.51796 18.577 0.032
1278.57940 18.721 0.048
1279.51248 18.667 0.043
1288.54596 18.542 0.038
1291.57703 18.843 0.039
1296.55042 18.710 0.045
1300.49673 18.766 0.050
1305.47119 18.546 0.048
1308.50592 18.629 0.034
1313.48149 18.894 0.053
1317.50907 18.552 0.031
1320.48627 18.726 0.043
1330.47378 18.554 0.044
1333.47853 18.679 0.056
1397.90246 18.746 0.047
1412.88009 18.880 0.049
1431.78914 18.648 0.031
1432.88033 18.866 0.043
1435.84036 18.672 0.037
1437.83319 18.767 0.039
1440.87182 18.581 0.036
1443.86972 18.659 0.036
1447.79287 18.608 0.050
1449.83459 18.466 0.046
1454.74876 18.903 0.045
1458.78636 18.604 0.037
1459.85375 19.021 0.062
1462.72495 18.552 0.031
1470.80598 18.837 0.036
1475.80467 18.711 0.037
1477.69154 18.654 0.037
1479.73176 18.689 0.037
1484.74717 18.643 0.037
1487.78878 18.495 0.028
1491.70328 18.634 0.040
1493.81255 18.827 0.038
1496.59839 18.803 0.050
1498.74091 18.523 0.030
1501.82498 18.647 0.029
1503.71975 18.731 0.043
1505.82632 18.590 0.037
1507.77348 18.571 0.039
1509.84041 18.750 0.039
1511.64619 18.650 0.033
1514.69327 18.657 0.039
1517.68281 18.785 0.035
1519.68518 18.774 0.037
1521.70786 18.779 0.031
1522.68547 18.556 0.033
1523.74190 18.524 0.069
1525.71858 18.558 0.028
1527.80571 18.636 0.031
1528.70817 18.770 0.031
1531.72577 18.711 0.037
1538.68248 18.528 0.028
1541.63860 18.842 0.030
1542.73848 18.750 0.036
1544.69529 18.782 0.030
1547.72134 18.538 0.023
1548.69878 18.857 0.033
1549.76411 18.748 0.029
1551.72798 18.731 0.028
1552.66123 18.692 0.032
1554.75421 18.585 0.025
1555.69101 18.863 0.042
1556.66169 18.533 0.028
1562.69403 18.847 0.051
1564.57267 18.593 0.042
1564.66871 18.819 0.039
1567.62612 18.593 0.031
1570.72357 18.594 0.027
1574.71923 18.570 0.025
1576.61897 18.587 0.032
1578.72054 18.651 0.041
1581.63442 18.692 0.029
1584.61297 18.684 0.037
1587.60076 18.514 0.026
1590.60789 18.801 0.037
1595.68054 18.720 0.043
1599.69187 18.649 0.038
1600.66638 18.678 0.043
1604.51706 18.609 0.038
1606.53080 18.753 0.040
1609.55004 18.542 0.037
1610.59429 18.694 0.041
1611.62572 18.751 0.039
1612.52006 18.885 0.038
1613.61151 18.796 0.041
1614.51232 18.655 0.029
1615.51724 18.682 0.031
1616.53158 18.631 0.030
1617.51655 18.822 0.037
1618.52324 18.515 0.033
1619.57236 18.810 0.046
1620.59341 18.770 0.049
1621.51155 18.755 0.045
1622.57896 18.737 0.043
1623.53389 18.503 0.037
1624.54153 18.752 0.047
1625.55347 18.585 0.039
1626.64596 18.616 0.033
1627.56112 18.561 0.039
1628.50007 18.931 0.056
1630.52695 18.724 0.055
1630.57552 18.601 0.031
1631.52461 18.652 0.031
1632.55902 18.646 0.037
1633.51544 18.734 0.037
1634.55507 18.474 0.028
1635.52331 18.836 0.049
1643.54409 18.511 0.043
1644.57375 18.962 0.043
1653.58060 18.838 0.052
1655.56222 18.716 0.043
1656.56116 18.594 0.043
1658.53865 18.631 0.038
1660.56388 18.699 0.064
1663.49412 18.648 0.034
1665.51031 18.476 0.040
1671.50619 18.741 0.050
1676.50072 18.637 0.050
1684.50067 18.836 0.068
1694.50227 18.649 0.053
1766.89516 18.738 0.057
1768.88256 18.711 0.044
1771.93108 18.704 0.083
1782.86978 18.568 0.036
1789.81575 18.781 0.027
1803.90161 18.852 0.044
1804.76513 18.674 0.043
1809.82710 18.631 0.025
1812.84992 18.806 0.035
1814.86506 18.801 0.032
1817.86694 18.717 0.028
1822.81076 18.595 0.032
1828.87500 18.785 0.036
1829.84662 18.486 0.031
1843.82640 18.810 0.036
1847.85545 18.395 0.020
1850.80625 18.816 0.042
1852.74308 18.700 0.038
1855.80895 18.673 0.032
1860.78216 18.522 0.036
1863.75573 18.787 0.038
1865.81056 18.580 0.028
1867.77929 18.654 0.031
1869.75275 18.531 0.026
1872.75143 18.786 0.035
2167.84210 18.837 0.062
2173.84945 18.557 0.039
2190.78721 18.563 0.041
2192.82172 18.776 0.053
2192.82504 18.835 0.030
2214.78907 18.721 0.055
2214.79237 18.811 0.038
2224.74585 18.509 0.037
2226.84999 18.639 0.061
2229.66192 18.677 0.051
2230.80065 18.739 0.054
2230.80394 18.817 0.033
2232.82048 18.831 0.057
2232.82377 18.861 0.037
2234.81490 18.721 0.040
2234.81821 18.794 0.026
2239.59986 18.524 0.054
2241.66140 18.603 0.056
2243.71999 18.709 0.053
2248.79660 18.789 0.043
2250.84628 18.853 0.049
2252.65163 18.520 0.039
2254.64255 18.685 0.047
2257.64643 18.558 0.037
2257.64974 18.541 0.020
2261.76077 18.793 0.043
2261.76977 18.792 0.025
2264.75109 18.547 0.037
2264.75892 18.597 0.020
2266.64408 18.436 0.043
2270.64019 18.591 0.043
2271.79100 18.596 0.034
2273.72748 18.612 0.048
2275.82790 18.765 0.052
2277.64954 18.536 0.035
2279.82189 18.626 0.046
2281.80872 18.649 0.038
2283.84294 18.494 0.031
2288.74907 18.730 0.042
2290.78746 18.722 0.042
2292.76398 18.756 0.060
2294.73902 18.674 0.068
2296.74943 18.533 0.055
2298.76883 18.475 0.043
2300.72186 18.515 0.056
2302.69966 18.538 0.050
2321.67232 18.810 0.058
2327.55888 18.756 0.056
2333.56807 18.434 0.053
2339.54453 18.611 0.064
2395.51674 18.731 0.072
2526.90888 18.552 0.039
2542.88757 18.614 0.043
2552.83892 18.658 0.051
2556.83044 18.848 0.054
2556.83406 18.820 0.031
2559.88101 18.778 0.055
2559.88462 18.743 0.031
2564.84693 18.486 0.043
2573.84610 18.515 0.044
2578.77042 18.712 0.056
2583.82488 18.748 0.058
2583.82819 18.768 0.031
2589.85777 18.658 0.045
2589.86137 18.595 0.025
2596.74113 18.808 0.064
2596.74472 18.839 0.039
2605.74414 18.775 0.046
2605.74771 18.826 0.027
2609.74038 18.793 0.072
2611.64466 18.871 0.045
2613.62585 18.850 0.050
2614.67385 18.744 0.038
2614.70651 18.717 0.052
2617.64659 18.587 0.035
2618.73078 18.876 0.059
2619.85098 18.802 0.033
2620.64977 18.892 0.032
2621.64019 18.535 0.033
2622.64975 18.808 0.036
2623.82197 18.735 0.047
2625.66405 18.741 0.027
2626.63287 18.597 0.028
2627.68528 18.723 0.065
2628.80160 18.746 0.031
2629.65317 18.719 0.037
2629.70831 18.703 0.062
2629.71160 18.733 0.037
2629.76148 18.573 0.027
2629.84126 18.531 0.031
2632.81577 18.852 0.031
2634.76299 18.776 0.049
2635.65747 18.567 0.021
2635.68212 18.580 0.037
2635.73477 18.536 0.020
2638.65320 18.739 0.044
2638.65648 18.791 0.028
2638.72956 18.689 0.031
2638.82904 18.584 0.030
2639.65332 18.549 0.031
2639.83809 18.854 0.027
2640.75266 18.544 0.024
2641.72112 18.707 0.046
2643.61583 18.678 0.022
2643.72981 18.782 0.053
2643.75945 18.821 0.031
2645.71734 18.842 0.047
2647.61833 18.771 0.031
2647.67514 18.921 0.060
2650.83682 18.820 0.045
2652.73791 18.925 0.066
2654.67274 18.761 0.061
2656.64568 18.892 0.066
2658.60869 18.854 0.072
2658.76520 18.665 0.046
2660.62612 18.618 0.044
2662.60897 18.670 0.049
2664.61653 18.577 0.043
2666.67473 18.564 0.032
2668.66349 18.574 0.058
2670.62961 18.552 0.050
2672.73889 18.796 0.052
2674.63727 18.824 0.057
2674.67248 18.738 0.027
2675.75802 18.729 0.025
2676.62384 18.794 0.050
2678.71152 18.604 0.048
2679.65151 18.737 0.031
2680.62219 18.638 0.049
2682.58918 18.630 0.029
2682.67330 18.448 0.049
2687.54583 18.768 0.076
2696.53896 18.854 0.071
2701.52111 18.580 0.052
2707.51852 18.842 0.068
2714.51745 18.843 0.092
2840.90657 18.857 0.069
2867.91898 18.798 0.051
2888.91302 18.497 0.035
2894.84807 18.579 0.043
2899.84965 18.511 0.038
2905.83865 18.657 0.061
2908.89970 18.526 0.048
2911.79798 18.852 0.044
2916.84818 18.778 0.041
2922.83204 18.751 0.062
2926.75945 18.701 0.042
2930.83318 18.575 0.040
2933.87759 18.545 0.046
2940.71514 18.774 0.049
2947.72904 18.690 0.050
2949.81919 18.898 0.056
2953.68594 18.741 0.055
2956.71174 18.640 0.043
2958.73804 18.725 0.051
2962.74989 18.754 0.047
2965.76931 18.803 0.042
2968.71288 18.606 0.039
2973.85293 18.537 0.039
2975.84208 18.617 0.047
2976.83737 18.697 0.051
2978.85698 18.686 0.062
2982.68907 18.848 0.057
2984.73662 18.602 0.043
2986.81922 18.614 0.052
2988.78381 18.668 0.042
2989.80697 18.605 0.047
2991.64013 18.834 0.059
2993.62755 18.867 0.043
2993.63105 18.792 0.025
2995.72784 18.571 0.036
2997.70612 18.499 0.038
2999.72874 18.549 0.041
3001.76499 18.777 0.047
3003.73565 18.816 0.045
3005.64092 18.672 0.050
3007.67400 18.847 0.056
3009.74028 18.728 0.052
3011.71598 18.652 0.058
3013.72044 18.499 0.043
3017.72191 18.576 0.043
3019.64987 18.495 0.043
3021.76865 18.847 0.045
3023.63044 18.680 0.037
3024.83157 18.713 0.050
3026.82826 18.756 0.034
3026.83178 18.772 0.020
3029.63259 18.802 0.043
3031.70257 18.589 0.037
3033.76606 18.599 0.036
3035.77311 18.731 0.040
3038.75060 18.504 0.048
3040.72125 18.544 0.051
3044.59906 18.568 0.047
3045.68806 18.830 0.062
3047.64177 18.903 0.061
3049.64749 18.700 0.036
3051.61569 18.715 0.052
3055.60914 18.567 0.043
3057.63462 18.572 0.041
3057.63816 18.644 0.022
3059.57848 18.601 0.034
3061.57152 18.580 0.053
3068.51288 18.531 0.050
3070.56855 18.627 0.050
3073.56925 18.751 0.071
3075.68223 18.648 0.058
3078.61422 18.805 0.059
3082.59175 18.509 0.040
3084.66878 18.666 0.037
3087.63148 18.632 0.058
3090.59487 18.773 0.055
3099.58291 18.796 0.068
3102.56167 18.480 0.050
3105.59440 18.869 0.068
3108.57235 18.767 0.054
3112.54964 18.809 0.057
3116.53102 18.823 0.059
3127.49841 18.774 0.043
3140.48705 18.645 0.051
3223.88727 18.604 0.055
3241.87350 18.589 0.056
3248.83692 18.786 0.067
3257.86477 18.679 0.043
3263.91076 18.655 0.048
3270.85373 18.596 0.042
3273.90175 18.798 0.075
3277.83778 18.658 0.044
3281.88153 18.489 0.031
3287.74260 18.629 0.034
3295.69485 18.753 0.035
3297.69338 18.825 0.043
3299.75787 18.663 0.030
3301.75536 18.558 0.050
3304.81127 18.787 0.052
3309.72150 18.638 0.038
3311.71936 18.662 0.038
3320.76215 18.772 0.039
3320.76566 18.794 0.023
3323.69696 18.497 0.039
3327.73371 18.646 0.037
3330.69256 18.593 0.049
3330.69610 18.578 0.028
3334.79180 18.685 0.063
3338.83828 18.824 0.048
3340.85336 18.631 0.049
3354.71821 18.602 0.034
3358.79979 18.820 0.035
3361.83197 18.754 0.040
3365.73437 18.811 0.053
3372.75069 18.690 0.036
3378.66340 18.695 0.041
3391.73111 18.698 0.049
3394.74267 18.867 0.055
3396.62266 18.719 0.049
3399.69990 18.623 0.043
3403.68717 18.696 0.050
3408.59659 18.579 0.037
3412.64180 18.566 0.051
3417.56923 18.565 0.043
3425.57748 18.654 0.059
3431.53918 18.776 0.043
3437.54096 18.612 0.039
3445.56090 18.766 0.045
3460.49461 18.803 0.049
3477.48933 18.674 0.054
3583.93144 18.567 0.043
3593.92968 18.683 0.050
3593.93327 18.779 0.040
3601.86664 18.901 0.061
3601.87021 18.792 0.033
3618.90071 18.663 0.038
3618.90424 18.595 0.020
3629.88196 18.673 0.040
3629.88551 18.775 0.029
3634.84854 18.588 0.037
3634.85205 18.515 0.022
3639.84187 18.748 0.035
3639.84540 18.659 0.018
3644.79665 18.854 0.041
3644.80017 18.751 0.022
3650.88549 18.478 0.033
3650.88901 18.570 0.023
3654.78641 18.574 0.034
3654.79060 18.526 0.019
3657.86697 18.612 0.037
3657.87049 18.634 0.021
3660.80143 18.728 0.055
3660.80493 18.750 0.036
3664.83652 18.812 0.041
3668.79446 18.752 0.053
3668.79795 18.776 0.031
3672.78267 18.620 0.040
3672.78617 18.661 0.025
3675.86234 18.703 0.037
3675.86583 18.640 0.019
3684.77048 18.807 0.038
3687.77612 18.680 0.042
3690.69598 18.748 0.062
3690.69948 18.764 0.033
3693.72995 18.796 0.045
3693.73343 18.749 0.025
3695.75148 18.752 0.041
3695.75496 18.866 0.027
3698.74425 18.564 0.043
3698.74775 18.764 0.032
3700.77308 18.842 0.043
3700.77654 18.760 0.023
3702.86072 18.716 0.043
3702.86420 18.576 0.025
3705.76750 18.561 0.031
3708.72607 18.661 0.050
3708.72957 18.561 0.025
3712.71295 18.592 0.040
3712.71641 18.582 0.021
3714.72330 18.499 0.032
3714.72680 18.550 0.021
3717.63939 18.779 0.042
3717.64285 18.873 0.027
3719.81657 18.563 0.043
3719.82007 18.627 0.034
3725.81046 18.804 0.073
3725.81394 18.820 0.034
3727.78288 18.802 0.047
3727.78641 18.766 0.029
3730.67829 18.640 0.031
3730.68175 18.570 0.018
3732.70303 18.488 0.029
3732.70650 18.628 0.018
3734.80107 18.896 0.050
3736.81733 18.814 0.046
3736.82082 18.870 0.031
3737.70570 18.569 0.034
3737.70918 18.674 0.019
3739.80479 18.589 0.032
3739.80828 18.557 0.019
3742.69068 18.835 0.058
3742.69418 18.839 0.036
3745.76633 18.739 0.041
3745.76986 18.860 0.030
3749.66076 18.758 0.065
3749.66424 18.992 0.047
3750.74573 18.512 0.041
3750.74920 18.540 0.028
3752.75643 18.664 0.046
3752.75991 18.701 0.030
3754.77416 18.846 0.049
3754.77766 18.703 0.025
3756.59767 18.619 0.037
3756.60118 18.539 0.019
3758.77055 18.747 0.063
3761.78296 18.800 0.037
3764.73741 18.622 0.037
3764.74093 18.571 0.019
3767.59723 18.715 0.046
3767.60073 18.594 0.023
3770.61494 18.610 0.037
3770.61844 18.614 0.022
3773.61777 18.861 0.057
3773.62129 18.834 0.034
3776.61720 18.657 0.042
3776.62071 18.607 0.024
3779.60676 18.631 0.058
3779.61027 18.542 0.029
3782.65747 18.789 0.046
3782.66098 18.800 0.025
3787.58245 18.643 0.037
3792.53421 18.581 0.052
3792.53776 18.538 0.026
3800.51518 18.690 0.028
3809.52346 18.717 0.068
3822.50926 18.893 0.069
3822.51281 18.836 0.037
3946.90560 18.784 0.055
3964.86237 18.668 0.037
3969.88648 18.551 0.038
3981.86125 18.846 0.057
3981.86482 18.867 0.034
3989.88827 18.592 0.041
4001.86497 18.717 0.036
4005.84259 18.589 0.031
4007.84679 18.485 0.034
4007.85035 18.579 0.023
4011.84705 18.697 0.044
4018.83862 18.556 0.034
4018.84215 18.572 0.022
4023.87075 18.608 0.041
4026.77922 18.796 0.035
4026.78279 18.795 0.019
4029.72048 18.469 0.053
4031.80082 18.674 0.035
4031.80436 18.658 0.020
4038.70991 18.582 0.036
4041.67106 18.899 0.058
4043.67543 18.899 0.063
4048.85704 18.627 0.050
4052.69997 18.783 0.041
4054.68692 18.876 0.057
4056.74396 18.487 0.041
4058.77708 18.736 0.034
4063.67583 18.774 0.039
4066.73310 18.850 0.043
4068.82062 18.641 0.034
4070.66307 18.872 0.048
4073.82244 18.927 0.061
4076.79057 18.569 0.049
4079.75295 18.698 0.049
4083.66974 18.613 0.050
4085.73526 18.517 0.040
4092.85371 18.687 0.042
4105.68915 18.503 0.039
4109.76230 18.797 0.036
4113.71803 18.836 0.037
4120.74843 18.863 0.049
4122.70488 18.829 0.037
4125.75611 18.632 0.041
4131.60945 18.712 0.035
4142.64609 18.905 0.073
4156.53278 18.583 0.043
4166.57400 18.760 0.064
4196.52349 18.659 0.067
4340.88883 18.514 0.037
4341.89938 18.888 0.066
4343.81836 18.826 0.064
4344.87322 18.586 0.044
4345.91179 18.720 0.061
4346.84073 18.619 0.062
4347.84928 18.730 0.050
4348.84243 18.724 0.044
4349.84267 18.669 0.054
4350.92002 18.784 0.080
4353.90325 18.651 0.050
4354.88699 18.760 0.061
4357.89321 18.785 0.071
4358.89322 18.573 0.046
4361.85470 18.828 0.079
4362.80921 18.597 0.052
4363.87230 18.805 0.068
4366.83629 18.617 0.059
4367.77387 18.873 0.075
4368.88753 18.897 0.082
4369.80950 18.633 0.068
4370.81063 18.748 0.060
4371.85578 18.541 0.038
4373.78127 18.564 0.038
4377.79163 18.694 0.054
4380.80812 18.553 0.042
4386.78375 18.633 0.047
4390.74574 18.777 0.052
4393.85983 18.636 0.047
4398.87111 18.536 0.049
4403.87805 18.561 0.107
4411.86956 18.704 0.073
4412.86203 18.601 0.036
4418.79071 18.601 0.037
4422.85678 18.756 0.052
4422.86029 18.721 0.034
4426.73512 18.713 0.060
4429.84110 18.770 0.081
4429.84458 18.781 0.043
4432.72195 18.874 0.050
4432.72543 18.828 0.026
4436.76134 18.528 0.043
4439.82691 18.727 0.065
4439.83038 18.674 0.036
4440.86315 18.811 0.158
4441.65288 18.876 0.057
4442.67487 18.558 0.050
4443.65039 18.892 0.074
4444.82951 18.832 0.077
4448.69507 18.846 0.061
4449.74257 18.581 0.042
4450.70540 18.797 0.068
4451.64044 18.539 0.040
4451.78230 18.778 0.051
4452.85345 18.545 0.049
4453.62932 18.563 0.043
4454.65323 18.806 0.058
4454.81614 18.571 0.040
4455.63979 18.595 0.046
4455.77685 18.883 0.070
4456.72045 18.517 0.046
4456.81069 18.668 0.058
4456.85814 18.769 0.062
4457.69528 18.835 0.057
4457.84503 18.675 0.056
4458.61771 18.640 0.049
4458.74814 18.632 0.025
4459.60194 18.746 0.054
4459.74640 18.789 0.056
4459.80854 18.639 0.055
4461.57252 18.797 0.054
4462.63270 18.584 0.052
4462.78237 18.916 0.058
4463.62613 18.845 0.049
4464.62379 18.560 0.039
4464.76580 18.696 0.054
4465.64302 18.716 0.041
4465.74814 18.564 0.021
4466.63614 18.632 0.044
4466.73635 18.764 0.044
4467.60362 18.722 0.061
4467.67235 18.596 0.037
4468.63641 18.787 0.040
4469.62083 18.582 0.043
4470.60860 18.875 0.056
4470.79863 18.569 0.044
4471.59865 18.551 0.033
4471.76477 18.826 0.061
4472.59938 18.850 0.041
4472.77208 18.646 0.041
4473.68604 18.763 0.046
4477.74419 18.951 0.068
4481.68174 18.803 0.049
4485.72982 18.590 0.054
4489.71331 18.605 0.068
4493.70314 18.906 0.072
4498.67964 18.650 0.046
4501.67697 18.598 0.045
4506.61091 18.870 0.063
4508.62813 18.926 0.066
4510.70133 18.591 0.048
4510.70487 18.651 0.028
4521.61145 18.800 0.069
4523.62728 18.598 0.049
4525.54669 18.624 0.050
4531.56873 18.634 0.048
4533.57108 18.776 0.058
4537.62112 18.969 0.067
4539.54008 18.788 0.070
4541.59235 18.659 0.068
