 457.64843 19.211 0.039
 457.70708 19.146 0.034
 457.82435 18.923 0.035
 458.68089 19.030 0.044
 459.64421 19.200 0.039
 459.84987 19.034 0.041
 461.65280 19.201 0.039
 461.78100 18.956 0.033
 462.60957 19.023 0.030
 465.85283 19.050 0.039
 466.84830 19.049 0.035
 468.77722 19.129 0.035
 469.78614 18.836 0.039
 470.80403 19.026 0.058
 472.82194 19.210 0.061
 475.58248 19.086 0.042
 477.80005 19.240 0.045
 478.80573 19.162 0.037
 479.80599 18.903 0.040
 480.64246 19.027 0.036
 481.54028 19.095 0.039
 482.83296 19.086 0.051
 483.53843 19.043 0.044
 484.53661 18.976 0.051
 485.54118 19.152 0.040
 486.53335 18.987 0.034
 487.56072 19.037 0.038
 488.57310 19.156 0.042
 489.53315 18.962 0.029
 490.54183 19.248 0.036
 491.54340 19.059 0.039
 492.52855 19.077 0.049
 493.53168 19.016 0.031
 494.52665 19.055 0.039
 494.78612 19.176 0.036
 495.52872 19.043 0.047
 496.52392 18.990 0.040
 496.74028 19.125 0.072
 498.52323 18.917 0.038
 499.78564 19.232 0.074
 500.78312 19.305 0.092
 501.54768 18.926 0.041
 507.53384 19.077 0.041
 508.57648 18.874 0.048
 509.53104 19.209 0.046
 510.56173 19.228 0.058
 510.72695 18.903 0.052
 511.62637 19.032 0.050
 512.56070 19.147 0.051
 513.54482 18.852 0.054
 513.65662 19.064 0.030
 514.52445 18.930 0.047
 514.61992 18.931 0.027
 515.52109 19.061 0.039
 516.52461 19.055 0.045
 517.52414 19.033 0.049
 518.56101 18.959 0.033
 519.51403 19.168 0.042
 519.66358 18.865 0.041
 520.68027 19.063 0.051
 521.51620 19.103 0.051
 521.71750 19.037 0.070
 523.52153 18.965 0.048
 524.50693 19.096 0.060
 524.54701 19.207 0.051
 526.51032 19.052 0.052
 526.60608 19.028 0.042
 527.50509 19.036 0.044
 528.56492 18.913 0.052
 530.54485 19.003 0.049
 530.64242 19.224 0.090
 531.51788 19.298 0.073
 531.61688 18.816 0.052
 532.50650 19.051 0.056
 533.50553 18.968 0.049
 533.63146 19.130 0.069
 534.51476 19.103 0.046
 535.51920 18.986 0.029
 536.66822 19.087 0.060
 540.50638 18.941 0.045
 552.61814 19.287 0.057
 554.53256 19.116 0.063
 558.52560 19.033 0.082
 560.54794 18.875 0.074
 561.48844 19.159 0.064
 562.48052 18.899 0.056
 564.48941 18.901 0.073
 573.48063 18.937 0.066
 673.83523 18.862 0.035
 689.86150 19.171 0.055
 699.80755 18.985 0.045
 701.80480 19.063 0.064
 704.84662 19.045 0.049
 706.79294 19.223 0.097
 707.84627 19.009 0.083
 715.81217 19.109 0.057
 722.82273 19.064 0.051
 726.78076 19.053 0.049
 728.82048 19.313 0.051
 729.87532 19.195 0.068
 733.77618 19.128 0.082
 741.87096 19.181 0.059
 744.87644 19.092 0.064
 745.71814 19.050 0.047
 747.78514 19.175 0.049
 748.73925 18.888 0.043
 751.72246 19.047 0.056
 755.68272 19.113 0.069
 759.79584 19.147 0.045
 760.77229 19.115 0.051
 761.85723 19.155 0.058
 765.79886 19.159 0.062
 769.78964 19.296 0.069
 774.79619 19.093 0.051
 778.77954 19.156 0.076
 780.85034 19.203 0.054
 781.78437 19.090 0.049
 788.79543 19.059 0.039
 789.75188 19.159 0.054
 792.79192 19.172 0.074
 795.85360 19.104 0.050
 796.85428 19.014 0.060
 797.85178 19.261 0.063
 798.84884 18.964 0.051
 805.77418 18.858 0.054
 816.71652 19.069 0.044
 817.82276 19.129 0.059
 818.85870 18.868 0.040
 819.85271 19.061 0.065
 822.78089 18.948 0.040
 825.74019 19.077 0.066
 827.65065 19.219 0.054
 828.83521 19.051 0.049
 829.66971 18.944 0.053
 830.80112 18.965 0.047
 831.64634 19.041 0.058
 832.72251 19.077 0.045
 833.65532 18.853 0.032
 834.76966 19.060 0.073
 837.81465 18.937 0.031
 839.60148 19.201 0.051
 841.82345 18.997 0.059
 842.78862 19.018 0.058
 844.65667 19.165 0.076
 850.67770 19.062 0.064
 854.73846 18.921 0.059
 856.72977 18.918 0.079
 858.61105 19.267 0.063
 860.75769 19.316 0.091
 875.59279 18.991 0.042
 880.50980 19.088 0.054
 887.59005 19.148 0.066
 892.67401 18.952 0.051
 895.49637 19.063 0.061
 897.49509 18.912 0.046
 922.47845 18.877 0.040
 928.49697 18.909 0.066
 931.51944 19.148 0.078
 934.49161 19.089 0.068
 950.49402 19.075 0.060
 952.48569 18.896 0.051
1053.91528 19.250 0.050
1065.91145 19.242 0.076
1068.80284 18.922 0.048
1069.79705 19.301 0.057
1071.79588 18.930 0.052
1077.82239 19.183 0.053
1083.77158 19.023 0.048
1088.84043 18.845 0.047
1092.87297 18.948 0.047
1102.76478 19.007 0.033
1106.82179 19.216 0.045
1112.80332 18.945 0.046
1116.77956 19.045 0.043
1126.67933 19.078 0.059
1129.72648 19.061 0.049
1132.77667 19.113 0.054
1136.80999 19.104 0.044
1142.70223 19.249 0.044
1151.79681 19.013 0.045
1154.80466 18.984 0.051
1157.79794 19.161 0.077
1160.83141 19.296 0.059
1163.77285 18.901 0.049
1166.80681 19.081 0.068
1169.78735 19.025 0.054
1171.83578 18.900 0.035
1174.76213 19.253 0.045
1175.84343 19.240 0.054
1179.83740 18.886 0.056
1183.73220 19.105 0.047
1185.84695 19.145 0.044
1187.80249 19.118 0.042
1189.82547 19.174 0.052
1191.83093 19.103 0.041
1194.73824 18.988 0.044
1196.61875 18.826 0.052
1201.75345 19.125 0.062
1204.73907 19.050 0.046
1207.63189 19.233 0.070
1211.71223 19.041 0.060
1214.60537 19.168 0.059
1217.65876 19.156 0.056
1219.71458 18.929 0.049
1223.58287 18.962 0.051
1226.67558 18.972 0.054
1228.64937 18.814 0.055
1231.59083 19.049 0.059
1234.66833 19.011 0.050
1236.65920 18.835 0.066
1239.68903 19.117 0.062
1241.70561 18.967 0.062
1243.51259 19.080 0.064
1245.59730 19.036 0.047
1247.69674 19.150 0.064
1248.66445 18.943 0.050
1254.51593 19.079 0.061
1259.50830 19.007 0.052
1264.50251 19.131 0.074
1267.52168 19.056 0.068
1273.52786 18.983 0.074
1275.50686 19.133 0.060
1278.53939 18.980 0.062
1288.48418 18.973 0.060
1290.61389 19.070 0.067
1298.52543 19.045 0.060
1301.53071 19.025 0.072
1306.47201 19.097 0.065
1312.46493 19.051 0.079
1316.48030 18.934 0.030
1319.52088 19.062 0.053
1320.46088 19.136 0.073
1330.45793 18.847 0.067
1332.45613 18.827 0.054
1333.46173 19.174 0.090
1335.45810 18.983 0.069
1336.45750 19.454 0.138
1336.47362 19.134 0.094
1336.48166 19.348 0.107
1338.47936 19.235 0.126
1339.45473 19.214 0.122
1339.46466 19.367 0.125
1340.45285 18.957 0.100
1340.47747 18.968 0.074
1342.45746 18.995 0.066
1343.47339 19.323 0.089
1346.47611 19.315 0.207
1348.45990 19.397 0.117
1349.46140 19.030 0.108
1350.46236 19.080 0.076
1354.94038 19.078 0.073
1360.94187 19.230 0.092
1365.94165 19.146 0.086
1375.93208 19.235 0.083
1395.90735 19.009 0.066
1400.89320 19.079 0.060
1412.90359 18.854 0.047
1415.91292 18.850 0.062
1430.86769 19.086 0.058
1432.86489 19.044 0.059
1433.90223 19.193 0.067
1435.76889 18.902 0.055
1437.76258 19.049 0.066
1440.80907 19.125 0.053
1443.85211 18.990 0.064
1446.88428 18.982 0.068
1448.77535 18.820 0.056
1454.79491 19.187 0.093
1458.81095 18.863 0.051
1459.83841 19.304 0.062
1462.74976 18.924 0.050
1470.79009 18.992 0.040
1475.78975 19.038 0.050
1477.67430 19.154 0.064
1479.71517 18.976 0.061
1484.73087 19.129 0.060
1487.75655 18.976 0.039
1491.68467 18.947 0.051
1493.83659 18.906 0.048
1494.73016 18.984 0.055
1497.78605 19.051 0.043
1499.69383 18.963 0.064
1502.68913 19.243 0.065
1503.83903 18.987 0.051
1505.72952 19.110 0.061
1507.80072 19.078 0.069
1510.77678 19.129 0.050
1512.73579 19.145 0.061
1514.84702 19.151 0.064
1515.70115 19.115 0.057
1517.73282 19.019 0.039
1518.83777 19.157 0.049
1521.69190 19.037 0.046
1523.63891 19.043 0.079
1525.74291 19.224 0.051
1527.73563 18.984 0.039
1528.81475 19.098 0.045
1529.67891 19.042 0.054
1531.79628 19.056 0.049
1538.75254 19.033 0.051
1542.67641 18.968 0.052
1544.71905 19.104 0.046
1547.79139 19.084 0.057
1548.76912 19.088 0.046
1549.78785 18.979 0.039
1552.68697 19.066 0.047
1553.76266 18.956 0.044
1554.77787 19.190 0.044
1555.76488 19.052 0.053
1561.55802 18.931 0.053
1562.76424 19.200 0.075
1564.65312 19.088 0.062
1567.61065 19.048 0.057
1570.57778 19.227 0.060
1573.61808 19.036 0.046
1576.60342 18.975 0.046
1579.66637 18.998 0.045
1581.71806 19.204 0.076
1583.71693 19.105 0.064
1585.65205 19.243 0.053
1588.60221 18.937 0.058
1591.67993 19.178 0.107
1593.59889 18.896 0.050
1595.70430 19.055 0.065
1599.67655 18.873 0.041
1600.69010 19.049 0.068
1604.54074 19.081 0.057
1606.51548 19.224 0.077
1609.61610 19.151 0.060
1610.57896 18.939 0.056
1611.64959 18.883 0.050
1613.55556 18.922 0.056
1615.50181 18.956 0.044
1617.50127 18.958 0.057
1619.52381 19.067 0.071
1621.49637 19.040 0.078
1623.49480 19.152 0.076
1625.49678 19.135 0.064
1627.49692 19.041 0.063
1629.54184 19.063 0.060
1630.55068 18.919 0.062
1632.49719 18.903 0.049
1634.53729 19.161 0.059
1635.60879 19.087 0.065
1643.52876 19.114 0.058
1645.48590 19.094 0.081
1653.54153 19.008 0.070
1655.51524 19.237 0.077
1657.50661 19.096 0.076
1660.53180 19.134 0.085
1662.48270 19.241 0.069
1664.49751 19.064 0.059
1667.55126 18.851 0.061
1671.48064 18.884 0.067
1676.48537 18.966 0.067
1768.90661 19.023 0.059
1769.83904 19.105 0.068
1771.86930 19.347 0.107
1773.89215 18.854 0.043
1775.91223 19.025 0.051
1784.89933 19.169 0.059
1789.89381 19.122 0.040
1790.85580 19.078 0.040
1803.88527 19.099 0.058
1809.81135 18.915 0.034
1812.83459 19.123 0.049
1814.84946 18.912 0.043
1818.84237 19.127 0.055
1822.83472 19.014 0.053
1828.85989 19.161 0.056
1829.83113 18.946 0.054
1830.84459 19.130 0.064
1834.88353 19.181 0.085
1846.81005 19.053 0.045
1846.86103 18.967 0.046
1850.79066 18.927 0.050
1851.86599 19.057 0.075
1855.83279 19.114 0.047
1859.75876 19.121 0.053
1863.74055 19.204 0.059
1865.79522 18.956 0.042
1867.76414 19.038 0.049
1869.73753 18.989 0.045
1870.76791 18.978 0.039
1871.85206 19.111 0.045
1873.81174 18.933 0.041
2123.93450 19.132 0.066
2130.92356 19.253 0.081
2131.92535 18.977 0.076
2132.92352 19.140 0.076
2134.92508 18.954 0.063
2140.92475 19.107 0.069
2142.91199 19.108 0.077
2144.92237 18.977 0.054
2156.89607 19.226 0.107
2161.86302 19.239 0.094
2173.87628 19.053 0.048
2190.80798 19.074 0.055
2192.84593 19.060 0.052
2201.83238 19.065 0.049
2214.81394 19.016 0.065
2221.75684 19.069 0.069
2224.76955 19.052 0.054
2227.67217 18.965 0.051
2229.68563 19.253 0.075
2230.82979 19.255 0.069
2237.76461 19.092 0.056
2241.68986 19.071 0.068
2243.74372 18.985 0.062
2247.82559 19.056 0.062
2248.82818 18.961 0.044
2250.81497 18.948 0.051
2252.67528 18.898 0.051
2254.66634 18.844 0.041
2257.67301 19.055 0.051
2260.67972 19.059 0.061
2264.68510 18.922 0.050
2266.67121 19.079 0.061
2270.67890 19.103 0.052
2271.81926 19.147 0.048
2272.82721 19.058 0.072
2274.66473 18.975 0.060
2276.77484 19.188 0.066
2277.82814 19.160 0.056
2279.84574 18.918 0.047
2280.81929 19.177 0.085
2282.70891 19.025 0.053
2283.87005 19.028 0.072
2288.77751 19.155 0.090
2290.81480 19.006 0.064
2292.78782 18.854 0.064
2294.76415 18.890 0.080
2296.77979 19.258 0.112
2298.73650 19.014 0.068
2300.74697 19.186 0.092
2302.72365 19.003 0.079
2323.59973 19.010 0.045
2327.58515 18.900 0.059
2333.59517 19.191 0.096
2339.57156 18.889 0.049
2345.53263 19.064 0.067
2351.51076 18.848 0.051
2369.50827 19.119 0.068
2385.49396 18.859 0.072
2529.83955 19.126 0.069
2539.84198 19.069 0.071
2545.81155 18.880 0.064
2552.86519 19.057 0.070
2556.85656 19.180 0.059
2560.76498 18.983 0.051
2564.87325 19.085 0.062
2573.86996 18.983 0.062
2578.79432 19.051 0.064
2583.84872 19.011 0.069
2590.75492 19.154 0.064
2596.76753 19.006 0.070
2605.79479 19.176 0.059
2609.76695 19.097 0.078
2614.72524 19.424 0.103
2618.78021 19.051 0.063
2621.70532 19.143 0.053
2624.61127 18.854 0.064
2627.70978 19.112 0.088
2629.73273 19.197 0.070
2632.65867 18.990 0.052
2635.70591 18.862 0.041
2638.67689 19.080 0.056
2640.77378 19.025 0.063
2642.73000 19.025 0.075
2644.73270 19.110 0.064
2646.68693 19.187 0.078
2650.74250 19.066 0.064
2652.79989 19.075 0.058
2654.76530 19.094 0.074
2656.67072 19.176 0.077
2658.63247 19.198 0.073
2660.65080 19.064 0.064
2662.66174 19.100 0.067
2664.64180 18.942 0.056
2666.70519 19.081 0.051
2668.69131 19.327 0.078
2670.65343 19.124 0.087
2672.79219 18.932 0.056
2674.69294 18.956 0.057
2676.68205 18.994 0.057
2678.73530 19.158 0.071
2680.64606 19.159 0.068
2682.69211 18.929 0.069
2687.57192 18.977 0.068
2693.53115 19.027 0.053
2696.56788 19.222 0.082
2701.54953 19.140 0.085
2707.55130 18.982 0.064
2714.54340 19.147 0.087
2839.92000 19.173 0.070
2885.86870 19.223 0.062
2892.89721 19.049 0.075
2897.86612 19.011 0.064
2907.78634 19.124 0.064
2911.82373 19.077 0.046
2916.87415 18.958 0.046
2922.85785 19.039 0.089
2926.78955 19.123 0.063
2930.85923 19.086 0.057
2934.76126 19.083 0.053
2940.74111 19.152 0.056
2943.74630 19.154 0.067
2947.75495 19.042 0.057
2949.84495 19.142 0.051
2953.71209 19.181 0.078
2956.73743 19.059 0.051
2958.76379 19.106 0.070
2962.77629 18.957 0.042
2965.79932 19.131 0.057
2968.66661 18.915 0.062
2973.79011 19.233 0.055
2976.80254 19.118 0.056
2978.71019 19.051 0.065
2980.72261 19.088 0.055
2982.71533 19.181 0.064
2984.76246 18.897 0.049
2986.84513 19.094 0.070
2988.81550 19.041 0.056
2989.77081 18.987 0.048
2991.66595 19.147 0.057
2993.68638 18.986 0.058
2995.75421 19.129 0.053
2997.73190 19.316 0.075
3001.79094 18.985 0.052
3003.76159 18.895 0.051
3005.72343 19.019 0.054
3007.64485 19.049 0.054
3009.64270 19.114 0.060
3011.74228 19.153 0.081
3017.74779 19.195 0.062
3019.67582 19.106 0.059
3021.79439 19.039 0.052
3023.65617 19.173 0.048
3025.62407 19.097 0.051
3027.67345 18.929 0.043
3029.65848 19.107 0.052
3031.72840 19.167 0.064
3033.79204 19.012 0.042
3035.79887 18.999 0.051
3038.77649 18.971 0.060
3041.61700 18.998 0.072
3043.65104 19.056 0.075
3045.71396 19.072 0.064
3047.66771 19.063 0.064
3048.59649 18.990 0.039
3050.61600 19.264 0.051
3052.61720 18.992 0.051
3054.61742 18.966 0.056
3056.60987 19.105 0.052
3058.60386 18.954 0.051
3060.65346 19.166 0.062
3068.53938 18.999 0.067
3070.60029 18.957 0.087
3073.63148 18.997 0.074
3076.54509 19.186 0.094
3078.64050 19.045 0.051
3082.61831 19.101 0.047
3085.51940 19.062 0.065
3087.65759 19.181 0.092
3090.62374 18.851 0.055
3096.53962 19.115 0.087
3099.60940 19.046 0.095
3102.58801 18.952 0.061
3104.57473 19.150 0.073
3107.55843 18.799 0.066
3110.55650 19.115 0.080
3113.53441 19.087 0.076
3128.50692 19.059 0.079
3140.51391 19.020 0.063
3216.87814 19.171 0.092
3248.86326 19.014 0.072
3257.89160 18.952 0.044
3264.81294 18.943 0.039
3270.87973 19.125 0.052
3274.76538 19.000 0.073
3277.88741 18.940 0.051
3287.76907 19.123 0.050
3295.72749 18.996 0.038
3297.71946 18.944 0.035
3299.78378 19.352 0.048
3301.78100 19.039 0.074
3304.84134 19.077 0.058
3309.74710 19.158 0.055
3311.74507 19.127 0.056
3320.78803 18.865 0.039
3323.73416 18.938 0.049
3327.76000 19.051 0.051
3330.71865 18.992 0.067
3334.81758 19.203 0.074
3338.86601 19.007 0.064
3339.76535 19.006 0.056
3354.78126 18.879 0.051
3358.82996 19.092 0.049
3365.76005 19.096 0.056
3372.77645 18.987 0.051
3378.68907 19.260 0.068
3391.75682 19.007 0.060
3399.72563 19.122 0.068
3403.71297 19.077 0.060
3406.68250 19.189 0.045
3410.63545 18.913 0.039
3415.63265 19.176 0.051
3427.59637 18.974 0.056
3433.61897 19.122 0.067
3438.54817 18.906 0.040
3446.50533 19.142 0.069
3455.52866 19.078 0.093
3461.52273 19.073 0.064
3473.48206 19.514 0.101
3575.94071 19.142 0.081
3592.93256 19.043 0.044
3619.83448 19.176 0.057
3629.90796 19.094 0.068
3633.87299 19.063 0.058
3639.78547 18.873 0.038
3644.82209 18.927 0.038
3651.76525 18.977 0.046
3654.81277 18.880 0.042
3658.77679 19.049 0.062
3661.84749 19.166 0.074
3668.82022 19.041 0.055
3672.80849 19.045 0.051
3676.76528 18.984 0.050
3684.82727 18.919 0.039
3687.80168 19.188 0.051
3690.72154 19.012 0.058
3693.75556 18.813 0.046
3695.78832 19.050 0.046
3698.77007 19.143 0.065
3700.79865 19.024 0.043
3703.72953 19.054 0.044
3705.79670 19.049 0.044
3708.78463 19.240 0.069
3712.74225 18.978 0.044
3714.81248 19.208 0.049
3717.67492 19.149 0.062
3719.84744 19.092 0.075
3721.80841 19.168 0.058
3726.70425 19.114 0.074
3730.73649 19.062 0.043
3732.72858 18.932 0.035
3734.85942 19.220 0.067
3737.76036 18.930 0.035
3739.83034 19.160 0.051
3741.84328 19.205 0.081
3743.74041 19.149 0.058
3746.78292 19.312 0.090
3748.73612 19.108 0.065
3749.74170 18.992 0.067
3751.75306 18.984 0.060
3753.70456 19.025 0.046
3755.70556 19.225 0.061
3757.69542 19.151 0.059
3759.76021 18.930 0.042
3762.78172 18.936 0.063
3765.76881 19.257 0.050
3770.64132 18.970 0.039
3773.70740 18.989 0.059
3776.67772 19.096 0.069
3779.63230 19.181 0.102
3782.74590 19.058 0.064
3787.60911 18.954 0.049
3792.55983 18.986 0.051
3800.54182 19.233 0.068
3809.54906 18.975 0.074
3823.50916 18.896 0.053
3946.93135 19.513 0.120
3964.88773 18.866 0.038
3969.91854 19.040 0.051
3981.88634 19.074 0.072
3989.91496 18.975 0.078
3998.87866 19.035 0.049
3999.84114 19.234 0.056
4001.89016 18.992 0.039
4004.85413 19.306 0.053
4005.86808 19.020 0.044
4008.73435 19.263 0.053
4011.90124 18.877 0.066
4018.86402 18.979 0.043
4024.73147 18.954 0.041
4026.80453 19.044 0.040
4029.75376 18.936 0.051
4032.76906 19.075 0.070
4038.73513 18.951 0.050
4041.69639 18.819 0.045
4043.70124 19.144 0.071
4049.66390 19.086 0.054
4052.72531 19.376 0.064
4054.71211 18.992 0.066
4056.77013 19.176 0.056
4058.80246 19.104 0.048
4063.70106 19.006 0.041
4066.75837 19.052 0.047
4068.66326 19.167 0.050
4070.68835 18.907 0.048
4074.75598 19.274 0.083
4077.80450 18.985 0.051
4079.84939 18.989 0.051
4083.69496 19.052 0.069
4085.76069 19.163 0.064
4093.74522 19.002 0.040
4105.81779 19.041 0.064
4109.78766 19.249 0.056
4113.74349 19.258 0.048
4120.77372 18.991 0.044
4122.73018 18.964 0.043
4125.78445 19.057 0.064
4132.67221 19.073 0.064
4142.72319 19.038 0.078
4156.55829 19.127 0.055
4168.51294 19.142 0.068
4197.49220 19.134 0.077
4341.92462 19.158 0.094
4347.87554 18.965 0.057
4353.80951 19.000 0.051
4358.90781 19.156 0.074
4364.87223 19.096 0.068
4367.89668 19.089 0.066
4371.76197 19.145 0.064
4377.81834 19.202 0.069
4380.83327 19.176 0.060
4386.80899 19.177 0.080
4390.77090 18.965 0.051
4394.72705 19.027 0.053
4399.74500 18.832 0.086
4412.72350 19.023 0.059
4418.81690 19.152 0.051
4421.86271 19.254 0.087
4426.76061 19.026 0.081
4430.68799 18.930 0.077
4432.74718 19.096 0.051
4436.78711 19.038 0.069
4439.85219 19.045 0.083
4443.74022 19.101 0.077
4449.70309 19.130 0.052
4451.71284 19.073 0.066
4455.71192 19.152 0.073
4457.74238 19.195 0.076
4460.81402 19.133 0.085
4463.73231 18.928 0.043
4466.72131 19.127 0.047
4470.66877 18.973 0.055
4473.71150 19.044 0.056
4477.76998 19.277 0.078
4482.77380 19.147 0.079
4486.75162 19.154 0.076
4491.72515 18.902 0.072
4494.67051 18.986 0.072
4498.70324 19.202 0.064
4501.70049 19.123 0.069
4506.63461 18.849 0.051
4508.65764 19.070 0.053
4510.72722 18.906 0.054
4517.66144 19.117 0.077
4521.64198 19.109 0.063
4524.60471 19.080 0.058
4530.63068 19.095 0.060
4532.65643 19.151 0.067
4536.62867 19.069 0.057
4539.51064 19.039 0.058
4541.61978 19.074 0.068
