 455.64668 18.816 0.062
 455.72807 18.243 0.040
 455.77565 18.384 0.053
 456.59573 18.701 0.066
 456.64546 18.642 0.085
 456.71619 18.682 0.079
 456.76364 18.328 0.044
 456.81510 18.248 0.051
 457.56344 18.409 0.063
 457.60737 18.497 0.053
 457.66605 18.548 0.063
 457.72461 18.651 0.060
 457.78326 18.638 0.068
 458.63977 18.533 0.066
 458.69847 18.484 0.078
 459.55704 18.269 0.056
 459.60321 18.417 0.063
 459.66177 18.585 0.060
 459.72121 18.551 0.062
 459.76505 18.617 0.063
 459.80887 18.562 0.060
 461.56794 18.594 0.070
 461.61174 18.701 0.069
 461.67035 18.170 0.040
 461.73653 18.321 0.044
 461.79853 18.460 0.062
 462.56844 18.599 0.060
 462.62708 18.744 0.057
 462.67308 18.759 0.057
 465.67190 18.559 0.079
 465.71958 18.597 0.079
 465.80443 18.646 0.082
 466.65567 18.465 0.068
 466.72219 18.684 0.078
 466.80716 18.774 0.094
 467.65931 18.323 0.050
 467.76392 18.493 0.060
 467.82986 18.532 0.059
 468.66600 18.337 0.073
 468.73619 18.333 0.049
 468.79478 18.493 0.051
 468.83135 18.363 0.047
 469.66687 18.566 0.081
 469.74499 18.446 0.060
 469.80391 18.308 0.062
 470.74166 18.793 0.103
 471.65272 18.440 0.062
 471.78948 18.649 0.087
 472.62728 18.272 0.053
 472.67116 18.383 0.066
 472.71497 18.499 0.070
 472.78088 18.545 0.078
 473.69494 18.379 0.094
 474.70685 18.146 0.056
 474.77330 18.463 0.120
 475.54126 18.516 0.091
 475.60005 18.470 0.075
 475.66619 18.737 0.091
 475.71831 18.273 0.073
 475.76541 18.381 0.127
 476.75102 18.574 0.082
 477.53801 18.562 0.076
 477.58928 18.606 0.057
 477.73675 18.646 0.065
 477.81763 18.689 0.078
 477.86185 18.338 0.063
 478.54413 18.316 0.066
 478.76455 18.531 0.054
 478.82351 18.622 0.073
 479.54298 18.251 0.060
 479.58688 18.171 0.044
 479.76435 18.504 0.068
 479.82450 18.501 0.078
 480.57903 18.401 0.070
 480.66020 18.354 0.051
 480.75375 18.515 0.066
 480.79788 18.379 0.062
 481.56423 18.712 0.082
 481.71262 18.265 0.050
 481.75658 18.394 0.057
 481.80054 18.465 0.073
 482.71344 18.729 0.075
 482.79137 18.274 0.053
 483.57973 18.523 0.097
 483.62415 18.587 0.078
 483.66805 18.886 0.107
 483.71203 18.611 0.065
 483.75593 18.761 0.081
 483.79985 18.545 0.072
 484.57838 18.413 0.063
 484.68707 18.631 0.073
 484.73145 18.585 0.066
 484.77543 18.641 0.068
 485.58204 18.378 0.051
 485.72895 18.666 0.073
 485.77310 18.576 0.073
 486.57854 18.339 0.053
 486.62408 18.308 0.054
 486.72061 18.480 0.068
 486.76581 18.491 0.069
 487.60552 18.330 0.049
 487.65372 18.172 0.044
 487.70155 18.370 0.051
 487.74569 18.332 0.054
 487.78986 18.407 0.056
 488.59099 18.549 0.066
 488.63499 18.615 0.059
 488.70383 18.132 0.051
 488.74783 18.227 0.049
 488.79191 18.310 0.065
 489.56676 18.602 0.060
 489.65574 18.583 0.060
 489.69965 18.736 0.063
 489.74356 18.590 0.063
 489.78759 18.135 0.044
 490.55998 18.520 0.047
 490.69718 18.493 0.066
 490.74129 18.523 0.059
 490.78529 18.541 0.059
 491.58449 18.406 0.073
 491.63631 18.538 0.060
 491.68043 18.567 0.072
 491.79385 18.567 0.076
 492.56869 18.262 0.062
 492.64301 18.326 0.065
 492.68887 18.479 0.087
 493.57171 18.319 0.047
 493.61621 18.218 0.054
 494.56643 18.659 0.078
 494.61033 18.778 0.076
 494.69889 18.180 0.049
 494.74390 18.314 0.060
 495.56921 18.557 0.085
 495.64287 18.616 0.091
 495.69635 18.669 0.100
 496.56462 18.515 0.063
 496.60937 18.678 0.110
 496.65345 18.526 0.073
 497.73781 18.541 0.085
 498.56370 18.377 0.060
 498.60775 18.382 0.049
 498.72149 18.487 0.063
 498.76541 18.543 0.066
 499.55866 18.143 0.050
 499.60434 18.298 0.050
 499.74464 18.446 0.082
 500.57160 18.590 0.084
 500.60137 18.328 0.073
 500.64624 18.241 0.070
 500.69741 18.352 0.066
 500.74184 18.310 0.076
 501.56555 18.589 0.079
 501.68430 18.119 0.069
 507.55395 18.638 0.066
 507.59918 18.783 0.081
 507.67097 18.333 0.089
 509.54985 18.633 0.073
 509.59692 18.627 0.079
 509.64923 18.526 0.084
 510.59147 18.693 0.098
 510.63705 18.593 0.097
 511.67693 18.562 0.095
 512.58356 18.423 0.076
 512.63194 18.336 0.066
 512.70623 18.414 0.057
 512.75176 18.553 0.062
 513.56388 18.722 0.092
 513.60946 18.189 0.053
 513.70113 18.428 0.056
 513.74837 18.359 0.057
 514.57213 18.873 0.084
 514.64119 18.783 0.094
 514.69152 18.162 0.053
 514.73839 18.266 0.050
 515.56627 18.719 0.070
 515.62103 18.675 0.070
 515.66924 18.635 0.063
 516.57256 18.391 0.078
 516.62674 18.595 0.085
 516.67373 18.607 0.073
 516.72027 18.600 0.073
 517.57057 18.557 0.079
 517.62042 18.565 0.085
 518.60791 18.550 0.078
 518.65316 18.509 0.070
 519.56855 18.152 0.040
 519.61517 18.331 0.049
 519.68269 18.527 0.089
 520.70933 18.272 0.070
 521.56482 18.493 0.072
 521.60997 18.544 0.101
 521.67274 18.645 0.098
 523.57393 18.558 0.113
 523.62633 18.794 0.103
 523.67621 18.487 0.075
 524.56620 18.375 0.073
 524.61632 18.474 0.089
 526.55348 18.800 0.157
 526.65549 18.396 0.119
 527.67866 18.194 0.069
 530.56880 18.772 0.129
 531.56618 18.404 0.082
 532.55565 18.211 0.072
 534.56210 18.859 0.125
 534.60626 18.801 0.117
 534.65801 18.747 0.107
 535.54672 18.659 0.078
 535.60702 18.394 0.084
 535.68074 18.749 0.106
 536.52579 18.536 0.078
 536.57104 18.522 0.084
 536.62153 18.587 0.110
 537.52045 18.338 0.068
 537.62065 18.595 0.081
 537.66750 18.631 0.085
 538.50844 18.026 0.057
 538.56020 18.174 0.054
 539.51707 18.732 0.082
 539.62819 18.374 0.063
 539.67228 18.333 0.054
 540.54730 18.598 0.125
 540.67833 18.226 0.059
 541.52747 18.691 0.094
 541.58452 18.592 0.070
 542.51655 18.530 0.065
 542.56846 18.647 0.076
 542.61591 18.571 0.073
 542.66006 18.768 0.095
 543.55475 18.546 0.073
 543.59883 18.612 0.079
 543.63592 18.622 0.079
 543.67992 18.554 0.073
 544.50757 18.277 0.057
 544.55187 18.553 0.082
 544.59613 18.543 0.072
 544.64134 18.592 0.084
 551.49729 18.283 0.053
 552.50559 18.726 0.095
 553.51403 18.629 0.069
 553.62477 18.424 0.068
 554.49079 18.562 0.069
 554.57625 18.589 0.110
 555.49710 18.721 0.117
 557.59766 18.458 0.103
 558.54450 18.310 0.100
 559.52825 18.708 0.085
 560.50635 18.593 0.101
 561.50637 18.533 0.089
 562.50788 18.352 0.075
 564.50908 18.217 0.076
 565.51486 18.630 0.079
 566.50889 18.649 0.070
 567.50996 18.615 0.056
 568.49522 18.553 0.101
 569.50504 18.542 0.082
 571.49084 18.286 0.057
 572.51969 18.842 0.101
 574.48195 18.613 0.060
 575.48060 18.504 0.075
 577.48956 18.255 0.063
 578.50257 18.620 0.062
 582.48527 18.558 0.097
 583.48802 18.406 0.054
 672.87338 18.333 0.051
 689.90386 18.571 0.066
 699.90727 18.495 0.057
 701.82418 18.522 0.082
 704.86666 18.553 0.072
 706.84814 18.466 0.092
 714.81554 18.741 0.076
 716.78013 18.557 0.065
 720.83649 18.500 0.065
 728.77535 18.534 0.065
 729.77534 18.559 0.060
 730.73092 18.404 0.069
 733.82188 18.495 0.113
 741.82515 18.647 0.084
 745.77996 18.363 0.057
 747.82839 18.663 0.062
 753.77634 18.673 0.084
 759.81680 18.358 0.065
 766.79096 18.731 0.107
 772.81006 18.153 0.049
 775.79177 18.625 0.059
 779.81042 18.597 0.070
 781.82730 18.659 0.076
 787.78686 18.702 0.082
 789.77084 18.526 0.068
 790.78135 18.499 0.065
 795.73895 18.423 0.053
 796.81081 18.459 0.060
 797.73863 18.217 0.043
 798.71059 18.805 0.066
 805.79551 18.341 0.072
 816.76653 18.466 0.054
 817.68575 18.733 0.072
 819.78543 18.741 0.068
 822.79961 18.561 0.046
 824.82891 18.375 0.050
 826.65240 18.635 0.068
 829.72301 18.551 0.084
 836.77801 18.441 0.068
 840.65740 18.580 0.082
 843.65788 18.698 0.065
 850.63145 18.716 0.076
 854.66221 18.323 0.070
 855.63619 18.289 0.066
 856.60248 18.755 0.106
 858.57508 18.551 0.076
 864.67824 18.747 0.114
 875.55039 18.650 0.063
 880.53601 18.335 0.060
 887.54928 18.201 0.054
 892.63283 18.452 0.063
 895.52373 18.597 0.087
 898.53053 18.432 0.040
 918.51761 18.627 0.107
 922.59793 18.641 0.091
 928.52383 18.859 0.119
 931.54578 18.766 0.104
 933.55555 18.162 0.047
 947.49521 18.653 0.116
 951.54517 18.472 0.051
1045.87724 18.573 0.081
1051.86380 18.630 0.089
1052.89902 18.561 0.084
1053.87916 18.422 0.062
1054.89489 18.349 0.051
1055.86740 18.195 0.060
1059.88015 18.413 0.085
1061.88989 18.183 0.066
1068.87426 18.232 0.051
1069.88495 18.256 0.050
1071.90199 18.637 0.078
1081.86241 18.328 0.047
1087.80948 18.062 0.050
1091.81195 18.376 0.072
1102.79440 18.715 0.049
1106.84945 18.340 0.041
1107.77721 18.212 0.049
1113.79000 18.358 0.063
1119.79473 18.406 0.062
1126.81662 18.377 0.050
1131.68857 18.393 0.087
1132.74055 18.330 0.063
1136.77382 18.505 0.069
1138.79799 18.537 0.051
1142.66500 18.448 0.049
1144.73395 18.433 0.056
1151.75978 18.429 0.057
1155.75904 18.699 0.063
1158.75661 18.477 0.050
1161.73455 18.715 0.057
1165.75523 18.359 0.049
1169.75017 18.522 0.066
1174.72397 18.615 0.057
1179.74080 18.255 0.060
1181.81285 18.647 0.070
1186.76729 18.301 0.041
1187.82855 18.637 0.054
1188.75655 18.619 0.050
1196.70726 18.449 0.075
1203.73456 18.439 0.060
1207.59294 18.413 0.078
1211.63067 18.686 0.070
1214.63154 18.606 0.069
1217.60643 18.438 0.043
1220.61126 18.710 0.069
1223.63747 18.385 0.057
1225.57842 18.690 0.062
1227.65896 18.726 0.098
1231.55483 18.615 0.076
1234.60307 18.473 0.070
1236.61055 18.337 0.069
1240.56102 18.593 0.070
1242.66474 18.517 0.081
1244.61218 18.756 0.082
1247.54489 18.478 0.070
1252.66080 18.620 0.100
1256.52967 18.588 0.091
1260.55376 18.439 0.066
1265.53010 18.645 0.073
1273.57598 18.533 0.107
1277.51226 18.575 0.087
1288.51056 18.237 0.066
1290.57792 18.636 0.088
1296.51531 18.587 0.078
1298.55323 18.564 0.076
1301.49493 18.340 0.069
1305.54073 18.539 0.078
1308.47026 18.711 0.087
1313.51673 18.320 0.075
1319.48483 18.316 0.054
1329.52448 18.454 0.089
1332.49969 18.465 0.125
1339.48323 18.453 0.100
1412.84316 18.736 0.104
1418.84038 18.598 0.088
1430.89487 18.347 0.049
1432.82871 18.585 0.075
1435.80473 18.280 0.078
1437.78864 18.615 0.092
1440.83632 18.564 0.095
1446.84837 18.543 0.111
1447.87392 18.476 0.097
1451.76903 18.435 0.078
1458.85999 18.544 0.075
1459.77565 18.460 0.073
1462.77990 18.127 0.072
1470.84030 18.725 0.069
1475.75289 18.189 0.047
1478.70830 18.347 0.101
1478.84315 18.524 0.070
1481.68197 18.453 0.076
1487.71134 18.294 0.054
1490.70816 18.758 0.082
1492.70127 18.459 0.076
1495.69979 18.535 0.072
1497.82598 18.704 0.094
1499.65761 18.250 0.076
1502.65278 18.606 0.101
1505.69340 18.566 0.076
1507.82689 18.523 0.073
1510.80289 18.659 0.068
1512.69960 18.415 0.092
1514.81071 18.499 0.072
1517.64618 18.387 0.068
1519.71984 18.337 0.051
1521.65557 18.574 0.066
1523.77633 18.605 0.079
1525.77068 18.501 0.056
1527.69961 18.290 0.053
1528.74598 18.683 0.057
1529.76711 18.675 0.075
1531.76021 18.753 0.079
1538.71678 18.602 0.068
1541.67288 18.675 0.054
1542.70276 18.756 0.103
1544.62872 18.464 0.056
1547.75566 18.204 0.043
1548.73326 18.760 0.072
1549.72752 18.886 0.076
1552.59228 18.196 0.049
1554.71874 18.666 0.063
1555.72549 18.615 0.063
1562.72841 18.624 0.087
1564.60700 18.245 0.068
1567.69962 18.630 0.097
1570.60494 18.426 0.075
1574.77741 18.308 0.041
1580.76318 18.267 0.050
1583.64852 18.457 0.057
1585.73514 18.418 0.050
1588.74283 18.672 0.110
1591.71572 18.553 0.136
1593.57705 18.696 0.087
1595.73086 18.539 0.107
1596.71081 18.663 0.087
1599.63265 18.515 0.059
1601.70872 18.450 0.085
1604.59022 18.245 0.065
1606.62517 18.733 0.091
1609.66650 18.536 0.062
1610.65158 18.509 0.075
1613.54263 18.783 0.110
1615.57458 18.511 0.070
1617.64591 18.376 0.050
1619.62960 18.762 0.101
1622.53093 18.499 0.079
1624.52748 18.621 0.088
1626.52832 18.768 0.092
1627.64944 18.620 0.085
1629.52842 18.356 0.060
1630.60988 18.352 0.056
1632.54642 18.650 0.079
1634.52411 18.595 0.069
1643.51609 18.135 0.051
1650.53148 18.308 0.094
1654.55347 18.526 0.079
1656.53968 18.251 0.076
1659.54711 18.776 0.098
1661.57109 18.520 0.075
1664.53277 18.502 0.069
1667.53795 18.408 0.078
1670.55972 18.242 0.078
1672.54870 18.811 0.100
1769.89156 18.522 0.087
1771.91839 18.344 0.095
1772.89823 18.212 0.051
1775.89933 18.637 0.072
1784.88391 18.489 0.068
1789.87262 18.445 0.046
1804.82223 18.134 0.051
1808.90279 18.551 0.113
1812.81733 18.588 0.059
1816.82867 18.404 0.050
1821.81923 18.555 0.063
1823.86137 18.541 0.050
1826.84447 18.669 0.082
1829.81817 18.379 0.066
1830.83151 18.271 0.056
1834.87045 18.501 0.073
1859.80759 18.763 0.078
1861.82480 18.748 0.095
1865.78238 18.886 0.073
1868.82179 18.543 0.049
1870.75509 18.567 0.051
1871.83899 18.497 0.073
1873.79856 18.486 0.056
2167.89381 18.169 0.046
2190.85320 18.533 0.044
2193.81645 18.608 0.041
2202.81579 18.486 0.041
2214.86348 18.910 0.097
2215.76899 18.594 0.056
2224.81711 18.353 0.044
2227.72793 18.557 0.057
2229.73370 18.509 0.053
2231.70196 18.548 0.051
2233.67022 18.613 0.044
2237.58963 18.774 0.101
2239.65063 18.608 0.059
2241.74231 18.601 0.053
2243.80731 18.383 0.049
2248.66639 18.426 0.037
2250.75440 18.441 0.060
2252.72763 18.596 0.051
2254.71868 18.555 0.044
2257.72272 18.211 0.036
2265.77702 18.643 0.063
2266.74805 18.665 0.047
2270.79366 18.418 0.037
2272.64320 18.698 0.051
2274.77055 18.598 0.065
2276.82849 18.424 0.053
2278.78534 18.613 0.073
2280.76808 18.525 0.049
2282.76531 18.434 0.040
2284.78667 18.190 0.031
2289.82775 18.468 0.043
2291.81379 18.229 0.044
2293.78268 18.819 0.100
2295.80656 18.498 0.044
2297.79262 18.333 0.050
2300.81764 18.611 0.082
2302.77888 18.403 0.060
2315.70265 18.558 0.053
2324.56429 18.603 0.062
2328.54993 18.694 0.078
2334.54312 18.379 0.049
2340.53977 18.307 0.051
2347.53707 18.219 0.041
2373.49226 18.489 0.084
2385.55539 18.313 0.068
2534.88796 18.305 0.059
2539.89513 18.524 0.054
2545.86324 18.730 0.075
2553.75513 18.431 0.078
2557.82317 18.476 0.062
2561.82122 18.332 0.049
2565.82358 18.538 0.066
2574.78580 18.597 0.060
2578.84219 18.576 0.057
2584.73799 18.597 0.079
2590.81471 18.643 0.057
2596.82113 18.560 0.072
2606.71766 18.502 0.050
2609.82623 18.964 0.113
2614.79301 18.916 0.107
2619.66906 18.706 0.051
2621.79703 18.594 0.056
2624.69405 18.410 0.043
2629.81236 18.708 0.068
2632.70645 18.330 0.040
2635.80699 18.503 0.075
2638.80015 18.499 0.068
2641.76834 18.601 0.050
2643.77433 18.605 0.050
2645.77028 18.272 0.041
2647.69929 18.784 0.056
2650.78079 18.662 0.073
2653.65314 18.647 0.069
2655.70618 18.532 0.046
2657.64464 18.204 0.041
2659.79844 18.233 0.066
2660.70490 18.632 0.060
2662.71468 18.456 0.053
2664.73011 18.469 0.072
2666.78396 18.593 0.047
2668.77550 18.710 0.062
2675.80256 18.616 0.049
2677.78956 18.415 0.066
2679.80820 18.218 0.062
2682.73022 18.568 0.085
2687.62960 18.690 0.082
2692.57241 18.529 0.060
2697.51878 18.821 0.081
2702.51760 18.413 0.073
2708.54636 18.310 0.053
2724.51619 18.510 0.054
2871.92310 18.137 0.036
2884.86732 18.446 0.063
2890.88933 18.459 0.087
2896.84200 18.250 0.053
2902.77665 18.161 0.033
2911.88518 18.698 0.044
2917.78872 18.462 0.049
2923.78809 18.609 0.057
2926.84399 18.675 0.060
2931.77246 18.600 0.049
2934.81289 18.336 0.041
2940.79327 18.488 0.046
2943.79746 18.661 0.057
2947.80603 18.373 0.040
2950.71998 18.607 0.056
2954.74324 18.289 0.050
2956.78879 18.714 0.051
2958.83338 18.773 0.092
2962.82762 18.224 0.031
2964.84605 18.649 0.050
2967.77657 18.376 0.044
2970.83056 18.524 0.043
2974.76858 18.264 0.033
2976.65806 18.502 0.049
2979.64149 18.154 0.043
2983.76964 18.684 0.054
2985.81736 18.650 0.049
2987.71611 18.267 0.047
2989.65877 18.579 0.043
2991.73102 18.542 0.053
2993.73876 18.427 0.056
2995.81398 18.359 0.038
2997.78287 18.632 0.054
2998.73041 18.409 0.047
3000.73292 18.335 0.047
3002.72028 18.589 0.051
3004.72374 18.596 0.044
3006.71666 18.282 0.033
3008.73111 18.616 0.047
3010.77757 18.660 0.073
3011.79389 18.520 0.063
3016.72753 18.649 0.053
3018.75793 18.531 0.057
3020.82169 18.299 0.044
3021.84662 18.274 0.044
3023.70761 18.646 0.053
3025.67925 18.374 0.030
3027.72469 18.498 0.041
3029.70955 18.504 0.038
3031.77988 18.421 0.051
3034.61124 18.546 0.036
3036.64160 18.487 0.041
3039.58352 18.650 0.056
3042.69103 18.701 0.062
3044.63047 18.447 0.056
3046.61643 18.740 0.066
3047.71878 18.724 0.081
3048.64989 18.554 0.040
3049.67343 18.547 0.033
3051.64276 18.377 0.047
3053.61798 18.692 0.044
3055.63502 18.723 0.062
3057.66015 18.314 0.037
3059.60480 18.710 0.043
3061.59709 18.653 0.065
3066.56666 18.580 0.084
3068.59449 18.463 0.056
3073.68314 18.644 0.069
3076.60687 18.496 0.070
3079.58591 18.652 0.038
3082.67517 18.500 0.036
3085.57569 18.657 0.053
3088.53594 18.321 0.049
3091.51829 18.772 0.076
3096.56735 18.328 0.054
3099.63501 18.612 0.091
3100.49492 18.626 0.073
3103.51656 18.160 0.034
3106.53783 18.586 0.051
3109.52343 18.328 0.040
3112.57526 18.514 0.059
3116.55695 18.210 0.051
3127.55410 18.490 0.043
3133.51457 18.588 0.073
3223.91288 18.466 0.068
3242.86376 18.524 0.047
3248.91771 18.594 0.057
3258.89848 18.193 0.041
3264.86473 18.331 0.031
3271.81252 18.191 0.053
3274.81650 18.740 0.088
3278.88949 18.316 0.044
3282.78169 18.424 0.043
3287.82063 18.525 0.037
3291.75792 18.559 0.053
3295.77841 18.431 0.031
3297.77051 18.279 0.024
3299.83857 18.659 0.033
3301.83194 18.631 0.053
3305.74093 18.579 0.046
3309.80223 18.307 0.030
3311.79584 18.630 0.047
3320.85927 18.496 0.043
3327.81171 18.573 0.040
3330.78777 18.220 0.041
3336.64017 18.674 0.065
3339.81866 18.671 0.060
3353.81239 18.614 0.049
3357.75304 18.484 0.040
3360.72979 18.428 0.033
3365.84920 18.698 0.047
3373.81327 18.526 0.066
3378.74006 18.556 0.047
3394.62320 18.813 0.082
3399.77693 18.667 0.072
3403.76402 18.712 0.057
3408.68719 18.594 0.041
3413.53345 18.702 0.057
3417.62735 18.699 0.062
3427.56333 18.594 0.057
3434.51518 18.623 0.051
3440.53930 18.575 0.053
3447.50851 18.751 0.078
3456.53407 18.493 0.057
3469.48894 18.489 0.051
3478.48143 18.658 0.051
3601.89190 18.399 0.049
3619.89465 18.364 0.038
3636.83348 18.580 0.063
3640.78340 18.825 0.063
3651.81728 18.407 0.047
3654.86348 18.690 0.044
3658.82715 18.446 0.046
3661.87290 18.675 0.065
3665.84610 18.280 0.038
3670.81571 18.513 0.054
3673.82600 18.761 0.043
3676.82616 18.602 0.038
3685.76551 18.348 0.033
3687.85223 18.600 0.043
3690.77418 18.480 0.046
3693.80984 18.658 0.047
3695.84093 18.576 0.043
3698.83056 18.397 0.047
3701.69953 18.501 0.041
3703.78331 18.477 0.041
3705.84751 18.137 0.028
3708.83524 18.702 0.068
3712.79278 18.694 0.050
3715.75846 18.511 0.043
3718.69427 18.468 0.057
3720.84406 18.513 0.060
3724.76166 18.152 0.027
3728.73970 18.396 0.038
3731.80278 18.123 0.030
3733.66553 18.490 0.038
3735.65337 18.302 0.027
3737.81189 18.309 0.025
3740.77524 18.640 0.037
3742.78580 18.707 0.088
3745.81781 18.507 0.056
3749.76785 18.408 0.062
3751.78169 18.663 0.062
3753.73108 18.702 0.050
3755.73117 18.509 0.051
3757.72090 18.694 0.051
3759.81120 18.641 0.054
3763.68320 18.524 0.028
3766.69980 18.755 0.056
3770.72735 18.545 0.050
3773.75860 18.651 0.057
3776.73294 18.197 0.049
3783.60021 18.519 0.040
3788.57439 18.654 0.047
3793.57995 18.472 0.044
3801.51572 18.757 0.056
3810.55057 18.538 0.054
3826.49142 18.191 0.041
3958.88150 18.728 0.092
3965.85132 18.562 0.038
3970.87144 18.610 0.049
3982.82223 18.548 0.051
3993.77491 18.440 0.060
3999.86642 18.508 0.046
4003.74235 18.482 0.037
4006.76350 18.322 0.033
4008.78441 18.916 0.054
4013.79602 18.303 0.046
4019.79718 18.266 0.033
4026.85923 18.703 0.069
4029.80359 18.724 0.051
4032.84018 18.324 0.053
4038.78624 18.407 0.044
4041.74613 18.566 0.046
4043.75117 18.610 0.056
4049.71442 18.617 0.040
4052.77577 18.272 0.034
4054.76191 18.616 0.049
4056.82105 18.557 0.043
4059.71581 18.295 0.036
4064.78346 18.442 0.031
4066.78343 18.321 0.038
4069.73650 18.647 0.047
4071.66445 18.198 0.038
4076.73667 18.495 0.053
4079.77815 18.107 0.038
4082.82607 18.673 0.056
4084.79132 18.476 0.049
4086.81634 18.200 0.041
4103.64098 18.387 0.041
4111.79511 18.405 0.040
4117.73573 18.330 0.038
4127.66433 18.625 0.043
4132.75326 18.415 0.047
4143.54049 18.608 0.053
4157.53273 18.585 0.057
4168.57350 18.333 0.034
4198.52607 18.655 0.069
4343.85899 18.273 0.051
4348.82789 18.417 0.044
4353.85926 18.810 0.070
4358.81128 18.692 0.089
4364.89765 18.531 0.063
4367.87148 18.538 0.049
4370.89316 18.095 0.037
4373.84918 18.554 0.050
4378.75260 18.970 0.110
4381.74078 18.524 0.081
4386.85866 18.538 0.056
4390.82065 18.829 0.065
4394.86724 18.370 0.037
4399.79496 18.537 0.056
4412.78237 18.610 0.059
4423.73272 18.579 0.050
4427.73480 18.182 0.033
4430.73810 18.627 0.068
4433.75565 18.281 0.041
4437.75361 18.596 0.066
4440.69785 18.179 0.041
4443.79033 18.565 0.062
4444.83318 18.784 0.098
4448.69883 18.546 0.063
4449.74629 18.534 0.053
4449.76126 18.384 0.054
4450.70919 18.612 0.079
4451.64436 18.434 0.053
4451.79687 18.327 0.053
4452.85714 18.476 0.051
4453.63323 18.599 0.065
4454.65681 18.758 0.075
4455.64357 18.649 0.066
4455.76226 18.610 0.066
4456.72431 18.616 0.056
4457.69906 18.538 0.050
4457.79348 18.731 0.084
4458.62146 18.376 0.044
4459.60572 18.521 0.059
4459.76070 18.434 0.044
4461.61908 18.690 0.047
4462.63643 18.919 0.095
4462.78618 18.659 0.049
4463.62998 18.583 0.046
4463.75744 18.645 0.047
4464.63233 18.428 0.044
4464.76176 18.596 0.050
4465.63922 18.291 0.034
4465.77419 18.359 0.040
4466.64882 18.403 0.047
4466.74017 18.323 0.034
4467.60771 18.935 0.110
4467.68454 18.682 0.044
4468.64028 18.646 0.043
4468.73844 18.730 0.051
4469.62461 18.500 0.053
4470.62132 18.428 0.050
4470.69399 18.479 0.047
4471.60692 18.292 0.033
4471.76879 18.354 0.049
4472.60315 18.374 0.033
4472.77579 18.400 0.033
4473.73714 18.315 0.051
4476.75810 18.636 0.050
4482.79898 18.432 0.054
4485.78930 18.536 0.062
4490.63654 18.417 0.047
4494.70260 18.647 0.069
4498.72699 18.344 0.044
4501.72433 18.693 0.078
4506.65834 18.789 0.072
4508.68520 18.498 0.053
4509.74931 18.732 0.065
4512.71884 18.168 0.038
4518.65903 18.327 0.065
4521.69958 18.644 0.065
4523.67859 18.411 0.057
4525.64320 18.196 0.038
4531.62691 18.080 0.033
4534.55580 18.442 0.060
4537.67158 18.365 0.046
4539.59085 18.691 0.063
4542.50823 18.400 0.065
