 553.75271 15.414 0.006
 560.74973 15.840 0.007
 561.76568 15.550 0.006
 571.85380 15.658 0.006
 572.92376 15.868 0.008
 573.90255 15.824 0.007
 574.88537 15.273 0.006
 575.91659 15.665 0.007
 578.80405 15.870 0.006
 583.84046 15.519 0.007
 587.91724 15.274 0.006
 588.87298 15.352 0.006
 590.85460 15.764 0.008
 599.89816 15.817 0.009
 600.84690 15.867 0.006
 601.68336 15.793 0.006
 605.87305 15.887 0.009
 606.77931 15.869 0.006
 607.77584 15.297 0.006
 608.76773 15.594 0.006
 614.83898 15.851 0.007
 615.79724 15.775 0.007
 623.71749 15.738 0.006
 624.72906 15.838 0.007
 626.81463 15.642 0.006
 628.70232 15.761 0.006
 629.69309 15.854 0.007
 631.80388 15.713 0.009
 632.82109 15.818 0.007
 633.69797 15.805 0.006
 635.77910 15.557 0.006
 643.75814 15.406 0.006
 645.61808 15.333 0.006
 652.67856 15.855 0.007
 653.57725 15.856 0.006
 655.63416 15.641 0.006
 656.80970 15.508 0.006
 657.73386 15.306 0.006
 657.80396 15.441 0.007
 663.73295 15.628 0.007
 665.50111 15.536 0.006
 666.59569 15.808 0.006
 671.53251 15.797 0.008
 684.61813 15.808 0.006
 686.63584 15.429 0.004
 688.62237 15.791 0.007
 697.61526 15.761 0.007
 699.64893 15.277 0.006
 706.59271 15.712 0.008
 712.55109 15.798 0.007
 715.50636 15.584 0.006
 727.55888 15.311 0.006
 745.55725 15.477 0.007
 755.53172 15.354 0.007
 875.84669 15.408 0.006
 880.86742 15.620 0.006
 890.87831 15.771 0.006
 896.78700 15.832 0.006
 898.90119 15.639 0.006
 925.79194 15.209 0.005
 928.80228 15.845 0.007
 937.84340 15.871 0.007
 944.78957 15.504 0.006
 950.75800 15.737 0.006
 952.77026 15.712 0.006
 961.87885 15.397 0.006
 966.87403 15.521 0.006
 970.74186 15.875 0.007
 971.84208 15.560 0.006
 984.66050 15.829 0.006
 985.67258 15.421 0.006
 988.70454 15.835 0.007
 989.72932 15.440 0.006
 990.78451 15.622 0.006
 990.79226 15.639 0.007
 991.63449 15.494 0.006
 997.70209 15.826 0.006
1006.63151 15.750 0.007
1011.72837 15.850 0.007
1020.70428 15.832 0.007
1025.58927 15.779 0.006
1035.73088 15.321 0.006
1036.64487 15.367 0.006
1040.61494 15.599 0.006
1041.52520 15.483 0.006
1046.68588 15.691 0.008
1053.69654 15.438 0.006
1061.57519 15.716 0.007
1063.60040 15.465 0.006
1068.60992 15.311 0.006
1072.56903 15.866 0.008
1076.63769 15.794 0.007
1079.56461 15.681 0.007
1087.50794 15.284 0.006
1090.53669 15.823 0.008
1094.52142 15.776 0.007
1107.51530 15.691 0.007
1114.54556 15.282 0.006
1230.85928 15.513 0.006
1240.83906 15.673 0.008
1243.86901 15.350 0.006
1252.89843 15.419 0.006
1255.83059 15.818 0.008
1258.85971 15.683 0.007
1261.80050 15.690 0.007
1267.90686 15.733 0.007
1277.91791 15.824 0.007
1279.87464 15.254 0.006
1288.77694 15.858 0.007
1290.74264 15.452 0.006
1294.85214 15.607 0.008
1295.86296 15.767 0.007
1296.86668 15.848 0.007
1298.83390 15.395 0.006
1305.76820 15.775 0.008
1306.77755 15.844 0.007
1307.81238 15.303 0.006
1310.70054 15.741 0.007
1312.87428 15.616 0.007
1313.88292 15.795 0.007
1315.85993 15.582 0.008
1316.76315 15.547 0.006
1317.90981 15.744 0.008
1318.83588 15.801 0.009
1319.80012 15.833 0.007
1320.82796 15.400 0.006
1327.81507 15.760 0.009
1332.87832 15.827 0.010
1335.70167 15.262 0.006
1338.75280 15.844 0.008
1338.86291 15.259 0.006
1339.58784 15.798 0.007
1339.73401 15.502 0.007
1340.63240 15.527 0.006
1340.77565 15.583 0.007
1340.88175 15.740 0.008
1341.69628 15.615 0.007
1341.91483 15.851 0.009
1342.60772 15.634 0.006
1342.73588 15.793 0.007
1343.82899 15.220 0.006
1345.76520 15.648 0.006
1346.66681 15.633 0.007
1346.76722 15.779 0.007
1347.67055 15.784 0.007
1347.77078 15.851 0.007
1348.63343 15.825 0.008
1348.73029 15.684 0.007
1348.85744 15.508 0.006
1349.63122 15.657 0.007
1349.74400 15.463 0.008
1349.86675 15.724 0.007
1350.77197 15.732 0.006
1350.87033 15.815 0.006
1352.82545 15.242 0.004
1353.65983 15.842 0.009
1353.77311 15.405 0.008
1354.59635 15.499 0.007
1354.70122 15.453 0.006
1354.80621 15.686 0.007
1355.59566 15.442 0.006
1355.68904 15.659 0.007
1355.78952 15.799 0.008
1359.64880 15.432 0.009
1360.85337 15.843 0.009
1365.80977 15.853 0.008
1366.70932 15.856 0.008
1367.67440 15.388 0.006
1367.80637 15.582 0.008
1368.59370 15.253 0.006
1368.69649 15.539 0.006
1368.82179 15.769 0.008
1369.61081 15.585 0.007
1369.72460 15.756 0.006
1370.56424 15.653 0.007
1370.66212 15.783 0.007
1374.70975 15.804 0.008
1375.75052 15.685 0.007
1376.54714 15.803 0.007
1394.68233 15.546 0.006
1395.78174 15.679 0.008
1398.73065 15.586 0.009
1399.58082 15.850 0.008
1400.68937 15.580 0.006
1401.62114 15.631 0.007
1402.61563 15.753 0.007
1403.66747 15.784 0.007
1404.61916 15.298 0.006
1407.63684 15.821 0.010
1408.65688 15.400 0.006
1416.52328 15.703 0.007
1419.67472 15.705 0.007
1431.60510 15.682 0.007
1435.50447 15.766 0.007
1441.50735 15.796 0.011
1446.55570 15.375 0.007
1449.52768 15.796 0.008
1458.55483 15.822 0.009
1461.56288 15.678 0.007
1477.52169 15.861 0.010
1601.85852 15.877 0.009
1605.89549 15.865 0.008
1611.85528 15.240 0.006
1634.84918 15.267 0.006
1644.74508 15.240 0.006
1645.88415 15.769 0.008
1652.80739 15.658 0.008
1661.77341 15.858 0.007
1662.83867 15.486 0.006
1665.72166 15.797 0.007
1666.86885 15.397 0.007
1667.91527 15.732 0.008
1669.87496 15.863 0.008
1676.86052 15.634 0.006
1682.89453 15.832 0.008
1682.92765 15.862 0.011
1689.79064 15.271 0.007
1695.63732 15.263 0.005
1698.69293 15.827 0.007
1701.66089 15.664 0.006
1703.60257 15.793 0.008
1706.78669 15.829 0.007
1717.73134 15.306 0.006
1725.80205 15.331 0.006
1726.60562 15.826 0.007
1728.64971 15.623 0.007
1729.59689 15.681 0.006
1730.57782 15.781 0.007
1731.60547 15.839 0.007
1732.73727 15.657 0.006
1742.75551 15.798 0.008
1742.78040 15.797 0.008
1743.73786 15.846 0.008
1744.83179 15.550 0.007
1748.54895 15.728 0.007
1749.50849 15.763 0.007
1750.55188 15.603 0.006
1751.51822 15.326 0.006
1752.58536 15.705 0.007
1754.65403 15.296 0.006
1755.66834 15.603 0.006
1756.55094 15.555 0.006
1757.66245 15.795 0.007
1758.59501 15.815 0.007
1759.52184 15.830 0.007
1761.61406 15.734 0.007
1762.63626 15.815 0.007
1763.66932 15.306 0.006
1764.57986 15.323 0.006
1765.58469 15.621 0.006
1774.52260 15.438 0.006
1776.71254 15.312 0.005
1784.69403 15.809 0.008
1790.64951 15.504 0.006
1803.56282 15.772 0.007
1806.55683 15.566 0.006
1809.53883 15.853 0.007
1811.57327 15.678 0.007
1813.61065 15.701 0.007
1815.60627 15.665 0.009
1817.58268 15.812 0.008
1824.51675 15.391 0.006
1830.52924 15.718 0.007
2130.48399 15.606 0.006
2133.50987 15.272 0.006
2136.63112 15.531 0.007
2141.62182 15.270 0.006
2144.70274 15.841 0.007
2170.60342 15.650 0.007
2179.50168 15.358 0.007
2189.49678 15.612 0.008
2212.52351 15.673 0.008
2333.90252 15.869 0.008
2337.80920 15.751 0.007
2349.82758 15.449 0.006
2357.82071 15.641 0.007
2365.89526 15.879 0.008
2373.77572 15.649 0.007
2405.85550 15.764 0.008
2464.76687 15.647 0.006
2708.90155 15.574 0.006
2850.63392 15.748 0.007
2858.76123 15.609 0.007
3059.84734 15.661 0.007
3064.86252 15.725 0.007
3068.81587 15.576 0.007
3070.90110 15.805 0.007
3073.85355 15.706 0.007
3075.88815 15.442 0.006
3080.80070 15.839 0.007
3083.75495 15.693 0.007
3085.85157 15.312 0.006
3087.77924 15.662 0.007
3089.82623 15.763 0.006
3091.88045 15.714 0.006
3097.80536 15.783 0.007
3099.89192 15.581 0.007
3101.79705 15.714 0.007
3102.89177 15.690 0.007
3104.74746 15.319 0.008
3106.88914 15.825 0.008
3107.87958 15.356 0.006
3109.81657 15.592 0.006
3110.88321 15.792 0.007
3112.88248 15.343 0.006
3113.89379 15.643 0.006
3114.82414 15.668 0.006
3115.88457 15.809 0.007
3116.86497 15.596 0.006
3124.75670 15.715 0.008
3126.69626 15.809 0.007
3127.86261 15.646 0.007
3128.86244 15.765 0.008
3130.74140 15.807 0.008
3131.70778 15.814 0.009
3134.87683 15.703 0.011
3137.75883 15.612 0.007
3138.64417 15.598 0.007
3139.93148 15.403 0.006
3142.81219 15.746 0.007
3144.82921 15.287 0.006
3146.87494 15.746 0.007
3151.79988 15.727 0.008
3152.80143 15.795 0.008
3153.80006 15.633 0.007
3154.88770 15.620 0.007
3156.85638 15.818 0.008
3157.86833 15.471 0.006
3158.87916 15.503 0.007
3162.83784 15.396 0.006
3163.79701 15.358 0.006
3164.78560 15.602 0.006
3165.70271 15.619 0.006
3168.85011 15.609 0.006
3169.81683 15.715 0.007
3170.63438 15.583 0.006
3171.77243 15.815 0.006
3171.89800 15.336 0.006
3172.79678 15.337 0.006
3173.83422 15.669 0.007
3174.75326 15.687 0.006
3175.76371 15.784 0.007
3175.84003 15.831 0.007
3177.80874 15.512 0.007
3179.54444 15.285 0.006
3180.76839 15.816 0.006
3182.82853 15.635 0.006
3183.78748 15.726 0.007
3184.74205 15.778 0.007
3185.67319 15.793 0.007
3193.59234 15.545 0.006
3193.63654 15.629 0.006
3194.54275 15.659 0.007
3194.78526 15.787 0.007
3195.54246 15.762 0.007
3196.73592 15.515 0.006
3197.56656 15.308 0.006
3199.67452 15.825 0.007
3201.53546 15.833 0.006
3202.66316 15.666 0.007
3203.57970 15.666 0.006
3204.61346 15.803 0.006
3205.70463 15.387 0.006
3206.57612 15.292 0.006
3206.76210 15.712 0.007
3210.49666 15.831 0.008
3211.65190 15.627 0.007
3217.69271 15.820 0.008
3218.69176 15.475 0.007
3223.69572 15.285 0.006
3224.74026 15.654 0.007
3226.67115 15.836 0.008
3228.64158 15.254 0.006
3230.71148 15.787 0.006
3231.61481 15.802 0.008
3232.64834 15.640 0.007
3238.66313 15.570 0.006
3240.51224 15.656 0.006
3241.69583 15.238 0.006
3245.59912 15.823 0.008
3247.48618 15.866 0.008
3249.59252 15.773 0.008
3251.50174 15.858 0.008
3254.55324 15.763 0.008
3257.49767 15.294 0.006
3260.53394 15.894 0.009
3265.59008 15.249 0.006
3267.57007 15.692 0.007
3272.63070 15.833 0.008
3277.54207 15.790 0.007
3279.60193 15.379 0.006
3282.51983 15.818 0.007
3289.50180 15.373 0.006
3295.51222 15.738 0.006
3295.56506 15.823 0.005
3296.53972 15.863 0.006
3300.55327 15.827 0.009
3418.88345 15.635 0.006
3423.85768 15.680 0.006
3427.86223 15.596 0.006
3429.89036 15.846 0.008
3436.84750 15.545 0.006
3443.80272 15.793 0.006
3445.84572 15.506 0.006
3447.89422 15.824 0.007
3449.91139 15.525 0.006
3453.81357 15.839 0.008
3455.87345 15.718 0.006
3456.88195 15.801 0.006
3457.87647 15.706 0.006
3459.86741 15.638 0.006
3468.91782 15.689 0.006
3470.90886 15.850 0.007
3472.81870 15.315 0.005
3473.90030 15.718 0.007
3474.90230 15.810 0.007
3475.89784 15.730 0.006
3477.91359 15.668 0.006
3479.78418 15.757 0.006
3480.91311 15.281 0.005
3482.91601 15.728 0.006
3496.77188 15.561 0.006
3497.87312 15.790 0.007
3499.76636 15.771 0.006
3500.85330 15.601 0.006
3502.66910 15.642 0.006
3503.82181 15.777 0.006
3506.76908 15.669 0.006
3508.88541 15.399 0.006
3509.68282 15.740 0.006
3511.85785 15.818 0.007
3512.86802 15.381 0.006
3517.73057 15.828 0.009
3520.87162 15.844 0.008
3521.68449 15.755 0.005
3522.79301 15.326 0.006
3523.82714 15.593 0.006
3524.82754 15.744 0.006
3525.90262 15.723 0.006
3526.93343 15.474 0.006
3528.60594 15.719 0.006
3530.82558 15.832 0.006
3537.79334 15.589 0.005
3538.71921 15.621 0.006
3540.77555 15.706 0.006
3544.78467 15.841 0.007
3547.78552 15.721 0.007
3550.79887 15.420 0.005
3551.79359 15.663 0.006
3552.81274 15.802 0.007
3553.79574 15.840 0.009
3554.81459 15.308 0.006
3555.80414 15.573 0.007
3556.71643 15.590 0.006
3558.60048 15.699 0.006
3559.60890 15.814 0.006
3560.65019 15.256 0.005
3561.58667 15.329 0.006
3562.63937 15.685 0.006
3563.69138 15.830 0.006
3564.52574 15.785 0.009
3564.79712 15.534 0.006
3568.80160 15.363 0.006
3569.48313 15.800 0.009
3569.62996 15.494 0.007
3573.73831 15.301 0.006
3574.73537 15.590 0.006
3575.67716 15.649 0.006
3576.73326 15.822 0.007
3577.78158 15.263 0.006
3578.71829 15.375 0.006
3579.66363 15.513 0.006
3580.70322 15.765 0.006
3581.71644 15.840 0.006
3582.66538 15.797 0.006
3583.68358 15.403 0.006
3584.68752 15.646 0.006
3585.68572 15.792 0.006
3586.74019 15.603 0.006
3588.76649 15.693 0.006
3589.72943 15.780 0.006
3590.72572 15.843 0.007
3591.70073 15.550 0.006
3592.73407 15.528 0.006
3601.70190 15.403 0.006
3602.70223 15.649 0.006
3603.68343 15.752 0.006
3607.68115 15.702 0.007
3609.50897 15.728 0.006
3615.62642 15.253 0.006
3617.65687 15.775 0.006
3619.58982 15.849 0.006
3621.59221 15.594 0.006
3628.65681 15.388 0.006
3629.51492 15.814 0.006
3631.61570 15.764 0.007
3633.54234 15.873 0.008
3634.62137 15.510 0.006
3639.49196 15.214 0.005
3644.57874 15.622 0.006
3649.55214 15.654 0.006
3651.59638 15.771 0.007
3655.56504 15.843 0.007
3659.56288 15.815 0.009
3662.56120 15.545 0.007
3668.52771 15.741 0.007
3676.50674 15.489 0.006
3777.86706 15.541 0.006
3783.85342 15.750 0.006
3785.86892 15.248 0.005
3787.87855 15.710 0.006
3791.85291 15.580 0.006
3793.89715 15.851 0.007
3795.88582 15.557 0.006
3797.79852 15.735 0.007
3798.84472 15.831 0.006
3799.89908 15.426 0.006
3801.85385 15.726 0.006
3802.88833 15.826 0.007
3804.80152 15.276 0.006
3805.84007 15.616 0.006
3806.83678 15.755 0.006
3807.86091 15.845 0.007
3808.86456 15.275 0.006
3810.77961 15.608 0.006
3811.80810 15.782 0.007
3812.88906 15.364 0.006
3813.87155 15.437 0.006
3814.86421 15.662 0.006
3818.78186 15.295 0.006
3819.84545 15.671 0.006
3820.80948 15.749 0.006
3821.81272 15.833 0.006
3822.85643 15.365 0.006
3823.81735 15.553 0.006
3824.81131 15.694 0.007
3825.84337 15.803 0.006
3826.81255 15.848 0.007
3827.84349 15.470 0.006
3828.82363 15.654 0.006
3829.75142 15.676 0.006
3830.78274 15.805 0.006
3832.78569 15.420 0.006
3833.81055 15.685 0.006
3834.78355 15.764 0.006
3835.77123 15.827 0.006
3836.73268 15.736 0.007
3837.77329 15.533 0.006
3838.78128 15.706 0.007
3838.89934 15.814 0.008
3839.77718 15.787 0.007
3840.78035 15.803 0.006
3841.73553 15.269 0.006
3841.88547 15.631 0.006
3842.73391 15.534 0.006
3845.75926 15.580 0.006
3846.76788 15.478 0.006
3846.90013 15.715 0.006
3847.84099 15.758 0.007
3848.79100 15.806 0.006
3848.92185 15.435 0.006
3849.78857 15.845 0.007
3850.73735 15.292 0.006
3850.90662 15.658 0.007
3851.74737 15.552 0.006
3851.91220 15.791 0.007
3852.73589 15.688 0.006
3852.86000 15.811 0.006
3853.72856 15.774 0.006
3853.89400 15.295 0.005
3856.71742 15.574 0.006
3856.90493 15.802 0.006
3858.75373 15.832 0.006
3859.87387 15.569 0.006
3860.77318 15.621 0.006
3861.70659 15.630 0.006
3861.81067 15.756 0.006
3861.90959 15.823 0.007
3862.68842 15.752 0.006
3862.90315 15.302 0.006
3863.70126 15.828 0.006
3863.84520 15.323 0.006
3863.92114 15.569 0.006
3864.71961 15.261 0.005
3864.90422 15.689 0.006
3865.67875 15.425 0.006
3865.81363 15.705 0.006
3865.89226 15.774 0.006
3866.72351 15.713 0.006
3866.86298 15.843 0.007
3867.66942 15.763 0.007
3867.85483 15.351 0.006
3867.92511 15.422 0.006
3868.67725 15.852 0.008
3868.82103 15.385 0.006
3868.90100 15.620 0.007
3869.64694 15.438 0.006
3869.83610 15.643 0.007
3869.91154 15.751 0.007
3873.71082 15.317 0.006
3873.84989 15.587 0.006
3873.92035 15.708 0.006
3874.71211 15.522 0.006
3874.88446 15.791 0.006
3875.64880 15.579 0.006
3875.79602 15.786 0.006
3875.89530 15.847 0.006
3877.67665 15.831 0.006
3877.82546 15.355 0.006
3877.89870 15.583 0.006
3880.88019 15.802 0.006
3881.62751 15.763 0.007
3881.70046 15.807 0.006
3881.84320 15.245 0.005
3882.61252 15.806 0.006
3882.81556 15.490 0.006
3882.88566 15.632 0.006
3883.67789 15.351 0.006
3883.92223 15.784 0.006
3886.64605 15.794 0.006
3886.83274 15.354 0.006
3886.90477 15.577 0.006
3886.93078 15.611 0.006
3887.61323 15.857 0.007
3887.81591 15.592 0.006
3887.84374 15.641 0.006
3887.91581 15.693 0.006
3888.64408 15.382 0.005
3889.78898 15.798 0.006
3890.58406 15.700 0.007
3891.72032 15.493 0.006
3891.83730 15.516 0.006
3891.91899 15.667 0.006
3892.63070 15.401 0.006
3893.66779 15.584 0.006
3893.91916 15.861 0.008
3894.71278 15.779 0.007
3896.65651 15.749 0.007
3900.57181 15.764 0.008
3900.75826 15.279 0.006
3900.83358 15.473 0.006
3901.59200 15.865 0.007
3901.76048 15.554 0.006
3901.83724 15.670 0.007
3901.90976 15.767 0.007
3902.60663 15.354 0.005
3902.80181 15.747 0.006
3903.69901 15.757 0.007
3904.58965 15.725 0.006
3904.75294 15.847 0.006
3904.82191 15.238 0.005
3904.87471 15.427 0.006
3905.58653 15.815 0.006
3905.76056 15.360 0.005
3905.83319 15.579 0.006
3905.90180 15.697 0.006
3906.52518 15.850 0.008
3906.69508 15.480 0.006
3906.76808 15.639 0.006
3906.84068 15.726 0.006
3907.63173 15.584 0.006
3907.82661 15.822 0.008
3908.56791 15.624 0.006
3908.75834 15.821 0.006
3908.83360 15.552 0.006
3909.57304 15.763 0.006
3909.77093 15.251 0.005
3909.84932 15.487 0.006
3910.62924 15.670 0.006
3912.57216 15.530 0.006
3912.76896 15.802 0.006
3912.85683 15.843 0.006
3913.56994 15.694 0.006
3913.77213 15.752 0.006
3913.86195 15.332 0.006
3914.58740 15.821 0.006
3915.56792 15.813 0.006
3915.77125 15.620 0.006
3915.86829 15.771 0.006
3916.61576 15.514 0.006
3916.78846 15.799 0.008
3917.65582 15.762 0.007
3917.86204 15.398 0.006
3918.64922 15.826 0.007
3918.85893 15.465 0.006
3919.60206 15.864 0.007
3919.83913 15.666 0.007
3920.55373 15.527 0.006
3920.74999 15.664 0.006
3920.82879 15.756 0.006
3921.54682 15.418 0.006
3921.75719 15.828 0.009
3922.75369 15.897 0.009
3930.60123 15.540 0.006
3931.49863 15.544 0.006
3931.55233 15.641 0.006
3931.67900 15.805 0.007
3932.56415 15.796 0.007
3933.55314 15.841 0.006
3933.73448 15.490 0.006
3933.81014 15.669 0.006
3934.52391 15.470 0.006
3934.64801 15.530 0.006
3934.71774 15.660 0.006
3934.78679 15.773 0.006
3935.57382 15.577 0.006
3935.74511 15.813 0.007
3935.79686 15.849 0.007
3936.52737 15.680 0.006
3936.69272 15.849 0.007
3936.77031 15.558 0.006
3937.60259 15.841 0.006
3938.53494 15.873 0.008
3938.73652 15.607 0.006
3938.78569 15.696 0.007
3940.63793 15.740 0.006
3941.68706 15.893 0.008
3944.59141 15.593 0.006
3945.54030 15.676 0.006
3945.72834 15.898 0.009
3946.55060 15.815 0.007
3946.74001 15.264 0.005
3950.55842 15.765 0.006
3950.78496 15.239 0.005
3951.55461 15.851 0.007
3956.60098 15.501 0.006
3957.54185 15.253 0.006
3958.61464 15.689 0.007
3959.55457 15.742 0.006
3959.71894 15.849 0.007
3960.53259 15.806 0.006
3960.71250 15.292 0.005
3961.60767 15.275 0.006
3963.49422 15.553 0.006
3963.66879 15.810 0.006
3963.74209 15.868 0.007
3964.48409 15.719 0.006
3964.56742 15.810 0.006
3965.55431 15.863 0.006
3966.54544 15.229 0.006
3966.72797 15.701 0.006
3967.56927 15.631 0.007
3968.53199 15.720 0.007
3968.70354 15.880 0.007
3969.53976 15.812 0.007
3969.71452 15.270 0.006
3970.54773 15.723 0.006
3971.58752 15.518 0.006
3973.61268 15.832 0.007
3974.54249 15.857 0.008
3975.54500 15.232 0.005
3976.54026 15.504 0.006
3979.55336 15.768 0.009
3982.62619 15.830 0.007
3986.61675 15.786 0.006
3987.53916 15.791 0.006
3988.55196 15.829 0.006
3989.61368 15.560 0.007
3990.65597 15.780 0.007
3994.50866 15.342 0.006
3995.60628 15.771 0.006
3999.64384 15.765 0.006
4000.55087 15.789 0.007
4001.54058 15.825 0.007
4002.53728 15.619 0.006
4004.56023 15.695 0.006
4005.56292 15.837 0.009
4006.56119 15.869 0.006
4012.53332 15.359 0.006
4016.57838 15.340 0.006
4018.58782 15.779 0.007
4021.57184 15.482 0.006
4024.51950 15.837 0.008
4026.51499 15.419 0.006
4028.53103 15.831 0.007
4031.53116 15.602 0.006
4039.51561 15.252 0.006
4042.50380 15.829 0.009
4142.88650 15.734 0.011
4151.89162 15.730 0.008
4154.83904 15.261 0.006
4156.89204 15.789 0.009
4159.82606 15.346 0.006
4161.87949 15.803 0.009
4163.89551 15.400 0.006
4165.85234 15.726 0.008
4168.84993 15.407 0.006
4170.86880 15.773 0.008
4175.88592 15.819 0.008
4177.78565 15.472 0.006
4178.84299 15.617 0.007
4179.88288 15.774 0.007
4181.81928 15.759 0.007
4182.86787 15.546 0.006
4183.90035 15.741 0.007
4185.77681 15.809 0.009
4191.78736 15.282 0.006
4193.79852 15.742 0.008
4194.82132 15.831 0.008
4196.81131 15.473 0.006
4202.79286 15.707 0.007
4203.78068 15.790 0.007
4204.77305 15.849 0.007
4205.77124 15.311 0.006
4205.92266 15.678 0.007
4207.76251 15.720 0.007
4208.71648 15.783 0.008
4211.82780 15.756 0.006
4212.85733 15.852 0.009
4213.76542 15.849 0.007
4215.77846 15.601 0.007
4216.73626 15.673 0.006
4217.74381 15.795 0.007
4217.90508 15.281 0.006
4218.79356 15.369 0.006
4219.80359 15.529 0.006
4220.74533 15.613 0.007
4222.71127 15.800 0.008
4224.82161 15.634 0.007
4228.71391 15.286 0.006
4229.70752 15.512 0.007
4229.90447 15.789 0.008
4230.65568 15.606 0.007
4230.84368 15.822 0.008
4230.90534 15.880 0.010
4231.67964 15.762 0.006
4231.73074 15.829 0.006
4231.88573 15.267 0.006
4232.66739 15.830 0.009
4232.79243 15.283 0.006
4232.92996 15.642 0.008
4233.86300 15.684 0.007
4234.79046 15.722 0.007
4234.91284 15.827 0.009
4235.70407 15.745 0.007
4235.76153 15.798 0.007
4235.86510 15.855 0.008
4235.92765 15.277 0.006
4237.63062 15.859 0.009
4238.70195 15.450 0.006
4238.91143 15.815 0.009
4239.67382 15.622 0.006
4240.71347 15.795 0.008
4240.87334 15.316 0.006
4243.67914 15.511 0.006
4243.77258 15.683 0.007
4243.86546 15.818 0.009
4244.65131 15.668 0.007
4244.74770 15.783 0.007
4244.84031 15.845 0.008
4245.64439 15.774 0.007
4245.73873 15.843 0.007
4245.83419 15.279 0.006
4245.90679 15.422 0.006
4246.70306 15.629 0.007
4246.79620 15.383 0.006
4246.88890 15.628 0.007
4247.71813 15.468 0.007
4250.76624 15.547 0.007
4256.65864 15.248 0.006
4256.80419 15.644 0.008
4257.68556 15.599 0.007
4258.66841 15.742 0.008
4258.79122 15.829 0.008
4258.88384 15.476 0.007
4267.62806 15.667 0.006
4268.75462 15.869 0.007
4268.87505 15.384 0.006
4269.61030 15.841 0.007
4269.76057 15.332 0.006
4270.54503 15.873 0.009
4272.59147 15.664 0.007
4272.74138 15.818 0.007
4272.80000 15.868 0.008
4272.87143 15.245 0.006
4273.65186 15.846 0.008
4273.83002 15.373 0.007
4273.89121 15.582 0.009
4274.58294 15.864 0.009
4274.73585 15.392 0.006
4274.79674 15.589 0.007
4275.63445 15.402 0.007
4275.80976 15.768 0.008
4275.87083 15.850 0.010
4276.72599 15.800 0.008
4277.56295 15.714 0.009
4277.73998 15.881 0.009
4277.79865 15.575 0.008
4278.60788 15.854 0.009
4278.79835 15.430 0.007
4283.54547 15.828 0.008
4284.53725 15.786 0.008
4284.68761 15.531 0.007
4284.75008 15.661 0.007
4284.80902 15.751 0.009
4285.54044 15.370 0.006
4285.73398 15.781 0.008
4285.79943 15.842 0.008
4285.86047 15.902 0.010
4286.54022 15.656 0.008
4286.84839 15.234 0.006
4289.55107 15.231 0.006
4289.76999 15.742 0.007
4289.83668 15.826 0.008
4290.59739 15.649 0.007
4291.61708 15.799 0.008
4292.52262 15.805 0.007
4292.70164 15.224 0.006
4292.76044 15.401 0.006
4292.82343 15.601 0.007
4293.52338 15.888 0.008
4293.70754 15.542 0.006
4293.76627 15.672 0.007
4293.80659 15.740 0.007
4294.52202 15.256 0.006
4295.53219 15.611 0.007
4295.72727 15.836 0.007
4295.78588 15.871 0.008
4295.78895 15.855 0.007
4295.81632 15.618 0.007
4295.83758 15.361 0.006
4296.52624 15.752 0.008
4296.73730 15.355 0.006
4297.54607 15.844 0.007
4297.75063 15.521 0.006
4298.59763 15.339 0.006
4298.69213 15.626 0.007
4299.56761 15.554 0.006
4299.65758 15.727 0.007
4299.74881 15.826 0.007
4300.56427 15.754 0.007
4300.67943 15.843 0.008
4301.55041 15.816 0.007
4301.64668 15.858 0.008
4301.74884 15.329 0.006
4302.62339 15.248 0.005
4302.82221 15.751 0.008
4303.71342 15.727 0.008
4304.58827 15.701 0.008
4306.59402 15.893 0.009
4312.53522 15.236 0.006
4312.77811 15.788 0.008
4314.79271 15.250 0.007
4315.56670 15.847 0.008
4316.59697 15.247 0.006
4317.51889 15.322 0.006
4319.55394 15.805 0.008
4319.69992 15.541 0.007
4320.62127 15.248 0.006
4326.56900 15.474 0.006
4326.74683 15.818 0.009
4327.62280 15.775 0.008
4328.48790 15.734 0.008
4328.72756 15.295 0.006
4329.55824 15.908 0.010
4329.70554 15.434 0.007
4330.48827 15.828 0.008
4330.72557 15.722 0.007
4331.53044 15.493 0.006
4332.54042 15.739 0.007
4333.56541 15.850 0.009
4334.53843 15.841 0.010
4334.69388 15.556 0.012
4338.53557 15.852 0.009
4338.71346 15.405 0.008
4339.53170 15.354 0.006
4340.65187 15.725 0.007
4341.53598 15.719 0.009
4342.56799 15.845 0.008
4343.55180 15.815 0.007
4344.58143 15.465 0.006
4345.54348 15.626 0.006
4346.55314 15.801 0.009
4347.56745 15.886 0.009
4349.53311 15.449 0.006
4350.58661 15.760 0.007
4351.53832 15.802 0.007
4353.55797 15.323 0.006
4354.57739 15.657 0.008
4355.58520 15.833 0.009
4356.54237 15.846 0.008
4357.52594 15.760 0.009
4358.55722 15.498 0.007
4359.52620 15.648 0.007
4361.53951 15.896 0.010
4365.59513 15.872 0.009
4367.54850 15.428 0.006
4368.52146 15.635 0.008
4369.60062 15.827 0.010
4370.52851 15.847 0.008
4371.50298 15.550 0.007
4372.55209 15.575 0.007
4373.54311 15.746 0.009
4377.51633 15.604 0.007
4378.55070 15.809 0.008
4380.50816 15.612 0.007
4381.55582 15.569 0.008
4382.54690 15.737 0.009
4383.54655 15.835 0.009
4384.52100 15.880 0.009
4392.51257 15.800 0.010
4393.56304 15.729 0.007
4394.53621 15.287 0.006
4395.57240 15.693 0.009
4396.54216 15.789 0.010
4397.56585 15.883 0.010
4398.57122 15.230 0.007
4399.52113 15.413 0.007
4403.51946 15.230 0.006
4409.53689 15.673 0.009
4508.88030 15.705 0.006
4511.86227 15.756 0.006
4511.88212 15.763 0.006
4513.89347 15.276 0.006
4517.89259 15.682 0.009
4521.83193 15.810 0.009
4523.90432 15.575 0.008
4525.84827 15.780 0.010
4531.86495 15.587 0.006
4534.89489 15.807 0.008
4536.80974 15.707 0.007
4537.86990 15.573 0.006
4538.90232 15.765 0.007
4539.88841 15.828 0.007
4540.83233 15.841 0.007
4541.82485 15.282 0.006
4542.81964 15.554 0.007
4543.81515 15.694 0.006
4544.81210 15.804 0.007
4545.77619 15.859 0.008
4546.78291 15.283 0.006
4547.75762 15.509 0.006
4548.87350 15.801 0.008
4548.90083 15.838 0.008
4550.78000 15.666 0.007
4551.81888 15.528 0.006
4552.75031 15.604 0.008
4556.78971 15.567 0.006
4557.81088 15.747 0.007
4558.74049 15.768 0.006
4559.78136 15.754 0.007
4560.78178 15.376 0.006
4561.77106 15.613 0.006
4564.76129 15.493 0.006
4565.75933 15.448 0.006
4566.75878 15.663 0.006
4567.75872 15.789 0.007
4568.76827 15.837 0.006
4569.77867 15.324 0.006
4570.76394 15.575 0.006
4571.75559 15.723 0.008
4572.78242 15.827 0.007
4573.77060 15.508 0.006
4574.77318 15.455 0.006
4574.92253 15.744 0.007
4575.78197 15.680 0.007
4576.89190 15.812 0.007
4577.87019 15.267 0.006
4577.92620 15.433 0.006
4578.82451 15.434 0.006
4579.89833 15.752 0.008
4583.76856 15.401 0.006
4585.79557 15.833 0.008
4586.77167 15.863 0.008
4587.80524 15.346 0.006
4588.68039 15.263 0.006
4588.91288 15.754 0.007
4589.72682 15.658 0.007
4589.88213 15.829 0.008
4590.73559 15.795 0.008
4591.67673 15.811 0.007
4591.88803 15.433 0.006
4592.69696 15.489 0.006
4592.88621 15.673 0.007
4593.68608 15.417 0.006
4593.89592 15.807 0.007
4593.93582 15.825 0.008
4594.70733 15.688 0.007
4594.90216 15.868 0.007
4595.62891 15.715 0.008
4595.65386 15.759 0.008
4595.67992 15.773 0.007
4595.69955 15.803 0.007
4595.73350 15.838 0.007
4595.76691 15.851 0.007
4595.89123 15.254 0.006
4595.93621 15.423 0.006
4596.64688 15.826 0.008
4596.64996 15.838 0.007
4596.69177 15.851 0.007
4596.78720 15.247 0.005
4597.65457 15.467 0.006
4597.71637 15.334 0.006
4597.90801 15.755 0.007
4598.69258 15.572 0.006
4599.66510 15.696 0.007
4600.67747 15.824 0.006
4600.88612 15.379 0.006
4601.68000 15.759 0.006
4601.89627 15.660 0.006
4602.67256 15.328 0.006
4602.89692 15.789 0.006
4603.88398 15.853 0.008
4606.68042 15.323 0.006
4606.93867 15.793 0.009
4610.91101 15.670 0.007
4611.65925 15.247 0.006
4611.80810 15.679 0.006
4612.68071 15.615 0.006
4615.82307 15.592 0.007
4616.63472 15.311 0.006
4616.85101 15.785 0.007
4617.73842 15.779 0.008
4618.64328 15.774 0.006
4622.65687 15.724 0.007
4622.84184 15.870 0.008
4623.70354 15.853 0.008
4623.90107 15.508 0.007
4624.62500 15.892 0.009
4624.84497 15.615 0.006
4624.91408 15.752 0.009
4625.63540 15.268 0.006
4625.85477 15.777 0.008
4626.66030 15.643 0.008
4627.59396 15.696 0.007
4627.88344 15.237 0.006
4628.60095 15.826 0.007
4628.79072 15.263 0.006
4628.85304 15.492 0.006
4628.92725 15.668 0.008
4629.66378 15.227 0.006
4629.87138 15.732 0.007
4630.59883 15.294 0.006
4630.81460 15.789 0.007
4630.88415 15.832 0.007
4631.62440 15.664 0.006
4631.82307 15.864 0.007
4631.89849 15.393 0.006
4632.60652 15.773 0.007
4632.89315 15.449 0.006
4633.60053 15.840 0.007
4633.71146 15.248 0.006
4633.84487 15.594 0.007
4638.78495 15.552 0.006
4639.60866 15.287 0.006
4639.75801 15.701 0.007
4640.62674 15.641 0.006
4640.75866 15.814 0.007
4641.70231 15.839 0.007
4641.81440 15.374 0.006
4642.62475 15.858 0.007
4642.78700 15.365 0.006
4642.86606 15.629 0.007
4643.58399 15.754 0.008
4644.63250 15.532 0.006
4645.56289 15.592 0.007
4645.81059 15.891 0.008
4645.87617 15.286 0.006
4646.55789 15.744 0.006
4646.88364 15.525 0.007
4647.55425 15.835 0.007
4647.77042 15.488 0.006
4647.79463 15.565 0.007
4648.55133 15.620 0.007
4648.80516 15.751 0.008
4649.56156 15.442 0.006
4649.78791 15.828 0.008
4650.56271 15.694 0.007
4650.82583 15.351 0.006
4651.54614 15.801 0.007
4652.53762 15.850 0.009
4652.75180 15.551 0.006
4653.53320 15.303 0.006
4653.75246 15.739 0.008
4654.57235 15.604 0.007
4654.78690 15.856 0.008
4655.53306 15.705 0.007
4655.75765 15.656 0.006
4656.53501 15.827 0.007
4656.72487 15.267 0.006
4656.84424 15.644 0.007
4657.76342 15.675 0.007
4658.69364 15.737 0.008
4660.64591 15.851 0.007
4661.52311 15.835 0.007
4661.72377 15.438 0.006
4661.79083 15.627 0.007
4665.69075 15.372 0.006
4666.59605 15.301 0.006
4666.69706 15.490 0.006
4666.73927 15.611 0.007
4666.81160 15.743 0.010
4670.61812 15.702 0.007
4671.61624 15.367 0.006
4672.54207 15.456 0.006
4672.69227 15.761 0.007
4672.77744 15.846 0.008
4674.54791 15.827 0.008
4674.73813 15.245 0.006
4675.78603 15.698 0.008
4677.52147 15.541 0.006
4677.60617 15.705 0.007
4677.76096 15.867 0.009
4679.66028 15.309 0.006
4681.57037 15.517 0.006
4681.66287 15.724 0.007
4681.75317 15.818 0.008
4682.58743 15.733 0.007
4682.69120 15.849 0.008
4683.55255 15.832 0.009
4683.74109 15.234 0.006
4684.54512 15.891 0.007
4684.71648 15.490 0.006
4685.48771 15.683 0.008
4685.76520 15.786 0.008
4686.53381 15.548 0.006
4687.53718 15.747 0.007
4688.53048 15.832 0.007
4688.72020 15.309 0.006
4693.58951 15.737 0.007
4694.63929 15.549 0.007
4697.53397 15.836 0.008
4698.53937 15.766 0.006
4699.53753 15.337 0.006
4700.54202 15.652 0.007
4701.53805 15.800 0.008
4702.55349 15.881 0.008
4703.62090 15.451 0.006
4704.67629 15.781 0.008
4705.60454 15.807 0.008
4707.63273 15.276 0.006
4708.58462 15.478 0.006
4709.54876 15.665 0.008
4710.58947 15.826 0.007
4715.62834 15.900 0.009
4716.62135 15.209 0.006
4720.54168 15.853 0.008
4721.53942 15.470 0.007
4722.50520 15.329 0.006
4724.54193 15.836 0.008
4725.52064 15.871 0.008
4726.51768 15.242 0.006
4729.50216 15.838 0.008
4730.50360 15.889 0.008
4731.61055 15.640 0.008
4733.55902 15.828 0.008
4734.58838 15.630 0.007
4737.57699 15.804 0.008
4740.58981 15.566 0.008
4758.54662 15.348 0.006
4869.88235 15.563 0.008
4872.87606 15.672 0.009
4875.87675 15.762 0.008
4878.87043 15.500 0.006
4884.88706 15.770 0.006
4887.85947 15.429 0.006
4891.81574 15.504 0.007
4896.90670 15.551 0.007
4899.88051 15.862 0.007
4901.80404 15.371 0.006
4903.79975 15.757 0.007
4905.84801 15.325 0.006
4910.84601 15.464 0.006
4911.88303 15.735 0.006
4913.89650 15.472 0.006
4917.74308 15.744 0.006
4921.74443 15.663 0.006
4925.73119 15.505 0.006
4925.84755 15.724 0.006
4926.72432 15.684 0.007
4927.74737 15.825 0.008
4927.90204 15.249 0.006
4928.79582 15.253 0.006
4929.74245 15.355 0.006
4930.73444 15.620 0.007
4930.88231 15.824 0.007
4931.77864 15.823 0.007
4932.71272 15.832 0.008
4933.72861 15.399 0.006
4933.90630 15.653 0.007
4934.82726 15.702 0.007
4938.72817 15.291 0.006
4939.68898 15.501 0.006
4940.68896 15.700 0.007
4940.86041 15.869 0.008
4941.88409 15.291 0.006
4942.70547 15.760 0.007
4942.77741 15.262 0.006
4942.81216 15.387 0.006
4943.71786 15.391 0.006
4943.87467 15.753 0.007
4944.68339 15.586 0.006
4944.72928 15.673 0.006
4945.67707 15.738 0.007
4946.70479 15.841 0.007
4947.68785 15.478 0.006
4948.66751 15.369 0.006
4950.65828 15.760 0.007
4951.82197 15.356 0.006
4952.79115 15.564 0.006
4953.69131 15.568 0.006
4954.67006 15.733 0.007
4954.73615 15.808 0.007
4955.67078 15.834 0.008
4955.83953 15.224 0.006
