2123.92555 18.638 0.043
2130.91614 18.757 0.049
2131.91795 18.731 0.056
2132.91613 18.768 0.044
2134.91771 18.853 0.055
2140.91741 18.762 0.045
2142.90522 18.698 0.047
2144.91562 18.775 0.041
2156.88873 18.751 0.053
2161.85569 18.656 0.043
2173.86826 18.704 0.032
2192.83927 18.655 0.035
2201.82575 18.666 0.027
2214.80731 18.631 0.042
2221.75024 18.749 0.042
2224.76294 18.747 0.038
2227.66558 18.701 0.041
2229.67902 18.822 0.046
2230.82321 18.786 0.041
2232.84275 18.680 0.040
2234.83757 18.728 0.030
2237.75801 18.733 0.034
2241.68325 18.738 0.045
2243.73712 18.682 0.040
2248.81770 18.735 0.030
2250.80440 18.729 0.035
2252.66867 18.725 0.034
2254.65973 18.672 0.037
2257.66640 18.703 0.035
2260.67309 18.711 0.034
2264.67849 18.664 0.035
2266.66461 18.739 0.037
2270.66773 18.660 0.035
2271.81266 18.716 0.027
2272.82059 18.777 0.045
2274.65076 18.815 0.054
2276.76822 18.686 0.035
2277.82154 18.779 0.032
2279.83915 18.714 0.038
2280.81269 18.687 0.032
2282.70231 18.691 0.032
2283.86345 18.758 0.040
2288.77091 18.623 0.037
2290.80819 18.740 0.036
2292.78123 18.733 0.047
2294.75753 18.682 0.058
2296.77319 18.794 0.058
2298.72989 18.745 0.045
2300.74038 18.686 0.042
2302.71702 18.734 0.061
2315.64814 18.805 0.034
2323.59246 18.696 0.032
2327.57787 18.760 0.042
2333.58788 18.695 0.053
2339.56424 18.741 0.039
2345.52531 18.680 0.042
2351.50345 18.715 0.042
2369.50088 18.828 0.052
2385.48656 18.630 0.047
2529.83224 18.825 0.046
2539.83472 18.676 0.043
2545.80490 18.687 0.047
2552.85792 18.711 0.041
2556.84932 18.825 0.038
2560.75773 18.724 0.035
2564.86597 18.649 0.035
2573.86333 18.634 0.036
2578.78770 18.759 0.042
2583.84211 18.565 0.038
2590.74770 18.663 0.035
2596.76032 18.610 0.041
2605.78758 18.700 0.035
2609.75971 18.739 0.042
2610.62885 18.677 0.043
2610.73429 18.821 0.053
2610.84079 18.697 0.044
2611.64100 18.661 0.045
2613.62223 18.684 0.047
2613.70004 18.771 0.052
2614.67020 18.784 0.049
2614.75358 18.641 0.039
2614.84518 18.718 0.037
2615.65425 18.679 0.040
2615.77637 18.786 0.036
2615.83410 18.791 0.036
2617.64295 18.789 0.055
2617.73735 18.615 0.045
2617.84581 18.753 0.047
2618.65946 18.686 0.039
2618.75301 18.771 0.037
2619.61623 18.693 0.033
2619.72295 18.773 0.030
2619.84735 18.772 0.038
2620.64613 18.693 0.035
2620.73131 18.697 0.031
2620.84805 18.683 0.035
2621.68015 18.677 0.026
2621.75583 18.738 0.033
2621.84902 18.758 0.032
2622.64612 18.789 0.046
2622.72752 18.762 0.045
2622.84839 18.729 0.034
2623.64484 18.786 0.047
2623.73291 18.665 0.035
2623.84424 18.684 0.032
2624.67544 18.707 0.036
2624.74651 18.660 0.034
2624.84130 18.716 0.036
2625.66043 18.743 0.037
2625.71229 18.794 0.037
2625.82244 18.701 0.032
2626.62923 18.713 0.040
2627.70321 18.675 0.050
2627.73701 18.670 0.056
2627.81090 18.719 0.055
2628.65377 18.754 0.045
2628.73083 18.830 0.049
2628.79798 18.796 0.044
2629.64955 18.794 0.047
2629.72613 18.719 0.042
2629.75787 18.686 0.037
2629.83760 18.705 0.045
2630.63737 18.684 0.046
2630.71692 18.705 0.039
2630.79726 18.735 0.050
2631.64887 18.694 0.043
2632.60482 18.833 0.034
2632.65209 18.788 0.035
2632.73159 18.720 0.031
2632.81213 18.714 0.035
2634.60361 18.719 0.032
2634.69366 18.767 0.034
2634.82749 18.822 0.041
2635.65385 18.760 0.035
2635.69932 18.761 0.031
2635.73115 18.703 0.029
2635.83411 18.661 0.037
2636.68168 18.711 0.032
2636.76208 18.646 0.036
2636.84178 18.660 0.041
2637.64375 18.756 0.035
2637.72236 18.745 0.032
2637.82542 18.793 0.034
2638.62501 18.755 0.035
2638.67030 18.751 0.035
2638.72593 18.680 0.040
2639.59810 18.726 0.029
2639.67844 18.692 0.025
2640.60705 18.708 0.034
2640.74904 18.743 0.038
2640.76720 18.773 0.036
2641.60718 18.752 0.042
2641.74354 18.801 0.038
2641.85439 18.692 0.039
2642.60529 18.648 0.033
2642.70710 18.644 0.040
2643.61220 18.687 0.028
2643.75581 18.754 0.037
2644.59486 18.758 0.040
2644.70534 18.783 0.037
2645.60974 18.660 0.156
2645.74635 18.632 0.033
2645.85274 18.689 0.046
2646.61513 18.752 0.035
2646.68034 18.747 0.035
2646.73971 18.719 0.035
2647.61473 18.806 0.048
2647.72453 18.765 0.038
2649.61191 18.692 0.032
2649.70433 18.692 0.025
2650.63207 18.725 0.033
2650.69357 18.876 0.047
2650.80339 18.799 0.040
2651.62807 18.715 0.044
2651.72383 18.659 0.034
2652.59389 18.704 0.037
2652.67288 18.683 0.042
2652.77040 18.777 0.037
2652.79239 18.720 0.035
2653.60167 18.775 0.040
2653.77467 18.777 0.040
2654.62038 18.791 0.044
2654.69743 18.672 0.041
2654.75482 18.692 0.041
2654.83803 18.584 0.030
2655.60603 18.625 0.038
2655.80504 18.757 0.038
2656.61747 18.733 0.045
2656.66410 18.756 0.055
2656.76649 18.921 0.058
2656.86376 18.796 0.057
2657.61987 18.790 0.039
2657.85641 18.623 0.055
2658.58141 18.778 0.059
2658.62586 18.716 0.042
2658.68092 18.640 0.039
2658.76196 18.785 0.070
2659.63940 18.743 0.039
2660.59412 18.809 0.047
2660.64418 18.777 0.046
2660.73985 18.719 0.038
2661.59918 18.688 0.025
2661.65298 18.677 0.028
2661.85214 18.648 0.043
2662.63790 18.837 0.041
2662.65512 18.689 0.038
2662.77351 18.833 0.042
2663.65249 18.777 0.037
2664.63380 18.673 0.038
2664.70017 18.688 0.048
2664.83811 18.787 0.066
2665.68303 18.715 0.034
2665.82004 18.771 0.047
2666.64230 18.817 0.034
2666.69855 18.788 0.029
2666.76011 18.724 0.028
2667.67727 18.703 0.043
2667.83600 18.622 0.054
2668.68466 18.764 0.036
2668.75161 18.804 0.041
2670.64678 18.744 0.048
2670.68429 18.638 0.053
2671.68720 18.679 0.036
2671.85526 18.703 0.057
2672.66437 18.825 0.062
2672.76383 18.704 0.035
2672.78556 18.691 0.036
2674.66925 18.725 0.034
2674.68631 18.748 0.037
2674.79129 18.799 0.041
2675.64794 18.726 0.036
2675.75478 18.740 0.038
2676.65402 18.704 0.044
2676.67538 18.652 0.037
2676.73478 18.674 0.034
2677.65469 18.739 0.039
2677.71341 18.699 0.034
2678.62777 18.815 0.039
2678.72866 18.818 0.044
2678.75945 18.791 0.035
2679.64827 18.728 0.038
2679.78419 18.756 0.048
2680.63942 18.727 0.035
2680.77021 18.757 0.034
2681.60814 18.765 0.044
2681.71963 18.805 0.042
2682.58552 18.686 0.042
2683.62065 18.658 0.047
2687.56478 18.767 0.048
2693.52402 18.692 0.033
2696.56071 18.666 0.042
2701.54230 18.824 0.058
2714.53618 18.686 0.049
2839.91270 18.664 0.046
2867.88376 18.706 0.042
2885.86147 18.760 0.035
2892.88998 18.772 0.047
2897.85894 18.760 0.043
2903.90475 18.743 0.033
2907.77915 18.732 0.034
2911.81660 18.640 0.027
2916.86702 18.749 0.031
2922.85073 18.849 0.047
2926.78242 18.768 0.035
2930.85214 18.671 0.034
2934.75411 18.685 0.033
2940.73363 18.661 0.030
2943.73922 18.662 0.036
2947.74786 18.716 0.035
2949.83784 18.686 0.032
2953.70505 18.680 0.049
2956.73038 18.702 0.031
2958.75670 18.769 0.045
2962.76850 18.776 0.034
2965.79224 18.716 0.031
2968.65813 18.673 0.041
2973.78304 18.696 0.031
2975.86103 18.815 0.052
2976.79548 18.701 0.033
2978.70315 18.689 0.036
2980.71554 18.680 0.032
2982.70828 18.786 0.040
2984.75542 18.754 0.040
2986.83806 18.664 0.045
2988.80845 18.749 0.035
2989.76375 18.671 0.032
2991.65889 18.786 0.034
2993.64621 18.715 0.033
2995.74717 18.701 0.030
2997.72482 18.800 0.041
2999.68900 18.767 0.039
3001.78387 18.660 0.033
3003.75453 18.765 0.035
3005.71639 18.725 0.036
3007.63776 18.827 0.035
3009.63562 18.690 0.035
3011.73519 18.624 0.047
3013.73937 18.790 0.041
3017.74072 18.707 0.034
3019.66875 18.859 0.042
3021.78730 18.749 0.035
3023.64907 18.723 0.029
3024.85017 18.685 0.034
3027.66635 18.679 0.029
3029.65134 18.767 0.033
3031.72130 18.768 0.038
3033.78493 18.661 0.026
3035.79177 18.700 0.030
3038.76939 18.718 0.042
3041.60990 18.732 0.051
3043.64394 18.692 0.048
3045.70685 18.642 0.037
3047.66059 18.773 0.040
3048.58933 18.733 0.028
3050.60765 18.744 0.027
3052.60480 18.709 0.031
3054.60543 18.745 0.035
3056.60272 18.700 0.031
3060.64630 18.793 0.035
3064.66412 18.704 0.048
3068.53222 18.645 0.043
3070.59313 18.724 0.057
3073.62433 18.626 0.047
3078.63330 18.797 0.037
3082.61114 18.730 0.032
3085.51221 18.775 0.046
3087.65043 18.849 0.046
3090.61653 18.696 0.040
3096.53240 18.677 0.048
3099.60220 18.700 0.049
3102.58080 18.592 0.041
3104.56752 18.683 0.045
3107.55011 18.770 0.054
3110.54926 18.685 0.047
3113.52715 18.827 0.054
3128.49895 18.785 0.050
3140.50665 18.735 0.040
3216.87089 18.792 0.065
3241.91385 18.721 0.035
3248.85604 18.849 0.052
3257.88441 18.724 0.032
3264.80578 18.747 0.026
3270.87253 18.810 0.035
3274.75823 18.606 0.046
3277.88024 18.678 0.035
3287.76196 18.726 0.029
3295.72037 18.726 0.024
3301.77392 18.877 0.050
3304.83423 18.702 0.037
3309.74000 18.698 0.032
3311.73799 18.733 0.032
3320.78093 18.761 0.030
3323.72707 18.755 0.047
3327.75295 18.754 0.032
3330.71158 18.723 0.041
3334.81051 18.796 0.047
3338.85895 18.780 0.036
3339.75830 18.761 0.038
3354.77421 18.838 0.044
3358.82288 18.717 0.031
3361.85127 18.600 0.027
3365.75298 18.709 0.040
3372.76938 18.768 0.032
3378.68200 18.677 0.032
3391.74976 18.920 0.050
3399.71857 18.702 0.039
3403.70589 18.787 0.038
3406.67471 18.732 0.026
3410.62841 18.744 0.029
3415.62560 18.727 0.030
3427.58930 18.714 0.041
3433.61187 18.756 0.047
3438.54112 18.765 0.034
3446.49819 18.647 0.048
3461.51560 18.695 0.033
3473.47485 18.758 0.051
3575.93349 18.679 0.040
3592.92536 18.796 0.025
3601.92543 18.818 0.042
3619.82735 18.796 0.035
3629.90085 18.755 0.033
3633.86590 18.770 0.040
3639.77838 18.714 0.028
3644.81498 18.756 0.030
3651.75819 18.656 0.029
3654.80570 18.729 0.029
3658.76970 18.748 0.040
3661.84044 18.739 0.045
3668.81315 18.725 0.039
3672.80143 18.696 0.033
3676.75823 18.716 0.034
3684.82027 18.634 0.029
3687.79469 18.738 0.032
3690.71451 18.710 0.040
3693.74858 18.728 0.035
3695.78133 18.754 0.028
3698.76306 18.839 0.043
3700.79164 18.678 0.030
3703.72253 18.718 0.027
3705.78970 18.726 0.028
3708.77763 18.702 0.041
3712.73527 18.651 0.027
3714.80547 18.746 0.026
3717.66792 18.825 0.035
3719.84044 18.799 0.046
3721.80137 18.702 0.035
3726.69722 18.716 0.039
3730.72954 18.692 0.027
3732.72155 18.728 0.025
3734.85239 18.766 0.034
3737.75336 18.702 0.024
3739.82337 18.743 0.028
3741.83626 18.837 0.047
3743.73340 18.587 0.035
3746.77587 18.690 0.040
3748.72911 18.740 0.046
3749.73470 18.840 0.051
3751.74603 18.756 0.036
3753.69756 18.611 0.029
3755.69792 18.663 0.031
3757.68838 18.746 0.034
3759.75316 18.686 0.029
3762.77469 18.759 0.042
3765.76180 18.623 0.027
3770.63427 18.825 0.032
3773.70033 18.822 0.045
3776.67065 18.753 0.040
3779.62522 18.850 0.061
3782.73880 18.737 0.039
3787.60204 18.677 0.031
3792.55275 18.840 0.039
3800.53471 18.662 0.028
3809.54197 18.752 0.050
3823.50203 18.769 0.042
3964.88064 18.775 0.028
3969.90739 18.748 0.036
3980.92123 18.696 0.040
3981.87929 18.674 0.037
3989.90789 18.739 0.037
3998.87164 18.872 0.043
3999.83413 18.761 0.032
4001.88316 18.793 0.027
4004.84712 18.640 0.029
4005.86107 18.785 0.032
4008.72737 18.685 0.027
4011.89425 18.704 0.035
4018.85702 18.790 0.035
4024.72075 18.845 0.033
4026.79758 18.663 0.024
4029.74677 18.566 0.033
4032.75458 18.839 0.054
4038.72816 18.632 0.031
4041.68946 18.788 0.041
4043.69432 18.698 0.044
4049.65698 18.722 0.034
4052.71837 18.758 0.027
4054.70520 18.813 0.048
4056.76320 18.747 0.035
4058.79553 18.670 0.025
4063.69415 18.709 0.028
4066.75146 18.707 0.028
4068.65636 18.701 0.029
4070.68146 18.818 0.036
4073.85526 18.890 0.052
4074.74906 18.796 0.047
4077.79757 18.773 0.038
4079.84249 18.747 0.037
4083.68808 18.864 0.052
4085.75379 18.672 0.037
4093.73831 18.678 0.030
4105.81088 18.783 0.042
4109.78076 18.638 0.028
4113.73657 18.711 0.025
4120.76681 18.758 0.031
4122.72328 18.761 0.027
4125.77750 18.902 0.049
4132.66527 18.732 0.043
4142.71616 18.705 0.052
4156.55128 18.647 0.032
4168.50589 18.709 0.046
4197.48514 18.630 0.041
4341.91755 18.700 0.044
4347.86750 18.693 0.038
4353.80246 18.715 0.031
4358.90078 18.809 0.042
4364.86522 18.731 0.037
4367.88968 18.788 0.034
4371.75495 18.783 0.044
4377.80977 18.781 0.042
4380.82630 18.776 0.036
4386.80201 18.724 0.043
4390.76394 18.787 0.039
4394.72008 18.664 0.033
4399.73804 18.776 0.055
4404.73625 18.709 0.046
4412.71655 18.729 0.040
4418.80996 18.700 0.030
4421.85577 18.691 0.035
4426.75370 18.704 0.047
4429.86013 18.812 0.089
4430.68016 18.820 0.063
4432.74028 18.699 0.030
4436.78017 18.776 0.042
4439.84526 18.760 0.050
4443.72514 18.779 0.057
4449.69619 18.750 0.029
4451.70595 18.826 0.047
4455.70503 18.786 0.048
4457.73548 18.737 0.040
4460.80714 18.649 0.050
4463.72538 18.665 0.030
4466.71438 18.741 0.031
4470.66184 18.788 0.041
4473.70458 18.806 0.038
4477.76301 18.869 0.052
4482.76684 18.759 0.051
4486.74392 18.802 0.050
4491.71810 18.716 0.049
4494.66343 18.735 0.046
4498.69668 18.711 0.036
4501.69393 18.749 0.042
4506.62801 18.624 0.042
4508.65104 18.795 0.037
4510.72015 18.795 0.040
4517.65435 18.801 0.048
4521.63487 18.786 0.043
4524.59760 18.670 0.042
4530.62107 18.755 0.045
4532.64931 18.740 0.039
4536.62153 18.778 0.038
4539.50349 18.788 0.047
4541.61267 18.676 0.041
