2167.86076 18.551 0.037
2173.89500 18.839 0.036
2190.82002 18.883 0.040
2192.86357 18.958 0.046
2193.78514 18.718 0.029
2201.85120 18.967 0.038
2214.83233 18.510 0.041
2221.77432 19.081 0.068
2224.78677 18.856 0.042
2227.69763 18.694 0.039
2229.70310 18.543 0.042
2231.67151 18.654 0.040
2233.63980 18.765 0.040
2236.65216 18.875 0.056
2239.62019 18.739 0.055
2241.70713 18.890 0.051
2243.76083 18.760 0.045
2248.84538 18.959 0.038
2250.77542 18.931 0.044
2252.69241 18.926 0.038
2254.68368 18.902 0.042
2257.69189 18.887 0.034
2260.69737 18.688 0.029
2264.70293 18.781 0.034
2266.68873 18.893 0.044
2270.72475 18.908 0.041
2271.83663 18.795 0.024
2272.72311 18.910 0.050
2274.72944 18.546 0.033
2276.79500 18.709 0.045
2278.65924 18.665 0.037
2280.73761 18.748 0.034
2282.73351 18.740 0.031
2284.80775 18.909 0.036
2289.79698 18.895 0.038
2292.81340 18.564 0.039
2294.78152 18.621 0.048
2296.80221 18.719 0.057
2298.79582 18.815 0.049
2300.77345 18.861 0.054
2302.74655 18.767 0.049
2324.52953 18.816 0.052
2328.51640 18.893 0.067
2334.50972 19.130 0.060
2340.50649 18.558 0.052
2364.49583 18.736 0.055
2385.51656 18.631 0.050
2529.86082 18.666 0.038
2539.86081 18.937 0.054
2545.82861 18.628 0.042
2552.88655 18.700 0.037
2556.87522 18.653 0.035
2560.78448 18.725 0.038
2565.79304 18.639 0.041
2574.74308 18.910 0.046
2578.81146 18.713 0.042
2583.86609 18.630 0.048
2590.77985 19.002 0.056
2596.78796 18.566 0.037
2605.82777 18.617 0.035
2609.79281 18.823 0.047
2610.62496 18.854 0.054
2610.83696 18.643 0.049
2611.63717 18.586 0.042
2611.70756 18.771 0.065
2613.61839 18.787 0.052
2613.69623 18.824 0.060
2614.66639 19.009 0.058
2614.74977 18.607 0.044
2614.84136 18.700 0.037
2615.65045 18.773 0.048
2615.77257 18.807 0.035
2615.83026 18.941 0.044
2617.63913 18.800 0.064
2617.73353 18.838 0.055
2617.84200 19.007 0.060
2618.65585 18.672 0.041
2618.74943 18.647 0.036
2619.61242 18.791 0.037
2619.71914 18.969 0.039
2620.64231 18.676 0.035
2620.72754 18.664 0.031
2620.84423 18.820 0.041
2621.75202 18.912 0.044
2621.84523 18.542 0.028
2622.84458 18.866 0.044
2623.64105 19.057 0.055
2623.72913 18.748 0.041
2623.84042 18.579 0.033
2624.67161 18.836 0.041
2624.74272 18.847 0.045
2624.83750 18.879 0.042
2625.65660 18.674 0.036
2625.70850 18.524 0.034
2625.81865 18.653 0.035
2626.62545 18.795 0.040
2627.73322 18.581 0.047
2627.75514 18.691 0.048
2627.80708 18.825 0.058
2628.64998 18.920 0.054
2628.72704 18.884 0.052
2628.79419 19.052 0.061
2629.64572 18.587 0.042
2629.75407 18.703 0.044
2629.77608 18.736 0.056
2629.83380 18.799 0.049
2630.63358 18.922 0.056
2630.71313 19.033 0.054
2630.79345 18.757 0.052
2631.64508 18.684 0.045
2631.72784 18.766 0.052
2632.60104 18.890 0.037
2632.67589 19.026 0.041
2632.72778 18.675 0.030
2632.80833 18.584 0.031
2634.59982 19.071 0.045
2634.68986 18.632 0.035
2634.82375 18.643 0.038
2635.65007 18.748 0.036
2635.72737 18.758 0.035
2635.77649 18.843 0.039
2635.83032 19.009 0.056
2636.67787 18.628 0.031
2636.75828 18.566 0.036
2636.83800 18.745 0.046
2637.63994 18.851 0.034
2637.71855 18.881 0.037
2637.82165 18.932 0.037
2638.62121 18.605 0.033
2638.69433 18.696 0.041
2638.72214 18.690 0.042
2638.82160 18.700 0.050
2639.59431 18.866 0.034
2639.67464 18.989 0.034
2639.83067 18.737 0.029
2640.60325 18.699 0.039
2640.74526 18.747 0.044
2640.79099 18.793 0.073
2641.60339 18.883 0.046
2641.73974 18.793 0.044
2641.85058 18.624 0.036
2642.60150 18.801 0.040
2642.70331 18.845 0.046
2643.60841 19.029 0.041
2643.75202 18.529 0.033
2644.59107 18.785 0.039
2644.70154 18.878 0.046
2645.60582 18.772 0.198
2645.74303 18.755 0.052
2645.84939 18.829 0.052
2646.61179 18.851 0.040
2646.70793 18.855 0.042
2646.73593 18.889 0.041
2647.61095 18.635 0.037
2647.72075 18.635 0.036
2649.70048 18.718 0.030
2650.62830 18.851 0.038
2650.68980 18.897 0.054
2650.79961 18.554 0.033
2651.62428 18.708 0.050
2651.71496 18.772 0.041
2652.59059 19.012 0.048
2652.66953 18.815 0.048
2652.76708 18.600 0.042
2652.85358 18.668 0.035
2653.59835 18.733 0.039
2653.77134 18.828 0.045
2654.61631 18.678 0.042
2654.69412 18.641 0.047
2654.78259 18.601 0.040
2654.83473 18.748 0.036
2655.60273 18.744 0.042
2655.80171 19.001 0.052
2656.61415 18.629 0.039
2656.68807 18.704 0.045
2656.76317 18.761 0.058
2656.86043 18.831 0.050
2657.61656 18.885 0.046
2657.85309 18.785 0.064
2658.57811 18.560 0.047
2658.65048 18.710 0.042
2658.67760 18.723 0.046
2658.75860 18.743 0.065
2659.63531 18.933 0.047
2659.86290 18.638 0.058
2660.59080 18.701 0.042
2660.66967 18.663 0.041
2660.73653 18.717 0.038
2661.59588 19.012 0.034
2661.64965 19.006 0.039
2661.84883 18.690 0.044
2662.63457 18.766 0.040
2662.67992 18.825 0.042
2662.77019 18.819 0.055
2664.65923 18.813 0.051
2664.69687 18.994 0.065
2664.83478 18.881 0.076
2665.67972 18.580 0.030
2665.81674 18.759 0.048
2666.63846 18.855 0.039
2666.72478 18.985 0.042
2666.75680 18.893 0.036
2667.67394 18.633 0.036
2667.82884 18.745 0.054
2668.74832 19.022 0.057
2669.58786 18.642 0.041
2671.68390 18.748 0.042
2672.66104 18.703 0.061
2672.76053 18.596 0.035
2672.80938 18.668 0.037
2674.66594 18.669 0.039
2674.71522 18.554 0.045
2674.78798 18.739 0.040
2675.64063 18.932 0.054
2675.75147 18.965 0.046
2676.65069 18.619 0.038
2676.70025 18.745 0.047
2676.73147 18.761 0.056
2677.64772 18.944 0.055
2677.71012 18.978 0.052
2678.62445 18.715 0.038
2678.75614 18.849 0.041
2678.77677 18.784 0.037
2679.64496 19.050 0.064
2679.78087 18.616 0.038
2680.66348 18.839 0.038
2680.76692 18.830 0.036
2681.60438 18.998 0.061
2681.71587 18.510 0.037
2682.58179 18.705 0.044
2683.61690 18.716 0.054
2687.59670 18.636 0.047
2692.59540 18.913 0.046
2696.58662 18.613 0.041
2701.57830 19.001 0.066
2870.92186 19.122 0.066
2890.85636 19.015 0.070
2895.89226 18.847 0.037
2900.85412 18.702 0.034
2907.80474 18.629 0.026
2911.84194 18.740 0.029
2916.89280 18.636 0.031
2922.87808 18.820 0.049
2926.81102 18.905 0.041
2930.88550 18.679 0.049
2934.78003 18.682 0.030
2940.76059 18.766 0.036
2943.76480 18.765 0.037
2947.77345 18.583 0.028
2949.86346 18.770 0.035
2950.68724 18.921 0.048
2954.71059 18.796 0.048
2956.75589 18.646 0.035
2958.79759 18.768 0.040
2962.79474 18.935 0.042
2965.81778 18.642 0.031
2968.68548 18.869 0.046
2973.75895 18.872 0.036
2976.62542 18.675 0.040
2978.82647 18.725 0.037
2980.74146 18.748 0.037
2982.73474 18.783 0.038
2984.78110 18.809 0.038
2987.66248 18.579 0.030
2989.61756 18.595 0.030
2991.68456 18.780 0.033
2993.70491 18.786 0.040
2995.77975 18.895 0.042
2997.75035 18.964 0.044
2999.64999 18.840 0.038
3000.69893 18.711 0.031
3002.68669 18.761 0.035
3004.68805 18.835 0.031
3006.63157 18.906 0.039
3008.78646 18.910 0.046
3010.70603 19.054 0.057
3011.76099 18.869 0.051
3015.77857 18.967 0.065
3017.76627 18.965 0.045
3019.70050 19.002 0.038
3021.81298 18.715 0.036
3023.67503 18.627 0.026
3025.64643 18.574 0.024
3027.69202 18.676 0.029
3029.67695 18.775 0.039
3031.74699 18.848 0.039
3033.81055 18.953 0.037
3036.60904 18.563 0.028
3039.55095 18.828 0.041
3041.63589 18.960 0.077
3041.65897 18.705 0.050
3043.66968 18.568 0.046
3045.73255 18.767 0.046
3047.68617 18.724 0.040
3048.61740 18.936 0.035
3050.63439 18.993 0.037
3052.63584 18.641 0.035
3054.64026 18.692 0.039
3056.62842 18.651 0.031
3058.62235 18.678 0.039
3060.67198 18.802 0.037
3066.51823 18.713 0.056
3068.55782 18.953 0.059
3070.63006 18.771 0.056
3073.64991 18.827 0.050
3076.57374 18.676 0.046
3078.66051 18.768 0.040
3082.63752 18.857 0.033
3085.53997 18.650 0.039
3088.50294 18.839 0.047
3090.64465 18.523 0.033
3093.52723 18.780 0.056
3098.63656 18.718 0.042
3102.60725 18.859 0.052
3105.61299 18.694 0.040
3108.59094 19.071 0.048
3111.53931 18.754 0.050
3129.48161 18.711 0.055
3134.50247 18.577 0.038
3216.89632 18.483 0.045
3242.83109 18.730 0.037
3248.88390 18.884 0.050
3257.91598 18.900 0.049
3264.83155 18.797 0.031
3270.89828 18.840 0.036
3274.78366 18.705 0.042
3282.81477 18.723 0.030
3287.78817 18.658 0.023
3291.72456 18.693 0.028
3295.74581 18.938 0.031
3297.73792 18.877 0.028
3299.80204 19.041 0.027
3301.79939 18.870 0.046
3304.85965 18.814 0.040
3309.76543 18.702 0.033
3311.76340 18.746 0.036
3320.81102 18.832 0.037
3327.77896 18.684 0.031
3330.73732 18.958 0.052
3334.83681 18.677 0.042
3339.78463 19.035 0.047
3353.83091 18.772 0.036
3357.62122 18.816 0.034
3360.66006 18.673 0.034
3363.76831 18.604 0.033
3369.84562 18.846 0.044
3375.78193 19.020 0.039
3378.70749 18.722 0.029
3394.59057 18.588 0.037
3396.64142 18.657 0.035
3399.74403 18.753 0.045
3403.73140 18.600 0.031
3408.61582 18.916 0.040
3412.64995 18.634 0.044
3417.58795 18.850 0.041
3425.59609 18.523 0.044
3437.55960 18.937 0.037
3446.52866 18.692 0.038
3456.49014 18.736 0.049
3579.92359 19.169 0.065
3596.92992 18.708 0.035
3603.91687 18.594 0.027
3619.85724 18.961 0.042
3633.83852 18.680 0.038
3639.80390 19.026 0.034
3644.84106 18.884 0.030
3651.78352 18.766 0.031
3654.83125 18.615 0.028
3658.79489 18.674 0.033
3665.81369 18.665 0.035
3670.78341 19.028 0.047
3673.79350 18.772 0.031
3676.78545 18.578 0.033
3684.84763 18.886 0.036
3687.81999 18.746 0.031
3690.73990 19.057 0.050
3693.77391 18.982 0.044
3695.80662 18.808 0.033
3698.79832 18.755 0.038
3703.74751 18.540 0.024
3705.81468 18.706 0.029
3708.80300 18.898 0.042
3712.76053 18.580 0.025
3714.83130 18.645 0.027
3717.72371 18.944 0.045
3720.80957 18.850 0.041
3724.72942 18.864 0.033
3727.80124 18.726 0.033
3731.77030 18.825 0.033
3732.74699 18.595 0.023
3735.60979 18.892 0.028
3737.77968 18.939 0.031
3740.74160 18.801 0.031
3742.74891 18.850 0.051
3745.78485 18.694 0.030
3748.75464 18.648 0.041
3750.76422 18.642 0.037
3752.77490 18.627 0.035
3754.79269 18.742 0.035
3757.57363 18.936 0.039
3759.77871 18.632 0.027
3763.64936 18.605 0.022
3766.60706 18.839 0.033
3770.69231 18.618 0.031
3773.72634 18.827 0.037
3776.69709 18.690 0.042
3779.65135 18.697 0.048
3783.56795 18.602 0.033
3788.54067 18.981 0.035
3792.57815 18.601 0.033
3800.56001 18.815 0.036
3810.51802 19.046 0.064
3824.48821 18.808 0.054
3950.91185 19.123 0.044
3964.91062 18.875 0.028
3970.83406 18.975 0.038
3990.89284 18.725 0.030
3998.89664 18.739 0.033
4003.71033 19.045 0.037
4005.88603 18.562 0.026
4006.72824 18.848 0.030
4008.75244 18.875 0.030
4013.75298 18.837 0.040
4018.88482 18.761 0.033
4024.74955 18.757 0.028
4026.82254 18.908 0.030
4029.77175 18.774 0.036
4032.80259 18.657 0.044
4038.75435 18.661 0.031
4041.71433 18.987 0.041
4043.71928 18.659 0.034
4049.68180 18.654 0.031
4052.74314 18.603 0.024
4054.73009 18.667 0.039
4056.78911 18.677 0.027
4058.83625 18.742 0.035
4063.71905 18.508 0.024
4065.84226 18.797 0.033
4067.68413 18.737 0.029
4070.70640 19.046 0.045
4074.77511 18.675 0.036
4077.82253 18.689 0.033
4080.70047 18.720 0.035
4086.78453 19.055 0.054
4093.82589 18.931 0.039
4111.76319 18.934 0.034
4117.70361 18.901 0.048
4121.67881 18.630 0.041
4142.74141 19.004 0.068
4156.57651 18.653 0.033
4168.53696 18.980 0.045
4198.49109 18.715 0.049
4343.82705 18.636 0.040
4347.89414 18.779 0.040
4353.82735 18.767 0.035
4358.77875 18.698 0.052
4363.82126 18.536 0.041
4367.78104 18.766 0.047
4370.81787 18.907 0.050
4373.81731 18.847 0.039
4377.83631 19.002 0.048
4380.88099 18.805 0.039
4386.82684 18.995 0.057
4390.78883 18.839 0.041
4394.80643 18.700 0.030
4399.76303 18.989 0.057
4407.72599 18.630 0.038
4412.74960 18.566 0.034
4418.83514 18.856 0.036
4422.72726 18.770 0.035
4427.70289 18.774 0.039
4430.70616 18.853 0.052
4433.72382 18.847 0.045
4436.80520 18.832 0.055
4440.66606 18.758 0.039
4443.75853 18.656 0.041
4449.72118 18.816 0.035
4451.76077 18.945 0.046
4452.74005 18.633 0.035
4455.73022 18.745 0.042
4457.76041 18.814 0.059
4459.72511 18.743 0.040
4462.70292 18.977 0.048
4464.77325 18.947 0.054
4467.74901 18.765 0.035
4471.77625 18.920 0.052
4476.68982 18.715 0.031
4480.79332 18.926 0.042
4486.80788 18.542 0.048
4492.66564 18.532 0.037
4497.72768 18.625 0.033
4499.72354 18.631 0.037
4502.71053 18.988 0.065
4507.71341 18.891 0.051
4509.66512 18.811 0.050
4517.69249 18.617 0.056
4521.66136 18.584 0.037
4523.64637 18.650 0.041
4525.61103 18.781 0.038
4531.58701 18.869 0.039
4533.58938 18.856 0.045
4537.63945 18.712 0.041
4539.55855 18.847 0.056
4541.64070 18.814 0.054
