2167.90482 19.031 0.084
2190.86203 18.890 0.051
2193.82642 18.736 0.043
2202.82570 18.901 0.056
2215.77895 18.547 0.053
2221.85710 19.136 0.103
2224.82699 18.834 0.054
2227.73782 18.393 0.043
2229.74359 19.006 0.075
2231.71184 19.001 0.078
2233.68011 18.820 0.053
2237.59949 18.959 0.104
2239.66051 18.874 0.062
2241.75215 18.973 0.060
2243.82242 18.944 0.078
2248.67918 18.665 0.045
2250.76815 18.878 0.066
2252.73751 18.982 0.072
2254.72859 18.997 0.055
2257.73256 18.649 0.044
2265.78691 18.918 0.060
2266.77749 18.887 0.062
2270.80353 18.636 0.039
2272.65307 18.913 0.062
2274.78046 19.002 0.087
2276.83838 19.086 0.075
2278.79523 18.807 0.075
2280.77797 18.671 0.042
2282.77519 18.421 0.042
2284.79658 19.043 0.054
2289.83767 18.882 0.048
2291.82371 18.784 0.059
2293.79260 18.492 0.055
2295.81646 19.053 0.059
2297.80254 18.971 0.065
2300.82759 18.872 0.085
2302.78881 18.641 0.059
2315.71261 19.062 0.083
2324.57896 18.960 0.060
2328.56087 18.826 0.077
2340.55075 18.667 0.050
2373.50334 18.491 0.071
2385.56646 18.602 0.070
2534.89892 18.525 0.055
2539.90607 18.841 0.098
2545.87325 18.993 0.071
2557.83404 18.972 0.076
2561.83211 18.759 0.051
2565.83351 18.413 0.050
2574.79571 18.478 0.049
2578.85212 19.119 0.083
2584.74790 18.497 0.058
2590.82553 18.949 0.066
2596.83197 18.615 0.061
2606.72846 18.346 0.034
2609.83706 19.026 0.093
2614.80014 18.879 0.066
2619.67618 18.952 0.053
2621.80414 19.006 0.060
2624.70114 18.748 0.049
2629.82222 18.466 0.047
2632.71633 18.974 0.056
2635.81684 18.929 0.071
2638.81004 18.703 0.066
2641.77821 19.123 0.071
2643.78146 18.898 0.056
2645.78017 18.877 0.056
2647.70917 18.627 0.043
2650.78790 18.529 0.048
2653.66303 18.995 0.076
2655.71975 18.907 0.065
2657.65456 18.537 0.058
2659.80838 18.758 0.077
2660.71862 18.433 0.043
2662.72624 18.985 0.077
2664.74005 19.130 0.139
2666.79391 18.886 0.054
2668.82014 18.879 0.065
2675.81248 18.997 0.061
2677.79950 18.853 0.076
2679.81815 18.780 0.073
2682.73741 18.373 0.055
2687.64032 18.798 0.073
2697.52955 18.677 0.048
2702.52835 18.910 0.095
2708.55716 18.721 0.060
2724.52705 18.925 0.062
2871.91850 19.142 0.071
2884.87815 18.957 0.068
2890.90012 18.620 0.076
2896.85279 18.845 0.068
2902.78739 18.915 0.047
2911.89592 18.611 0.047
2917.79943 18.875 0.050
2923.80161 19.111 0.077
2926.85467 18.946 0.056
2931.78314 18.573 0.041
2934.82354 19.072 0.065
2940.80394 18.762 0.044
2943.80813 18.456 0.037
2947.81663 18.951 0.049
2950.73060 18.661 0.051
2954.75384 18.902 0.073
2956.79939 18.982 0.060
2958.84402 19.024 0.088
2962.83825 18.787 0.048
2965.84739 18.550 0.039
2967.78719 18.992 0.065
2970.84116 18.972 0.054
2974.77916 18.576 0.038
2976.66866 18.979 0.060
2979.65208 18.812 0.064
2983.78531 18.671 0.058
2985.82798 18.683 0.048
2987.72672 19.109 0.076
2989.66941 18.864 0.044
2991.74165 18.959 0.055
2993.74935 18.818 0.053
2995.82457 18.768 0.049
2997.79352 18.444 0.038
2998.74105 19.072 0.070
3000.74351 19.060 0.070
3002.74133 18.864 0.051
3004.73430 18.712 0.041
3006.72727 18.530 0.037
3008.74174 19.033 0.065
3010.78814 18.954 0.064
3011.80449 19.015 0.079
3016.73815 18.705 0.043
3018.76858 18.473 0.041
3020.83229 18.390 0.045
3021.85726 18.843 0.064
3023.71821 18.914 0.062
3025.68988 18.688 0.033
3027.73533 18.635 0.037
3029.72018 18.760 0.045
3031.79058 19.067 0.094
3034.62189 18.687 0.034
3036.65226 18.624 0.044
3039.59417 18.929 0.061
3042.70171 18.939 0.073
3044.64115 18.855 0.061
3046.62718 18.606 0.054
3047.72948 18.726 0.054
3048.66057 18.524 0.036
3049.68410 18.437 0.030
3051.65348 18.959 0.060
3053.62869 18.923 0.043
3055.64574 18.801 0.053
3057.67087 18.733 0.043
3059.61547 18.434 0.033
3061.60778 18.993 0.076
3066.57738 18.760 0.070
3068.60525 18.615 0.064
3070.67559 18.576 0.072
3073.69389 18.864 0.068
3076.61763 18.923 0.088
3079.60232 18.605 0.037
3082.68666 18.402 0.032
3085.58645 19.019 0.062
3088.54675 18.633 0.050
3091.52966 19.120 0.084
3100.50915 18.501 0.067
3103.52740 18.980 0.070
3106.54865 18.837 0.051
3109.53430 18.688 0.044
3112.58975 18.363 0.039
3116.56781 18.952 0.077
3127.56502 18.962 0.073
3133.52551 18.544 0.061
3223.92374 18.916 0.078
3242.87460 18.961 0.068
3249.92197 18.303 0.055
3258.90930 18.632 0.061
3264.87550 18.969 0.043
3271.82324 18.900 0.071
3274.82725 19.077 0.085
3278.90017 18.771 0.067
3282.80683 18.893 0.048
3287.83136 18.709 0.038
3291.76857 19.223 0.084
3295.78907 18.996 0.045
3297.78115 18.823 0.037
3299.84922 18.720 0.031
3301.84258 18.479 0.044
3305.75159 18.874 0.054
3309.81285 18.696 0.039
3311.80645 18.496 0.042
3327.82230 18.989 0.048
3330.79837 18.801 0.065
3336.65079 18.869 0.061
3339.83394 18.953 0.066
3353.82293 18.712 0.038
3357.76363 19.020 0.059
3360.74037 18.840 0.043
3365.85977 18.660 0.055
3373.82386 18.820 0.066
3378.75068 18.945 0.054
3394.63385 18.467 0.051
3399.78759 18.978 0.082
3403.77468 18.918 0.058
3408.69788 18.975 0.051
3418.60641 19.094 0.066
3427.57394 18.933 0.073
3434.52580 18.584 0.038
3440.54999 19.004 0.072
3447.51920 18.506 0.051
3469.49968 18.989 0.055
3478.49224 18.488 0.045
3601.90264 18.858 0.062
3619.90534 19.051 0.064
3630.78674 18.980 0.096
3636.84414 18.707 0.062
3640.79405 18.935 0.047
3651.82787 18.938 0.061
3654.87405 18.906 0.044
3658.83774 18.487 0.045
3670.82628 18.433 0.042
3673.83656 18.874 0.039
3676.83668 18.880 0.051
3685.77604 18.928 0.049
3687.86276 18.925 0.062
3690.78472 18.474 0.042
3693.82032 19.072 0.070
3695.85144 18.971 0.056
3698.84107 18.896 0.056
3701.71003 19.265 0.062
3703.79382 19.127 0.056
3705.85801 18.994 0.064
3708.84571 18.900 0.059
3712.80329 18.441 0.033
3715.76897 18.918 0.053
3718.70477 18.702 0.049
3720.85457 18.865 0.070
3724.77216 19.124 0.054
3728.75020 18.877 0.045
3731.81329 18.788 0.038
3733.67601 19.119 0.049
3735.66388 19.024 0.041
3737.82240 18.967 0.041
3740.78577 18.838 0.044
3745.82831 18.390 0.034
3749.77840 18.920 0.093
3751.79226 18.932 0.077
3753.74165 18.601 0.041
3755.74168 18.478 0.041
3757.73144 19.072 0.058
3759.82172 18.907 0.058
3766.71036 19.020 0.066
3770.73795 19.165 0.085
3773.76916 18.804 0.061
3776.74353 18.380 0.058
3783.61079 18.564 0.039
3788.58505 19.034 0.053
3793.59060 18.599 0.037
3801.52641 18.796 0.042
3811.51713 18.725 0.059
3826.50218 18.551 0.044
3958.90229 19.128 0.106
3965.86196 19.022 0.047
3970.88201 18.823 0.047
3982.83277 18.697 0.048
3993.78542 18.589 0.055
3999.87695 19.051 0.062
4003.75285 18.538 0.031
4006.77397 19.052 0.049
4008.79488 18.970 0.053
4013.80647 18.793 0.068
4019.80764 18.908 0.051
4024.80066 18.712 0.039
4026.86965 18.684 0.051
4029.81398 18.949 0.054
4032.85059 19.079 0.078
4039.68282 19.000 0.064
4041.75653 18.812 0.053
4043.76152 18.789 0.059
4049.72479 19.008 0.049
4052.78617 19.012 0.048
4054.77224 18.943 0.049
4056.83146 18.859 0.049
4059.72618 19.006 0.062
4064.79641 19.000 0.042
4066.79375 18.795 0.050
4069.74686 18.342 0.033
4071.67482 18.976 0.064
4076.74702 18.725 0.065
4079.78851 18.666 0.058
4082.83641 18.510 0.042
4084.80165 18.999 0.078
4086.82675 18.979 0.070
4103.66237 19.087 0.070
4106.58318 18.667 0.055
4111.80551 18.755 0.043
4127.67473 18.918 0.043
4132.76369 18.710 0.061
4143.55098 18.977 0.054
4157.54974 18.964 0.067
4169.50694 18.795 0.059
4198.53673 19.023 0.068
4343.86960 18.627 0.055
4348.83845 18.897 0.059
4353.86982 18.412 0.038
4358.82182 18.901 0.081
4364.90817 18.499 0.078
4367.88201 18.979 0.060
4371.77633 18.612 0.054
4373.85967 18.641 0.045
4378.76306 18.893 0.062
4381.75126 18.671 0.064
4386.86911 18.420 0.039
4390.83110 18.858 0.051
4394.87770 18.632 0.049
4399.80541 19.015 0.078
4408.71036 18.956 0.070
4412.79275 18.856 0.060
4423.74309 18.778 0.049
4427.74519 18.573 0.053
4430.74846 18.883 0.083
4433.76606 18.777 0.051
4437.76401 18.557 0.064
4440.70821 18.976 0.061
4443.80071 19.014 0.070
4449.77164 18.375 0.041
4451.80725 19.068 0.078
4455.77261 18.970 0.070
4457.80385 18.659 0.062
4463.76780 19.034 0.059
4465.78459 18.979 0.060
4468.74881 18.623 0.038
4470.70435 18.972 0.061
4473.74752 18.904 0.082
4476.76851 18.878 0.053
4482.80939 18.388 0.048
4485.79975 19.088 0.092
4490.64698 18.593 0.053
4494.71302 19.028 0.068
4498.73686 18.835 0.051
4501.73419 18.533 0.048
4506.66821 18.906 0.067
4508.69507 18.796 0.061
4512.72930 18.506 0.042
4518.66949 18.800 0.089
4521.71006 18.588 0.050
4523.68911 18.392 0.056
4525.65371 19.088 0.068
4531.63742 18.621 0.042
4537.68209 18.877 0.055
4539.60137 18.762 0.059
4542.51879 19.053 0.093
