2115.79054 15.181 0.004
2128.64398 15.610 0.005
2131.67345 15.368 0.005
2135.52320 15.750 0.005
2138.67728 15.765 0.006
2143.59925 15.737 0.006
2162.59160 15.747 0.005
2170.49812 15.364 0.005
2173.57115 15.141 0.004
2184.57105 15.565 0.006
2195.55272 15.738 0.006
2341.88899 15.715 0.006
2350.90621 15.736 0.005
2359.86651 15.733 0.006
2370.90752 15.298 0.005
2384.74496 15.794 0.006
2388.74799 15.757 0.006
2390.71767 15.045 0.005
2397.92774 15.073 0.004
2401.67839 15.520 0.005
2403.73951 15.739 0.005
2405.67563 15.311 0.005
2410.75553 15.594 0.004
2415.67746 15.537 0.006
2417.74541 15.539 0.005
2425.63822 15.606 0.006
2431.68763 15.763 0.006
2433.66379 15.367 0.005
2435.78471 15.689 0.005
2437.67838 15.216 0.005
2439.60596 15.518 0.005
2441.61454 15.762 0.005
2444.60799 15.572 0.005
2446.62352 15.729 0.006
2452.59576 15.223 0.005
2458.71552 15.748 0.006
2462.70117 15.653 0.005
2464.51680 15.685 0.006
2466.84031 15.758 0.006
2468.55068 15.609 0.005
2470.56066 15.767 0.006
2474.70341 15.106 0.004
2483.49521 15.717 0.005
2485.69162 15.624 0.006
2489.76088 15.618 0.005
2492.70904 15.266 0.005
2495.50176 15.328 0.005
2497.56226 15.742 0.005
2499.59983 15.431 0.005
2501.62584 15.724 0.005
2503.57394 15.165 0.007
2511.60618 15.760 0.006
2518.55673 15.456 0.005
2521.55294 15.724 0.006
2529.67326 15.786 0.006
2537.54377 15.479 0.005
2540.55602 15.319 0.005
2545.55935 15.070 0.004
2550.54487 15.137 0.004
2555.50717 15.160 0.005
2560.58294 15.507 0.007
2566.56008 15.692 0.007
2700.88773 15.277 0.004
2727.82717 15.781 0.006
2732.84095 15.648 0.006
2743.83273 15.445 0.005
2748.85207 15.562 0.006
2755.85180 15.680 0.006
2759.84596 15.744 0.005
2765.87302 15.180 0.004
2769.91420 15.070 0.004
2782.78283 15.695 0.006
2784.77686 15.382 0.005
2786.67015 15.266 0.005
2788.77856 15.790 0.004
2790.85864 15.611 0.006
2793.56483 15.665 0.007
2795.58985 15.704 0.004
2797.57766 15.521 0.005
2802.64896 15.696 0.006
2808.69319 15.452 0.006
2810.62004 15.375 0.005
2812.59451 15.697 0.006
2814.59421 15.153 0.004
2815.62898 15.514 0.005
2817.65953 15.778 0.006
2819.54747 15.204 0.004
2821.52486 15.565 0.006
2830.56772 15.573 0.006
2835.50391 15.549 0.006
2838.62611 15.470 0.005
2840.55126 15.648 0.006
2842.60086 15.189 0.004
2844.66114 15.691 0.005
2849.48327 15.496 0.005
2851.59403 15.166 0.004
2853.60491 15.612 0.005
2855.67806 15.098 0.005
2857.78022 15.741 0.007
2860.62668 15.138 0.005
2863.71034 15.794 0.007
2867.56361 15.545 0.006
2870.63704 15.282 0.005
2872.68757 15.751 0.005
2876.63266 15.627 0.005
2879.56893 15.528 0.005
2884.59643 15.134 0.004
2890.68210 15.703 0.007
2894.65818 15.558 0.006
2906.62726 15.738 0.006
2910.61977 15.759 0.007
2912.60630 15.282 0.005
2923.58622 15.608 0.006
2933.58038 15.709 0.006
3047.87178 15.775 0.006
3056.87928 15.752 0.006
4911.82313 15.757 0.005
