 551.88384 16.516 0.009
 552.77227 16.193 0.009
 553.91902 16.552 0.010
 555.78796 16.117 0.009
 557.69494 16.801 0.015
 557.78460 16.431 0.017
 558.74014 16.907 0.016
 558.87609 16.292 0.010
 559.69032 16.779 0.016
 560.66927 16.717 0.013
 560.75973 16.864 0.014
 560.87263 16.188 0.009
 561.66833 16.747 0.013
 561.79660 16.935 0.013
 561.86603 16.107 0.009
 562.70845 16.775 0.015
 562.79268 16.892 0.014
 562.88339 16.127 0.009
 563.79981 16.884 0.013
 563.88723 16.097 0.011
 567.70829 16.722 0.011
 567.83759 16.880 0.012
 568.70695 16.721 0.013
 568.79173 16.778 0.012
 569.67289 16.654 0.011
 570.66680 16.634 0.011
 570.84660 16.780 0.014
 570.87684 16.845 0.013
 570.88892 16.907 0.012
 571.64825 16.555 0.011
 571.76791 16.735 0.012
 571.88211 16.846 0.013
 572.68084 16.603 0.011
 572.68959 16.612 0.012
 572.70896 16.656 0.012
 572.71575 16.674 0.011
 572.85235 16.794 0.014
 573.64271 16.498 0.011
 573.67069 16.539 0.011
 573.67819 16.553 0.011
 573.81797 16.750 0.011
 574.66471 16.536 0.011
 574.75510 16.664 0.012
 575.66570 16.474 0.013
 575.85255 16.754 0.012
 576.66877 16.456 0.011
 576.80996 16.725 0.011
 576.91597 16.775 0.013
 577.82230 16.716 0.011
 578.67008 16.433 0.010
 581.64203 16.230 0.010
 581.86197 16.734 0.013
 582.65549 16.247 0.010
 582.87215 16.691 0.012
 583.65052 16.184 0.009
 583.76018 16.470 0.010
 583.89527 16.690 0.012
 587.66535 16.213 0.010
 588.64822 16.794 0.013
 588.76598 16.347 0.010
 588.92223 16.654 0.011
 590.66701 16.815 0.020
 590.74757 16.197 0.012
 599.65928 16.792 0.011
 600.64531 16.733 0.012
 600.78481 16.903 0.012
 601.71562 16.779 0.011
 601.91735 16.312 0.010
 605.57784 16.557 0.013
 605.90680 16.131 0.011
 605.93473 16.207 0.011
 606.57775 16.547 0.011
 606.71694 16.735 0.011
 606.89072 16.454 0.010
 607.57082 16.502 0.009
 607.69101 16.690 0.010
 607.84765 16.895 0.013
 608.56598 16.480 0.011
 608.68283 16.671 0.012
 608.83932 16.839 0.012
 614.58763 16.352 0.010
 614.77685 16.708 0.012
 615.56792 16.280 0.009
 615.66252 16.484 0.009
 615.75745 16.660 0.011
 615.87640 16.782 0.014
 615.92671 16.817 0.015
 616.56831 16.201 0.009
 616.68649 16.516 0.010
 616.78193 16.658 0.012
 616.87760 16.740 0.017
 622.77807 16.553 0.012
 623.65248 16.201 0.008
 623.79183 16.539 0.011
 624.56945 16.905 0.013
 624.66507 16.204 0.009
 624.73947 16.404 0.010
 625.57941 16.911 0.016
 625.67880 16.209 0.009
 626.56064 16.827 0.013
 626.63512 16.447 0.010
 626.77475 16.439 0.010
 626.85016 16.592 0.011
 627.79707 16.453 0.011
 628.61388 16.891 0.014
 628.71370 16.180 0.008
 628.82268 16.482 0.011
 629.58374 16.809 0.012
 629.70385 16.110 0.008
 630.55364 16.789 0.013
 631.63106 16.880 0.012
 631.72730 16.117 0.008
 632.62183 16.822 0.015
 632.71386 16.410 0.010
 633.60098 16.756 0.011
 635.67058 16.836 0.015
 643.54500 16.572 0.011
 643.64019 16.708 0.012
 645.55844 16.538 0.010
 649.49919 16.295 0.012
 652.54445 16.320 0.010
 653.68588 16.600 0.010
 655.71170 16.622 0.012
 656.53397 16.128 0.007
 656.58591 16.293 0.007
 657.58263 16.260 0.009
 658.58952 16.216 0.009
 663.52906 16.856 0.015
 664.64029 16.135 0.009
 665.55629 16.888 0.012
 666.49256 16.757 0.013
 667.52866 16.790 0.011
 669.49130 16.727 0.011
 670.65969 16.824 0.013
 671.49456 16.725 0.013
 673.63208 16.806 0.016
 684.48139 16.441 0.010
 685.47218 16.370 0.011
 686.52408 16.452 0.010
 687.51690 16.419 0.011
 688.49775 16.333 0.010
 689.48267 16.244 0.009
 694.48765 16.212 0.010
 697.48893 16.848 0.013
 699.48046 16.896 0.013
 700.49682 16.875 0.014
 701.48060 16.868 0.023
 704.49836 16.758 0.015
 708.56871 16.794 0.014
 713.48984 16.716 0.012
 720.49379 16.570 0.010
 728.59994 16.555 0.014
 753.50902 16.725 0.014
 878.85452 16.315 0.008
 890.89965 16.650 0.012
 896.82791 16.758 0.011
 900.82712 16.717 0.010
 918.83706 16.292 0.009
 924.89732 16.245 0.010
 928.89746 16.135 0.010
 930.82002 16.813 0.014
 933.80039 16.793 0.011
 936.84383 16.782 0.012
 937.78688 16.724 0.012
 939.74750 16.644 0.011
 941.72152 16.526 0.010
 950.69873 16.208 0.009
 951.76926 16.360 0.009
 952.73598 16.240 0.008
 953.74996 16.240 0.009
 954.75517 16.198 0.009
 961.79140 16.386 0.009
 962.71653 16.812 0.014
 963.72353 16.801 0.012
 964.79172 16.849 0.013
 965.69377 16.756 0.013
 966.66951 16.731 0.012
 970.83900 16.868 0.015
 985.62677 16.147 0.007
 988.73137 16.372 0.010
 990.68044 16.120 0.008
 991.65374 16.496 0.012
 995.74773 16.149 0.010
 998.76540 16.119 0.009
1006.74593 16.814 0.016
1011.77345 16.779 0.012
1021.66447 16.430 0.010
1026.62421 16.133 0.009
1035.56536 16.782 0.014
1036.61011 16.774 0.013
1037.61643 16.769 0.013
1038.64813 16.798 0.017
1040.53555 16.696 0.011
1041.54903 16.707 0.011
1043.57892 16.714 0.014
1045.52727 16.578 0.011
1046.53457 16.554 0.010
1047.56865 16.611 0.014
1048.54792 16.528 0.011
1051.59455 16.548 0.014
1053.63069 16.586 0.012
1054.52310 16.310 0.009
1060.54283 16.114 0.009
1061.53140 16.224 0.010
1064.53505 16.863 0.014
1065.50246 16.862 0.013
1069.64701 16.094 0.009
1074.54639 16.774 0.017
1077.59952 16.765 0.013
1080.51162 16.661 0.013
1087.56106 16.603 0.012
1090.56868 16.549 0.013
1092.61133 16.575 0.014
1105.57951 16.189 0.009
1107.53935 16.885 0.015
1114.50677 16.763 0.015
1119.52515 16.702 0.017
1220.87625 16.790 0.016
1221.88072 16.769 0.023
1222.87929 16.764 0.015
1225.85794 16.744 0.014
1226.85435 16.732 0.014
1228.86428 16.687 0.014
1229.84906 16.688 0.014
1230.86620 16.661 0.013
1232.86073 16.619 0.013
1233.84478 16.567 0.013
1236.84407 16.451 0.014
1237.87653 16.510 0.013
1239.84756 16.389 0.011
1240.84446 16.370 0.012
1241.85414 16.354 0.013
1242.81398 16.180 0.011
1245.85868 16.207 0.011
1251.87748 16.482 0.016
1252.80976 16.803 0.014
1255.86334 16.880 0.015
1259.82693 16.755 0.013
1264.91016 16.771 0.015
1279.89902 16.505 0.011
1289.79579 16.880 0.014
1291.87835 16.382 0.008
1295.77443 16.767 0.014
1296.89032 16.913 0.013
1297.84187 16.749 0.014
1299.88164 16.786 0.015
1305.81177 16.678 0.014
1306.69072 16.435 0.010
1307.90726 16.725 0.014
1312.78579 16.457 0.010
1313.90690 16.671 0.012
1315.79724 16.407 0.010
1316.72241 16.162 0.009
1317.80311 16.355 0.011
1318.79077 16.307 0.010
1319.82370 16.372 0.011
1320.67444 16.892 0.015
1321.69889 16.911 0.015
1327.77623 16.899 0.019
1332.82915 16.879 0.014
1335.73022 16.715 0.012
1338.77802 16.727 0.013
1340.67652 16.572 0.012
1342.63222 16.412 0.011
1346.69024 16.429 0.010
1347.72035 16.467 0.010
1348.75365 16.513 0.012
1349.76747 16.506 0.011
1350.79520 16.565 0.010
1354.64494 16.575 0.012
1355.61970 16.899 0.016
1365.68427 16.769 0.013
1366.63078 16.739 0.013
1367.69791 16.749 0.015
1368.64669 16.715 0.012
1369.74774 16.796 0.013
1370.58758 16.654 0.013
1374.73348 16.730 0.014
1375.65723 16.662 0.012
1394.60086 16.910 0.015
1395.57945 16.816 0.012
1397.72863 16.149 0.009
1398.58279 16.782 0.012
1399.60491 16.778 0.013
1400.61161 16.760 0.013
1401.56978 16.728 0.013
1402.56250 16.727 0.013
1403.63256 16.763 0.015
1404.56591 16.702 0.012
1407.58388 16.701 0.014
1408.56101 16.663 0.012
1410.57322 16.587 0.016
1415.56807 16.485 0.012
1416.54829 16.415 0.010
1418.52907 16.301 0.010
1430.61873 16.119 0.010
1433.52477 16.752 0.015
1436.62525 16.899 0.015
1441.53062 16.694 0.017
1443.53067 16.699 0.014
1447.55122 16.650 0.014
1449.55107 16.600 0.015
1450.53107 16.533 0.012
1454.54907 16.479 0.014
1458.52786 16.334 0.012
1459.52743 16.247 0.011
1479.52188 16.717 0.018
1594.88059 16.669 0.014
1595.87459 16.645 0.013
1597.88319 16.611 0.014
1599.89315 16.556 0.013
1600.88569 16.540 0.013
1609.83725 16.119 0.009
1617.84484 16.871 0.014
1621.79907 16.748 0.015
1623.81095 16.729 0.015
1625.86043 16.766 0.014
1627.82023 16.730 0.014
1630.90233 16.749 0.018
1633.79416 16.537 0.010
1643.80467 16.246 0.010
1644.91553 16.493 0.010
1646.86502 16.340 0.012
1652.83106 16.739 0.013
1653.81968 16.898 0.014
1661.86785 16.800 0.012
1662.91557 16.904 0.014
1663.83304 16.765 0.012
1665.74530 16.636 0.013
1666.83655 16.714 0.012
1667.88079 16.746 0.014
1668.89447 16.756 0.013
1670.76311 16.566 0.011
1671.85714 16.710 0.012
1674.81791 16.567 0.010
1676.79957 16.466 0.009
1681.83998 16.437 0.012
1682.84258 16.392 0.012
1687.86237 16.283 0.011
1692.68034 16.763 0.011
1693.78238 16.833 0.014
1695.86181 16.774 0.011
1698.71705 16.721 0.014
1700.88318 16.858 0.014
1702.70766 16.656 0.011
1703.86447 16.746 0.014
1705.70588 16.587 0.012
1706.72698 16.597 0.011
1709.64887 16.343 0.010
1717.67975 16.113 0.009
1722.66138 16.895 0.012
1725.71984 16.860 0.013
1726.62884 16.759 0.013
1728.67293 16.744 0.012
1729.64837 16.852 0.010
1730.61955 16.720 0.013
1731.53461 16.612 0.012
1732.68700 16.749 0.013
1742.67841 16.599 0.012
1743.65532 16.546 0.011
1744.73768 16.684 0.016
1745.66553 16.503 0.010
1748.59081 16.205 0.011
1749.53174 16.671 0.012
1750.67491 16.386 0.010
1751.59186 16.111 0.008
1752.62767 16.179 0.010
1754.62186 16.115 0.009
1755.63636 16.116 0.009
1756.57427 16.899 0.012
1757.61169 16.868 0.015
1758.61838 16.895 0.013
1759.54712 16.786 0.011
1760.59676 16.837 0.013
1761.56374 16.751 0.013
1762.56107 16.773 0.012
1763.51504 16.717 0.012
1764.60481 16.762 0.012
1765.60790 16.785 0.015
1769.57867 16.704 0.012
1771.58085 16.663 0.017
1772.59086 16.681 0.012
1773.60543 16.710 0.014
1775.60618 16.650 0.011
1776.60144 16.621 0.010
1777.61600 16.620 0.012
1783.61647 16.459 0.010
1784.60611 16.408 0.011
1785.60556 16.389 0.011
1787.60064 16.295 0.010
1788.56954 16.168 0.010
1790.58311 16.118 0.009
1803.53057 16.717 0.012
1806.58036 16.740 0.013
1809.58977 16.718 0.012
1811.59799 16.698 0.015
1814.54646 16.562 0.012
1816.53406 16.488 0.012
1818.51631 16.399 0.012
1824.55911 16.303 0.011
1829.54714 16.160 0.010
1830.54813 16.385 0.011
1831.51230 16.924 0.019
1834.51976 16.842 0.016
1843.52744 16.693 0.013
1844.53010 16.702 0.013
1845.52090 16.701 0.017
2106.76844 16.733 0.015
2112.76275 16.626 0.012
2125.65067 16.902 0.020
2128.57983 16.764 0.013
2131.57317 16.744 0.012
2134.67685 16.790 0.017
2138.55693 16.555 0.013
2143.52619 16.365 0.014
2156.49237 16.842 0.015
2158.52489 16.857 0.014
2162.51022 16.776 0.015
2168.54503 16.734 0.017
2173.50304 16.559 0.016
2180.50165 16.398 0.012
2184.50637 16.269 0.012
2194.56169 16.272 0.011
2321.87911 16.659 0.016
2326.81121 16.391 0.014
2345.82130 16.776 0.014
2350.82585 16.770 0.013
2358.89056 16.744 0.015
2370.81874 16.307 0.011
2381.82600 16.909 0.014
2384.79887 16.786 0.015
2388.85659 16.775 0.014
2391.74262 16.674 0.017
2396.77411 16.628 0.018
2400.70207 16.341 0.012
2404.84895 16.556 0.011
2406.93292 16.668 0.015
2415.72976 16.865 0.017
2417.70349 16.778 0.016
2426.68468 16.676 0.013
2431.81539 16.736 0.012
2436.59016 16.168 0.010
2438.62052 16.173 0.010
2440.60198 16.426 0.011
2442.61950 16.572 0.013
2444.71314 16.239 0.011
2453.74699 16.768 0.015
2458.74007 16.783 0.014
2462.72880 16.767 0.013
2463.82943 16.888 0.015
2466.75641 16.690 0.015
2468.47169 16.117 0.011
2470.47461 16.363 0.013
2474.47684 16.930 0.024
2482.62843 16.291 0.011
2485.63840 16.805 0.017
2489.70907 16.444 0.010
2492.65441 16.779 0.013
2494.70809 16.903 0.014
2497.51068 16.573 0.013
2499.54661 16.619 0.012
2501.57427 16.617 0.012
2503.49946 16.375 0.027
2511.55455 16.278 0.012
2517.49143 16.864 0.021
2520.67675 16.295 0.010
2526.53481 16.795 0.014
2537.48484 16.510 0.015
2540.50087 16.468 0.014
2546.51135 16.353 0.012
2550.49274 16.106 0.012
2558.50112 16.874 0.018
2698.89620 16.350 0.011
2711.87923 16.809 0.014
2721.88926 16.709 0.024
2730.89989 16.586 0.012
2743.77638 16.838 0.015
2748.79505 16.801 0.016
2755.78508 16.707 0.013
2759.78012 16.621 0.013
2765.79322 16.508 0.012
2769.77786 16.350 0.008
2782.71609 16.806 0.016
2784.70892 16.746 0.013
2786.59547 16.573 0.018
2788.69312 16.716 0.013
2789.81375 16.767 0.014
2789.82190 16.776 0.015
2789.86968 16.901 0.017
2789.88886 16.913 0.016
2789.91433 16.699 0.014
2789.92425 16.464 0.012
2789.93492 16.263 0.011
2789.94684 16.125 0.014
2790.57951 16.460 0.009
2790.60750 16.501 0.010
2790.64044 16.608 0.010
2790.66398 16.644 0.012
2790.68578 16.686 0.012
2790.70395 16.712 0.012
2790.73664 16.725 0.014
2790.78459 16.768 0.014
2790.82171 16.770 0.014
2790.84654 16.799 0.014
2790.87747 16.876 0.015
2790.90507 16.908 0.016
2790.92711 16.684 0.015
2790.93209 16.569 0.014
2790.94401 16.344 0.014
2791.53522 16.298 0.013
2791.57913 16.422 0.009
2791.60883 16.501 0.012
2791.67103 16.618 0.013
2791.71244 16.693 0.013
2791.74939 16.718 0.014
2791.83603 16.787 0.015
2791.87870 16.867 0.016
2791.93396 16.787 0.013
2792.58003 16.400 0.014
2792.58287 16.398 0.013
2794.61630 16.429 0.013
2796.57063 16.228 0.010
2802.58708 16.331 0.015
2802.60745 16.112 0.011
2802.62501 16.150 0.011
2802.66903 16.304 0.013
2802.72933 16.446 0.014
2802.79679 16.577 0.016
2808.63697 16.828 0.016
2810.57532 16.761 0.015
2812.57689 16.806 0.016
2813.82071 16.372 0.011
2815.59923 16.784 0.014
2816.66493 16.785 0.014
2817.77936 16.272 0.010
2818.67456 16.786 0.014
2819.76850 16.891 0.017
2821.66655 16.764 0.014
2826.65737 16.691 0.014
2830.78765 16.783 0.018
2835.48464 16.546 0.016
2837.50356 16.704 0.015
2838.73399 16.576 0.013
2838.76031 16.639 0.016
2838.81122 16.734 0.019
2839.48715 16.907 0.017
2840.50472 16.918 0.018
2841.57685 16.188 0.011
2841.79054 16.634 0.014
2842.55842 16.819 0.016
2844.61739 16.161 0.009
2848.55689 16.798 0.016
2851.54329 16.769 0.015
2853.54701 16.724 0.015
2854.74264 16.135 0.011
2857.72968 16.905 0.018
2862.51085 16.552 0.016
2864.50856 16.512 0.014
2867.66210 16.711 0.014
2868.52404 16.403 0.011
2871.48997 16.201 0.010
2872.60093 16.476 0.011
2874.56582 16.321 0.009
2875.50935 16.093 0.011
2875.62908 16.412 0.015
2876.53591 16.129 0.009
2876.65484 16.470 0.012
2877.51760 16.288 0.011
2877.66005 16.464 0.012
2878.49474 16.897 0.015
2878.65314 16.411 0.011
2879.54437 16.262 0.011
2880.70302 16.459 0.013
2882.54991 16.868 0.016
2889.52295 16.734 0.022
2894.58414 16.766 0.015
2898.63993 16.779 0.018
2903.53905 16.572 0.012
2908.60074 16.544 0.016
2912.54649 16.352 0.012
2926.57008 16.921 0.018
3044.86435 16.691 0.016
3055.88040 16.491 0.012
3058.89826 16.452 0.013
3064.81879 16.678 0.014
3067.89221 16.107 0.009
3070.85375 16.882 0.018
3073.80921 16.792 0.016
3075.84788 16.783 0.015
3079.89239 16.783 0.017
3082.86570 16.723 0.013
3084.90862 16.745 0.012
3086.83737 16.642 0.011
3088.79482 16.506 0.010
3089.90409 16.705 0.012
3091.82429 16.482 0.011
3096.86240 16.437 0.013
3098.84983 16.355 0.010
3100.80337 16.115 0.009
3101.91691 16.416 0.012
3103.77468 16.887 0.016
3104.88917 16.234 0.023
3106.83398 16.800 0.018
3108.76723 16.796 0.013
3109.79938 16.799 0.013
3110.83384 16.867 0.014
3112.79214 16.880 0.013
3113.87241 16.879 0.014
3114.78394 16.740 0.012
3115.86677 16.775 0.013
3116.92286 16.885 0.015
3122.90994 16.758 0.014
3125.87020 16.707 0.015
3126.89592 16.705 0.013
3127.80670 16.562 0.012
3128.81972 16.571 0.012
3130.69769 16.189 0.011
3131.88922 16.630 0.017
3135.89906 16.501 0.012
3137.93808 16.587 0.014
3138.70077 16.910 0.017
3139.87803 16.397 0.010
3140.87784 16.368 0.010
3142.76610 16.868 0.014
3144.78706 16.898 0.015
3146.80063 16.851 0.016
3151.74968 16.737 0.015
3151.91442 16.315 0.011
3152.75377 16.750 0.014
3153.75768 16.722 0.015
3154.81919 16.755 0.016
3156.83895 16.764 0.015
3158.91305 16.826 0.021
3162.81392 16.707 0.014
3163.62684 16.263 0.009
3163.64566 16.329 0.009
3164.73555 16.497 0.011
3165.75633 16.523 0.010
3166.90149 16.698 0.018
3167.75436 16.462 0.012
3168.74952 16.418 0.010
3169.72543 16.324 0.010
3170.80294 16.496 0.010
3171.82567 16.504 0.009
3172.75266 16.320 0.009
3174.70896 16.131 0.008
3175.71890 16.155 0.008
3177.75608 16.136 0.011
3178.78262 16.164 0.008
3179.79234 16.152 0.009
3180.72073 16.904 0.013
3182.77218 16.827 0.014
3183.74084 16.875 0.015
3184.69863 16.781 0.012
3185.75130 16.840 0.015
3193.53683 16.361 0.010
3194.59547 16.477 0.013
3195.64278 16.556 0.010
3195.80044 16.746 0.012
3196.54588 16.297 0.010
3197.51341 16.154 0.009
3199.62327 16.407 0.011
3201.51504 16.589 0.012
3202.56950 16.129 0.009
3203.65901 16.380 0.010
3204.65224 16.317 0.009
3205.76082 16.546 0.011
3206.71785 16.411 0.012
3210.54529 16.818 0.016
3211.58366 16.869 0.015
3217.47937 16.672 0.014
3217.65225 16.870 0.015
3218.65064 16.780 0.016
3219.60594 16.746 0.018
3223.65185 16.759 0.017
3224.69739 16.796 0.013
3226.61472 16.659 0.015
3228.60112 16.648 0.013
3229.63359 16.692 0.013
3230.66718 16.680 0.012
3231.57052 16.523 0.011
3232.59841 16.540 0.014
3238.61953 16.428 0.011
3239.69825 16.556 0.014
3240.67941 16.502 0.015
3241.65431 16.438 0.014
3245.55418 16.752 0.016
3246.65789 16.275 0.012
3247.62408 16.127 0.010
3249.52600 16.786 0.015
3250.65876 16.115 0.010
3253.52305 16.749 0.013
3256.63579 16.825 0.016
3264.53275 16.625 0.013
3267.53189 16.540 0.012
3272.58729 16.507 0.013
3275.57026 16.401 0.013
3278.59917 16.376 0.012
3282.57316 16.165 0.007
3288.54573 16.893 0.015
3293.51633 16.739 0.010
3295.52653 16.686 0.009
3305.52530 16.549 0.016
3314.51640 16.293 0.015
3408.89018 16.725 0.016
3413.89113 16.638 0.014
3421.89735 16.438 0.009
3422.87167 16.375 0.009
3426.86283 16.182 0.009
3429.84489 16.558 0.014
3432.88826 16.410 0.011
3442.89069 16.787 0.013
3445.80348 16.665 0.010
3447.85412 16.708 0.012
3449.86677 16.667 0.012
3452.88739 16.690 0.011
3455.82156 16.468 0.012
3457.85514 16.478 0.011
3459.85027 16.402 0.010
3467.88016 16.232 0.008
3469.78603 16.885 0.012
3470.79900 16.882 0.012
3472.76146 16.773 0.012
3473.78123 16.791 0.013
3474.77790 16.761 0.014
3475.80348 16.804 0.012
3477.76529 16.733 0.012
3479.76416 16.718 0.010
3480.72428 16.668 0.011
3481.74224 16.680 0.011
3482.71897 16.620 0.011
3496.72178 16.147 0.009
3497.79334 16.342 0.011
3498.91764 16.549 0.015
3499.86447 16.480 0.010
3500.73069 16.342 0.009
3501.82711 16.299 0.008
3502.72297 16.893 0.012
3503.69213 16.861 0.012
3504.70687 16.866 0.013
3506.75070 16.917 0.014
3508.76027 16.850 0.013
3509.73335 16.746 0.012
3510.80314 16.896 0.013
3511.84229 16.872 0.013
3512.71199 16.769 0.014
3517.69009 16.671 0.014
3520.76304 16.701 0.012
3521.72031 16.644 0.010
3522.74830 16.682 0.010
3522.93953 16.854 0.015
3523.75279 16.658 0.010
3524.89799 16.782 0.015
3525.75118 16.605 0.010
3526.75460 16.574 0.011
3528.67554 16.352 0.009
3529.69783 16.392 0.007
3530.61294 16.143 0.007
3537.74095 16.199 0.008
3538.60949 16.787 0.013
3539.82255 16.412 0.007
3540.65278 16.866 0.013
3544.72775 16.897 0.015
3546.84690 16.118 0.012
3547.81114 16.390 0.012
3550.63762 16.707 0.011
3551.63790 16.671 0.009
3552.67287 16.727 0.012
3553.72297 16.708 0.014
3554.66150 16.694 0.014
3555.67985 16.695 0.013
3556.67812 16.685 0.011
3558.53295 16.306 0.011
3558.83166 16.781 0.013
3559.70162 16.652 0.012
3561.55069 16.265 0.009
3563.64210 16.460 0.009
3569.56524 16.760 0.013
3572.82069 16.585 0.018
3573.65166 16.117 0.009
3574.69159 16.172 0.009
3575.53907 16.789 0.012
3575.77567 16.391 0.010
3577.59304 16.835 0.014
3580.65636 16.869 0.012
3582.64810 16.773 0.012
3583.75844 16.397 0.011
3584.76178 16.566 0.012
3585.63752 16.761 0.012
3586.72257 16.845 0.012
3589.67614 16.784 0.012
3591.68366 16.740 0.011
3593.75059 16.787 0.015
3594.71278 16.738 0.012
3601.66134 16.570 0.012
3602.62194 16.425 0.010
3603.64198 16.472 0.010
3607.64033 16.330 0.009
3608.65571 16.315 0.010
3618.58505 16.783 0.015
3620.54829 16.743 0.011
3622.52615 16.700 0.014
3628.60233 16.704 0.015
3630.54164 16.525 0.015
3632.59181 16.639 0.015
3634.49242 16.360 0.010
3639.55128 16.371 0.009
3641.54972 16.304 0.013
3644.51005 16.355 0.010
3648.54182 16.748 0.014
3650.59031 16.280 0.011
3654.54587 16.795 0.020
3656.52712 16.759 0.014
3658.55897 16.853 0.020
3660.53159 16.743 0.017
3664.50839 16.658 0.014
3669.53436 16.569 0.014
3675.51366 16.405 0.013
3776.87225 16.654 0.014
3782.85694 16.459 0.012
3784.88223 16.453 0.011
3787.84984 16.256 0.009
3790.88060 16.232 0.010
3792.87721 16.137 0.007
3794.83417 16.869 0.017
3796.82377 16.868 0.014
3798.79489 16.778 0.014
3799.86855 16.848 0.017
3800.89487 16.912 0.015
3802.84263 16.759 0.013
3803.87794 16.771 0.013
3805.79395 16.682 0.014
3806.81405 16.700 0.013
3807.82777 16.702 0.014
3808.78745 16.691 0.013
3809.79028 16.663 0.012
3810.76099 16.554 0.012
3810.83484 16.688 0.012
3811.83084 16.681 0.013
3812.82260 16.599 0.012
3813.80124 16.564 0.011
3814.74607 16.416 0.011
3814.81548 16.578 0.011
3815.84698 16.621 0.011
3817.81905 16.512 0.011
3818.87766 16.597 0.011
3819.79326 16.382 0.009
3820.76356 16.286 0.009
3821.76669 16.247 0.009
3822.80613 16.324 0.010
3823.76221 16.137 0.008
3824.77965 16.151 0.010
3825.79711 16.184 0.010
3826.77978 16.170 0.009
3827.79296 16.132 0.008
3830.72356 16.832 0.014
3831.88399 16.200 0.008
3832.74513 16.765 0.013
3833.75285 16.788 0.012
3833.81667 16.887 0.012
3833.84219 16.657 0.011
3833.86679 16.164 0.008
3833.90056 16.186 0.008
3833.91757 16.253 0.009
3833.92378 16.261 0.010
3834.70142 16.761 0.016
3834.72036 16.770 0.015
3834.74430 16.784 0.014
3834.79332 16.869 0.013
3834.87303 16.287 0.009
3834.91558 16.188 0.010
3835.70250 16.741 0.014
3835.72757 16.755 0.015
3835.78095 16.782 0.013
3835.85457 16.867 0.012
3835.87812 16.412 0.009
3836.70938 16.728 0.016
3836.75594 16.797 0.017
3836.80648 16.790 0.015
3836.83702 16.898 0.015
3836.86419 16.857 0.013
3836.89321 16.364 0.009
3836.92368 16.143 0.009
3837.72250 16.700 0.014
3837.75327 16.760 0.013
3837.77968 16.767 0.014
3837.89530 16.580 0.011
3838.72994 16.708 0.016
3839.73128 16.696 0.016
3839.79235 16.772 0.013
3839.86591 16.870 0.017
3839.91976 16.594 0.013
3840.69894 16.692 0.015
3840.75746 16.723 0.013
3841.71271 16.703 0.014
3841.76534 16.724 0.013
3842.83708 16.801 0.013
3845.69061 16.556 0.021
3845.71097 16.575 0.016
3845.89856 16.775 0.025
3846.72165 16.585 0.011
3847.78824 16.671 0.014
3848.74311 16.588 0.012
3849.74231 16.547 0.012
3850.68606 16.399 0.010
3850.85805 16.695 0.013
3850.92955 16.779 0.015
3851.70130 16.445 0.011
3851.86452 16.732 0.014
3852.68999 16.376 0.011
3852.91850 16.701 0.014
3853.67827 16.302 0.009
3853.84593 16.649 0.010
3853.91745 16.736 0.011
3854.69489 16.304 0.009
3856.66829 16.145 0.009
3857.90616 16.690 0.011
3858.72480 16.236 0.009
3859.78737 16.379 0.010
3860.80357 16.410 0.012
3861.65716 16.911 0.016
3861.76416 16.260 0.009
3862.66220 16.884 0.014
3862.85255 16.443 0.009
3862.92625 16.590 0.012
3863.67839 16.896 0.014
3863.89812 16.501 0.009
3864.66772 16.883 0.015
3864.85833 16.406 0.009
3865.72583 16.812 0.013
3865.86939 16.421 0.010
3865.93839 16.547 0.012
3866.67750 16.836 0.013
3866.81700 16.227 0.009
3866.89521 16.436 0.010
3867.69228 16.820 0.013
3867.87849 16.351 0.010
3868.70021 16.809 0.015
3868.93237 16.443 0.014
3869.67894 16.791 0.013
3869.86024 16.251 0.011
3872.88013 16.156 0.009
3873.68415 16.735 0.012
3873.82631 16.821 0.013
3873.89745 16.202 0.009
3874.73510 16.776 0.014
3874.90997 16.185 0.008
3875.70384 16.720 0.011
3875.85067 16.849 0.012
3876.62284 16.663 0.011
3877.69971 16.713 0.011
3877.84949 16.906 0.013
3877.92253 16.129 0.010
3879.65574 16.648 0.011
3880.82496 16.774 0.013
3880.90406 16.905 0.014
3881.65052 16.601 0.012
3881.86597 16.794 0.012
3881.91259 16.890 0.013
3882.63541 16.513 0.010
3882.78896 16.730 0.012
3882.86286 16.799 0.012
3882.93148 16.919 0.013
3883.62297 16.457 0.011
3883.82009 16.771 0.013
3886.58511 16.308 0.010
3886.78364 16.682 0.012
3886.85879 16.764 0.013
3887.63612 16.381 0.009
3887.76310 16.689 0.012
3887.86665 16.754 0.012
3887.93868 16.775 0.014
3889.65012 16.362 0.009
3889.92495 16.757 0.014
3890.71640 16.469 0.009
3891.65948 16.331 0.009
3891.86347 16.702 0.013
3892.72614 16.454 0.010
3892.91784 16.733 0.013
3893.59977 16.266 0.010
3894.65432 16.194 0.010
3894.86964 16.679 0.013
3896.59034 16.875 0.018
3900.51816 16.716 0.018
3900.70852 16.113 0.009
3900.78786 16.371 0.010
3900.85641 16.491 0.012
3901.53293 16.738 0.014
3901.70918 16.147 0.008
3901.86004 16.501 0.012
3902.54620 16.757 0.013
3902.79578 16.340 0.009
3903.64034 16.818 0.013
3903.72286 16.327 0.011
3903.74401 16.120 0.009
3903.75688 16.146 0.009
3903.76573 16.203 0.009
3903.88548 16.502 0.014
3904.54389 16.707 0.013
3904.70631 16.865 0.012
3904.77575 16.196 0.008
3904.84851 16.415 0.010
3905.54072 16.713 0.012
3905.71707 16.890 0.012
3905.78733 16.189 0.008
3905.85592 16.371 0.009
3906.55206 16.677 0.013
3906.74140 16.718 0.012
3906.81463 16.238 0.009
3907.58287 16.709 0.013
3907.76818 16.441 0.014
3907.85267 16.295 0.012
3908.52084 16.647 0.013
3908.70767 16.887 0.016
3908.86736 16.355 0.010
3909.52054 16.634 0.014
3909.70338 16.824 0.012
3909.79370 16.408 0.010
3909.87329 16.295 0.010
3910.54095 16.657 0.013
3912.51540 16.544 0.011
3912.70709 16.792 0.011
3912.79811 16.877 0.012
3912.88598 16.221 0.009
3913.50829 16.490 0.010
3914.53435 16.543 0.012
3914.76585 16.825 0.013
3915.51002 16.444 0.011
3915.71502 16.760 0.013
3915.80622 16.891 0.013
3916.55480 16.517 0.014
3917.53286 16.474 0.012
3917.80574 16.789 0.014
3918.55390 16.457 0.013
3918.80046 16.782 0.015
3919.50783 16.348 0.011
3919.74035 16.748 0.012
3920.49766 16.268 0.010
3920.69428 16.670 0.013
3920.77618 16.751 0.011
3921.49757 16.231 0.009
3921.69675 16.654 0.015
3921.79951 16.764 0.017
3922.69484 16.605 0.014
3930.50068 16.895 0.014
3930.77187 16.600 0.014
3931.48262 16.775 0.016
3932.51415 16.901 0.016
3932.78948 16.600 0.013
3933.49522 16.795 0.013
3933.68496 16.348 0.009
3933.76058 16.527 0.009
3934.47796 16.778 0.013
3934.76385 16.502 0.011
3935.52789 16.806 0.013
3935.69912 16.302 0.010
3935.77365 16.487 0.011
3936.48125 16.777 0.015
3936.64658 16.132 0.008
3936.72311 16.349 0.010
3937.49399 16.775 0.017
3937.76761 16.422 0.012
3938.48595 16.771 0.016
3938.67985 16.141 0.008
3938.76270 16.368 0.011
3939.55331 16.753 0.010
3940.67162 16.496 0.009
3940.80244 16.418 0.009
3944.52630 16.711 0.011
3945.49919 16.686 0.012
3945.70163 16.912 0.014
3945.75752 16.109 0.008
3946.50051 16.642 0.012
3946.68978 16.888 0.014
3946.77125 16.119 0.009
3950.50635 16.599 0.012
3950.71955 16.810 0.013
3951.50103 16.531 0.013
3951.73350 16.791 0.015
3957.49420 16.378 0.011
3958.56490 16.495 0.011
3959.49070 16.298 0.011
3959.67206 16.685 0.013
3960.48699 16.245 0.009
3960.66604 16.661 0.011
3960.73811 16.713 0.013
3961.55833 16.425 0.012
3963.51967 16.236 0.010
3963.69699 16.648 0.012
3964.51169 16.176 0.008
3964.71659 16.629 0.012
3965.49303 16.212 0.008
3965.68738 16.590 0.011
3966.47670 16.772 0.014
3966.52298 16.109 0.008
3966.55156 16.206 0.009
3966.58553 16.328 0.009
3966.59750 16.344 0.009
3966.62339 16.435 0.011
3966.67604 16.561 0.011
3966.70749 16.591 0.012
3967.48472 16.796 0.016
3967.50451 16.467 0.012
3967.52621 16.131 0.010
3967.54177 16.140 0.010
3967.58389 16.274 0.010
3967.70142 16.561 0.011
3967.72980 16.644 0.013
3968.48477 16.877 0.015
3968.65674 16.442 0.010
3968.72583 16.586 0.013
3969.47078 16.865 0.018
3969.51337 16.776 0.015
3969.54548 16.163 0.009
3969.57983 16.190 0.008
3969.61361 16.304 0.009
3969.66726 16.425 0.010
3969.72021 16.525 0.011
3970.47436 16.839 0.015
3970.49398 16.883 0.017
3970.57815 16.134 0.009
3970.67483 16.437 0.010
3970.70786 16.469 0.011
3971.53374 16.838 0.016
3971.70812 16.451 0.011
3974.49380 16.757 0.014
3974.67274 16.285 0.011
3975.49644 16.775 0.014
3975.67172 16.245 0.010
3976.49315 16.781 0.011
3976.67040 16.203 0.010
3979.49626 16.682 0.016
3982.55516 16.767 0.014
3983.50866 16.674 0.015
3986.56597 16.687 0.016
3987.49387 16.628 0.013
3987.65481 16.771 0.014
3988.49672 16.640 0.011
3990.62791 16.743 0.014
3995.55457 16.571 0.010
3999.57537 16.482 0.011
4001.50556 16.273 0.011
4003.52591 16.272 0.009
4004.51207 16.187 0.008
4006.50795 16.118 0.009
4011.60469 16.168 0.012
4012.55598 16.597 0.014
4016.50350 16.784 0.015
4018.52869 16.730 0.016
4020.52657 16.759 0.015
4023.52694 16.755 0.013
4025.54633 16.689 0.013
4027.55127 16.717 0.014
4030.54304 16.616 0.014
4036.52427 16.472 0.014
4040.50546 16.339 0.013
4043.50085 16.200 0.014
4141.86555 16.577 0.014
4149.88241 16.382 0.012
4153.86875 16.205 0.010
4156.84723 16.522 0.014
4158.86670 16.672 0.014
4161.83461 16.821 0.016
4163.81752 16.768 0.017
4164.82316 16.780 0.015
4165.90355 16.887 0.022
4167.90749 16.820 0.016
4175.77796 16.551 0.013
4176.88701 16.703 0.014
4178.77930 16.481 0.012
4179.83813 16.568 0.012
4181.77448 16.387 0.012
4182.81936 16.457 0.011
4183.85548 16.502 0.013
4184.89594 16.537 0.009
4185.87185 16.461 0.011
4189.90641 16.433 0.014
4191.86159 16.264 0.012
4192.77681 16.841 0.018
4194.77623 16.912 0.017
4196.76649 16.825 0.019
4202.74790 16.741 0.014
4203.73611 16.724 0.013
4203.92049 16.749 0.014
4204.72439 16.696 0.015
4205.72483 16.679 0.015
4207.71430 16.642 0.014
4207.88952 16.789 0.013
4208.73643 16.639 0.013
4211.78059 16.639 0.016
4212.91653 16.756 0.016
4213.74310 16.555 0.012
4215.73302 16.485 0.013
4216.69041 16.352 0.012
4216.88336 16.718 0.008
4217.69599 16.310 0.010
4218.72019 16.350 0.013
4219.74164 16.356 0.012
4220.68134 16.145 0.011
4221.72534 16.272 0.013
4222.90171 16.637 0.013
4223.72978 16.185 0.012
4224.77369 16.281 0.012
4228.66789 16.856 0.016
4228.89966 16.458 0.014
4229.66272 16.792 0.019
4229.85975 16.332 0.011
4229.92141 16.507 0.013
4230.67257 16.797 0.015
4230.86051 16.337 0.011
4230.92224 16.470 0.015
4231.65689 16.770 0.014
4231.83249 16.184 0.010
4231.92525 16.440 0.013
4232.73970 16.898 0.017
4232.90676 16.382 0.012
4233.78591 16.785 0.018
4234.69977 16.782 0.016
4235.88198 16.180 0.010
4237.68301 16.735 0.014
4238.72065 16.786 0.013
4238.86659 16.456 0.012
4238.92835 16.212 0.011
4239.61111 16.636 0.016
4240.66813 16.694 0.013
4240.79950 16.796 0.014
4240.93366 16.146 0.010
4243.63068 16.609 0.014
4243.72692 16.721 0.015
4243.82053 16.744 0.018
4243.93819 16.289 0.012
4244.60648 16.498 0.014
4244.70252 16.691 0.014
4244.79562 16.769 0.015
4245.59918 16.447 0.011
4245.69287 16.649 0.013
4245.78605 16.742 0.013
4246.65791 16.559 0.012
4246.75093 16.699 0.014
4246.84415 16.782 0.015
4247.64879 16.515 0.013
4247.80613 16.715 0.013
4250.72122 16.576 0.013
4251.79277 16.701 0.018
4256.60804 16.127 0.011
4256.75487 16.456 0.016
4256.85270 16.645 0.019
4257.63994 16.145 0.011
4258.62331 16.208 0.011
4258.74657 16.425 0.011
4258.84127 16.622 0.014
4267.58333 16.743 0.018
4268.77077 16.124 0.010
4268.89112 16.469 0.014
4269.56567 16.715 0.015
4269.68672 16.865 0.014
4269.77747 16.126 0.008
4270.56122 16.711 0.014
4272.62960 16.760 0.014
4272.77873 16.617 0.012
4272.85023 16.220 0.011
4273.60663 16.720 0.018
4273.78746 16.717 0.016
4273.84726 16.167 0.011
4274.59906 16.700 0.016
4274.75360 16.868 0.016
4274.81275 16.442 0.012
4275.59182 16.693 0.013
4275.76723 16.888 0.017
4275.82568 16.413 0.013
4275.88689 16.199 0.014
4276.57658 16.646 0.015
4277.52044 16.503 0.015
4277.69607 16.742 0.015
4277.75607 16.793 0.016
4277.81467 16.878 0.020
4278.55424 16.558 0.017
4278.74144 16.761 0.018
4278.81443 16.862 0.022
4283.49990 16.296 0.012
4283.71007 16.687 0.021
4283.71363 16.711 0.016
4284.49492 16.238 0.011
4284.72540 16.703 0.013
4284.78760 16.760 0.016
4284.85269 16.812 0.020
4285.49338 16.169 0.011
4285.68546 16.641 0.016
4285.74997 16.695 0.014
4285.81775 16.781 0.017
4286.49765 16.154 0.012
4286.79129 16.717 0.015
4289.50179 16.297 0.013
4289.72078 16.610 0.015
4289.78583 16.679 0.014
4289.85261 16.732 0.017
4290.55182 16.159 0.011
4291.65420 16.420 0.012
4291.77661 16.643 0.016
4292.47993 16.889 0.016
4292.65803 16.394 0.011
4292.71766 16.532 0.011
4292.77640 16.657 0.013
4292.84039 16.703 0.015
4293.48029 16.866 0.016
4293.68619 16.444 0.011
4293.74498 16.571 0.012
4293.82260 16.696 0.014
4294.47955 16.849 0.016
4295.48108 16.788 0.018
4295.68459 16.371 0.010
4295.74329 16.501 0.011
4295.82555 16.664 0.015
4296.48237 16.797 0.016
4296.67081 16.307 0.010
4296.76929 16.516 0.012
4296.80633 16.602 0.014
4297.50318 16.789 0.016
4297.70406 16.364 0.010
4297.80954 16.578 0.012
4298.53786 16.868 0.017
4298.64370 16.121 0.010
4298.73719 16.419 0.011
4299.52073 16.790 0.014
4299.61407 16.546 0.012
4299.70623 16.302 0.010
4299.79644 16.505 0.014
4300.51619 16.782 0.015
4300.63602 16.374 0.011
4300.73246 16.328 0.011
4301.50664 16.778 0.014
4301.59893 16.916 0.014
4301.69558 16.184 0.009
4301.79413 16.459 0.011
4302.57245 16.854 0.015
4302.67431 16.126 0.010
4303.65868 16.670 0.015
4304.54042 16.785 0.017
4304.64981 16.890 0.017
4306.52939 16.713 0.017
4306.66522 16.904 0.017
4307.76575 16.165 0.010
4311.74123 16.883 0.023
4312.51103 16.617 0.016
4312.70621 16.851 0.015
4315.54518 16.616 0.013
4316.57403 16.668 0.013
4317.49641 16.436 0.012
4319.50548 16.443 0.013
4320.52846 16.454 0.012
4326.48402 16.126 0.010
4327.57758 16.348 0.013
4328.50464 16.113 0.011
4328.68160 16.566 0.015
4329.51491 16.090 0.010
4329.66276 16.503 0.013
4330.52735 16.094 0.009
4330.67832 16.508 0.012
4331.50754 16.579 0.013
4331.67410 16.462 0.013
4332.48531 16.886 0.015
4333.51637 16.819 0.017
4333.67743 16.421 0.012
4334.48957 16.880 0.020
4334.58727 16.110 0.014
4338.48976 16.767 0.017
4339.50917 16.762 0.016
4340.57784 16.890 0.019
4341.49014 16.738 0.019
4343.49545 16.724 0.012
4345.49156 16.712 0.013
4346.50017 16.709 0.014
4350.51473 16.660 0.013
4351.48997 16.613 0.013
4352.53748 16.646 0.016
4353.49740 16.600 0.013
4354.52597 16.622 0.013
4355.51662 16.586 0.012
4356.49401 16.499 0.012
4357.57729 16.642 0.016
4358.53454 16.524 0.013
4359.50334 16.459 0.012
4361.55631 16.451 0.015
4362.49172 16.334 0.013
4365.54869 16.366 0.014
4367.52508 16.241 0.010
4368.56060 16.277 0.013
4369.56951 16.292 0.014
4370.54754 16.185 0.010
4371.52097 16.210 0.010
4372.50548 16.791 0.013
4375.55784 16.429 0.015
4378.50519 16.779 0.015
4379.52059 16.743 0.019
4380.53206 16.783 0.015
4381.51004 16.749 0.019
4382.59857 16.893 0.019
4383.52352 16.764 0.016
4384.57270 16.775 0.016
4387.55620 16.756 0.016
4393.51787 16.630 0.013
4395.54665 16.636 0.016
4396.55917 16.666 0.018
4397.51804 16.518 0.014
4398.52569 16.541 0.015
4400.52062 16.374 0.015
4402.53526 16.423 0.016
4403.53623 16.419 0.015
4506.88723 16.572 0.016
4510.88415 16.440 0.012
4513.84813 16.288 0.010
4517.84220 16.095 0.012
4519.82810 16.816 0.019
4522.86121 16.842 0.019
4524.84063 16.873 0.016
4530.80283 16.730 0.012
4533.83653 16.683 0.015
4535.88656 16.743 0.014
4537.78617 16.583 0.014
4538.88012 16.720 0.015
4539.84132 16.680 0.013
4540.85123 16.656 0.013
4541.78028 16.474 0.012
4542.77481 16.438 0.013
4543.77045 16.453 0.012
4544.76729 16.390 0.012
4545.75400 16.295 0.012
4546.76063 16.318 0.011
4547.77477 16.310 0.011
4548.82769 16.401 0.012
4550.79991 16.255 0.012
4551.74627 16.368 0.012
4552.78988 16.126 0.011
4556.74257 16.879 0.016
4557.76016 16.905 0.015
4558.78034 16.908 0.014
4559.73321 16.758 0.013
4559.92212 16.284 0.012
4560.73554 16.772 0.014
4560.92274 16.255 0.011
4561.72599 16.778 0.013
4561.91209 16.158 0.008
4564.71622 16.711 0.013
4564.91648 16.199 0.009
4565.71438 16.711 0.011
4565.90494 16.697 0.011
4566.71369 16.700 0.012
4566.90675 16.861 0.013
4567.70586 16.680 0.013
4567.91256 16.886 0.014
4568.71140 16.705 0.014
4569.72108 16.698 0.014
4570.71239 16.653 0.015
4571.70016 16.590 0.015
4571.89835 16.762 0.013
4572.73690 16.646 0.013
4573.72578 16.591 0.013
4574.72819 16.552 0.013
4575.73362 16.564 0.012
4576.74129 16.559 0.012
4577.82547 16.680 0.014
4578.77662 16.591 0.015
4579.85328 16.675 0.014
4583.72027 16.308 0.013
4583.90541 16.687 0.013
4585.74076 16.280 0.011
4586.74861 16.263 0.010
4587.75688 16.244 0.011
4587.91531 16.636 0.015
4588.72207 16.119 0.009
4589.70438 16.600 0.013
4589.85966 16.465 0.012
4589.92169 16.588 0.013
4590.68177 16.906 0.016
4590.88742 16.481 0.011
4591.69355 16.892 0.016
4591.86559 16.425 0.011
4591.92774 16.533 0.012
4592.65206 16.804 0.014
4592.84123 16.338 0.012
4592.90458 16.458 0.012
4593.64134 16.795 0.014
4593.85091 16.324 0.011
4593.91293 16.457 0.011
4594.66235 16.777 0.016
4594.85712 16.311 0.010
4594.92289 16.445 0.012
4595.64783 16.771 0.015
4595.84601 16.228 0.010
4595.90812 16.395 0.012
4596.64113 16.749 0.014
4596.92086 16.383 0.011
4597.67161 16.761 0.015
4597.86295 16.186 0.009
4597.93407 16.402 0.013
4598.64142 16.727 0.012
4598.88621 16.232 0.009
4599.62023 16.697 0.015
4599.82423 16.715 0.012
4600.62943 16.702 0.013
4600.93600 16.332 0.011
4601.63504 16.724 0.013
4601.85129 16.655 0.012
4601.91326 16.208 0.009
4602.62244 16.678 0.013
4602.83701 16.893 0.014
4603.75506 16.777 0.014
4606.62281 16.562 0.014
4610.72452 16.649 0.013
4611.61455 16.414 0.015
4611.84747 16.765 0.013
4612.63598 16.441 0.013
4615.77764 16.640 0.013
4616.58670 16.152 0.012
4616.80314 16.683 0.012
4616.87295 16.732 0.015
4617.65018 16.315 0.010
4618.59820 16.128 0.010
4621.69554 16.310 0.009
4622.77998 16.475 0.012
4622.89816 16.726 0.016
4623.62165 16.641 0.016
4623.85194 16.584 0.014
4623.92286 16.705 0.017
4624.56367 16.823 0.017
4624.79556 16.459 0.012
4624.86217 16.587 0.012
4625.58989 16.866 0.016
4625.77799 16.390 0.013
4625.87191 16.592 0.015
4626.58777 16.789 0.015
4626.84032 16.496 0.012
4627.54523 16.755 0.015
4627.81443 16.415 0.010
4628.57851 16.767 0.015
4628.74230 16.169 0.009
4628.80790 16.373 0.011
4629.59177 16.749 0.013
4629.81552 16.360 0.010
4630.54522 16.728 0.016
4630.75525 16.129 0.009
4630.83845 16.381 0.011
4630.90143 16.520 0.013
4631.55073 16.727 0.013
4631.76659 16.135 0.009
4631.84433 16.369 0.010
4632.54807 16.713 0.016
4632.81309 16.261 0.010
4633.55411 16.724 0.014
4633.65597 16.762 0.014
4633.77757 16.107 0.009
4638.73964 16.807 0.016
4638.83729 16.136 0.010
4639.55830 16.634 0.016
4639.65847 16.720 0.013
4639.83785 16.355 0.016
4640.57838 16.643 0.012
4640.70948 16.774 0.013
4640.81660 16.881 0.021
4641.60122 16.680 0.012
4641.75686 16.780 0.015
4642.57698 16.584 0.013
4642.73749 16.756 0.014
4643.53712 16.479 0.013
4644.64959 16.676 0.014
4645.50377 16.347 0.012
4645.75445 16.740 0.015
4646.50561 16.307 0.010
4647.50012 16.262 0.012
4647.72497 16.709 0.015
4648.52853 16.299 0.011
4648.61798 16.509 0.012
4648.69432 16.674 0.013
4649.50866 16.226 0.011
4649.71916 16.692 0.013
4650.54018 16.273 0.011
4650.75762 16.700 0.013
4652.49199 16.381 0.013
4652.69455 16.571 0.013
4652.77613 16.712 0.014
4653.48842 16.709 0.016
4653.70749 16.579 0.013
4653.77273 16.703 0.014
4654.52375 16.248 0.011
4654.73541 16.579 0.012
4655.48822 16.937 0.018
4655.71261 16.533 0.011
4656.49021 16.894 0.014
4656.67998 16.434 0.012
4656.79560 16.650 0.014
4657.56476 16.178 0.011
4658.64856 16.306 0.011
4659.58236 16.326 0.012
4660.53795 16.903 0.022
4661.47833 16.762 0.016
4661.67588 16.277 0.011
4661.74046 16.431 0.012
4665.64556 16.536 0.015
4666.48981 16.728 0.017
4666.67448 16.234 0.011
4669.59989 16.772 0.018
4670.63591 16.807 0.016
4671.57404 16.737 0.014
4672.49160 16.674 0.012
4674.49607 16.615 0.015
4675.66346 16.754 0.014
4677.47666 16.507 0.012
4677.62304 16.719 0.017
4681.51804 16.487 0.012
4681.61815 16.698 0.013
4682.48910 16.422 0.011
4682.56502 16.588 0.012
4683.50739 16.406 0.014
4683.69450 16.721 0.014
4684.49947 16.390 0.011
4686.48871 16.273 0.010
4687.51467 16.320 0.011
4687.72805 16.709 0.015
4688.48531 16.189 0.011
4688.67531 16.635 0.013
4693.52976 16.121 0.009
4697.48890 16.890 0.017
4698.49375 16.884 0.017
4699.48836 16.796 0.015
4700.49669 16.797 0.014
4701.49202 16.741 0.015
4702.49040 16.766 0.013
4703.59833 16.858 0.019
4705.49427 16.747 0.014
4707.59519 16.802 0.014
4708.52706 16.731 0.015
4709.50301 16.703 0.015
4710.53051 16.723 0.014
4711.51256 16.691 0.015
4715.57262 16.705 0.015
4716.56340 16.711 0.014
4720.51606 16.534 0.014
4721.51692 16.497 0.015
4724.49602 16.354 0.013
4729.51948 16.276 0.012
4731.54239 16.255 0.011
4733.49398 16.429 0.012
4734.54039 16.142 0.010
4737.52861 16.708 0.016
4740.54070 16.867 0.017
4741.59138 16.459 0.012
4743.52196 16.769 0.016
4756.51072 16.579 0.016
4765.50610 16.399 0.012
4867.88162 16.611 0.014
4872.85028 16.424 0.016
4872.89293 16.529 0.020
4876.85433 16.316 0.011
4884.83742 16.884 0.015
4886.88808 16.500 0.012
4890.87030 16.869 0.014
4896.85793 16.747 0.013
4899.82940 16.700 0.014
4900.80916 16.656 0.013
4901.86925 16.710 0.013
4902.86763 16.675 0.013
4904.79206 16.523 0.012
4905.89586 16.662 0.016
4910.79792 16.357 0.011
4911.76855 16.237 0.008
4912.76537 16.189 0.008
4914.76831 16.111 0.009
4918.76521 16.815 0.013
4924.72717 16.774 0.012
4925.77647 16.777 0.012
4925.89250 16.129 0.008
4926.74026 16.778 0.014
4927.82779 16.876 0.015
4929.91053 16.759 0.014
4930.77939 16.770 0.015
4931.70132 16.679 0.016
4931.82370 16.755 0.014
4932.77898 16.728 0.014
4933.69906 16.617 0.015
4933.82723 16.745 0.014
4934.80264 16.729 0.014
4938.70716 16.526 0.012
4938.80707 16.703 0.015
4939.74757 16.550 0.013
4939.89206 16.735 0.015
4940.73024 16.534 0.012
4941.70495 16.431 0.011
4941.83200 16.669 0.013
4942.85734 16.678 0.011
4943.69681 16.359 0.009
4943.76289 16.503 0.010
4944.70219 16.326 0.009
4944.77736 16.492 0.010
4945.70199 16.300 0.010
4945.85440 16.642 0.011
4946.75903 16.415 0.010
4947.84326 16.566 0.010
4948.86636 16.598 0.012
4949.66165 16.586 0.011
4950.70288 16.106 0.009
4951.78883 16.328 0.010
4952.80717 16.336 0.010
4953.66597 16.926 0.015
4953.69452 16.852 0.014
4953.77169 16.192 0.010
4954.68608 16.893 0.014
4954.79157 16.215 0.009
4955.69004 16.881 0.014
