 831.63073 18.446 0.046
 831.67934 18.819 0.095
 832.77724 18.896 0.066
 833.70985 18.876 0.055
 834.73973 18.885 0.088
 836.67651 18.934 0.065
 837.70636 18.749 0.046
 838.75339 18.771 0.090
 839.70787 18.783 0.072
 840.69305 18.832 0.087
 841.76780 19.029 0.077
 842.68855 18.930 0.072
 843.69409 19.071 0.062
 844.68813 19.072 0.079
 845.79769 18.588 0.046
 846.75352 18.577 0.054
 850.73217 18.900 0.069
 854.77718 18.858 0.117
 855.72254 18.775 0.101
 856.68452 18.772 0.095
 857.68834 18.742 0.076
 858.70682 19.004 0.084
 859.66345 19.029 0.077
 860.69342 18.920 0.087
 866.57807 18.853 0.073
 867.55835 19.038 0.110
 874.55910 18.748 0.059
 875.61279 18.988 0.076
 876.54913 18.858 0.068
 877.50471 18.998 0.097
 878.59693 19.081 0.081
 879.58051 19.194 0.087
 880.57454 18.752 0.058
 881.51282 18.763 0.062
 885.54559 18.878 0.142
 887.51109 19.140 0.117
 890.52564 18.481 0.044
 891.51235 18.788 0.097
 892.50162 18.793 0.083
 893.65540 18.973 0.094
 895.62645 19.089 0.088
 896.63313 18.404 0.047
 900.60461 18.917 0.080
 920.52251 19.016 0.120
 922.52315 18.357 0.046
 925.61262 18.948 0.109
 934.50912 19.090 0.132
1074.82333 19.072 0.117
1076.85533 19.102 0.084
1080.74606 19.144 0.102
1083.86600 18.860 0.068
1084.86163 19.036 0.069
1087.88575 18.421 0.051
1090.72933 18.486 0.064
1091.79327 18.951 0.095
1092.84092 18.977 0.077
1093.78900 18.969 0.075
1106.81242 18.762 0.048
1108.82792 18.922 0.064
1116.76848 18.754 0.050
1126.72234 19.049 0.073
1131.79162 18.719 0.075
1132.86280 19.181 0.131
1136.84913 18.375 0.037
1137.84515 18.583 0.054
1141.71841 18.863 0.090
1142.81281 19.106 0.070
1152.77089 18.884 0.090
1154.79578 18.463 0.051
1156.72365 18.775 0.066
1158.79598 19.087 0.091
1159.77888 19.073 0.069
1160.84819 18.682 0.059
1161.84273 18.608 0.047
1163.84604 18.736 0.057
1165.82267 18.945 0.072
1167.80598 18.867 0.101
1168.78902 19.172 0.121
1171.77959 18.584 0.036
1175.77857 19.107 0.075
1179.82873 18.827 0.084
1182.85135 19.059 0.076
1183.84960 19.167 0.081
1186.85308 18.653 0.048
1192.73648 19.115 0.065
1193.67889 19.012 0.076
1194.72975 19.112 0.088
1195.69069 19.018 0.099
1196.66490 18.410 0.064
1202.75441 18.993 0.080
1204.73110 18.576 0.053
1207.74203 18.939 0.110
1211.75316 18.342 0.061
1214.66725 18.588 0.065
1215.57204 18.534 0.047
1216.64848 18.924 0.062
1217.73019 18.852 0.064
1219.64388 18.996 0.087
1220.75189 18.466 0.072
1221.61769 18.817 0.095
1223.70632 18.905 0.084
1224.58627 18.912 0.097
1226.59593 18.856 0.070
1227.60074 18.967 0.066
1230.66554 18.583 0.055
1233.56158 18.882 0.079
1235.69936 18.929 0.095
1238.62190 18.372 0.061
1240.69765 18.856 0.091
1242.51557 18.970 0.101
1244.65207 19.011 0.088
1247.50988 19.041 0.113
1248.61010 18.634 0.065
1251.56460 19.178 0.148
1254.57912 19.136 0.132
1255.61237 18.660 0.088
1256.61640 18.828 0.068
1258.60356 18.810 0.068
1261.50936 19.005 0.083
1261.61238 19.033 0.066
1262.61090 18.523 0.076
1263.54798 18.433 0.062
1263.57983 18.322 0.053
1264.52040 18.456 0.064
1265.56770 18.837 0.073
1266.54619 18.974 0.112
1267.54195 18.975 0.116
1268.53751 18.999 0.105
1270.53866 19.133 0.160
1272.52225 18.539 0.086
1273.54869 18.641 0.079
1274.54003 18.875 0.101
1275.55446 19.011 0.109
1276.54479 19.056 0.099
1277.54981 18.975 0.084
1278.55608 19.072 0.106
1279.53888 19.022 0.099
1290.52023 18.784 0.090
1296.60580 18.561 0.066
1298.49675 18.557 0.069
1301.57115 18.906 0.110
1306.48815 18.584 0.061
1315.52055 18.838 0.097
1318.50307 19.001 0.105
1320.49583 19.005 0.104
1330.50603 18.562 0.080
1431.85860 18.786 0.064
1433.85355 19.112 0.116
1435.89535 19.118 0.117
1437.89024 18.639 0.068
1439.84531 18.837 0.062
1441.86397 19.029 0.083
1447.81667 18.733 0.104
1449.85849 19.045 0.145
1453.80594 19.540 0.288
1454.87202 18.980 0.123
1459.73919 19.108 0.123
1462.81680 18.460 0.070
1471.81448 18.540 0.051
1476.70613 18.978 0.091
1478.78445 18.994 0.076
1484.77262 19.065 0.088
1487.84347 18.581 0.055
1489.75454 18.733 0.046
1491.78325 19.096 0.123
1493.72525 18.926 0.076
1496.62212 19.026 0.097
1498.68921 18.628 0.062
1500.82942 19.082 0.076
1503.66474 19.318 0.146
1505.77199 18.624 0.068
1507.72302 18.986 0.091
1508.67573 18.813 0.059
1509.70096 18.990 0.072
1511.69425 19.054 0.080
1512.79897 18.642 0.068
1514.74260 18.855 0.092
1517.70772 18.971 0.061
1519.66129 18.961 0.075
1522.74147 18.806 0.070
1523.68640 18.979 0.117
1525.66286 19.017 0.083
1527.78235 18.991 0.075
1528.79075 18.554 0.046
1529.83391 18.836 0.065
1531.81208 18.861 0.066
1538.76844 18.816 0.069
1541.80963 19.062 0.081
1542.79299 18.943 0.072
1544.73488 18.998 0.066
1547.80750 18.960 0.066
1548.81699 18.937 0.066
1549.82692 19.016 0.076
1552.70350 18.967 0.072
1553.77849 18.482 0.051
1554.79377 18.736 0.044
1555.78215 18.753 0.073
1555.83519 18.750 0.068
1561.57507 19.023 0.105
1562.77986 18.819 0.073
1566.62781 18.942 0.087
1568.65073 19.157 0.110
1571.71398 18.708 0.070
1575.67680 19.139 0.104
1577.74384 18.403 0.047
1579.71377 18.673 0.069
1581.66171 18.791 0.072
1584.63783 18.860 0.069
1586.64669 19.075 0.079
1590.60000 18.698 0.061
1595.61048 19.054 0.080
1596.72391 18.728 0.069
1599.71574 18.910 0.079
1600.64356 19.061 0.127
1600.70594 19.014 0.126
1601.72175 18.955 0.097
1602.70314 18.337 0.053
1604.69542 18.845 0.131
1606.66973 18.815 0.079
1609.68318 18.887 0.077
1610.70076 18.583 0.057
1611.67801 18.525 0.081
1613.66873 18.937 0.105
1615.67877 19.044 0.098
1616.61572 18.841 0.073
1617.65889 19.025 0.073
1618.50023 18.974 0.101
1620.52377 19.195 0.138
1620.67363 18.517 0.070
1622.66810 18.738 0.069
1624.66615 19.013 0.124
1625.64582 19.134 0.094
1627.66230 18.686 0.069
1629.63725 18.567 0.058
1630.65427 18.779 0.055
1633.49174 18.830 0.076
1634.61105 18.923 0.079
1635.62461 19.015 0.123
1644.55112 19.123 0.072
1653.51810 19.132 0.115
1654.56965 18.373 0.058
1655.50736 18.550 0.068
1655.57180 18.604 0.070
1656.49801 18.650 0.062
1656.58634 18.804 0.087
1657.49571 18.834 0.084
1657.57235 19.021 0.121
1658.52155 19.302 0.120
1658.56301 18.879 0.083
1659.50535 19.063 0.091
1659.56099 18.805 0.079
1660.49955 18.890 0.113
1661.49323 18.887 0.073
1661.58426 18.343 0.053
1662.49891 18.984 0.094
1662.55397 18.445 0.053
1663.48669 18.286 0.046
1663.55448 18.508 0.051
1664.51379 18.654 0.072
1664.57717 18.713 0.065
1665.53431 18.852 0.094
1665.58142 18.817 0.102
1667.49441 19.139 0.123
1667.56751 18.903 0.095
1669.50759 18.890 0.105
1669.55578 18.862 0.105
1670.49360 18.932 0.076
1671.49691 18.302 0.057
1671.55908 18.470 0.073
1672.51988 18.521 0.070
1672.56186 18.584 0.062
1682.47017 18.978 0.185
1684.46839 18.878 0.126
1687.47633 18.506 0.075
1690.47977 18.933 0.119
1694.47039 18.837 0.087
1698.47195 18.797 0.108
1700.47261 19.209 0.138
1701.48201 19.187 0.190
1702.47464 19.116 0.110
1782.89359 18.892 0.084
1783.88472 19.019 0.084
1790.87159 18.766 0.047
1813.80581 18.585 0.054
1818.85819 19.286 0.112
1823.87487 18.882 0.064
1826.85780 19.098 0.081
1843.79377 19.018 0.077
1844.80886 18.731 0.051
1845.69987 19.028 0.069
1850.71116 19.098 0.099
1855.78545 18.760 0.068
1860.75912 19.115 0.119
1864.74536 18.850 0.064
1866.78390 19.006 0.066
1868.74198 18.997 0.065
1869.77635 18.622 0.044
1874.78380 19.047 0.070
2161.87033 18.568 0.072
2173.88352 18.923 0.053
2192.85259 19.002 0.068
2201.83900 19.093 0.066
2214.82054 18.922 0.077
2221.76344 18.736 0.070
2224.77615 19.062 0.076
2227.67876 19.013 0.065
2229.69223 18.351 0.044
2230.83639 18.902 0.061
2232.85600 19.021 0.086
2234.85075 18.370 0.033
2237.77120 18.595 0.051
2241.69645 18.959 0.076
2243.75028 19.302 0.104
2247.83215 19.119 0.076
2248.83476 18.941 0.054
2250.82286 19.064 0.066
2252.68185 18.966 0.062
2254.67291 18.480 0.042
2257.67958 18.929 0.061
2260.68630 19.029 0.069
2264.69169 18.808 0.055
2266.67779 18.884 0.062
2270.68549 18.474 0.039
2271.82583 18.853 0.046
2272.83379 19.093 0.090
2274.67547 18.949 0.073
2276.78142 18.351 0.040
2277.83472 18.689 0.048
2279.85232 18.895 0.054
2280.82585 18.988 0.076
2282.72273 19.002 0.065
2288.78409 19.149 0.117
2290.82137 19.013 0.080
2292.79442 18.400 0.048
2294.77075 18.723 0.080
2298.74701 18.757 0.065
2300.75360 19.297 0.139
2302.73026 18.379 0.058
2323.60694 18.820 0.043
2327.59241 19.100 0.091
2333.60243 18.921 0.098
2345.53989 18.504 0.053
2351.51807 18.892 0.061
2369.51654 19.061 0.075
2385.50133 19.150 0.109
2529.84684 18.715 0.055
2539.84929 18.967 0.070
2545.81822 18.662 0.062
2552.87246 18.636 0.061
2556.86382 19.034 0.066
2560.77291 19.218 0.084
2564.88047 19.024 0.079
2573.87659 18.989 0.095
2578.80093 18.666 0.061
2583.85533 19.280 0.116
2590.76211 19.015 0.083
2596.77473 18.810 0.064
2605.80467 19.037 0.080
2609.77409 18.990 0.098
2614.73231 18.982 0.097
2618.78721 18.509 0.054
2621.71234 18.768 0.043
2624.61829 18.999 0.087
2627.71636 18.520 0.070
2629.73933 18.846 0.065
2632.66526 18.968 0.061
2635.71250 18.355 0.033
2638.68347 18.804 0.048
2640.78038 18.984 0.061
2642.73705 19.321 0.146
2644.73980 18.670 0.048
2646.69351 18.756 0.058
2650.74956 18.934 0.080
2652.81122 18.732 0.047
2654.77190 18.945 0.075
2656.67730 18.892 0.072
2658.63908 19.054 0.068
2660.65739 18.740 0.055
2662.66836 18.708 0.046
2664.64842 18.785 0.057
2666.71181 18.985 0.047
2668.69792 18.365 0.039
2670.66435 18.665 0.069
2672.79881 19.083 0.079
2674.69957 19.035 0.073
2676.68869 18.409 0.046
2678.74195 18.874 0.058
2680.65269 18.845 0.059
2682.69924 19.063 0.099
2687.57904 18.585 0.062
2693.53829 19.001 0.065
2696.57501 18.662 0.059
2701.56575 19.149 0.094
2707.56339 18.984 0.075
2714.55060 18.797 0.070
2839.92726 18.966 0.079
2867.89822 18.900 0.064
2885.87588 18.504 0.051
2892.90439 18.430 0.058
2897.87328 19.007 0.084
2907.79351 19.087 0.068
2911.83086 18.634 0.037
2916.88127 19.082 0.066
2922.86494 18.972 0.083
2926.79662 18.823 0.059
2930.86634 19.078 0.076
2934.76836 19.093 0.065
2940.74910 19.110 0.072
2943.75337 18.815 0.066
2947.76204 18.862 0.059
2949.85201 18.984 0.053
2953.71916 18.547 0.061
2956.74448 18.943 0.053
2958.77080 19.202 0.117
2962.78333 18.819 0.047
2965.80636 18.967 0.064
2968.67366 19.024 0.086
2973.79714 19.113 0.064
2976.80957 18.565 0.042
2978.71723 18.696 0.058
2980.72968 18.966 0.068
2982.72238 18.936 0.062
2984.76949 18.312 0.036
2986.85216 19.066 0.108
2988.82253 18.949 0.059
2989.77784 19.074 0.065
2991.67296 19.058 0.077
2993.69342 18.641 0.055
2995.76657 18.834 0.047
2997.73894 19.170 0.092
2999.70311 19.036 0.062
3001.79796 18.710 0.050
3003.76866 18.747 0.059
3005.73049 18.896 0.059
3007.65190 18.978 0.057
3009.65524 19.147 0.073
3011.74931 18.752 0.069
3017.75480 18.400 0.037
3019.68286 18.567 0.047
3021.80146 18.995 0.066
3023.66322 19.002 0.054
3025.63113 19.048 0.051
3027.68052 18.626 0.044
3029.66556 18.828 0.055
3031.73545 19.122 0.075
3033.79911 18.516 0.037
3035.80595 18.792 0.051
3038.78355 18.898 0.073
3041.62409 19.177 0.124
3043.65815 18.518 0.062
3045.72107 18.967 0.072
3047.67480 18.957 0.073
3048.60359 18.875 0.042
3050.62308 19.065 0.050
3052.62431 18.466 0.037
3054.62450 18.999 0.081
3056.61699 18.932 0.054
3058.61096 19.091 0.077
3060.66054 18.561 0.047
3068.54649 18.995 0.080
3070.60747 18.733 0.095
3073.63862 19.085 0.117
3076.56251 19.008 0.095
3078.64763 18.781 0.064
3082.62547 19.007 0.048
3085.52656 19.090 0.081
3087.66478 19.191 0.102
3090.63093 19.048 0.076
3096.54683 18.739 0.069
3099.61658 19.134 0.146
3102.59517 18.609 0.051
3104.58192 18.860 0.069
3107.56561 19.271 0.115
3110.56369 18.652 0.065
3113.54162 18.837 0.075
3128.51413 18.564 0.064
3140.52116 18.920 0.072
3216.88537 19.124 0.109
3241.92823 18.715 0.055
3248.87043 19.364 0.117
3257.89875 19.014 0.055
3264.82007 19.080 0.054
3270.88687 19.001 0.066
3274.77247 18.933 0.073
3277.89451 18.787 0.061
3287.77616 18.717 0.048
3291.71307 19.094 0.065
3295.73453 18.781 0.039
3297.72654 19.144 0.058
3299.79083 19.355 0.058
3301.78808 18.570 0.061
3304.84842 18.993 0.069
3309.75415 18.940 0.059
3311.75212 18.640 0.046
3320.79510 18.799 0.048
3327.76708 18.634 0.053
3330.72568 19.204 0.119
3334.82460 18.725 0.075
3339.77239 19.023 0.070
3354.78828 19.110 0.086
3358.83700 18.621 0.037
3365.76707 18.993 0.058
3372.78345 18.910 0.073
3378.69613 18.889 0.055
3391.76387 18.433 0.042
3399.73267 18.649 0.055
3403.72005 18.922 0.061
3406.68955 18.950 0.050
3410.64244 18.590 0.033
3415.63966 19.004 0.054
3427.60343 18.583 0.050
3433.62603 18.922 0.058
3438.55529 18.737 0.046
3446.51245 18.855 0.066
3461.52985 18.597 0.043
3473.48922 19.125 0.106
3601.91768 18.769 0.059
3619.84159 18.638 0.046
3633.88007 18.402 0.044
3639.79255 19.087 0.057
3644.82914 18.769 0.044
3651.77228 18.318 0.033
3654.81982 18.988 0.054
3658.78382 19.049 0.075
3661.85452 18.891 0.075
3668.82728 18.745 0.058
3672.81549 18.958 0.051
3676.77230 18.626 0.051
3684.83425 18.698 0.036
3690.72852 19.061 0.083
3693.76253 18.625 0.047
3695.79532 19.000 0.050
3698.77705 18.896 0.062
3700.80563 18.466 0.032
3703.73649 18.762 0.044
3705.80368 18.940 0.047
3708.79160 18.553 0.055
3712.74921 18.823 0.046
3714.81947 19.258 0.072
3717.68192 18.748 0.054
3719.85446 19.002 0.090
3721.81538 18.959 0.058
3726.71122 18.611 0.051
3730.74348 18.905 0.044
3732.73556 19.054 0.048
3735.63496 18.515 0.033
3737.76738 18.957 0.042
3739.83730 18.333 0.035
3741.85025 18.720 0.064
3743.74742 18.707 0.043
3746.78992 19.208 0.108
3748.74310 19.199 0.090
3749.74874 18.478 0.051
3751.76006 18.723 0.053
3753.71156 18.929 0.055
3755.71258 19.089 0.072
3757.70244 19.141 0.079
3759.76720 18.688 0.037
3762.78874 19.002 0.077
3765.77581 18.463 0.032
3770.64832 18.907 0.064
3773.71442 18.931 0.066
3776.68475 18.772 0.066
3779.63930 18.954 0.099
3782.75294 18.516 0.050
3787.61617 18.895 0.059
3792.56689 18.968 0.066
3800.54885 19.206 0.080
3810.50648 18.413 0.055
3823.51628 19.132 0.087
3950.90014 18.567 0.046
3964.89478 19.026 0.051
3969.92560 18.733 0.058
3981.89335 19.139 0.084
3998.88564 19.020 0.057
3999.84814 18.546 0.039
4001.89713 18.853 0.043
4004.86112 19.009 0.048
4005.87507 18.977 0.053
4008.74133 19.111 0.058
4013.77805 19.132 0.081
4018.87097 18.824 0.053
4024.73839 19.022 0.051
4026.81148 18.644 0.037
4029.76069 18.556 0.048
4032.77596 19.302 0.120
4038.74203 19.011 0.066
4041.70330 19.085 0.068
4043.70816 18.530 0.043
4049.67079 19.032 0.061
4052.73217 18.601 0.040
4054.71903 19.175 0.094
4056.77703 18.991 0.059
4058.80937 18.595 0.039
4063.70792 19.010 0.055
4066.76527 18.422 0.036
4068.67160 18.389 0.032
4070.69521 18.846 0.058
4074.76285 18.474 0.043
4077.81142 18.957 0.069
4079.85629 19.216 0.091
4083.70185 18.528 0.059
4085.76756 19.093 0.077
4093.75211 18.746 0.037
4105.82464 18.714 0.061
4109.79453 18.808 0.047
4113.75039 18.994 0.047
4120.78060 18.967 0.055
4122.73709 19.135 0.059
4125.79131 18.912 0.072
4132.67909 18.622 0.054
4142.73023 18.662 0.070
4156.56527 18.944 0.055
4168.51994 18.401 0.048
4197.49926 18.956 0.070
4347.88319 19.039 0.073
4353.81650 18.872 0.069
4364.87921 19.007 0.083
4367.90367 18.723 0.083
4371.76897 18.848 0.080
4377.82532 18.941 0.079
4380.84022 18.984 0.059
4386.81592 19.084 0.105
4390.77785 19.230 0.086
4394.73395 18.738 0.047
4399.75195 18.804 0.077
4407.71496 19.101 0.091
4412.73038 19.086 0.095
4418.82377 18.919 0.047
4426.76747 18.704 0.065
4430.69488 18.997 0.088
4432.75407 18.376 0.035
4436.79397 19.080 0.098
4439.85907 18.505 0.080
4443.74711 18.763 0.091
4449.70998 18.353 0.033
4451.71968 18.970 0.112
4455.71883 19.148 0.097
4457.74925 18.420 0.048
4460.82092 19.057 0.105
4463.73920 18.931 0.058
4466.72820 18.631 0.037
4470.67568 19.256 0.130
4473.71839 18.640 0.061
4477.77687 18.953 0.070
4482.78067 18.984 0.115
4486.75850 18.853 0.066
4492.65367 18.725 0.053
4494.67744 18.992 0.088
4498.70980 18.508 0.050
4501.70712 18.872 0.069
4506.64119 19.156 0.088
4508.66803 18.567 0.047
4510.73419 18.872 0.061
4517.68100 18.824 0.086
4521.64895 18.992 0.069
4524.61169 18.357 0.040
4530.63768 19.126 0.072
4532.66341 18.636 0.057
4536.63567 18.864 0.064
4539.51765 19.021 0.073
4541.62681 18.737 0.070
