2125.59317 15.612 0.006
2125.61380 15.573 0.007
2129.66946 15.348 0.004
2129.68870 15.354 0.005
2132.61206 15.390 0.004
2136.51675 15.464 0.005
2140.72332 15.641 0.006
2144.59867 15.526 0.005
2144.63573 15.591 0.005
2160.58276 15.481 0.005
2187.55809 15.648 0.006
2187.60060 15.577 0.006
2206.55161 15.443 0.006
2347.82942 15.635 0.006
2355.86799 15.359 0.004
2357.85632 15.332 0.005
2365.78713 15.361 0.005
2372.82622 15.566 0.005
2383.80366 15.611 0.005
2391.85445 15.362 0.005
2397.74512 15.368 0.005
2403.88130 15.638 0.005
2403.90260 15.640 0.006
2414.77043 15.633 0.005
2415.88317 15.381 0.005
2416.79986 15.563 0.005
2424.81445 15.361 0.005
2424.89520 15.494 0.007
2428.79477 15.387 0.005
2432.83918 15.554 0.005
2432.85739 15.601 0.006
2434.70507 15.365 0.005
2436.76114 15.462 0.005
2436.76777 15.482 0.005
2438.73095 15.444 0.005
2440.77094 15.570 0.005
2443.73199 15.575 0.005
2445.61303 15.376 0.004
2448.61649 15.434 0.005
2453.85926 15.374 0.005
2455.69270 15.612 0.005
2456.56713 15.500 0.005
2458.70311 15.480 0.005
2460.77779 15.350 0.005
2463.52471 15.581 0.005
2466.74036 15.407 0.005
2468.61264 15.426 0.004
2468.64105 15.398 0.004
2470.61605 15.415 0.005
2470.64803 15.364 0.005
2472.67821 15.368 0.004
2481.53080 15.398 0.006
2484.60493 15.517 0.005
2486.69769 15.628 0.006
2490.66428 15.600 0.005
2490.68257 15.503 0.006
2493.62645 15.606 0.005
2495.69783 15.374 0.004
2498.49125 15.582 0.005
2500.52671 15.638 0.005
2500.54470 15.614 0.005
2502.54873 15.554 0.005
2508.64811 15.443 0.005
2512.59552 15.420 0.005
2517.63743 15.609 0.005
2520.56423 15.542 0.005
2520.58282 15.563 0.005
2526.65325 15.435 0.004
2542.50027 15.416 0.005
2547.56766 15.460 0.005
2551.60637 15.615 0.006
2556.55872 15.631 0.006
2564.51581 15.628 0.005
2574.54958 15.356 0.005
2706.90429 15.573 0.005
2707.86295 15.504 0.005
2714.88451 15.654 0.005
2714.90263 15.620 0.005
2728.91545 15.388 0.005
2729.83684 15.387 0.005
2733.89660 15.465 0.005
2744.88276 15.639 0.005
2753.86848 15.434 0.005
2753.88950 15.390 0.005
2756.93947 15.382 0.005
2757.78682 15.594 0.006
2760.88243 15.365 0.005
2760.93404 15.452 0.006
2766.93558 15.596 0.006
2767.79148 15.368 0.005
2770.80787 15.423 0.005
2770.82919 15.469 0.006
2783.75105 15.592 0.005
2785.82749 15.567 0.006
2785.86305 15.414 0.005
2786.82053 15.559 0.006
2786.91642 15.359 0.005
2789.72832 15.632 0.005
2790.68224 15.609 0.005
2791.70780 15.645 0.005
2794.92637 15.510 0.005
2796.79367 15.364 0.004
2796.82930 15.361 0.005
2797.92952 15.596 0.005
2809.69990 15.384 0.004
2810.86678 15.629 0.006
2810.89223 15.557 0.006
2811.89985 15.464 0.006
2812.71555 15.493 0.006
2813.69535 15.461 0.005
2813.80688 15.671 0.006
2814.72317 15.551 0.005
2814.74664 15.606 0.006
2816.58065 15.366 0.005
2816.60345 15.339 0.005
2818.56817 15.356 0.005
2818.58615 15.347 0.005
2820.73327 15.645 0.005
2820.79052 15.546 0.005
2826.73377 15.492 0.005
2826.75607 15.427 0.004
2834.83843 15.543 0.009
2836.71477 15.349 0.005
2837.63654 15.411 0.005
2841.68950 15.385 0.005
2841.71531 15.443 0.005
2843.60864 15.383 0.004
2843.64136 15.368 0.005
2845.63793 15.372 0.005
2850.49867 15.427 0.005
2852.51544 15.379 0.005
2854.51543 15.357 0.005
2856.69816 15.640 0.006
2856.72583 15.579 0.007
2859.60381 15.631 0.007
2862.59010 15.637 0.006
2865.67248 15.409 0.005
2867.71630 15.356 0.005
2868.57923 15.630 0.005
2871.68699 15.372 0.004
2876.57005 15.414 0.005
2878.67114 15.469 0.005
2879.61421 15.385 0.005
2885.51222 15.366 0.005
2894.61694 15.646 0.005
2898.60181 15.593 0.005
2904.57462 15.440 0.005
2904.59715 15.445 0.006
2909.56981 15.364 0.005
2918.54398 15.421 0.006
2930.55162 15.647 0.006
2930.57242 15.669 0.007
3066.83025 15.402 0.005
3072.80691 15.348 0.005
3076.79021 15.349 0.006
3086.88273 15.621 0.005
3088.87119 15.596 0.005
3099.81086 15.411 0.005
3101.88806 15.403 0.005
3103.84783 15.368 0.005
3104.83226 15.342 0.006
3107.83680 15.454 0.005
3114.88034 15.660 0.005
3116.78638 15.535 0.005
3124.86401 15.437 0.006
3128.62379 15.453 0.005
3134.86699 15.429 0.006
3135.76952 15.373 0.004
3140.74644 15.344 0.004
3141.80922 15.443 0.005
3142.88240 15.634 0.005
3144.90422 15.680 0.006
3147.74866 15.471 0.005
3151.87642 15.522 0.005
3152.87366 15.477 0.005
3153.88102 15.406 0.005
3156.93306 15.368 0.005
3158.93370 15.411 0.006
3162.89030 15.412 0.005
3163.88750 15.426 0.005
3164.86497 15.403 0.005
3168.80322 15.353 0.004
3169.78562 15.369 0.005
3174.82737 15.578 0.005
3175.89057 15.643 0.005
3179.83890 15.637 0.005
3180.84613 15.643 0.005
3182.90344 15.450 0.005
3183.87412 15.450 0.005
3193.67169 15.665 0.006
3195.72666 15.547 0.005
3196.76351 15.414 0.005
3201.80453 15.395 0.004
3202.74663 15.361 0.004
3205.65783 15.400 0.004
3206.67438 15.376 0.004
3210.68126 15.357 0.004
3211.73145 15.458 0.005
3218.71780 15.609 0.006
3231.72346 15.439 0.005
3245.69946 15.470 0.005
3249.68570 15.539 0.005
3257.59829 15.544 0.005
3265.61237 15.619 0.005
3267.64977 15.430 0.004
3289.57500 15.553 0.005
