2166.81545 18.577 0.041
2172.86425 18.622 0.038
2183.87557 18.121 0.037
2189.82153 18.186 0.041
2191.85072 18.544 0.031
2212.77181 18.559 0.041
2217.75676 18.453 0.048
2223.77700 18.463 0.035
2226.75187 18.530 0.038
2228.79540 18.488 0.039
2230.70852 18.194 0.034
2232.72905 18.304 0.026
2234.72281 18.562 0.039
2238.67367 18.083 0.029
2240.80258 17.977 0.026
2242.80837 18.675 0.064
2244.85501 18.397 0.051
2249.73544 18.220 0.028
2251.77027 17.994 0.022
2253.72017 18.572 0.029
2255.84426 18.504 0.038
2258.65121 18.372 0.031
2261.63679 18.496 0.037
2265.67896 18.015 0.025
2271.65194 18.264 0.031
2273.64763 17.989 0.028
2275.75789 18.542 0.045
2279.75778 18.370 0.029
2281.77165 18.156 0.025
2283.77476 18.618 0.031
2289.70391 18.009 0.025
2291.71132 18.536 0.051
2293.68344 18.411 0.034
2295.71019 18.260 0.025
2297.70106 18.069 0.031
2299.69983 18.573 0.038
2302.57015 18.490 0.041
2317.62017 18.286 0.031
2323.52041 18.360 0.038
2326.53805 18.397 0.037
2331.57321 18.327 0.037
2338.50568 18.569 0.077
2344.49848 18.110 0.042
2354.50022 18.684 0.070
2368.48422 17.974 0.038
2401.48611 18.203 0.041
2520.89513 18.647 0.052
2521.87446 18.220 0.028
2539.80385 18.619 0.054
2542.79626 18.597 0.045
2545.77795 18.062 0.032
2551.84151 18.248 0.029
2555.86557 18.642 0.050
2563.82469 18.601 0.048
2573.75457 18.337 0.044
2577.81548 18.619 0.047
2580.84493 18.009 0.022
2589.75087 18.249 0.032
2594.76572 18.135 0.051
2599.81142 18.040 0.026
2607.81173 17.969 0.026
2609.61583 18.391 0.047
2613.71555 18.145 0.038
2617.78024 18.489 0.045
2620.74832 18.520 0.031
2623.69266 18.575 0.042
2627.58884 18.116 0.038
2629.61447 18.607 0.042
2634.65859 18.576 0.035
2637.68460 18.279 0.029
2639.79942 18.651 0.031
2641.62205 18.328 0.031
2643.63307 18.089 0.024
2645.62580 18.685 0.042
2646.65320 18.209 0.029
2650.70873 18.590 0.047
2652.69558 18.462 0.039
2654.80424 18.397 0.039
2657.71878 18.382 0.039
2659.68774 18.083 0.026
2661.78747 18.065 0.029
2665.75739 18.295 0.031
2667.77755 18.196 0.029
2671.70312 18.435 0.051
2673.66566 18.258 0.028
2677.72814 18.600 0.039
2679.71885 18.469 0.048
2681.73460 18.323 0.038
2686.54325 18.642 0.070
2690.62151 18.413 0.041
2695.55206 18.252 0.034
2705.57499 18.035 0.024
2712.53741 18.438 0.045
2734.48707 18.436 0.060
2869.86908 18.164 0.035
2883.91834 18.403 0.035
2890.79822 18.674 0.064
2895.83398 18.536 0.044
2900.78961 18.468 0.031
2906.82063 18.644 0.037
2910.85407 18.282 0.026
2915.85034 18.176 0.024
2921.85260 18.345 0.032
2925.79812 18.662 0.042
2929.83307 18.354 0.032
2933.77968 18.618 0.032
2939.78824 18.041 0.031
2942.76365 18.033 0.024
2946.78409 18.473 0.038
2948.82922 18.340 0.029
2952.76844 18.624 0.044
2955.82553 18.106 0.035
2957.75311 18.492 0.038
2961.73643 18.070 0.026
2963.79467 18.598 0.050
2966.73411 18.432 0.026
2970.66068 18.282 0.029
2974.66281 18.619 0.038
2975.78800 18.339 0.029
2979.82445 18.702 0.042
2981.83171 18.481 0.066
2983.73249 18.195 0.029
2986.71495 18.287 0.029
2988.68179 18.020 0.024
2990.70236 18.605 0.032
2992.70327 18.459 0.031
2994.79403 18.356 0.028
2996.66953 18.178 0.022
2998.65284 18.475 0.038
3000.66963 18.362 0.032
3002.65680 18.136 0.024
3004.65659 18.576 0.034
3006.60229 18.469 0.031
3008.66534 18.333 0.052
3010.67684 18.131 0.031
3012.77229 18.039 0.039
3016.69099 18.358 0.031
3018.68087 18.118 0.028
3020.75617 18.196 0.035
3022.78266 18.551 0.034
3024.73121 18.373 0.028
3026.70025 18.080 0.024
3028.73602 18.564 0.028
3030.74098 18.520 0.032
3033.66296 18.507 0.026
3035.66912 18.369 0.032
3038.65278 18.407 0.041
3041.54995 18.368 0.038
3043.57972 18.348 0.044
3045.61872 18.079 0.025
3047.57293 18.571 0.041
3049.57862 18.461 0.032
3050.54925 18.641 0.034
3052.54352 18.419 0.035
3054.54513 18.258 0.031
3056.54427 18.003 0.022
3058.53731 18.607 0.042
3060.55846 18.444 0.034
3062.60576 18.388 0.032
3067.59379 18.168 0.035
3069.57861 18.754 0.047
3072.62673 18.029 0.035
3075.58130 18.054 0.028
3077.66416 18.243 0.035
3081.65609 18.434 0.032
3084.56434 18.377 0.028
3087.52832 18.390 0.037
3089.63185 18.333 0.031
3098.57355 18.503 0.041
3101.53385 18.554 0.051
3104.50529 18.528 0.042
3110.51360 18.049 0.035
3113.49728 18.095 0.038
3125.49466 18.494 0.050
3135.46059 18.137 0.048
3229.87474 18.430 0.032
3239.88876 18.280 0.032
3247.85965 18.222 0.029
3256.83110 18.397 0.038
3262.90682 18.597 0.042
3268.82857 18.217 0.024
3273.78742 18.521 0.045
3276.87297 18.125 0.029
3281.78318 18.547 0.029
3283.88295 18.468 0.029
3289.79687 18.568 0.031
3294.79483 18.515 0.034
3296.80023 18.278 0.021
3298.83077 18.085 0.021
3301.65111 18.386 0.039
3303.80255 18.666 0.055
3306.79499 18.039 0.026
3310.84413 18.505 0.035
3314.81166 18.125 0.029
3321.69044 18.321 0.026
3325.74834 18.135 0.025
3329.78361 18.375 0.022
3334.67970 18.203 0.032
3338.73574 18.600 0.034
3349.70792 18.529 0.032
3352.62241 18.642 0.044
3355.64431 18.255 0.034
3359.70108 18.427 0.029
3363.68118 18.213 0.029
3369.73783 18.218 0.031
3372.65321 18.248 0.024
3377.68736 18.169 0.024
3381.79307 18.582 0.034
3386.76997 18.498 0.024
3391.56073 18.209 0.037
3395.61167 18.523 0.035
3398.67228 18.641 0.044
3400.65868 18.476 0.045
3403.64738 18.548 0.035
3406.58137 18.587 0.029
3410.59918 18.284 0.024
3415.55474 18.070 0.025
3428.54930 18.730 0.039
3436.55244 18.650 0.034
3442.53171 17.988 0.028
3452.51492 18.477 0.031
3574.90548 18.368 0.038
3585.92829 18.458 0.031
3588.89582 18.530 0.041
3590.89773 18.352 0.026
3614.88706 18.172 0.028
3629.78248 18.439 0.042
3634.74066 18.332 0.032
3640.73596 18.472 0.031
3644.87930 18.339 0.029
3650.78907 18.385 0.026
3653.81700 18.483 0.034
3656.87296 18.665 0.034
3661.77940 18.426 0.037
3666.77659 18.309 0.032
3671.77500 18.228 0.029
3675.78942 18.535 0.031
3683.81255 18.559 0.028
3686.86020 18.646 0.034
3689.77805 18.562 0.032
3692.69858 18.612 0.035
3694.83082 18.689 0.035
3696.65139 18.327 0.026
3699.66365 18.344 0.025
3701.71479 18.276 0.024
3704.73606 18.298 0.024
3706.73461 18.130 0.021
3711.62638 18.719 0.041
3713.63999 18.526 0.032
3716.67347 18.540 0.045
3719.65072 18.681 0.047
3725.73406 18.116 0.032
3727.68198 18.660 0.042
3730.61030 18.652 0.026
3733.59900 18.252 0.024
3734.70181 18.363 0.025
3736.72078 18.215 0.022
3738.64269 18.675 0.034
3740.67775 18.471 0.026
3743.64320 18.636 0.037
3748.66970 18.526 0.045
3750.56200 18.141 0.035
3752.68320 18.038 0.021
3754.67104 18.609 0.038
3756.76639 18.513 0.064
3758.69245 18.311 0.042
3760.77413 18.198 0.034
3762.65053 18.628 0.031
3765.64116 18.602 0.024
3769.71305 18.366 0.022
3772.68124 18.478 0.032
3775.65266 18.578 0.051
3778.65167 18.515 0.037
3781.71271 18.608 0.050
3786.53572 18.392 0.032
3791.53130 18.324 0.028
3798.53164 18.298 0.032
3805.51679 18.427 0.041
3819.49562 18.524 0.037
3937.93578 18.043 0.029
3961.89056 18.668 0.061
3968.87311 18.381 0.034
3981.76622 18.030 0.024
3987.89023 18.452 0.034
3995.79785 18.219 0.029
4002.79732 18.614 0.029
4004.81846 18.523 0.031
4007.75116 18.500 0.028
4011.73184 18.109 0.024
4018.77129 18.602 0.042
4023.76569 18.508 0.029
4026.68168 18.544 0.038
4028.81770 18.511 0.031
4031.70544 18.388 0.031
4037.80582 18.640 0.035
4040.78111 18.263 0.026
4042.79660 18.555 0.032
4048.76077 18.676 0.039
4051.75040 18.130 0.031
4053.80174 18.706 0.034
4056.62159 18.575 0.048
4059.63262 18.622 0.038
4064.65528 18.502 0.028
4067.65579 18.632 0.035
4069.64387 18.419 0.032
4072.68107 18.475 0.038
4076.75146 18.221 0.032
4079.62641 18.203 0.028
4082.64705 18.397 0.037
4084.72752 18.187 0.031
4087.64724 18.138 0.021
4093.79559 18.450 0.032
4102.60184 18.567 0.038
4109.62734 18.340 0.031
4113.65063 18.634 0.028
4118.55762 18.432 0.038
4120.64359 18.358 0.021
4123.71775 18.483 0.029
4124.67442 18.382 0.026
4127.62831 18.050 0.016
4132.60631 18.555 0.044
4142.54118 18.346 0.037
4150.51827 18.313 0.038
4153.59282 18.480 0.035
4165.51504 18.535 0.061
4180.51303 18.451 0.048
4341.82757 18.445 0.044
4345.88675 18.082 0.029
4350.86123 18.424 0.041
4355.86880 18.570 0.047
4361.82962 18.240 0.039
4364.83644 18.012 0.034
4367.74892 18.027 0.032
4370.78580 18.181 0.037
4376.82096 18.504 0.041
4379.82727 18.512 0.038
4383.83154 18.111 0.028
4388.77143 18.578 0.045
4392.82567 18.357 0.026
4397.87467 18.309 0.039
4403.71434 18.245 0.035
4410.84156 18.130 0.026
4417.72949 18.443 0.029
4421.70543 17.982 0.021
4421.76137 18.076 0.021
4425.72548 18.445 0.041
4429.68968 18.183 0.035
4431.82948 18.649 0.068
4435.84829 18.384 0.039
4439.70199 18.574 0.042
4442.67923 18.522 0.042
4448.72830 18.049 0.032
4450.73961 18.655 0.051
4453.71520 18.647 0.037
4456.72860 17.985 0.028
4458.67620 18.541 0.045
4461.62633 18.544 0.034
4465.64711 18.208 0.025
4468.67787 18.376 0.025
4473.61419 18.160 0.026
4477.70167 18.694 0.044
4479.72326 18.417 0.032
4483.68316 18.204 0.031
4486.68164 18.019 0.029
4490.67989 18.426 0.042
4493.75064 18.541 0.051
4498.61580 18.374 0.031
4501.60885 18.441 0.034
4503.60533 18.241 0.032
4508.55263 17.997 0.026
4510.63384 18.598 0.039
4516.51453 18.219 0.063
4520.60456 18.499 0.047
4523.58806 18.548 0.035
4530.53146 18.163 0.034
4532.50349 18.650 0.070
4535.56179 18.059 0.031
4538.60317 18.260 0.042
4540.57241 18.382 0.044
