2118.77509 17.690 0.018
2125.53347 17.766 0.032
2129.61709 17.780 0.016
2132.56095 17.656 0.015
2135.69757 17.747 0.015
2140.65637 17.775 0.016
2144.54179 17.813 0.020
2158.58563 17.510 0.017
2167.54082 17.614 0.014
2172.55651 17.587 0.020
2187.50730 17.649 0.020
2330.87988 17.747 0.018
2344.87536 17.760 0.017
2355.84069 17.716 0.016
2371.92082 17.688 0.016
2382.89916 17.569 0.016
2390.78554 17.706 0.018
2397.85885 17.549 0.017
2401.77188 17.598 0.016
2403.82794 17.809 0.016
2405.79634 17.718 0.016
2415.86421 17.732 0.020
2424.74122 17.717 0.025
2428.70554 17.808 0.017
2432.78560 17.498 0.018
2434.65323 17.693 0.016
2435.87224 17.782 0.020
2437.82255 17.536 0.015
2439.75795 17.769 0.015
2441.71023 17.518 0.012
2444.85266 17.834 0.021
2446.84272 17.712 0.018
2453.80066 17.870 0.021
2458.85549 17.466 0.014
2462.58204 17.780 0.015
2464.70326 17.774 0.014
2467.60644 17.816 0.017
2469.62091 17.716 0.012
2471.68068 17.633 0.012
2473.58172 17.716 0.019
2483.66254 17.814 0.016
2486.64583 17.569 0.019
2490.61278 17.628 0.015
2493.57209 17.762 0.016
2495.64659 17.670 0.015
2497.70134 17.578 0.014
2499.74915 17.833 0.017
2501.76761 17.695 0.019
2508.58781 17.799 0.019
2512.54401 17.791 0.019
2517.71416 17.536 0.018
2520.50088 17.558 0.016
2526.59699 17.605 0.013
2535.59799 17.639 0.020
2541.57619 17.544 0.015
2547.51618 17.784 0.021
2551.55124 17.534 0.019
2556.50443 17.745 0.021
2563.54001 17.793 0.018
2574.51730 17.713 0.019
2705.88257 17.542 0.015
2714.83289 17.600 0.015
2733.84489 17.739 0.019
2744.81652 17.656 0.014
2752.89169 17.794 0.035
2756.86244 17.808 0.018
2760.82832 17.597 0.016
2766.86191 17.813 0.017
2770.74158 17.865 0.019
2783.80253 17.761 0.015
2786.86514 17.721 0.019
2789.67149 17.476 0.013
2791.63407 17.777 0.017
2794.78757 17.677 0.015
2796.73718 17.763 0.014
2808.87905 17.727 0.026
2810.80719 17.618 0.016
2811.84767 17.638 0.015
2813.64416 17.710 0.021
2815.76583 17.637 0.014
2817.71881 17.735 0.018
2818.78096 17.724 0.017
2820.65123 17.801 0.018
2826.64336 17.818 0.019
2834.70133 17.442 0.034
2835.82184 17.495 0.018
2837.56041 17.639 0.020
2839.59295 17.796 0.019
2841.60831 17.789 0.020
2843.53860 17.408 0.017
2845.57817 17.850 0.022
2849.72859 17.629 0.016
2851.74288 17.783 0.020
2853.74872 17.763 0.020
2856.63738 17.792 0.020
2858.61274 17.666 0.026
2863.62177 17.732 0.021
2866.71054 17.763 0.020
2869.65121 17.648 0.015
2872.62529 17.747 0.014
2877.61530 17.684 0.018
2883.58265 17.647 0.013
2892.58320 17.645 0.021
2896.60490 17.813 0.016
2902.55086 17.683 0.025
2907.54344 17.706 0.024
2916.61748 17.748 0.029
2928.56101 17.638 0.020
3050.89486 17.707 0.036
