2166.85603 18.683 0.043
2189.86169 18.766 0.060
2192.76512 18.908 0.042
2201.77532 18.878 0.043
2212.80960 18.863 0.051
2217.79400 18.630 0.055
2223.81457 18.717 0.049
2226.78894 18.751 0.048
2228.83237 18.625 0.047
2230.74579 18.632 0.044
2232.76604 18.666 0.041
2234.75998 18.695 0.041
2238.71065 18.749 0.045
2240.83957 18.846 0.053
2242.84532 18.767 0.063
2248.72657 18.798 0.041
2253.77380 18.752 0.037
2255.70212 18.707 0.050
2258.70157 18.944 0.048
2264.81019 18.677 0.034
2269.78308 18.962 0.058
2271.73138 18.997 0.056
2273.82172 18.627 0.047
2275.79519 18.678 0.049
2277.79798 18.623 0.037
2279.79480 18.695 0.038
2281.75763 18.706 0.036
2283.81483 18.723 0.036
2289.75169 18.775 0.054
2291.75780 18.822 0.063
2295.74721 18.946 0.048
2297.73813 18.847 0.057
2299.77055 18.872 0.054
2323.57307 18.739 0.038
2326.58006 18.806 0.049
2332.52346 18.635 0.057
2355.51150 18.826 0.068
2387.50181 18.716 0.079
2524.86659 18.869 0.061
2542.83342 18.833 0.051
2544.89157 18.900 0.069
2551.88179 18.735 0.042
2559.81971 18.840 0.056
2563.86494 18.931 0.070
2573.79166 18.824 0.061
2583.75090 18.639 0.048
2589.79143 18.785 0.044
2599.86307 19.051 0.086
2609.66930 18.777 0.058
2611.67318 18.792 0.067
2617.81982 18.810 0.056
2620.78884 18.763 0.040
2623.76207 18.883 0.057
2626.68715 18.675 0.044
2627.62896 18.818 0.075
2628.85428 18.704 0.058
2632.63371 18.609 0.045
2635.62855 18.820 0.048
2637.76871 18.718 0.043
2639.78496 18.683 0.035
2641.65923 18.773 0.048
2643.67113 18.647 0.040
2645.66274 18.662 0.038
2651.65775 18.797 0.048
2653.68248 18.655 0.055
2655.66680 18.840 0.050
2657.80052 18.939 0.066
2659.66856 18.812 0.044
2661.69244 18.880 0.048
2665.79432 18.688 0.049
2671.80025 18.747 0.055
2675.73071 18.730 0.040
2677.76561 18.810 0.068
2679.75614 18.836 0.072
2686.60786 19.054 0.077
2691.53462 18.827 0.068
2695.59196 18.870 0.064
2700.54296 18.606 0.050
2713.52806 18.660 0.064
2841.93229 18.674 0.056
2868.89484 18.698 0.049
2890.83797 18.818 0.069
2895.87369 18.908 0.048
2900.82936 18.702 0.041
2906.86035 18.852 0.043
2910.89370 18.856 0.041
2915.89384 18.756 0.042
2922.77399 19.011 0.086
2925.86239 18.910 0.056
2930.77496 18.654 0.048
2933.81939 18.989 0.044
2939.82779 18.642 0.044
2941.84585 18.654 0.035
2943.72065 18.677 0.047
2946.82369 18.913 0.056
2948.81400 19.026 0.058
2952.81004 18.747 0.048
2956.65345 18.945 0.050
2958.68024 18.696 0.051
2962.69116 18.576 0.040
2965.70820 18.957 0.054
2967.80754 18.750 0.038
2970.77316 18.819 0.037
2974.71272 18.824 0.047
2976.74657 18.877 0.050
2978.64111 18.950 0.063
2980.66754 18.851 0.055
2982.62670 18.850 0.055
2984.66783 19.021 0.056
2986.75567 18.681 0.044
2988.72364 18.743 0.048
2990.65706 18.692 0.037
2992.74668 18.666 0.070
2994.65446 18.664 0.037
2996.74478 18.747 0.043
2998.69950 18.716 0.041
2999.79153 18.736 0.049
3001.67025 18.946 0.044
3003.66591 18.808 0.055
3005.62290 18.873 0.058
3007.74138 18.718 0.047
3009.67720 18.679 0.040
3011.62277 18.646 0.056
3013.65343 18.837 0.075
3017.62873 18.731 0.034
3018.72056 18.635 0.063
3020.79577 18.658 0.045
3022.82226 18.689 0.047
3024.77083 18.742 0.038
3026.76814 18.737 0.037
3028.77561 18.802 0.037
3030.78048 18.868 0.045
3033.70778 18.700 0.030
3035.71407 18.593 0.034
3038.69244 18.806 0.055
3040.69207 18.832 0.056
3042.63561 18.891 0.061
3044.56952 18.894 0.057
3046.58501 18.907 0.049
3048.56996 18.934 0.040
3050.58882 18.958 0.044
3052.58585 18.808 0.038
3054.58670 18.673 0.043
3056.58389 18.688 0.037
3058.57764 18.639 0.044
3060.59812 18.657 0.038
3064.60266 18.756 0.062
3067.65963 18.690 0.041
3069.61973 18.586 0.044
3073.53451 18.658 0.054
3075.62386 18.722 0.043
3078.54370 19.035 0.072
3082.53269 19.038 0.068
3084.60863 18.638 0.033
3087.57091 18.816 0.045
3090.52586 18.672 0.055
3093.50719 18.805 0.067
3098.61612 18.950 0.069
3101.57380 18.589 0.066
3104.54703 18.856 0.060
3111.52055 18.759 0.063
3114.51449 19.048 0.063
3115.53883 18.659 0.049
3144.49424 19.097 0.089
3224.89441 18.646 0.053
3239.92839 18.719 0.045
3247.89934 18.802 0.047
3256.87762 18.705 0.042
3263.85244 18.980 0.038
3268.86819 18.744 0.034
3273.83980 18.651 0.041
3276.85787 18.903 0.060
3281.82281 18.791 0.036
3289.83626 18.907 0.053
3294.83441 18.730 0.035
3296.83976 18.848 0.037
3301.69067 18.865 0.072
3303.85970 18.562 0.045
3306.83430 18.838 0.048
3308.85131 19.062 0.060
3311.66143 18.619 0.044
3320.69457 18.761 0.045
3323.64754 18.924 0.056
3329.82359 18.818 0.035
3334.72342 18.821 0.057
3338.77916 18.891 0.051
3349.79543 18.858 0.045
3351.78025 18.876 0.044
3354.74839 18.800 0.047
3358.63470 18.610 0.030
3361.73051 19.067 0.050
3363.72064 18.885 0.050
3372.69294 18.805 0.038
3377.72913 18.791 0.050
3386.75491 18.721 0.030
3391.60024 18.950 0.054
3395.66433 18.914 0.056
3402.65731 18.858 0.040
3404.58514 18.797 0.047
3408.53859 18.858 0.044
3412.58388 18.994 0.053
3414.61543 18.887 0.095
3419.58627 18.942 0.056
3426.52178 18.746 0.050
3575.91504 18.676 0.044
3589.88650 18.869 0.044
3617.88345 18.899 0.047
3629.82294 18.987 0.057
3634.78906 18.766 0.047
3639.89930 18.734 0.042
3641.83294 18.871 0.047
3650.82828 18.590 0.033
3653.85629 18.972 0.042
3657.80679 18.934 0.038
3660.77250 18.702 0.051
3664.80795 18.780 0.040
3668.74426 18.795 0.053
3672.75379 18.912 0.042
3676.85520 18.678 0.040
3684.79940 18.609 0.031
3687.71841 19.010 0.047
3689.81701 18.892 0.042
3692.74143 18.712 0.042
3694.81541 18.865 0.045
3696.69067 18.865 0.042
3699.70289 18.734 0.035
3701.75378 18.712 0.034
3704.72029 18.942 0.042
3706.77450 18.900 0.037
3711.66549 18.688 0.040
3713.67915 18.773 0.037
3716.72821 18.677 0.054
3719.75596 18.945 0.069
3722.81417 18.819 0.048
3726.67840 18.736 0.041
3728.65116 18.752 0.031
3731.75173 18.711 0.035
3733.63789 18.696 0.035
3734.74087 18.860 0.037
3736.75974 18.989 0.048
3737.64838 18.676 0.033
3739.71048 18.794 0.036
3741.81675 18.854 0.060
3743.71464 18.832 0.045
3746.75703 18.600 0.048
3748.70965 18.632 0.044
3750.71584 18.614 0.035
3752.72390 18.697 0.037
3754.74520 18.786 0.042
3755.66495 18.832 0.050
3757.63905 19.056 0.051
3759.60469 18.974 0.064
3762.68957 18.790 0.040
3765.71149 18.594 0.024
3769.75209 18.719 0.034
3772.72040 18.893 0.044
3775.71235 18.941 0.069
3778.69084 18.679 0.041
3782.59896 18.721 0.048
3786.57503 18.697 0.040
3791.57135 19.030 0.050
3798.57104 18.916 0.042
3805.55825 18.702 0.044
3820.50359 18.692 0.047
3944.93718 19.049 0.073
3961.93382 18.746 0.055
3968.91590 18.879 0.048
3974.91186 19.083 0.073
3981.80487 18.922 0.056
3995.83979 18.740 0.043
4002.83592 18.975 0.048
4005.78595 18.710 0.036
4007.79015 18.769 0.036
4011.77058 18.820 0.048
4018.75615 18.722 0.051
4023.80965 18.913 0.043
4026.72027 18.779 0.042
4028.85634 18.856 0.036
4031.74407 18.632 0.045
4037.85294 18.783 0.038
4040.82029 18.843 0.045
4042.83507 18.601 0.034
4048.79982 18.747 0.049
4052.64272 18.624 0.033
4053.84042 18.914 0.041
4056.68396 18.675 0.050
4059.67118 18.959 0.048
4064.63570 18.872 0.038
4066.61526 18.892 0.051
4069.68265 18.707 0.037
4071.60771 18.668 0.044
4076.67949 19.130 0.082
4079.69607 18.995 0.061
4082.68643 18.659 0.036
4084.76629 18.770 0.045
4087.68574 18.943 0.044
4093.77473 18.719 0.034
4109.67063 18.845 0.036
4113.68923 18.832 0.040
4119.62746 18.928 0.057
4122.67632 18.744 0.036
4129.72315 18.717 0.042
4142.58138 18.845 0.058
4150.55790 18.652 0.034
4154.55284 18.711 0.062
4166.51621 18.830 0.063
4184.50575 18.715 0.063
4340.90636 18.755 0.037
4346.89446 18.651 0.045
4350.91303 18.743 0.042
4357.84665 18.848 0.063
4363.77509 18.681 0.054
4365.79873 18.655 0.058
4369.79431 18.770 0.067
4372.76899 18.966 0.050
4376.85956 18.600 0.047
4379.86611 18.996 0.061
4383.87017 18.951 0.056
4388.86416 18.809 0.055
4393.73804 18.772 0.049
4398.81323 18.966 0.055
4403.75385 18.805 0.073
4411.74903 18.897 0.045
4417.83186 18.916 0.042
4421.74427 18.899 0.042
4425.81749 18.658 0.050
4429.72824 18.689 0.075
4432.76980 18.919 0.047
4436.69631 18.969 0.060
4439.74045 18.859 0.054
4442.71785 18.612 0.044
4448.77353 18.746 0.036
4450.77821 18.798 0.050
4453.75404 18.723 0.042
4456.76737 18.910 0.057
4459.67739 18.663 0.043
4462.67940 18.929 0.055
4465.71963 18.750 0.035
4469.67275 18.791 0.055
4474.67479 18.732 0.041
4478.77756 18.777 0.044
4481.77634 18.810 0.047
4484.68607 18.735 0.054
4487.74844 18.621 0.058
4492.70101 18.911 0.054
4494.73545 18.820 0.055
4499.61693 18.722 0.045
4502.68978 18.761 0.050
4507.64852 18.915 0.054
4509.64579 18.941 0.061
4522.55334 18.822 0.054
4524.56735 18.808 0.055
4530.57253 18.877 0.058
4532.56459 18.946 0.076
4537.56265 18.848 0.053
4540.61139 18.697 0.053
