2167.82762 18.926 0.054
2173.83503 18.527 0.038
2190.77281 18.869 0.053
2192.80846 19.069 0.050
2212.86250 18.745 0.046
2214.77586 18.674 0.046
2224.73262 18.868 0.050
2226.83683 19.141 0.071
2229.64873 18.820 0.057
2230.78748 19.199 0.063
2232.80734 19.292 0.081
2234.80174 19.120 0.050
2239.58671 19.075 0.083
2241.64824 19.047 0.079
2243.70681 19.244 0.077
2248.77925 18.801 0.040
2250.83037 18.786 0.044
2252.63847 18.448 0.033
2254.62939 18.471 0.036
2257.63329 18.618 0.036
2264.73312 19.056 0.044
2266.63091 18.910 0.066
2270.62704 18.940 0.048
2271.77782 19.087 0.055
2273.71431 19.074 0.060
2275.80944 18.586 0.046
2277.63638 18.907 0.043
2279.80872 18.586 0.040
2281.79555 18.613 0.036
2283.82975 18.743 0.036
2290.77428 18.877 0.048
2292.75076 18.959 0.070
2294.72581 18.892 0.071
2296.73621 19.186 0.104
2298.75449 19.086 0.070
2300.70864 18.922 0.063
2302.68519 18.830 0.056
2321.65793 18.356 0.035
2327.54370 18.895 0.064
2332.58407 18.713 0.064
2333.54237 18.699 0.066
2333.55363 18.611 0.059
2339.53010 18.886 0.075
2357.50126 19.126 0.128
2395.50209 19.169 0.102
2526.89437 18.846 0.040
2537.90284 19.275 0.113
2542.87422 19.049 0.054
2552.82452 18.689 0.046
2556.81608 18.579 0.035
2559.86438 18.758 0.050
2564.83258 18.931 0.056
2573.83286 19.031 0.064
2578.75723 19.069 0.075
2583.81165 19.090 0.063
2589.84219 18.554 0.037
2596.72685 18.431 0.046
2605.72992 18.761 0.041
2609.72612 18.802 0.056
2614.68614 18.906 0.063
2618.71678 19.044 0.063
2621.62420 19.022 0.054
2623.80800 18.342 0.033
2627.67215 19.254 0.101
2629.69521 19.133 0.078
2631.74683 18.504 0.045
2634.74898 18.640 0.039
2635.66895 18.478 0.030
2638.64006 18.535 0.036
2639.64018 18.591 0.029
2641.70705 18.743 0.043
2643.71581 18.850 0.055
2645.70416 18.912 0.039
2647.66198 18.902 0.047
2650.82283 19.144 0.053
2652.72472 19.051 0.060
2654.65953 19.019 0.070
2656.63160 19.099 0.068
2658.59549 18.965 0.066
2660.60865 19.071 0.061
2662.59475 19.066 0.057
2664.60329 19.119 0.079
2666.65725 19.124 0.050
2668.64638 18.831 0.057
2670.61636 18.806 0.054
2672.72565 18.795 0.046
2674.62401 18.530 0.033
2676.61061 18.562 0.032
2678.69826 18.790 0.047
2680.60896 18.709 0.036
2682.65915 18.936 0.065
2687.53169 18.707 0.080
2691.60206 18.901 0.076
2696.51973 18.980 0.081
2701.50695 19.013 0.102
2707.50430 19.221 0.115
2714.50319 18.575 0.069
2839.93453 18.904 0.061
2867.90551 18.661 0.039
2879.89429 19.038 0.068
2888.89877 19.148 0.053
2894.83384 19.255 0.077
2899.83475 18.824 0.043
2905.82448 18.592 0.041
2908.88549 18.828 0.039
2911.78379 18.703 0.034
2916.83407 18.922 0.039
2922.81794 19.054 0.071
2926.74458 19.013 0.054
2930.81909 19.146 0.057
2933.86353 18.612 0.038
2940.70006 19.138 0.052
2947.71499 18.602 0.043
2949.80520 18.855 0.044
2952.85935 19.084 0.063
2956.69774 18.800 0.041
2958.72407 18.853 0.050
2962.73595 19.067 0.054
2965.75536 19.074 0.048
2967.85478 18.899 0.041
2972.85362 18.595 0.036
2975.82810 18.676 0.041
2976.82337 18.683 0.041
2978.80400 18.703 0.046
2982.67511 18.368 0.035
2984.72262 18.646 0.038
2986.80526 18.870 0.052
2988.76979 18.972 0.050
2989.78576 18.987 0.045
2991.62619 18.697 0.035
2993.61358 18.627 0.033
2995.71006 18.963 0.042
2997.69216 18.974 0.046
2999.71242 18.948 0.044
3001.75009 18.982 0.051
3003.72169 18.967 0.043
3005.59746 18.944 0.057
3007.66002 18.989 0.050
3009.72631 19.099 0.055
3011.70052 19.214 0.086
3013.70649 18.506 0.035
3017.70786 18.477 0.033
3019.63587 18.352 0.033
3021.75467 18.776 0.037
3023.61645 18.432 0.028
3024.81756 18.990 0.058
3026.81422 19.006 0.038
3029.61859 18.771 0.039
3031.68852 18.870 0.041
3033.75204 18.983 0.039
3035.75908 18.981 0.047
3038.73656 19.019 0.066
3040.70718 19.064 0.070
3042.65113 19.030 0.067
3044.58499 19.092 0.065
3045.67395 18.998 0.055
3047.62772 19.205 0.070
3049.63340 19.069 0.039
3051.60157 19.155 0.061
3053.59584 19.203 0.061
3055.59506 18.958 0.053
3057.62044 18.567 0.035
3059.56438 18.674 0.036
3070.55438 18.844 0.054
3073.55508 18.862 0.069
3075.66805 19.258 0.085
3078.58825 19.056 0.061
3082.57750 19.161 0.064
3084.65457 19.147 0.056
3087.61722 19.112 0.054
3090.58067 18.996 0.067
3096.48762 19.094 0.103
3099.56858 18.699 0.054
3102.54739 18.656 0.053
3105.58013 18.892 0.052
3108.55801 18.856 0.045
3112.52974 18.969 0.065
3116.51663 18.927 0.059
3127.48305 19.084 0.053
3140.47269 18.574 0.051
3223.87292 18.916 0.066
3241.85925 19.174 0.076
3248.82267 18.956 0.076
3257.85059 18.719 0.035
3263.89654 19.009 0.038
3270.83958 18.997 0.048
3273.88757 19.141 0.063
3277.82361 19.084 0.065
3281.86645 18.399 0.028
3287.72849 19.154 0.052
3289.88021 18.712 0.042
3294.87555 18.844 0.042
3295.68079 18.622 0.027
3301.74134 18.783 0.051
3304.79729 18.894 0.054
3306.87849 18.950 0.077
3309.70752 18.942 0.052
3311.70532 19.009 0.051
3320.74809 19.209 0.062
3327.71972 18.642 0.035
3330.67857 18.557 0.047
3334.77782 18.914 0.066
3338.82433 19.065 0.054
3340.83939 19.040 0.058
3350.65780 19.062 0.039
3354.70425 19.034 0.054
3358.77646 18.583 0.026
3361.81582 18.705 0.039
3365.72042 18.679 0.053
3372.73670 18.875 0.034
3378.64942 18.810 0.041
3391.71708 19.056 0.057
3394.72865 18.812 0.048
3396.60773 19.126 0.061
3399.68588 18.531 0.043
3403.67312 18.568 0.041
3408.58251 18.393 0.030
3412.62790 18.813 0.055
3417.55530 18.680 0.050
3425.56350 19.156 0.098
3437.52691 19.172 0.056
3445.53223 18.409 0.035
3460.48046 18.921 0.076
3477.47509 19.054 0.077
3583.91720 18.952 0.054
3593.91553 18.454 0.038
3601.85245 18.564 0.046
3618.88660 19.153 0.048
3629.86789 18.728 0.043
3633.88789 18.710 0.052
3634.83457 18.538 0.032
3639.82783 18.663 0.030
3643.83723 18.812 0.051
3644.78263 18.714 0.034
3650.87152 19.065 0.047
3654.77080 19.022 0.050
3657.85299 19.055 0.042
3660.78746 19.075 0.064
3664.82258 19.252 0.058
3668.78057 18.981 0.055
3672.76879 18.322 0.026
3675.84848 18.744 0.035
3684.75660 18.795 0.035
3687.76227 18.890 0.040
3689.86288 18.854 0.047
3692.86258 19.253 0.073
3695.73674 19.036 0.051
3698.73034 19.040 0.063
3700.75923 18.997 0.046
3702.84686 18.343 0.025
3705.75367 19.102 0.043
3708.71226 19.092 0.066
3712.69911 18.464 0.030
3714.70953 18.525 0.029
3716.85112 18.942 0.046
3719.80277 18.809 0.055
3725.79666 18.989 0.051
3727.76904 18.905 0.046
3730.66444 18.929 0.033
3732.68914 19.060 0.042
3734.78718 19.021 0.050
3736.80346 19.089 0.051
3737.69183 19.162 0.047
3739.79094 18.634 0.033
3742.67679 18.991 0.062
3745.75246 18.515 0.030
3749.64685 18.829 0.084
3750.73186 18.484 0.051
3752.74203 18.780 0.040
3754.76023 18.866 0.051
3756.58380 18.542 0.030
3758.75347 18.909 0.057
3761.76903 19.157 0.047
3764.72345 18.951 0.044
3767.58331 18.831 0.037
3770.59967 19.021 0.051
3773.60387 19.004 0.053
3776.60321 19.065 0.048
3779.59279 19.010 0.063
3782.64348 19.154 0.055
3787.56844 19.080 0.055
3792.51579 19.126 0.073
3799.59895 18.731 0.055
3809.50930 19.004 0.085
3822.48912 19.048 0.085
3946.89132 18.625 0.047
3964.84830 18.930 0.040
3969.86814 18.981 0.058
3975.91830 18.298 0.031
3981.84726 18.258 0.033
3989.87426 18.815 0.050
3995.89800 19.085 0.063
4001.85103 18.944 0.045
4005.82872 19.048 0.042
4007.83288 19.107 0.053
4011.83316 19.034 0.053
4018.82481 18.462 0.030
4023.85696 18.724 0.042
4026.76541 18.639 0.029
4029.70665 18.540 0.052
4031.78703 18.820 0.035
4038.69616 18.836 0.039
4040.86300 19.010 0.060
4043.66163 18.836 0.063
4048.84324 18.911 0.069
4052.68617 19.011 0.040
4054.67316 19.065 0.065
4056.73021 18.857 0.054
4058.76253 18.556 0.028
4063.66211 18.399 0.028
4066.71935 18.722 0.039
4068.80688 18.950 0.038
4070.64930 18.640 0.037
4073.80872 18.961 0.059
4076.77689 19.034 0.058
4079.73919 18.953 0.057
4083.65603 18.930 0.054
4085.72151 19.063 0.059
4092.83998 18.750 0.036
4105.67540 18.805 0.040
4109.71831 19.038 0.041
4109.74853 19.130 0.048
4113.70428 18.879 0.037
4120.73469 19.081 0.038
4122.69109 19.130 0.043
4125.74233 18.946 0.051
4131.59564 19.100 0.041
4142.63221 18.741 0.050
4156.51532 18.967 0.084
4166.56005 19.199 0.087
4196.50933 18.912 0.064
4341.88532 18.935 0.062
4347.83527 18.949 0.058
4357.89667 18.996 0.068
4362.77245 18.991 0.063
4365.81396 18.630 0.058
4368.89127 18.712 0.065
4371.84188 18.691 0.039
4377.77772 18.752 0.044
4380.79422 18.779 0.039
4386.76992 18.932 0.050
4390.73187 19.063 0.060
4393.84599 19.178 0.060
4398.85726 18.337 0.033
4403.86421 18.638 0.056
4411.85579 18.892 0.047
4418.77703 18.895 0.040
4422.84302 19.079 0.048
4426.72130 18.843 0.071
4429.78278 19.278 0.132
4429.81954 19.181 0.120
4432.70821 19.116 0.054
4436.74756 19.209 0.068
4439.81318 18.527 0.051
4443.68294 18.842 0.061
4448.85007 18.867 0.044
4449.66763 18.566 0.033
4451.67721 18.633 0.045
4454.69373 18.770 0.041
4455.67602 18.764 0.048
4458.73435 18.991 0.060
4461.65129 18.879 0.044
4465.73437 19.156 0.050
4468.70296 19.049 0.040
4473.67228 19.080 0.052
4477.73038 18.503 0.037
4481.66799 18.485 0.032
4485.71604 18.730 0.050
4489.69952 18.804 0.071
4493.68933 18.914 0.064
4498.66652 18.971 0.047
4501.66382 18.996 0.058
4506.59777 19.006 0.062
4508.60775 18.916 0.052
4510.68751 19.045 0.060
4520.68178 18.637 0.061
4521.59753 18.361 0.037
4523.61339 18.576 0.043
4525.53275 18.426 0.037
4531.55475 18.609 0.041
4533.55716 18.864 0.056
4537.60712 18.929 0.054
4539.52555 18.892 0.060
4541.57832 19.014 0.069
