2166.86329 18.553 0.037
2189.86887 18.866 0.059
2192.77176 18.461 0.031
2201.78397 18.551 0.030
2212.81622 18.532 0.039
2217.80061 18.803 0.058
2223.82118 19.163 0.071
2226.79553 18.903 0.048
2228.83896 18.747 0.045
2230.75239 18.781 0.046
2232.77261 18.989 0.058
2234.76659 18.902 0.044
2238.71724 18.483 0.036
2240.84617 18.460 0.039
2242.85190 18.962 0.073
2248.73316 18.483 0.029
2251.76280 18.896 0.045
2253.78615 18.989 0.048
2255.70870 18.717 0.043
2258.70815 18.917 0.043
2261.68092 18.927 0.047
2264.81675 18.911 0.037
2269.78967 19.052 0.059
2271.73797 18.801 0.050
2273.82830 18.939 0.062
2275.80177 18.654 0.046
2277.80456 18.476 0.031
2279.80137 19.020 0.048
2281.76424 18.957 0.044
2283.82143 18.874 0.037
2289.75829 19.029 0.052
2293.73278 18.626 0.047
2295.75382 18.504 0.033
2297.74475 19.045 0.060
2299.77714 19.008 0.060
2301.68258 18.801 0.060
2303.67797 18.671 0.054
2323.58028 18.995 0.046
2326.58730 18.902 0.052
2332.53073 19.038 0.079
2338.55327 18.515 0.033
2356.49645 18.584 0.051
2524.87388 18.907 0.056
2537.87554 18.805 0.074
2542.84009 19.086 0.065
2544.89880 18.857 0.073
2551.88899 18.918 0.052
2559.82695 18.658 0.046
2563.87213 18.887 0.063
2573.79829 18.774 0.054
2577.86106 18.501 0.040
2583.75750 18.646 0.045
2589.79859 19.045 0.051
2596.68698 18.994 0.091
2605.76611 18.863 0.045
2609.67648 18.713 0.051
2611.68021 18.633 0.054
2617.82684 19.028 0.063
2620.79585 18.779 0.037
2623.76906 18.664 0.043
2626.69418 18.930 0.066
2628.86128 19.173 0.108
2630.85004 18.898 0.082
2632.64072 18.953 0.074
2635.63511 18.843 0.043
2637.77530 18.939 0.051
2641.66584 19.071 0.055
2643.67819 19.013 0.052
2645.66932 18.787 0.036
2647.59608 18.582 0.038
2651.66478 19.031 0.055
2653.68909 18.917 0.061
2655.67416 18.816 0.046
2657.80714 18.904 0.061
2659.67892 18.630 0.038
2661.69902 18.944 0.051
2665.80092 18.943 0.059
2671.80688 18.788 0.045
2675.73733 18.798 0.037
2679.76277 18.529 0.038
2682.62180 18.919 0.065
2686.61491 18.535 0.043
2691.56026 18.823 0.063
2695.59910 18.521 0.045
2700.55006 18.780 0.050
2713.53522 18.782 0.067
2841.93953 18.514 0.044
2868.90200 18.505 0.039
2890.84512 18.921 0.075
2895.88080 18.568 0.033
2900.83648 18.959 0.050
2906.86744 18.753 0.036
2910.90078 18.930 0.047
2915.90090 18.603 0.063
2922.78109 18.598 0.061
2925.86947 18.795 0.046
2930.78204 18.691 0.044
2933.82645 18.610 0.030
2939.83483 18.799 0.048
2941.85286 18.533 0.029
2943.72772 19.082 0.062
2946.83074 18.925 0.056
2948.82108 18.852 0.045
2952.81708 18.828 0.048
2956.66048 18.675 0.039
2958.68725 18.545 0.042
2962.69814 18.912 0.052
2965.71520 18.840 0.047
2967.81453 18.836 0.042
2970.78013 18.757 0.034
2974.71975 18.882 0.046
2976.75359 18.688 0.038
2978.64809 18.972 0.056
2980.67455 18.954 0.054
2982.63370 18.833 0.047
2984.67481 18.644 0.039
2986.76267 18.585 0.043
2988.73066 18.895 0.055
2990.66401 18.971 0.043
2992.75368 18.928 0.043
2994.66493 18.561 0.046
2996.75177 18.524 0.034
2998.70652 19.131 0.054
2999.79962 18.966 0.054
3001.67727 18.846 0.035
3003.67289 18.615 0.038
3005.62991 18.777 0.053
3007.74840 18.759 0.042
3009.68419 18.887 0.046
3011.62979 18.761 0.063
3013.66044 18.574 0.038
3017.67163 19.046 0.054
3018.72758 18.941 0.051
3020.80282 18.923 0.051
3022.82931 18.930 0.048
3024.77783 18.595 0.033
3026.77519 18.839 0.040
3028.78724 19.000 0.047
3030.78750 18.908 0.042
3033.71483 18.441 0.025
3035.72110 19.084 0.050
3038.69950 19.033 0.059
3040.69912 18.805 0.059
3044.57657 19.013 0.058
3046.59208 18.897 0.043
3048.57699 18.663 0.031
3050.59586 18.501 0.028
3052.59291 19.018 0.045
3054.59376 18.939 0.048
3056.59098 18.765 0.038
3058.58473 18.622 0.037
3060.60520 18.613 0.035
3064.60975 19.014 0.065
3067.66670 18.776 0.043
3069.62681 18.357 0.035
3073.54162 18.941 0.070
3075.63096 18.791 0.044
3078.55083 18.716 0.046
3082.53982 18.871 0.056
3084.61626 18.840 0.039
3087.57804 18.488 0.036
3090.53406 18.892 0.063
3093.51436 18.709 0.065
3098.62327 18.557 0.046
3104.55418 18.695 0.050
3107.53836 18.973 0.075
3111.52774 18.898 0.067
3114.52171 18.488 0.039
3126.48612 19.081 0.065
3144.50145 19.069 0.076
3224.90160 18.571 0.039
3239.93553 19.022 0.092
3247.90651 18.967 0.053
3256.88476 18.901 0.051
3263.85953 19.043 0.038
3268.87531 18.771 0.036
3273.84686 18.946 0.050
3276.86497 18.950 0.062
3281.82989 19.036 0.043
3289.84331 18.834 0.053
3294.84145 18.880 0.042
3296.84681 18.626 0.028
3301.69772 18.869 0.061
3303.86675 18.925 0.051
3306.84137 18.596 0.038
3308.85835 18.582 0.037
3311.66842 18.781 0.051
3320.70157 18.863 0.040
3329.83066 18.931 0.037
3334.73042 18.753 0.052
3338.78621 18.914 0.044
3354.76020 18.973 0.051
3358.64173 18.737 0.033
3361.73750 18.520 0.034
3363.72764 19.052 0.060
3367.68120 18.830 0.056
3372.69993 19.048 0.043
3386.76191 18.867 0.031
3391.60728 18.982 0.059
3395.67132 18.746 0.048
3398.71909 18.606 0.037
3402.66433 18.953 0.042
3404.59220 18.653 0.039
3408.54561 19.090 0.059
3412.59088 18.781 0.042
3414.62245 18.605 0.042
3419.59330 18.976 0.054
3426.52878 18.976 0.059
3433.57997 18.541 0.044
3443.55059 18.500 0.033
3453.51699 19.006 0.055
3575.92219 18.920 0.054
3589.89362 18.618 0.035
3617.89052 18.469 0.030
3629.82999 18.975 0.060
3634.79610 18.560 0.039
3640.76282 18.788 0.038
3641.83996 18.701 0.040
3650.83531 18.893 0.035
3653.86327 18.503 0.028
3657.81380 19.060 0.043
3660.77946 18.671 0.050
3664.81494 18.987 0.050
3668.75121 18.768 0.044
3672.76073 18.740 0.036
3676.86218 18.961 0.055
3684.80638 18.891 0.040
3687.72538 18.666 0.035
3689.82397 18.623 0.038
3692.74834 19.190 0.079
3694.82235 18.972 0.047
3696.69760 18.632 0.037
3699.70983 19.046 0.050
3701.76077 19.044 0.050
3704.72724 18.802 0.035
3706.78142 18.799 0.035
3711.67243 18.978 0.047
3713.68609 18.772 0.042
3719.76292 18.954 0.076
3722.82213 19.062 0.060
3726.68535 18.662 0.038
3728.65807 18.930 0.034
3731.75864 18.994 0.043
3733.64485 18.562 0.027
3734.74779 18.618 0.029
3736.76671 18.496 0.031
3737.65534 19.022 0.039
3739.71744 18.951 0.039
3741.82372 18.938 0.066
3743.72159 18.677 0.037
3746.76397 18.470 0.039
3748.71663 19.060 0.069
3750.72279 18.848 0.043
3752.73084 18.672 0.035
3754.75215 18.589 0.035
3755.67193 18.905 0.046
3757.64602 18.980 0.052
3759.61167 18.786 0.045
3762.69653 18.678 0.035
3769.75906 18.924 0.039
3772.72738 18.623 0.031
3775.71932 18.921 0.062
3778.69783 18.872 0.045
3782.60601 19.120 0.060
3786.58201 18.827 0.046
3791.57837 19.115 0.050
3798.57809 18.547 0.029
3820.51064 18.945 0.059
3945.90562 18.519 0.030
3964.93272 18.461 0.037
3971.80345 18.413 0.029
3974.92099 18.737 0.052
3981.81186 18.527 0.039
3995.84676 19.096 0.063
4002.84286 19.033 0.043
4005.79288 18.743 0.035
4007.79711 18.617 0.036
4011.77749 18.885 0.051
4018.76308 18.751 0.050
4023.81656 18.861 0.039
4026.72716 18.493 0.035
4028.86323 18.533 0.027
4031.75093 19.075 0.058
4037.85984 18.577 0.031
4040.82714 19.000 0.052
4042.84191 18.759 0.050
4048.80671 18.962 0.066
4052.64957 18.501 0.027
4053.84726 18.727 0.035
4056.69081 19.101 0.074
4059.67803 18.763 0.040
4064.64615 19.140 0.045
4066.62389 18.965 0.048
4069.68951 18.755 0.039
4071.61783 18.530 0.036
4076.68634 18.864 0.063
4079.70292 18.705 0.046
4082.69325 18.636 0.036
4084.77309 19.009 0.065
4087.69255 18.958 0.048
4093.78158 18.692 0.038
4113.69610 18.994 0.048
4119.63431 18.722 0.048
4122.68315 18.927 0.042
4125.73056 18.913 0.050
4129.73004 18.542 0.036
4142.59284 18.752 0.042
4150.56485 18.897 0.035
4154.58080 18.517 0.048
4166.52320 18.943 0.067
4184.51277 19.208 0.084
4340.91334 18.980 0.040
4346.90145 18.610 0.039
4351.84186 18.886 0.047
4357.85361 18.976 0.078
4363.78206 18.503 0.043
4365.80566 18.666 0.071
4369.80128 18.949 0.067
4372.77595 18.572 0.034
4376.86651 18.879 0.052
4379.87303 18.949 0.055
4383.87709 18.707 0.042
4388.87103 18.930 0.058
4393.74492 18.868 0.047
4398.82012 18.867 0.046
4403.76073 19.027 0.078
4411.75594 18.741 0.037
4417.83870 18.924 0.045
4421.75113 19.021 0.043
4425.82431 18.962 0.058
4429.73508 18.628 0.074
4432.77666 18.925 0.043
4436.70314 18.637 0.043
4439.74729 18.843 0.053
4442.72470 18.991 0.068
4448.78036 18.449 0.029
4450.78507 19.058 0.062
4453.76088 18.806 0.040
4456.77421 18.593 0.046
4459.68423 18.962 0.046
4462.68625 18.820 0.050
4465.72648 18.579 0.034
4469.67961 18.955 0.060
4474.68164 18.543 0.033
4478.78442 18.966 0.050
4481.78319 18.946 0.051
4484.69292 18.549 0.042
4487.75533 19.008 0.093
4492.70790 18.549 0.042
4494.74236 18.426 0.036
4499.63915 18.734 0.052
4502.69638 18.513 0.042
4507.65511 18.957 0.055
4509.65236 18.809 0.054
4516.60125 18.817 0.070
4520.67317 18.622 0.053
4522.56027 18.971 0.059
4524.57429 18.910 0.061
4530.57953 18.921 0.059
4532.57151 19.080 0.081
4537.56959 18.512 0.037
4540.61834 18.880 0.060
