2187.79176 18.515 0.048
2193.85849 18.855 0.040
2194.75222 18.569 0.046
2202.85856 18.798 0.047
2206.76754 18.931 0.064
2215.81148 18.832 0.057
2222.81103 18.861 0.065
2225.69388 18.918 0.057
2227.76894 19.014 0.056
2229.77478 18.810 0.059
2231.74320 18.916 0.056
2233.71147 19.078 0.058
2237.63081 18.859 0.063
2239.69177 18.638 0.041
2241.78358 18.848 0.048
2243.85415 18.669 0.059
2249.76915 18.725 0.043
2251.68131 18.725 0.051
2252.84173 18.943 0.061
2254.76802 18.740 0.036
2257.78771 18.759 0.034
2260.79893 18.725 0.048
2262.81660 19.044 0.052
2265.79121 19.030 0.056
2269.70054 18.995 0.059
2272.69034 18.929 0.057
2274.68584 18.868 0.051
2276.71017 19.079 0.073
2278.82964 18.678 0.054
2280.65233 18.837 0.059
2282.81368 18.513 0.043
2288.79558 18.620 0.042
2291.82910 18.971 0.069
2293.83024 18.685 0.063
2296.82420 18.773 0.074
2298.81714 18.844 0.064
2301.74790 18.758 0.053
2303.74718 18.809 0.062
2321.71794 18.890 0.062
2335.50487 18.904 0.116
2341.50219 18.767 0.091
2358.49443 18.917 0.076
2391.52102 18.828 0.069
2548.83570 18.844 0.054
2557.86801 18.599 0.048
2561.87067 18.662 0.041
2566.77567 18.556 0.064
2574.84222 18.785 0.053
2579.75120 18.743 0.058
2586.78704 18.953 0.056
2590.86210 18.905 0.054
2598.73886 18.791 0.053
2606.76352 18.926 0.046
2610.66565 18.855 0.067
2615.79313 18.754 0.036
2619.63160 18.861 0.059
2622.75160 18.705 0.053
2625.61690 18.548 0.045
2628.61556 18.576 0.053
2630.65248 18.874 0.057
2632.77371 18.754 0.045
2636.72366 18.838 0.056
2638.84077 19.022 0.075
2641.81614 18.870 0.054
2643.81540 18.769 0.045
2645.81544 18.924 0.058
2649.72096 18.854 0.040
2651.76837 18.534 0.043
2653.79256 18.824 0.069
2655.82346 18.539 0.045
2657.81546 18.817 0.059
2658.80766 18.492 0.074
2660.76225 18.671 0.054
2662.73054 18.884 0.067
2666.85707 18.842 0.064
2672.60309 18.830 0.069
2674.80528 18.846 0.058
2676.77841 18.984 0.069
2678.82432 18.804 0.046
2680.72365 18.952 0.053
2684.60861 18.728 0.047
2688.57921 18.864 0.067
2693.54780 18.787 0.045
2697.56382 18.859 0.052
2702.57038 18.979 0.079
2709.51576 19.044 0.068
2726.48189 18.685 0.089
2875.89289 18.766 0.064
2885.88353 18.926 0.051
2893.86419 18.801 0.065
2897.88090 18.745 0.045
2908.80164 18.869 0.061
2912.82485 18.954 0.045
2917.86486 18.878 0.046
2923.83582 18.910 0.063
2927.74413 18.808 0.070
2931.82234 18.748 0.046
2934.85722 18.927 0.054
2940.83729 18.764 0.041
2943.84211 18.705 0.036
2947.85053 18.825 0.046
2951.72750 18.873 0.057
2954.79461 19.012 0.076
2956.83297 18.804 0.051
2961.76937 19.007 0.058
2963.82033 18.777 0.043
2963.85334 18.830 0.045
2966.79702 18.834 0.035
2968.75786 19.009 0.049
2971.76109 18.829 0.056
2974.84348 18.682 0.040
2976.85245 18.894 0.053
2978.67014 19.049 0.070
2980.76443 18.672 0.041
2982.77193 18.763 0.043
2985.71616 18.867 0.049
2987.76375 18.751 0.045
2989.70484 18.804 0.040
2991.77827 18.718 0.042
2993.78294 18.979 0.051
2996.76188 18.906 0.048
2998.77472 18.673 0.041
3000.78575 19.009 0.054
3002.77615 18.823 0.048
3004.80178 18.952 0.051
3006.78841 18.896 0.042
3008.75102 18.778 0.043
3010.82174 18.789 0.051
3013.74743 18.866 0.048
3016.77171 18.760 0.069
3018.80258 18.822 0.058
3019.84247 18.672 0.045
3022.64427 18.817 0.037
3023.75235 18.588 0.036
3025.75543 18.857 0.040
3027.77409 18.486 0.037
3029.75868 18.724 0.045
3032.60753 18.741 0.043
3034.65554 18.914 0.034
3036.68565 18.615 0.038
3039.62755 18.583 0.041
3041.71063 18.811 0.064
3042.73591 19.047 0.079
3044.67467 18.874 0.058
3046.66079 18.795 0.056
3048.69401 18.932 0.043
3050.69094 18.719 0.036
3052.68713 18.940 0.042
3054.69324 18.763 0.047
3056.68032 18.896 0.045
3058.67364 18.988 0.051
3059.61992 18.850 0.041
3061.61326 18.846 0.061
3066.61080 18.828 0.059
3068.63905 18.928 0.063
3071.53747 18.905 0.063
3074.53737 18.816 0.057
3076.65671 18.880 0.078
3079.65386 18.733 0.038
3083.52075 18.914 0.067
3085.62462 18.582 0.043
3088.58195 18.635 0.057
3091.58548 18.700 0.053
3097.50356 18.637 0.075
3100.54297 18.855 0.084
3103.55549 18.867 0.053
3106.58486 18.712 0.046
3109.56800 18.752 0.045
3112.59380 18.846 0.056
3126.52289 18.817 0.059
3132.52593 18.965 0.080
3147.46770 18.551 0.067
3242.90760 18.561 0.043
3249.88517 18.631 0.054
3260.86682 18.876 0.056
3271.85719 19.048 0.057
3274.86036 18.881 0.062
3279.81393 18.921 0.057
3282.87971 19.048 0.047
3295.82314 18.692 0.027
3297.81447 18.681 0.027
3302.67331 18.961 0.079
3305.78490 18.691 0.045
3309.84609 18.751 0.043
3315.78206 18.667 0.038
3321.74653 18.794 0.041
3324.79592 19.006 0.056
3328.84478 18.948 0.043
3333.84452 18.618 0.052
3335.79360 18.822 0.062
3340.67744 18.996 0.051
3353.76950 18.739 0.043
3357.79715 18.668 0.040
3360.77674 18.725 0.037
3366.74077 18.869 0.048
3373.82838 18.854 0.068
3378.78400 18.886 0.047
3385.57393 18.951 0.063
3394.67299 18.755 0.045
3402.73123 18.647 0.037
3404.66291 18.708 0.040
3410.52084 18.851 0.064
3416.52840 18.951 0.069
3424.61467 19.007 0.065
3430.53147 18.938 0.053
3436.58230 18.792 0.048
3448.51252 18.932 0.061
3458.48389 19.001 0.081
3603.88423 18.976 0.059
3621.86204 18.622 0.032
3624.88587 18.765 0.062
3630.83298 18.936 0.070
3637.77457 18.903 0.074
3640.82831 19.024 0.047
3651.86086 19.101 0.061
3655.77800 18.828 0.045
3659.76148 18.938 0.064
3663.72540 19.000 0.068
3669.82054 18.840 0.047
3672.87229 18.933 0.062
3681.72838 18.792 0.069
3685.82492 18.784 0.035
3688.74380 18.835 0.040
3690.81841 18.887 0.053
3693.82476 19.041 0.059
3696.76237 19.059 0.051
3699.77524 19.030 0.041
3701.83018 18.846 0.043
3703.82701 19.038 0.049
3706.70229 18.887 0.036
3711.73781 18.807 0.045
3713.82579 18.529 0.038
3715.80212 18.647 0.035
3718.83325 18.879 0.062
3724.77659 18.880 0.038
3728.81082 18.897 0.043
3731.81799 18.931 0.040
3733.71403 18.684 0.032
3735.69692 18.703 0.036
3737.85969 18.886 0.041
3738.73085 18.965 0.048
3740.79578 18.776 0.040
3742.81521 18.890 0.083
3745.83267 19.157 0.058
3749.78292 18.946 0.096
3751.79674 18.722 0.062
3753.74624 18.990 0.052
3755.77502 18.951 0.056
3757.79502 18.792 0.038
3758.81301 18.592 0.069
3760.60658 18.866 0.052
3763.72732 18.898 0.032
3766.74382 18.931 0.064
3771.65069 18.628 0.036
3774.64474 18.543 0.040
3777.60300 18.573 0.038
3780.66716 18.867 0.072
3788.59056 18.576 0.031
3794.56302 18.727 0.049
3801.55990 18.771 0.042
3812.51661 18.828 0.043
3829.49125 18.734 0.047
3959.86874 18.747 0.067
3965.89852 18.939 0.045
3970.91429 18.873 0.047
3982.86488 19.007 0.057
3990.81178 18.546 0.043
3999.88119 18.924 0.047
4003.75695 18.672 0.032
4006.80634 18.794 0.038
4008.82739 18.778 0.035
4013.83927 19.168 0.085
4019.84212 18.972 0.046
4024.83347 18.932 0.049
4027.73807 18.789 0.047
4029.84867 18.653 0.040
4036.72725 19.082 0.047
4039.71537 18.747 0.051
4041.78913 18.912 0.048
4045.65749 18.612 0.064
4049.75731 18.626 0.031
4052.81893 18.845 0.036
4054.80574 18.919 0.045
4056.86490 19.038 0.072
4057.73081 18.877 0.051
4060.67024 18.828 0.041
4065.75426 18.984 0.042
4067.71042 18.873 0.041
4069.84604 18.983 0.046
4074.82523 18.819 0.053
4078.74317 19.009 0.058
4080.75452 18.900 0.052
4083.82920 18.911 0.062
4085.80397 18.558 0.042
4096.63725 18.986 0.053
4103.79652 18.953 0.072
4106.62783 18.929 0.075
4112.80104 18.852 0.053
4120.78853 18.881 0.042
4121.79980 19.002 0.073
4127.70852 19.071 0.047
4145.64222 18.905 0.054
4158.51240 18.722 0.061
4169.54170 18.736 0.046
4344.84437 18.940 0.064
4348.87464 18.832 0.047
4354.80297 18.967 0.075
4363.88006 18.775 0.070
4367.80234 18.749 0.049
4371.80979 18.864 0.059
4378.76702 18.953 0.069
4381.78393 18.923 0.074
4387.72648 18.943 0.054
4390.86354 18.844 0.048
4396.76426 18.885 0.059
4400.77228 18.793 0.064
4408.78396 18.554 0.048
4415.84964 18.741 0.040
4423.81173 18.791 0.047
4427.77813 18.915 0.057
4430.78133 18.947 0.059
4433.79886 18.919 0.072
4437.72533 18.911 0.073
4440.74515 18.986 0.057
4444.69015 19.065 0.072
4449.80468 18.835 0.059
4451.84016 18.526 0.048
4454.77997 18.591 0.041
4456.78229 18.702 0.053
4458.78902 18.639 0.046
4463.77243 18.761 0.040
4465.78913 18.673 0.041
4470.70914 18.670 0.038
4473.75215 18.866 0.075
4478.79362 18.780 0.045
4481.83577 18.878 0.058
4486.83352 18.844 0.081
4490.65163 18.733 0.054
4493.72047 18.990 0.076
4497.77510 18.939 0.058
4500.64808 18.991 0.056
4502.75793 18.717 0.065
4506.76818 18.589 0.069
4509.71267 18.528 0.043
4518.71124 18.816 0.079
4522.51159 18.853 0.100
4524.65054 18.778 0.048
4530.67570 18.746 0.046
4532.67103 18.872 0.061
4534.64291 18.902 0.052
4538.65823 19.094 0.075
4540.65828 18.905 0.067
4542.57543 18.771 0.059
