2167.87543 18.562 0.046
2190.83462 18.733 0.046
2192.87687 18.729 0.048
2193.79845 18.467 0.031
2202.79789 18.762 0.049
2214.84552 18.779 0.075
2224.79997 18.787 0.048
2227.71083 18.871 0.053
2229.71630 18.571 0.053
2231.68467 18.802 0.057
2233.65301 18.593 0.041
2236.66534 18.695 0.055
2239.63336 18.936 0.067
2241.72029 18.537 0.048
2243.79016 19.045 0.077
2247.85587 19.082 0.075
2248.85855 18.744 0.060
2250.79088 18.718 0.051
2252.70968 18.676 0.041
2254.70085 18.897 0.046
2257.70510 18.772 0.043
2260.71052 18.598 0.042
2264.72097 18.495 0.032
2266.70191 18.805 0.055
2270.76908 18.714 0.047
2271.85010 18.786 0.034
2272.75526 18.464 0.049
2274.74682 18.730 0.053
2276.80820 18.432 0.046
2278.67244 18.655 0.052
2280.75078 18.871 0.051
2282.74670 18.701 0.047
2284.82092 18.486 0.034
2289.81016 18.867 0.051
2292.82661 18.719 0.081
2294.79472 18.800 0.089
2296.81541 18.807 0.087
2298.80905 18.689 0.065
2300.78667 18.794 0.072
2302.75978 18.484 0.052
2315.68555 18.816 0.049
2324.54415 18.796 0.057
2328.53109 18.840 0.071
2334.52441 18.560 0.041
2340.52121 18.752 0.065
2364.51392 18.552 0.062
2385.53140 18.761 0.068
2539.87545 18.728 0.053
2545.84191 18.797 0.058
2556.88981 18.469 0.046
2560.79903 18.839 0.056
2561.80054 18.782 0.058
2565.80631 18.758 0.065
2574.75637 18.453 0.039
2578.82470 18.464 0.042
2586.74746 18.863 0.061
2590.79574 18.896 0.060
2596.80243 18.542 0.057
2605.84224 18.797 0.051
2609.80726 18.793 0.075
2614.78081 18.758 0.051
2621.73658 18.749 0.042
2624.65611 18.791 0.060
2627.76830 18.494 0.060
2629.78925 18.754 0.065
2632.68904 18.759 0.046
2635.78967 18.991 0.055
2638.70749 18.560 0.041
2640.80419 18.814 0.063
2642.75933 18.482 0.056
2644.75831 18.765 0.046
2646.72108 18.884 0.053
2650.76929 18.890 0.055
2652.86674 18.707 0.055
2654.79579 18.996 0.066
2656.70126 18.609 0.052
2658.66371 18.783 0.052
2660.68288 18.475 0.048
2662.69744 18.766 0.051
2664.67824 18.510 0.043
2666.74190 18.770 0.044
2668.72891 18.427 0.047
2672.82260 18.477 0.051
2674.72848 18.722 0.055
2676.71764 18.825 0.046
2678.79001 18.712 0.044
2680.67677 18.859 0.047
2682.71898 18.698 0.066
2687.61107 18.912 0.071
2692.62478 18.782 0.067
2696.60099 18.697 0.053
2701.59270 18.555 0.052
2708.52243 18.548 0.056
2715.51803 18.603 0.058
2890.87086 18.696 0.076
2895.90894 18.544 0.041
2900.87093 18.751 0.042
2911.86676 18.923 0.043
2917.77022 18.483 0.039
2922.89246 18.469 0.066
2926.82535 18.938 0.060
2931.75359 18.675 0.044
2934.79438 18.806 0.047
2940.77487 18.425 0.034
2943.77903 18.607 0.047
2947.78771 18.556 0.039
2950.70148 18.538 0.042
2954.72481 18.679 0.060
2956.77014 18.855 0.051
2958.81179 18.595 0.051
2962.80894 18.552 0.038
2965.83196 18.811 0.048
2968.69968 18.750 0.049
2973.77314 18.645 0.039
2976.63956 18.676 0.056
2980.75559 18.680 0.044
2982.76369 18.984 0.055
2984.79528 18.668 0.046
2987.67668 18.642 0.048
2989.63637 18.819 0.047
2991.70830 18.663 0.039
2993.72024 18.916 0.056
2995.79393 18.775 0.043
2997.76452 18.927 0.053
2999.66424 18.515 0.036
3000.71315 18.472 0.039
3002.70179 18.709 0.044
3004.70229 18.754 0.044
3006.64575 18.581 0.039
3008.80069 18.435 0.034
3010.72028 18.744 0.062
3011.77523 18.624 0.057
3015.79279 18.621 0.057
3017.78048 18.682 0.048
3019.73425 18.479 0.043
3021.82714 18.767 0.055
3023.68926 18.840 0.041
3025.66071 18.649 0.031
3027.70626 18.910 0.043
3029.69120 18.663 0.043
3031.76127 18.959 0.057
3033.82483 18.715 0.047
3036.62333 18.624 0.037
3039.56522 18.670 0.048
3041.67323 18.490 0.049
3043.68398 18.766 0.076
3045.74682 18.563 0.047
3047.70050 18.847 0.058
3048.63169 18.545 0.031
3050.64870 18.840 0.041
3052.65009 18.529 0.032
3054.65466 18.698 0.046
3056.64275 18.427 0.031
3058.63673 18.789 0.049
3060.68637 18.508 0.037
3066.54831 18.606 0.061
3068.57221 18.841 0.070
3070.64643 18.704 0.084
3073.66433 18.740 0.062
3076.58818 18.699 0.055
3078.67498 18.643 0.055
3082.65196 18.527 0.032
3085.55548 18.578 0.041
3088.51741 18.742 0.063
3090.65911 18.506 0.044
3093.54174 18.507 0.049
3099.52868 18.783 0.057
3102.62176 19.013 0.072
3106.51844 18.659 0.057
3108.60827 18.605 0.039
3111.55385 18.632 0.061
3129.49619 18.762 0.070
3134.51710 18.615 0.056
3216.91090 18.506 0.058
3242.84561 18.534 0.048
3248.89834 18.792 0.063
3258.87490 18.779 0.041
3264.84593 18.597 0.034
3274.79800 18.811 0.071
3282.82911 18.665 0.038
3287.80247 18.478 0.028
3295.76008 18.948 0.044
3297.75218 18.665 0.033
3299.82030 18.753 0.028
3301.81368 18.610 0.049
3304.87809 18.798 0.073
3309.78391 18.551 0.036
3311.77761 18.795 0.046
3320.82524 18.610 0.039
3327.79317 18.658 0.046
3330.75152 18.711 0.067
3334.85102 19.007 0.091
3339.79885 18.697 0.048
3353.84512 18.791 0.049
3357.63617 18.598 0.038
3360.67425 18.736 0.041
3363.78249 18.789 0.053
3369.85979 18.749 0.061
3375.79615 18.730 0.046
3378.72175 18.904 0.049
3394.60485 18.676 0.049
3396.65568 18.730 0.046
3399.75830 18.720 0.060
3403.74565 18.565 0.041
3408.63009 18.913 0.052
3413.58505 18.672 0.043
3417.60493 18.674 0.039
3425.61030 18.560 0.048
3431.59831 18.781 0.043
3437.57388 18.749 0.039
3446.54297 18.784 0.049
3456.50450 18.941 0.081
3474.49123 18.470 0.056
3619.87634 18.512 0.037
3633.85279 18.727 0.060
3639.81993 18.827 0.039
3644.85647 18.729 0.038
3651.79921 18.690 0.042
3654.84545 18.889 0.048
3658.80904 18.818 0.053
3660.83386 18.594 0.053
3665.82780 18.632 0.046
3670.79754 18.791 0.046
3673.80767 18.818 0.041
3676.80768 18.456 0.033
3684.86168 18.555 0.041
3687.83405 18.493 0.031
3690.75401 18.566 0.046
3693.79151 18.773 0.042
3695.82280 18.525 0.033
3698.81238 18.623 0.046
3700.83099 18.855 0.048
3703.76505 18.846 0.039
3705.82927 18.607 0.032
3708.81706 18.811 0.053
3712.77458 18.660 0.036
3714.84539 18.598 0.034
3717.73777 18.579 0.047
3720.82582 18.668 0.055
3724.74348 18.573 0.034
3727.81807 18.749 0.049
3728.78081 18.540 0.036
3731.78434 18.604 0.033
3732.76745 18.547 0.032
3735.62384 18.501 0.028
3737.79375 18.921 0.039
3740.75564 18.655 0.033
3742.76303 18.661 0.048
3745.79892 18.805 0.046
3748.76875 18.902 0.070
3750.77946 18.746 0.057
3752.78898 18.899 0.068
3754.80678 18.541 0.043
3757.58777 18.557 0.037
3759.79283 18.613 0.036
3763.66477 18.798 0.031
3766.62117 18.872 0.044
3770.70773 18.900 0.048
3773.74051 18.542 0.048
3776.71222 18.655 0.051
3783.58212 18.614 0.047
3788.55492 18.941 0.044
3792.59235 18.923 0.055
3800.57426 18.862 0.056
3810.53234 18.435 0.043
3824.50258 18.653 0.055
3950.92611 18.678 0.047
3964.92484 18.865 0.042
3970.84969 18.567 0.037
3990.90692 18.722 0.042
4003.72437 18.600 0.034
4005.90012 18.623 0.042
4006.74566 18.680 0.037
4008.76647 18.900 0.043
4013.76703 18.777 0.051
4019.87603 18.542 0.033
4024.76348 18.815 0.043
4026.84119 18.567 0.034
4029.78569 18.563 0.042
4032.81655 18.837 0.066
4038.76830 18.607 0.051
4041.72825 18.548 0.042
4043.73318 18.773 0.048
4049.69572 18.833 0.047
4052.75705 18.593 0.034
4054.74399 18.910 0.058
4056.80300 18.633 0.039
4058.85012 18.795 0.048
4063.73299 18.556 0.036
4065.85612 18.588 0.042
4067.69799 18.537 0.036
4070.72025 18.833 0.053
4074.78897 18.814 0.057
4077.83777 18.940 0.051
4080.71433 18.681 0.047
4084.64267 18.861 0.055
4086.79838 18.721 0.048
4093.83976 18.625 0.039
4111.77709 18.756 0.039
4117.71754 18.570 0.046
4121.69551 18.900 0.070
4124.77775 18.614 0.033
4132.73365 18.549 0.047
4142.75541 18.648 0.061
4156.59058 18.681 0.042
4168.55112 18.528 0.037
4198.50531 18.553 0.048
4343.84125 18.617 0.058
4347.90833 18.620 0.043
4353.84145 18.770 0.047
4358.79286 18.517 0.057
4363.83536 18.762 0.065
4367.79514 18.912 0.062
4370.83192 18.418 0.044
4373.83135 18.660 0.043
4377.85032 18.647 0.052
4380.89501 18.826 0.073
4386.84084 18.925 0.060
4390.80284 18.799 0.051
4394.82040 18.865 0.041
4399.77702 18.504 0.046
4407.73994 18.546 0.048
4412.76351 18.924 0.063
4418.84902 18.671 0.036
4422.74115 18.519 0.036
4427.71680 18.915 0.060
4430.72015 18.636 0.052
4433.73769 18.603 0.041
4436.81908 18.726 0.063
4440.67998 18.595 0.042
4443.77238 18.754 0.057
4449.73505 18.623 0.038
4451.77467 18.708 0.043
4452.75393 18.624 0.047
4455.74409 18.716 0.057
4457.77433 18.883 0.076
4459.73902 18.577 0.043
4462.71679 18.775 0.047
4464.78714 18.572 0.047
4467.76285 18.622 0.038
4471.82081 18.597 0.044
4472.65022 18.789 0.038
4476.70374 18.864 0.042
4480.80721 18.906 0.047
4483.79550 18.435 0.037
4486.82177 18.627 0.063
4492.67962 18.680 0.044
4497.74083 18.569 0.038
4500.61390 18.658 0.048
4502.72365 18.892 0.070
4507.72656 18.842 0.068
4509.67828 18.564 0.046
4518.64101 18.725 0.057
4521.67542 18.906 0.062
4523.66046 18.603 0.046
4525.62510 18.911 0.058
4531.60327 18.460 0.031
4533.60346 18.708 0.046
4537.65355 18.771 0.051
4539.57271 18.905 0.063
4541.65492 18.718 0.046
