2187.81339 19.898 0.183
2193.87840 19.063 0.050
2194.77218 19.101 0.074
2202.87845 19.184 0.073
2206.78747 19.466 0.105
2215.83135 19.510 0.109
2222.83084 19.176 0.080
2225.71368 19.063 0.062
2227.78873 19.688 0.116
2229.79459 19.527 0.124
2231.76294 19.148 0.067
2233.73125 19.706 0.109
2237.65059 18.784 0.066
2239.71153 19.786 0.119
2241.80328 19.551 0.094
2244.68293 19.381 0.104
2249.79280 19.388 0.078
2251.70108 18.875 0.053
2254.78780 19.290 0.062
2257.81128 19.394 0.054
2260.81868 19.595 0.129
2262.83633 19.185 0.063
2265.81093 19.161 0.073
2269.76097 19.367 0.098
2272.74127 19.516 0.105
2274.70970 19.011 0.066
2276.72991 19.479 0.097
2278.84939 19.771 0.143
2280.67212 18.946 0.069
2282.83346 19.234 0.078
2288.81538 19.201 0.069
2291.84888 19.376 0.093
2296.84400 18.815 0.089
2298.83697 19.546 0.113
2301.76773 19.774 0.195
2303.76705 19.283 0.101
2321.73955 19.792 0.154
2328.61671 19.473 0.100
2335.52661 18.985 0.074
2341.52394 19.132 0.074
2358.51637 19.040 0.065
2391.54303 19.365 0.121
2548.85735 19.247 0.092
2553.82476 19.193 0.097
2557.88959 19.482 0.124
2561.89222 19.107 0.145
2579.77239 19.295 0.088
2586.80851 19.537 0.090
2591.77743 19.528 0.089
2598.76029 19.726 0.117
2606.78915 19.656 0.102
2610.68706 19.843 0.167
2619.65760 18.760 0.041
2622.77269 19.412 0.090
2625.63796 18.816 0.057
2628.63526 19.031 0.086
2630.67222 19.713 0.116
2632.79342 19.828 0.108
2636.74340 19.091 0.063
2641.83589 19.058 0.059
2643.83648 19.494 0.094
2645.83517 19.451 0.098
2649.74664 19.526 0.077
2651.78950 19.407 0.078
2653.81638 19.390 0.105
2655.84325 18.723 0.054
2657.83925 19.487 0.123
2658.82745 19.041 0.113
2660.78203 19.541 0.106
2662.75551 19.329 0.090
2672.62295 19.444 0.101
2674.82515 19.636 0.131
2676.80240 19.224 0.109
2678.84415 18.945 0.055
2680.75249 19.419 0.076
2684.62992 19.355 0.077
2688.60740 18.882 0.059
2693.56912 19.610 0.093
2697.58519 18.977 0.078
2702.59173 19.372 0.115
2709.53719 19.194 0.081
2726.50337 19.107 0.080
2875.91444 19.255 0.102
2885.90502 19.454 0.080
2893.88570 19.496 0.123
2897.90228 18.819 0.057
2908.82296 19.706 0.120
2912.84614 19.168 0.067
2917.85431 19.253 0.065
2923.85921 18.869 0.054
2927.76540 19.121 0.094
2931.84353 19.672 0.111
2935.73796 18.833 0.069
2940.85848 18.782 0.043
2943.86324 18.923 0.049
2951.74859 19.378 0.090
2954.81571 19.642 0.143
2956.85911 19.414 0.086
2961.79043 19.226 0.067
2963.84138 18.854 0.051
2964.73876 19.041 0.077
2966.81804 18.779 0.041
2968.77891 19.491 0.088
2971.78214 19.503 0.096
2975.70323 19.507 0.097
2978.69116 19.181 0.080
2980.78545 19.747 0.132
2982.83448 19.528 0.121
2985.73717 19.569 0.084
2987.78482 19.393 0.101
2989.72583 19.616 0.077
2991.79927 19.440 0.082
2993.81269 19.354 0.076
2996.78291 19.439 0.070
2998.79570 19.187 0.070
3000.80683 19.394 0.097
3002.79713 19.425 0.080
3004.82289 19.376 0.080
3006.80944 18.845 0.046
3008.77204 19.464 0.086
3010.84273 19.434 0.098
3013.76848 19.329 0.093
3016.79277 19.465 0.100
3020.63311 19.487 0.074
3022.66540 19.206 0.058
3023.77340 19.546 0.078
3025.77652 19.569 0.065
3029.77981 18.879 0.057
3032.62864 19.704 0.116
3034.67673 19.410 0.055
3036.70680 19.293 0.063
3041.74166 19.062 0.085
3042.75705 19.524 0.128
3044.69586 19.073 0.077
3046.68199 19.785 0.144
3048.71517 19.426 0.070
3050.71212 19.199 0.055
3052.70840 19.266 0.054
3054.71449 19.560 0.098
3056.70160 19.230 0.058
3058.69490 18.755 0.038
3059.64115 19.126 0.057
3066.63216 19.550 0.102
3068.66037 19.459 0.105
3071.55877 19.279 0.092
3074.56364 19.309 0.092
3076.67803 19.264 0.092
3079.67765 19.287 0.073
3083.54781 19.350 0.127
3085.64603 19.262 0.074
3088.60339 19.074 0.072
3091.60692 19.213 0.074
3097.53140 19.400 0.120
3100.56895 19.567 0.148
3103.57703 19.415 0.111
3106.60642 19.492 0.101
3109.58955 19.590 0.112
3126.54454 19.290 0.104
3132.54756 19.531 0.144
3242.92906 19.076 0.117
3249.90660 19.301 0.104
3271.87846 19.057 0.069
3274.88166 19.204 0.089
3279.83514 19.875 0.143
3295.84431 19.324 0.054
3297.83560 19.056 0.046
3300.69974 19.609 0.136
3302.72235 19.274 0.101
3305.80601 19.612 0.102
3309.86718 19.474 0.090
3315.80317 19.393 0.069
3321.76753 19.315 0.066
3324.81697 19.734 0.123
3329.67116 18.824 0.047
3335.81465 19.583 0.141
3340.69844 19.696 0.106
3353.79053 19.470 0.062
3357.81815 19.054 0.051
3360.79776 18.961 0.047
3366.76181 19.047 0.066
3373.84941 19.695 0.136
3378.80510 19.469 0.096
3385.59503 19.445 0.108
3387.80310 19.703 0.123
3394.69408 19.460 0.082
3402.75239 19.586 0.084
3404.68404 19.509 0.101
3410.54184 18.888 0.046
3416.54941 19.089 0.070
3425.55579 19.620 0.162
3430.55258 18.985 0.061
3436.60345 19.288 0.072
3448.53507 19.219 0.090
3458.50519 19.726 0.121
3603.90557 19.526 0.086
3621.88326 19.938 0.127
3624.90709 19.049 0.063
3630.85418 19.149 0.097
3637.80526 19.066 0.077
3640.84943 19.486 0.076
3651.88185 19.245 0.073
3655.79909 19.484 0.072
3659.78243 19.040 0.077
3663.74636 19.177 0.082
3669.84148 19.665 0.102
3673.71889 19.466 0.094
3681.78650 19.420 0.106
3685.84579 19.177 0.055
3688.76466 18.870 0.046
3690.83923 19.163 0.094
3693.84554 18.760 0.047
3696.78319 19.624 0.088
3699.79606 18.749 0.035
3701.85105 19.462 0.081
3703.84785 19.541 0.072
3706.72310 19.320 0.055
3711.75861 19.055 0.050
3713.84661 18.836 0.054
3715.82293 19.534 0.081
3718.85406 19.507 0.092
3724.79738 19.526 0.077
3728.83167 19.211 0.070
3731.83883 19.259 0.059
3733.73819 19.623 0.081
3735.71936 19.369 0.059
3738.75173 19.556 0.084
3740.81664 19.375 0.070
3742.83608 19.205 0.102
3747.85654 18.854 0.062
3749.80383 19.436 0.145
3751.81768 19.252 0.120
3753.76778 19.654 0.100
3755.79595 19.505 0.093
3757.81591 19.341 0.065
3760.62754 18.808 0.047
3763.74826 19.307 0.053
3766.76483 19.691 0.145
3771.67425 19.070 0.058
3774.66576 18.732 0.043
3777.62410 19.242 0.070
3780.68821 19.132 0.081
3784.53618 19.277 0.104
3788.61457 19.515 0.081
3794.58411 19.642 0.105
3802.52496 19.364 0.093
3812.53776 18.842 0.045
3830.49118 19.219 0.088
3959.89366 19.164 0.106
3965.91956 19.390 0.065
3973.83517 19.264 0.100
3982.88582 19.306 0.081
3990.83272 19.005 0.059
3999.90203 19.487 0.100
4003.77781 19.472 0.065
4006.82717 19.684 0.097
4008.84816 19.568 0.076
4013.86003 19.358 0.094
4019.86465 19.281 0.072
4024.85419 19.077 0.061
4027.75875 19.455 0.093
4029.86938 19.652 0.098
4036.74790 18.994 0.050
4039.73604 19.010 0.066
4041.80978 19.192 0.063
4047.67448 19.774 0.164
4050.65023 19.808 0.125
4052.83950 19.609 0.078
4054.82633 19.438 0.080
4057.75139 19.521 0.108
4060.69080 19.286 0.062
4065.77484 19.278 0.062
4068.74529 19.223 0.047
4070.78970 19.050 0.074
4074.84578 19.585 0.116
4078.76371 19.451 0.088
4080.77508 19.663 0.133
4085.82453 19.357 0.097
4096.65787 19.819 0.145
4103.81706 19.454 0.111
4106.64846 19.304 0.088
4112.82530 19.678 0.096
4122.75340 19.237 0.054
4128.62302 18.912 0.049
4145.66308 19.011 0.076
4158.53328 19.294 0.084
4169.56262 19.227 0.067
4344.86539 19.396 0.096
4348.89560 19.683 0.137
4354.82395 19.682 0.135
4358.88555 19.213 0.090
4363.90093 18.994 0.088
4367.82321 19.256 0.074
4371.83393 19.613 0.108
4378.78782 18.928 0.062
4381.80471 19.085 0.096
4390.88429 19.366 0.155
4396.78500 19.321 0.100
4400.79293 19.594 0.158
4408.80462 19.573 0.116
4423.83231 19.043 0.062
4427.79871 19.222 0.078
4430.80197 19.361 0.106
4433.81941 19.515 0.104
4437.74590 19.800 0.176
4440.76570 19.467 0.092
4444.71068 18.823 0.063
4449.82522 18.912 0.057
4451.86079 19.401 0.191
4454.80052 19.462 0.069
4456.80290 19.418 0.092
4458.80958 19.058 0.062
4463.79300 19.567 0.097
4465.80977 19.516 0.086
4470.72976 19.139 0.065
4478.81425 19.106 0.058
4481.85639 19.233 0.082
4486.85417 18.877 0.080
4490.67225 18.985 0.080
4493.74292 19.175 0.084
4497.79478 19.652 0.104
4500.66778 19.301 0.072
4502.77763 19.428 0.128
4507.76874 19.269 0.089
4509.73243 19.615 0.096
4518.73208 18.782 0.089
4522.53238 19.134 0.077
4524.67281 18.787 0.050
4530.69722 19.028 0.054
4534.66386 19.468 0.081
4538.67917 19.621 0.112
4540.67924 19.437 0.108
4542.59638 19.126 0.074
