2167.90482 18.584 0.051
2190.86203 18.693 0.038
2193.82642 18.678 0.037
2202.82570 18.748 0.044
2215.77895 18.382 0.041
2221.85710 18.636 0.058
2224.82699 18.820 0.049
2227.73782 18.518 0.043
2229.74359 18.412 0.040
2231.71184 18.443 0.041
2233.68011 18.521 0.035
2237.59949 18.709 0.074
2239.66051 18.645 0.045
2241.75215 18.662 0.041
2243.82242 18.581 0.053
2248.67918 18.612 0.039
2250.76815 18.663 0.050
2252.73751 18.637 0.049
2254.72859 18.571 0.035
2257.73256 18.683 0.041
2260.75430 18.668 0.044
2265.78691 18.446 0.035
2266.77749 18.753 0.050
2270.80353 18.820 0.043
2272.65307 18.683 0.045
2274.78046 18.840 0.066
2276.83838 18.702 0.050
2278.79523 18.762 0.066
2280.77797 18.772 0.044
2282.77519 18.718 0.050
2284.79658 18.679 0.038
2289.83767 18.624 0.037
2291.82371 18.591 0.046
2293.79260 18.685 0.062
2295.81646 18.673 0.040
2297.80254 18.591 0.044
2300.82759 18.605 0.063
2302.78881 18.740 0.063
2315.71261 18.733 0.057
2324.57896 18.610 0.040
2328.56087 18.595 0.056
2340.55075 18.675 0.045
2373.50334 18.794 0.082
2385.56646 18.671 0.066
2534.89892 18.609 0.053
2539.90607 18.814 0.086
2545.87325 18.820 0.056
2557.83404 18.877 0.066
2561.83211 18.888 0.055
2565.83351 18.747 0.063
2574.79571 18.659 0.053
2578.85212 18.623 0.050
2584.74790 18.589 0.057
2590.82553 18.565 0.044
2596.83197 18.524 0.052
2606.72846 18.428 0.033
2609.83706 18.822 0.069
2614.80014 18.612 0.047
2619.67618 18.764 0.040
2621.80414 18.716 0.043
2624.70114 18.559 0.038
2629.82222 18.701 0.053
2632.71633 18.628 0.039
2635.81684 18.706 0.052
2638.81004 18.574 0.051
2641.77821 18.725 0.045
2643.78146 18.772 0.045
2645.78017 18.717 0.044
2647.70917 18.691 0.040
2650.78790 18.464 0.040
2653.66303 18.663 0.050
2655.71975 18.778 0.051
2657.65456 18.660 0.056
2659.80838 18.890 0.080
2660.71862 18.405 0.038
2662.72624 18.440 0.043
2664.74005 18.463 0.068
2666.79391 18.588 0.038
2668.82014 18.629 0.047
2675.81248 18.762 0.045
2677.79950 18.679 0.058
2679.81815 18.706 0.064
2682.73741 18.811 0.075
2687.64032 18.593 0.060
2697.52955 18.484 0.037
2702.52835 18.776 0.073
2708.55716 18.743 0.053
2724.52705 18.660 0.044
2871.91850 18.666 0.046
2884.87815 18.744 0.053
2890.90012 18.660 0.074
2896.85279 18.768 0.061
2902.78739 18.804 0.040
2911.89592 18.724 0.046
2917.79943 18.647 0.040
2923.80161 18.616 0.049
2926.85467 18.738 0.044
2931.78314 18.553 0.039
2934.82354 18.859 0.050
2940.80394 18.857 0.045
2943.80813 18.553 0.037
2947.81663 18.601 0.034
2950.73060 18.798 0.055
2954.75384 18.846 0.068
2956.79939 18.800 0.045
2958.84402 18.774 0.063
2962.83825 18.755 0.041
2965.84739 18.667 0.041
2967.78719 18.651 0.043
2970.84116 18.723 0.040
2974.77916 18.744 0.040
2976.66866 18.645 0.043
2979.65208 18.775 0.060
2983.78531 18.548 0.045
2985.82798 18.552 0.038
2987.72672 18.485 0.040
2989.66941 18.632 0.034
2991.74165 18.474 0.032
2993.74935 18.446 0.035
2995.82457 18.551 0.037
2997.79352 18.550 0.038
2998.74105 18.864 0.052
3000.74351 18.737 0.047
3002.74133 18.737 0.043
3004.73430 18.779 0.038
3006.72727 18.752 0.040
3008.74174 18.772 0.047
3010.78814 18.714 0.047
3011.80449 18.650 0.053
3016.73815 18.668 0.037
3018.76858 18.622 0.040
3020.83229 18.711 0.055
3021.85726 18.561 0.049
3023.71821 18.678 0.045
3025.68988 18.731 0.031
3027.73533 18.618 0.033
3029.72018 18.678 0.039
3031.79058 18.546 0.053
3034.62189 18.613 0.029
3036.65226 18.624 0.038
3039.59417 18.814 0.050
3042.70171 18.751 0.053
3044.64115 18.653 0.044
3046.62718 18.664 0.049
3047.72948 18.358 0.035
3048.66057 18.806 0.038
3049.68410 18.409 0.026
3051.65348 18.530 0.037
3053.62869 18.717 0.032
3055.64574 18.505 0.035
3057.67087 18.488 0.031
3059.61547 18.733 0.037
3061.60778 18.657 0.050
3066.57738 18.690 0.058
3068.60525 18.653 0.057
3070.67559 18.631 0.068
3073.69389 18.685 0.052
3076.61763 18.653 0.060
3079.60232 18.853 0.039
3082.68666 18.642 0.035
3085.58645 18.821 0.045
3088.54675 18.589 0.041
3091.52966 18.773 0.055
3100.50915 18.594 0.063
3103.52740 18.747 0.051
3106.54865 18.654 0.041
3109.53430 18.779 0.041
3112.58975 18.677 0.046
3116.56781 18.662 0.056
3127.56502 18.797 0.060
3133.52551 18.740 0.066
3223.92374 18.492 0.049
3242.87460 18.774 0.051
3249.92197 18.553 0.064
3258.90930 18.697 0.060
3264.87550 18.647 0.032
3271.82324 18.751 0.056
3274.82725 18.617 0.051
3278.90017 18.764 0.063
3282.80683 18.620 0.035
3287.83136 18.794 0.037
3291.76857 18.796 0.052
3295.78907 18.677 0.032
3297.78115 18.815 0.034
3299.84922 18.522 0.025
3301.84258 18.516 0.041
3305.75159 18.719 0.044
3309.81285 18.702 0.035
3311.80645 18.880 0.051
3327.82230 18.870 0.038
3330.79837 18.659 0.051
3336.65079 18.510 0.044
3339.83394 18.717 0.049
3353.82293 18.737 0.033
3357.76363 18.745 0.041
3360.74037 18.622 0.031
3365.85977 18.819 0.057
3373.82386 18.807 0.058
3378.75068 18.494 0.033
3394.63385 18.539 0.047
3399.78759 18.778 0.064
3403.77468 18.688 0.044
3408.69788 18.593 0.034
3418.60641 18.760 0.044
3427.57394 18.539 0.045
3434.52580 18.738 0.039
3440.54999 18.866 0.053
3447.51920 18.660 0.052
3456.54479 18.770 0.067
3469.49968 18.529 0.034
3478.49224 18.713 0.049
3601.90264 18.656 0.049
3619.90534 18.866 0.049
3630.78674 18.427 0.056
3636.84414 18.686 0.057
3640.79405 18.524 0.031
3651.82787 18.714 0.045
3654.87405 18.695 0.033
3658.83774 18.701 0.050
3670.82628 18.755 0.049
3673.83656 18.681 0.031
3676.83668 18.385 0.031
3685.77604 18.693 0.037
3687.86276 18.766 0.049
3690.78472 18.605 0.040
3693.82032 18.647 0.041
3695.85144 18.719 0.040
3698.84107 18.666 0.040
3701.71003 18.597 0.033
3703.79382 18.598 0.032
3705.85801 18.784 0.049
3708.84571 18.698 0.044
3712.80329 18.826 0.041
3715.76897 18.626 0.037
3718.70477 18.879 0.052
3720.85457 18.688 0.058
3724.77216 18.866 0.040
3728.75020 18.800 0.039
3731.81329 18.662 0.032
3733.67601 18.602 0.029
3735.66388 18.627 0.027
3737.82240 18.725 0.032
3740.78577 18.739 0.037
3745.82831 18.675 0.040
3749.77840 18.591 0.062
3751.79226 18.569 0.052
3753.74165 18.556 0.035
3755.74168 18.621 0.043
3757.73144 18.514 0.033
3759.82172 18.666 0.044
3766.71036 18.815 0.050
3770.73795 18.819 0.060
3773.76916 18.547 0.046
3776.74353 18.925 0.085
3783.61079 18.549 0.035
3788.58505 18.702 0.035
3793.59060 18.663 0.035
3801.52641 18.837 0.040
3811.51713 18.802 0.057
3826.50218 18.699 0.046
3958.90229 18.786 0.072
3965.86196 18.480 0.028
3970.88201 18.815 0.044
3982.83277 18.664 0.045
3993.78542 18.729 0.057
3999.87695 18.622 0.039
4003.75285 18.675 0.032
4006.77397 18.664 0.034
4008.79488 18.691 0.039
4013.80647 18.385 0.044
4019.80764 18.413 0.032
4024.80066 18.808 0.040
4026.86965 18.676 0.046
4029.81398 18.514 0.034
4032.85059 18.646 0.047
4039.68282 18.761 0.049
4041.75653 18.675 0.043
4043.76152 18.658 0.047
4049.72479 18.719 0.035
4052.78617 18.624 0.031
4054.77224 18.711 0.037
4056.83146 18.679 0.038
4059.72618 18.868 0.050
4064.79641 18.739 0.031
4066.79375 18.668 0.040
4069.74686 18.716 0.040
4071.67482 18.737 0.049
4076.74702 18.553 0.050
4079.78851 18.625 0.049
4082.83641 18.663 0.041
4084.80165 18.734 0.055
4086.82675 18.560 0.043
4103.66237 18.787 0.046
4106.58318 18.464 0.044
4111.80551 18.715 0.038
4127.67473 18.796 0.034
4132.76369 18.633 0.051
4143.55098 18.640 0.037
4157.54974 18.727 0.049
4169.50694 18.681 0.046
4198.53673 18.721 0.046
4343.86960 18.772 0.056
4348.83845 18.560 0.040
4353.86982 18.838 0.050
4358.82182 18.565 0.055
4364.90817 18.707 0.084
4367.88201 18.792 0.046
4371.77633 18.742 0.056
4373.85967 18.716 0.044
4378.76306 18.739 0.050
4381.75126 18.626 0.055
4386.86911 18.574 0.041
4390.83110 18.486 0.034
4394.87770 18.489 0.039
4399.80541 18.851 0.060
4408.71036 18.467 0.043
4412.79275 18.506 0.041
4423.74309 18.681 0.041
4427.74519 18.638 0.050
4430.74846 18.800 0.068
4433.76606 18.701 0.043
4437.76401 18.750 0.064
4440.70821 18.753 0.046
4443.80071 18.706 0.046
4449.77164 18.663 0.045
4451.80725 18.762 0.052
4455.77261 18.706 0.049
4457.80385 18.762 0.062
4459.77108 18.755 0.044
4463.76780 18.713 0.039
4465.78459 18.735 0.043
4468.74881 18.616 0.033
4470.70435 18.701 0.041
4473.74752 18.707 0.058
4476.76851 18.671 0.037
4482.80939 18.682 0.051
4485.79975 18.588 0.052
4490.64698 18.823 0.055
4494.71302 18.790 0.050
4498.73686 18.790 0.044
4501.73419 18.656 0.047
4506.66821 18.727 0.051
4508.69507 18.853 0.056
4509.75918 18.698 0.044
4512.72930 18.738 0.045
4518.66949 18.718 0.070
4521.71006 18.683 0.049
4523.68911 18.703 0.066
4525.65371 18.588 0.038
4531.63742 18.598 0.034
4537.68209 18.574 0.037
4539.60137 18.482 0.038
4542.51879 18.759 0.063
