2125.57752 15.809 0.009
2129.65745 15.904 0.007
2132.59997 16.005 0.009
2135.73822 16.230 0.009
2144.58780 15.976 0.009
2160.56895 15.909 0.009
2187.54581 15.978 0.009
2206.54077 16.079 0.012
2331.88185 16.048 0.009
2355.85621 15.978 0.008
2364.91366 15.896 0.009
2372.81439 16.194 0.009
2403.86910 15.899 0.008
2414.75251 15.872 0.008
2416.78783 16.169 0.010
2424.88315 16.271 0.011
2428.78265 16.160 0.009
2432.82714 16.185 0.010
2434.69302 16.104 0.009
2436.74907 16.114 0.009
2436.76483 16.135 0.009
2438.71887 15.993 0.008
2440.75205 16.113 0.009
2443.72127 16.211 0.010
2445.60223 15.903 0.008
2448.59845 15.928 0.010
2453.84246 16.037 0.010
2455.67398 16.153 0.008
2456.55400 15.863 0.009
2458.69089 16.276 0.010
2460.76328 16.096 0.010
2463.51248 15.981 0.009
2466.72204 16.269 0.010
2468.59455 15.900 0.007
2470.59787 16.179 0.009
2484.59267 15.900 0.009
2486.68543 16.219 0.011
2490.65194 16.175 0.011
2493.61411 16.278 0.010
2495.68548 16.092 0.008
2497.76947 15.899 0.009
2498.47886 16.042 0.008
2500.50361 16.232 0.010
2502.53642 16.081 0.009
2508.63574 15.891 0.008
2512.58316 15.921 0.009
2517.62502 16.252 0.010
2520.55186 16.105 0.009
2526.64086 16.126 0.009
2537.62049 16.198 0.012
2542.48786 15.990 0.011
2547.55530 15.886 0.009
2551.59276 15.927 0.010
2556.54620 16.238 0.011
2564.50338 16.168 0.011
2575.50200 16.263 0.011
2706.88834 16.047 0.008
2714.87260 16.014 0.008
2728.90371 16.253 0.011
2733.88488 16.113 0.011
2744.87228 16.163 0.009
2753.85795 16.024 0.009
2756.92770 16.201 0.010
2760.87070 16.144 0.010
2766.92387 15.941 0.009
2770.79464 15.957 0.009
2783.73926 16.140 0.009
2785.85121 15.966 0.009
2786.90463 15.852 0.009
2789.71485 15.848 0.008
2791.69601 16.091 0.009
2794.91570 15.845 0.008
2796.78184 16.017 0.008
2797.94452 16.054 0.010
2809.68801 16.196 0.009
2810.85486 16.094 0.009
2811.88664 16.203 0.011
2813.68344 16.251 0.011
2814.70567 16.157 0.009
2816.56873 16.146 0.009
2818.55622 16.049 0.010
2820.72135 15.916 0.009
2826.72182 16.149 0.009
2834.75826 16.189 0.014
2836.70274 15.887 0.008
2837.60001 16.159 0.011
2839.64829 15.986 0.010
2841.67075 16.226 0.010
2843.59656 15.911 0.008
2845.62592 16.177 0.010
2850.48349 15.923 0.008
2852.49879 16.165 0.011
2854.49639 15.926 0.010
2856.68609 15.905 0.009
2858.65144 16.064 0.009
2862.57802 15.987 0.010
2865.68734 16.166 0.010
2868.56714 16.202 0.009
2871.67431 15.943 0.008
2876.55793 16.181 0.010
2879.60209 15.892 0.009
2885.49698 15.999 0.010
2894.60480 15.970 0.010
2898.58968 15.949 0.009
2898.65292 16.007 0.010
2898.66551 16.029 0.011
2898.67183 16.003 0.011
2904.56244 16.152 0.011
2909.55697 16.007 0.010
2917.59691 16.022 0.010
2930.53952 15.943 0.009
3058.86781 15.930 0.008
3063.89141 16.148 0.008
3067.86628 16.214 0.009
3070.82622 15.956 0.009
3072.90503 16.163 0.009
3075.80191 16.183 0.010
3079.85839 16.218 0.010
3082.82125 16.034 0.008
3084.87685 16.122 0.008
3086.81088 16.112 0.008
3088.76855 16.024 0.008
3089.87786 15.984 0.008
3091.79502 16.154 0.008
3096.83249 16.047 0.009
3098.87996 15.937 0.007
3100.83033 16.045 0.008
3102.79370 16.273 0.010
3103.86445 16.182 0.009
3106.80141 16.261 0.011
3108.73893 15.956 0.008
3109.76554 15.881 0.007
3110.80501 16.286 0.009
3111.83904 16.164 0.009
3112.81234 16.003 0.007
3113.84622 15.899 0.007
3114.75630 16.201 0.008
3115.83885 16.143 0.008
3118.90036 15.956 0.008
3122.88384 16.131 0.011
3125.84039 15.867 0.009
3126.86973 16.232 0.010
3127.77530 16.080 0.009
3128.79368 15.966 0.008
3129.76833 16.049 0.009
3131.65597 15.965 0.011
3134.73615 16.173 0.014
3134.85356 16.283 0.012
3135.83658 16.127 0.008
3137.91213 15.907 0.007
3138.79639 16.195 0.009
3139.84058 16.132 0.008
3140.84799 16.012 0.008
3142.74017 16.163 0.008
3144.76081 15.866 0.007
3146.73886 16.147 0.010
3151.72305 15.986 0.009
3152.72681 15.808 0.007
3152.94018 16.088 0.011
3153.73079 16.245 0.011
3154.79172 16.190 0.011
3156.77431 15.874 0.008
3158.84937 16.202 0.011
3162.78580 16.158 0.009
3163.74709 15.989 0.008
3164.70539 15.964 0.007
3165.77669 16.269 0.008
3166.86826 16.208 0.011
3168.56433 16.177 0.009
3168.90256 16.010 0.008
3169.69919 16.188 0.009
3170.77688 16.134 0.008
3171.87203 16.096 0.008
3172.71997 15.958 0.006
3174.68294 16.057 0.007
3175.69225 15.920 0.007
3176.73527 15.940 0.009
3178.75343 16.110 0.009
3179.76641 15.986 0.008
3180.67915 16.248 0.008
3182.74631 16.097 0.008
3183.70482 15.915 0.008
3184.67230 16.269 0.009
3185.83694 16.238 0.009
3193.50606 16.018 0.010
3193.61038 16.067 0.008
3194.61553 15.972 0.008
3195.67198 15.902 0.007
3196.71571 16.196 0.010
3197.61568 16.080 0.008
3199.76047 15.950 0.009
3202.51128 15.905 0.007
3203.63228 15.981 0.007
3204.59317 16.148 0.008
3205.73488 16.149 0.008
3206.64247 15.976 0.007
3209.68555 16.116 0.010
3210.63058 15.945 0.008
3217.62498 16.056 0.008
3218.62437 15.941 0.009
3219.72784 15.901 0.010
3223.62175 16.204 0.011
3224.67149 16.208 0.008
3226.58471 15.896 0.008
3228.57286 16.121 0.008
3229.61582 16.029 0.008
3230.63959 15.935 0.007
3231.54064 16.207 0.010
3232.56927 16.118 0.010
3238.59018 15.906 0.008
3239.54996 16.180 0.009
3240.62667 16.144 0.010
3241.62569 16.021 0.011
3245.52007 15.935 0.009
3246.63216 15.906 0.009
3247.64765 16.230 0.010
3249.49920 15.900 0.008
3250.62681 15.881 0.008
3253.62007 16.001 0.008
3256.60299 16.111 0.010
3259.59520 16.184 0.010
3267.50219 16.098 0.009
3272.56116 16.029 0.009
3274.60159 16.125 0.010
3278.57334 16.254 0.010
3281.55409 15.889 0.008
3293.49047 16.189 0.010
3295.49495 16.082 0.007
3299.49834 16.086 0.007
3312.50741 15.895 0.010
3416.88948 16.081 0.008
3421.87124 15.946 0.007
3425.89069 15.947 0.009
3428.88668 16.043 0.008
3432.86029 16.038 0.009
3442.86095 16.257 0.009
3444.91384 16.047 0.008
3447.82699 16.081 0.008
3449.83985 15.931 0.007
3452.86045 15.995 0.007
3454.91399 16.277 0.009
3458.77308 16.144 0.008
3459.82073 16.071 0.008
3468.84950 15.931 0.007
3469.85641 16.015 0.007
3471.88395 16.098 0.009
3473.85194 16.119 0.008
3474.87537 16.205 0.008
3476.74812 15.920 0.007
3478.76384 16.124 0.007
3479.90107 16.083 0.007
3481.79175 16.255 0.008
3484.74754 16.013 0.009
3496.69596 16.266 0.010
3497.76341 16.181 0.009
3499.72094 15.863 0.006
3500.70374 16.258 0.009
3501.74176 16.167 0.008
3502.74034 16.041 0.007
3503.66692 15.859 0.007
3504.84600 15.836 0.006
3506.85766 16.144 0.008
3508.72413 16.266 0.010
3509.75466 16.180 0.008
3510.89496 16.157 0.008
3511.80681 15.952 0.007
3512.83548 15.818 0.008
3517.82993 16.207 0.009
3520.78714 16.201 0.008
3522.71312 15.969 0.006
3523.77422 15.884 0.007
3524.67634 16.193 0.008
3525.67045 16.068 0.007
3526.72320 15.973 0.007
3527.75702 15.870 0.007
3528.69798 16.182 0.008
3529.65588 16.061 0.007
3530.66395 15.916 0.006
3538.64221 15.884 0.007
3540.62942 16.129 0.008
3544.82914 16.149 0.009
3547.76067 15.855 0.007
3550.60756 15.914 0.007
3551.60988 16.215 0.007
3552.64067 16.140 0.007
3553.76627 16.132 0.011
3554.71963 15.953 0.008
3555.78383 15.892 0.008
3556.69599 16.153 0.008
3558.50679 16.258 0.009
3558.80547 16.019 0.008
3559.58836 16.185 0.008
3560.57677 16.065 0.008
3561.52087 15.893 0.007
3562.56150 16.175 0.008
3562.81286 16.046 0.008
3563.61574 16.191 0.008
3564.59743 16.088 0.008
3569.53421 15.886 0.009
3573.62465 15.964 0.009
3574.66563 15.894 0.007
3575.51319 16.093 0.008
3576.66715 16.113 0.008
3577.73481 16.053 0.008
3578.64002 15.973 0.007
3579.59731 16.152 0.008
3579.76501 16.063 0.009
3580.62709 16.082 0.008
3581.65056 15.972 0.007
3582.59866 16.159 0.008
3583.61262 16.184 0.009
3584.62139 16.062 0.007
3585.61170 15.931 0.007
3586.65743 15.979 0.007
3589.65012 15.959 0.006
3590.61900 16.155 0.008
3592.62587 16.054 0.007
3593.65204 15.959 0.006
3594.68390 15.955 0.007
3601.62607 15.920 0.007
3602.64217 16.179 0.009
3603.61617 16.146 0.008
3607.61449 16.132 0.008
3608.62143 16.032 0.008
3615.55715 16.066 0.007
3616.56461 15.962 0.008
3618.54127 16.175 0.008
3619.56591 16.056 0.008
3621.56553 16.067 0.009
3628.53941 15.882 0.008
3629.62407 15.886 0.009
3631.50896 16.013 0.009
3633.52207 16.282 0.010
3637.61824 15.963 0.009
3639.57177 16.050 0.007
3641.52394 16.260 0.010
3643.60031 16.089 0.010
3648.51618 15.897 0.008
3650.55356 16.143 0.009
3654.52538 16.098 0.011
3655.50403 15.951 0.008
3657.51153 16.196 0.010
3660.50569 16.087 0.009
3662.51092 16.076 0.009
3666.53844 16.118 0.008
3776.84622 15.939 0.009
3781.87247 16.081 0.010
3784.85638 15.913 0.008
3787.89304 16.082 0.008
3791.87114 16.059 0.009
3794.85079 16.142 0.008
3796.83850 15.882 0.008
3797.84240 16.255 0.009
3798.89039 16.140 0.008
3801.81398 16.229 0.009
3803.80303 15.942 0.007
3804.85035 15.874 0.007
3805.89076 16.268 0.009
3807.87907 16.020 0.008
3808.91420 15.913 0.008
3811.87202 16.010 0.008
3812.90373 15.892 0.008
3817.89042 16.285 0.011
3818.91112 16.150 0.009
3820.85714 15.881 0.007
3821.86713 16.252 0.008
3822.76618 16.027 0.010
3823.87545 15.984 0.007
3824.87203 15.863 0.007
3826.87649 16.127 0.008
3828.87883 15.858 0.007
3829.86557 16.219 0.008
3832.86587 15.922 0.007
3833.83574 16.173 0.008
3834.88467 16.108 0.008
3835.82799 15.888 0.007
3836.83366 16.145 0.008
3837.82302 16.157 0.008
3838.82701 16.048 0.009
3839.83915 15.900 0.007
3840.83018 16.192 0.009
3841.80905 16.165 0.008
3845.81194 16.177 0.011
3846.82208 16.056 0.008
3848.83757 16.236 0.008
3849.85086 16.184 0.008
3850.78691 15.989 0.008
3851.79324 15.818 0.008
3852.78172 16.240 0.009
3853.77441 16.119 0.007
3856.76321 16.204 0.009
3858.82713 16.002 0.008
3860.81791 16.271 0.010
3861.82858 16.146 0.007
3862.77620 15.950 0.007
3863.71594 16.260 0.008
3864.77704 16.209 0.008
3865.74141 16.073 0.008
3866.76985 15.939 0.007
3867.70677 16.270 0.009
3868.77279 16.192 0.009
3869.75921 16.076 0.009
3873.76001 16.072 0.008
3874.80461 15.965 0.008
3875.71968 16.272 0.008
3875.74276 16.245 0.008
3875.81551 15.846 0.006
3875.89197 15.905 0.007
3875.93441 15.964 0.007
3876.60195 16.054 0.008
3876.62882 16.079 0.007
3876.70495 16.146 0.007
3877.62694 15.918 0.007
3877.65639 15.952 0.007
3877.74930 16.076 0.007
3877.93182 16.180 0.010
3880.74654 16.162 0.008
3881.75469 16.047 0.007
3881.77769 16.073 0.007
3881.81974 16.117 0.007
3882.69275 15.858 0.007
3883.73420 16.281 0.008
3886.70505 15.846 0.007
3887.56995 16.137 0.009
3887.64533 16.155 0.008
3887.68810 16.207 0.008
3888.58542 16.044 0.008
3889.84645 16.120 0.007
3891.59821 16.140 0.008
3892.84446 16.221 0.008
3893.72924 16.013 0.009
3894.77461 15.908 0.008
3896.72290 16.131 0.008
3900.62576 16.038 0.008
3901.63765 15.900 0.007
3902.65555 16.207 0.009
3903.77776 16.272 0.009
3904.63527 16.045 0.007
3905.64223 15.911 0.007
3906.62377 16.295 0.009
3907.68486 16.188 0.011
3908.62342 16.019 0.007
3909.62782 15.880 0.007
3912.62817 16.008 0.007
3913.62570 15.896 0.006
3914.63983 16.267 0.008
3915.62260 16.117 0.008
3916.70438 16.047 0.007
3917.71706 15.952 0.007
3918.50679 16.140 0.009
3918.71811 15.997 0.008
3919.65130 16.156 0.009
3920.60342 15.982 0.007
3921.61690 15.924 0.008
3930.67636 16.266 0.009
3931.59830 16.097 0.008
3931.74050 16.174 0.010
3932.62575 15.968 0.007
3933.60548 15.991 0.006
3934.57611 16.154 0.008
3935.65331 16.120 0.008
3936.60490 15.967 0.008
3936.79314 16.124 0.009
3937.72162 15.932 0.008
3938.58257 16.147 0.008
3940.72276 16.040 0.007
3944.66750 15.975 0.007
3945.61588 16.084 0.008
3946.60963 16.164 0.008
3950.61461 16.159 0.008
3951.64271 16.089 0.009
3956.64957 15.956 0.009
3957.60403 16.242 0.010
3958.66951 16.187 0.009
3959.59982 16.051 0.008
3960.58810 15.873 0.006
3963.55713 15.993 0.008
3964.62031 15.916 0.007
3965.60604 16.263 0.008
3966.60094 16.131 0.008
3967.62735 16.045 0.008
3968.58358 15.864 0.007
3969.59122 16.257 0.008
3970.60409 16.146 0.008
3971.63411 16.042 0.009
3973.66364 16.188 0.009
3974.59831 16.141 0.008
3975.58978 15.983 0.007
3976.58768 15.881 0.007
3979.61414 15.989 0.009
3982.64269 16.153 0.009
3987.58393 15.974 0.008
3988.60111 15.906 0.006
3990.58514 16.091 0.008
3994.53504 16.036 0.008
3995.66277 16.013 0.009
3996.51081 16.288 0.010
4000.59632 16.052 0.009
4001.61974 16.227 0.010
4002.59034 16.056 0.008
4003.54482 15.848 0.006
4005.64065 16.243 0.010
4006.60952 16.076 0.008
4011.52361 15.853 0.008
4015.55297 15.837 0.009
4017.53065 16.130 0.008
4019.53237 15.857 0.007
4021.53506 16.151 0.011
4024.56460 16.285 0.011
4026.56021 15.990 0.008
4029.51885 16.107 0.010
4143.86811 15.934 0.010
4149.86268 16.161 0.010
4154.90023 16.086 0.010
4157.87101 16.167 0.009
4159.88728 15.902 0.008
4162.83467 15.993 0.010
4164.87443 16.284 0.010
4166.89024 16.041 0.010
4169.80472 16.087 0.010
4174.81232 15.940 0.009
4176.80526 16.194 0.010
4177.85898 16.126 0.009
4178.90175 16.040 0.009
4180.79914 16.184 0.010
4181.88875 16.150 0.009
4183.77082 16.252 0.010
4184.81917 16.186 0.009
4187.91233 15.851 0.008
4190.83028 15.923 0.009
4192.84906 16.203 0.010
4193.85991 16.093 0.009
4194.88158 15.977 0.008
4196.87010 16.238 0.010
4202.85134 15.924 0.008
4203.83948 16.126 0.009
4204.83499 16.173 0.009
4205.83004 16.043 0.008
4207.83862 16.186 0.009
4208.85565 16.192 0.009
4213.83091 16.038 0.008
4215.83714 16.249 0.010
4216.79489 16.136 0.010
4217.80269 16.004 0.008
4218.85761 15.920 0.008
4219.89340 15.978 0.010
4220.83032 16.154 0.011
4221.67036 15.853 0.009
4222.79349 15.839 0.008
4224.91280 16.205 0.011
4227.89403 16.026 0.008
4228.78776 16.106 0.011
4229.77248 15.957 0.010
4230.75626 16.002 0.008
4231.75858 16.178 0.009
4232.77009 16.086 0.009
4234.67354 16.248 0.011
4235.73187 16.139 0.009
4238.78184 15.978 0.008
4239.76192 16.137 0.007
4240.90757 16.166 0.010
4243.80085 16.187 0.010
4244.77572 16.069 0.009
4245.76653 15.931 0.008
4246.82425 15.881 0.008
4250.84961 15.881 0.010
4256.68653 15.976 0.010
4258.69532 16.212 0.011
4267.66059 16.060 0.007
4268.83126 16.090 0.009
4269.63906 16.216 0.009
4272.68958 15.945 0.008
4273.73877 15.900 0.009
4274.53539 16.078 0.011
4275.69019 16.065 0.010
4277.64758 16.219 0.010
4278.66357 16.154 0.011
4283.60887 15.990 0.009
4284.59289 15.964 0.009
4285.59956 16.218 0.011
4286.59574 16.080 0.008
4289.63064 16.228 0.011
4290.66209 16.135 0.010
4291.71686 16.071 0.009
4292.57827 16.068 0.009
4293.60557 16.185 0.009
4294.57741 16.056 0.009
4295.60262 15.953 0.008
4296.58621 16.100 0.010
4298.62430 16.103 0.009
4299.59461 15.926 0.008
4300.49308 16.196 0.011
4301.67334 16.235 0.009
4302.65563 16.101 0.009
4304.63043 15.983 0.009
4306.62137 16.082 0.011
4310.72214 16.161 0.012
4312.61635 16.093 0.009
4315.62648 15.943 0.010
4316.64754 15.998 0.009
4317.54600 16.105 0.009
4319.60906 15.912 0.009
4320.70200 15.891 0.010
4326.62489 16.057 0.009
4327.65067 15.933 0.010
4328.59288 16.282 0.010
4329.58496 16.136 0.010
4330.62783 16.044 0.009
4331.59245 15.850 0.008
4332.67076 16.017 0.009
4333.59324 16.128 0.010
4334.56061 15.969 0.011
4339.59283 15.842 0.008
4340.68983 16.006 0.010
4341.59473 16.115 0.011
4342.63102 16.017 0.009
4343.61029 15.840 0.008
4344.65979 16.239 0.011
4345.61017 16.108 0.011
4346.61218 15.990 0.009
4347.62603 15.843 0.008
4349.59792 16.098 0.009
4350.65970 16.028 0.009
4351.60005 15.880 0.009
4353.61986 16.134 0.011
4354.63938 16.008 0.010
4355.65240 15.848 0.010
4358.62651 15.985 0.009
4362.57444 15.898 0.012
4368.59528 16.169 0.011
4371.61418 16.022 0.011
4373.60785 16.103 0.011
4381.58700 16.041 0.011
4506.87378 15.947 0.009
4512.88910 16.182 0.009
4515.85062 16.257 0.012
4521.86196 16.050 0.010
4524.87130 16.167 0.010
4530.86064 15.863 0.007
4533.89827 16.054 0.008
4536.78654 16.099 0.010
4537.84744 15.995 0.008
4539.79077 16.190 0.010
4541.76051 15.872 0.008
4542.87853 15.846 0.007
4543.90462 16.242 0.009
4544.90222 16.164 0.008
4545.82681 15.966 0.008
4546.88533 15.834 0.007
4547.89610 16.279 0.010
4550.89588 15.850 0.008
4551.88899 16.280 0.010
4552.88223 16.142 0.009
4556.85017 16.116 0.008
4557.87643 15.990 0.008
4558.87293 15.843 0.007
4559.84061 16.216 0.008
4560.84091 16.096 0.008
4561.82981 15.927 0.007
4564.83413 16.080 0.008
4565.82307 15.913 0.007
4566.82511 16.161 0.008
4567.82544 16.172 0.008
4568.84777 16.086 0.008
4569.84169 15.933 0.007
4570.83239 16.127 0.009
4571.81613 16.174 0.009
4572.85395 16.082 0.009
4573.82961 15.918 0.007
4574.83177 16.205 0.010
4575.84054 16.172 0.009
4583.70068 16.057 0.010
4585.92676 16.004 0.010
4586.85267 16.184 0.009
4587.83330 16.143 0.009
4588.81633 16.032 0.008
4589.66194 16.267 0.010
4590.76654 16.206 0.009
4591.65433 16.007 0.009
4592.75970 15.971 0.008
4593.74501 16.016 0.008
4594.77354 16.205 0.008
4595.76128 16.100 0.009
4596.75046 15.953 0.007
4597.78170 15.908 0.007
4598.75104 16.178 0.008
4599.72687 16.063 0.008
4600.73609 15.940 0.007
4601.74061 16.098 0.008
4602.73483 16.170 0.008
4606.74855 16.169 0.009
4610.85174 16.246 0.010
4611.72228 16.044 0.009
4611.90887 16.152 0.010
4615.89899 16.150 0.011
4616.70780 15.887 0.008
4617.83089 15.900 0.009
4622.68650 16.092 0.008
4623.76649 16.055 0.009
4624.70176 15.900 0.009
4625.68687 16.210 0.010
4626.73735 16.130 0.010
4627.66602 15.951 0.008
4628.66033 16.053 0.008
4629.72543 16.250 0.009
4630.66231 16.073 0.008
4631.68379 15.958 0.007
4632.68380 15.970 0.008
4633.74082 16.238 0.011
4639.78625 16.037 0.009
4640.68619 16.059 0.008
4641.84274 15.995 0.010
4642.68464 16.064 0.009
4643.65062 15.912 0.007
4644.71776 15.957 0.008
4645.64922 16.146 0.009
4646.62095 16.004 0.007
4647.63135 15.881 0.007
4649.62549 16.108 0.009
4650.65385 16.023 0.009
4651.66874 15.921 0.008
4652.59790 16.201 0.010
4653.59178 16.092 0.009
4654.63092 16.001 0.008
4655.59518 15.961 0.009
4656.59824 16.198 0.009
4658.75563 16.102 0.010
4660.70517 16.198 0.010
4661.58774 16.063 0.009
4665.74951 16.162 0.013
4666.65490 15.999 0.009
4670.72104 16.046 0.010
4671.64447 15.895 0.008
4672.60397 16.167 0.009
4674.61083 15.936 0.008
4677.58303 16.047 0.009
4681.59864 16.039 0.009
4682.61585 15.913 0.008
4683.61280 16.187 0.011
4684.63087 16.181 0.010
4685.59853 16.041 0.009
4686.72733 16.019 0.009
4687.64580 16.028 0.009
4688.59199 16.160 0.010
4694.66727 15.945 0.011
4697.59321 16.016 0.010
4698.61942 15.866 0.008
4700.61449 16.154 0.009
4701.59738 16.002 0.010
4702.61234 15.838 0.008
4703.67958 16.033 0.011
4708.61312 16.142 0.011
4710.64829 15.863 0.008
4720.63058 16.132 0.010
4721.59944 15.959 0.010
4724.61387 16.069 0.010
4726.59069 15.994 0.010
4731.64020 16.221 0.011
4738.51618 16.250 0.011
4748.58505 16.059 0.011
4755.53884 16.142 0.011
4761.53533 15.871 0.009
4875.86808 16.181 0.009
4878.89831 15.904 0.009
4885.88006 15.908 0.007
4888.83175 16.004 0.008
4892.82746 15.999 0.008
4897.90618 15.927 0.009
4901.84933 15.837 0.007
4903.84870 16.135 0.009
4904.90694 16.056 0.009
4906.89839 16.214 0.009
4910.90494 16.232 0.011
4912.89147 16.014 0.007
4914.87281 16.265 0.008
4925.80536 16.136 0.008
4927.85927 16.116 0.009
4929.82796 16.018 0.008
4930.86129 16.218 0.010
4931.80509 16.059 0.009
4932.76034 15.863 0.008
4933.80865 16.229 0.009
4938.78368 16.147 0.009
4939.80904 16.075 0.009
4941.76310 16.271 0.010
4942.80392 16.157 0.008
4943.79644 16.037 0.008
4950.80909 16.142 0.008
4951.80033 16.017 0.008
4952.83607 15.916 0.007
4953.80068 16.299 0.010
4954.76252 16.128 0.008
4955.75838 15.985 0.009
