2166.88503 19.018 0.054
2167.82311 18.958 0.053
2173.80483 18.995 0.049
2189.87690 18.852 0.057
2192.78047 18.830 0.038
2201.79316 18.755 0.032
2212.82484 18.840 0.050
2217.80976 18.803 0.056
2223.82962 18.825 0.046
2226.80961 18.848 0.050
2228.84663 18.899 0.049
2230.76014 19.082 0.060
2232.77993 18.821 0.050
2234.77410 18.877 0.042
2238.73778 18.779 0.043
2240.85397 18.868 0.057
2242.85990 18.836 0.067
2248.74207 18.744 0.036
2251.70942 18.932 0.047
2253.79351 18.755 0.038
2255.66846 18.731 0.046
2261.68872 18.942 0.047
2264.76976 18.754 0.034
2269.80315 18.792 0.046
2271.74571 18.930 0.045
2273.83562 18.720 0.050
2274.61822 18.943 0.072
2276.69164 18.879 0.053
2278.62592 18.857 0.047
2280.61181 18.941 0.059
2282.63267 18.760 0.047
2289.76630 18.829 0.046
2291.77441 19.046 0.068
2293.74019 18.954 0.061
2295.76207 18.740 0.039
2297.75534 18.979 0.057
2299.78452 18.836 0.050
2301.69002 18.879 0.065
2303.68620 18.925 0.067
2321.63567 18.889 0.052
2327.51416 18.896 0.081
2332.54705 19.002 0.079
2333.51112 18.896 0.082
2347.49393 18.789 0.092
2402.48771 18.762 0.070
2524.88364 18.773 0.054
2537.88363 18.872 0.072
2542.84717 18.851 0.047
2551.89685 18.849 0.068
2556.78659 18.979 0.054
2559.83479 19.028 0.061
2563.88005 18.930 0.065
2564.80276 18.915 0.052
2573.80553 18.792 0.053
2577.86943 18.841 0.057
2583.76525 18.789 0.049
2589.80703 18.773 0.041
2596.69532 18.873 0.082
2605.69656 18.872 0.052
2609.68731 18.905 0.065
2614.61987 18.959 0.050
2618.67994 18.869 0.049
2620.80794 18.786 0.041
2623.77882 19.090 0.061
2627.64433 18.792 0.072
2629.66784 18.898 0.049
2631.68780 18.885 0.056
2634.71515 19.009 0.057
2635.58802 18.912 0.043
2637.78707 18.842 0.054
2639.61295 18.767 0.036
2641.67771 18.896 0.053
2643.68648 18.776 0.052
2645.67663 18.977 0.046
2647.63435 18.813 0.052
2650.84900 18.656 0.039
2653.61592 18.951 0.056
2655.72475 18.981 0.065
2657.58189 18.981 0.060
2659.59688 18.761 0.052
2661.81484 18.926 0.063
2665.83384 18.935 0.081
2668.58291 19.067 0.065
2670.58893 18.816 0.056
2672.57477 19.060 0.086
2674.59689 18.837 0.050
2676.58335 18.813 0.043
2678.65060 18.794 0.046
2680.58133 18.789 0.054
2682.62992 18.970 0.068
2686.62447 18.992 0.072
2695.60679 18.721 0.057
2700.55996 18.887 0.060
2706.57968 18.871 0.070
2713.54361 18.903 0.079
2840.92233 18.691 0.053
2868.86213 18.844 0.052
2885.82715 18.901 0.041
2892.85677 18.795 0.061
2897.82613 18.913 0.077
2903.87190 18.816 0.039
2906.87507 18.975 0.042
2911.75493 18.912 0.042
2916.79899 18.888 0.042
2922.78892 18.937 0.072
2925.87743 18.926 0.054
2930.79003 18.784 0.046
2933.83438 18.826 0.038
2939.84275 18.751 0.049
2942.78927 18.945 0.043
2944.83676 18.842 0.047
2946.83868 18.847 0.045
2948.85512 18.873 0.047
2952.82919 19.045 0.059
2956.66850 18.876 0.046
2958.69520 18.874 0.052
2962.70608 18.738 0.039
2965.72517 18.903 0.042
2967.82399 18.855 0.041
2970.79008 18.853 0.035
2974.72786 18.943 0.045
2976.76261 18.849 0.043
2978.72639 18.794 0.052
2980.68269 18.904 0.052
2982.64215 19.098 0.077
2984.68315 18.812 0.043
2986.77079 18.899 0.049
2988.74007 18.693 0.043
2990.61228 18.754 0.045
2992.76165 18.847 0.041
2994.60906 18.829 0.050
2995.61861 18.759 0.030
2997.62761 19.033 0.043
2999.74578 18.850 0.046
3001.71483 19.039 0.053
3003.68106 18.836 0.053
3005.68243 18.820 0.061
3007.68886 18.948 0.063
3009.69218 18.810 0.043
3011.66520 18.919 0.059
3013.66845 18.920 0.050
3019.60646 19.006 0.046
3021.72558 18.913 0.042
3022.83731 18.798 0.043
3024.78590 18.806 0.036
3026.78307 19.038 0.045
3028.79528 18.792 0.038
3031.65879 18.856 0.038
3033.72273 18.876 0.035
3035.72908 18.746 0.041
3038.70747 18.967 0.053
3041.57560 18.856 0.061
3043.61102 18.966 0.067
3045.64462 18.871 0.052
3047.59871 18.787 0.047
3049.60434 18.993 0.045
3051.57162 18.884 0.046
3053.56673 18.709 0.042
3055.56586 18.940 0.050
3057.59069 18.837 0.046
3060.61315 19.001 0.052
3064.61746 18.904 0.057
3067.67448 18.868 0.052
3070.52283 18.783 0.061
3073.58946 18.844 0.067
3075.63870 18.916 0.057
3078.55876 18.779 0.060
3082.54815 18.974 0.063
3084.62422 18.896 0.041
3087.58673 18.853 0.054
3090.54275 18.857 0.067
3093.54918 18.953 0.086
3099.48460 18.820 0.056
3102.51115 18.813 0.059
3105.55069 18.764 0.060
3108.52910 19.158 0.071
3112.49927 18.927 0.065
3116.48775 18.775 0.063
3126.49345 18.694 0.042
3144.50876 18.944 0.068
3224.86613 18.826 0.050
3241.85013 19.007 0.068
3247.91394 18.809 0.046
3256.89248 18.953 0.049
3263.86744 18.923 0.035
3268.88297 18.917 0.038
3273.85607 19.008 0.057
3276.89846 18.994 0.063
3281.83762 18.766 0.031
3289.85134 18.930 0.050
3294.84940 19.012 0.043
3296.85460 18.823 0.038
3301.70562 19.016 0.068
3303.87459 19.033 0.068
3306.84925 18.834 0.050
3308.86607 18.893 0.053
3311.67643 18.927 0.053
3320.71917 18.847 0.042
3323.67534 18.988 0.053
3327.68826 18.988 0.047
3329.83883 18.956 0.043
3334.74477 18.656 0.050
3338.79491 18.757 0.038
3350.62121 18.759 0.038
3354.62694 19.034 0.067
3358.68041 18.954 0.043
3361.78066 18.948 0.045
3363.73563 18.981 0.052
3367.68938 18.876 0.052
3372.70790 18.901 0.041
3378.62055 18.846 0.047
3382.59877 18.954 0.061
3387.60689 18.871 0.045
3391.68345 18.834 0.047
3395.67951 18.939 0.059
3399.65297 18.886 0.056
3402.67245 18.784 0.036
3404.60302 18.801 0.042
3408.55360 18.827 0.045
3412.59911 19.045 0.053
3416.58256 19.037 0.047
3424.58562 18.749 0.056
3430.55994 18.789 0.045
3436.57803 18.984 0.053
3445.49831 18.884 0.071
3453.52462 18.909 0.053
3462.49983 18.693 0.050
3582.90633 19.076 0.065
3589.91313 18.850 0.038
3617.89864 18.795 0.046
3629.83833 19.056 0.068
3634.80377 19.021 0.060
3639.85664 18.984 0.036
3641.84755 18.808 0.041
3650.84295 18.947 0.039
3653.87080 18.854 0.038
3657.82148 18.868 0.038
3661.80479 18.937 0.059
3666.80195 19.001 0.049
3671.82991 18.934 0.043
3675.81798 18.884 0.039
3683.84077 18.849 0.039
3687.73345 18.887 0.038
3689.83191 18.834 0.043
3692.75781 18.888 0.047
3694.77276 18.953 0.046
3696.71520 18.752 0.038
3699.71778 18.982 0.042
3701.76889 18.844 0.038
3703.85603 18.832 0.041
3706.80663 18.772 0.039
3711.68034 18.807 0.041
3713.69399 18.870 0.041
3716.79317 18.843 0.045
3719.77408 19.111 0.077
3725.76575 18.840 0.052
3727.74054 18.746 0.042
3730.63580 18.940 0.034
3732.66034 18.836 0.038
3734.75832 18.918 0.036
3736.77467 18.766 0.041
3737.66329 18.863 0.036
3739.76232 18.876 0.038
3742.58522 18.983 0.067
3745.69671 18.952 0.041
3749.60914 18.778 0.064
3751.71328 18.967 0.049
3753.58482 18.852 0.057
3755.62239 18.890 0.056
3757.65526 18.943 0.052
3759.71947 18.714 0.036
3762.70776 18.805 0.041
3770.56782 18.769 0.041
3773.57518 18.887 0.046
3776.57425 18.773 0.041
3779.56423 19.167 0.077
3782.61394 18.887 0.047
3787.53880 18.706 0.039
3791.58602 18.792 0.041
3799.51055 19.000 0.071
3806.51551 18.941 0.078
3820.51837 18.871 0.053
3945.91296 18.897 0.041
3963.88950 18.775 0.064
3969.83681 18.865 0.050
3975.88982 18.935 0.054
3981.81910 18.936 0.057
3995.86955 18.949 0.049
4001.82274 18.940 0.041
4005.80058 18.862 0.036
4007.80466 18.943 0.045
4011.79796 18.955 0.061
4018.79629 19.019 0.052
4023.82841 18.993 0.050
4026.73482 18.779 0.036
4028.87100 18.845 0.034
4031.75870 18.787 0.042
4037.86787 18.889 0.043
4040.83480 18.712 0.041
4042.85048 18.834 0.057
4048.81509 19.157 0.079
4052.65724 18.869 0.036
4053.85486 19.038 0.045
4056.69886 19.048 0.075
4058.63982 18.832 0.046
4063.63146 19.006 0.050
4066.63166 18.966 0.053
4069.69730 18.892 0.039
4071.62589 18.877 0.053
4076.69817 19.092 0.074
4079.71088 18.851 0.053
4083.62779 18.823 0.049
4085.64369 18.803 0.052
4092.81038 18.748 0.038
4098.59781 18.842 0.049
4106.81774 19.022 0.067
4112.68186 18.915 0.036
4117.67071 18.946 0.047
4121.64671 18.836 0.050
4124.72955 18.842 0.041
4129.74209 18.933 0.049
4142.60103 18.792 0.047
4150.58383 19.011 0.041
4154.59579 18.889 0.068
4166.53159 18.928 0.081
4184.52372 18.881 0.061
4196.48103 18.892 0.071
4341.85264 18.948 0.072
4347.80033 18.961 0.063
4351.84976 18.905 0.053
4357.86106 18.897 0.075
4363.78962 18.937 0.071
4366.84017 18.847 0.065
4369.87814 18.906 0.063
4371.90059 18.779 0.070
4372.78363 18.776 0.043
4376.87405 18.769 0.050
4379.88046 18.868 0.056
4383.88465 18.981 0.063
4386.74162 19.000 0.050
4388.87956 18.901 0.067
4393.75256 18.794 0.050
4398.82884 18.852 0.047
4403.83528 18.929 0.064
4411.76424 19.007 0.046
4411.82592 18.852 0.045
4418.71509 18.824 0.035
4422.81168 18.860 0.038
4425.85439 19.005 0.057
4429.74291 18.724 0.078
4432.67983 18.956 0.047
4436.71924 18.884 0.052
4439.78498 18.836 0.060
4443.65467 18.884 0.061
4448.80864 18.807 0.039
4451.64888 18.807 0.046
4455.64768 19.042 0.065
4457.70316 18.826 0.049
4460.70857 18.737 0.063
4460.71700 18.817 0.060
4464.69591 19.048 0.047
4467.68846 18.772 0.034
4471.69015 18.790 0.036
4476.65716 18.834 0.038
4480.65695 18.902 0.056
4484.73594 18.963 0.068
4488.65845 18.746 0.061
4493.66058 18.839 0.053
4498.63957 18.797 0.039
4501.63262 18.908 0.049
4506.57070 18.876 0.057
4508.58070 18.946 0.050
4510.65922 18.828 0.049
4516.60895 18.922 0.081
4519.66928 18.805 0.053
4521.52410 18.884 0.057
4524.50930 18.753 0.085
4530.58872 18.728 0.057
4532.61697 18.909 0.050
4537.57860 18.954 0.059
4540.62593 18.834 0.067
