2177.76006 18.711 0.049
2194.87456 18.757 0.043
2211.79053 18.764 0.064
2221.82264 18.516 0.054
2225.82854 18.776 0.039
2227.85193 18.797 0.044
2229.85756 18.497 0.039
2231.84877 18.700 0.047
2233.81642 18.716 0.039
2237.73986 18.458 0.034
2240.70672 18.481 0.038
2242.71785 18.565 0.047
2244.76848 18.691 0.069
2250.70336 18.621 0.041
2252.80041 18.887 0.049
2255.65350 18.716 0.056
2257.81952 18.448 0.027
2258.72731 18.692 0.037
2262.69647 18.524 0.044
2265.73451 18.448 0.034
2266.83616 18.909 0.049
2270.83706 18.689 0.039
2272.84305 18.855 0.059
2275.84203 18.728 0.050
2278.85668 18.738 0.051
2280.83333 18.851 0.061
2282.84123 18.505 0.036
2284.66030 18.507 0.037
2288.62564 18.737 0.042
2290.63345 18.677 0.046
2292.64505 18.546 0.044
2294.64767 18.712 0.049
2296.62199 18.870 0.074
2297.83487 18.794 0.039
2299.62198 18.699 0.044
2301.61935 18.459 0.051
2302.84800 18.444 0.051
2303.61993 18.568 0.037
2315.74433 18.528 0.043
2324.61393 18.769 0.039
2330.54015 18.732 0.062
2342.54049 18.540 0.048
2346.52687 18.730 0.059
2365.49816 18.954 0.086
2392.52932 18.634 0.073
2541.88853 18.648 0.037
2550.86219 18.503 0.052
2554.82215 18.764 0.060
2558.84199 18.592 0.044
2562.85768 18.843 0.052
2565.87237 18.863 0.067
2571.79010 18.727 0.063
2576.86386 18.866 0.049
2580.75755 18.506 0.045
2588.79301 18.614 0.044
2593.78213 18.802 0.056
2598.85889 18.631 0.052
2607.79595 18.721 0.043
2613.64331 18.540 0.055
2618.82269 18.730 0.051
2621.77729 18.751 0.043
2624.76410 18.653 0.044
2628.77296 18.387 0.050
2630.81266 18.630 0.058
2634.84234 18.519 0.048
2639.84933 18.504 0.032
2642.84926 18.542 0.045
2643.84512 18.841 0.043
2646.82802 18.796 0.047
2649.75472 18.698 0.038
2651.85203 18.735 0.045
2653.84947 18.511 0.036
2656.84001 18.498 0.045
2659.84259 18.445 0.057
2663.59790 18.536 0.050
2666.84020 18.711 0.052
2674.76301 18.689 0.043
2677.82797 18.793 0.063
2680.81146 18.783 0.045
2685.55575 18.550 0.046
2689.62178 18.741 0.067
2694.60554 18.500 0.037
2698.57017 18.793 0.048
2704.55185 18.651 0.047
2711.50807 18.883 0.062
2730.48521 18.426 0.055
2868.90947 18.522 0.044
2884.91521 18.675 0.051
2893.89457 18.620 0.050
2900.87825 18.788 0.046
2915.72768 18.488 0.038
2921.75745 18.473 0.043
2924.83674 18.395 0.035
2927.86608 18.415 0.036
2932.81396 18.502 0.038
2935.85467 18.566 0.041
2941.78983 18.860 0.048
2944.82099 18.947 0.059
2948.78419 18.647 0.043
2951.85296 18.669 0.041
2955.72861 18.838 0.075
2957.86492 18.523 0.066
2958.77841 18.828 0.058
2962.85779 18.651 0.044
2965.85162 18.552 0.035
2967.75019 18.729 0.042
2971.68936 18.563 0.042
2975.74154 18.705 0.042
2977.85527 18.453 0.036
2978.61089 18.610 0.048
2980.82423 18.547 0.049
2982.84266 18.561 0.043
2984.80363 18.694 0.041
2987.68548 18.553 0.036
2989.85054 18.738 0.046
2990.84515 18.671 0.038
2992.85205 18.790 0.048
2994.67273 18.758 0.044
2996.85369 18.610 0.042
2999.83840 18.543 0.038
3001.85203 18.746 0.047
3002.84317 18.454 0.033
3003.83222 18.849 0.052
3005.80362 18.531 0.031
3006.84727 18.769 0.041
3008.84352 18.628 0.044
3009.85881 18.781 0.041
3010.85085 18.600 0.041
3016.86366 18.421 0.034
3019.82716 18.531 0.034
3021.71060 18.417 0.030
3024.63897 18.893 0.041
3026.60395 18.443 0.031
3028.61351 18.645 0.036
3032.72118 18.490 0.030
3034.80320 18.772 0.038
3036.82944 18.823 0.044
3040.73634 18.582 0.058
3041.80006 18.407 0.047
3043.75142 18.654 0.071
3044.76235 18.797 0.066
3045.78028 18.667 0.056
3046.77334 18.533 0.054
3047.75941 18.879 0.049
3049.71789 18.433 0.033
3051.71588 18.591 0.041
3053.69603 18.753 0.037
3055.70867 18.874 0.052
3056.73462 18.718 0.036
3058.70263 18.794 0.036
3060.72340 18.492 0.032
3067.61996 18.699 0.063
3069.68931 18.903 0.048
3071.64795 18.434 0.054
3074.67047 18.442 0.043
3077.57126 18.772 0.051
3081.56250 18.539 0.033
3083.68302 18.844 0.039
3086.63787 18.739 0.046
3089.61716 18.745 0.052
3092.62966 18.803 0.060
3097.62932 18.791 0.055
3101.58994 18.519 0.064
3104.62145 18.556 0.041
3108.61850 18.763 0.046
3111.59129 18.838 0.069
3116.57288 18.929 0.075
3123.55856 18.666 0.070
3129.50567 18.410 0.048
3134.52493 18.574 0.047
3146.51537 18.552 0.052
3216.91813 18.695 0.061
3245.88347 18.434 0.038
3251.87792 18.781 0.039
3253.89686 18.512 0.041
3261.87055 18.481 0.036
3272.84449 18.556 0.042
3283.78928 18.608 0.035
3288.84745 18.828 0.046
3300.79419 18.545 0.038
3302.87211 18.794 0.064
3306.69912 18.639 0.058
3308.71969 18.588 0.045
3310.75257 18.743 0.046
3315.74093 18.809 0.042
3321.83387 18.802 0.049
3324.71992 18.795 0.050
3329.70215 18.742 0.034
3335.77586 18.824 0.076
3340.79309 18.824 0.044
3351.66560 18.737 0.035
3355.85377 18.797 0.045
3359.83925 18.544 0.029
3363.84982 18.855 0.047
3373.85727 18.442 0.032
3379.66066 18.769 0.048
3385.80668 18.863 0.046
3390.79959 18.563 0.032
3394.84670 18.719 0.045
3398.82573 18.497 0.036
3402.81467 18.700 0.045
3404.69223 18.797 0.041
3410.67544 18.722 0.035
3414.63074 18.399 0.033
3420.56672 18.949 0.059
3428.53489 18.778 0.038
3433.59267 18.613 0.048
3440.55473 18.836 0.048
3460.50978 18.692 0.037
3628.85513 18.875 0.051
3631.85565 18.884 0.081
3638.89592 18.526 0.033
3644.86368 18.420 0.029
3651.89186 18.709 0.062
3658.87311 18.432 0.037
3663.86768 18.567 0.043
3665.86095 18.781 0.060
3668.86369 18.737 0.055
3672.85409 18.570 0.037
3676.73932 18.584 0.038
3685.80910 18.571 0.029
3688.81086 18.519 0.033
3692.84425 18.868 0.045
3694.75729 18.592 0.035
3698.84572 18.625 0.039
3702.75775 18.462 0.027
3704.84407 18.664 0.031
3707.75055 18.600 0.047
3708.85058 18.540 0.039
3711.84893 18.471 0.028
3714.85615 18.697 0.045
3717.86132 18.994 0.083
3724.83381 18.667 0.033
3726.85589 18.839 0.045
3730.85609 18.570 0.035
3732.85691 18.663 0.035
3733.83419 18.444 0.028
3736.83218 18.418 0.029
3738.84527 18.602 0.044
3741.86515 18.452 0.039
3742.84380 18.884 0.060
3745.86139 18.973 0.073
3747.86478 18.505 0.043
3749.86614 18.779 0.084
3752.82556 18.690 0.054
3754.83163 18.751 0.051
3757.84030 18.689 0.037
3759.82646 18.799 0.047
3764.77758 18.825 0.037
3768.67306 18.588 0.035
3772.77122 18.501 0.038
3774.75670 18.612 0.036
3777.74607 18.492 0.035
3780.56975 18.858 0.055
3784.64871 18.690 0.039
3789.61575 18.729 0.034
3796.55439 18.470 0.037
3803.54818 18.740 0.039
3815.52776 18.515 0.046
3967.91125 18.581 0.031
3975.87451 18.774 0.052
3986.91322 18.900 0.079
3994.75085 18.714 0.045
4003.86662 18.677 0.033
4007.88965 18.632 0.034
4008.88019 18.704 0.034
4021.77706 18.922 0.059
4025.81390 18.663 0.035
4028.72368 18.530 0.035
4030.79526 18.755 0.043
4036.85439 18.789 0.042
4040.69031 18.889 0.057
4042.70637 18.612 0.050
4045.80599 18.625 0.060
4048.66604 18.964 0.074
4050.74248 18.548 0.034
4053.71099 18.460 0.033
4058.81665 18.790 0.043
4064.82903 18.669 0.031
4066.85801 18.866 0.050
4069.83107 18.764 0.039
4073.83682 18.558 0.042
4076.84998 18.501 0.035
4079.82118 18.375 0.043
4083.85724 18.801 0.052
4086.85597 18.734 0.063
4099.79973 18.891 0.038
4100.65962 18.530 0.041
4106.78650 18.590 0.043
4109.86186 18.654 0.037
4122.81814 18.806 0.037
4124.81158 18.797 0.033
4128.74121 18.509 0.046
4132.76851 18.560 0.046
4141.78363 18.804 0.039
4160.55678 18.730 0.052
4174.52719 18.689 0.049
4344.90488 18.559 0.042
4346.90815 18.711 0.049
4349.90408 18.641 0.045
4353.90662 18.551 0.043
4355.89343 18.530 0.045
4362.89896 18.779 0.064
4365.90511 18.720 0.069
4370.86758 18.852 0.058
4378.87764 18.502 0.037
4382.83479 18.678 0.061
4387.83613 18.763 0.044
4391.84174 18.589 0.038
4396.87435 18.832 0.057
4402.79192 18.508 0.049
4409.74806 18.837 0.050
4415.74579 18.678 0.051
4424.79280 18.597 0.043
4428.77903 18.833 0.067
4431.67524 18.740 0.068
4434.73317 18.758 0.038
4438.80845 18.646 0.047
4441.65683 18.429 0.035
4444.83703 18.654 0.057
4449.85778 18.732 0.064
4454.85105 18.761 0.045
4456.84344 18.596 0.035
4459.84181 18.881 0.056
4462.84773 18.799 0.055
4470.83546 18.638 0.039
4477.82275 18.664 0.054
4478.82203 18.418 0.030
4480.86220 18.660 0.042
4483.87353 18.620 0.054
4492.82944 18.383 0.041
4494.76017 18.592 0.042
4498.76812 18.827 0.046
4501.76521 18.722 0.054
4506.73000 18.933 0.074
4508.77671 18.638 0.056
4509.76519 18.890 0.050
4511.78419 18.455 0.035
4522.65883 18.498 0.049
4525.66117 18.657 0.037
4531.69517 18.918 0.043
4535.69078 18.676 0.050
4539.69072 18.529 0.036
