2167.86076 18.546 0.033
2173.89500 18.647 0.028
2190.82002 18.830 0.037
2192.86357 18.323 0.025
2193.78514 18.794 0.029
2201.85120 18.370 0.023
2214.83233 18.698 0.046
2221.77432 18.440 0.036
2224.78677 18.951 0.044
2227.69763 18.724 0.038
2229.70310 18.786 0.050
2231.67151 18.871 0.046
2233.63980 18.858 0.039
2236.65216 18.831 0.050
2239.62019 18.376 0.037
2241.70713 18.650 0.040
2243.76083 18.790 0.045
2248.84538 18.791 0.035
2250.77542 18.813 0.038
2252.69241 18.791 0.032
2254.68368 18.811 0.037
2257.69189 18.635 0.026
2260.69737 18.609 0.026
2264.70293 18.574 0.028
2266.68873 18.669 0.035
2270.72475 18.993 0.044
2271.83663 18.680 0.023
2272.72311 18.945 0.051
2274.72944 19.042 0.050
2276.79500 18.540 0.038
2278.65924 18.300 0.028
2280.73761 18.619 0.031
2282.73351 18.738 0.032
2284.80775 18.796 0.031
2289.79698 18.690 0.033
2292.81340 18.520 0.038
2294.78152 18.667 0.051
2296.80221 18.642 0.055
2298.79582 18.846 0.052
2300.77345 18.817 0.053
2302.74655 19.017 0.063
2324.52953 18.847 0.051
2328.51640 18.849 0.063
2334.50972 18.570 0.036
2340.50649 18.834 0.066
2364.49583 18.408 0.038
2385.51656 18.915 0.059
2529.86082 18.759 0.038
2539.86081 18.320 0.030
2545.82861 18.688 0.042
2552.88655 18.697 0.035
2556.87522 18.872 0.038
2560.78448 18.909 0.042
2565.79304 18.760 0.045
2574.74308 18.844 0.042
2578.81146 18.957 0.051
2583.86609 18.914 0.058
2590.77985 18.738 0.040
2596.78796 18.840 0.045
2605.82777 18.319 0.024
2609.79281 18.579 0.036
2610.62496 18.892 0.053
2610.83696 19.078 0.066
2611.63717 18.430 0.037
2611.70756 18.536 0.050
2613.61839 18.531 0.039
2613.69623 18.737 0.053
2614.66639 19.051 0.058
2614.74977 18.466 0.036
2614.84136 18.473 0.029
2615.65045 18.862 0.051
2615.77257 18.836 0.033
2615.83026 18.877 0.038
2617.63913 18.764 0.059
2617.73353 18.885 0.052
2617.84200 19.015 0.058
2618.65585 18.441 0.033
2618.74943 18.569 0.031
2619.61242 18.777 0.036
2619.71914 18.885 0.033
2619.84355 18.728 0.037
2620.64231 18.506 0.029
2620.72754 18.625 0.029
2620.84423 18.756 0.036
2621.67628 18.966 0.036
2621.75202 18.864 0.037
2621.84523 18.358 0.023
2622.64233 18.661 0.040
2622.72370 18.770 0.042
2622.84458 18.802 0.037
2623.64105 19.106 0.059
2623.72913 18.365 0.028
2623.84042 18.512 0.028
2624.67161 18.726 0.036
2624.74272 18.873 0.039
2624.83750 18.882 0.039
2625.65660 18.299 0.026
2625.70850 18.409 0.028
2625.81865 18.588 0.030
2626.62545 18.819 0.042
2627.73322 18.625 0.050
2627.75514 18.640 0.046
2627.80708 18.697 0.052
2628.64998 18.883 0.049
2628.72704 18.986 0.055
2628.79419 19.014 0.057
2629.64572 18.601 0.040
2629.75407 18.719 0.040
2629.77608 18.730 0.050
2629.83380 18.805 0.046
2630.63358 18.984 0.056
2630.71313 18.934 0.045
2630.79345 18.381 0.036
2631.64508 18.763 0.046
2631.72784 18.852 0.053
2632.60104 18.987 0.039
2632.67589 18.455 0.025
2632.72778 18.381 0.023
2632.80833 18.560 0.029
2634.59982 18.402 0.025
2634.68986 18.483 0.028
2634.82375 18.669 0.036
2635.65007 18.918 0.039
2635.72737 18.928 0.036
2635.77649 18.985 0.038
2635.83032 18.988 0.051
2636.67787 18.611 0.029
2636.75828 18.687 0.036
2636.83800 18.738 0.043
2637.63994 18.843 0.032
2637.71855 19.059 0.039
2637.82165 18.338 0.022
2638.62121 18.553 0.030
2638.69433 18.729 0.037
2638.72214 18.773 0.042
2638.82160 18.811 0.052
2639.59431 18.926 0.035
2639.67464 18.990 0.031
2639.83067 18.502 0.023
2640.60325 18.813 0.040
2640.74526 18.894 0.043
2640.79099 18.855 0.070
2641.60339 18.893 0.044
2641.73974 18.515 0.030
2641.85058 18.684 0.037
2642.60150 18.845 0.039
2642.70331 18.807 0.040
2643.60841 18.374 0.024
2643.75202 18.641 0.033
2644.59107 18.863 0.040
2644.70154 18.910 0.043
2645.60582 18.510 0.152
2645.74303 18.747 0.047
2645.84939 18.874 0.053
2646.61179 18.917 0.040
2646.70793 18.959 0.043
2646.73593 18.705 0.032
2647.61095 18.640 0.035
2647.72075 18.783 0.036
2649.70048 18.846 0.030
2650.62830 18.337 0.024
2650.68980 18.470 0.035
2650.79961 18.593 0.031
2651.62428 18.848 0.052
2651.71496 18.956 0.042
2652.59059 18.405 0.029
2652.66953 18.537 0.033
2652.76708 18.803 0.045
2652.85358 18.808 0.038
2653.59835 18.916 0.044
2653.77134 18.852 0.043
2654.61631 18.540 0.035
2654.69412 18.727 0.046
2654.78259 18.752 0.043
2654.83473 18.879 0.039
2655.60273 18.948 0.047
2655.80171 18.506 0.032
2656.61415 18.707 0.039
2656.68807 18.851 0.046
2656.76317 18.841 0.057
2656.86043 18.795 0.050
2657.61656 18.641 0.033
2657.85309 18.764 0.062
2658.57811 18.819 0.056
2658.65048 18.859 0.044
2658.67760 18.856 0.047
2658.75860 19.030 0.080
2659.63531 18.380 0.029
2659.86290 18.732 0.065
2660.59080 18.787 0.043
2660.66967 18.816 0.044
2660.73653 18.992 0.045
2661.59588 18.471 0.021
2661.64965 18.579 0.025
2661.84883 18.902 0.052
2662.63457 18.768 0.036
2662.67992 19.003 0.044
2662.77019 18.359 0.033
2664.65923 18.740 0.043
2664.69687 18.384 0.036
2664.83478 18.483 0.052
2665.67972 18.826 0.033
2665.81674 18.899 0.053
2666.63846 18.348 0.023
2666.72478 18.487 0.025
2666.75680 18.568 0.025
2667.67394 18.927 0.042
2667.82884 19.039 0.070
2668.71564 18.620 0.042
2668.74832 18.666 0.038
2669.58786 18.911 0.047
2671.68390 18.894 0.044
2672.66104 18.663 0.053
2672.76053 18.843 0.040
2672.80938 18.898 0.045
2674.66594 18.931 0.043
2674.71522 18.905 0.053
2674.78798 18.877 0.042
2675.64063 18.434 0.031
2675.75147 18.617 0.031
2676.65069 18.817 0.040
2676.70025 18.803 0.043
2676.73147 19.069 0.064
2677.64772 18.574 0.036
2677.71012 18.742 0.038
2678.62445 18.907 0.042
2678.75614 18.545 0.030
2678.77677 18.351 0.025
2679.64496 18.733 0.042
2679.78087 18.762 0.043
2680.66348 18.746 0.031
2680.76692 18.493 0.026
2681.60438 18.690 0.040
2681.71587 18.822 0.045
2682.58179 18.741 0.042
2683.61690 18.863 0.055
2687.59670 18.792 0.051
2692.59540 18.899 0.042
2696.58662 18.951 0.051
2701.57830 18.709 0.046
2708.50797 18.821 0.063
2870.92186 18.417 0.036
2890.85636 18.572 0.049
2895.89226 18.461 0.026
2900.85412 18.984 0.042
2907.80474 18.836 0.032
2911.84194 18.352 0.021
2916.89280 18.905 0.038
2922.87808 18.528 0.038
2926.81102 18.785 0.037
2930.88550 18.856 0.057
2934.78003 18.970 0.038
2940.76059 18.514 0.029
2943.76480 19.031 0.046
2947.77345 18.522 0.026
2949.86346 18.768 0.033
2950.68724 18.930 0.049
2954.71059 18.397 0.036
2956.75589 18.527 0.029
2958.79759 18.694 0.037
2962.79474 18.747 0.033
2965.81778 18.703 0.033
2968.68548 18.900 0.049
2973.75895 18.862 0.035
2976.62542 18.538 0.036
2978.82647 18.901 0.039
2980.74146 18.886 0.040
2982.73474 18.872 0.038
2984.78110 18.526 0.029
2987.66248 18.788 0.037
2989.61756 18.802 0.036
2991.68456 18.902 0.036
2993.70491 18.927 0.044
2995.77975 18.489 0.030
2997.75035 18.587 0.031
2999.64999 18.549 0.030
3000.69893 18.952 0.037
3002.68669 18.795 0.035
3004.68805 18.366 0.022
3006.63157 18.449 0.026
3008.78646 18.777 0.040
3010.70603 18.765 0.043
3011.76099 18.452 0.035
3015.77857 18.698 0.051
3017.76627 18.765 0.037
3019.70050 18.789 0.030
3021.81298 19.010 0.046
3023.67503 18.907 0.030
3025.64643 18.963 0.030
3027.69202 18.394 0.023
3029.67695 18.415 0.028
3031.74699 18.685 0.033
3033.81055 18.832 0.033
3036.60904 18.940 0.037
3039.55095 18.875 0.044
3041.63589 18.995 0.075
3041.65897 18.939 0.058
3043.66968 18.577 0.045
3045.73255 18.483 0.035
3047.68617 18.526 0.032
3048.61740 18.841 0.030
3050.63439 18.875 0.031
3052.63584 18.632 0.031
3054.64026 18.383 0.028
3056.62842 18.520 0.026
3058.62235 18.627 0.035
3060.67198 18.761 0.035
3066.51823 18.786 0.059
3068.55782 19.142 0.064
3070.63006 18.367 0.037
3073.64991 18.926 0.052
3076.57374 18.718 0.044
3078.66051 18.838 0.040
3082.63752 18.920 0.032
3085.53997 18.727 0.038
3088.50294 18.501 0.033
3090.64465 18.699 0.040
3093.52723 18.975 0.064
3098.63656 18.895 0.050
3102.60725 18.382 0.033
3105.61299 18.938 0.051
3108.59094 18.665 0.035
3111.53931 18.663 0.046
3129.48161 18.482 0.045
3134.50247 19.050 0.059
3216.89632 18.773 0.060
3242.83109 18.351 0.028
3248.88390 18.772 0.047
3257.91598 18.866 0.049
3264.83155 18.691 0.029
3270.89828 19.062 0.044
3274.78366 18.858 0.050
3282.81477 18.756 0.033
3287.78817 18.572 0.022
3291.72456 18.806 0.031
3295.74581 18.863 0.030
3297.73792 18.970 0.031
3299.80204 18.416 0.017
3301.79939 18.427 0.032
3304.85965 18.970 0.046
3309.76543 18.877 0.037
3311.76340 18.898 0.042
3320.81102 18.958 0.040
3327.77896 18.811 0.035
3330.73732 18.633 0.040
3334.83681 18.881 0.047
3339.78463 18.721 0.035
3353.83091 18.732 0.035
3357.62122 18.743 0.033
3360.66006 18.381 0.025
3363.76831 18.807 0.039
3369.84562 18.743 0.038
3375.78193 18.869 0.036
3378.70749 18.636 0.026
3394.59057 18.367 0.030
3396.64142 18.644 0.032
3399.74403 18.436 0.035
3403.73140 18.746 0.036
3408.61582 18.492 0.029
3412.64995 18.657 0.045
3417.58795 18.297 0.025
3425.59609 18.596 0.045
3437.55960 18.488 0.024
3446.52866 18.427 0.029
3456.49014 19.004 0.063
3579.92359 18.748 0.046
3596.92992 18.492 0.030
3603.91687 18.319 0.022
3619.85724 18.830 0.039
3633.83852 18.938 0.049
3639.80390 18.417 0.021
3644.84106 18.645 0.025
3651.78352 18.915 0.037
3654.83125 18.895 0.036
3658.79489 18.898 0.042
3665.81369 18.967 0.046
3670.78341 18.653 0.035
3673.79350 18.513 0.026
3676.78545 19.137 0.055
3684.84763 18.749 0.031
3687.81999 18.410 0.023
3690.73990 18.893 0.045
3693.77391 18.813 0.037
3695.80662 18.778 0.030
3698.79832 18.542 0.031
3703.74751 18.484 0.023
3705.81468 18.503 0.024
3708.80300 18.894 0.043
3712.76053 18.339 0.019
3714.83130 18.593 0.025
3717.72371 18.869 0.042
3720.80957 18.819 0.040
3724.72942 18.890 0.031
3727.80124 18.863 0.036
3731.77030 18.884 0.032
3732.74699 18.598 0.022
3735.60979 18.889 0.028
3737.77968 18.447 0.021
3740.74160 18.871 0.030
3742.74891 19.229 0.069
3745.78485 18.824 0.033
3748.75464 18.604 0.039
3750.76422 18.705 0.037
3752.77490 18.710 0.036
3754.79269 18.822 0.038
3757.57363 18.319 0.023
3759.77871 18.812 0.031
3763.64936 18.866 0.024
3766.60706 18.492 0.023
3770.69231 18.825 0.037
3773.72634 18.584 0.030
3776.69709 18.954 0.053
3779.65135 18.924 0.056
3783.56795 18.818 0.038
3788.54067 18.758 0.028
3792.57815 18.901 0.039
3800.56001 18.486 0.028
3810.51802 18.880 0.055
3824.48821 18.817 0.053
3950.91185 18.333 0.024
3964.91062 19.024 0.032
3970.83406 18.402 0.024
3981.90408 18.746 0.042
3990.89284 18.795 0.032
3998.89664 18.469 0.025
4003.71033 18.827 0.031
4005.88603 18.977 0.035
4006.72824 18.536 0.024
4008.75244 18.685 0.026
4013.75298 18.587 0.035
4018.88482 18.520 0.026
4024.74955 18.603 0.025
4026.82254 18.886 0.029
4029.77175 18.543 0.030
4032.80259 18.870 0.051
4038.75435 18.690 0.032
4041.71433 18.948 0.040
4043.71928 18.385 0.028
4049.68180 18.602 0.030
4052.74314 18.424 0.021
4054.73009 18.570 0.036
4056.78911 18.665 0.026
4058.83625 18.937 0.043
4063.71905 18.606 0.025
4065.84226 18.911 0.035
4067.68413 18.762 0.031
4070.70640 18.482 0.026
4074.77511 18.956 0.045
4077.82253 18.618 0.029
4080.70047 18.849 0.038
4086.78453 18.553 0.033
4093.82589 18.569 0.029
4111.76319 18.550 0.025
4117.70361 18.797 0.042
4121.67881 18.897 0.050
4124.76160 18.788 0.030
4142.74141 18.921 0.056
4156.57651 18.620 0.029
4168.53696 18.601 0.031
4198.49109 18.937 0.052
4343.82705 18.858 0.046
4347.89414 18.477 0.030
4353.82735 18.716 0.032
4358.77875 18.473 0.043
4363.82126 18.415 0.036
4367.78104 18.565 0.038
4370.81787 18.927 0.047
4373.81731 18.842 0.037
4377.83631 19.043 0.045
4380.88099 18.855 0.038
4386.82684 18.925 0.052
4390.78883 18.443 0.029
4394.80643 18.758 0.029
4399.76303 18.449 0.033
4407.72599 18.864 0.043
4412.74960 18.748 0.039
4418.83514 18.951 0.033
4422.72726 18.363 0.025
4427.70289 18.911 0.040
4430.70616 18.758 0.045
4433.72382 18.467 0.031
4436.80520 18.406 0.035
4440.66606 18.343 0.026
4443.75853 18.938 0.050
4449.72118 18.485 0.025
4451.76077 18.733 0.036
4452.74005 18.924 0.040
4455.73022 18.856 0.045
4457.76041 18.807 0.053
4459.72511 19.010 0.045
4462.70292 18.795 0.037
4464.77325 18.874 0.043
4467.74901 18.645 0.028
4471.77625 18.852 0.043
4476.68982 18.659 0.028
4480.79332 18.831 0.036
4483.77839 18.734 0.039
4486.80788 18.346 0.037
4492.66564 18.537 0.033
4497.72768 18.501 0.028
4499.72354 18.500 0.031
4502.71053 18.856 0.052
4507.71341 18.848 0.044
4509.66512 18.898 0.047
4517.69249 18.708 0.055
4521.66136 18.802 0.039
4523.64637 18.847 0.043
4525.61103 18.865 0.037
4531.58701 18.371 0.024
4533.58938 18.510 0.031
4537.63945 18.814 0.040
4539.55855 18.815 0.049
4541.64070 18.904 0.050
