2187.77543 19.337 0.124
2190.87485 19.401 0.080
2193.84406 19.092 0.057
2202.84381 19.160 0.071
2215.79662 19.303 0.097
2222.79648 19.330 0.098
2224.84405 19.124 0.078
2227.75494 19.427 0.102
2229.76067 19.198 0.101
2231.72920 19.448 0.101
2233.69740 19.301 0.079
2237.61661 18.950 0.093
2239.67767 19.203 0.088
2241.76931 19.383 0.088
2243.83958 19.188 0.090
2248.69911 19.343 0.084
2250.73057 19.414 0.088
2252.82764 19.155 0.087
2254.74564 19.073 0.054
2257.76315 19.437 0.079
2260.77274 19.451 0.101
2265.71118 19.238 0.074
2266.79114 19.015 0.069
2270.82265 19.154 0.067
2272.67482 19.045 0.080
2274.80115 19.194 0.089
2276.85651 19.458 0.112
2278.81552 19.131 0.093
2280.79522 19.120 0.071
2282.79904 19.213 0.096
2290.69817 19.369 0.102
2293.81325 19.298 0.132
2295.83711 19.521 0.099
2297.82390 19.297 0.083
2299.84033 19.131 0.097
2301.73443 19.119 0.085
2302.80963 19.206 0.124
2303.73241 19.220 0.106
2321.70253 19.273 0.103
2328.57954 19.179 0.097
2334.57765 19.689 0.150
2340.56931 19.219 0.083
2346.50996 19.244 0.101
2360.50495 19.270 0.119
2391.50593 19.345 0.134
2540.88360 19.428 0.133
2548.82061 19.112 0.093
2553.78728 19.584 0.176
2557.85267 19.270 0.103
2561.85071 19.266 0.081
2565.85910 19.430 0.128
2574.82947 19.251 0.081
2578.87275 19.338 0.133
2586.77124 19.329 0.089
2590.84454 19.080 0.071
2596.85155 19.406 0.112
2606.74781 19.214 0.075
2610.64983 19.311 0.116
2614.81872 19.123 0.075
2619.69540 19.322 0.075
2621.82267 19.215 0.072
2624.71980 19.305 0.096
2627.84251 19.267 0.132
2630.61219 19.386 0.125
2632.76309 19.124 0.063
2636.71292 19.231 0.071
2638.75717 19.379 0.101
2641.80557 19.241 0.085
2643.79997 19.296 0.088
2645.80071 19.393 0.105
2649.67336 19.412 0.085
2651.75311 19.043 0.085
2653.75001 19.247 0.093
2655.78449 19.328 0.094
2657.77666 19.357 0.102
2659.82965 19.662 0.178
2661.62982 19.435 0.074
2666.61372 19.358 0.084
2668.84206 19.145 0.099
2673.78751 19.258 0.108
2676.76782 19.197 0.090
2678.81375 19.225 0.074
2680.70595 19.243 0.079
2684.58517 19.384 0.101
2688.55888 19.071 0.081
2692.53331 19.221 0.088
2697.54825 19.078 0.074
2702.54984 19.133 0.103
2708.57668 19.134 0.076
2725.50920 19.076 0.080
2875.87789 19.426 0.120
2884.89992 19.106 0.074
2890.91986 19.431 0.236
2896.87475 19.165 0.097
2902.80577 19.145 0.058
2912.80966 19.220 0.065
2917.81790 19.307 0.079
2923.82060 19.154 0.081
2926.87302 19.066 0.062
2931.80174 19.221 0.078
2934.84192 19.354 0.093
2940.82219 19.164 0.067
2943.82697 19.297 0.070
2947.83516 19.121 0.066
2950.75152 19.352 0.090
2956.81770 19.205 0.069
2958.86222 19.216 0.103
2963.75362 19.315 0.115
2966.77384 19.122 0.057
2968.74258 19.133 0.063
2971.80455 19.381 0.098
2974.82760 19.267 0.072
2976.68753 19.335 0.084
2979.67142 19.316 0.093
2981.69201 19.202 0.155
2983.82388 19.396 0.106
2985.79095 19.299 0.074
2987.74747 19.185 0.076
2989.68768 19.136 0.063
2991.76154 19.182 0.072
2993.76768 19.240 0.076
2995.84295 19.399 0.084
2997.81412 19.443 0.093
2998.75950 19.194 0.078
3000.76809 19.342 0.090
3002.75965 19.380 0.083
3004.75258 19.422 0.079
3006.74580 19.317 0.072
3010.80649 19.101 0.069
3012.81201 19.333 0.165
3016.75647 19.400 0.078
3018.78713 19.417 0.099
3020.85076 19.184 0.084
3021.87568 19.361 0.132
3023.73703 19.200 0.075
3025.74023 19.479 0.069
3027.75876 19.126 0.078
3029.74319 19.150 0.072
3031.81518 19.389 0.099
3034.64028 19.410 0.065
3036.67051 19.171 0.067
3039.61252 19.295 0.085
3041.69539 19.226 0.106
3042.72044 19.402 0.114
3044.65948 19.370 0.105
3046.64564 19.348 0.099
3048.67881 19.253 0.066
3050.67562 19.052 0.056
3052.67208 19.118 0.058
3054.67759 19.372 0.110
3056.66540 19.230 0.069
3058.65866 19.294 0.071
3060.70812 19.459 0.087
3068.62408 19.301 0.099
3071.52239 19.330 0.099
3074.52206 19.402 0.114
3076.64114 19.210 0.119
3079.63847 19.343 0.078
3082.70614 19.383 0.071
3085.60936 19.098 0.062
3088.56554 19.385 0.107
3091.56989 19.308 0.097
3100.52808 19.275 0.137
3103.53571 19.122 0.075
3106.56810 19.088 0.063
3109.55266 19.357 0.090
3113.57021 19.131 0.096
3127.52815 19.099 0.070
3133.54383 19.239 0.102
3230.91852 19.515 0.099
3242.89286 19.358 0.106
3249.85985 19.454 0.116
3260.85176 19.106 0.074
3264.89374 19.200 0.054
3271.84216 19.276 0.107
3274.84546 19.271 0.090
3279.79905 19.267 0.094
3282.86469 19.191 0.066
3295.80805 19.160 0.060
3297.79949 19.097 0.052
3301.87888 19.333 0.125
3305.76979 19.320 0.084
3309.83105 19.049 0.060
3315.86408 19.333 0.089
3321.73116 19.364 0.088
3324.83906 19.406 0.094
3327.84528 19.228 0.075
3336.67085 19.199 0.088
3339.85273 18.989 0.079
3353.75425 19.210 0.063
3357.78193 19.256 0.071
3360.75980 19.148 0.057
3363.83435 19.169 0.074
3370.79164 19.173 0.106
3376.74370 19.183 0.081
3378.76888 19.433 0.092
3394.65776 19.435 0.102
3396.67877 19.599 0.118
3399.80598 19.573 0.167
3402.71602 19.177 0.058
3404.64759 19.196 0.093
3409.56445 19.176 0.074
3413.60766 19.391 0.088
3418.55960 19.316 0.088
3426.55111 19.416 0.084
3432.53698 19.115 0.065
3439.51309 19.183 0.085
3447.53856 19.306 0.119
3457.51554 19.381 0.134
3603.86948 19.213 0.079
3620.90580 19.479 0.072
3630.81686 19.007 0.092
3637.75750 19.116 0.105
3640.81345 19.123 0.062
3651.84592 19.263 0.079
3658.85806 19.159 0.094
3660.85542 19.133 0.090
3664.86500 19.165 0.056
3668.84888 18.948 0.067
3672.83755 19.182 0.078
3676.72429 19.232 0.078
3685.79417 19.260 0.072
3688.72831 19.275 0.070
3690.80309 19.670 0.127
3693.70474 19.025 0.063
3696.74717 19.070 0.056
3699.76013 19.311 0.061
3701.81327 19.082 0.062
3703.81195 19.170 0.057
3706.68751 19.326 0.062
3711.72274 19.370 0.075
3713.81064 19.265 0.079
3715.78712 19.245 0.071
3718.75602 19.313 0.081
3722.65092 19.380 0.083
3726.73310 19.188 0.084
3728.79542 19.332 0.063
3730.76518 19.348 0.069
3732.84068 19.184 0.066
3734.83353 19.092 0.060
3735.68192 19.253 0.053
3737.84045 19.481 0.067
3739.85912 19.075 0.061
3741.59740 19.412 0.083
3743.76935 19.121 0.076
3746.81173 19.200 0.074
3748.79046 19.323 0.123
3750.80526 19.180 0.094
3753.67831 19.341 0.085
3755.75995 19.065 0.081
3757.77937 19.232 0.061
3760.75903 19.320 0.096
3763.71197 19.270 0.047
3766.72875 19.286 0.090
3770.75623 19.498 0.111
3774.62962 19.411 0.103
3777.58816 19.192 0.076
3781.75249 19.335 0.099
3786.60485 19.318 0.083
3793.55453 19.320 0.083
3801.54451 19.174 0.065
3811.53711 19.507 0.121
3828.50102 19.261 0.089
3958.93024 19.165 0.103
3965.87978 19.418 0.067
3970.89992 19.457 0.088
3982.85046 19.298 0.084
3993.80358 19.384 0.107
4002.86398 19.016 0.053
4004.88224 19.147 0.054
4006.79177 19.080 0.056
4008.81280 19.319 0.066
4013.82438 19.244 0.096
4019.82713 19.447 0.083
4029.83367 19.306 0.074
4032.86844 19.332 0.096
4039.70059 19.034 0.067
4041.77433 19.166 0.069
4049.74260 19.400 0.070
4052.80410 19.367 0.076
4054.79090 19.332 0.081
4056.84941 19.079 0.060
4059.74402 19.450 0.088
4064.85776 19.500 0.081
4066.81421 19.492 0.088
4068.84905 19.306 0.065
4070.77149 19.194 0.079
4074.81025 19.158 0.076
4077.85909 19.246 0.099
4080.73879 19.234 0.089
4083.72550 19.246 0.106
4085.78906 19.283 0.107
4095.65042 19.018 0.058
4103.78086 19.422 0.115
4106.61161 19.043 0.084
4112.78595 19.140 0.072
4121.78048 19.223 0.093
4126.75997 19.192 0.090
4129.79358 19.610 0.097
4143.57048 19.233 0.070
4157.56966 19.436 0.123
4169.52547 19.156 0.079
4199.49494 19.205 0.092
4343.88739 19.377 0.096
4348.86011 19.345 0.089
4353.88767 19.409 0.097
4358.83984 19.148 0.103
4363.85664 19.266 0.124
4367.84482 19.446 0.105
4371.79434 19.484 0.114
4378.73374 19.381 0.102
4381.76932 19.280 0.121
4386.88689 19.114 0.141
4390.84887 19.358 0.078
4395.71567 19.320 0.099
4399.87431 19.062 0.108
4408.72818 19.110 0.087
4412.81164 19.071 0.105
4427.76317 19.179 0.094
4430.76648 19.309 0.112
4433.78396 19.203 0.089
4437.71057 19.159 0.103
4440.73018 19.371 0.096
4443.84776 19.209 0.112
4449.78953 19.290 0.111
4451.82515 19.342 0.106
4455.79484 19.190 0.085
4458.77350 19.460 0.097
4462.76753 19.106 0.062
4464.81310 19.287 0.087
4467.78422 19.422 0.083
4472.70013 19.266 0.065
4476.78719 19.105 0.057
4480.73760 19.112 0.057
4484.81703 19.464 0.084
4488.73789 19.461 0.137
4492.75718 19.111 0.079
4497.76119 19.077 0.063
4500.63424 19.363 0.071
4502.74408 19.179 0.103
4507.74810 19.470 0.136
4509.69878 19.229 0.088
4512.74748 19.427 0.089
4518.69632 19.102 0.127
4521.73380 19.311 0.114
4524.63341 19.143 0.132
4530.65950 19.251 0.084
4533.62515 19.384 0.089
4538.64264 19.215 0.098
4542.55071 19.551 0.154
