2130.50252 18.203 0.032
2133.51873 18.234 0.034
2136.64002 18.365 0.045
2141.63068 18.518 0.053
2144.71090 18.153 0.034
2170.61237 18.463 0.051
2179.51063 18.461 0.066
2189.50572 18.425 0.060
2212.53166 18.132 0.043
2337.81492 18.113 0.036
2337.81776 18.133 0.037
2349.83330 18.403 0.044
2349.83616 18.275 0.039
2357.82644 18.513 0.046
2357.82926 18.549 0.041
2365.90382 18.332 0.045
2373.78144 18.555 0.044
2373.78427 18.527 0.046
2384.82642 18.321 0.034
2388.82563 18.534 0.045
2390.86361 18.327 0.046
2393.85779 18.312 0.091
2400.80522 18.203 0.037
2402.91184 18.516 0.049
2406.85462 18.259 0.036
2411.71274 18.531 0.051
2415.88794 18.378 0.055
2417.84951 18.549 0.061
2425.88459 18.319 0.061
2428.86881 18.368 0.050
2432.89742 18.196 0.062
2434.78542 18.274 0.037
2436.83410 18.543 0.050
2438.81550 18.148 0.033
2441.77027 18.160 0.032
2445.68794 18.528 0.040
2448.71440 18.502 0.099
2454.71312 18.632 0.045
2460.71600 18.481 0.053
2463.59732 18.494 0.036
2466.56525 18.605 0.045
2468.74986 18.402 0.035
2470.73343 18.526 0.045
2472.76414 18.311 0.037
2481.61469 18.175 0.046
2484.67744 18.298 0.043
2486.77046 18.487 0.063
2493.69793 18.399 0.053
2496.54390 18.314 0.030
2498.58201 18.445 0.032
2500.60821 18.270 0.032
2502.62631 18.430 0.047
2516.48670 18.494 0.065
2517.53106 18.440 0.063
2520.64229 18.551 0.043
2529.50880 18.570 0.051
2538.55812 18.393 0.053
2542.54709 18.470 0.062
2548.51229 18.652 0.071
2552.54886 18.458 0.054
2557.51388 18.608 0.060
2561.50981 18.470 0.056
2568.54432 18.399 0.067
2584.52488 18.314 0.062
2708.86180 18.505 0.044
2708.90736 18.517 0.045
2719.86796 18.245 0.041
2729.88961 18.293 0.046
2734.82859 18.337 0.035
2747.75271 18.212 0.053
2754.75767 18.650 0.050
2757.82686 18.129 0.035
2763.77379 18.166 0.033
2767.87215 18.403 0.053
2775.77761 18.302 0.059
2776.72400 18.508 0.138
2783.86673 18.559 0.044
2785.73302 18.279 0.037
2788.61256 18.582 0.056
2790.75599 18.446 0.039
2793.68679 18.267 0.045
2795.64557 18.555 0.045
2797.65660 18.152 0.029
2809.77682 18.375 0.050
2811.69722 18.520 0.057
2812.82653 18.453 0.050
2813.87025 18.257 0.054
2815.85094 18.499 0.044
2817.74947 18.567 0.051
2819.65990 18.308 0.035
2821.70901 18.396 0.045
2830.67982 18.570 0.054
2835.69076 18.116 0.037
2837.69723 18.346 0.068
2839.76103 18.548 0.055
2841.77344 18.330 0.040
2843.70954 18.436 0.045
2845.69913 18.545 0.045
2850.58786 18.319 0.032
2850.63977 18.300 0.034
2852.60657 18.398 0.061
2854.60005 18.573 0.052
2857.51024 18.500 0.048
2858.72260 18.549 0.050
2858.76712 18.587 0.072
2859.49099 18.263 0.062
2862.63360 18.359 0.057
2865.61369 18.416 0.043
2868.60999 18.410 0.039
2871.69064 18.548 0.041
2876.69165 18.203 0.036
2879.65708 18.170 0.037
2884.68817 18.423 0.051
2893.56469 18.426 0.041
2894.67422 18.312 0.058
2900.49995 18.091 0.045
2905.63894 18.598 0.081
2911.56024 18.534 0.050
2918.60292 18.529 0.067
2923.60374 18.293 0.049
2931.57202 18.395 0.045
3052.86917 18.473 0.043
3059.85290 18.326 0.045
3059.85566 18.271 0.039
3064.86806 18.561 0.054
3064.87081 18.509 0.046
3068.82139 18.439 0.049
3068.82414 18.491 0.046
3071.86986 18.414 0.046
3073.85910 18.608 0.051
3073.88020 18.482 0.042
3075.89791 18.353 0.045
3080.81110 18.446 0.045
3083.76324 18.460 0.039
3085.88558 18.294 0.033
3087.78747 18.323 0.043
3089.83689 18.534 0.037
3091.88599 18.291 0.030
3091.88874 18.279 0.035
3097.81469 18.293 0.040
3097.81747 18.230 0.035
3099.89747 18.602 0.046
3099.90024 18.541 0.048
3101.80259 18.558 0.055
3101.80536 18.545 0.055
3102.90009 18.581 0.054
3104.75302 18.408 0.110
3104.75574 18.587 0.099
3106.89740 18.364 0.062
3107.88516 18.234 0.036
3107.88791 18.276 0.040
3109.82610 18.399 0.039
3109.89326 18.442 0.037
3110.81770 18.216 0.033
3110.88880 18.293 0.032
3110.89158 18.268 0.037
3111.77541 18.484 0.046
3112.75135 18.342 0.037
3112.89028 18.521 0.042
3112.89436 18.411 0.042
3113.73347 18.314 0.031
3113.89933 18.290 0.031
3113.90208 18.370 0.037
3114.82970 18.487 0.036
3114.83243 18.597 0.042
3115.89286 18.444 0.043
3115.92482 18.470 0.037
3116.87052 18.330 0.043
3116.87327 18.362 0.040
3124.76989 18.458 0.065
3126.70182 18.568 0.043
3126.70457 18.518 0.040
3127.86817 18.520 0.049
3127.87359 18.486 0.049
3128.87075 18.343 0.057
3130.74696 18.571 0.055
3130.74974 18.528 0.055
3131.71340 18.249 0.047
3131.71618 18.316 0.050
3134.88519 18.435 0.124
3137.76758 18.432 0.047
3137.77034 18.450 0.046
3138.64974 18.632 0.057
3138.65595 18.616 0.051
3139.93705 18.165 0.038
3139.93984 18.149 0.043
3142.82053 18.485 0.043
3144.83761 18.410 0.041
3146.89960 18.623 0.041
3151.80888 18.322 0.041
3152.80984 18.534 0.050
3153.80844 18.456 0.051
3154.89332 18.436 0.063
3154.89612 18.376 0.064
3156.86203 18.501 0.063
3156.86480 18.351 0.049
3157.91863 18.363 0.052
3157.92143 18.338 0.048
3158.88479 18.371 0.055
3158.88760 18.374 0.054
3162.84624 18.459 0.050
3163.80536 18.293 0.035
3164.79407 18.550 0.042
3165.70833 18.434 0.034
3165.71109 18.410 0.033
3167.65367 18.524 0.057
3167.65647 18.601 0.063
3168.85575 18.637 0.052
3168.85856 18.587 0.043
3169.82528 18.440 0.044
3170.64282 18.562 0.036
3171.77810 18.468 0.032
3171.78090 18.597 0.037
3171.90646 18.463 0.046
3172.80243 18.458 0.040
3172.80521 18.468 0.039
3173.84726 18.142 0.038
3174.76173 18.509 0.038
3175.76937 18.383 0.033
3175.77213 18.440 0.037
3177.81878 18.548 0.057
3179.55010 18.513 0.042
3179.55711 18.517 0.047
3180.77689 18.526 0.036
3182.83420 18.347 0.037
3182.83697 18.380 0.041
3183.79316 18.537 0.051
3183.79599 18.552 0.053
3184.74771 18.463 0.039
3184.75052 18.394 0.038
3185.67884 18.205 0.032
3185.68162 18.152 0.032
3193.60084 18.393 0.036
3194.55129 18.436 0.052
3194.79097 18.386 0.037
3194.79379 18.415 0.040
3195.54814 18.456 0.043
3195.55097 18.469 0.040
3196.74163 18.556 0.046
3196.74444 18.516 0.047
3197.57227 18.328 0.041
3197.57510 18.264 0.033
3199.68301 18.466 0.037
3201.54543 18.603 0.051
3202.67419 18.588 0.047
3203.58541 18.264 0.027
3203.58824 18.278 0.027
3204.62873 18.468 0.031
3204.63158 18.381 0.031
3205.71035 18.513 0.034
3205.71317 18.594 0.036
3206.77468 18.477 0.058
3210.50521 18.453 0.060
3211.66043 18.467 0.051
3217.70129 18.389 0.049
3218.69748 18.533 0.061
3218.70032 18.591 0.064
3223.70148 18.294 0.045
3223.70432 18.147 0.041
3224.74887 18.687 0.063
3226.67972 18.243 0.046
3228.65017 18.396 0.046
3230.72008 18.528 0.042
3231.62342 18.503 0.057
3232.65695 18.222 0.039
3238.66891 18.399 0.054
3238.67173 18.246 0.038
3240.51798 18.359 0.042
3240.52085 18.279 0.039
3241.70445 18.312 0.054
3245.60490 18.655 0.072
3245.60776 18.718 0.072
3247.49194 18.203 0.038
3247.49478 18.122 0.038
3249.59831 18.539 0.058
3249.60115 18.472 0.053
3251.51216 18.552 0.058
3254.59325 18.093 0.041
3257.50629 18.415 0.036
3260.54257 18.248 0.054
3265.52802 18.426 0.051
3267.57873 18.712 0.067
3274.53458 18.450 0.054
3277.55067 18.553 0.058
3279.61356 18.188 0.040
3282.53650 18.199 0.033
3289.51047 18.465 0.063
3294.50146 18.397 0.048
3302.50089 18.502 0.070
3418.88958 18.474 0.041
3418.89230 18.495 0.045
3423.86590 18.637 0.045
3427.86773 18.423 0.041
3427.87048 18.506 0.041
3429.89590 18.310 0.050
3429.89864 18.154 0.037
3436.85301 18.466 0.056
3436.85574 18.610 0.063
3443.80825 18.426 0.036
3443.81099 18.379 0.029
3445.85125 18.621 0.039
3445.85397 18.706 0.039
3447.89974 18.414 0.044
3447.90244 18.358 0.041
3450.77933 18.361 0.035
3450.78207 18.292 0.030
3453.81909 18.431 0.051
3453.82182 18.344 0.045
3455.88747 18.559 0.051
3456.88749 18.416 0.035
3456.90809 18.447 0.039
3457.88197 18.316 0.035
3457.88473 18.260 0.032
3459.87293 18.430 0.040
3459.87568 18.471 0.047
3468.92334 18.596 0.046
3468.92607 18.542 0.047
3470.91439 18.226 0.033
3470.91715 18.275 0.032
3472.84378 18.329 0.030
3472.84651 18.428 0.032
3473.90584 18.270 0.037
3473.90861 18.229 0.037
3474.91500 18.507 0.042
3475.90338 18.473 0.032
3475.90613 18.465 0.031
3477.91908 18.589 0.046
3477.92186 18.715 0.051
3479.78971 18.148 0.025
3479.79247 18.117 0.024
3480.92142 18.548 0.049
3482.92541 18.328 0.036
3496.78024 18.408 0.048
3497.88148 18.403 0.041
3499.84020 18.562 0.044
3500.85887 18.371 0.032
3500.86161 18.297 0.036
3502.67903 18.482 0.035
3503.83014 18.440 0.036
3506.78624 18.609 0.055
3508.89372 18.153 0.041
3509.68912 18.388 0.043
3509.69187 18.321 0.036
3510.93903 18.426 0.041
3511.87099 18.264 0.033
3512.87636 18.503 0.051
3517.76561 18.789 0.115
3517.76840 18.425 0.093
3520.88001 18.153 0.036
3521.69581 18.394 0.033
3522.80138 18.358 0.041
3523.83559 18.229 0.033
3524.83591 18.561 0.051
3525.90824 18.458 0.043
3525.91106 18.594 0.051
3526.94185 18.363 0.057
3528.61153 18.319 0.038
3528.61432 18.281 0.029
3530.83402 18.538 0.031
3537.79899 18.463 0.037
3537.80180 18.580 0.043
3538.72485 18.288 0.029
3538.72764 18.350 0.034
3540.78114 18.492 0.039
3540.78391 18.447 0.041
3544.79249 18.353 0.053
3544.79666 18.406 0.061
3547.79118 18.404 0.042
3547.79397 18.331 0.044
3550.80790 18.469 0.038
3550.81069 18.500 0.037
3551.79925 18.255 0.035
3551.80205 18.350 0.040
3552.81835 18.509 0.052
3552.82115 18.457 0.046
3553.80135 18.510 0.073
3553.80416 18.380 0.058
3554.82030 18.372 0.054
3554.82311 18.407 0.061
3555.80980 18.300 0.046
3555.81656 18.282 0.045
3556.72210 18.528 0.043
3556.72490 18.495 0.044
3558.60618 18.572 0.040
3558.60897 18.572 0.041
3559.61455 18.441 0.035
3559.61736 18.323 0.032
3560.65587 18.207 0.024
3560.65868 18.179 0.023
3561.59232 18.530 0.039
3561.59514 18.525 0.039
3562.64501 18.436 0.036
3562.64784 18.474 0.038
3563.69704 18.286 0.036
3563.69985 18.327 0.036
3564.53138 18.650 0.076
3564.53421 18.754 0.077
3569.63564 18.283 0.049
3569.63844 18.275 0.046
3573.74684 18.193 0.038
3574.74109 18.535 0.051
3574.74393 18.642 0.052
3575.68288 18.409 0.033
3575.68571 18.339 0.029
3576.74939 18.238 0.036
3576.75221 18.229 0.039
3577.78728 18.284 0.043
3577.79011 18.248 0.038
3578.72399 18.465 0.036
3578.72679 18.428 0.038
3579.66932 18.257 0.028
3579.67216 18.269 0.029
3580.70893 18.654 0.051
3580.71175 18.604 0.050
3581.72211 18.443 0.048
3581.72495 18.460 0.043
3582.67111 18.238 0.027
3582.67392 18.293 0.027
3583.68922 18.589 0.044
3583.69203 18.710 0.050
3584.69322 18.429 0.032
3584.69602 18.513 0.041
3585.69142 18.312 0.026
3585.69426 18.300 0.025
3586.74588 18.230 0.030
3586.74871 18.185 0.028
3589.73517 18.129 0.029
3589.73798 18.046 0.027
3590.73139 18.530 0.044
3590.73420 18.633 0.047
3591.70647 18.328 0.030
3591.70935 18.370 0.032
3591.75230 18.433 0.039
3592.47825 18.626 0.051
3592.57704 18.515 0.032
3592.66574 18.162 0.025
3592.73977 18.247 0.036
3592.74264 18.177 0.035
3593.48901 18.449 0.026
3593.57888 18.501 0.035
3594.50278 18.204 0.039
3594.54096 18.228 0.030
3594.56664 18.270 0.025
3594.58031 18.249 0.025
3594.59178 18.277 0.026
3594.59844 18.215 0.026
3594.60487 18.325 0.029
3594.61275 18.290 0.032
3594.61911 18.306 0.027
3594.63504 18.352 0.030
3594.66833 18.400 0.035
3594.74287 18.554 0.050
3596.63531 18.651 0.063
3596.65689 18.562 0.053
3597.49052 18.207 0.050
3597.55813 18.286 0.036
3599.61339 18.601 0.065
3601.49868 18.776 0.051
3601.70767 18.350 0.045
3601.71051 18.401 0.046
3602.70797 18.641 0.067
3602.71084 18.454 0.060
3603.68919 18.472 0.044
3603.70592 18.523 0.054
3607.68688 18.360 0.037
3607.68973 18.302 0.037
3609.51472 18.229 0.040
3615.63337 18.462 0.038
3615.63622 18.529 0.048
3617.66259 18.261 0.038
3617.66543 18.289 0.036
3619.59557 18.338 0.033
3619.59840 18.302 0.033
3621.59795 18.611 0.047
3621.60082 18.505 0.045
3628.66536 18.601 0.077
3629.52065 18.201 0.030
3629.52353 18.129 0.029
3631.62145 18.437 0.051
3631.62428 18.422 0.055
3633.54804 18.573 0.063
3633.55088 18.507 0.059
3634.62710 18.524 0.055
3634.62995 18.681 0.069
3639.49771 18.566 0.035
3639.50058 18.505 0.035
3644.58446 18.338 0.041
3644.58729 18.454 0.042
3649.55786 18.512 0.041
3649.56067 18.436 0.040
3652.53506 18.308 0.067
3652.53793 18.446 0.065
3655.57085 18.646 0.062
3655.57374 18.597 0.064
3659.56862 18.599 0.081
3659.57148 18.381 0.071
3664.54824 18.243 0.038
3664.55106 18.334 0.042
3668.53343 18.402 0.051
3668.53628 18.485 0.054
3676.51242 18.209 0.043
3676.51525 18.173 0.045
3777.87256 18.535 0.047
3777.87532 18.493 0.044
3783.85891 18.595 0.044
3783.86163 18.632 0.042
3785.87442 18.199 0.034
3785.87718 18.332 0.037
3788.83874 18.242 0.043
3788.88435 18.261 0.045
3791.89299 18.449 0.049
3791.89612 18.332 0.047
3794.87041 18.371 0.036
3794.87336 18.422 0.037
3796.85917 18.538 0.043
3796.86540 18.506 0.050
3797.86208 18.384 0.035
3797.86507 18.420 0.035
3799.87448 18.602 0.060
3800.84613 18.427 0.055
3801.83366 18.145 0.036
3802.79308 18.523 0.042
3803.82261 18.498 0.043
3803.82559 18.500 0.044
3804.86991 18.319 0.035
3804.87282 18.232 0.038
3805.91048 18.440 0.052
3806.88533 18.431 0.036
3807.90179 18.313 0.031
3808.87032 18.434 0.042
3809.81315 18.421 0.039
3810.78633 18.289 0.039
3811.89166 18.269 0.033
3812.77245 18.431 0.059
3813.77199 18.274 0.042
3814.76334 18.514 0.049
3818.76117 18.475 0.054
3818.82828 18.497 0.044
3819.77259 18.266 0.029
3819.88769 18.485 0.034
3820.87677 18.294 0.029
3820.87992 18.288 0.031
3821.88680 18.615 0.040
3821.89127 18.592 0.043
3822.78585 18.348 0.038
3822.90322 18.528 0.036
3823.89875 18.270 0.031
3824.89162 18.711 0.058
3824.89821 18.641 0.054
3825.89030 18.439 0.039
3826.89613 18.342 0.037
3827.88942 18.525 0.036
3828.89852 18.521 0.042
3828.90154 18.612 0.046
3829.88520 18.289 0.031
3829.88828 18.355 0.034
3830.85179 18.534 0.038
3832.88839 18.309 0.038
3832.89167 18.414 0.038
3833.86307 18.247 0.030
3833.87719 18.162 0.028
3834.80525 18.484 0.037
3834.90432 18.534 0.054
3835.84771 18.316 0.032
3835.85767 18.369 0.030
3836.86018 18.127 0.028
3836.86717 18.096 0.027
3837.84280 18.540 0.047
3837.84588 18.639 0.051
3838.84672 18.358 0.036
3838.85004 18.424 0.051
3839.85875 18.302 0.052
3839.86913 18.203 0.041
3840.85002 18.541 0.040
3840.85312 18.470 0.041
3841.82880 18.442 0.043
3841.83640 18.393 0.041
3842.75030 18.291 0.049
3842.89918 18.352 0.057
3845.83573 18.194 0.038
3845.83891 18.263 0.040
3846.84172 18.523 0.043
3846.84477 18.620 0.042
3847.88667 18.482 0.049
3848.85728 18.318 0.034
3848.86033 18.348 0.037
3849.87056 18.434 0.034
3849.88869 18.277 0.033
3850.80654 18.383 0.038
3850.80958 18.480 0.042
3851.81296 18.310 0.039
3851.81593 18.242 0.034
3852.80145 18.636 0.047
3852.80803 18.554 0.038
3853.79411 18.484 0.030
3853.79727 18.550 0.034
3856.78296 18.476 0.043
3856.78594 18.403 0.038
3858.84685 18.122 0.035
3858.84992 18.148 0.040
3859.87970 18.562 0.051
3860.83760 18.364 0.046
3860.84081 18.245 0.049
3861.85210 18.204 0.029
3861.85666 18.255 0.032
3862.79591 18.574 0.038
3862.80220 18.551 0.037
3863.73622 18.307 0.032
3863.77808 18.355 0.034
3864.79675 18.137 0.025
3864.79996 18.137 0.024
3865.76114 18.614 0.051
3865.76428 18.584 0.047
3866.72942 18.314 0.032
3866.78961 18.443 0.035
3867.73401 18.157 0.034
3867.73677 18.100 0.032
3868.73217 18.544 0.055
3868.79318 18.578 0.051
3869.71322 18.410 0.047
3869.77953 18.432 0.050
3873.71682 18.200 0.029
3873.78089 18.215 0.042
3874.76416 18.458 0.045
3874.82451 18.351 0.037
3875.73949 18.504 0.034
3875.74597 18.446 0.031
3877.70577 18.645 0.037
3877.76904 18.611 0.034
3880.76630 18.419 0.034
3880.77252 18.395 0.033
3881.77446 18.468 0.033
3881.78113 18.389 0.034
3882.71252 18.254 0.032
3882.71602 18.270 0.034
3883.75400 18.290 0.030
3883.76786 18.229 0.028
3886.72491 18.407 0.037
3886.72852 18.415 0.037
3887.70792 18.414 0.033
3887.71121 18.477 0.033
3889.86939 18.286 0.031
3889.87292 18.429 0.037
3891.59512 18.259 0.039
3891.60455 18.334 0.036
3892.73980 18.280 0.033
3892.87562 18.325 0.034
3893.76053 18.482 0.045
3893.77088 18.321 0.053
3894.79444 18.475 0.046
3894.80807 18.265 0.045
3896.74875 18.623 0.050
3896.75537 18.778 0.064
3900.64565 18.307 0.051
3900.65525 18.479 0.070
3901.65747 18.162 0.031
3901.66075 18.257 0.038
3902.67531 18.581 0.049
3902.67827 18.670 0.053
3903.80829 18.468 0.039
3903.81541 18.463 0.042
3904.65504 18.244 0.027
3904.65817 18.245 0.027
3905.66204 18.666 0.039
3905.66884 18.568 0.038
3906.64366 18.458 0.040
3906.64668 18.519 0.039
3907.70905 18.283 0.046
3907.71205 18.291 0.047
3908.64324 18.621 0.038
3908.65264 18.600 0.037
3909.64764 18.488 0.033
3909.65077 18.493 0.033
3912.64804 18.524 0.029
3912.65483 18.529 0.031
3913.64560 18.346 0.029
3913.65501 18.361 0.029
3914.67872 18.100 0.024
3914.69137 18.104 0.026
3915.64252 18.517 0.033
3915.65189 18.445 0.034
3916.72411 18.376 0.035
3916.73368 18.353 0.049
3917.73700 18.183 0.036
3917.75085 18.276 0.037
3918.74131 18.690 0.046
3918.75113 18.719 0.047
3919.67114 18.445 0.046
3919.68109 18.407 0.040
3920.62335 18.117 0.031
3920.63500 18.130 0.030
3921.63684 18.549 0.051
3921.64343 18.481 0.054
3930.69899 18.298 0.038
3930.70514 18.322 0.037
3931.61822 18.519 0.043
3931.62131 18.475 0.043
3931.80664 18.577 0.065
3932.57968 18.330 0.034
3932.64585 18.326 0.033
3933.62533 18.507 0.030
3933.63203 18.473 0.029
3934.59596 18.438 0.035
3934.59906 18.509 0.036
3934.80044 18.586 0.041
3935.58010 18.265 0.029
3935.67318 18.335 0.039
3936.56514 18.508 0.042
3936.62480 18.291 0.033
3936.81307 18.349 0.054
3936.81623 18.203 0.049
3937.64377 18.516 0.046
3937.74157 18.719 0.066
3938.60247 18.329 0.035
3938.60938 18.381 0.035
3940.74707 18.626 0.036
3940.75014 18.609 0.035
3944.68745 18.492 0.034
3944.73651 18.372 0.047
3945.63590 18.226 0.031
3945.64333 18.190 0.031
3946.62953 18.591 0.043
3946.63731 18.669 0.047
3950.64595 18.525 0.036
3950.65015 18.507 0.041
3951.66230 18.248 0.036
3951.66654 18.342 0.043
3957.65120 18.351 0.063
3957.65782 18.438 0.058
3959.61947 18.486 0.043
3959.62454 18.507 0.044
3960.61268 18.393 0.029
3960.61574 18.419 0.031
3963.58072 18.373 0.037
3963.62116 18.429 0.033
3964.64396 18.231 0.028
3964.65341 18.344 0.034
3965.62572 18.651 0.036
3965.63212 18.632 0.038
3966.62060 18.499 0.037
3966.62665 18.431 0.040
3967.64701 18.296 0.032
3967.65006 18.308 0.035
3968.60321 18.502 0.040
3968.60954 18.593 0.049
3969.61081 18.484 0.038
3969.62004 18.436 0.039
3970.62375 18.355 0.035
3970.62678 18.218 0.037
3971.65369 18.380 0.039
3971.65808 18.403 0.041
3973.68633 18.460 0.044
3974.61793 18.544 0.040
3974.62393 18.560 0.045
3975.61336 18.580 0.041
3975.61641 18.559 0.043
3976.61041 18.324 0.035
3979.64559 18.321 0.056
3982.66763 18.456 0.063
3982.67893 18.497 0.076
3986.65888 18.245 0.051
3987.60765 18.524 0.041
3988.63689 18.526 0.043
3988.63982 18.612 0.044
3989.55801 18.186 0.038
3990.60471 18.649 0.056
3991.55938 18.385 0.042
3995.50719 18.179 0.031
3996.53044 18.725 0.062
4001.57758 18.296 0.036
4002.60997 18.285 0.033
4002.61318 18.184 0.029
4003.56446 18.500 0.035
4003.56758 18.511 0.036
4011.54324 18.157 0.039
4011.55097 18.258 0.048
4015.57255 18.601 0.073
4015.57991 18.792 0.079
4017.55030 18.241 0.037
4017.55361 18.353 0.045
4019.55200 18.493 0.054
4019.55498 18.391 0.048
4021.55477 18.457 0.057
4021.57787 18.382 0.052
4025.49615 18.429 0.048
4027.50046 18.382 0.051
4027.50387 18.461 0.053
4029.53848 18.278 0.049
4029.54541 18.300 0.048
4143.87135 18.622 0.066
4150.87776 18.513 0.064
4150.88048 18.504 0.059
4155.85006 18.260 0.041
4155.85276 18.281 0.042
4158.81194 18.373 0.044
4158.81462 18.317 0.043
4160.86318 18.382 0.054
4160.86589 18.414 0.056
4162.86252 18.617 0.063
4162.86522 18.583 0.064
4164.90242 18.250 0.042
4164.90512 18.334 0.053
4167.82999 18.283 0.047
4167.83270 18.294 0.051
4169.83707 18.460 0.044
4169.84384 18.442 0.045
4174.85163 18.280 0.036
4174.85429 18.280 0.039
4176.83333 18.374 0.040
4176.83598 18.310 0.040
4177.88697 18.158 0.033
4177.88968 18.153 0.036
4179.78477 18.349 0.040
4179.78746 18.320 0.039
4180.83650 18.142 0.040
4180.83919 18.077 0.041
4182.75963 18.312 0.040
4182.76231 18.340 0.042
4183.79866 18.123 0.034
4183.80135 18.128 0.035
4184.86674 18.592 0.039
4184.86940 18.626 0.046
4185.84604 18.484 0.043
4185.84871 18.468 0.044
4190.86440 18.514 0.044
4190.87488 18.387 0.040
4192.87675 18.331 0.035
4192.87948 18.381 0.041
4193.88771 18.231 0.036
4193.89040 18.224 0.038
4194.90927 18.529 0.043
4194.91194 18.569 0.050
4202.87905 18.311 0.031
4202.88174 18.289 0.034
4203.86721 18.567 0.040
4203.86991 18.593 0.040
4204.86634 18.424 0.041
4204.86903 18.417 0.041
4205.86282 18.296 0.033
4205.86553 18.265 0.032
4205.90268 18.293 0.034
4207.69369 18.380 0.051
4207.74249 18.343 0.043
4207.76540 18.409 0.038
4207.80406 18.420 0.036
4207.83242 18.396 0.033
4207.86650 18.473 0.035
4207.86920 18.478 0.037
4207.90988 18.498 0.044
4207.92686 18.498 0.045
4208.69340 18.478 0.049
4208.71941 18.291 0.040
4208.76461 18.193 0.032
4208.79852 18.160 0.032
4208.86561 18.302 0.035
4208.89620 18.326 0.035
4208.89887 18.333 0.040
4209.74865 18.435 0.041
4210.89528 18.560 0.038
4211.73195 18.185 0.043
4212.86029 18.450 0.058
4212.89322 18.198 0.045
4213.76839 18.465 0.041
4213.83887 18.572 0.040
4213.86428 18.565 0.037
4213.86695 18.543 0.037
4215.90183 18.164 0.031
4215.90450 18.141 0.030
4216.82266 18.543 0.048
4216.82534 18.522 0.048
4217.84500 18.356 0.030
4217.85098 18.375 0.031
4218.88579 18.148 0.033
4218.88846 18.187 0.030
4219.92949 18.526 0.058
4219.93219 18.558 0.074
4220.86703 18.371 0.046
4220.87253 18.450 0.056
4222.83353 18.510 0.040
4222.83902 18.520 0.042
4228.82150 18.631 0.065
4228.82419 18.590 0.072
4229.80032 18.450 0.043
4229.80301 18.412 0.043
4230.78729 18.243 0.030
4230.78999 18.230 0.031
4231.80940 18.653 0.046
4231.81208 18.648 0.049
4232.63200 18.359 0.062
4232.81764 18.457 0.055
4232.82336 18.455 0.068
4234.76469 18.627 0.047
4234.76739 18.640 0.052
4235.78670 18.472 0.042
4235.78940 18.463 0.041
4238.81052 18.507 0.054
4238.81322 18.331 0.050
4239.91197 18.568 0.081
4239.91467 18.348 0.060
4243.70427 18.559 0.058
4243.70699 18.556 0.060
4244.86611 18.569 0.051
4244.86881 18.526 0.053
4245.85934 18.417 0.043
4245.86204 18.410 0.046
4246.91404 18.298 0.049
4246.91673 18.325 0.048
4250.87990 18.428 0.068
4250.88262 18.495 0.063
4256.72499 18.482 0.066
4256.72770 18.593 0.072
4258.72189 18.241 0.038
4258.72449 18.220 0.035
4268.62538 18.435 0.046
4268.62799 18.618 0.055
4269.66555 18.487 0.039
4269.66814 18.524 0.040
4272.71682 18.483 0.039
4272.71942 18.504 0.037
4273.67624 18.345 0.039
4273.67884 18.385 0.043
4274.65990 18.338 0.041
4274.66251 18.378 0.042
4275.71677 18.556 0.056
4275.71940 18.520 0.055
4277.61589 18.396 0.044
4277.61850 18.390 0.047
4278.69015 18.536 0.057
4278.69278 18.520 0.055
4283.63555 18.248 0.037
4283.63818 18.213 0.038
4284.61940 18.553 0.054
4284.62204 18.593 0.060
4285.62613 18.464 0.056
4285.62875 18.425 0.054
4286.72000 18.362 0.068
4286.72262 18.304 0.061
4289.66547 18.247 0.040
4289.66809 18.347 0.046
4290.74802 18.107 0.041
4291.74629 18.588 0.054
4292.60478 18.242 0.030
4292.60740 18.257 0.033
4293.63222 18.628 0.044
4293.63485 18.639 0.041
4294.60401 18.518 0.048
4294.60665 18.583 0.048
4295.63336 18.296 0.030
4295.63598 18.301 0.032
4296.61284 18.559 0.038
4296.61548 18.598 0.044
4297.60660 18.571 0.041
4297.60923 18.551 0.038
4298.71617 18.376 0.038
4298.71879 18.360 0.039
4299.68313 18.138 0.032
4299.68576 18.174 0.030
4300.80795 18.207 0.040
4300.81059 18.289 0.048
4301.48544 18.275 0.038
4301.48810 18.274 0.039
4302.76717 18.359 0.038
4307.59963 18.388 0.040
4307.60228 18.413 0.043
4310.74933 18.531 0.076
4310.75199 18.641 0.099
4312.64544 18.540 0.046
4312.64809 18.478 0.045
4317.63275 18.251 0.040
4317.63541 18.343 0.039
4319.64051 18.516 0.049
4319.64315 18.433 0.045
4320.74191 18.418 0.052
4320.74457 18.399 0.052
4326.65413 18.419 0.042
4327.67980 18.244 0.046
4327.68259 18.347 0.051
4328.62361 18.509 0.047
4328.75602 18.183 0.054
4329.61162 18.384 0.047
4329.61427 18.356 0.046
4330.59438 18.184 0.034
4330.59716 18.183 0.033
4331.62082 18.622 0.056
4331.62362 18.512 0.050
4332.62596 18.531 0.047
4332.62872 18.473 0.044
4333.62129 18.294 0.048
4333.62408 18.253 0.041
4334.61554 18.869 0.108
4334.61833 18.591 0.074
4338.65827 18.558 0.067
4339.62448 18.368 0.044
4339.62727 18.426 0.045
4340.55127 18.786 0.083
4340.55405 18.564 0.066
4341.62294 18.467 0.066
4341.62572 18.593 0.074
4342.65912 18.377 0.051
4342.66190 18.441 0.049
4343.63850 18.148 0.039
4343.64131 18.208 0.037
4344.68793 18.640 0.057
4344.69069 18.633 0.059
4345.63832 18.436 0.050
4345.64109 18.465 0.056
4346.64364 18.232 0.047
4346.64643 18.254 0.048
4347.65766 18.600 0.052
4347.66043 18.537 0.047
4349.62942 18.282 0.036
4349.63220 18.304 0.034
4351.62810 18.441 0.055
4351.63088 18.439 0.047
4357.63953 18.489 0.052
4357.64235 18.490 0.047
4359.61064 18.402 0.055
4359.61342 18.313 0.045
4367.60975 18.392 0.070
4367.61254 18.463 0.070
4370.60870 18.543 0.059
4370.61150 18.485 0.052
4372.58077 18.574 0.054
4372.58356 18.608 0.052
4380.59050 18.335 0.047
4380.59329 18.412 0.049
4515.88575 18.308 0.043
4515.88843 18.304 0.046
4519.85724 18.598 0.058
4519.85991 18.571 0.055
4520.84969 18.266 0.055
4520.85938 18.384 0.061
4523.84802 18.330 0.051
4523.85072 18.339 0.051
4524.89908 18.265 0.039
4524.90175 18.238 0.044
4530.88858 18.307 0.031
4530.89126 18.323 0.033
4534.83531 18.498 0.053
4534.83798 18.667 0.067
4536.84443 18.366 0.045
4536.84712 18.419 0.042
4538.85335 18.514 0.048
4538.85608 18.494 0.047
4540.88321 18.234 0.032
4540.88587 18.193 0.031
4542.90958 18.347 0.039
4542.91223 18.432 0.052
4543.87100 18.260 0.032
4543.87369 18.274 0.035
4544.86779 18.521 0.035
4544.87048 18.507 0.038
4545.88535 18.445 0.039
4545.88803 18.409 0.040
4547.91146 18.554 0.044
4547.91414 18.541 0.049
4550.85907 18.620 0.046
4550.86178 18.543 0.046
4551.91686 18.458 0.062
4551.91951 18.417 0.071
4552.91381 18.343 0.051
4552.91651 18.398 0.049
4556.87825 18.364 0.032
4556.88094 18.289 0.031
4557.90426 18.584 0.038
4557.90692 18.642 0.041
4558.83930 18.320 0.032
4558.84198 18.296 0.034
4559.86849 18.225 0.032
4559.87115 18.134 0.030
4560.86889 18.540 0.038
4560.87156 18.545 0.036
4561.85778 18.322 0.027
4561.86046 18.453 0.034
4564.86200 18.431 0.031
4564.86469 18.424 0.033
4565.85087 18.138 0.025
4565.85354 18.182 0.025
4566.85294 18.617 0.037
4566.85564 18.539 0.038
4567.85719 18.511 0.038
4567.85987 18.451 0.038
4568.88725 18.326 0.041
4568.88994 18.344 0.040
4569.87315 18.627 0.044
4569.87583 18.689 0.049
4570.87843 18.434 0.039
4570.88111 18.524 0.042
4571.84393 18.298 0.032
4571.84661 18.280 0.033
4572.88170 18.498 0.050
4572.88439 18.428 0.042
4573.85747 18.519 0.036
4573.86017 18.496 0.037
4574.85963 18.345 0.042
4574.86231 18.266 0.039
4575.87132 18.445 0.042
4575.87399 18.382 0.038
4579.92365 18.655 0.059
4579.92633 18.582 0.058
4583.84344 18.453 0.052
4583.84613 18.425 0.055
4586.82392 18.441 0.048
4586.82663 18.370 0.047
4587.86169 18.282 0.041
4587.86439 18.333 0.047
4588.75003 18.522 0.043
4588.75274 18.432 0.038
4589.78377 18.376 0.041
4589.78647 18.363 0.044
4590.79815 18.224 0.037
4590.80084 18.254 0.037
4591.77545 18.532 0.048
4591.77811 18.514 0.043
4592.78756 18.366 0.049
4592.79023 18.355 0.046
4593.77298 18.199 0.033
4593.77569 18.211 0.034
4594.80128 18.578 0.044
4594.80399 18.532 0.041
4595.79180 18.474 0.038
4595.79449 18.431 0.037
4596.81236 18.251 0.032
4596.81504 18.310 0.035
4597.80959 18.613 0.045
4597.81229 18.622 0.047
4598.77898 18.468 0.032
4598.78170 18.531 0.033
4599.75838 18.204 0.027
4599.76106 18.250 0.030
4600.76395 18.625 0.036
4600.76665 18.617 0.037
4601.76861 18.423 0.035
4601.77130 18.533 0.037
4602.76619 18.253 0.030
4602.76889 18.291 0.032
4606.81602 18.067 0.040
4606.81870 18.117 0.035
4610.88907 18.567 0.058
4610.89175 18.597 0.054
4611.75028 18.394 0.040
4611.75301 18.397 0.041
4611.93678 18.497 0.055
4611.93949 18.424 0.052
4616.74252 18.522 0.040
4616.74525 18.539 0.039
4617.90991 18.466 0.064
4617.92657 18.599 0.075
4622.71885 18.624 0.053
4622.72158 18.569 0.049
4623.79871 18.430 0.051
4623.80144 18.502 0.062
4624.73753 18.287 0.039
4624.74026 18.318 0.039
4625.71885 18.604 0.058
4625.72159 18.551 0.055
4626.77376 18.512 0.057
4626.78034 18.484 0.042
4627.69819 18.324 0.031
4627.70092 18.228 0.030
4628.68835 18.629 0.045
4628.69109 18.613 0.046
4629.75402 18.500 0.041
4629.75673 18.538 0.043
4630.69386 18.278 0.034
4630.69658 18.372 0.035
4631.71219 18.566 0.036
4631.71493 18.470 0.032
4632.73486 18.619 0.042
4632.73760 18.580 0.042
4633.87471 18.454 0.055
4633.87745 18.485 0.057
4639.81529 18.607 0.072
4639.81804 18.547 0.060
4640.79080 18.347 0.048
4640.79352 18.288 0.042
4641.87604 18.044 0.043
4641.87877 18.151 0.049
4642.71372 18.520 0.051
4642.71645 18.512 0.045
4643.67980 18.112 0.031
4643.68252 18.142 0.034
4644.76288 18.577 0.050
4644.76563 18.568 0.051
4645.68158 18.439 0.042
4645.68432 18.526 0.045
4646.64929 18.180 0.026
4646.65203 18.127 0.026
4647.67046 18.569 0.043
4647.67322 18.559 0.041
4648.66439 18.418 0.034
4648.66998 18.502 0.039
4648.77668 18.517 0.048
4648.77942 18.458 0.045
4649.65460 18.174 0.027
4649.65733 18.270 0.034
4650.68605 18.663 0.050
4650.68879 18.578 0.043
4651.69738 18.591 0.051
4651.70012 18.349 0.042
4652.62583 18.300 0.035
4652.62859 18.309 0.041
4653.61966 18.559 0.040
4653.62240 18.582 0.047
4654.65882 18.438 0.039
4654.66158 18.501 0.043
4655.62310 18.316 0.036
4655.62585 18.324 0.037
4656.62634 18.526 0.046
4656.62911 18.660 0.054
4658.78356 18.497 0.056
4658.78630 18.432 0.052
4660.73392 18.570 0.077
4660.73704 18.798 0.084
4661.61574 18.330 0.037
4661.61850 18.336 0.035
4666.54852 18.360 0.045
4666.55127 18.411 0.051
4671.67237 18.240 0.034
4671.67513 18.347 0.038
4672.63202 18.467 0.050
4672.63480 18.517 0.055
4674.66001 18.362 0.042
4674.66276 18.345 0.043
4677.68471 18.399 0.047
4677.68747 18.279 0.042
4681.68805 18.117 0.038
4681.69082 18.116 0.036
4682.64373 18.595 0.044
4682.64652 18.638 0.046
4683.64442 18.401 0.046
4684.66010 18.143 0.036
4684.66286 18.072 0.037
4685.68624 18.483 0.044
4685.68903 18.536 0.045
4686.75880 18.463 0.042
4686.76160 18.517 0.049
4687.67709 18.238 0.037
4688.62044 18.540 0.049
4688.62322 18.484 0.042
4694.70453 18.370 0.064
4694.70733 18.408 0.065
4697.62583 18.424 0.051
4697.62862 18.626 0.060
4698.64739 18.534 0.051
4698.65018 18.450 0.048
4700.64258 18.432 0.047
4700.64535 18.393 0.043
4701.62551 18.444 0.044
4701.62829 18.431 0.040
4702.64033 18.322 0.041
4702.64312 18.319 0.039
4704.70160 18.543 0.055
4704.70437 18.533 0.063
4708.66196 18.434 0.045
4708.66474 18.445 0.046
4710.67987 18.622 0.055
4710.68265 18.623 0.057
4720.59302 18.533 0.068
4720.59581 18.470 0.058
4721.62856 18.403 0.067
4721.63138 18.376 0.067
4724.64530 18.466 0.064
4724.64809 18.255 0.058
4726.62151 18.549 0.062
4726.62432 18.483 0.065
4733.58574 18.368 0.052
4733.58853 18.287 0.048
4738.54592 18.555 0.061
4738.54871 18.592 0.059
4741.62790 18.506 0.059
4741.63070 18.414 0.051
4755.57096 18.433 0.061
4755.57484 18.554 0.085
4756.55302 18.102 0.055
4763.50917 18.513 0.054
4763.51196 18.615 0.061
4767.53939 18.501 0.068
4768.55033 18.404 0.078
4876.88193 18.554 0.052
4876.88461 18.664 0.061
4883.86776 18.350 0.049
4883.87046 18.217 0.047
4886.83469 18.385 0.044
4886.83737 18.388 0.044
4888.86223 18.507 0.042
4888.86492 18.476 0.044
4892.85628 18.394 0.047
4892.85897 18.408 0.050
4898.82657 18.463 0.047
4898.82924 18.548 0.052
4901.82942 18.418 0.044
4901.83210 18.434 0.043
4903.87681 18.195 0.033
4903.87948 18.269 0.035
4905.87318 18.271 0.047
4905.87585 18.337 0.049
4912.85796 18.137 0.025
4912.86064 18.176 0.026
4914.90409 18.560 0.040
4914.90679 18.450 0.040
4924.75345 18.288 0.031
4924.75602 18.367 0.033
4925.87117 18.191 0.026
4925.87371 18.269 0.030
4928.76141 18.487 0.048
4928.76396 18.595 0.051
4930.80551 18.436 0.047
4930.80806 18.362 0.047
4931.84992 18.222 0.036
4931.85248 18.173 0.036
4932.85846 18.570 0.043
4932.86104 18.501 0.042
4933.85335 18.357 0.049
4933.85590 18.378 0.058
4934.71887 18.577 0.078
4934.90917 18.312 0.053
4934.91175 18.351 0.048
4938.83326 18.578 0.053
4938.83583 18.656 0.061
4940.77478 18.167 0.034
4940.77735 18.271 0.038
4941.81051 18.602 0.057
4941.81306 18.624 0.051
4942.75359 18.384 0.033
4942.75617 18.451 0.036
4944.75592 18.574 0.046
4944.75849 18.580 0.044
4945.80900 18.532 0.036
4945.81156 18.562 0.038
4950.86895 18.183 0.036
4951.66372 18.400 0.042
4953.84860 18.180 0.040
4953.85116 18.217 0.040
4954.81784 18.612 0.047
4954.82041 18.589 0.043
4955.80924 18.408 0.042
4955.81181 18.400 0.044
