 457.76798 18.872 0.027
 458.75237 18.585 0.027
 459.70513 19.028 0.031
 461.72007 18.867 0.023
 461.84264 19.021 0.039
 462.55245 18.902 0.030
 466.70662 18.703 0.026
 467.81449 18.786 0.027
 469.72843 18.959 0.040
 470.78878 18.821 0.045
 471.84076 18.632 0.051
 472.76562 18.732 0.030
 473.67745 18.945 0.049
 474.75787 18.828 0.041
 475.65066 18.575 0.027
 476.80287 18.757 0.045
 477.78753 18.997 0.036
 478.59482 18.772 0.025
 479.79324 18.716 0.030
 480.62990 19.042 0.032
 481.61501 18.900 0.029
 482.77598 18.883 0.032
 483.56376 18.608 0.028
 484.56158 18.933 0.036
 485.56617 18.860 0.026
 487.58536 18.640 0.021
 488.54998 18.924 0.054
 488.68833 18.705 0.024
 489.64026 18.953 0.026
 490.61072 18.815 0.022
 491.56886 18.738 0.025
 492.55317 18.833 0.030
 492.62760 18.694 0.031
 493.55622 18.936 0.030
 494.55104 18.884 0.032
 495.55338 18.698 0.028
 496.54889 18.704 0.031
 496.76497 18.686 0.034
 498.54763 18.895 0.031
 499.54311 18.667 0.028
 500.53432 18.589 0.029
 501.53487 18.970 0.040
 507.65242 18.874 0.044
 508.53858 18.781 0.058
 508.60530 18.746 0.045
 510.54326 18.893 0.040
 511.65283 19.142 0.046
 512.69018 18.978 0.036
 513.68210 18.728 0.023
 514.55524 19.098 0.034
 515.54691 18.980 0.034
 516.55041 18.814 0.036
 517.55190 18.587 0.028
 518.59069 18.751 0.030
 519.54133 18.938 0.030
 521.54220 18.572 0.030
 523.55411 18.900 0.040
 524.53302 18.928 0.040
 526.53647 18.403 0.023
 526.63753 18.702 0.036
 527.53381 19.066 0.036
 530.62179 18.587 0.045
 532.53415 18.999 0.047
 534.54493 18.672 0.036
 535.65946 18.536 0.030
 552.64277 18.632 0.027
 553.49848 18.903 0.043
 554.55730 18.815 0.052
 561.55774 19.058 0.056
 566.49330 19.023 0.048
 571.54276 18.903 0.041
 572.49898 18.661 0.043
 573.50656 18.547 0.041
 574.53528 18.993 0.042
 575.51866 19.034 0.058
 578.48595 18.992 0.046
 583.47104 18.950 0.046
 673.86093 18.818 0.033
 689.84710 18.972 0.044
 699.83422 18.769 0.048
 701.87908 19.011 0.058
 704.82298 18.591 0.038
 706.82692 18.834 0.055
 707.87633 18.859 0.071
 712.89871 18.775 0.043
 715.86411 18.969 0.045
 726.88416 18.716 0.030
 728.84829 18.857 0.034
 729.83064 18.735 0.038
 733.88295 18.934 0.082
 742.82343 18.800 0.039
 745.75494 18.840 0.031
 747.81168 18.607 0.029
 748.76647 18.978 0.042
 750.85933 18.902 0.045
 751.75188 18.519 0.039
 755.71037 18.537 0.043
 759.77966 18.736 0.032
 760.83183 18.656 0.032
 763.82780 18.850 0.047
 771.84727 18.839 0.041
 775.83926 18.979 0.038
 778.80575 19.049 0.068
 780.83659 18.781 0.039
 787.84430 18.988 0.046
 792.77829 19.043 0.051
 796.79420 19.029 0.054
 798.81146 18.627 0.039
 816.81988 18.591 0.030
 817.80932 19.088 0.049
 822.76746 18.894 0.032
 826.63568 18.768 0.038
 827.74638 18.843 0.036
 830.82654 18.867 0.058
 831.67183 18.649 0.046
 832.80278 18.731 0.033
 833.70423 19.066 0.034
 834.79526 19.069 0.070
 837.80118 18.647 0.025
 839.62694 18.724 0.038
 841.81021 18.564 0.033
 843.73327 18.822 0.032
 844.68239 18.730 0.038
 850.70319 18.970 0.050
 854.72523 18.597 0.042
 855.77171 18.895 0.086
 856.71679 18.897 0.071
 858.63664 18.984 0.060
 860.72789 18.897 0.057
 874.73587 18.715 0.031
 876.65217 19.155 0.054
 879.61202 18.680 0.038
 881.54400 18.796 0.043
 887.62618 18.538 0.045
 925.49409 18.580 0.051
 951.52120 18.534 0.029
1040.91454 18.530 0.032
1065.87095 18.648 0.041
1068.83302 18.755 0.043
1069.82348 18.697 0.031
1071.84065 18.837 0.045
1077.88005 18.835 0.029
1079.78781 18.929 0.038
1083.80150 18.967 0.048
1088.86623 19.078 0.057
1093.86289 18.891 0.039
1113.83759 18.793 0.036
1119.77039 19.099 0.049
1126.74186 18.982 0.045
1130.70797 18.961 0.049
1132.71653 18.750 0.034
1136.83578 18.908 0.033
1142.72778 18.567 0.023
1154.83145 18.849 0.044
1157.78301 18.953 0.056
1161.78102 18.949 0.031
1163.75257 18.579 0.031
1166.78903 18.900 0.054
1170.83702 18.981 0.041
1174.81964 18.930 0.036
1178.73667 18.800 0.036
1181.70324 18.849 0.045
1185.78582 18.674 0.031
1187.73776 18.800 0.041
1192.72181 18.743 0.030
1196.59787 18.700 0.062
1202.65971 18.852 0.039
1204.76509 18.874 0.039
1207.65849 18.977 0.048
1211.73896 18.617 0.040
1214.75543 18.692 0.039
1217.71656 18.915 0.037
1219.70125 18.540 0.032
1223.60872 18.613 0.031
1226.70365 18.916 0.044
1230.65204 18.870 0.040
1234.57845 18.782 0.043
1238.58200 18.858 0.062
1239.71467 18.792 0.054
1241.69127 18.684 0.042
1243.54914 18.649 0.039
1245.51772 18.944 0.056
1253.59690 18.737 0.048
1256.57618 18.661 0.038
1259.62725 18.964 0.042
1261.57226 18.512 0.030
1265.58993 18.647 0.038
1268.57484 18.927 0.059
1276.52827 18.899 0.044
1279.52278 19.148 0.065
1288.55631 18.875 0.049
1291.58735 18.647 0.034
1296.56073 18.813 0.052
1300.50707 19.236 0.084
1305.48152 18.846 0.056
1308.51627 18.553 0.034
1313.49179 18.974 0.062
1317.51940 18.737 0.049
1320.48135 18.647 0.041
1330.48409 18.969 0.070
1333.48886 18.770 0.061
1336.46740 18.768 0.066
1397.91282 18.444 0.033
1412.89044 18.975 0.049
1431.80535 18.762 0.033
1432.89070 18.940 0.058
1435.85073 18.551 0.033
1437.84356 19.032 0.047
1440.88219 18.623 0.041
1443.88012 18.638 0.036
1447.80323 18.713 0.056
1449.84493 18.910 0.068
1454.75910 18.999 0.060
1458.79674 18.900 0.047
1462.73532 18.958 0.050
1470.81632 19.090 0.043
1479.74213 19.015 0.055
1484.75755 18.941 0.050
1487.79918 18.985 0.048
1491.71363 19.020 0.053
1493.82292 18.857 0.041
1496.60874 18.895 0.051
1498.75127 18.812 0.040
1501.83536 19.036 0.040
1503.73011 18.546 0.037
1505.83671 18.974 0.057
1507.78384 18.546 0.042
1511.65655 18.429 0.028
1514.70362 18.889 0.048
1517.69315 19.002 0.039
1519.69553 18.744 0.037
1521.71821 19.084 0.043
1522.69582 18.928 0.048
1523.75225 18.750 0.068
1525.72890 18.859 0.035
1527.81606 18.945 0.040
1528.71850 18.706 0.030
1531.73615 18.946 0.044
1538.69284 19.055 0.048
1541.64894 18.642 0.024
1542.74884 18.572 0.030
1544.70564 18.890 0.032
1547.73171 18.949 0.033
1548.70911 18.924 0.035
1549.77445 18.797 0.032
1551.73831 18.793 0.030
1552.67157 18.917 0.039
1554.76455 18.767 0.029
1555.70135 18.697 0.035
1556.67203 18.975 0.040
1562.70437 18.798 0.046
1564.58300 19.023 0.062
1564.67905 18.740 0.056
1567.63648 18.649 0.032
1570.73391 18.888 0.038
1574.72955 18.891 0.032
1576.62929 18.861 0.044
1578.73087 19.008 0.056
1581.64476 18.995 0.043
1584.62327 18.522 0.036
1587.61110 18.903 0.040
1590.61820 18.932 0.039
1595.69083 18.851 0.052
1599.70219 18.917 0.054
1600.67671 18.685 0.060
1604.52736 18.740 0.042
1606.54112 19.100 0.051
1609.56036 18.590 0.037
1610.60460 18.669 0.038
1611.63604 18.975 0.046
1612.53040 18.807 0.039
1613.62181 18.713 0.040
1614.52265 19.044 0.042
1615.52756 19.113 0.049
1616.54194 18.812 0.037
1617.52692 18.642 0.031
1618.53358 18.563 0.038
1619.58269 18.982 0.057
1620.60374 18.925 0.055
1621.52187 18.688 0.041
1622.58928 18.627 0.039
1623.54420 19.016 0.058
1624.55184 19.044 0.058
1625.56379 18.769 0.049
1626.65630 18.791 0.035
1627.57143 18.755 0.060
1628.51037 18.988 0.058
1630.53725 18.529 0.046
1631.53495 18.762 0.038
1632.58021 18.991 0.048
1633.52576 18.942 0.046
1634.56538 18.740 0.039
1635.53364 18.294 0.029
1643.55441 18.757 0.058
1644.58406 18.553 0.032
1653.59093 18.704 0.048
1656.57152 18.624 0.042
1658.54898 19.108 0.062
1660.57423 18.717 0.068
1663.50447 18.867 0.043
1665.52063 18.572 0.049
1671.51653 18.946 0.064
1676.51104 18.836 0.061
1684.51101 18.711 0.082
1694.51258 18.635 0.054
1768.89294 18.969 0.061
1782.88016 18.904 0.047
1789.82611 19.061 0.036
1804.77548 18.739 0.041
1809.83747 18.756 0.028
1812.86029 18.803 0.034
1814.87545 18.672 0.030
1817.87733 18.794 0.030
1822.82113 18.755 0.035
1828.88537 18.992 0.057
1829.85696 18.893 0.052
1843.83679 18.670 0.037
1847.86583 18.744 0.031
1850.81663 18.984 0.046
1852.75347 18.494 0.029
1855.81930 18.929 0.038
1860.79254 18.680 0.041
1863.76609 18.892 0.044
1865.82092 18.517 0.026
1867.78965 18.857 0.037
1869.76311 18.533 0.032
1872.76178 18.799 0.036
2167.84210 18.984 0.065
2173.84945 18.905 0.047
2190.78721 18.819 0.046
2192.82172 18.616 0.040
2214.78907 18.989 0.066
2224.74585 18.783 0.044
2226.84999 18.706 0.067
2229.66192 18.610 0.044
2230.80065 18.612 0.049
2232.82048 19.023 0.061
2234.81490 18.726 0.040
2239.59986 18.997 0.076
2241.66140 18.832 0.067
2243.71999 18.749 0.055
2248.79660 18.608 0.037
2250.84628 18.896 0.051
2252.65163 18.894 0.049
2254.64255 18.730 0.047
2257.64643 18.915 0.047
2261.76077 18.874 0.044
2264.75109 18.677 0.039
2266.64408 18.909 0.060
2270.64019 18.960 0.051
2271.79100 19.056 0.050
2273.72748 18.557 0.043
2275.82790 19.167 0.078
2277.64954 18.741 0.038
2279.82189 19.098 0.066
2281.80872 18.827 0.045
2283.84294 18.917 0.044
2288.74907 18.972 0.050
2290.78746 18.679 0.041
2292.76398 18.809 0.064
2294.73902 18.722 0.071
2296.74943 18.972 0.080
2298.76883 18.841 0.059
2300.72186 19.095 0.092
2302.69966 18.646 0.052
2321.67232 18.896 0.058
2327.55888 18.572 0.043
2333.56807 18.948 0.075
2339.54453 18.850 0.076
2395.51674 18.785 0.068
2526.90888 18.823 0.048
2542.88757 18.925 0.055
2552.83892 18.713 0.053
2556.83044 18.810 0.050
2559.88101 18.980 0.067
2564.84693 18.958 0.065
2573.84610 18.996 0.065
2578.77042 18.656 0.054
2583.82488 18.570 0.049
2589.85777 18.964 0.054
2596.74113 18.933 0.077
2605.74414 19.028 0.057
2609.74038 18.959 0.081
2614.70651 19.004 0.065
2618.73078 18.933 0.058
2621.64019 18.844 0.045
2623.82197 18.961 0.051
2627.68528 18.881 0.078
2629.70831 18.608 0.058
2634.76299 18.663 0.040
2635.68212 18.917 0.047
2638.65320 18.730 0.043
2639.65332 18.967 0.041
2641.72112 18.703 0.042
2643.72981 18.862 0.053
2645.71734 18.778 0.041
2647.67514 18.913 0.055
2650.83682 18.783 0.047
2652.73791 18.965 0.062
2654.67274 18.714 0.054
2656.64568 18.971 0.066
2658.60869 18.648 0.057
2660.62612 19.065 0.061
2662.60897 18.739 0.046
2664.61653 19.052 0.058
2666.67473 18.867 0.038
2668.66349 18.546 0.051
2670.62961 18.968 0.068
2672.73889 18.646 0.044
2674.63727 19.011 0.058
2676.62384 18.538 0.034
2678.71152 18.979 0.059
2680.62219 18.639 0.042
2682.67330 19.053 0.078
2687.54583 18.899 0.084
2696.53896 18.797 0.062
2701.52111 18.671 0.052
2707.51852 18.991 0.068
2714.51745 18.690 0.076
2840.90657 18.792 0.068
2867.91898 18.728 0.050
2888.91302 18.717 0.043
2894.84807 18.962 0.062
2899.84965 18.974 0.059
2905.83865 18.748 0.063
2908.89970 18.826 0.057
2911.79798 18.989 0.051
2916.84818 18.884 0.046
2922.83204 18.676 0.060
2926.75945 18.665 0.045
2930.83318 18.759 0.049
2933.87759 18.944 0.062
2940.71514 19.034 0.062
2947.72904 18.620 0.048
2949.81919 19.073 0.062
2953.68594 18.962 0.072
2956.71174 18.532 0.039
2958.73804 18.912 0.062
2962.74989 19.087 0.060
2965.76931 18.598 0.036
2968.71288 18.763 0.047
2973.85293 18.755 0.044
2975.84208 19.015 0.059
2976.83737 18.908 0.054
2978.85698 18.668 0.051
2982.68907 18.689 0.051
2984.73662 18.943 0.057
2986.81922 18.747 0.054
2988.78381 19.011 0.054
2989.80697 18.877 0.058
2991.64013 19.049 0.074
2993.62755 18.752 0.042
2995.72784 18.370 0.028
2997.70612 18.984 0.054
2999.72874 18.570 0.038
3001.76499 19.030 0.054
3003.73565 18.704 0.039
3005.64092 18.927 0.059
3007.67400 18.594 0.043
3009.74028 19.022 0.063
3011.71598 18.828 0.063
3013.72044 19.006 0.061
3017.72191 18.844 0.050
3019.64987 18.746 0.051
3021.76865 18.607 0.036
3023.63044 18.793 0.039
3024.83157 18.938 0.063
3026.82826 18.690 0.033
3029.63259 18.731 0.038
3031.70257 18.849 0.043
3033.76606 18.747 0.037
3035.77311 19.021 0.049
3038.75060 18.649 0.053
3040.72125 18.868 0.065
3044.59906 18.877 0.053
3045.68806 18.731 0.050
3047.64177 19.087 0.062
3049.64749 18.755 0.034
3051.61569 18.989 0.055
3055.60914 19.086 0.059
3057.63462 18.866 0.043
3059.57848 19.101 0.046
3061.57152 18.848 0.062
3068.51288 18.962 0.065
3070.56855 18.807 0.050
3073.56925 19.034 0.080
3075.68223 18.668 0.058
3078.61422 18.850 0.053
3082.59175 18.864 0.048
3084.66878 18.600 0.037
3087.63148 18.956 0.068
3090.59487 19.145 0.078
3099.58291 18.974 0.076
3102.56167 19.050 0.071
3105.59440 18.682 0.057
3108.57235 18.875 0.058
3112.54964 18.885 0.058
3116.53102 18.916 0.064
3127.49841 18.755 0.043
3140.48705 19.007 0.070
3223.88727 18.763 0.063
3241.87350 18.708 0.061
3248.83692 18.881 0.073
3257.86477 18.687 0.042
3263.91076 18.628 0.046
3270.85373 18.770 0.049
3273.90175 19.038 0.094
3277.83778 19.084 0.068
3281.88153 19.031 0.049
3287.74260 18.635 0.033
3295.69485 18.744 0.033
3297.69338 18.914 0.045
3299.75787 18.819 0.036
3301.75536 18.838 0.067
3304.81127 18.790 0.052
3309.72150 18.477 0.035
3311.71936 19.012 0.052
3320.76215 18.981 0.045
3323.69696 18.967 0.058
3327.73371 19.229 0.062
3330.69256 18.502 0.047
3334.79180 18.745 0.062
3338.83828 18.866 0.047
3340.85336 18.523 0.043
3354.71821 18.843 0.042
3358.79979 18.934 0.035
3361.83197 18.560 0.033
3365.73437 18.504 0.039
3372.75069 18.907 0.041
3378.66340 19.051 0.053
3391.73111 18.591 0.042
3394.74267 18.843 0.050
3396.62266 19.014 0.057
3399.69990 18.647 0.043
3403.68717 18.623 0.045
3408.59659 18.919 0.045
3412.64180 19.009 0.074
3417.56923 19.041 0.061
3425.57748 18.915 0.067
3431.53918 18.707 0.039
3437.54096 18.780 0.040
3445.56090 18.619 0.038
3460.49461 18.935 0.053
3477.48933 19.061 0.073
3583.93144 18.980 0.065
3593.92968 18.888 0.063
3601.86664 18.880 0.064
3618.90071 18.883 0.045
3629.88196 18.866 0.049
3634.84854 19.051 0.056
3639.84187 18.955 0.041
3644.79665 18.726 0.038
3650.88549 18.527 0.033
3654.78641 18.809 0.041
3657.86697 18.898 0.044
3660.80143 18.969 0.068
3664.83652 18.986 0.047
3668.79446 19.017 0.064
3672.78267 19.018 0.056
3675.86234 18.586 0.032
3684.77048 19.139 0.052
3687.77612 18.821 0.045
3690.69598 18.760 0.066
3693.72995 19.092 0.060
3695.75148 18.792 0.041
3698.74425 19.042 0.062
3700.77308 18.686 0.035
3702.86072 19.058 0.052
3705.76750 18.576 0.031
3708.72607 18.670 0.050
3712.71295 18.762 0.046
3714.72330 18.889 0.043
3717.63939 18.616 0.039
3719.81657 18.919 0.067
3725.81046 18.770 0.069
3727.78288 18.825 0.048
3730.67829 18.668 0.031
3732.70303 18.900 0.038
3734.80107 18.817 0.046
3736.81733 18.986 0.052
3737.70570 18.781 0.038
3739.80479 18.673 0.032
3742.69068 18.712 0.049
3745.76633 19.041 0.053
3749.66076 19.024 0.076
3750.74573 18.896 0.054
3752.75643 18.639 0.042
3754.77416 19.041 0.058
3756.59767 18.954 0.048
3758.77055 18.963 0.078
3761.78296 18.548 0.032
3764.73741 18.740 0.039
3767.59723 18.887 0.049
3770.61494 18.878 0.043
3773.61777 18.801 0.051
3776.61720 18.743 0.044
3779.60676 18.791 0.065
3782.65747 19.094 0.056
3787.58245 18.942 0.044
3792.53421 18.859 0.067
3809.52346 18.866 0.078
3822.50926 18.994 0.072
3946.90560 18.673 0.053
3964.86237 18.681 0.039
3969.88648 18.783 0.049
3981.86125 18.648 0.052
3989.88827 18.740 0.049
4001.86497 18.826 0.039
4005.84259 18.827 0.038
4007.84679 19.147 0.062
4011.84705 18.349 0.033
4018.83862 18.881 0.048
4023.87075 18.771 0.044
4026.77922 18.844 0.036
4029.72048 18.982 0.088
4031.80082 18.821 0.040
4038.70991 18.894 0.050
4041.67106 19.175 0.079
4043.67543 18.662 0.056
4048.85704 18.866 0.055
4052.69997 18.679 0.039
4054.68692 19.180 0.081
4056.74396 18.829 0.056
4058.77708 18.766 0.033
4063.67583 18.888 0.045
4066.73310 18.718 0.039
4068.82062 18.983 0.043
4070.66307 18.669 0.042
4073.82244 18.894 0.053
4076.79057 18.983 0.068
4079.75295 18.776 0.049
4083.66974 18.689 0.054
4085.73526 18.987 0.054
4092.85371 18.836 0.047
4105.68915 19.166 0.063
4109.76230 18.528 0.030
4113.71803 18.427 0.026
4120.74843 18.975 0.049
4122.70488 18.649 0.031
4125.75611 18.923 0.057
4131.60945 18.929 0.039
4142.64609 18.699 0.050
4156.53278 19.032 0.055
4166.57400 18.890 0.067
4196.52349 18.856 0.069
4340.88883 18.970 0.051
4341.89938 18.733 0.058
4343.81836 18.946 0.071
4344.87322 18.905 0.058
4345.91179 18.918 0.069
4346.84073 18.601 0.059
4347.84928 19.052 0.065
4348.84243 18.899 0.051
4349.84267 18.903 0.066
4350.92002 18.775 0.078
4353.90325 18.959 0.058
4354.88699 18.570 0.049
4357.89321 18.930 0.077
4358.89322 18.831 0.053
4361.85470 18.896 0.080
4362.80921 18.695 0.056
4363.87230 18.741 0.062
4366.83629 18.847 0.073
4367.77387 18.589 0.057
4368.88753 18.483 0.057
4369.80950 18.991 0.089
4370.81063 18.976 0.070
4371.85578 18.732 0.042
4373.78127 18.944 0.052
4377.79163 18.996 0.067
4380.80812 18.538 0.040
4386.78375 18.982 0.062
4390.74574 18.969 0.061
4393.85983 18.615 0.043
4398.87111 18.605 0.047
4403.87805 18.857 0.124
4411.86956 18.682 0.058
4418.79071 18.792 0.039
4422.85678 18.856 0.049
4426.73512 18.847 0.064
4429.84110 18.999 0.083
4432.72195 18.991 0.051
4436.76134 18.570 0.039
4439.82691 18.982 0.070
4440.86315 18.624 0.118
4441.65288 18.927 0.060
4442.67487 18.864 0.066
4443.65039 18.707 0.062
4444.82951 18.811 0.067
4448.69507 18.706 0.049
4449.74257 18.613 0.039
4450.70540 19.054 0.079
4451.64044 18.768 0.049
4451.78230 18.931 0.051
4452.85345 18.877 0.054
4453.62932 18.887 0.056
4454.65323 18.934 0.066
4454.81614 18.658 0.033
4455.63979 18.815 0.057
4455.77685 18.901 0.058
4456.72045 18.744 0.049
4456.81069 19.008 0.065
4456.85814 19.049 0.064
4457.69528 18.615 0.044
4457.84503 18.756 0.051
4458.61771 18.976 0.064
4459.60194 18.813 0.057
4459.74640 18.905 0.052
4459.80854 18.925 0.057
4461.57252 18.958 0.058
4462.63270 18.813 0.060
4462.78237 18.578 0.035
4463.62613 18.948 0.051
4464.62379 18.800 0.048
4464.76580 18.966 0.056
4465.64302 18.599 0.037
4466.63614 19.017 0.060
4466.73635 18.649 0.034
4467.60362 18.931 0.071
4467.67235 18.964 0.045
4468.63641 18.818 0.037
4469.62083 18.734 0.049
4470.60860 18.923 0.056
4470.79863 18.649 0.038
4471.59865 18.908 0.045
4471.76477 18.860 0.050
4472.59938 18.781 0.039
4472.77208 18.913 0.040
4473.68604 18.745 0.039
4477.74419 18.835 0.049
4481.68174 18.836 0.041
4485.72982 19.021 0.062
4489.71331 19.054 0.086
4493.70314 19.135 0.073
4498.67964 18.874 0.046
4501.67697 19.011 0.054
4506.61091 18.811 0.048
4508.62813 18.635 0.041
4510.70133 18.946 0.054
4521.61145 18.759 0.055
4523.62728 18.881 0.049
4525.54669 18.770 0.048
4531.56873 18.937 0.051
4533.57108 18.601 0.045
4537.62112 18.745 0.046
4539.54008 18.900 0.063
4541.59235 18.812 0.060
