 665.57875 15.548 0.006
 672.49645 15.706 0.007
 685.60835 15.659 0.007
 699.50365 15.323 0.006
 707.58273 15.619 0.007
 714.49065 15.673 0.007
 733.50874 15.788 0.007
 741.53805 15.288 0.005
 858.87819 15.693 0.007
 887.86265 15.799 0.007
 895.84105 15.637 0.007
 898.85346 15.803 0.007
 911.91751 15.722 0.006
 925.86353 15.252 0.005
 936.71313 15.835 0.007
 962.67754 15.411 0.006
 985.73369 15.303 0.005
 991.74150 15.751 0.007
 997.65071 15.850 0.007
1006.59725 15.454 0.007
1021.60958 15.682 0.007
1041.56805 15.667 0.007
1068.61524 15.292 0.006
1072.62514 15.755 0.007
1076.64273 15.503 0.007
1079.61650 15.420 0.007
1087.62363 15.449 0.007
1089.60593 15.230 0.006
1092.54832 15.730 0.007
1102.57540 15.773 0.008
1107.57849 15.394 0.007
1226.86748 15.656 0.007
1230.87821 15.195 0.006
1239.88583 15.523 0.007
1253.80780 15.814 0.007
1256.90164 15.793 0.007
1258.89919 15.668 0.007
1261.86036 15.256 0.006
1265.90123 15.849 0.007
1268.77598 15.533 0.007
1278.89733 15.714 0.007
1280.88814 15.560 0.007
1288.90735 15.770 0.007
1289.76408 15.438 0.006
1294.88734 15.183 0.007
1295.88673 15.544 0.007
1297.78743 15.728 0.007
1299.70908 15.485 0.007
1305.92400 15.295 0.007
1306.90330 15.604 0.007
1307.92548 15.862 0.008
1312.75475 15.132 0.006
1313.92541 15.455 0.007
1315.76475 15.830 0.007
1317.69361 15.665 0.007
1317.92360 15.928 0.008
1318.92666 15.848 0.008
1320.74775 15.471 0.007
1321.92924 15.717 0.008
1332.74601 15.462 0.011
1335.79254 15.405 0.006
1338.79856 15.746 0.007
1339.86921 15.770 0.007
1340.78015 15.630 0.007
1342.76628 15.378 0.006
1346.72246 15.810 0.007
1354.61420 15.818 0.008
1365.58282 15.746 0.007
1375.68762 15.932 0.008
1394.71970 15.432 0.007
1398.68365 15.779 0.007
1401.68931 15.629 0.007
1416.62849 15.622 0.007
1432.54471 15.385 0.007
1436.51043 15.808 0.008
1441.56103 15.594 0.008
1443.56113 15.423 0.007
1448.49806 15.723 0.007
1451.50533 15.594 0.007
1459.56017 15.763 0.008
1462.54999 15.564 0.008
1477.53880 15.482 0.008
1660.90722 15.455 0.007
1692.86085 15.277 0.006
1709.78652 15.488 0.007
1716.73029 15.691 0.007
1717.81649 15.718 0.007
1726.86533 15.860 0.008
1728.74671 15.594 0.007
1729.85647 15.677 0.007
1730.86553 15.629 0.007
1731.77311 15.269 0.006
1732.75414 15.093 0.005
1733.58931 15.739 0.007
1742.80374 15.440 0.007
1743.75484 15.201 0.006
1748.67303 15.604 0.007
1750.70825 15.485 0.007
1752.75515 15.337 0.006
1754.73373 15.792 0.007
1755.74688 15.863 0.008
1756.64788 15.687 0.007
1757.50501 15.308 0.007
1758.69540 15.632 0.007
1759.62560 15.358 0.006
1761.67426 15.201 0.006
1762.65325 15.550 0.007
1763.62479 15.884 0.007
1764.65970 15.838 0.007
1765.68267 15.815 0.007
1769.63495 15.481 0.007
1772.64689 15.238 0.006
1773.65479 15.365 0.008
1775.66113 15.798 0.007
1776.68642 15.765 0.007
1777.67336 15.725 0.007
1783.67353 15.235 0.006
1784.66114 15.789 0.007
1786.58738 15.720 0.007
1788.62412 15.621 0.007
1804.63425 15.284 0.007
1806.52993 15.710 0.007
1810.56746 15.498 0.006
1812.58996 15.297 0.006
1815.50554 15.757 0.007
1818.59302 15.700 0.007
1825.56893 15.849 0.007
2132.62124 15.745 0.006
2144.62762 15.720 0.007
2160.59482 15.233 0.006
2175.63207 15.742 0.011
2187.59168 15.613 0.007
2206.56084 15.685 0.008
2386.87952 15.716 0.010
2405.87645 15.371 0.006
2436.78014 15.306 0.006
2438.74286 15.830 0.007
2441.71964 15.622 0.007
3206.70658 15.653 0.007
3602.61087 15.764 0.008
3889.92212 15.863 0.010
3892.91215 15.690 0.007
3894.86680 15.408 0.007
3946.76854 15.348 0.007
3963.69439 15.438 0.069
3976.65773 15.276 0.007
3987.65224 15.368 0.007
3995.55199 15.210 0.009
3996.55052 15.349 0.007
4291.73057 15.397 0.005
4302.75144 15.416 0.006
4315.66611 15.808 0.007
4326.63833 15.759 0.007
4328.73932 15.768 0.007
4660.71932 15.250 0.006
4683.62769 15.742 0.009
4687.66036 15.583 0.008
