2187.76460 19.403 0.138
2190.86970 19.101 0.056
2193.83414 19.208 0.060
2202.83391 18.833 0.050
2215.78674 18.914 0.064
2222.78661 19.088 0.073
2224.83418 19.141 0.075
2227.74514 19.135 0.076
2229.75083 19.244 0.080
2231.71935 19.305 0.092
2233.68758 19.111 0.066
2237.60681 19.063 0.098
2239.66784 18.969 0.064
2241.75948 18.975 0.057
2248.68929 19.144 0.062
2250.72072 19.263 0.070
2252.81786 19.202 0.087
2254.73581 19.102 0.053
2257.74961 18.916 0.045
2260.76295 18.982 0.054
2265.70137 19.145 0.060
2266.76317 18.994 0.066
2270.81281 18.900 0.049
2272.66038 19.003 0.063
2274.79132 18.853 0.061
2276.84666 18.840 0.060
2278.80568 18.759 0.062
2280.78537 19.309 0.068
2282.78468 19.346 0.092
2290.68057 19.068 0.066
2293.80003 18.836 0.066
2295.82389 18.820 0.047
2297.81068 18.935 0.056
2299.82712 19.123 0.087
2301.72121 19.259 0.088
2302.79642 18.849 0.081
2303.71919 19.198 0.099
2321.69167 18.817 0.061
2328.56868 18.960 0.091
2334.56678 18.842 0.064
2340.55842 18.938 0.062
2346.49904 19.136 0.098
2360.49393 18.901 0.080
2391.49482 18.861 0.077
2540.87271 18.807 0.070
2548.80976 19.068 0.074
2553.77648 18.822 0.071
2557.84187 18.856 0.062
2561.83989 19.281 0.076
2565.84585 19.272 0.110
2574.80294 18.912 0.060
2578.85953 18.944 0.069
2586.75883 19.124 0.073
2590.83382 19.094 0.068
2596.84082 19.128 0.078
2606.73712 18.805 0.048
2609.84645 19.069 0.089
2614.80823 19.169 0.074
2619.68488 18.817 0.047
2621.81219 18.922 0.057
2624.70927 19.144 0.068
2627.82938 18.825 0.074
2630.59908 18.934 0.069
2632.74994 18.952 0.052
2636.69976 18.851 0.047
2643.78945 19.107 0.070
2645.78750 19.132 0.066
2649.66280 18.854 0.055
2651.74260 18.935 0.059
2653.73683 18.951 0.077
2655.76745 18.948 0.071
2657.75531 18.890 0.068
2659.81646 18.935 0.082
2661.61661 19.312 0.064
2666.60052 18.886 0.059
2666.62475 18.984 0.056
2668.82748 19.154 0.075
2673.77424 19.256 0.104
2676.75452 18.833 0.055
2678.80048 18.845 0.048
2680.69265 18.932 0.057
2684.57212 19.229 0.088
2688.54819 18.981 0.073
2692.52262 19.102 0.075
2697.53752 19.253 0.075
2702.53911 18.943 0.083
2708.56592 18.829 0.057
2725.49840 19.004 0.075
2875.86555 19.016 0.071
2884.88663 19.000 0.064
2890.90774 19.111 0.095
2896.86062 19.107 0.073
2902.79504 18.836 0.040
2917.80727 18.947 0.053
2923.80995 18.800 0.057
2926.86239 19.162 0.064
2931.79114 19.102 0.063
2934.83132 18.983 0.057
2940.81160 18.842 0.047
2943.81639 19.121 0.054
2947.82458 19.053 0.047
2950.74097 19.040 0.071
2954.76693 19.023 0.068
2956.80720 19.088 0.062
2958.85174 19.239 0.088
2963.74309 19.155 0.090
2966.76332 18.872 0.041
2968.73207 19.009 0.052
2971.79410 19.075 0.063
2974.81714 19.022 0.054
2976.67703 19.093 0.060
2979.66096 19.050 0.075
2981.68152 18.959 0.116
2983.81338 19.121 0.078
2985.78045 18.997 0.053
2987.73699 18.883 0.049
2989.67719 18.849 0.044
2991.75104 18.873 0.050
2993.75719 18.829 0.047
2995.83246 18.792 0.047
2997.80361 18.737 0.047
2998.74903 19.084 0.066
3000.75224 19.048 0.060
3002.74911 18.993 0.056
3004.74210 18.942 0.046
3006.73526 18.953 0.052
3010.79598 18.968 0.059
3012.80154 18.748 0.077
3016.74596 19.027 0.053
3018.77660 19.009 0.064
3020.84017 18.877 0.055
3021.86512 19.188 0.091
3023.72647 18.929 0.056
3025.72962 18.924 0.040
3027.74819 18.893 0.050
3029.73264 18.810 0.044
3031.80460 18.903 0.057
3034.62969 18.959 0.041
3036.65995 19.006 0.055
3039.60196 19.318 0.078
3041.68482 19.099 0.085
3042.70983 18.984 0.074
3044.64887 18.837 0.054
3046.63501 18.856 0.061
3048.66818 18.846 0.046
3050.65997 19.196 0.057
3052.66143 19.245 0.060
3054.66697 19.217 0.069
3056.65476 19.261 0.064
3058.64798 19.022 0.062
3060.69745 19.031 0.056
3066.58518 18.989 0.073
3068.61335 19.013 0.078
3071.51172 19.159 0.073
3073.70178 19.172 0.085
3076.62537 18.905 0.095
3079.62778 19.018 0.048
3082.69455 18.815 0.038
3085.59798 19.093 0.056
3088.55476 19.091 0.066
3091.53788 18.783 0.054
3100.51724 18.937 0.096
3102.63335 19.015 0.075
3106.55727 18.878 0.049
3109.54182 19.106 0.064
3113.55929 18.980 0.084
3127.51723 18.825 0.044
3133.53291 19.018 0.075
3230.90766 18.998 0.054
3242.88209 18.728 0.050
3249.84904 19.106 0.096
3260.84103 19.032 0.056
3264.88306 19.073 0.041
3271.83145 19.190 0.082
3274.83477 18.676 0.055
3279.78843 19.005 0.062
3282.85404 19.160 0.055
3291.77700 18.758 0.050
3295.79745 18.831 0.037
3297.78888 19.162 0.044
3299.85681 18.906 0.034
3301.86833 19.038 0.082
3305.75923 19.185 0.068
3309.82054 19.071 0.054
3311.81407 19.071 0.057
3315.85352 19.111 0.062
3321.72063 18.863 0.047
3324.82858 19.187 0.067
3327.83480 18.879 0.046
3336.66035 18.885 0.061
3339.84222 19.264 0.087
3353.74380 19.031 0.048
3357.77140 18.903 0.049
3360.74927 19.143 0.054
3363.82385 18.828 0.050
3370.78108 19.176 0.074
3376.73315 18.829 0.055
3378.75837 18.809 0.045
3394.64187 19.097 0.078
3396.66820 19.195 0.073
3399.79541 18.794 0.067
3402.70542 19.097 0.050
3404.63702 18.952 0.061
3409.55397 19.103 0.061
3413.55260 18.946 0.056
3426.54052 19.146 0.073
3432.52636 18.994 0.046
3439.50245 19.070 0.087
3447.52793 19.258 0.097
3457.50481 18.862 0.068
3594.91643 19.037 0.076
3603.85877 19.080 0.068
3619.91439 19.033 0.069
3620.89513 19.314 0.055
3630.80624 19.039 0.088
3637.74462 18.951 0.081
3640.80287 18.874 0.047
3651.83540 19.054 0.068
3654.88156 19.096 0.054
3658.84755 19.087 0.060
3660.84491 19.179 0.083
3664.85451 19.072 0.052
3668.83842 19.126 0.066
3672.82708 19.000 0.048
3676.71387 18.662 0.035
3685.78374 19.050 0.054
3688.71788 19.256 0.060
3690.79264 19.201 0.070
3693.69432 18.899 0.053
3695.85924 18.956 0.060
3699.74973 18.737 0.035
3701.80285 18.855 0.042
3703.80156 18.918 0.042
3706.67687 18.896 0.039
3711.71234 19.129 0.057
3713.80021 19.108 0.060
3715.77676 19.109 0.055
3718.74562 18.956 0.059
3722.64053 19.093 0.061
3726.72268 19.061 0.060
3727.85865 19.053 0.068
3730.75479 19.154 0.049
3732.83026 19.084 0.049
3734.82316 19.102 0.049
3735.67151 19.114 0.044
3737.83004 18.795 0.034
3739.84870 18.721 0.039
3741.58698 19.053 0.057
3743.75890 19.219 0.073
3746.80130 18.907 0.060
3748.78005 18.801 0.071
3750.79481 18.876 0.057
3753.66789 19.222 0.075
3755.74946 19.178 0.071
3757.76891 18.989 0.050
3760.74855 19.249 0.074
3763.70152 18.932 0.034
3766.71828 19.260 0.080
3770.74572 19.025 0.074
3774.61908 19.002 0.060
3777.57767 19.044 0.063
3781.74196 19.235 0.076
3786.59433 19.061 0.059
3793.54396 18.877 0.052
3801.53390 19.089 0.055
3811.52644 19.146 0.076
3828.49028 19.172 0.073
3958.91574 19.297 0.108
3965.86917 18.867 0.039
3970.88934 19.073 0.054
3982.83993 18.830 0.052
3993.79308 18.801 0.061
4002.85351 18.926 0.046
4004.87182 19.096 0.045
4006.78133 18.999 0.046
4008.80235 18.856 0.042
4013.81397 19.130 0.075
4019.81674 18.965 0.047
4024.80827 19.493 0.077
4026.87730 19.169 0.076
4029.82329 18.884 0.044
4032.85805 18.944 0.068
4039.69027 19.115 0.062
4041.76403 19.313 0.068
4043.76911 19.222 0.081
4049.73228 19.116 0.049
4052.79381 18.745 0.034
4054.78061 19.017 0.052
4056.83908 18.774 0.039
4059.73379 18.910 0.049
4064.84752 19.238 0.052
4066.80396 19.283 0.066
4068.83880 19.184 0.054
4070.76120 19.024 0.062
4074.80004 19.113 0.066
4077.84882 18.913 0.056
4080.72855 18.800 0.053
4083.71525 19.010 0.063
4095.64012 18.995 0.048
4103.77058 18.866 0.074
4106.60134 18.939 0.068
4112.77563 18.993 0.049
4117.75814 18.942 0.070
4121.77013 19.129 0.069
4126.74965 18.950 0.064
4129.78324 18.888 0.044
4143.56003 19.185 0.061
4157.55803 19.014 0.080
4169.51495 18.950 0.064
4199.48431 18.791 0.060
4343.87684 19.166 0.077
4348.84956 18.767 0.050
4353.87716 19.028 0.064
4358.82934 19.217 0.104
4363.84616 18.876 0.078
4367.83433 18.819 0.052
4371.78390 19.210 0.081
4378.72334 18.802 0.054
4381.75892 19.034 0.089
4386.87644 18.821 0.054
4390.83851 18.928 0.054
4395.70532 18.733 0.069
4399.86396 18.919 0.070
4408.71781 19.004 0.068
4412.80135 19.012 0.073
4427.75286 18.907 0.070
4430.75621 19.092 0.092
4433.77366 18.847 0.054
4437.70028 18.829 0.068
4440.71991 19.078 0.066
4443.83751 18.737 0.063
4449.77924 19.189 0.094
4451.81486 19.184 0.077
4455.78457 19.232 0.094
4458.76325 18.774 0.054
4462.75726 19.127 0.059
4464.80285 19.115 0.077
4467.77393 18.961 0.047
4472.68986 19.148 0.055
4476.77683 19.071 0.055
4480.72729 18.892 0.044
4484.80668 18.862 0.048
4488.72759 18.890 0.081
4492.74684 18.796 0.055
4497.75140 19.060 0.062
4500.62443 19.203 0.070
4502.73425 19.149 0.096
4507.73826 18.816 0.067
4509.68895 18.762 0.056
4512.73710 19.405 0.091
4518.67701 18.905 0.103
4521.72335 19.221 0.095
4524.62293 18.795 0.057
4530.64901 19.232 0.084
4533.61467 18.995 0.054
4534.59610 19.148 0.091
4538.63213 19.275 0.099
4542.53886 19.069 0.094
