2166.84169 18.748 0.045
2172.89172 18.614 0.041
2183.88499 18.970 0.079
2189.84743 18.953 0.065
2192.75185 18.805 0.038
2201.76105 18.873 0.042
2212.79639 18.647 0.044
2217.78083 18.954 0.079
2223.80137 18.808 0.052
2226.77573 18.937 0.063
2228.81920 18.569 0.036
2230.73263 18.725 0.053
2232.75285 18.866 0.047
2234.74682 18.512 0.035
2238.69745 18.838 0.050
2240.82642 18.650 0.045
2242.83214 18.833 0.067
2248.71340 18.771 0.040
2251.73866 18.964 0.046
2253.75895 18.652 0.033
2255.68893 18.707 0.048
2258.68841 18.614 0.036
2261.66121 18.710 0.042
2264.79704 18.751 0.036
2269.76990 19.033 0.059
2271.71337 18.579 0.044
2273.80853 18.971 0.066
2275.78202 18.669 0.050
2277.78480 18.634 0.039
2279.78165 18.874 0.044
2281.74446 18.646 0.033
2283.80165 18.711 0.036
2289.73847 18.735 0.045
2291.74459 18.815 0.070
2293.71293 18.644 0.054
2295.73399 18.805 0.038
2297.72493 18.964 0.051
2299.75733 18.678 0.050
2301.66273 18.804 0.059
2303.65812 18.883 0.069
2323.54724 18.589 0.036
2326.56576 18.689 0.047
2332.50915 18.596 0.073
2338.53172 18.815 0.052
2344.52473 18.768 0.044
2355.49705 19.060 0.085
2387.48726 18.742 0.076
2521.90714 18.789 0.052
2537.85395 18.746 0.076
2542.82007 18.917 0.051
2544.87723 18.539 0.052
2551.86748 18.969 0.054
2555.89148 18.761 0.065
2559.80543 18.682 0.054
2563.85070 18.800 0.061
2573.77845 18.976 0.078
2577.84122 18.761 0.047
2580.86918 18.859 0.058
2589.77726 18.807 0.047
2594.79409 18.902 0.099
2599.84892 18.792 0.046
2609.65408 19.088 0.081
2611.65927 18.679 0.051
2617.80596 18.883 0.065
2620.77493 18.818 0.044
2623.74821 18.806 0.046
2626.67330 18.783 0.047
2627.61510 18.693 0.075
2628.84035 18.568 0.051
2630.82909 18.744 0.069
2632.61989 18.768 0.038
2635.61539 18.815 0.042
2637.74108 18.486 0.032
2637.75556 18.537 0.039
2639.77177 18.823 0.038
2641.64605 18.848 0.051
2643.65723 18.537 0.035
2645.64957 18.756 0.045
2647.57630 18.890 0.054
2651.64381 18.748 0.048
2653.66744 18.966 0.066
2655.65360 18.609 0.041
2657.78733 18.907 0.069
2659.65451 18.949 0.051
2661.67515 18.624 0.034
2665.78109 18.591 0.042
2667.85180 18.863 0.089
2671.78538 18.671 0.055
2675.71746 18.978 0.055
2677.75184 18.695 0.054
2679.74288 18.830 0.057
2682.60063 18.758 0.047
2686.56984 18.535 0.061
2691.52055 18.877 0.075
2695.57791 18.548 0.041
2700.52891 18.875 0.065
2713.51392 18.672 0.063
2735.49399 18.679 0.050
2841.91386 18.511 0.050
2868.88066 18.781 0.053
2890.82381 18.682 0.057
2895.85959 18.896 0.050
2900.81524 18.509 0.035
2906.84628 18.653 0.036
2910.87958 18.689 0.034
2915.87977 18.724 0.034
2921.87853 18.790 0.045
2925.84838 18.561 0.040
2930.76099 18.750 0.054
2933.80538 18.805 0.039
2939.81384 18.869 0.053
2941.83196 18.683 0.035
2943.70669 18.492 0.041
2946.80973 18.723 0.052
2948.80005 18.845 0.052
2952.79613 18.770 0.051
2955.85103 18.847 0.065
2958.66634 18.702 0.059
2962.67731 18.624 0.044
2965.69435 18.528 0.042
2967.79369 18.931 0.044
2970.69990 18.840 0.044
2970.70688 18.788 0.040
2974.69888 18.620 0.038
2976.73272 18.821 0.042
2978.62724 18.931 0.057
2980.65364 18.624 0.042
2982.61285 18.719 0.052
2984.65400 19.027 0.054
2986.74179 18.742 0.044
2988.70982 18.882 0.045
2990.64317 18.699 0.044
2992.72971 18.844 0.042
2994.63995 18.902 0.046
2996.72659 18.601 0.039
2998.68565 18.777 0.042
2999.77764 18.732 0.042
3001.65639 18.820 0.047
3003.65206 18.991 0.053
3005.60880 18.587 0.045
3007.72749 18.806 0.048
3009.66333 18.957 0.050
3011.60888 18.663 0.063
3013.63956 18.884 0.052
3017.61481 18.722 0.033
3018.70664 18.533 0.038
3020.78183 18.905 0.048
3022.80837 18.511 0.041
3024.75689 18.666 0.039
3026.75424 18.857 0.041
3028.76169 18.537 0.027
3030.76655 18.717 0.035
3033.69383 18.691 0.029
3035.70013 18.858 0.045
3038.67846 18.902 0.059
3040.67807 18.480 0.041
3042.62162 18.702 0.051
3044.55556 18.842 0.057
3046.57102 18.933 0.042
3048.55599 18.628 0.030
3050.57481 18.851 0.038
3052.57186 18.569 0.033
3054.57270 18.765 0.042
3056.56986 18.887 0.042
3060.58409 18.804 0.042
3064.58200 18.525 0.042
3067.64558 18.698 0.044
3069.60564 18.893 0.051
3073.51502 18.637 0.053
3075.60977 18.868 0.050
3078.52958 18.852 0.051
3082.51856 18.715 0.048
3084.59452 18.941 0.044
3087.55603 18.943 0.053
3090.51168 19.015 0.071
3093.49155 18.987 0.084
3098.60193 18.702 0.058
3101.55964 18.707 0.063
3104.53277 18.648 0.042
3107.51271 18.773 0.064
3111.50630 18.453 0.050
3114.50028 18.471 0.039
3115.52461 18.881 0.064
3126.46469 18.508 0.047
3144.47924 18.838 0.078
3224.88016 18.806 0.060
3239.91421 18.928 0.052
3247.88518 18.579 0.039
3256.86355 18.652 0.042
3263.83046 18.888 0.034
3268.85416 18.783 0.034
3273.82580 18.777 0.053
3281.80876 18.597 0.027
3289.82231 18.919 0.048
3294.82044 18.584 0.032
3296.82580 18.798 0.035
3301.67674 18.846 0.060
3303.84578 18.577 0.050
3306.82037 18.609 0.040
3308.83740 18.815 0.055
3310.86965 18.730 0.047
3320.68064 18.721 0.038
3323.63364 18.762 0.047
3329.80973 18.955 0.040
3334.70954 18.509 0.044
3338.76532 18.921 0.051
3349.78158 18.655 0.036
3351.76640 18.846 0.040
3354.73454 18.879 0.046
3358.62089 18.627 0.035
3361.71664 18.743 0.039
3363.70677 18.930 0.055
3367.66030 18.764 0.047
3372.67908 18.933 0.040
3377.71528 18.697 0.047
3386.74100 18.751 0.029
3391.58632 18.872 0.054
3395.64107 18.673 0.048
3398.69807 18.816 0.045
3402.64335 18.561 0.030
3404.57117 18.705 0.044
3408.52458 18.542 0.042
3412.55452 18.895 0.065
3414.59180 18.588 0.040
3419.55290 18.780 0.052
3426.50791 18.551 0.054
3433.55901 18.532 0.036
3443.52954 18.940 0.060
3453.49588 18.827 0.059
3574.93067 18.897 0.060
3588.92140 18.538 0.039
3589.87242 18.855 0.047
3614.91278 18.829 0.045
3617.86945 18.793 0.040
3629.80902 18.970 0.066
3634.77509 18.574 0.041
3639.88537 18.945 0.039
3641.81905 18.689 0.044
3650.81442 18.509 0.028
3653.84239 18.566 0.033
3657.79288 18.952 0.045
3660.75871 18.954 0.066
3664.79413 18.817 0.035
3668.73041 18.749 0.050
3671.86601 18.827 0.041
3676.84141 18.902 0.045
3684.78558 18.574 0.028
3687.70464 18.495 0.033
3689.80327 18.904 0.046
3692.72768 18.696 0.039
3694.80156 18.693 0.039
3696.67688 18.608 0.034
3699.68916 18.662 0.032
3701.74001 18.855 0.041
3704.70655 18.755 0.036
3706.76079 18.470 0.027
3711.65175 18.717 0.040
3713.66545 18.866 0.045
3716.71450 19.018 0.061
3719.71902 18.882 0.061
3722.76180 18.683 0.044
3726.66475 18.809 0.039
3728.63745 18.984 0.035
3731.73797 18.542 0.032
3733.62417 18.647 0.033
3734.72711 18.514 0.027
3736.74603 18.764 0.036
3737.63459 18.790 0.039
3739.69671 18.760 0.038
3741.72410 19.022 0.064
3743.69905 18.554 0.036
3746.74327 18.729 0.059
3748.69587 18.883 0.058
3750.70205 19.042 0.054
3752.71013 18.706 0.036
3754.73139 18.918 0.048
3755.65116 18.686 0.046
3757.62529 18.778 0.045
3759.59088 18.922 0.050
3762.67580 18.539 0.033
3769.73830 19.075 0.045
3772.70652 19.048 0.050
3775.69844 19.046 0.081
3778.67695 18.982 0.058
3782.58333 18.870 0.060
3786.56112 18.564 0.035
3791.55741 18.835 0.041
3798.55708 18.635 0.036
3805.54425 18.495 0.041
3820.48954 18.570 0.046
3938.93865 18.573 0.055
3961.91994 18.967 0.063
3968.90203 18.674 0.041
3974.88419 18.957 0.065
3981.79102 18.537 0.042
3987.91507 18.850 0.060
3995.82606 18.813 0.047
4002.82216 18.810 0.033
4005.77225 18.834 0.041
4007.77642 18.907 0.040
4011.75685 18.831 0.053
4018.73854 18.617 0.046
4023.79093 18.892 0.039
4026.70664 18.937 0.041
4028.84268 18.579 0.028
4031.73041 18.473 0.032
4037.83935 18.701 0.036
4040.80670 18.608 0.036
4042.82150 18.868 0.044
4048.78624 18.938 0.047
4052.62913 18.634 0.032
4053.82682 18.538 0.030
4056.64753 19.047 0.078
4059.65765 18.749 0.047
4064.62216 18.740 0.035
4066.60174 19.033 0.063
4069.66908 18.916 0.046
4071.59342 18.560 0.042
4076.64726 18.873 0.061
4079.68249 18.710 0.050
4082.67288 18.865 0.050
4084.75274 18.635 0.039
4087.67222 18.505 0.028
4093.76117 18.715 0.033
4109.65705 18.756 0.038
4113.67565 18.888 0.036
4119.61388 18.781 0.046
4122.66276 18.961 0.039
4125.71015 18.916 0.057
4129.70953 18.866 0.042
4142.56769 18.629 0.041
4150.54416 18.844 0.041
4154.52590 18.698 0.060
4165.57182 18.975 0.057
4183.51809 18.411 0.044
4340.89255 18.744 0.039
4346.87909 18.831 0.063
4350.89922 18.665 0.035
4357.83284 18.979 0.067
4363.76136 19.049 0.069
4365.78494 18.784 0.073
4369.78056 18.727 0.059
4372.75523 18.649 0.039
4376.84583 19.020 0.064
4379.85239 19.011 0.055
4383.85646 18.861 0.055
4388.79653 18.983 0.061
4393.72433 18.680 0.047
4398.79956 18.872 0.053
4403.74026 18.514 0.047
4411.73542 18.769 0.038
4417.81828 18.873 0.039
4417.86398 18.830 0.054
4421.73069 18.696 0.036
4425.80388 18.578 0.046
4429.71468 18.881 0.078
4431.85572 18.687 0.077
4436.68271 18.657 0.046
4439.72691 18.792 0.057
4442.70429 18.829 0.053
4448.75997 18.882 0.041
4450.76465 18.543 0.042
4453.74045 18.479 0.033
4456.75379 18.503 0.045
4459.66387 18.645 0.041
4462.66584 18.560 0.044
4465.70606 18.542 0.027
4469.65921 18.899 0.054
4474.66116 18.610 0.036
4478.76399 18.457 0.036
4481.76272 18.524 0.035
4484.67248 18.621 0.058
4487.73484 18.459 0.051
4492.68741 18.731 0.047
4494.72184 18.947 0.057
4499.60383 18.520 0.036
4502.67666 18.702 0.050
4507.63537 18.870 0.052
4509.63263 18.860 0.057
4514.62166 18.767 0.059
4516.54062 18.962 0.082
4520.62961 18.669 0.057
4522.53959 18.886 0.060
4524.55360 18.593 0.042
4530.55875 18.574 0.045
4532.55079 18.763 0.055
4537.54883 19.005 0.064
4540.59754 18.749 0.055
