2112.77379 16.259 0.006
2128.58871 16.358 0.007
2131.72987 16.215 0.007
2134.68686 16.371 0.007
2138.56595 16.277 0.007
2143.53466 16.204 0.007
2155.62210 16.147 0.007
2162.52561 16.191 0.007
2168.55379 16.155 0.007
2173.51194 16.299 0.008
2180.51046 16.277 0.007
2184.51521 16.384 0.008
2194.57052 16.413 0.007
2322.87353 16.396 0.007
2326.82149 16.426 0.009
2347.88476 16.319 0.007
2350.83534 16.396 0.007
2358.90029 16.192 0.007
2384.69851 16.186 0.007
2388.70280 16.280 0.007
2390.67457 16.279 0.009
2401.65455 16.355 0.007
2403.71991 16.203 0.006
2405.65682 16.409 0.007
2417.65186 16.184 0.007
2424.58484 16.358 0.009
2433.57980 16.403 0.008
2439.55769 16.226 0.007
2440.57027 16.132 0.007
2455.73968 16.366 0.007
2458.57191 16.275 0.008
2462.83134 16.192 0.007
2463.83854 16.168 0.007
2466.77132 16.184 0.007
2468.48504 16.161 0.007
2470.48737 16.389 0.008
2474.61457 16.140 0.007
2482.63741 16.336 0.007
2485.64769 16.245 0.007
2489.71787 16.189 0.007
2492.66329 16.319 0.007
2494.71696 16.170 0.007
2497.51959 16.151 0.007
2499.55593 16.392 0.007
2501.58318 16.259 0.007
2503.50840 16.421 0.011
2511.56342 16.188 0.008
2517.50151 16.381 0.009
2520.66729 16.369 0.007
2526.52020 16.193 0.006
2537.49418 16.392 0.009
2540.50987 16.185 0.007
2546.52021 16.407 0.008
2554.57341 16.177 0.007
2558.51013 16.147 0.008
2565.51357 16.397 0.008
2699.87349 16.408 0.007
2711.88853 16.192 0.006
2726.88240 16.140 0.006
2731.88949 16.135 0.007
2743.78547 16.185 0.007
2748.80446 16.210 0.007
2755.79413 16.387 0.007
2759.78965 16.211 0.007
2765.80299 16.414 0.007
2769.79509 16.338 0.005
2782.72500 16.199 0.007
2784.71788 16.338 0.007
2786.60760 16.406 0.009
2788.71773 16.399 0.007
2790.79785 16.339 0.007
2792.60203 16.351 0.009
2794.62585 16.150 0.007
2796.57978 16.394 0.007
2802.59838 16.266 0.008
2808.64597 16.187 0.007
2810.54435 16.376 0.008
2812.53307 16.164 0.007
2814.53219 16.422 0.009
2816.53550 16.194 0.007
2818.52281 16.359 0.007
2820.50780 16.254 0.007
2826.57545 16.213 0.007
2830.79760 16.146 0.007
2834.59213 16.388 0.012
2836.52675 16.136 0.007
2838.54629 16.396 0.007
2840.51746 16.179 0.007
2842.57147 16.209 0.007
2844.62670 16.408 0.007
2848.56899 16.400 0.008
2851.55218 16.162 0.007
2853.55605 16.363 0.007
2854.76104 16.189 0.007
2857.73826 16.181 0.007
2862.53868 16.409 0.008
2866.61926 16.152 0.007
2868.53303 16.256 0.006
2871.49883 16.401 0.007
2875.65216 16.179 0.007
2878.61525 16.345 0.006
2884.48910 16.241 0.007
2893.59877 16.225 0.007
2896.48051 16.265 0.008
2899.65604 16.176 0.007
2905.56505 16.435 0.010
2909.52098 16.403 0.008
2912.55863 16.168 0.007
2926.58242 16.271 0.008
3043.87952 16.396 0.007
3044.87367 16.321 0.007
3055.88958 16.147 0.007
3105.87421 16.409 0.009
3217.48812 16.141 0.007
4911.80605 16.173 0.005
