2166.84169 19.220 0.067
2172.89172 19.133 0.064
2183.88499 19.130 0.093
2189.84743 18.815 0.056
2192.75185 19.418 0.064
2201.76105 19.388 0.067
2212.79639 19.312 0.078
2217.78083 19.088 0.085
2223.80137 19.540 0.094
2226.77573 19.357 0.089
2228.81920 19.149 0.057
2230.73263 19.435 0.095
2232.75285 19.281 0.068
2234.74682 19.322 0.066
2238.69745 18.994 0.054
2240.82642 19.433 0.087
2242.83214 19.378 0.108
2248.71340 19.109 0.053
2251.73866 19.269 0.057
2253.75895 19.361 0.059
2255.68893 18.991 0.063
2258.68841 19.420 0.070
2261.66121 19.276 0.069
2264.79704 19.434 0.069
2269.76990 18.859 0.050
2271.71337 19.388 0.085
2273.80853 19.453 0.098
2275.78202 19.279 0.086
2277.78480 19.342 0.068
2279.78165 18.768 0.041
2281.74446 19.354 0.056
2283.80165 19.120 0.050
2289.73847 19.223 0.066
2291.74459 19.448 0.126
2293.71293 19.069 0.080
2295.73399 19.261 0.054
2297.72493 19.102 0.056
2299.75733 19.099 0.070
2301.66273 19.116 0.078
2303.65812 19.390 0.106
2323.54724 19.179 0.060
2326.56576 19.113 0.070
2332.50915 19.157 0.119
2338.53172 19.351 0.086
2344.52473 19.173 0.061
2355.49705 19.353 0.114
2387.48726 19.178 0.114
2521.90714 19.451 0.091
2537.85395 19.043 0.099
2542.82007 19.430 0.079
2544.87723 19.321 0.097
2551.86748 19.259 0.068
2555.89148 19.301 0.100
2559.80543 19.418 0.100
2563.85070 19.236 0.089
2573.77845 19.343 0.110
2577.84122 19.298 0.074
2580.86918 19.423 0.094
2589.77726 19.000 0.055
2594.79409 19.555 0.169
2599.84892 19.286 0.069
2609.65408 19.440 0.107
2611.65927 19.322 0.085
2617.80596 19.374 0.101
2620.77493 19.137 0.059
2623.74821 18.922 0.051
2626.67330 19.443 0.079
2627.61510 19.389 0.132
2628.84035 19.339 0.098
2630.82909 19.068 0.091
2632.61989 19.149 0.050
2635.61539 19.050 0.051
2637.74108 18.873 0.044
2637.75556 18.934 0.054
2639.77177 19.443 0.062
2641.64605 18.844 0.053
2643.65723 19.457 0.076
2645.64957 19.223 0.068
2647.57630 19.452 0.085
2651.64381 18.922 0.057
2653.66744 19.372 0.098
2655.65360 19.257 0.075
2657.78733 19.090 0.079
2659.65451 19.190 0.063
2661.67515 19.087 0.051
2665.78109 19.238 0.073
2667.85180 18.878 0.086
2671.78538 18.829 0.062
2675.71746 18.792 0.049
2677.75184 19.506 0.111
2679.74288 19.219 0.080
2682.60063 19.376 0.081
2686.56984 19.019 0.099
2691.52055 19.200 0.101
2695.57791 19.286 0.080
2700.52891 18.925 0.069
2713.51392 19.497 0.135
2735.49399 18.910 0.064
2841.91386 19.261 0.089
2868.88066 19.419 0.086
2890.82381 19.264 0.089
2895.85959 19.264 0.063
2900.81524 19.412 0.070
2906.84628 19.413 0.063
2910.87958 19.303 0.054
2915.87977 19.184 0.047
2921.87853 18.982 0.053
2925.84838 19.091 0.061
2930.76099 19.203 0.076
2933.80538 19.264 0.054
2939.81384 18.885 0.054
2941.83196 19.450 0.067
2943.70669 18.814 0.051
2946.80973 18.960 0.063
2948.80005 19.455 0.088
2952.79613 19.378 0.082
2955.85103 19.216 0.091
2958.66634 19.257 0.093
2962.67731 19.363 0.076
2965.69435 19.170 0.068
2967.79369 19.122 0.051
2970.69990 19.247 0.057
2970.70688 19.208 0.054
2974.69888 18.960 0.047
2976.73272 19.310 0.062
2978.62724 18.848 0.051
2980.65364 19.525 0.086
2982.61285 18.900 0.056
2984.65400 19.391 0.070
2986.74179 19.286 0.068
2988.70982 18.903 0.045
2990.64317 19.414 0.078
2992.72971 19.161 0.055
2994.63995 19.379 0.064
2996.72659 19.294 0.070
2998.68565 18.901 0.045
2999.77764 19.338 0.070
3001.65639 19.385 0.076
3003.65206 19.282 0.064
3005.60880 19.426 0.089
3007.72749 19.286 0.075
3009.66333 19.053 0.053
3011.60888 19.429 0.120
3013.63956 19.167 0.063
3017.61481 19.209 0.047
3018.70664 19.239 0.070
3020.78183 19.275 0.064
3022.80837 19.169 0.069
3024.75689 19.393 0.069
3026.75424 19.041 0.048
3028.76169 19.500 0.056
3030.76655 19.319 0.057
3033.69383 19.002 0.037
3035.70013 19.523 0.082
3038.67846 19.355 0.088
3040.67807 18.871 0.057
3042.62162 19.485 0.110
3044.55556 19.031 0.070
3046.57102 19.351 0.062
3048.55599 19.125 0.047
3050.57481 19.172 0.050
3052.57186 19.328 0.063
3054.57270 19.015 0.055
3056.56986 19.375 0.067
3060.58409 19.314 0.067
3064.58200 19.098 0.072
3067.64558 19.154 0.066
3069.60564 19.469 0.087
3073.51502 19.267 0.098
3075.60977 19.055 0.060
3078.52958 19.335 0.081
3082.51856 18.542 0.044
3084.59452 19.319 0.061
3087.55603 19.472 0.087
3090.51168 19.281 0.092
3093.49155 19.038 0.091
3098.60193 19.010 0.074
3101.55964 19.524 0.132
3104.53277 19.293 0.072
3107.51271 19.217 0.095
3111.50630 19.348 0.110
3114.50028 19.054 0.064
3115.52461 19.439 0.107
3126.46469 19.484 0.116
3144.47924 19.202 0.105
3224.88016 19.218 0.086
3239.91421 19.439 0.079
3247.88518 19.323 0.072
3256.86355 19.280 0.068
3263.83046 19.256 0.044
3268.85416 19.049 0.042
3273.82580 19.187 0.075
3281.80876 19.360 0.049
3289.82231 19.219 0.062
3294.82044 19.154 0.051
3296.82580 19.250 0.050
3301.67674 18.822 0.057
3303.84578 18.656 0.055
3306.82037 19.452 0.083
3308.83740 19.276 0.085
3310.86965 19.061 0.063
3320.68064 19.347 0.062
3323.63364 19.194 0.068
3329.80973 19.305 0.055
3334.70954 19.310 0.087
3338.76532 18.840 0.045
3349.78158 19.199 0.060
3351.76640 19.518 0.074
3354.73454 19.374 0.070
3358.62089 19.361 0.062
3361.71664 19.429 0.069
3363.70677 19.181 0.067
3367.66030 19.134 0.066
3372.67908 19.326 0.055
3377.71528 19.285 0.078
3386.74100 19.250 0.044
3391.58632 18.790 0.050
3395.64107 19.312 0.088
3398.69807 19.311 0.073
3402.64335 19.273 0.055
3404.57117 19.373 0.081
3408.52458 18.919 0.057
3412.55452 19.162 0.082
3414.59180 19.130 0.063
3419.55290 19.021 0.066
3426.50791 18.886 0.073
3433.55901 19.029 0.057
3443.52954 18.913 0.060
3453.49588 18.966 0.069
3574.93067 18.901 0.059
3588.92140 19.059 0.059
3589.87242 19.199 0.061
3614.91278 19.442 0.078
3617.86945 19.184 0.056
3629.80902 19.764 0.129
3634.77509 19.343 0.076
3639.88537 18.961 0.037
3641.81905 19.288 0.072
3650.81442 19.223 0.047
3653.84239 19.383 0.063
3657.79288 19.270 0.057
3660.75871 19.238 0.082
3664.79413 18.985 0.040
3668.73041 19.015 0.062
3671.86601 19.091 0.051
3676.84141 19.456 0.069
3684.78558 19.259 0.048
3687.70464 19.271 0.061
3689.80327 19.090 0.053
3692.72768 19.158 0.054
3694.80156 19.445 0.075
3696.67688 18.941 0.044
3699.68916 19.441 0.057
3701.74001 19.225 0.055
3704.70655 19.309 0.056
3706.76079 18.880 0.037
3711.65175 19.262 0.059
3713.66545 19.119 0.051
3716.71450 19.033 0.061
3719.71902 19.332 0.087
3722.76180 19.259 0.070
3726.66475 19.393 0.061
3728.63745 19.138 0.040
3731.73797 19.158 0.050
3733.62417 19.342 0.055
3734.72711 19.042 0.041
3736.74603 19.439 0.062
3737.63459 19.376 0.060
3739.69671 19.288 0.057
3741.72410 19.048 0.067
3743.69905 19.590 0.091
3746.74327 19.417 0.108
3748.69587 19.017 0.064
3750.70205 19.590 0.086
3752.71013 19.290 0.059
3754.73139 18.961 0.049
3755.65116 18.950 0.059
3757.62529 19.249 0.068
3759.59088 19.052 0.055
3762.67580 19.037 0.050
3769.73830 19.201 0.048
3772.70652 19.069 0.048
3775.69844 18.992 0.075
3778.67695 19.263 0.067
3782.58333 19.568 0.113
3786.56112 19.317 0.066
3791.55741 19.286 0.060
3798.55708 19.181 0.054
3805.54425 19.201 0.075
3820.48954 19.279 0.083
3938.93865 19.033 0.080
3961.91994 19.304 0.079
3968.90203 19.433 0.076
3974.88419 19.332 0.088
3981.79102 18.971 0.059
3987.91507 19.222 0.082
3995.82606 19.358 0.072
4002.82216 19.197 0.043
4005.77225 18.773 0.036
4007.77642 19.372 0.055
4011.75685 19.375 0.082
4018.73854 19.432 0.088
4023.79093 19.346 0.055
4026.70664 19.127 0.045
4028.84268 19.027 0.041
4031.73041 19.464 0.070
4037.83935 19.476 0.072
4040.80670 19.220 0.060
4042.82150 19.109 0.053
4048.78624 19.362 0.069
4052.62913 19.343 0.055
4053.82682 18.961 0.043
4056.64753 19.520 0.114
4059.65765 19.380 0.076
4064.62216 19.034 0.043
4066.60174 19.482 0.092
4069.66908 19.360 0.063
4071.59342 19.079 0.062
4076.64726 19.206 0.081
4079.68249 19.205 0.075
4082.67288 19.243 0.068
4084.75274 19.136 0.060
4087.67222 19.309 0.055
4093.76117 19.390 0.057
4109.65705 18.940 0.044
4113.67565 19.433 0.057
4119.61388 19.078 0.061
4122.66276 19.010 0.041
4125.71015 19.106 0.067
4129.70953 18.941 0.045
4142.56769 19.279 0.069
4150.54416 19.471 0.070
4154.52590 19.404 0.113
4165.57182 19.226 0.075
4183.51809 19.180 0.086
4340.89255 19.391 0.063
4346.87909 19.509 0.116
4350.89922 19.334 0.060
4357.83284 19.361 0.094
4363.76136 19.056 0.069
4365.78494 19.207 0.105
4369.78056 19.013 0.075
4372.75523 19.381 0.067
4376.84583 18.975 0.061
4379.85239 18.913 0.050
4383.85646 19.228 0.076
4388.79653 19.382 0.087
4393.72433 19.016 0.062
4398.79956 19.278 0.074
4403.74026 19.245 0.088
4411.73542 18.842 0.038
4417.81828 18.740 0.036
4417.86398 18.951 0.064
4421.73069 18.853 0.041
4425.80388 19.200 0.080
4429.71468 18.961 0.083
4431.85572 19.202 0.125
4436.68271 19.189 0.072
4439.72691 19.212 0.082
4442.70429 18.982 0.061
4448.75997 19.052 0.048
4450.76465 19.556 0.105
4453.74045 19.288 0.067
4456.75379 19.038 0.074
4459.66387 19.539 0.088
4462.66584 19.435 0.095
4465.70606 19.481 0.057
4469.65921 19.428 0.086
4474.66116 19.256 0.064
4478.76399 19.308 0.078
4481.76272 19.274 0.069
4484.67248 18.895 0.078
4487.73484 19.072 0.092
4492.68741 19.289 0.078
4494.72184 19.076 0.064
4499.60383 19.252 0.070
4502.67666 19.334 0.088
4507.63537 19.593 0.101
4509.63263 19.240 0.085
4514.62166 19.328 0.104
4516.54062 19.271 0.108
4520.62961 19.295 0.099
4522.53959 18.980 0.068
4524.55360 19.522 0.095
4530.55875 19.184 0.078
4532.55079 18.967 0.069
4537.54883 19.283 0.085
4540.59754 18.971 0.069
