2128.70412 16.134 0.007
2131.62196 15.867 0.006
2135.59255 16.302 0.006
2140.57255 16.131 0.007
2143.67890 16.140 0.007
2162.64867 16.139 0.007
2170.55518 16.284 0.007
2173.62879 16.284 0.007
2183.57283 15.838 0.007
2185.50684 16.353 0.008
2200.53073 15.945 0.007
2328.84407 16.185 0.007
2344.89752 16.343 0.007
2351.85948 16.060 0.006
2360.86894 16.286 0.007
2371.84277 15.995 0.006
2381.85008 16.219 0.007
2385.87059 16.144 0.007
2389.87396 16.002 0.007
2391.76763 15.776 0.007
2400.75666 16.143 0.007
2400.78416 16.155 0.007
2402.86926 16.178 0.007
2404.91979 16.165 0.007
2406.90657 16.088 0.007
2414.83693 16.333 0.007
2416.72968 16.187 0.007
2424.78550 15.935 0.006
2428.81568 15.859 0.006
2431.74750 16.222 0.007
2433.72104 16.123 0.007
2435.67392 16.034 0.006
2437.73263 16.045 0.007
2439.66932 15.932 0.006
2441.64605 16.000 0.006
2444.64809 16.273 0.007
2446.74542 16.306 0.009
2452.65513 16.080 0.008
2458.79114 16.041 0.007
2462.65110 16.278 0.007
2464.60941 16.180 0.007
2467.50229 15.965 0.007
2469.51197 15.902 0.006
2471.74761 16.109 0.006
2473.50024 16.267 0.008
2483.58042 16.167 0.007
2486.54885 16.004 0.007
2490.53151 15.837 0.006
2492.77034 16.107 0.007
2495.56211 16.257 0.007
2497.62017 16.235 0.007
2499.66632 16.243 0.007
2501.68451 16.226 0.007
2508.50303 15.931 0.006
2511.68000 15.837 0.007
2518.59654 16.273 0.007
2521.61013 16.142 0.007
2535.53966 16.117 0.007
2541.51500 15.890 0.006
2546.55704 16.027 0.007
2555.56467 16.157 0.007
2562.51766 15.833 0.007
2572.54214 16.123 0.009
2574.49345 15.967 0.007
2713.84104 15.973 0.007
2727.88343 16.152 0.007
2732.90134 16.020 0.007
2743.88871 16.296 0.007
2752.80219 15.710 0.006
2755.91149 15.821 0.006
2759.90316 16.237 0.007
2765.92997 16.123 0.007
2770.65908 16.211 0.008
2782.89987 16.174 0.008
2784.85897 16.065 0.007
2789.60315 16.161 0.007
2791.56420 16.081 0.007
2796.66433 16.011 0.006
2802.71588 15.697 0.006
2808.76072 16.311 0.008
2810.69160 16.237 0.007
2812.66044 16.096 0.007
2813.74882 16.209 0.007
2815.68503 16.022 0.006
2816.82020 16.161 0.007
2817.82951 16.127 0.007
2819.62355 15.955 0.006
2821.59376 16.238 0.007
2830.63294 15.998 0.007
2835.56079 16.181 0.008
2836.79210 16.015 0.007
2838.68541 15.821 0.006
2840.66106 16.329 0.007
2842.68853 16.249 0.006
2844.72429 16.240 0.007
2849.61741 16.014 0.007
2851.65373 15.984 0.006
2853.66325 15.924 0.006
2856.53865 16.215 0.007
2858.51588 16.138 0.007
2860.66929 16.246 0.009
2863.66304 16.176 0.007
2867.62254 15.948 0.006
2870.70069 15.947 0.007
2876.67606 16.307 0.007
2879.62084 16.209 0.007
2882.57418 16.081 0.007
2885.62981 16.070 0.008
2893.68402 16.016 0.007
2896.55436 16.127 0.007
2907.51072 16.327 0.008
2925.54834 16.096 0.007
2935.56209 16.062 0.007
3049.86109 16.154 0.007
4686.64194 16.056 0.006
