2128.70118 14.956 0.005
2131.61903 15.318 0.006
2135.58962 15.162 0.005
2140.56961 15.142 0.006
2143.67620 14.947 0.005
2162.64572 15.028 0.005
2170.55223 15.145 0.005
2173.62585 14.935 0.005
2183.56986 14.909 0.006
2185.50388 15.118 0.006
2200.52800 15.170 0.006
2328.84123 15.190 0.005
2344.89467 15.408 0.006
2351.85663 14.946 0.005
2360.86612 14.937 0.007
2371.83997 14.953 0.005
2381.84727 14.953 0.005
2385.86773 14.884 0.005
2389.87109 15.414 0.006
2391.76473 14.905 0.006
2400.75378 15.316 0.006
2400.78128 15.099 0.005
2402.86634 15.135 0.006
2404.91690 15.336 0.006
2406.90369 14.996 0.005
2414.83406 15.417 0.008
2416.72679 14.895 0.005
2424.78262 15.358 0.006
2428.81275 15.230 0.006
2431.74457 14.917 0.005
2433.71814 15.169 0.006
2435.67102 15.413 0.006
2437.72971 15.021 0.006
2439.66640 15.242 0.005
2441.64314 14.915 0.005
2444.64539 15.242 0.006
2446.74274 14.932 0.005
2452.65217 14.968 0.006
2458.78821 15.226 0.006
2462.64815 14.970 0.005
2464.60647 15.216 0.005
2467.49937 14.881 0.005
2469.50902 15.151 0.005
2471.74466 14.932 0.005
2473.49728 14.995 0.006
2483.57745 15.077 0.005
2486.54590 15.189 0.006
2490.52855 15.321 0.006
2492.76738 15.107 0.006
2495.55915 15.369 0.006
2497.61720 14.967 0.005
2499.66333 15.292 0.006
2501.68152 14.919 0.005
2508.50007 15.011 0.005
2511.67703 14.924 0.006
2518.59356 15.127 0.005
2521.60715 14.882 0.005
2535.53669 15.375 0.007
2541.51205 15.142 0.005
2546.55409 14.984 0.005
2550.60056 15.437 0.008
2555.56170 15.415 0.007
2562.51469 14.933 0.005
2572.53577 14.953 0.006
2713.83815 15.410 0.006
2727.88062 15.348 0.006
2732.89853 15.370 0.007
2743.88589 15.075 0.005
2752.79936 15.276 0.006
2755.90868 15.096 0.005
2759.90033 14.950 0.005
2765.92715 15.132 0.006
2770.65625 14.908 0.006
2782.89704 15.375 0.007
2784.85612 14.940 0.005
2786.72897 15.128 0.006
2789.60034 15.414 0.006
2791.56137 14.960 0.005
2794.71928 14.935 0.005
2796.66148 15.057 0.005
2802.71303 15.232 0.007
2808.75788 15.419 0.007
2810.68873 14.947 0.005
2812.65759 15.188 0.005
2813.74598 15.437 0.006
2815.68216 14.945 0.005
2816.81732 15.193 0.006
2817.82667 15.352 0.006
2819.62067 15.328 0.006
2821.59087 15.000 0.005
2830.63005 14.919 0.005
2835.55790 14.876 0.006
2836.78918 15.183 0.006
2838.68247 15.396 0.006
2840.65818 14.943 0.005
2842.67342 15.213 0.005
2844.72143 14.880 0.005
2849.61451 15.250 0.006
2851.65082 15.081 0.005
2853.66034 15.385 0.006
2856.53574 14.972 0.005
2858.51300 15.238 0.006
2860.66639 14.950 0.006
2863.66013 15.397 0.007
2867.61964 15.193 0.005
2870.69778 14.984 0.005
2876.67314 15.125 0.005
2879.61795 15.069 0.005
2882.57123 15.179 0.006
2885.65223 14.968 0.007
2893.68110 15.428 0.006
2896.55147 15.011 0.005
2907.50778 15.145 0.006
2925.54540 14.907 0.005
2935.55915 14.929 0.006
3049.85826 15.084 0.005
3057.88596 14.893 0.005
3061.86066 15.395 0.006
3067.79726 15.216 0.005
3069.87071 15.117 0.005
3072.83206 15.047 0.005
3074.86666 15.139 0.005
3080.90253 15.252 0.008
3083.85072 14.966 0.005
3085.80533 15.192 0.005
3087.75716 15.356 0.006
3089.74452 14.998 0.005
3090.90259 15.285 0.005
3093.91601 15.018 0.005
3098.74207 14.895 0.005
3098.77453 14.915 0.005
3098.79299 14.938 0.005
3098.81705 14.946 0.005
3098.84069 14.963 0.005
3098.87679 14.976 0.005
3098.91519 15.006 0.005
3099.71090 14.983 0.005
3099.74622 15.019 0.005
3099.83818 15.113 0.005
3099.91293 15.165 0.005
3100.73445 15.161 0.006
3100.77817 15.175 0.005
3100.83684 15.235 0.005
3100.87506 15.275 0.005
3100.91537 15.310 0.005
3101.72808 15.289 0.007
3101.77647 15.341 0.006
3101.83434 15.393 0.006
3101.87418 15.428 0.006
3101.91089 15.368 0.006
3102.70072 15.434 0.006
3102.75759 15.316 0.006
3102.83886 14.920 0.005
3102.91297 14.905 0.007
3103.71807 14.901 0.005
3103.81669 14.929 0.008
3103.91009 15.017 0.005
3104.70528 14.985 0.007
3104.87057 15.118 0.013
3104.91715 15.167 0.008
3106.70969 15.275 0.006
3106.81624 15.364 0.009
3107.70755 15.410 0.006
3107.90430 14.910 0.005
3108.70149 14.876 0.005
3108.89807 15.001 0.005
3109.71703 14.994 0.005
3110.73190 15.173 0.005
3111.78854 15.372 0.006
3112.72752 15.400 0.006
3113.77082 14.924 0.005
3114.71033 14.998 0.005
3115.76957 15.198 0.005
3118.82358 14.968 0.005
3122.77951 15.083 0.005
3125.75703 15.192 0.006
3126.76330 15.346 0.005
3127.69677 15.444 0.006
3128.71607 14.899 0.005
3129.69449 15.000 0.005
3130.87070 15.302 0.006
3134.66763 14.977 0.006
3137.71592 15.376 0.006
3138.87262 15.011 0.005
3139.73524 15.029 0.005
3140.76936 15.216 0.005
3141.85840 15.412 0.006
3142.94235 14.947 0.005
3144.69033 14.986 0.005
3146.65192 15.254 0.006
3152.65534 15.426 0.006
3153.65771 14.892 0.005
3154.73897 15.053 0.006
3156.64775 15.267 0.005
3158.68568 14.898 0.005
3162.70274 15.375 0.006
3163.66887 14.893 0.005
3164.62071 14.965 0.005
3166.69464 15.318 0.006
3167.84765 14.898 0.005
3168.65082 14.891 0.005
3169.62137 14.975 0.005
3169.91241 15.212 0.006
3170.85468 15.299 0.005
3171.64883 15.254 0.005
3172.62737 15.413 0.005
3174.61356 14.984 0.005
3175.61212 15.100 0.005
3176.64252 15.255 0.006
3178.67441 14.891 0.005
3179.70467 15.036 0.005
3180.59698 15.078 0.005
3182.65452 15.435 0.006
3183.61838 14.926 0.005
3184.58907 14.959 0.005
3184.87156 15.196 0.006
3185.69945 15.182 0.005
3192.73334 15.053 0.005
3193.76007 14.963 0.005
3194.68935 15.030 0.005
3195.56836 15.082 0.005
3196.64614 15.269 0.005
3196.81500 15.430 0.006
3197.63937 15.433 0.007
3199.59431 14.946 0.005
3202.64205 15.429 0.006
3203.76316 14.951 0.005
3205.57900 15.081 0.005
3206.56082 15.199 0.005
3207.56391 15.371 0.006
3210.79148 15.270 0.005
3211.55157 15.193 0.005
3212.55934 15.390 0.007
3217.55565 15.385 0.008
3218.55475 15.064 0.005
3223.54838 15.079 0.005
3224.55999 14.958 0.005
3226.51491 15.201 0.005
3228.71335 14.938 0.005
3229.52354 14.932 0.005
3230.56394 15.102 0.005
3239.67232 15.037 0.005
3241.55977 15.224 0.007
3244.65811 15.027 0.005
3246.58529 15.263 0.006
3248.56882 14.944 0.005
3250.55392 15.097 0.005
3253.49497 15.265 0.005
3255.66521 15.187 0.006
3258.58968 14.883 0.005
3262.53641 15.385 0.006
3266.54388 15.232 0.006
3268.61200 14.900 0.005
3272.51937 15.381 0.006
3274.50514 14.930 0.005
3278.52307 15.042 0.005
3280.58136 15.153 0.005
3287.51281 15.390 0.006
3292.49681 15.378 0.006
3309.54004 14.969 0.005
3432.82543 14.994 0.005
3438.90779 15.225 0.006
3444.84459 15.321 0.005
3446.87315 14.940 0.005
3448.90393 15.219 0.005
3452.78798 14.989 0.005
3454.84508 15.322 0.006
3468.80330 15.167 0.005
3470.77295 15.425 0.006
3473.80151 15.159 0.005
3473.81704 15.169 0.008
3473.89154 15.217 0.006
3474.83559 15.331 0.005
3474.86370 15.367 0.006
3475.72332 15.382 0.006
3475.73806 15.408 0.005
3475.81597 15.363 0.005
3475.85118 15.104 0.005
3475.88866 15.022 0.005
3475.92467 14.896 0.005
3476.70974 15.046 0.005
3476.73938 14.921 0.005
3476.76284 14.895 0.005
3476.78932 14.897 0.005
3476.82174 14.928 0.006
3476.86098 14.947 0.005
3476.89977 14.969 0.005
3476.92984 14.992 0.005
3477.71871 14.949 0.005
3477.74885 14.969 0.005
3477.80875 15.018 0.005
3477.87401 15.090 0.005
3477.92556 15.136 0.005
3478.71035 15.079 0.005
3478.80190 15.169 0.006
3479.74009 15.241 0.005
3479.87116 15.358 0.005
3480.76687 15.433 0.006
3480.90383 14.922 0.005
3481.68552 15.087 0.006
3482.73159 14.964 0.005
3482.78302 14.984 0.005
3483.76039 15.122 0.007
3496.87044 14.944 0.005
3497.67729 14.928 0.005
3499.88465 15.399 0.005
3500.82959 15.167 0.005
3501.71302 14.973 0.005
3502.86808 15.089 0.005
3503.78555 15.172 0.005
3504.75394 15.275 0.005
3508.67205 15.064 0.005
3509.65934 15.188 0.005
3511.66840 15.060 0.007
3512.73599 14.969 0.005
3520.61083 15.306 0.006
3521.77619 14.917 0.005
3522.62956 14.913 0.005
3523.66412 15.075 0.005
3524.64807 15.198 0.005
3525.82678 15.079 0.005
3526.83380 14.943 0.005
3527.84490 15.087 0.005
3528.80896 15.189 0.005
3529.89626 15.421 0.005
3530.75274 15.420 0.005
3538.76920 15.168 0.005
3541.84658 14.952 0.005
3547.54193 14.884 0.005
3550.74141 15.398 0.005
3551.68721 14.927 0.005
3552.79254 15.051 0.005
3553.64567 15.083 0.006
3554.62582 15.188 0.006
3556.60964 15.284 0.005
3558.67283 15.112 0.005
3559.75274 15.311 0.005
3560.77507 15.268 0.005
3561.68493 14.911 0.005
3562.48801 15.026 0.005
3563.54183 14.977 0.005
3564.68373 15.253 0.005
3569.78511 15.345 0.006
3573.53994 14.971 0.005
3574.59450 15.190 0.005
3575.58328 15.309 0.005
3576.63753 15.053 0.005
3577.61355 14.932 0.005
3578.56702 15.012 0.005
3579.55075 15.161 0.005
3580.53747 15.271 0.005
3581.57768 15.356 0.006
3582.52617 14.879 0.005
3583.56564 15.022 0.005
3584.55184 15.147 0.005
3585.54246 15.274 0.005
3586.60754 15.110 0.005
3587.67526 14.971 0.005
3589.58106 15.169 0.005
3590.53866 15.273 0.005
3591.61632 15.074 0.005
3593.50379 14.961 0.005
3594.61567 15.199 0.005
3601.51717 15.430 0.006
3602.53200 14.889 0.005
3603.52285 14.990 0.005
3607.53869 14.898 0.005
3608.53052 14.994 0.005
3617.53416 14.890 0.005
3620.60971 15.389 0.005
3629.59362 15.212 0.006
3632.51491 14.892 0.005
3634.57459 15.194 0.005
3640.60190 15.394 0.006
3643.52297 15.020 0.006
3646.53022 15.359 0.007
3651.52098 15.372 0.006
3653.54900 15.049 0.006
3774.86171 14.931 0.005
3780.84137 14.950 0.005
3904.82804 14.898 0.005
3904.85444 14.911 0.005
3904.88082 14.926 0.005
3905.52044 15.312 0.005
3905.59266 14.974 0.005
3905.66559 14.907 0.005
3905.76671 14.970 0.005
4151.85794 15.319 0.006
4154.86757 15.052 0.005
4157.83787 15.338 0.006
4159.85421 15.038 0.005
4162.80314 15.419 0.007
4164.84366 15.038 0.005
4166.85614 15.345 0.007
4168.89517 14.946 0.005
4170.91008 15.235 0.006
4176.77428 15.273 0.006
4177.81793 15.366 0.007
4178.87121 14.935 0.005
4179.91100 15.128 0.006
4181.84779 15.343 0.006
4182.89616 14.992 0.005
4183.92843 14.966 0.011
4184.78751 14.993 0.005
4185.90612 15.234 0.006
4190.79276 15.167 0.006
4191.89358 15.416 0.007
4192.81099 15.355 0.006
4193.82944 14.910 0.005
4194.85094 15.058 0.005
4196.83948 15.316 0.009
4202.82098 15.262 0.006
4203.80905 14.918 0.005
4204.80118 15.040 0.008
4205.79949 15.172 0.005
4207.79592 15.375 0.006
4208.79288 14.908 0.007
4213.80017 14.916 0.005
4215.80668 15.178 0.006
4216.76436 15.276 0.006
4217.77200 15.396 0.006
4218.82400 14.921 0.005
4219.85014 15.090 0.006
4220.78807 15.169 0.005
4222.75654 15.423 0.006
4224.85658 15.093 0.008
4228.75144 14.890 0.005
4229.73583 14.987 0.005
4230.72572 15.132 0.008
4231.70794 15.236 0.005
4232.72018 15.421 0.010
4233.90965 14.995 0.005
4234.88709 15.136 0.006
4235.68168 15.083 0.008
4238.75130 14.897 0.005
4239.70194 14.971 0.005
4240.76106 15.162 0.005
4243.61075 15.365 0.007
4244.67928 14.948 0.005
4245.67265 15.089 0.007
4246.73140 15.272 0.006
4247.77058 15.331 0.008
4250.81861 15.196 0.006
4256.58819 15.168 0.006
4258.60461 15.320 0.007
4267.56371 15.280 0.007
4268.79986 14.929 0.005
4269.54674 14.874 0.005
4272.57021 15.278 0.006
4273.76875 14.919 0.005
4274.63213 14.934 0.005
4275.66101 15.090 0.006
4276.75344 15.318 0.007
4277.67683 15.407 0.006
4278.63427 15.071 0.006
4283.57187 15.382 0.006
4284.56371 14.903 0.005
4285.56710 15.015 0.005
4286.56664 15.171 0.005
4289.60127 14.925 0.006
4290.62393 15.060 0.006
4291.68428 15.257 0.006
4292.54907 15.287 0.005
4293.55531 15.403 0.006
4294.54833 14.891 0.005
4295.56646 15.016 0.005
4296.55284 15.164 0.006
4297.68588 15.427 0.006
4298.51561 15.413 0.006
4299.50204 14.892 0.005
4300.60719 15.049 0.005
4301.77531 15.353 0.006
4302.73157 15.367 0.006
4303.73986 14.908 0.005
4304.51177 14.885 0.006
4310.67799 15.139 0.006
4312.58667 15.345 0.006
4315.59406 15.053 0.005
4316.67685 15.255 0.006
4317.60074 15.354 0.006
4319.57771 14.921 0.005
4320.66435 15.124 0.006
4326.59552 15.195 0.005
4327.55449 15.319 0.007
4328.56016 15.284 0.005
4329.49633 14.886 0.005
4330.56613 15.039 0.005
4331.56183 15.190 0.006
4332.57575 15.331 0.006
4333.49677 15.434 0.007
4339.55970 14.912 0.005
4340.49821 14.986 0.006
4341.56412 15.181 0.006
4342.60018 15.376 0.006
4343.57964 15.071 0.005
4344.62103 14.954 0.005
4345.57588 15.057 0.005
4346.58151 15.200 0.006
4347.59535 15.372 0.006
4349.56411 14.925 0.005
4350.62187 15.109 0.005
4351.56941 15.194 0.006
4353.58594 15.056 0.005
4354.60528 14.949 0.005
4355.62157 15.116 0.006
4356.57014 15.193 0.006
4358.59462 15.022 0.006
4361.61562 15.235 0.007
4367.58047 15.374 0.007
4371.57941 15.211 0.006
4377.54434 15.340 0.006
4380.62381 15.131 0.006
4396.56570 15.209 0.007
4505.88020 15.426 0.006
4508.87230 15.136 0.005
4512.85863 14.977 0.005
4514.87695 15.283 0.005
4518.86122 15.133 0.006
4521.89307 14.902 0.005
4523.83391 15.102 0.006
4525.82600 15.405 0.007
4532.79592 14.940 0.005
4534.80240 15.218 0.005
4536.88225 14.893 0.005
4538.80323 15.099 0.005
4540.78744 15.369 0.005
4541.88447 14.905 0.005
4542.84788 14.980 0.005
4545.92003 15.199 0.007
4546.84588 14.898 0.005
4547.86533 15.011 0.005
4551.84701 14.891 0.005
4556.81965 14.908 0.005
4557.84266 14.998 0.005
4558.81129 15.117 0.005
4559.80994 15.243 0.005
4560.81030 15.418 0.005
4561.79918 14.963 0.005
4564.80334 15.241 0.006
4565.78794 15.369 0.007
4566.78880 14.990 0.005
4567.78768 14.956 0.005
4568.81737 15.136 0.005
4569.80700 15.242 0.005
4570.79789 15.411 0.006
4571.78537 14.989 0.005
4572.82280 14.976 0.005
4573.79891 15.123 0.005
4574.80121 15.243 0.005
4575.81001 15.428 0.006
4577.89904 15.053 0.005
4578.85260 15.164 0.006
4583.80808 15.143 0.005
4585.72115 15.356 0.006
4586.93291 14.943 0.005
4587.67389 14.905 0.005
4588.65785 14.991 0.005
4589.81755 15.261 0.006
4590.66116 15.277 0.007
4591.81358 14.862 0.007
4592.72918 14.935 0.005
4593.71434 15.044 0.006
4594.73556 15.202 0.005
4595.72786 15.357 0.006
4596.71989 15.182 0.005
4597.74461 14.947 0.005
4598.72061 15.062 0.005
4599.69313 15.183 0.005
4600.70551 15.333 0.005
4601.70816 15.260 0.005
4602.70050 14.932 0.005
4603.92355 15.216 0.005
4606.70848 15.225 0.005
4610.81185 15.418 0.006
4611.68745 15.330 0.006
4611.87832 14.926 0.005
4612.71191 14.929 0.005
4615.85444 15.318 0.007
4616.67354 15.372 0.006
4617.77580 14.949 0.006
4618.71129 15.059 0.005
4622.59269 14.946 0.005
4622.87010 15.048 0.005
4623.73172 15.094 0.005
4624.67095 15.178 0.005
4625.65609 15.302 0.006
4626.69957 15.167 0.006
4627.62742 14.888 0.005
4628.62945 14.985 0.005
4629.69415 15.193 0.005
4630.63046 15.280 0.005
4631.65267 15.391 0.005
4632.63940 14.881 0.005
4633.63302 14.996 0.005
4638.81696 15.164 0.005
4639.63802 15.164 0.005
4640.65491 15.308 0.006
4641.73749 14.979 0.005
4642.65349 14.907 0.005
4643.61962 14.985 0.005
4644.68102 15.197 0.005
4645.59346 15.263 0.006
4646.59000 15.421 0.005
4647.58359 14.929 0.006
4648.58801 14.972 0.005
4649.59013 15.130 0.005
4650.62286 15.283 0.006
4651.63270 15.410 0.006
4652.56711 14.961 0.005
4653.56105 14.942 0.005
4654.60031 15.140 0.005
4655.56091 15.229 0.006
4656.56287 15.406 0.006
4658.72160 15.096 0.005
4660.67439 15.342 0.006
4661.55094 15.393 0.006
4665.71879 15.389 0.006
4666.62424 15.405 0.006
4670.68892 15.372 0.006
4671.73618 14.901 0.005
4672.56994 14.902 0.005
4674.57584 15.131 0.006
4677.55245 14.945 0.005
4681.49858 15.348 0.006
4682.54219 14.979 0.005
4683.58090 14.984 0.005
4684.59995 15.153 0.005
4685.56435 15.249 0.006
4686.56537 15.420 0.006
4687.56555 14.876 0.005
4688.55857 14.973 0.005
4694.50857 15.080 0.006
4697.56221 14.891 0.005
4698.58833 14.994 0.005
4700.58365 15.279 0.005
4701.56654 15.424 0.006
4702.58142 14.887 0.005
4703.64884 15.045 0.005
4707.67809 14.947 0.005
4709.57674 15.158 0.006
4710.61735 15.301 0.005
4716.64960 15.073 0.006
4721.56753 15.440 0.007
4724.57436 15.165 0.006
4725.60198 15.295 0.006
4730.64367 15.370 0.006
4739.55144 15.164 0.006
4748.55426 14.995 0.005
4754.52966 15.138 0.006
4759.56025 15.178 0.006
4874.88814 15.044 0.006
4878.84820 15.340 0.006
4885.84956 14.930 0.005
4887.88761 15.216 0.005
4891.84412 15.043 0.005
4897.87567 15.229 0.006
4900.84006 14.933 0.005
4902.81710 15.176 0.005
4904.84539 15.099 0.005
4906.86789 15.093 0.005
4910.87448 14.904 0.008
4914.83921 15.093 0.005
4920.75927 14.876 0.005
4925.75785 14.891 0.007
4927.78888 15.172 0.007
4929.77354 15.398 0.006
4930.91294 14.994 0.005
4931.75757 14.991 0.005
4932.89052 15.260 0.005
4933.88525 15.419 0.006
4938.75476 15.286 0.005
4939.78262 15.370 0.006
4941.73422 14.958 0.007
4942.83862 15.208 0.005
4943.85329 15.406 0.005
4944.86277 14.957 0.005
4945.75876 14.905 0.005
4950.83829 14.966 0.005
4953.72090 15.267 0.005
4954.71505 15.426 0.006
4955.72200 14.892 0.005
