2125.62800 15.607 0.008
2129.70367 15.605 0.006
2132.64521 15.014 0.005
2136.55029 15.630 0.007
2141.56105 15.090 0.005
2144.65011 15.497 0.006
2160.61881 14.909 0.005
2169.53258 14.982 0.006
2188.50814 15.609 0.007
2211.51254 15.390 0.007
2332.88065 14.931 0.005
2347.84450 14.991 0.005
2357.87202 15.449 0.006
2372.85993 15.432 0.006
2383.88568 15.484 0.006
2388.80265 15.565 0.007
2390.83199 15.615 0.006
2397.71224 15.375 0.006
2401.84141 15.027 0.006
2403.91842 14.853 0.005
2405.90580 15.466 0.006
2414.91620 14.962 0.006
2416.86321 15.206 0.006
2424.83426 15.433 0.006
2428.85918 15.347 0.006
2432.87264 15.258 0.007
2434.75753 14.998 0.005
2436.80630 14.988 0.006
2438.76703 14.886 0.005
2441.74477 15.237 0.005
2445.65007 14.904 0.005
2448.67532 15.341 0.006
2455.70900 15.540 0.006
2459.65509 15.430 0.006
2463.56042 15.174 0.006
2466.66251 15.565 0.006
2468.69265 15.550 0.006
2470.67523 15.449 0.006
2472.70336 15.430 0.006
2481.57686 15.448 0.007
2484.63939 14.956 0.006
2486.73146 15.055 0.006
2490.69967 15.059 0.006
2493.66121 15.214 0.006
2495.76526 15.231 0.006
2498.52666 15.274 0.006
2500.57119 15.273 0.006
2502.58236 15.234 0.006
2508.68279 15.189 0.006
2512.62916 14.877 0.006
2517.58296 15.199 0.006
2520.59835 15.482 0.006
2528.50366 15.182 0.006
2538.51007 15.504 0.006
2542.53735 15.581 0.007
2552.51128 15.268 0.006
2556.59539 15.244 0.006
2563.50980 15.328 0.006
2575.53749 14.921 0.005
2707.88242 15.478 0.006
2714.91783 14.913 0.006
2729.85165 15.612 0.008
2734.79211 14.900 0.005
2744.92949 15.561 0.007
2753.90337 14.848 0.006
2757.81578 15.526 0.006
2761.83289 15.443 0.006
2767.81101 15.247 0.006
2775.73737 15.068 0.007
2783.84139 15.597 0.006
2785.77991 15.445 0.006
2787.61733 15.228 0.006
2789.77407 15.354 0.006
2791.73050 15.248 0.006
2794.94448 14.901 0.006
2796.84427 15.604 0.006
2797.90550 15.263 0.005
2809.73342 15.481 0.007
2811.66053 15.387 0.007
2812.73226 14.940 0.006
2813.84584 15.483 0.006
2814.76511 14.900 0.006
2816.62984 15.577 0.006
2818.60107 15.456 0.006
2820.81503 15.493 0.006
2826.77125 15.435 0.006
2835.66528 15.450 0.007
2837.65218 15.422 0.007
2839.72473 15.441 0.006
2841.73401 15.374 0.006
2843.67060 15.228 0.006
2845.67118 15.182 0.006
2850.53925 15.264 0.006
2852.55163 15.237 0.007
2854.55536 15.181 0.006
2858.69836 15.220 0.006
2862.61106 14.901 0.006
2865.71465 15.448 0.007
2868.60088 15.598 0.006
2876.59716 15.383 0.006
2879.64744 14.953 0.005
2892.66622 14.854 0.006
2895.63992 15.242 0.006
2900.56814 15.439 0.006
2906.52004 15.208 0.006
2911.54417 15.447 0.006
2918.56820 15.438 0.007
2930.58916 15.369 0.006
3059.82435 15.426 0.006
3064.84114 15.506 0.008
3068.79498 15.488 0.007
3070.87361 15.519 0.006
3073.82972 14.906 0.005
3075.86778 14.882 0.005
3080.77203 15.121 0.005
3082.89569 15.222 0.006
3085.83030 15.431 0.006
3086.90371 15.094 0.005
3088.82286 14.877 0.005
3090.73598 15.572 0.006
3096.89117 15.585 0.007
3098.91828 15.549 0.006
3100.90508 15.459 0.006
3101.76309 15.394 0.006
3103.79608 15.547 0.006
3104.85469 15.307 0.006
3106.86797 15.262 0.006
3108.78849 15.112 0.005
3109.84743 15.537 0.006
3110.85383 15.130 0.006
3112.83912 15.001 0.005
3114.80374 14.857 0.005
3116.89166 14.911 0.005
3122.92971 15.574 0.007
3125.89428 15.149 0.006
3127.83767 14.934 0.005
3128.83964 15.401 0.006
3130.72084 15.199 0.006
3131.68736 15.478 0.007
3134.83496 15.223 0.007
3135.91898 15.561 0.006
3138.67330 15.401 0.006
3139.89849 15.503 0.006
3140.89805 15.078 0.005
3142.78707 15.232 0.006
3144.80714 15.547 0.006
3146.84045 15.610 0.006
3151.77006 14.940 0.005
3151.92600 15.221 0.006
3152.77493 15.421 0.006
3153.77833 14.866 0.005
3154.84261 15.449 0.007
3156.88341 15.431 0.006
3162.59326 15.440 0.007
3163.77421 15.444 0.006
3164.75645 14.938 0.005
3164.88947 15.207 0.006
3165.73005 15.356 0.005
3168.87821 14.983 0.005
3169.74623 15.257 0.006
3170.83119 15.017 0.005
3171.80245 15.257 0.005
3172.77340 15.594 0.006
3173.87141 15.277 0.006
3174.73020 15.459 0.006
3175.73892 15.031 0.005
3177.77943 15.026 0.006
3179.52419 15.474 0.006
3179.90348 15.155 0.006
3180.74521 15.326 0.006
3182.80589 15.353 0.006
3183.76086 15.596 0.006
3184.72193 15.207 0.006
3185.72543 15.552 0.006
3193.55688 15.123 0.006
3194.56851 15.473 0.006
3195.70007 15.236 0.006
3195.82064 15.408 0.006
3196.62153 15.486 0.006
3197.54629 14.890 0.005
3197.84972 15.359 0.006
3199.64342 14.989 0.005
3202.53773 15.228 0.006
3203.68183 14.860 0.005
3204.67376 15.335 0.006
3205.53265 15.511 0.006
3206.73801 15.356 0.006
3209.67250 15.583 0.006
3210.65804 15.146 0.005
3211.62852 15.448 0.006
3217.67272 15.357 0.006
3218.67101 15.101 0.006
3219.63306 15.255 0.006
3223.67222 15.195 0.006
3224.72032 15.588 0.006
3226.64299 15.440 0.006
3228.62153 15.369 0.006
3229.65403 14.852 0.005
3230.68753 15.409 0.006
3231.59152 15.614 0.006
3232.62799 15.256 0.006
3238.63983 15.073 0.006
3239.71884 15.516 0.006
3240.49201 15.592 0.006
3241.67465 15.447 0.006
3246.68153 15.301 0.006
3247.60071 15.201 0.006
3249.54818 15.013 0.005
3250.67919 15.578 0.007
3253.64844 15.006 0.006
3256.65843 15.407 0.006
3260.56817 15.171 0.006
3265.49865 15.339 0.006
3267.55231 15.324 0.006
3272.61026 15.621 0.006
3278.62018 15.453 0.006
3282.49964 15.227 0.006
3288.56600 15.131 0.005
3293.53661 15.339 0.005
3295.54511 15.282 0.004
3300.53041 15.498 0.006
3312.53123 15.183 0.006
3417.86531 15.228 0.005
3422.89162 15.500 0.006
3426.88269 15.431 0.006
3429.86773 15.360 0.006
3432.90801 15.246 0.006
3442.91056 14.847 0.005
3445.82359 15.183 0.005
3447.87389 15.186 0.005
3449.89078 15.130 0.005
3452.90793 15.435 0.006
3453.77979 15.486 0.006
3455.85042 15.246 0.006
3456.86151 15.281 0.005
3457.77917 15.553 0.006
3458.82274 15.192 0.005
3459.79735 15.506 0.006
3467.90011 15.430 0.006
3469.80975 15.239 0.005
3470.84995 15.581 0.006
3472.78113 15.483 0.006
3473.87615 15.221 0.006
3474.84857 15.515 0.006
3477.78513 14.866 0.004
3478.89939 15.471 0.005
3480.85135 15.380 0.006
3481.85537 14.913 0.004
3483.79567 15.612 0.006
3496.74953 15.564 0.006
3497.81734 15.230 0.006
3498.93853 14.962 0.005
3499.74601 15.054 0.005
3500.75059 15.437 0.006
3501.86412 15.176 0.004
3502.69691 15.326 0.005
3503.70973 15.123 0.005
3504.72410 15.303 0.005
3506.81302 15.356 0.006
3508.80597 15.288 0.006
3509.70934 15.518 0.006
3511.69609 15.447 0.006
3512.76506 15.111 0.005
3517.80551 15.437 0.006
3520.84069 14.852 0.004
3521.65983 15.121 0.005
3522.77010 15.618 0.006
3523.80477 15.235 0.005
3524.79247 15.592 0.006
3525.77213 15.155 0.005
3526.85747 15.592 0.006
3528.57607 15.229 0.006
3530.80152 15.429 0.006
3537.76936 15.568 0.006
3538.69885 15.030 0.005
3540.67277 14.862 0.005
3544.75285 14.860 0.005
3546.87375 14.975 0.005
3547.83120 15.371 0.006
3550.65763 15.440 0.005
3551.66163 14.977 0.004
3552.69450 15.440 0.005
3553.69720 14.948 0.005
3554.68929 15.419 0.006
3555.71586 14.881 0.004
3556.74414 15.426 0.006
3558.57995 15.142 0.005
3558.85727 15.437 0.006
3559.67585 15.599 0.006
3560.62896 15.143 0.005
3561.56926 15.438 0.006
3561.83638 14.867 0.004
3562.61343 15.021 0.005
3562.83624 15.318 0.006
3563.66287 15.453 0.006
3564.55644 14.998 0.005
3569.61517 15.258 0.006
3573.68384 15.224 0.006
3573.71078 15.254 0.006
3574.71177 15.614 0.006
3575.65066 15.112 0.005
3575.79584 15.279 0.006
3576.71308 15.534 0.006
3577.76143 15.211 0.005
3578.69808 15.451 0.006
3579.64340 14.883 0.004
3580.67997 15.438 0.006
3581.69632 14.885 0.004
3582.62210 15.270 0.005
3583.65870 15.439 0.006
3584.66747 15.262 0.005
3585.66555 15.611 0.006
3586.68993 15.239 0.005
3588.74804 15.234 0.005
3589.70935 15.551 0.006
3590.70547 15.140 0.005
3592.67789 14.990 0.005
3597.66387 15.269 0.006
3601.68181 15.194 0.005
3602.68200 15.552 0.006
3603.66213 15.084 0.005
3607.66058 14.865 0.004
3608.67661 15.390 0.006
3615.60384 15.455 0.006
3618.60742 14.887 0.004
3620.57066 15.435 0.006
3628.57270 15.434 0.006
3630.58672 15.439 0.006
3632.61419 15.394 0.006
3634.51759 15.219 0.005
3639.52342 15.447 0.006
3641.57012 15.453 0.006
3644.53494 14.953 0.005
3649.51556 15.181 0.005
3651.57643 15.203 0.006
3655.54162 14.930 0.005
3657.53479 14.869 0.005
3659.53656 15.391 0.006
3662.54108 15.232 0.006
3665.51151 15.471 0.006
3671.51444 15.294 0.006
3777.84586 14.832 0.005
3782.88185 15.239 0.005
3785.84348 15.493 0.006
3788.87989 15.033 0.005
3791.89011 15.432 0.006
3794.86754 15.490 0.006
3796.85629 15.585 0.006
3797.85919 15.199 0.005
3798.90713 15.609 0.007
3801.83077 14.953 0.005
3803.81976 14.867 0.005
3804.86702 15.418 0.006
3805.90758 14.911 0.005
3807.89891 14.992 0.005
3809.81028 15.539 0.006
3811.88879 15.583 0.006
3813.76912 15.413 0.006
3817.90828 15.444 0.006
3819.76971 15.228 0.005
3820.87390 15.118 0.005
3821.88393 15.294 0.005
3822.78296 15.541 0.006
3823.89590 15.258 0.005
3824.88874 15.621 0.006
3826.89323 15.544 0.006
3828.89563 15.481 0.006
3829.88233 15.025 0.005
3832.88551 15.409 0.006
3833.86020 15.141 0.005
3834.90142 15.336 0.006
3835.84483 15.612 0.006
3836.85727 15.224 0.005
3837.83990 15.565 0.006
3838.84382 15.154 0.005
3839.85586 15.514 0.006
3840.84708 15.061 0.005
3841.82593 15.423 0.006
3845.83188 15.336 0.006
3846.83881 15.255 0.005
3848.85438 15.569 0.006
3849.86765 15.255 0.005
3850.80366 15.537 0.006
3851.81008 15.123 0.005
3852.79855 15.457 0.006
3853.79125 14.980 0.004
3856.78007 15.355 0.006
3858.84399 15.359 0.006
3860.83472 15.280 0.006
3861.84905 15.544 0.006
3862.79304 15.196 0.005
3863.73334 15.459 0.006
3864.79386 15.111 0.005
3865.75826 15.449 0.006
3866.78674 15.005 0.005
3867.72355 15.357 0.006
3868.79030 14.910 0.005
3869.77665 15.359 0.006
3873.77803 15.239 0.005
3874.82163 15.604 0.006
3875.73662 15.119 0.005
3877.76617 15.085 0.005
3880.76342 15.430 0.006
3881.77158 14.885 0.004
3882.70965 15.296 0.006
3883.75114 15.230 0.005
3886.72206 15.188 0.005
3887.70499 15.508 0.006
3889.86652 15.580 0.006
3891.59227 15.273 0.006
3892.86989 15.185 0.005
3893.75185 15.435 0.006
3894.79157 14.958 0.005
3896.74590 15.119 0.005
3900.64277 15.459 0.006
3901.65461 15.022 0.005
3902.67244 15.436 0.006
3903.80518 15.194 0.005
3904.65215 15.387 0.005
3905.65915 14.885 0.004
3906.64081 15.296 0.005
3907.70618 14.907 0.005
3908.64035 15.245 0.005
3909.64476 15.596 0.006
3912.64512 15.118 0.005
3913.64268 15.462 0.005
3914.67589 15.091 0.005
3915.63961 15.436 0.006
3916.72128 15.081 0.005
3917.73413 15.440 0.006
3918.73847 15.003 0.005
3919.66830 15.358 0.006
3920.62049 15.603 0.006
3921.63399 15.252 0.006
3930.69615 15.429 0.006
3931.61537 15.043 0.005
3931.80381 15.164 0.006
3932.64301 15.318 0.005
3933.62250 15.525 0.005
3934.59310 15.218 0.005
3935.67037 15.560 0.006
3936.62196 15.203 0.005
3936.81025 15.432 0.006
3937.73873 15.409 0.006
3938.59962 15.081 0.005
3940.74422 15.210 0.005
3944.68462 14.940 0.004
3945.63309 15.324 0.005
3946.62672 15.367 0.006
3950.64317 15.576 0.006
3951.65952 15.191 0.005
3957.63808 14.875 0.005
3958.68640 15.442 0.006
3959.61666 15.333 0.006
3960.60989 15.251 0.005
3963.57794 15.494 0.006
3964.64116 15.200 0.005
3965.62296 15.494 0.006
3966.61784 15.057 0.005
3967.64424 15.470 0.006
3968.60047 14.930 0.005
3969.60806 15.416 0.006
3970.62095 14.865 0.004
3971.65092 15.408 0.006
3973.68053 15.353 0.006
3974.61519 15.602 0.006
3975.61059 15.220 0.005
3976.60458 15.565 0.006
3979.63766 15.143 0.006
3982.66181 15.443 0.006
3987.60083 15.609 0.006
3988.63411 15.246 0.005
3990.60196 15.180 0.005
3994.55191 14.873 0.005
3996.52768 15.369 0.006
4000.61328 15.528 0.006
4002.60722 15.599 0.006
4003.56169 15.122 0.005
4005.65750 15.200 0.005
4011.54049 15.566 0.006
4015.56980 15.587 0.006
4017.54754 15.470 0.006
4019.54924 15.424 0.006
4021.55200 15.409 0.006
4024.58147 15.011 0.005
4027.49770 15.156 0.006
4029.53570 15.129 0.005
4150.87211 15.506 0.007
4155.84441 14.847 0.005
4158.80631 15.225 0.006
4159.90968 15.167 0.007
4160.83429 15.208 0.006
4162.85690 15.170 0.006
4164.89676 15.151 0.006
4166.91275 15.091 0.006
4167.82436 15.400 0.006
4169.83144 15.317 0.006
4174.84600 15.580 0.006
4176.82768 15.481 0.006
4177.88134 15.154 0.006
4179.77913 14.846 0.005
4180.82585 15.428 0.007
4181.91402 15.020 0.006
4183.79303 15.566 0.007
4184.86106 15.300 0.006
4185.84041 15.589 0.007
4190.85879 15.137 0.006
4192.87111 15.055 0.006
4193.88206 15.442 0.006
4194.90361 15.028 0.006
4196.92399 14.958 0.006
4202.87341 15.584 0.006
4203.86155 15.159 0.006
4204.86070 15.486 0.006
4205.85722 15.053 0.006
4207.86088 14.958 0.005
4208.89053 15.432 0.006
4213.85862 15.595 0.006
4215.89617 15.619 0.007
4216.81703 15.107 0.006
4217.83936 15.475 0.006
4218.88012 15.130 0.006
4219.92110 15.521 0.007
4220.86137 14.983 0.006
4222.82788 14.860 0.005
4228.81587 15.544 0.007
4229.79471 15.083 0.006
4230.78167 15.429 0.006
4231.80376 14.992 0.005
4232.81200 15.436 0.006
4234.75620 15.297 0.006
4235.78106 15.186 0.006
4238.80414 15.244 0.006
4239.90306 14.967 0.006
4243.69866 15.392 0.006
4244.86050 15.135 0.006
4245.85374 15.462 0.006
4246.90847 15.129 0.006
4250.87430 14.857 0.006
4256.71937 15.451 0.007
4258.71664 15.347 0.006
4268.62013 14.888 0.005
4269.66029 15.366 0.006
4272.71091 14.986 0.005
4273.67100 15.247 0.006
4274.65466 15.575 0.006
4275.71153 15.236 0.006
4277.61063 15.016 0.006
4278.68490 15.495 0.007
4283.63032 15.182 0.006
4284.61415 15.267 0.006
4285.62092 15.610 0.008
4286.71477 15.294 0.006
4289.66024 15.554 0.007
4290.74474 15.247 0.006
4291.73844 15.592 0.007
4292.59952 14.916 0.005
4293.62699 15.430 0.006
4294.59876 14.877 0.005
4295.62811 15.358 0.006
4296.60760 15.331 0.006
4297.60140 15.248 0.006
4298.71093 14.855 0.005
4299.67788 15.276 0.006
4300.80272 14.923 0.006
4301.48023 14.894 0.005
4302.75933 15.332 0.006
4307.59441 14.854 0.005
4310.74414 15.440 0.007
4312.64019 15.247 0.006
4315.67405 15.610 0.008
4317.62753 15.462 0.006
4319.63529 15.441 0.006
4320.73671 15.149 0.006
4326.64626 15.602 0.007
4327.67421 15.253 0.006
4328.61525 15.540 0.006
4328.74767 15.166 0.006
4329.60642 15.123 0.006
4330.58881 15.444 0.006
4331.61524 15.026 0.006
4332.62035 15.441 0.006
4333.61572 14.922 0.006
4334.60998 15.397 0.007
4338.64991 15.291 0.006
4339.61892 15.605 0.007
4340.53050 15.090 0.006
4341.61733 15.560 0.007
4342.65358 15.199 0.006
4343.63292 15.513 0.006
4344.68236 15.172 0.006
4345.63277 15.448 0.006
4346.63806 14.996 0.006
4347.65208 15.437 0.006
4349.62385 15.356 0.006
4351.62252 15.281 0.006
4357.63398 15.122 0.006
4359.60509 14.958 0.006
4367.60420 15.583 0.008
4370.60315 15.077 0.006
4372.57519 14.914 0.005
4380.58494 15.573 0.007
4515.88009 15.512 0.006
4519.85163 15.399 0.006
4520.84403 14.950 0.006
4523.84240 15.238 0.006
4524.89345 15.523 0.006
4530.88296 15.450 0.006
4534.82968 15.294 0.006
4536.83881 15.250 0.006
4538.84773 15.218 0.006
4540.87756 15.196 0.006
4542.90394 15.162 0.006
4543.86535 15.451 0.006
4544.86216 14.982 0.005
4545.87972 15.432 0.006
4546.91461 14.981 0.005
4550.85346 15.582 0.006
4551.91124 15.287 0.006
4552.90820 15.585 0.006
4556.87254 15.465 0.006
4557.89858 15.088 0.005
4558.83364 15.423 0.006
4559.86281 14.909 0.005
4560.86327 15.404 0.006
4561.85216 14.991 0.005
4564.85632 15.237 0.006
4565.84525 15.589 0.006
4566.84730 15.185 0.005
4567.85157 15.531 0.006
4568.88160 15.168 0.005
4569.86751 15.473 0.006
4570.87280 15.056 0.005
4571.83827 15.438 0.006
4572.87607 14.960 0.006
4573.85184 15.384 0.006
4574.85399 14.881 0.005
4575.86569 15.338 0.006
4579.91798 15.265 0.006
4583.83781 15.002 0.005
4586.81829 15.349 0.006
4587.85605 14.848 0.005
4588.74440 15.213 0.006
4589.77814 15.597 0.006
4590.79254 15.211 0.006
4591.76978 15.506 0.006
4592.78193 15.129 0.006
4593.76735 15.453 0.006
4594.79566 15.054 0.005
4595.78618 15.440 0.006
4596.80672 14.969 0.005
4597.80399 15.433 0.006
4598.77331 14.906 0.005
4599.75277 15.279 0.006
4600.75830 15.571 0.006
4601.76297 15.240 0.005
4602.76052 15.593 0.006
4606.75764 15.452 0.006
4606.78122 15.476 0.006
4610.88344 15.483 0.006
4611.74464 15.072 0.005
4611.93115 15.141 0.006
4616.73345 15.170 0.005
4617.90431 14.985 0.006
4622.71325 14.851 0.005
4623.79309 15.437 0.006
4624.73191 15.070 0.005
4625.71323 15.281 0.006
4626.76816 15.245 0.006
4627.69256 15.202 0.005
4628.68273 15.523 0.006
4629.74842 15.213 0.006
4630.68823 15.451 0.006
4631.70657 15.062 0.005
4632.72924 15.444 0.006
4633.86912 15.222 0.006
4639.80967 14.842 0.005
4640.78519 15.304 0.006
4641.87042 14.866 0.006
4642.70811 15.170 0.006
4643.67422 15.460 0.006
4644.75726 15.168 0.006
4645.67600 15.435 0.006
4646.64370 14.848 0.004
4647.66487 15.377 0.006
4648.65877 15.036 0.005
4648.76819 15.005 0.005
4649.64900 15.277 0.006
4650.68046 15.394 0.006
4651.69178 15.274 0.006
4652.62020 15.542 0.006
4653.61409 15.104 0.006
4654.65323 15.514 0.006
4655.61754 15.025 0.005
4656.62075 15.440 0.006
4658.77797 15.563 0.007
4660.72764 15.449 0.007
4661.61011 15.477 0.006
4666.54290 14.994 0.006
4671.66678 15.437 0.006
4672.62629 14.858 0.005
4674.65445 14.863 0.005
4677.67914 15.276 0.006
4681.68246 15.194 0.006
4682.63813 15.457 0.006
4683.63602 15.015 0.005
4684.65455 15.441 0.006
4685.68068 14.996 0.005
4686.75322 15.486 0.006
4687.66871 14.875 0.005
4688.61490 15.280 0.006
4694.69897 15.233 0.006
4697.62023 15.434 0.006
4698.64181 14.945 0.005
4700.63703 14.852 0.005
4701.61992 15.300 0.006
4702.63474 15.353 0.006
4704.69600 15.197 0.006
4708.65637 15.521 0.006
4710.67432 15.475 0.006
4720.58745 15.094 0.006
4721.62210 15.479 0.007
4724.63977 14.997 0.006
4725.65571 15.435 0.007
4726.61594 14.863 0.006
4733.58015 15.116 0.006
4738.54028 15.304 0.006
4741.62235 15.044 0.005
4755.56140 15.252 0.006
4763.50359 14.948 0.006
4876.87634 15.611 0.006
4883.86214 14.892 0.005
4885.90237 14.864 0.006
4886.82252 15.258 0.006
4886.82908 15.261 0.006
4888.85659 15.235 0.006
4892.85067 15.110 0.005
4898.82092 15.241 0.006
4901.82378 15.230 0.006
4902.91266 15.377 0.006
4903.87116 15.229 0.005
4905.86757 15.174 0.006
4912.85234 15.324 0.005
4914.89840 15.315 0.006
4924.74816 15.589 0.006
4925.86588 15.364 0.006
4928.75614 15.521 0.006
4930.80021 15.509 0.006
4931.84466 15.160 0.006
4932.85319 15.494 0.006
4933.84807 15.076 0.005
4934.70637 15.283 0.007
4934.90390 15.504 0.007
4938.82799 15.342 0.006
4940.76950 15.216 0.006
4941.80524 15.603 0.006
4942.74830 15.111 0.005
4944.75063 15.006 0.005
4945.80373 15.469 0.006
4950.86352 14.921 0.005
4953.84291 15.292 0.006
4954.81257 15.615 0.006
4955.80397 15.215 0.006
