2130.57909 16.307 0.009
2133.58921 15.821 0.008
2136.71029 16.304 0.012
2141.70087 16.288 0.013
2169.60467 15.774 0.009
2179.56423 16.370 0.019
2189.57390 16.343 0.015
2190.49557 15.918 0.008
2215.50793 16.406 0.016
2337.88733 16.198 0.009
2353.83947 16.319 0.010
2363.81728 16.264 0.012
2373.85313 16.128 0.009
2816.71087 15.731 0.008
3059.89427 16.251 0.010
3064.90544 16.213 0.012
3068.85866 16.239 0.010
3072.77778 16.210 0.010
3077.83049 16.227 0.016
3081.81266 16.254 0.009
3084.79054 16.330 0.009
3090.75397 16.235 0.009
3097.85268 15.886 0.008
3101.85184 16.003 0.010
3104.80348 16.285 0.015
3108.85654 16.346 0.009
3116.81100 16.350 0.010
3124.82722 15.752 0.008
3135.74044 16.237 0.009
3142.85331 15.770 0.006
3156.90075 15.724 0.008
3162.61446 15.970 0.010
3165.61486 16.302 0.009
3168.76913 15.854 0.006
3171.92320 16.443 0.012
3175.90581 16.520 0.012
3178.57127 16.349 0.012
3183.84554 15.748 0.008
3185.58520 15.762 0.008
3194.48885 16.350 0.013
3201.55739 16.253 0.008
3224.50844 16.092 0.008
3239.48999 15.843 0.006
3247.53010 16.130 0.009
3251.54525 16.200 0.009
3254.62909 15.953 0.009
3273.52503 16.275 0.012
3277.48545 16.267 0.010
3283.49278 16.114 0.009
3296.48954 16.217 0.012
3419.85462 16.399 0.009
3424.86321 16.313 0.009
3430.84837 16.142 0.008
3436.89311 15.922 0.008
3443.86526 16.200 0.008
3448.79942 16.107 0.008
3450.81692 16.302 0.008
3453.86022 16.099 0.008
3457.90519 16.216 0.010
3458.89526 16.056 0.008
3479.83879 16.247 0.008
3481.81567 15.836 0.006
3508.92887 15.996 0.009
3528.85811 16.371 0.012
3547.87133 16.221 0.010
3550.85436 16.402 0.008
3551.86024 16.321 0.010
3552.85560 16.068 0.010
3553.81930 15.643 0.008
3554.87082 16.526 0.013
3556.77973 16.046 0.009
3558.75280 16.450 0.009
3560.67156 15.933 0.006
3561.80702 15.953 0.006
3562.68699 16.453 0.009
3563.75510 16.393 0.009
3574.77819 16.061 0.009
3575.72045 15.851 0.006
3579.70985 15.757 0.006
3581.77458 16.432 0.009
3582.70857 16.143 0.008
3583.72644 15.959 0.008
3584.73047 15.744 0.006
3585.73894 16.462 0.009
3618.68026 16.151 0.009
3631.58956 16.169 0.009
3635.56728 16.210 0.008
3652.57236 16.309 0.012
3778.86181 16.028 0.009
3794.90189 16.462 0.010
3796.89370 16.104 0.008
3797.89331 15.914 0.006
3800.87439 16.168 0.008
3802.82122 16.153 0.008
3803.85390 16.396 0.009
3804.90105 16.293 0.009
3806.91355 16.008 0.009
3808.89854 16.385 0.009
3810.81457 15.933 0.008
3812.80078 16.340 0.010
3814.79167 16.027 0.008
3818.85651 16.174 0.008
3819.91593 16.156 0.008
3820.90820 15.927 0.006
3821.91957 16.092 0.009
3823.91662 16.173 0.008
3826.91763 16.407 0.009
3827.92511 16.274 0.009
3830.89787 16.270 0.008
3832.92667 16.198 0.013
3834.83344 16.254 0.008
3835.89280 16.372 0.008
3836.90298 16.259 0.008
3837.87417 16.117 0.008
3838.87831 15.920 0.008
3839.89731 16.227 0.010
3840.88132 16.267 0.009
3841.86466 16.189 0.008
3842.77854 15.858 0.006
3845.87264 16.281 0.019
3846.87295 16.145 0.008
3847.92286 16.015 0.009
3848.88892 16.293 0.010
3849.91780 16.289 0.009
3850.83786 16.198 0.009
3851.84433 15.977 0.008
3852.83635 16.178 0.008
3853.82553 16.295 0.008
3856.81420 15.873 0.006
3860.86964 16.013 0.008
3861.88489 15.860 0.006
3862.82850 16.289 0.008
3863.80629 16.214 0.008
3864.83017 16.061 0.006
3865.79260 15.982 0.008
3866.75819 16.325 0.008
3867.76910 16.239 0.009
3868.76037 16.042 0.008
3869.74354 15.881 0.008
3873.74559 15.898 0.006
3874.79244 15.960 0.008
3875.77577 16.303 0.008
3877.73744 16.000 0.006
3880.80144 16.328 0.009
3881.80933 16.220 0.008
3882.74434 15.874 0.006
3883.79629 15.905 0.006
3886.75959 16.032 0.008
3887.73945 15.845 0.006
3889.90115 16.371 0.009
3891.63277 16.427 0.010
3892.76844 16.339 0.009
3893.81132 16.326 0.009
3894.83625 16.330 0.012
3896.78975 15.796 0.009
3900.68347 15.676 0.008
3901.68900 16.334 0.009
3902.70659 16.307 0.009
3903.85843 16.340 0.009
3904.68630 15.822 0.006
3905.69707 16.508 0.009
3906.67495 16.355 0.009
3907.74093 16.294 0.010
3908.68085 15.948 0.006
3909.67896 15.801 0.006
3913.68327 15.775 0.006
3914.74267 15.809 0.006
3915.68012 16.367 0.008
3916.76186 16.337 0.010
3917.77909 16.161 0.010
3918.77938 15.858 0.006
3919.70949 16.406 0.008
3920.66314 16.270 0.009
3921.67167 16.073 0.009
3930.73337 16.191 0.009
3931.64948 15.652 0.006
3932.61332 16.375 0.008
3933.66084 16.326 0.008
3934.62722 16.110 0.008
3935.60828 15.719 0.006
3936.59335 16.491 0.010
3937.67209 16.405 0.009
3938.63833 16.254 0.009
3940.78236 16.023 0.006
3944.74355 16.091 0.008
3945.67469 15.842 0.006
3946.66549 16.371 0.009
3950.68073 16.502 0.009
3951.70310 16.390 0.010
3959.65244 16.506 0.010
3960.64343 16.338 0.008
3963.64889 16.173 0.008
3964.69205 16.483 0.009
3965.65980 16.266 0.008
3966.65422 16.048 0.008
3967.67777 15.819 0.006
3968.63727 16.495 0.010
3969.64773 16.342 0.009
3970.65448 16.166 0.008
3971.68576 15.979 0.008
3974.65157 16.264 0.009
3975.64411 16.013 0.008
3976.63806 15.751 0.006
3987.63541 16.296 0.009
3989.58568 15.840 0.006
3995.53492 16.327 0.009
4001.60522 16.203 0.009
4003.59528 15.841 0.006
4011.57860 16.068 0.009
4016.54844 15.931 0.009
4019.58941 16.210 0.010
4023.57221 16.275 0.010
4025.52676 15.883 0.006
4027.53152 16.264 0.009
4030.52357 15.909 0.008
4153.84328 15.948 0.009
4155.87803 16.487 0.012
4158.83978 15.799 0.008
4161.80763 16.149 0.012
4162.89051 16.069 0.009
4165.87486 16.339 0.012
4167.87851 15.908 0.008
4169.88217 16.432 0.010
4174.88415 16.344 0.009
4176.86151 15.903 0.008
4178.78781 16.287 0.010
4179.81269 16.156 0.009
4180.88122 16.056 0.009
4182.79368 16.401 0.010
4183.82657 16.252 0.010
4185.80239 15.849 0.008
4190.90525 15.940 0.008
4192.90458 16.384 0.010
4193.91558 16.211 0.009
4196.89521 16.430 0.010
4202.90681 16.218 0.010
4203.89498 16.088 0.008
4204.90182 15.887 0.008
4205.89130 16.412 0.010
4207.91839 16.179 0.009
4208.92399 16.050 0.009
4213.89553 15.902 0.008
4216.85414 16.158 0.008
4217.87710 15.973 0.008
4218.92079 15.859 0.008
4220.91053 16.239 0.012
4222.86767 15.871 0.008
4227.90012 15.842 0.008
4228.86859 16.322 0.012
4229.83454 16.214 0.009
4230.81522 16.000 0.008
4231.85752 15.882 0.008
4232.87845 16.368 0.013
4234.81657 16.122 0.009
4234.85337 16.181 0.009
4235.83704 15.941 0.008
4237.65385 16.168 0.010
4238.84149 16.221 0.009
4240.63957 16.294 0.010
4243.88783 16.220 0.010
4244.89858 16.046 0.009
4245.93763 15.888 0.008
4246.94196 16.357 0.012
4247.60035 15.863 0.008
4250.92825 15.975 0.009
4256.82665 16.247 0.012
4257.71050 15.842 0.009
4258.81259 15.895 0.008
4268.59364 16.180 0.010
4269.73404 16.195 0.009
4272.65526 16.303 0.009
4273.70270 16.231 0.009
4274.68657 15.972 0.008
4275.74337 15.804 0.008
4277.58420 16.152 0.010
4278.71753 16.164 0.010
4283.66450 15.906 0.008
4284.64582 16.461 0.012
4285.65277 16.379 0.012
4286.74649 16.334 0.010
4289.69627 16.486 0.013
4291.59066 16.009 0.009
4292.63115 15.810 0.008
4293.65956 16.423 0.010
4294.70014 16.348 0.009
4295.66078 16.250 0.009
4296.64364 15.963 0.008
4297.57083 16.505 0.010
4298.80302 15.735 0.008
4299.77255 16.374 0.010
4300.70867 16.250 0.009
4301.57179 15.662 0.006
4302.80575 15.906 0.009
4306.56284 16.524 0.015
4311.60605 16.482 0.016
4312.67261 16.385 0.010
4319.66872 15.866 0.009
4326.67781 16.345 0.010
4327.71389 16.253 0.012
4328.64865 15.835 0.008
4329.63900 16.510 0.012
4330.65327 16.403 0.010
4331.64871 16.231 0.009
4332.70334 16.108 0.009
4333.65248 15.636 0.008
4334.66596 16.523 0.019
4338.68559 15.741 0.009
4339.65550 16.401 0.012
4340.71872 16.332 0.013
4341.70014 16.103 0.012
4342.69662 15.767 0.009
4343.66641 16.516 0.012
4345.66630 16.169 0.012
4346.67145 15.892 0.009
4347.68560 15.705 0.008
4349.66066 16.253 0.010
4351.65607 15.719 0.008
4354.66483 16.157 0.010
4357.60286 16.364 0.012
4359.57637 15.846 0.008
4365.62445 16.411 0.016
4370.57369 16.384 0.010
4372.60927 16.090 0.009
4377.56998 15.929 0.009
4382.60511 15.893 0.009
4518.90073 16.255 0.015
4520.89304 15.682 0.008
4523.87600 16.134 0.009
4525.87069 16.448 0.013
4532.89613 16.178 0.009
4535.86109 16.374 0.010
4537.81098 15.826 0.008
4539.81577 16.380 0.009
4541.84773 16.075 0.008
4543.83741 16.496 0.010
4544.83424 16.354 0.009
4545.85184 16.192 0.009
4547.82569 16.017 0.008
4550.82460 16.045 0.009
4552.81471 16.495 0.012
4556.90647 15.822 0.006
4558.90156 16.352 0.009
4559.89657 16.173 0.009
4560.89672 15.948 0.008
4561.88576 15.901 0.006
4564.88991 16.061 0.008
4565.87951 15.814 0.006
4566.88078 16.470 0.009
4567.88635 16.324 0.009
4569.90458 16.003 0.008
4570.91020 15.806 0.008
4571.87181 16.376 0.009
4572.91041 16.273 0.010
4573.88616 16.079 0.008
4574.89397 15.889 0.008
4575.90518 16.123 0.008
4583.87542 15.897 0.008
4585.85916 16.268 0.009
4586.87793 16.162 0.009
4587.88979 16.066 0.009
4588.78005 16.430 0.009
4589.74941 16.251 0.009
4590.82906 16.163 0.008
4591.74192 15.904 0.008
4592.81539 15.865 0.008
4593.80091 16.377 0.009
4594.83153 16.256 0.009
4595.82002 16.162 0.009
4596.77564 15.898 0.006
4597.83754 15.880 0.008
4598.80705 16.296 0.008
4599.78626 16.183 0.008
4600.80865 16.057 0.008
4601.79727 15.863 0.006
4602.80091 16.380 0.009
4606.86377 15.842 0.008
4611.77833 16.349 0.010
4616.77441 16.297 0.009
4618.67489 15.866 0.008
4622.75434 16.095 0.009
4623.82670 16.008 0.008
4624.76548 16.370 0.010
4625.74905 16.298 0.010
4626.81049 16.231 0.009
4627.78805 16.053 0.008
4628.71670 16.249 0.009
4629.78606 16.332 0.009
4630.72525 16.235 0.009
4631.74111 16.079 0.008
4632.77490 15.926 0.008
4633.91038 15.942 0.009
4639.86308 16.307 0.015
4642.55093 16.238 0.010
4643.70798 16.263 0.009
4644.79748 16.251 0.009
4645.71011 15.913 0.008
4646.67704 16.356 0.009
4647.69904 16.304 0.009
4649.68363 15.958 0.008
4650.72164 15.807 0.008
4651.72222 16.343 0.010
4652.65477 16.228 0.009
4653.68224 16.089 0.009
4654.68706 15.826 0.008
4655.68769 16.397 0.009
4656.65409 16.295 0.009
4661.64446 16.242 0.012
4666.51498 15.832 0.008
4670.74658 16.321 0.012
4671.70007 16.114 0.009
4672.65990 15.662 0.006
4674.47930 16.019 0.010
4674.68785 16.350 0.010
4677.73198 15.701 0.008
4681.71589 15.831 0.008
4682.71355 16.533 0.010
4683.66958 16.311 0.010
4684.68833 16.211 0.009
4684.78152 16.318 0.012
4685.71414 15.962 0.008
4687.70239 16.352 0.012
4688.64830 16.226 0.009
4694.73623 16.019 0.010
4697.65716 16.239 0.010
4698.67532 16.007 0.009
4700.67052 16.433 0.010
4701.65384 16.310 0.010
4702.66831 16.154 0.010
4708.68993 15.720 0.008
4715.65099 16.232 0.010
4720.66148 16.162 0.017
4721.66447 15.861 0.010
4722.65470 16.449 0.013
4725.62760 15.919 0.009
4733.61689 16.171 0.010
4739.50961 16.515 0.015
4750.55893 16.276 0.012
4757.56580 15.776 0.008
4763.54211 16.338 0.012
4767.52987 16.398 0.013
4768.52413 16.224 0.013
4769.51870 16.073 0.012
4771.51771 16.490 0.016
4772.51584 16.273 0.016
4774.50430 15.937 0.009
4776.51518 16.382 0.015
4778.52018 16.111 0.010
4779.51626 15.876 0.009
4877.88214 15.586 0.006
4883.89603 16.374 0.013
4886.86274 15.864 0.008
4890.83522 15.652 0.006
4894.88622 15.996 0.009
4898.90386 16.152 0.009
4900.86494 16.508 0.010
4902.84215 16.167 0.009
4903.90486 16.029 0.008
4904.87037 15.682 0.006
4911.90556 16.266 0.008
4913.91901 15.744 0.008
4924.91316 16.380 0.009
4926.77453 16.118 0.009
4928.81991 16.326 0.009
4930.75538 15.682 0.006
4931.90988 15.765 0.006
4932.80538 16.374 0.009
4933.75297 16.123 0.009
4934.85125 16.062 0.008
4938.85974 16.186 0.009
4940.80448 16.414 0.010
4941.85625 16.478 0.010
4943.73890 15.845 0.006
4944.80377 15.756 0.006
4945.67174 16.287 0.009
4946.75355 16.208 0.008
4949.81826 16.058 0.008
4951.84325 16.259 0.009
4953.74773 16.084 0.008
