2167.87900 19.054 0.064
2186.85279 18.867 0.077
2190.83820 18.742 0.043
2192.88019 19.012 0.056
2193.80177 18.847 0.042
2202.80121 18.746 0.045
2214.84882 18.749 0.067
2224.80325 18.727 0.042
2227.71412 18.765 0.048
2229.71961 18.946 0.068
2231.68797 18.875 0.057
2233.65631 18.820 0.049
2236.66863 19.009 0.067
2239.63665 19.040 0.074
2241.72828 18.881 0.058
2243.79343 18.759 0.052
2247.85915 18.731 0.065
2248.86185 18.751 0.066
2250.79418 18.705 0.043
2252.71298 18.952 0.048
2254.70413 18.948 0.047
2257.70840 18.695 0.036
2260.71384 18.684 0.046
2264.72429 18.790 0.039
2266.70523 19.089 0.064
2270.77238 18.982 0.054
2271.85340 18.997 0.036
2272.75858 18.734 0.054
2274.75009 18.992 0.065
2276.81149 18.816 0.066
2278.76685 19.073 0.077
2280.75407 18.741 0.043
2282.74999 18.985 0.066
2284.82421 18.755 0.046
2289.81346 18.817 0.044
2292.83426 18.625 0.065
2294.79802 18.909 0.096
2296.81870 18.679 0.078
2298.81235 18.868 0.065
2300.80347 18.902 0.068
2302.76309 18.785 0.062
2315.68889 19.034 0.059
2324.54771 18.888 0.051
2328.53466 19.045 0.087
2334.52798 18.774 0.047
2340.52480 19.082 0.085
2385.53502 19.056 0.092
2539.87901 19.061 0.068
2545.84524 18.843 0.059
2556.89338 18.774 0.065
2560.80258 18.787 0.048
2561.80409 19.103 0.073
2565.80964 19.064 0.076
2574.75966 18.749 0.049
2578.82799 18.719 0.046
2586.75100 18.926 0.059
2590.79926 18.787 0.055
2596.80596 18.837 0.066
2605.84577 18.690 0.045
2609.81078 18.792 0.073
2614.78426 19.009 0.064
2618.81494 19.085 0.070
2621.74003 18.984 0.046
2624.65957 18.985 0.065
2627.77159 18.776 0.068
2629.79252 19.059 0.065
2632.69233 18.989 0.048
2634.83465 18.782 0.055
2635.79295 18.817 0.045
2638.71078 18.735 0.048
2642.76278 18.778 0.064
2644.76177 18.932 0.049
2646.72437 18.944 0.055
2650.77276 18.804 0.056
2652.87003 18.990 0.072
2654.79908 18.778 0.049
2658.66702 18.948 0.059
2660.68618 18.816 0.064
2664.68516 18.754 0.057
2666.74521 19.071 0.053
2668.73626 18.746 0.048
2670.71868 18.896 0.086
2672.82592 18.790 0.054
2674.73181 18.850 0.056
2676.72096 18.957 0.056
2678.79331 19.076 0.052
2680.68007 19.089 0.057
2682.72246 18.896 0.076
2687.61459 19.060 0.080
2692.64168 18.840 0.070
2696.60446 18.762 0.056
2701.59620 18.923 0.072
2708.52594 19.027 0.080
2715.52155 18.970 0.083
2890.87436 18.938 0.094
2895.91245 18.764 0.053
2900.87443 19.010 0.053
2907.82266 19.210 0.061
2911.87027 18.848 0.038
2917.77373 18.768 0.045
2922.89593 18.645 0.083
2926.82886 19.057 0.058
2931.75707 18.551 0.036
2934.79785 19.003 0.052
2940.77835 18.883 0.049
2943.78252 18.750 0.048
2947.79118 18.704 0.042
2950.70496 18.775 0.046
2954.72829 18.798 0.065
2956.77359 19.036 0.056
2958.81768 18.839 0.065
2962.81242 18.800 0.045
2965.83543 18.960 0.059
2968.70312 18.831 0.048
2973.77660 18.828 0.043
2976.64300 18.787 0.054
2978.84408 18.791 0.043
2980.75902 18.755 0.044
2982.76714 19.057 0.054
2984.79872 18.830 0.051
2987.68017 18.810 0.049
2989.64383 18.985 0.051
2991.71174 18.767 0.039
2993.72368 19.031 0.059
2995.79737 18.918 0.046
2997.76796 19.089 0.056
2999.66771 18.851 0.045
3000.71664 19.007 0.053
3002.70524 18.810 0.043
3004.70572 19.016 0.058
3006.64920 18.717 0.045
3008.80416 18.755 0.043
3010.72371 18.786 0.058
3011.77868 18.801 0.058
3015.79623 18.685 0.059
3017.78392 18.962 0.059
3019.73768 19.102 0.070
3021.83060 19.059 0.065
3023.69271 19.020 0.046
3025.66417 18.720 0.031
3027.70971 19.015 0.046
3029.69467 18.662 0.038
3031.76473 19.072 0.067
3034.59637 18.978 0.042
3036.62681 18.752 0.039
3039.56872 18.761 0.051
3041.67673 18.990 0.076
3043.68745 18.798 0.081
3045.75028 18.796 0.054
3047.70397 18.789 0.059
3048.63520 18.919 0.041
3050.65216 18.887 0.043
3052.65357 18.946 0.043
3054.65814 18.806 0.041
3056.64623 19.016 0.047
3058.64020 18.827 0.051
3060.68987 18.952 0.046
3066.55182 18.932 0.083
3068.57979 18.919 0.072
3070.64994 18.720 0.065
3073.66783 18.975 0.089
3076.59170 18.845 0.066
3078.67849 18.755 0.061
3082.65547 18.878 0.039
3085.55899 19.016 0.057
3088.52094 18.804 0.066
3090.66265 19.068 0.066
3093.54527 19.042 0.097
3099.53487 18.714 0.063
3102.62532 18.946 0.068
3106.52199 18.765 0.048
3111.55740 18.833 0.070
3129.49976 18.717 0.062
3134.52067 19.022 0.073
3216.91446 18.853 0.070
3242.84913 18.861 0.068
3248.90187 19.001 0.076
3258.87839 19.153 0.053
3264.84944 18.753 0.034
3274.80148 18.759 0.059
3278.87459 18.910 0.067
3282.83259 18.801 0.039
3287.80593 18.938 0.038
3291.74235 19.105 0.067
3295.76357 18.910 0.035
3297.75569 18.722 0.028
3299.82379 19.055 0.037
3301.81713 18.835 0.057
3304.88155 19.091 0.110
3309.78737 18.812 0.039
3311.78107 18.979 0.054
3327.79665 18.691 0.044
3330.75498 18.955 0.074
3334.85447 18.801 0.083
3339.80230 18.817 0.051
3353.84857 18.862 0.051
3357.63961 19.060 0.052
3363.78592 18.992 0.063
3369.86325 18.883 0.075
3375.79962 18.877 0.048
3378.72519 18.918 0.047
3394.60832 18.874 0.063
3396.65914 18.996 0.056
3399.76177 18.808 0.059
3403.74912 18.978 0.054
3408.63358 18.718 0.041
3413.58849 19.338 0.076
3417.61238 19.066 0.052
3425.61378 18.982 0.074
3431.60176 18.706 0.039
3437.57735 18.768 0.035
3446.54645 18.958 0.054
3456.50798 18.871 0.074
3474.49472 18.835 0.073
3619.87979 19.091 0.056
3633.85624 18.949 0.068
3639.82336 18.741 0.033
3644.85993 18.793 0.038
3651.80264 18.827 0.043
3654.84891 18.827 0.043
3658.81249 18.714 0.046
3660.83732 18.971 0.068
3665.83125 18.868 0.056
3670.80097 18.974 0.055
3673.81110 18.721 0.037
3676.81111 18.821 0.045
3684.86510 18.803 0.052
3687.83747 18.990 0.046
3690.75743 18.924 0.070
3693.79491 19.125 0.059
3695.82623 18.834 0.039
3698.81580 18.917 0.056
3700.83442 18.789 0.054
3703.76848 18.841 0.037
3705.83270 19.060 0.045
3708.82048 19.065 0.058
3712.77798 19.092 0.045
3714.84882 18.800 0.041
3717.74120 18.761 0.051
3720.82923 19.108 0.076
3724.74688 18.865 0.039
3727.82148 19.104 0.058
3728.78424 18.906 0.043
3731.78779 18.995 0.043
3732.77086 18.807 0.034
3735.62726 18.747 0.031
3737.79719 18.755 0.031
3740.75905 18.729 0.034
3742.76644 19.023 0.070
3745.80236 18.826 0.043
3748.77220 18.868 0.066
3750.78289 19.026 0.062
3752.79240 18.735 0.058
3754.81021 18.926 0.054
3757.59120 18.816 0.043
3759.79626 18.787 0.039
3763.66820 19.046 0.034
3766.62461 19.109 0.053
3770.71118 18.745 0.042
3773.74395 18.788 0.053
3776.71568 18.954 0.067
3783.58556 18.790 0.047
3788.55836 19.037 0.051
3792.59582 19.014 0.057
3800.57773 18.968 0.054
3810.53583 19.086 0.078
3824.50606 18.940 0.067
3950.92960 18.982 0.051
3964.92830 18.823 0.042
3970.85316 18.671 0.038
3990.91033 18.765 0.047
4003.72778 18.642 0.033
4006.74907 18.797 0.037
4008.76989 18.989 0.042
4013.77043 18.877 0.059
4019.88033 18.722 0.039
4024.76688 18.956 0.044
4026.84459 18.781 0.042
4029.78909 18.787 0.045
4032.81995 18.862 0.066
4038.77169 19.203 0.071
4041.73162 18.831 0.049
4043.73655 18.886 0.053
4049.69910 19.095 0.056
4052.76041 18.819 0.035
4054.74736 18.926 0.053
4056.80637 18.800 0.048
4058.85350 19.001 0.053
4063.73633 18.707 0.037
4065.85947 19.112 0.066
4067.70136 18.758 0.044
4070.72363 18.726 0.045
4074.79233 18.835 0.056
4077.84117 18.906 0.053
4080.71771 18.970 0.058
4086.80176 18.817 0.055
4093.85350 18.913 0.063
4111.78048 18.969 0.045
4117.72091 19.208 0.073
4121.69888 18.964 0.066
4124.78116 18.808 0.036
4132.73705 18.976 0.072
4142.75885 18.724 0.056
4156.59400 18.862 0.047
4168.55457 19.033 0.049
4198.50877 19.051 0.076
4343.84470 18.931 0.068
4347.91178 18.812 0.049
4353.84488 18.757 0.043
4358.79630 19.062 0.085
4363.83879 18.900 0.080
4367.79857 18.862 0.054
4370.83535 19.066 0.075
4373.83477 18.948 0.048
4377.85374 19.035 0.067
4381.72623 18.847 0.056
4386.84425 18.991 0.059
4390.80624 18.780 0.048
4394.82380 18.779 0.038
4399.78041 19.016 0.074
4407.74333 19.115 0.067
4412.76691 18.896 0.062
4418.85242 18.915 0.043
4422.74453 19.041 0.048
4427.72020 18.722 0.051
4430.72351 18.884 0.062
4433.74106 19.031 0.052
4436.82246 18.766 0.067
4440.68336 18.998 0.055
4443.77576 18.736 0.054
4449.73841 18.763 0.045
4451.77803 18.808 0.044
4452.75734 18.983 0.057
4455.74747 19.008 0.067
4457.77772 19.053 0.091
4459.74239 19.032 0.061
4462.72016 18.961 0.055
4464.79051 19.017 0.085
4467.76622 19.042 0.051
4471.82419 19.049 0.061
4472.65362 18.752 0.036
4476.70712 18.754 0.037
4480.81061 18.849 0.041
4483.79889 18.910 0.055
4486.82514 19.072 0.091
4492.68304 19.070 0.062
4497.74412 19.051 0.055
4500.61718 18.935 0.056
4502.72698 18.824 0.064
4507.72984 18.839 0.063
4509.68158 18.850 0.056
4518.64443 19.153 0.089
4521.67882 18.826 0.053
4523.66386 18.969 0.063
4525.62855 18.983 0.061
4531.60671 18.820 0.042
4533.60691 19.067 0.065
4537.65698 19.024 0.062
4539.57615 18.725 0.053
4541.65836 19.007 0.058
