2187.84971 18.905 0.073
2194.81739 18.867 0.053
2206.82653 18.670 0.060
2216.81759 18.470 0.039
2225.75227 18.857 0.049
2225.78004 18.642 0.038
2227.82644 18.902 0.046
2231.80072 18.584 0.044
2233.76882 18.585 0.041
2237.68865 18.681 0.055
2239.74949 18.506 0.038
2241.85818 18.466 0.048
2244.72073 18.671 0.056
2250.65478 18.799 0.045
2252.74809 18.833 0.053
2254.80715 18.758 0.039
2256.78416 18.518 0.034
2258.78294 18.488 0.034
2262.74891 18.711 0.039
2266.81271 18.310 0.035
2270.69962 18.632 0.041
2272.79367 18.572 0.057
2275.68998 18.961 0.061
2277.84882 18.916 0.050
2279.67957 18.540 0.043
2281.85351 18.661 0.042
2282.86473 18.608 0.054
2284.83880 18.751 0.051
2288.85385 18.758 0.053
2289.64769 18.532 0.032
2291.65642 18.874 0.054
2293.86414 18.813 0.095
2295.64568 18.634 0.036
2297.63689 18.352 0.029
2299.65203 18.907 0.062
2301.81732 18.952 0.098
2302.82716 18.831 0.083
2303.80821 18.846 0.073
2325.61217 18.831 0.059
2329.55168 18.303 0.048
2336.50886 18.407 0.051
2359.49948 18.610 0.060
2391.59277 18.821 0.087
2550.80794 19.040 0.081
2553.87275 18.896 0.060
2558.78947 18.983 0.078
2576.81626 18.821 0.068
2579.82033 18.764 0.053
2586.86108 18.924 0.059
2591.83656 18.381 0.034
2598.80351 18.516 0.050
2606.83328 18.643 0.042
2610.76287 18.718 0.085
2615.70887 18.760 0.048
2619.77142 18.807 0.049
2622.66866 18.584 0.053
2625.73454 18.800 0.046
2628.69900 18.620 0.059
2630.73837 18.522 0.044
2634.79411 18.741 0.053
2636.80777 18.898 0.062
2639.72372 18.495 0.032
2642.80153 18.886 0.070
2644.80076 18.781 0.042
2649.81039 18.523 0.039
2651.83004 18.833 0.057
2653.70716 18.615 0.053
2656.79103 18.502 0.056
2658.78634 18.691 0.097
2660.82004 18.765 0.057
2662.81811 18.767 0.062
2665.59008 18.887 0.056
2668.62133 18.610 0.069
2671.82116 18.738 0.060
2674.74244 18.838 0.055
2679.58525 18.588 0.042
2680.79092 18.555 0.036
2685.53277 18.527 0.073
2689.56743 18.903 0.098
2693.58442 18.614 0.034
2698.51739 18.755 0.054
2703.53641 18.535 0.050
2704.51543 18.845 0.058
2710.51193 18.282 0.050
2728.49274 18.965 0.072
2877.89194 18.816 0.055
2894.89558 18.847 0.054
2899.90277 18.487 0.041
2905.86022 18.677 0.058
2908.86323 18.757 0.044
2912.88609 18.787 0.046
2918.83931 18.842 0.060
2924.79843 18.947 0.074
2927.80724 18.784 0.067
2932.76072 18.924 0.060
2935.78024 18.796 0.054
2941.73897 18.865 0.046
2944.77022 18.811 0.067
2948.73337 18.931 0.068
2951.78881 18.786 0.055
2957.81319 18.914 0.073
2961.83168 18.788 0.054
2964.77915 18.202 0.033
2966.85820 18.826 0.057
2970.85309 18.695 0.045
2974.79107 18.889 0.048
2976.71023 18.692 0.046
2978.78102 18.684 0.048
2980.80170 18.388 0.037
2982.79782 18.862 0.058
2984.85613 18.893 0.061
2987.82613 18.621 0.050
2989.82890 18.342 0.036
2991.83983 18.937 0.056
2993.83244 18.901 0.054
2996.80030 18.534 0.038
2998.81201 18.335 0.034
3000.82255 18.837 0.057
3002.81611 18.851 0.051
3004.83802 18.570 0.043
3006.82468 18.350 0.031
3007.82481 18.751 0.036
3009.78783 18.876 0.047
3011.84462 18.766 0.074
3013.81389 18.540 0.044
3016.83707 18.895 0.053
3017.82140 18.813 0.066
3019.77506 18.698 0.043
3021.67725 18.430 0.027
3023.81402 18.338 0.035
3025.81668 18.810 0.042
3027.83770 18.860 0.059
3029.82035 18.614 0.055
3032.66909 18.890 0.051
3034.75167 18.842 0.048
3036.77854 18.670 0.042
3041.77835 18.855 0.068
3043.72943 18.734 0.070
3044.74034 18.691 0.051
3046.72241 18.404 0.048
3048.75544 18.839 0.044
3049.74558 18.879 0.055
3051.66521 18.674 0.047
3053.64034 18.393 0.028
3055.65758 18.788 0.048
3057.70798 18.850 0.043
3059.68145 18.742 0.039
3062.58346 18.778 0.050
3066.67202 18.773 0.045
3069.66746 18.493 0.037
3071.60096 18.806 0.064
3074.61441 18.613 0.056
3077.51608 18.642 0.046
3081.50721 18.693 0.046
3083.61846 18.670 0.037
3086.58213 18.535 0.044
3088.64751 18.768 0.063
3091.64964 18.821 0.051
3097.57697 18.813 0.070
3100.61057 18.640 0.056
3103.62173 18.478 0.051
3107.58859 18.711 0.072
3110.60451 18.497 0.057
3114.56289 18.805 0.054
3129.55801 18.799 0.071
3146.49324 18.894 0.081
3244.91550 18.812 0.047
3250.89380 18.991 0.053
3261.81971 18.636 0.045
3266.83400 18.922 0.075
3272.78425 18.374 0.036
3279.87552 18.626 0.042
3283.73850 18.943 0.041
3291.86544 18.775 0.055
3297.87579 18.649 0.037
3300.74045 18.699 0.053
3305.84598 18.563 0.045
3310.69747 18.581 0.072
3314.84453 18.558 0.046
3321.80836 18.562 0.035
3324.74271 18.953 0.064
3329.64902 18.775 0.047
3335.72117 18.643 0.069
3340.74182 18.867 0.047
3351.61129 18.581 0.059
3354.80561 18.526 0.039
3357.84145 18.897 0.050
3360.80530 18.775 0.045
3366.80211 18.850 0.061
3376.82967 18.915 0.064
3378.85282 18.571 0.056
3385.62595 18.400 0.036
3388.79256 18.398 0.043
3394.79044 18.638 0.056
3396.79701 18.346 0.039
3402.77117 18.619 0.037
3405.56625 18.884 0.047
3413.62995 18.809 0.046
3418.58464 18.232 0.032
3426.57879 18.346 0.035
3432.59516 18.681 0.035
3439.54622 18.718 0.057
3449.50464 18.426 0.045
3459.48984 18.749 0.048
3607.88793 19.000 0.071
3625.89927 18.869 0.053
3630.89413 18.442 0.045
3631.77617 18.861 0.096
3638.84570 18.240 0.029
3640.89525 18.855 0.054
3652.80156 18.638 0.038
3655.83881 18.174 0.024
3659.82254 18.764 0.056
3663.78611 18.611 0.050
3669.85636 18.671 0.047
3670.86297 18.550 0.048
3673.76797 18.908 0.053
3681.82931 18.922 0.059
3686.72193 18.361 0.036
3688.83293 18.332 0.029
3692.79337 18.760 0.051
3694.70230 18.387 0.035
3696.82339 18.386 0.033
3699.83601 18.856 0.046
3702.69678 18.426 0.031
3704.79379 18.357 0.025
3711.77346 18.590 0.032
3714.65843 18.804 0.043
3717.83982 18.827 0.044
3722.86189 18.484 0.064
3726.81626 18.728 0.043
3730.81272 18.367 0.029
3733.77855 18.755 0.036
3735.82133 18.661 0.041
3738.79400 18.461 0.035
3740.85777 18.878 0.047
3742.86767 18.799 0.075
3748.81265 18.937 0.093
3750.83504 18.742 0.082
3752.84744 18.640 0.060
3753.82352 18.690 0.054
3755.83630 18.346 0.042
3757.74309 18.922 0.047
3762.80359 18.486 0.038
3767.61944 18.555 0.037
3771.71409 18.754 0.035
3774.70616 18.712 0.045
3777.69568 18.500 0.036
3780.62044 18.788 0.063
3784.59815 18.530 0.045
3789.56443 18.751 0.036
3795.56646 18.866 0.058
3802.56471 18.822 0.063
3813.53756 18.731 0.047
3832.48970 18.397 0.048
3960.91484 18.751 0.046
3975.82073 18.773 0.063
3986.78943 18.577 0.055
3994.83801 18.749 0.057
4003.81701 18.585 0.033
4006.87219 18.794 0.043
4009.80605 18.681 0.048
4016.78945 18.867 0.062
4020.79479 18.509 0.036
4025.76217 18.642 0.049
4027.79812 18.531 0.039
4030.73801 18.887 0.050
4036.80483 18.493 0.034
4039.77538 18.755 0.047
4041.85137 18.730 0.045
4045.75641 18.636 0.061
4047.73412 18.899 0.081
4050.68945 18.526 0.039
4053.66132 18.867 0.048
4054.86549 18.454 0.054
4057.82007 18.791 0.059
4060.73383 18.439 0.027
4065.81706 18.866 0.043
4068.78517 18.574 0.029
4070.82993 18.426 0.036
4075.66380 18.507 0.041
4078.83664 18.473 0.045
4082.76786 18.882 0.057
4084.83778 18.882 0.055
4087.70719 18.850 0.045
4096.69950 18.985 0.054
4103.86572 18.473 0.056
4106.72959 18.898 0.058
4113.79489 18.913 0.046
4122.76824 18.868 0.038
4128.69594 18.823 0.054
4149.66075 18.644 0.054
4158.57392 18.366 0.036
4170.53159 18.811 0.051
4344.88389 18.538 0.044
4349.82113 18.828 0.066
4354.86549 18.417 0.042
4362.84096 18.403 0.049
4365.88397 18.797 0.067
4369.85551 18.490 0.050
4373.87070 18.858 0.053
4378.82810 18.244 0.031
4382.78447 18.710 0.062
4387.78633 18.937 0.057
4391.79210 18.722 0.047
4396.82437 18.899 0.063
4400.83229 18.703 0.051
4408.84391 18.773 0.060
4415.79996 18.794 0.045
4424.70741 18.620 0.046
4428.72883 18.959 0.093
4430.85482 18.913 0.080
4434.68207 18.425 0.034
4437.80004 18.685 0.046
4440.82798 18.810 0.056
4444.77247 18.497 0.050
4450.80066 18.710 0.050
4452.83164 18.572 0.038
4455.84241 18.845 0.061
4458.84947 18.759 0.058
4463.84433 18.822 0.059
4466.78395 18.694 0.039
4469.80835 18.473 0.056
4472.80379 18.825 0.043
4480.82279 18.867 0.042
4484.83951 18.610 0.036
4488.78920 18.803 0.091
4492.77929 18.583 0.044
4497.67792 18.731 0.042
4501.58861 18.859 0.057
4506.68268 18.706 0.051
4508.72939 18.566 0.045
4518.75262 18.343 0.060
4520.75140 18.792 0.096
4522.60438 18.549 0.050
4524.71234 18.626 0.048
4525.71409 18.423 0.035
4531.67378 18.685 0.042
4535.65746 18.829 0.064
4539.63951 18.591 0.047
4542.64125 18.652 0.056
