2127.57861 17.782 0.032
2130.59999 17.494 0.020
2133.61236 17.673 0.023
2137.56272 17.580 0.023
2142.54434 17.658 0.020
2171.65903 17.746 0.029
2190.51675 17.783 0.023
2215.52752 17.585 0.040
2338.83042 17.991 0.039
2353.86113 17.788 0.030
2363.83861 17.544 0.025
2377.78388 17.661 0.029
2384.86613 17.736 0.022
2388.88490 17.676 0.022
2390.90411 17.649 0.025
2393.82621 17.745 0.043
2400.82675 17.824 0.026
2404.70199 17.614 0.019
2406.80514 17.674 0.023
2416.82571 17.960 0.032
2424.91735 17.786 0.046
2431.76250 17.777 0.025
2433.75256 17.672 0.025
2434.92328 17.553 0.032
2436.91004 17.659 0.029
2439.86816 17.605 0.025
2441.82620 17.530 0.022
2444.87858 17.822 0.035
2445.73504 17.878 0.027
2448.78481 17.585 0.050
2454.57430 17.742 0.023
2460.65526 17.706 0.025
2463.64385 17.795 0.022
2466.46595 17.908 0.040
2468.81242 17.632 0.025
2469.64944 17.690 0.017
2471.61140 17.621 0.019
2473.62566 17.593 0.027
2481.76094 17.708 0.030
2484.71777 17.655 0.032
2487.67152 17.816 0.035
2491.55277 17.607 0.029
2496.58421 17.708 0.019
2498.62394 17.677 0.019
2500.64921 17.649 0.019
2502.66765 17.630 0.035
2510.56546 17.799 0.026
2516.67064 17.812 0.039
2519.60195 17.841 0.025
2524.62981 17.572 0.023
2529.55052 17.591 0.023
2538.59974 17.622 0.027
2543.49855 17.715 0.026
2548.55378 17.820 0.029
2552.58975 17.714 0.037
2557.55339 17.919 0.029
2564.55404 17.968 0.042
2583.50107 17.655 0.039
2709.87518 17.738 0.020
2719.90833 17.558 0.022
2730.81906 17.935 0.023
2734.91725 17.894 0.027
2747.79338 17.698 0.030
2754.80111 17.760 0.023
2757.88484 17.595 0.029
2763.84257 17.860 0.042
2767.91371 17.807 0.032
2776.69934 17.527 0.057
2783.90945 17.926 0.029
2785.68791 17.674 0.023
2787.78891 17.658 0.025
2790.58299 17.692 0.017
2793.72514 17.663 0.020
2795.69249 17.873 0.023
2797.69677 17.857 0.023
2802.74747 17.499 0.027
2809.82145 17.643 0.025
2811.73988 17.535 0.023
2812.86581 17.906 0.030
2814.81783 17.841 0.027
2816.72573 17.640 0.023
2818.70273 17.590 0.022
2819.85291 17.954 0.032
2820.82643 17.637 0.023
2829.83056 17.670 0.029
2835.73266 17.913 0.030
2837.74649 17.892 0.039
2838.78787 17.542 0.027
2840.75941 17.559 0.023
2843.75264 17.704 0.023
2845.73821 17.644 0.022
2850.68448 17.700 0.023
2852.68053 17.591 0.022
2854.64899 17.621 0.023
2857.54960 17.708 0.025
2862.48283 17.771 0.037
2862.67593 17.922 0.045
2863.49957 17.625 0.036
2864.54286 17.768 0.036
2865.56518 17.525 0.023
2866.64452 17.846 0.032
2868.58581 17.723 0.023
2868.64908 17.743 0.027
2869.68173 17.567 0.022
2872.51152 17.587 0.022
2877.67495 17.746 0.026
2883.66062 17.672 0.023
2885.65816 17.560 0.030
2890.65306 17.770 0.043
2893.53672 17.798 0.027
2894.52490 17.552 0.025
2895.60200 17.754 0.025
2896.53324 17.702 0.025
2896.65132 17.536 0.022
2897.63521 17.773 0.029
2898.55598 17.939 0.036
2898.63682 17.608 0.029
2899.63877 17.660 0.020
2899.67308 17.717 0.030
2900.49291 17.851 0.035
2902.49217 17.727 0.039
2902.60030 17.888 0.035
2903.49209 17.587 0.029
2905.48511 17.846 0.043
2906.48919 17.695 0.030
2907.48919 17.904 0.042
2907.57437 17.641 0.026
2908.48948 17.584 0.032
2909.49151 17.849 0.032
2910.48206 17.627 0.049
2910.53874 17.612 0.027
2911.49930 17.816 0.036
2911.55385 17.838 0.027
2911.58194 17.900 0.029
2912.49334 17.599 0.030
2912.55572 17.599 0.023
2915.48498 17.643 0.037
2916.52042 17.909 0.033
2917.50754 17.607 0.029
2917.57658 17.691 0.026
2918.49972 18.065 0.050
2918.54713 17.944 0.035
2920.51079 17.907 0.040
2921.49660 17.545 0.032
2921.58636 17.600 0.030
2922.50615 17.823 0.037
2922.57337 17.854 0.039
2923.51543 17.571 0.023
2924.51168 17.741 0.026
2924.58142 17.771 0.029
2925.50718 17.739 0.029
2925.56420 17.623 0.026
2926.53746 17.678 0.025
2927.50428 17.945 0.035
2927.55120 17.890 0.030
2928.51326 17.678 0.026
2928.56735 17.684 0.035
2929.50780 17.880 0.043
2929.58235 17.968 0.036
2930.50627 17.559 0.022
2931.51002 17.753 0.025
2932.52703 17.556 0.023
2933.51343 17.786 0.029
2934.51640 17.699 0.033
2935.52640 17.596 0.032
2937.52331 17.677 0.029
2939.52110 17.665 0.030
2941.53652 17.587 0.047
2944.53616 17.684 0.036
2945.51713 17.735 0.043
2946.51013 17.663 0.035
2947.50079 17.908 0.052
2950.51729 17.638 0.032
2952.50849 17.498 0.030
2953.52003 17.810 0.040
3041.88395 17.755 0.036
3053.82607 17.995 0.029
3066.80661 17.790 0.027
3068.86714 17.784 0.025
3072.78626 17.644 0.025
3076.80480 17.555 0.025
3077.83896 17.970 0.052
3081.82110 17.692 0.020
3084.79898 17.851 0.023
3086.86037 17.863 0.022
3088.84974 17.759 0.020
3090.76294 17.696 0.019
3091.91673 17.555 0.022
3097.86121 17.818 0.023
3099.83478 17.777 0.027
3101.86035 17.700 0.026
3103.82585 17.646 0.022
3107.81528 17.566 0.020
3108.86500 17.806 0.023
3112.91476 17.698 0.022
3114.90129 17.586 0.020
3115.91310 17.995 0.026
3116.82446 17.575 0.020
3124.84240 18.057 0.037
3126.72477 17.742 0.020
3127.92607 17.631 0.020
3128.91529 17.867 0.029
3130.79303 17.676 0.027
3131.73661 17.866 0.036
3135.74886 17.752 0.020
3138.75050 17.761 0.025
3140.72587 17.913 0.023
3141.78780 17.633 0.020
3142.86178 18.012 0.030
3144.87977 17.880 0.029
3147.70255 17.917 0.026
3147.74126 17.685 0.026
3147.78379 17.570 0.020
3147.93997 17.621 0.026
3149.83625 17.623 0.020
3149.90986 17.573 0.023
3151.85598 17.818 0.027
3152.85318 17.755 0.025
3153.85788 17.956 0.039
3156.90922 17.604 0.022
3162.62293 17.728 0.035
3163.86006 17.630 0.025
3164.84124 17.818 0.025
3165.62331 17.898 0.023
3167.70468 17.945 0.029
3168.77763 17.747 0.023
3169.88327 17.523 0.022
3170.91265 17.734 0.027
3171.75450 17.897 0.023
3173.79191 17.836 0.026
3174.80506 17.598 0.020
3175.91426 17.889 0.033
3177.86170 17.931 0.043
3178.57972 17.886 0.033
3179.81877 17.721 0.025
3180.82601 17.971 0.025
3182.88313 18.000 0.029
3183.85398 17.736 0.032
3184.80578 17.792 0.026
3185.59360 17.926 0.025
3193.65109 17.737 0.022
3194.49726 17.869 0.036
3194.83799 17.530 0.020
3195.77131 17.766 0.020
3195.84647 17.758 0.026
3196.57515 17.884 0.029
3197.82572 17.787 0.032
3201.56577 17.496 0.017
3201.58229 17.604 0.020
3202.80694 17.827 0.026
3203.81624 17.589 0.020
3204.82027 17.795 0.032
3206.69487 17.711 0.019
3210.74825 17.705 0.022
3211.78055 17.932 0.035
3217.75402 17.739 0.032
3218.76159 17.970 0.050
3224.51684 17.584 0.019
3229.70124 17.830 0.025
3231.69353 17.761 0.029
3239.49841 17.813 0.020
3240.56477 17.717 0.025
3245.67645 17.964 0.032
3247.53859 17.733 0.026
3249.65848 17.828 0.027
3251.55369 17.648 0.023
3254.63745 17.998 0.037
3257.57752 17.694 0.020
3261.51021 17.960 0.030
3265.57180 17.810 0.025
3267.62941 17.934 0.027
3273.53342 17.668 0.033
3277.49386 17.688 0.027
3280.49277 17.663 0.027
3283.50117 17.728 0.023
3289.55477 17.716 0.023
3296.49794 17.646 0.030
3419.86807 17.633 0.019
3424.87162 17.694 0.023
3427.89088 17.899 0.025
3430.85683 17.561 0.017
3436.90156 17.689 0.025
3443.87373 17.539 0.016
3445.90125 17.637 0.016
3448.80789 17.599 0.020
3450.82540 17.543 0.016
3453.86867 17.718 0.022
3457.91374 17.652 0.023
3458.90372 17.917 0.026
3468.90295 17.646 0.019
3469.92913 17.931 0.035
3472.89572 17.547 0.019
3474.82371 17.841 0.023
3476.92050 17.677 0.022
3479.84724 17.609 0.016
3481.82757 17.528 0.016
3484.77335 17.654 0.030
3502.93353 17.833 0.025
3508.93732 17.735 0.030
3512.94398 17.519 0.029
3520.69718 17.652 0.027
3521.94219 17.623 0.023
3522.84394 17.774 0.026
3523.87077 17.647 0.023
3526.91543 17.748 0.025
3528.86656 17.741 0.030
3538.89298 17.930 0.033
3544.86113 17.626 0.027
3547.87974 17.867 0.032
3550.86276 17.637 0.025
3551.86864 17.798 0.035
3552.86399 17.674 0.029
3553.83166 17.796 0.033
3556.76563 17.797 0.026
3558.76124 17.774 0.030
3560.68000 17.646 0.019
3561.81544 17.689 0.019
3562.69543 17.641 0.020
3563.76347 17.927 0.029
3574.79497 17.979 0.046
3575.72885 17.570 0.019
3579.71824 17.902 0.023
3581.78366 17.925 0.026
3582.71698 17.627 0.022
3583.73483 17.976 0.033
3584.73886 17.584 0.019
3585.74732 17.800 0.020
3618.68862 17.633 0.025
3631.59789 17.546 0.023
3635.58192 17.889 0.022
3652.58075 17.755 0.040
3778.87038 17.739 0.026
4153.84611 17.882 0.029
4155.88088 17.904 0.029
4158.84263 17.553 0.023
4161.81047 17.643 0.035
4162.89333 17.727 0.027
4165.87770 17.612 0.026
4167.88135 17.546 0.022
4169.88500 17.520 0.020
4174.88700 17.665 0.023
4176.86435 17.559 0.022
4178.79065 17.647 0.023
4179.81551 17.677 0.023
4180.88407 17.629 0.029
4182.79652 17.849 0.023
4183.82941 17.606 0.022
4185.80522 17.520 0.020
4190.90807 17.725 0.022
4192.90742 17.683 0.022
4193.91900 17.901 0.030
4196.89833 17.570 0.020
4202.90964 17.829 0.026
4203.89783 17.653 0.020
4204.90467 17.891 0.025
4205.89413 17.623 0.022
4207.92122 17.594 0.022
4208.92682 17.753 0.027
4213.89837 17.947 0.027
4216.85697 17.556 0.019
4217.87993 17.792 0.022
4218.92362 17.554 0.020
4220.91334 17.651 0.027
4222.87330 17.943 0.030
4228.87144 17.791 0.032
4229.83740 17.728 0.025
4230.81850 17.666 0.022
4231.86035 17.930 0.029
4232.88128 17.702 0.033
4234.81937 17.558 0.020
4234.85618 17.583 0.022
4235.83984 17.771 0.022
4237.65666 17.603 0.025
4238.84432 17.638 0.026
4240.64238 17.753 0.027
4243.89066 17.612 0.023
4244.90136 17.910 0.030
4245.94046 17.592 0.027
4246.94477 17.888 0.040
4247.60316 17.718 0.029
4250.93106 17.786 0.032
4256.82945 17.577 0.029
4257.71330 17.699 0.030
4258.81524 17.848 0.037
4268.59627 17.517 0.025
4269.73668 17.838 0.027
4272.65790 17.620 0.020
4273.70592 17.713 0.025
4274.68920 17.787 0.026
4275.74599 17.704 0.027
4277.58682 17.524 0.022
4278.72015 17.865 0.030
4283.66712 17.744 0.025
4284.64841 17.643 0.025
4285.65538 17.888 0.030
4286.74908 17.685 0.029
4289.69889 17.792 0.030
4291.59325 17.686 0.026
4292.63374 17.828 0.023
4293.66216 17.674 0.020
4294.70275 17.782 0.025
4295.66340 17.633 0.019
4296.64735 17.859 0.022
4297.57342 17.510 0.017
4298.80561 17.892 0.035
4299.77515 17.601 0.020
4300.71125 17.818 0.039
4301.57439 17.922 0.026
4302.80835 17.827 0.030
4306.56543 17.568 0.026
4311.60863 17.702 0.037
4312.67520 17.680 0.025
4317.66650 17.587 0.023
4319.67131 17.537 0.023
4326.69936 17.695 0.027
4327.71662 17.905 0.036
4328.65139 17.544 0.020
4329.64159 17.721 0.027
4330.65602 17.570 0.020
4331.65144 17.703 0.025
4332.71340 17.659 0.029
4333.65519 17.660 0.026
4334.66870 18.004 0.059
4338.68830 17.818 0.040
4339.65823 17.527 0.023
4340.72145 17.842 0.040
4341.70287 17.544 0.030
4342.69935 17.751 0.039
4343.66916 17.923 0.030
4345.66902 17.902 0.040
4346.67416 17.628 0.025
4347.68832 17.815 0.029
4349.66340 17.766 0.026
4351.65879 17.678 0.025
4354.66753 17.931 0.039
4357.60560 17.549 0.026
4359.57909 17.748 0.025
4365.62717 17.865 0.059
4370.57641 17.912 0.029
4372.61199 17.933 0.032
4377.57269 17.663 0.035
4382.60786 17.633 0.036
4388.52359 17.937 0.045
4519.86571 17.592 0.023
4520.89587 17.852 0.033
4523.87884 17.603 0.025
4525.87352 17.883 0.042
4532.89897 17.550 0.023
4535.86392 17.627 0.023
4537.81381 17.577 0.019
4539.81863 17.553 0.020
4541.85058 17.524 0.017
4543.84028 17.762 0.022
4544.83708 17.680 0.023
4545.85467 17.977 0.030
4547.82853 17.841 0.029
4550.82743 17.514 0.020
4552.81756 17.703 0.026
4556.90932 17.893 0.025
4558.90437 17.894 0.023
4559.89940 17.598 0.020
4560.89957 17.826 0.022
4561.88868 17.519 0.016
4564.89305 17.685 0.017
4565.88234 17.932 0.020
4566.88362 17.640 0.017
4567.88956 17.910 0.023
4569.90743 17.840 0.023
4570.91306 17.584 0.022
4571.87464 17.756 0.020
4572.91324 17.519 0.019
4573.88899 17.729 0.020
4574.89680 17.744 0.027
4575.90801 17.696 0.022
4583.87825 17.618 0.025
4585.86200 17.932 0.026
4586.88076 17.637 0.022
4587.89262 17.935 0.035
4588.78287 17.517 0.032
4589.75225 17.696 0.025
4590.83240 17.515 0.017
4591.74474 17.637 0.020
4592.81820 17.884 0.030
4593.80384 17.652 0.020
4594.83435 17.914 0.026
4595.82339 17.611 0.020
4596.77846 17.811 0.020
4597.84037 17.583 0.020
4598.80987 17.801 0.017
4599.78909 17.589 0.017
4600.81231 17.739 0.017
4601.80051 17.851 0.020
4602.80372 17.666 0.019
4606.86659 17.642 0.022
4611.78262 17.683 0.022
4616.77720 17.799 0.022
4618.67769 17.642 0.022
4622.75714 17.650 0.025
4623.82949 17.959 0.032
4624.76829 17.639 0.023
4625.75185 17.789 0.027
4626.81329 17.618 0.023
4627.79087 17.802 0.020
4628.71952 17.852 0.025
4629.78887 17.717 0.022
4630.72864 17.928 0.026
4631.74391 17.656 0.019
4632.77769 17.920 0.025
4633.91317 17.687 0.035
4642.55372 17.655 0.027
4643.71078 17.766 0.025
4644.80028 17.616 0.022
4645.71289 17.773 0.025
4646.68028 17.641 0.019
4647.70181 17.715 0.025
4649.68640 17.633 0.020
4650.72441 17.928 0.030
4651.72500 17.614 0.025
4652.65754 17.775 0.025
4653.68502 17.559 0.020
4654.68985 17.808 0.025
4655.69047 17.580 0.017
4656.65738 17.676 0.023
4661.64721 17.785 0.026
4666.51776 17.782 0.033
4670.74934 17.851 0.033
4671.70284 17.613 0.020
4672.66264 17.808 0.023
4674.69060 17.754 0.023
4677.73472 17.683 0.025
4681.71862 17.878 0.033
4682.71628 17.590 0.019
4683.67231 17.750 0.026
4684.69108 17.572 0.020
4685.71688 17.769 0.026
4685.76904 17.806 0.030
4687.70512 17.713 0.030
4688.65101 17.865 0.025
4694.73898 17.813 0.043
4697.65990 17.952 0.035
4698.67804 17.642 0.026
4700.67325 17.572 0.022
4701.65656 17.761 0.026
4702.67103 17.527 0.022
4708.69265 17.923 0.032
4715.65372 17.988 0.037
4720.66420 17.554 0.047
4721.66721 17.827 0.042
4722.65741 17.562 0.029
4725.63032 17.707 0.033
4733.61961 17.749 0.029
4739.51231 17.729 0.027
4750.56165 17.798 0.040
4757.56855 17.792 0.029
4763.54483 17.599 0.029
4772.51905 17.572 0.033
4877.88495 17.687 0.025
4883.89885 17.965 0.047
4886.86554 17.651 0.025
4890.83805 17.885 0.029
4894.88906 17.879 0.035
4899.80668 17.892 0.032
4900.86780 17.640 0.023
4902.84497 17.561 0.022
4903.90768 17.839 0.029
4904.87320 17.542 0.022
4911.90842 17.659 0.035
4913.92183 17.604 0.029
4924.91632 17.595 0.020
4926.77720 17.886 0.026
4928.82259 17.929 0.026
4930.75805 17.782 0.027
4931.91562 17.635 0.025
4932.80804 17.721 0.023
4933.75564 17.780 0.032
4934.85391 17.753 0.026
4938.86242 17.609 0.025
4940.80714 17.607 0.020
4941.85916 17.817 0.025
4943.74158 17.641 0.019
4949.82093 17.582 0.017
4951.85241 17.596 0.022
4953.75038 17.923 0.026
