 455.65649 18.803 0.026
 455.73528 18.737 0.026
 455.78286 18.727 0.030
 456.60295 18.707 0.027
 456.65267 18.791 0.037
 456.72341 18.773 0.031
 456.77087 18.824 0.030
 456.82231 18.885 0.032
 457.57065 18.754 0.033
 457.61459 18.703 0.029
 457.67323 18.752 0.031
 457.73181 18.867 0.033
 457.79047 18.912 0.033
 457.84918 18.846 0.038
 458.64704 18.834 0.037
 458.70568 18.821 0.042
 459.56425 18.782 0.036
 459.61041 18.799 0.032
 459.66899 18.859 0.031
 459.72844 18.895 0.033
 459.77227 18.820 0.031
 459.81606 18.703 0.031
 461.57514 18.907 0.031
 461.61894 19.013 0.036
 461.67759 18.862 0.031
 461.74373 18.771 0.027
 461.80575 18.843 0.042
 462.57567 18.948 0.030
 462.63431 18.794 0.027
 462.68029 18.730 0.026
 465.67915 18.893 0.043
 465.72684 18.989 0.048
 465.81160 18.803 0.032
 466.66287 18.920 0.033
 466.72938 18.808 0.033
 466.81439 18.674 0.031
 467.66652 18.855 0.035
 467.77113 18.673 0.029
 467.83708 18.732 0.035
 468.67321 18.808 0.036
 468.74339 18.709 0.032
 468.80198 18.778 0.030
 468.85314 18.834 0.030
 469.67408 18.713 0.041
 469.75220 18.797 0.038
 469.81111 18.891 0.038
 470.74885 18.814 0.041
 471.65992 18.839 0.039
 471.79670 18.893 0.042
 472.63451 18.806 0.031
 472.67837 18.851 0.035
 472.72216 18.912 0.042
 472.78811 18.827 0.043
 474.71407 18.915 0.041
 474.78052 18.667 0.056
 475.54846 18.856 0.041
 475.60725 18.934 0.042
 475.67339 18.864 0.045
 475.72552 18.660 0.037
 476.75952 18.778 0.041
 477.54520 18.678 0.031
 477.59652 18.703 0.027
 477.74398 18.841 0.033
 477.82485 18.922 0.042
 478.55135 18.753 0.033
 478.77174 18.929 0.035
 478.83071 18.843 0.032
 479.55018 18.716 0.033
 479.59410 18.814 0.029
 479.75700 18.843 0.035
 479.83171 18.810 0.048
 480.58625 18.826 0.036
 480.66741 18.905 0.031
 480.76097 18.807 0.033
 480.80510 18.709 0.032
 481.57143 18.851 0.035
 481.71980 18.756 0.035
 481.76378 18.670 0.035
 481.80774 18.753 0.033
 482.72067 18.687 0.030
 482.79857 18.713 0.029
 483.58694 18.901 0.042
 483.63139 18.771 0.036
 483.67524 18.708 0.033
 483.71925 18.742 0.032
 483.76313 18.749 0.035
 483.80705 18.767 0.035
 484.58561 18.762 0.035
 484.69428 18.738 0.033
 484.73866 18.877 0.038
 484.78265 18.949 0.039
 485.58925 18.709 0.029
 485.73620 18.867 0.035
 485.78028 18.989 0.041
 486.58576 18.777 0.031
 486.63127 18.862 0.035
 486.72782 18.894 0.038
 486.77302 18.957 0.038
 487.61271 18.911 0.033
 487.66100 18.887 0.030
 487.70875 18.921 0.032
 487.75292 18.844 0.032
 487.79710 18.671 0.030
 488.59822 18.907 0.032
 488.64218 18.935 0.030
 488.71104 18.786 0.036
 488.75505 18.745 0.031
 488.79910 18.777 0.036
 489.57396 18.936 0.032
 489.66294 18.866 0.031
 489.70686 18.703 0.029
 489.75077 18.699 0.029
 490.56718 18.943 0.029
 490.70440 18.764 0.033
 490.74849 18.731 0.031
 490.79251 18.881 0.036
 491.59171 18.749 0.031
 491.64353 18.700 0.029
 491.68766 18.757 0.030
 491.80106 18.962 0.041
 492.57588 18.801 0.038
 492.65021 18.791 0.036
 493.57892 18.616 0.027
 493.62341 18.759 0.031
 494.57364 18.836 0.032
 494.61756 18.928 0.036
 494.66178 18.999 0.039
 494.70611 18.905 0.035
 494.75109 18.890 0.037
 495.57644 18.989 0.045
 495.65010 18.971 0.047
 495.70355 18.770 0.049
 496.57183 18.905 0.041
 496.61660 18.858 0.041
 496.66065 18.801 0.053
 496.70554 18.716 0.048
 497.74500 18.709 0.045
 498.57089 18.857 0.036
 498.61494 18.731 0.026
 498.72869 18.879 0.038
 498.77262 18.839 0.041
 499.56585 18.706 0.032
 499.61154 18.744 0.030
 499.75185 18.862 0.043
 500.56424 18.768 0.041
 500.60857 18.792 0.045
 500.65347 18.923 0.052
 500.70461 18.963 0.053
 500.74906 18.948 0.056
 501.57275 18.737 0.037
 501.69150 19.005 0.061
 507.56120 18.690 0.027
 507.60637 18.763 0.035
 507.67819 18.751 0.050
 509.55705 18.835 0.039
 509.60412 19.045 0.048
 509.65644 18.947 0.044
 510.59867 18.941 0.045
 510.64424 18.881 0.044
 510.69183 18.633 0.036
 511.68412 18.647 0.045
 512.59079 18.687 0.031
 512.63913 18.758 0.044
 512.71343 18.792 0.032
 512.75894 18.852 0.033
 513.57108 18.782 0.033
 513.61667 18.742 0.027
 513.70835 18.897 0.035
 513.75557 19.010 0.043
 514.57933 18.726 0.030
 514.64839 18.751 0.033
 514.69875 18.980 0.039
 514.74561 18.934 0.037
 515.57348 18.879 0.032
 515.62823 18.911 0.031
 515.67647 18.861 0.032
 516.57979 18.813 0.044
 516.63400 18.903 0.052
 516.68092 18.932 0.038
 516.72747 18.620 0.033
 517.57778 18.916 0.038
 517.62761 18.920 0.047
 517.67759 18.719 0.039
 517.72378 18.755 0.038
 518.61515 18.754 0.038
 518.66038 18.701 0.035
 518.70945 18.723 0.047
 519.57576 18.829 0.037
 519.62237 18.765 0.037
 519.70480 18.927 0.044
 520.71653 18.820 0.044
 521.57204 18.764 0.047
 521.61719 18.893 0.052
 521.67994 18.951 0.059
 523.58119 18.976 0.045
 523.63374 18.903 0.043
 523.68361 18.835 0.049
 524.57355 18.952 0.053
 524.62358 18.870 0.049
 526.56072 18.753 0.059
 526.66270 18.705 0.043
 527.68587 18.885 0.049
 530.57600 18.987 0.066
 531.57342 18.918 0.052
 532.56291 18.961 0.053
 533.58013 18.808 0.045
 534.56930 18.819 0.060
 534.61347 18.667 0.042
 534.66521 19.055 0.069
 535.55395 18.771 0.035
 535.61424 18.882 0.052
 535.68794 19.043 0.095
 536.53305 18.841 0.036
 536.57829 18.928 0.043
 536.62872 18.948 0.049
 537.52768 18.917 0.039
 537.62784 19.079 0.049
 537.67471 18.915 0.053
 538.51562 18.906 0.048
 538.56742 18.939 0.043
 539.52426 19.020 0.045
 539.63540 18.705 0.033
 539.67948 18.759 0.035
 540.68553 18.847 0.042
 541.53467 18.770 0.036
 541.59170 18.687 0.027
 542.52375 18.798 0.035
 542.57566 18.782 0.035
 542.62312 18.895 0.037
 542.66726 18.948 0.048
 543.56196 18.841 0.035
 543.60605 18.927 0.041
 543.64311 18.969 0.043
 544.51476 18.802 0.035
 544.55907 19.029 0.052
 544.60334 18.985 0.041
 544.64856 18.889 0.045
 551.50449 18.880 0.033
 552.51280 18.898 0.043
 553.52125 18.845 0.048
 553.63198 18.776 0.055
 554.49800 18.910 0.053
 554.58347 18.651 0.056
 555.50432 18.768 0.070
 557.60490 18.891 0.067
 558.55167 18.994 0.105
 559.53549 18.923 0.055
 560.51354 18.951 0.072
 561.51358 19.043 0.088
 562.51514 18.735 0.067
 564.51626 18.687 0.060
 565.52209 18.834 0.052
 566.51609 18.898 0.048
 567.51714 18.852 0.041
 569.51224 18.767 0.050
 571.49804 18.730 0.052
 572.52728 18.805 0.052
 573.53114 18.835 0.060
 574.48951 18.932 0.045
 575.48815 18.946 0.060
 577.49712 18.729 0.045
 578.51017 18.709 0.038
 582.49283 18.773 0.064
 583.49556 18.731 0.043
 672.88096 18.725 0.036
 689.91144 18.846 0.044
 699.91485 18.747 0.052
 701.83178 18.690 0.049
 704.87427 18.906 0.053
 706.85571 18.785 0.061
 714.82314 18.736 0.036
 716.78775 18.827 0.043
 728.78293 18.813 0.041
 729.78293 18.756 0.043
 730.73847 18.830 0.053
 733.82947 18.719 0.064
 741.83272 18.706 0.048
 745.78754 18.700 0.041
 747.83596 18.865 0.045
 753.78392 18.813 0.048
 759.82437 18.822 0.038
 766.79855 18.805 0.059
 772.81762 18.718 0.038
 775.79935 18.932 0.043
 779.81801 18.834 0.043
 787.79442 18.890 0.043
 789.77842 18.934 0.050
 790.78891 18.802 0.047
 795.74651 18.776 0.039
 796.81843 18.848 0.047
 797.74618 18.849 0.041
 798.71815 18.827 0.038
 805.80307 18.620 0.052
 816.77410 18.861 0.047
 817.69330 18.934 0.045
 819.79300 18.740 0.041
 822.80719 18.846 0.033
 824.83647 18.738 0.039
 826.65994 18.806 0.053
 829.73055 18.810 0.049
 832.68678 18.877 0.045
 836.78560 18.846 0.061
 840.66496 18.892 0.053
 843.66544 18.722 0.038
 850.63900 18.685 0.038
 854.66976 18.985 0.064
 855.64374 18.764 0.054
 856.61005 18.847 0.059
 858.58263 18.723 0.044
 866.64473 18.755 0.066
 875.55793 18.994 0.044
 879.64447 18.719 0.050
 880.54356 18.700 0.044
 887.55683 18.768 0.056
 892.64039 18.692 0.047
 895.53128 18.853 0.060
 898.53811 18.870 0.036
 922.60547 18.923 0.067
 928.53144 18.624 0.048
 931.55335 18.882 0.073
 933.56310 18.764 0.053
 947.50275 19.045 0.091
 951.55272 18.832 0.047
1045.89111 18.653 0.044
1051.87139 18.767 0.052
1052.90659 18.654 0.044
1053.88677 18.750 0.039
1054.90249 18.825 0.044
1055.87496 18.903 0.065
1059.88773 18.683 0.054
1061.89747 18.816 0.053
1068.89558 18.771 0.039
1081.86998 18.709 0.038
1087.81705 18.793 0.044
1091.81956 18.824 0.058
1102.80200 18.626 0.026
1106.85703 18.825 0.037
1107.78479 18.940 0.048
1113.79758 18.929 0.047
1119.80231 18.851 0.050
1126.82536 18.937 0.048
1131.69614 18.758 0.052
1132.74811 18.735 0.041
1136.78139 18.740 0.042
1138.80555 18.736 0.036
1142.67257 18.857 0.047
1144.74151 18.720 0.038
1151.76735 18.665 0.037
1155.76663 18.821 0.043
1158.76417 18.684 0.037
1161.74210 18.824 0.037
1165.76282 18.678 0.037
1169.75773 18.913 0.053
1174.73155 18.705 0.033
1179.74837 18.674 0.048
1181.82041 18.794 0.052
1186.77483 18.699 0.033
1187.83612 18.814 0.041
1189.84495 18.849 0.047
1196.71483 18.917 0.061
1201.72370 18.767 0.045
1203.74355 18.848 0.045
1207.60049 18.966 0.060
1211.63824 18.740 0.041
1214.63909 18.970 0.054
1217.61398 18.679 0.032
1220.61881 18.898 0.047
1223.64504 18.666 0.038
1225.58596 18.684 0.035
1227.66650 18.911 0.048
1231.56239 18.725 0.045
1234.61063 18.876 0.049
1236.61812 18.862 0.064
1240.57059 18.786 0.049
1242.67228 18.755 0.058
1244.62192 18.674 0.043
1247.55245 18.880 0.069
1252.66835 18.636 0.059
1256.53720 18.886 0.061
1260.56271 18.800 0.045
1265.53766 18.759 0.044
1273.58356 18.787 0.072
1277.51983 18.879 0.056
1281.57885 18.825 0.059
1288.51811 18.734 0.064
1290.58549 18.887 0.061
1296.52287 18.731 0.050
1298.56077 18.875 0.075
1301.50251 18.791 0.058
1305.54829 18.991 0.063
1308.47780 18.799 0.049
1313.52429 19.004 0.072
1316.51617 18.748 0.029
1319.49241 18.864 0.052
1329.51678 18.747 0.067
1332.49202 18.801 0.072
1340.46392 18.805 0.083
1412.85073 18.696 0.049
1418.84797 18.746 0.055
1430.90244 18.828 0.056
1432.83631 18.664 0.064
1435.81234 18.780 0.065
1437.79622 18.859 0.060
1440.84390 18.779 0.060
1446.85598 18.664 0.067
1447.88149 18.804 0.067
1451.77663 18.839 0.056
1459.78323 18.971 0.069
1462.78750 18.696 0.054
1470.84788 18.807 0.045
1475.76048 18.782 0.048
1478.71587 18.810 0.078
1481.68955 18.800 0.056
1487.71892 18.869 0.049
1490.71577 18.738 0.050
1492.70886 18.659 0.044
1495.70737 18.991 0.055
1497.83355 18.752 0.044
1499.66516 18.691 0.059
1502.66038 18.877 0.066
1505.70099 18.762 0.053
1507.83445 18.773 0.047
1510.81045 18.732 0.041
1512.70716 18.722 0.058
1514.81829 18.955 0.059
1517.65374 18.875 0.050
1519.72741 18.642 0.036
1521.66314 18.752 0.044
1523.78390 18.697 0.049
1525.77825 18.766 0.037
1527.70720 18.721 0.038
1528.75354 18.869 0.041
1529.77468 18.927 0.050
1531.76777 18.644 0.044
1538.72433 18.707 0.041
1541.68043 18.725 0.035
1542.71031 18.803 0.047
1544.63627 18.879 0.044
1547.76323 18.824 0.039
1548.74082 18.773 0.037
1549.73508 18.893 0.037
1552.59983 18.914 0.045
1554.72630 18.808 0.039
1555.73302 18.737 0.037
1562.73597 18.809 0.059
1564.61454 18.867 0.067
1567.70718 18.685 0.048
1570.61249 18.764 0.043
1574.76969 18.800 0.037
1577.72141 18.874 0.045
1580.75545 18.719 0.048
1583.64080 18.799 0.049
1585.72745 18.820 0.044
1588.73515 18.687 0.055
1591.70804 18.843 0.086
1593.58464 18.785 0.047
1595.72315 18.690 0.065
1596.70308 18.761 0.052
1599.62495 18.877 0.047
1601.70101 18.817 0.064
1604.58250 18.816 0.052
1606.61743 18.819 0.048
1609.65877 18.706 0.043
1610.64385 18.665 0.043
1613.53492 18.740 0.050
1615.56685 18.937 0.060
1617.63822 18.710 0.041
1619.62189 18.854 0.060
1620.57306 18.812 0.058
1622.52321 18.946 0.065
1624.51978 18.917 0.072
1626.52062 18.791 0.050
1627.64173 19.044 0.073
1629.52074 18.895 0.049
1630.60217 18.728 0.042
1632.53871 18.700 0.043
1634.51641 18.767 0.042
1643.50836 18.876 0.054
1646.50729 18.830 0.075
1654.54577 18.741 0.053
1656.53195 18.857 0.053
1659.53943 18.865 0.058
1661.56338 18.680 0.042
1664.52506 18.952 0.056
1667.53026 18.814 0.064
1670.55202 18.900 0.067
1672.54098 18.937 0.073
1681.49240 18.875 0.103
1694.49687 18.856 0.065
1769.88390 18.796 0.053
1771.91073 18.723 0.070
1772.89056 18.609 0.043
1775.89166 18.830 0.052
1784.87625 18.762 0.056
1789.86494 18.911 0.039
1804.81454 19.006 0.070
1808.89513 18.877 0.058
1812.80968 18.746 0.039
1816.82101 18.906 0.044
1821.81159 18.750 0.037
1823.85371 18.875 0.039
1826.83678 18.633 0.043
1829.81049 18.720 0.052
1830.82380 19.044 0.078
1834.86276 18.753 0.048
1845.86018 18.856 0.041
1859.79990 18.848 0.048
1861.59195 18.920 0.100
1861.81712 18.739 0.049
1864.79453 18.810 0.041
1865.77472 18.833 0.043
1868.81409 18.750 0.032
1870.74739 18.693 0.036
1871.83136 18.865 0.041
1873.79095 18.978 0.047
2167.86807 18.911 0.063
2186.84186 18.761 0.084
2190.82726 18.863 0.052
2192.87023 18.728 0.052
2193.79178 18.737 0.039
2202.79126 18.763 0.055
2214.83893 18.719 0.071
2224.79337 18.923 0.059
2227.70424 18.897 0.063
2229.70971 18.778 0.063
2233.64640 18.716 0.047
2236.65875 18.971 0.073
2239.62679 18.801 0.073
2241.71371 18.814 0.067
2243.76742 18.724 0.055
2247.84931 18.682 0.052
2248.85196 18.718 0.045
2250.78200 18.760 0.047
2252.69899 18.673 0.048
2254.69027 18.905 0.048
2257.69848 18.774 0.045
2260.70395 18.743 0.043
2263.73081 18.834 0.073
2264.70952 18.744 0.044
2266.69531 18.776 0.058
2270.76248 18.722 0.048
2271.84323 18.858 0.037
2272.74868 18.804 0.063
2274.74022 18.974 0.060
2276.80160 18.658 0.061
2278.66585 18.747 0.056
2280.74419 18.903 0.055
2282.74010 19.010 0.060
2284.81432 18.701 0.042
2289.80358 18.745 0.050
2292.82001 18.841 0.075
2294.78812 18.905 0.104
2296.80881 18.797 0.098
2298.80244 18.729 0.063
2302.75319 18.902 0.076
2315.67893 18.743 0.048
2324.53678 18.706 0.071
2328.52368 18.999 0.091
2334.51697 18.977 0.061
2364.50646 18.741 0.080
2385.52393 18.766 0.072
2529.86808 18.703 0.052
2539.86806 18.838 0.075
2545.83527 18.589 0.053
2552.89377 18.611 0.056
2556.88243 18.857 0.059
2560.79169 18.644 0.048
2561.79321 18.657 0.056
2565.79967 18.742 0.063
2574.74973 18.625 0.045
2578.81808 18.911 0.075
2586.74015 18.990 0.077
2590.78842 18.848 0.063
2596.79513 18.823 0.061
2605.83493 19.026 0.067
2609.79999 18.754 0.072
2614.77734 18.815 0.066
2618.80793 18.973 0.077
2621.73308 18.914 0.055
2624.65264 18.742 0.058
2627.76172 18.928 0.082
2629.78266 18.814 0.063
2632.68247 18.740 0.048
2635.78309 18.659 0.044
2638.70089 18.724 0.053
2640.79758 18.947 0.086
2642.75583 18.870 0.082
2644.75481 18.712 0.049
2646.71449 18.692 0.050
2650.76579 18.757 0.060
2652.86017 18.963 0.067
2654.78918 18.992 0.072
2656.69466 18.901 0.077
2658.65709 18.778 0.054
2660.67627 18.815 0.067
2662.69085 18.825 0.063
2664.66583 18.918 0.064
2666.73138 18.724 0.043
2668.72228 18.972 0.066
2672.81599 18.824 0.066
2674.72185 18.837 0.060
2676.71102 18.938 0.059
2678.78338 18.730 0.047
2680.67012 18.669 0.050
2682.71544 18.777 0.076
2687.60386 18.826 0.071
2692.60254 19.038 0.072
2696.59376 18.692 0.056
2701.58545 18.918 0.082
2708.51512 18.897 0.091
2715.51075 18.915 0.098
2870.92906 18.831 0.078
2890.86355 18.671 0.077
2895.89942 18.718 0.048
2900.86365 18.916 0.059
2911.84905 18.721 0.042
2917.76302 18.875 0.061
2922.88518 18.869 0.082
2926.81812 18.746 0.058
2931.74637 18.974 0.064
2934.78715 18.775 0.049
2940.76767 18.689 0.047
2943.77186 18.871 0.060
2947.78050 18.645 0.041
2949.87036 18.998 0.080
2950.69431 18.760 0.056
2954.71764 18.731 0.069
2956.76299 18.836 0.055
2958.80465 18.969 0.065
2962.80179 18.790 0.045
2965.82480 18.820 0.049
2968.69250 18.755 0.054
2973.76601 18.917 0.058
2976.63244 18.890 0.067
2978.83351 18.997 0.059
2980.74848 18.916 0.058
2982.75655 18.700 0.043
2984.78814 18.881 0.055
2987.66953 18.908 0.070
2989.62763 19.007 0.058
2991.69160 18.754 0.047
2993.71192 18.955 0.075
2995.78677 18.744 0.050
2997.75738 18.823 0.055
2999.65707 18.689 0.043
3000.70597 18.934 0.063
3002.69426 18.890 0.053
3004.69512 18.676 0.043
3006.63861 18.779 0.053
3008.79352 18.735 0.052
3010.71309 18.719 0.065
3011.76805 18.803 0.077
3015.78562 18.771 0.082
3017.77331 18.661 0.047
3019.72702 18.895 0.072
3021.82000 18.729 0.053
3023.68208 18.902 0.043
3025.65351 18.743 0.037
3027.69908 18.891 0.053
3029.68399 18.966 0.060
3031.75406 18.685 0.050
3033.81765 18.902 0.058
3036.61613 18.902 0.050
3039.55801 18.795 0.056
3041.66605 18.834 0.084
3043.67676 18.820 0.072
3045.73963 18.751 0.056
3047.69328 18.732 0.058
3048.62449 18.737 0.037
3050.64151 18.949 0.048
3052.64290 18.944 0.052
3054.64738 18.676 0.053
3056.63554 18.880 0.047
3058.62948 19.022 0.072
3060.67910 18.670 0.047
3066.52541 19.098 0.110
3068.56496 18.768 0.063
3070.63721 18.865 0.081
3073.65705 18.728 0.055
3076.58090 18.686 0.067
3078.66769 18.876 0.063
3082.64469 18.699 0.037
3085.54713 18.808 0.055
3088.51013 18.841 0.064
3090.65184 18.958 0.067
3093.53444 18.816 0.075
3098.64375 18.887 0.069
3102.61446 18.703 0.059
3105.62019 18.927 0.071
3108.59815 18.871 0.055
3111.54653 18.737 0.073
3129.48884 19.000 0.091
3134.50970 18.810 0.066
3216.90355 18.905 0.083
3242.83830 18.735 0.059
3248.89105 18.728 0.058
3264.83869 18.805 0.048
3270.90539 18.686 0.058
3274.79075 18.760 0.063
3278.84570 18.743 0.060
3282.82188 18.916 0.056
3287.79529 18.782 0.038
3295.75289 18.767 0.041
3297.74498 18.789 0.041
3299.80913 18.604 0.030
3301.80648 18.968 0.071
3304.87092 18.607 0.048
3309.77250 18.881 0.052
3311.77045 18.889 0.055
3320.81808 18.739 0.044
3327.78599 18.615 0.042
3330.74435 18.906 0.073
3334.84384 18.901 0.076
3339.79167 18.932 0.059
3353.83797 18.729 0.049
3357.62826 18.768 0.053
3360.66709 18.948 0.054
3363.77535 18.884 0.055
3369.85265 18.906 0.066
3375.78900 18.718 0.050
3378.71453 18.622 0.041
3394.59764 18.732 0.056
3396.64849 19.002 0.060
3399.75111 18.903 0.076
3403.73847 18.795 0.049
3408.62292 18.778 0.045
3413.57790 18.753 0.045
3417.59499 19.015 0.060
3425.60314 18.915 0.075
3431.59113 18.973 0.050
3437.56667 18.644 0.047
3446.53576 18.972 0.061
3456.49730 18.860 0.071
3474.48389 18.887 0.088
3603.92609 18.943 0.063
3619.86910 18.959 0.058
3633.84559 19.029 0.075
3639.81205 18.824 0.045
3644.84810 18.700 0.042
3651.79055 18.658 0.042
3654.83832 18.993 0.059
3658.80191 18.717 0.050
3660.82671 18.982 0.078
3665.82070 18.772 0.061
3670.79042 18.798 0.058
3673.80054 18.779 0.043
3676.80058 18.947 0.052
3684.85458 18.741 0.045
3687.82694 18.837 0.043
3690.74688 18.928 0.065
3693.78439 18.669 0.045
3695.81571 18.861 0.045
3698.80528 18.777 0.053
3700.82391 18.749 0.061
3703.75798 18.908 0.050
3705.82218 18.854 0.043
3708.80998 18.879 0.065
3712.76750 18.837 0.047
3714.83827 18.738 0.044
3717.73067 18.951 0.069
3720.81876 18.635 0.050
3724.73639 18.827 0.045
3727.81098 18.611 0.044
3728.77373 18.713 0.044
3731.77727 18.794 0.042
3732.76036 18.901 0.044
3735.61678 18.952 0.044
3737.78665 18.867 0.039
3740.74857 18.941 0.045
3742.75588 18.856 0.066
3745.79184 18.943 0.055
3748.76165 18.651 0.061
3750.77183 18.823 0.056
3752.78189 18.897 0.066
3754.79968 18.692 0.047
3757.58065 18.930 0.063
3759.78574 18.822 0.050
3763.65767 18.859 0.035
3766.61407 18.693 0.039
3770.70060 18.728 0.054
3773.73335 18.898 0.066
3776.70506 18.803 0.070
3779.65834 18.584 0.066
3783.57501 18.806 0.050
3788.54773 18.658 0.036
3792.58520 18.946 0.055
3800.56708 18.756 0.048
3810.52513 18.684 0.056
3824.49532 18.608 0.056
3950.91893 18.982 0.064
3964.91767 18.897 0.045
3970.84256 18.735 0.052
3981.91111 18.786 0.059
3990.89983 19.050 0.073
3998.90362 18.900 0.056
4003.71731 18.853 0.048
4005.89303 18.925 0.049
4006.73859 18.829 0.044
4008.75938 18.964 0.047
4013.75992 18.661 0.050
4018.89250 19.058 0.080
4024.75646 18.770 0.042
4026.83410 18.888 0.052
4029.77869 18.936 0.060
4032.80953 18.800 0.072
4038.76126 18.726 0.048
4041.72123 18.769 0.050
4043.72617 18.883 0.060
4049.68871 18.870 0.052
4052.75003 18.693 0.038
4054.73699 18.692 0.066
4056.79600 19.152 0.063
4058.84316 18.638 0.044
4063.72598 18.929 0.052
4065.84912 18.733 0.050
4067.69102 18.749 0.042
4070.71325 18.882 0.050
4074.78199 18.891 0.059
4077.83076 18.725 0.045
4080.70734 18.705 0.050
4084.63566 18.840 0.056
4086.79139 18.739 0.052
4093.83277 18.664 0.042
4105.85098 18.690 0.060
4111.77011 18.962 0.048
4117.71051 18.818 0.054
4121.68847 18.968 0.082
4124.77073 18.932 0.047
4132.72664 18.908 0.076
4142.74838 18.671 0.083
4156.58349 18.923 0.060
4168.54399 18.751 0.049
4198.49812 18.742 0.061
4343.83412 18.792 0.063
4347.90118 18.735 0.052
4353.83435 18.873 0.053
4358.78576 18.784 0.081
4363.82827 18.642 0.066
4367.78807 18.996 0.075
4370.82483 18.796 0.066
4373.82426 18.925 0.055
4377.84327 18.733 0.058
4380.88794 18.802 0.054
4386.83380 18.912 0.071
4390.79580 18.837 0.056
4394.81339 18.921 0.049
4399.76996 18.725 0.060
4407.73288 18.920 0.060
4412.75651 18.663 0.058
4418.84202 18.829 0.043
4422.73413 18.851 0.053
4427.70978 18.726 0.055
4430.71310 18.893 0.084
4433.73072 18.699 0.052
4436.81208 18.873 0.067
4440.67297 18.717 0.053
4443.76542 18.952 0.073
4449.72804 18.820 0.049
4451.76762 18.873 0.056
4452.74693 18.865 0.084
4455.73711 18.775 0.063
4457.76732 18.823 0.073
4459.73199 18.817 0.058
4462.70980 18.666 0.049
4464.78014 18.949 0.070
4467.75588 18.692 0.042
4471.81380 18.875 0.058
4472.64319 18.820 0.044
4476.69674 18.718 0.042
4480.80021 18.678 0.044
4483.78849 18.838 0.064
4486.81477 18.618 0.070
4492.67256 18.869 0.064
4497.73425 18.730 0.049
4500.57591 18.917 0.066
4502.71711 18.711 0.111
4507.72000 18.827 0.061
4509.67169 18.722 0.055
4521.66832 18.930 0.064
4523.65334 18.806 0.060
4525.61801 18.733 0.058
4531.59400 18.904 0.050
4533.59637 18.708 0.049
4537.64645 18.756 0.055
4539.56558 18.792 0.061
4541.64776 18.886 0.061
