2166.86329 18.861 0.055
2189.86887 18.759 0.063
2192.77176 18.858 0.049
2201.78397 18.926 0.048
2212.81622 19.152 0.076
2217.80061 19.037 0.082
2223.82118 19.106 0.077
2226.79553 19.114 0.066
2228.83896 19.133 0.070
2230.75239 18.826 0.055
2232.77261 18.789 0.057
2234.76659 18.930 0.049
2238.71724 19.141 0.071
2240.84617 19.152 0.077
2242.85190 19.218 0.101
2248.73316 19.026 0.051
2251.76280 18.835 0.048
2253.78615 18.872 0.049
2255.70870 19.144 0.069
2258.70815 18.794 0.045
2261.68092 18.772 0.049
2264.81675 18.933 0.044
2269.78967 18.927 0.059
2271.73797 19.150 0.073
2273.82830 19.141 0.082
2275.80177 19.130 0.078
2277.80456 19.007 0.054
2279.80137 18.835 0.048
2281.76424 18.903 0.046
2283.82143 18.843 0.040
2289.75829 18.883 0.051
2291.76442 18.901 0.069
2293.73278 18.849 0.065
2295.75382 18.859 0.048
2297.74475 19.242 0.083
2299.77714 19.107 0.073
2301.68258 18.902 0.073
2303.67797 18.905 0.072
2323.58028 18.905 0.054
2326.58730 19.207 0.085
2332.53073 18.945 0.085
2338.55327 19.089 0.066
2356.49645 18.943 0.085
2524.87388 18.978 0.069
2537.87554 19.219 0.129
2542.84009 19.049 0.075
2544.89880 19.193 0.102
2551.88899 19.066 0.066
2559.82695 19.151 0.078
2563.87213 19.197 0.096
2573.79829 19.193 0.090
2577.86106 19.121 0.079
2583.75750 19.086 0.077
2589.79859 19.049 0.060
2596.68698 18.834 0.088
2605.76611 18.801 0.052
2609.67648 19.126 0.083
2611.68021 19.102 0.093
2617.82684 19.145 0.085
2620.79585 19.097 0.065
2623.76906 19.000 0.072
2626.69418 18.972 0.076
2628.86128 18.840 0.091
2630.85004 18.903 0.091
2632.64072 19.030 0.090
2635.63511 19.176 0.075
2637.77530 18.903 0.060
2641.66584 18.772 0.058
2643.67819 18.812 0.055
2645.66932 18.914 0.049
2647.59608 19.043 0.067
2651.66478 18.931 0.065
2653.68909 18.898 0.077
2655.67416 18.897 0.064
2657.80714 19.105 0.088
2659.67892 18.842 0.059
2661.69902 18.964 0.066
2665.80092 18.836 0.064
2671.80688 19.063 0.063
2675.73733 18.839 0.049
2679.76277 19.089 0.073
2682.62180 19.244 0.105
2686.61491 18.872 0.067
2691.56026 18.919 0.079
2695.59910 18.843 0.075
2700.55006 18.854 0.065
2713.53522 18.838 0.085
2841.93953 18.968 0.069
2868.90200 18.944 0.065
2890.84512 18.872 0.078
2895.88080 18.899 0.051
2900.83648 18.959 0.055
2906.86744 18.914 0.045
2910.90078 19.146 0.066
2915.90090 19.012 0.097
2922.78109 19.168 0.112
2925.86947 18.759 0.053
2930.78204 18.947 0.059
2933.82645 18.946 0.044
2939.83483 18.967 0.066
2941.85286 19.070 0.059
2943.72772 18.827 0.054
2946.83074 18.916 0.060
2948.82108 19.085 0.065
2952.81708 19.005 0.064
2956.66048 19.043 0.060
2958.68725 19.101 0.073
2962.69814 18.848 0.054
2965.71520 19.190 0.070
2967.81453 19.095 0.058
2970.78013 18.866 0.040
2974.71975 19.036 0.057
2976.75359 19.024 0.059
2978.64809 18.945 0.069
2980.67455 19.055 0.065
2982.63370 19.126 0.071
2984.67481 19.095 0.061
2986.76267 19.163 0.079
2988.73066 19.005 0.066
2990.66401 18.845 0.044
2992.75368 18.917 0.049
2994.66493 19.129 0.082
2996.75177 18.888 0.055
2998.70652 19.018 0.057
2999.79962 18.933 0.060
3001.67727 19.102 0.049
3003.67289 19.020 0.060
3005.62991 18.932 0.067
3007.74840 19.075 0.064
3009.68419 18.908 0.052
3011.62979 18.900 0.076
3013.66044 19.007 0.057
3017.67163 18.960 0.055
3018.72758 18.884 0.054
3020.80282 18.876 0.054
3022.82931 18.828 0.049
3024.77783 18.883 0.046
3026.77519 19.092 0.055
3028.78724 19.142 0.061
3030.78750 19.164 0.058
3033.71483 19.146 0.047
3035.72110 19.049 0.058
3038.69950 19.208 0.076
3040.69912 19.406 0.112
3044.57657 19.144 0.076
3046.59208 19.169 0.066
3048.57699 19.130 0.057
3050.59586 19.019 0.051
3052.59291 18.932 0.052
3054.59376 18.799 0.052
3056.59098 18.808 0.048
3058.58473 19.203 0.070
3060.60520 19.127 0.065
3064.60975 18.954 0.073
3067.66670 18.889 0.054
3069.62681 19.180 0.084
3073.54162 18.916 0.083
3075.63096 18.964 0.061
3078.55083 18.875 0.065
3082.53982 18.946 0.072
3084.61626 18.891 0.048
3087.57804 18.801 0.057
3090.53406 18.914 0.078
3093.51436 19.082 0.103
3098.62327 18.862 0.065
3104.55418 18.961 0.069
3107.53836 19.158 0.101
3111.52774 18.719 0.064
3114.52171 19.132 0.082
3126.48612 18.996 0.076
3144.50145 18.938 0.073
3224.90160 19.235 0.073
3239.93553 18.853 0.088
3247.90651 19.055 0.064
3256.88476 18.855 0.051
3263.85953 18.826 0.036
3268.87531 19.058 0.049
3273.84686 19.044 0.057
3276.86497 19.118 0.081
3281.82989 19.062 0.047
3289.84331 18.819 0.057
3294.84145 18.975 0.048
3296.84681 18.796 0.036
3301.69772 19.205 0.088
3303.86675 18.947 0.066
3306.84137 19.057 0.066
3308.85835 19.084 0.065
3311.66842 18.763 0.057
3320.70157 18.850 0.045
3329.83066 18.937 0.046
3334.73042 18.796 0.063
3338.78621 18.918 0.049
3354.76020 19.130 0.061
3358.64173 18.846 0.038
3361.73750 19.167 0.066
3363.72764 18.897 0.055
3367.68120 19.021 0.073
3372.69993 18.836 0.041
3386.76191 18.868 0.038
3391.60728 18.863 0.058
3395.67132 18.996 0.072
3398.71909 18.933 0.058
3402.66433 19.130 0.058
3404.59220 18.934 0.059
3408.54561 18.881 0.054
3412.59088 19.213 0.067
3414.62245 19.026 0.069
3419.59330 19.115 0.071
3426.52878 19.062 0.073
3433.57997 19.130 0.081
3443.55059 18.963 0.055
3453.51699 18.844 0.060
3575.92219 18.990 0.064
3589.89362 19.018 0.052
3617.89052 19.043 0.059
3629.82999 18.854 0.063
3634.79610 18.823 0.057
3640.76282 19.187 0.063
3641.83996 18.946 0.055
3650.83531 18.862 0.038
3653.86327 19.255 0.061
3657.81380 18.758 0.036
3660.77946 18.952 0.069
3664.81494 18.882 0.049
3668.75121 19.008 0.058
3672.76073 18.924 0.046
3676.86218 19.040 0.064
3684.80638 19.223 0.058
3687.72538 19.175 0.057
3689.82397 19.177 0.067
3692.74834 19.002 0.073
3694.82235 18.872 0.052
3696.69760 18.900 0.051
3699.70983 19.131 0.059
3701.76077 19.160 0.061
3704.72724 18.900 0.042
3706.78142 18.946 0.047
3711.67243 19.101 0.058
3713.68609 19.085 0.063
3719.76292 18.864 0.075
3722.82213 19.038 0.067
3726.68535 18.859 0.051
3728.65807 18.999 0.042
3731.75864 19.090 0.052
3733.64485 18.865 0.040
3734.74779 19.129 0.052
3736.76671 19.134 0.061
3737.65534 19.015 0.048
3739.71744 19.172 0.058
3741.82372 18.934 0.070
3743.72159 19.042 0.058
3746.76397 18.817 0.061
3748.71663 19.173 0.091
3750.72279 19.032 0.058
3752.73084 18.989 0.054
3754.75215 18.937 0.053
3755.67193 19.088 0.065
3757.64602 18.909 0.058
3759.61167 18.829 0.055
3762.69653 18.977 0.055
3769.75906 19.172 0.053
3772.72738 19.023 0.049
3775.71932 18.784 0.064
3778.69783 18.909 0.048
3782.60601 19.081 0.067
3786.58201 19.126 0.070
3791.57837 19.092 0.058
3798.57809 19.089 0.052
3820.51064 19.314 0.095
3945.90562 19.042 0.051
3964.93272 19.091 0.072
3971.80345 18.977 0.048
3974.92099 19.186 0.087
3981.81186 18.893 0.059
3995.84676 18.912 0.059
4002.84286 19.149 0.054
4005.79288 19.080 0.048
4007.79711 19.083 0.057
4011.77749 18.785 0.051
4018.76308 18.796 0.054
4023.81656 18.870 0.046
4026.72716 18.862 0.051
4028.86323 19.074 0.049
4031.75093 18.911 0.054
4037.85984 18.986 0.054
4040.82714 19.084 0.064
4042.84191 18.947 0.066
4048.80671 19.205 0.094
4052.64957 18.860 0.039
4053.84726 18.805 0.042
4056.69081 18.823 0.063
4059.67803 18.773 0.046
4064.64615 18.863 0.040
4066.62389 18.889 0.049
4069.68951 19.052 0.054
4071.61783 18.740 0.048
4076.68634 19.173 0.095
4079.70292 19.065 0.069
4082.69325 18.937 0.051
4084.77309 18.842 0.061
4087.69255 18.808 0.047
4093.78158 18.781 0.048
4113.69610 18.875 0.048
4119.63431 19.136 0.079
4122.68315 18.905 0.047
4125.73056 19.124 0.065
4129.73004 18.990 0.060
4142.59284 18.919 0.059
4150.56485 19.123 0.052
4154.58080 18.917 0.085
4166.52320 18.855 0.073
4184.51277 18.894 0.077
4340.91334 19.136 0.057
4346.90145 18.942 0.064
4351.84186 18.958 0.061
4357.85361 19.024 0.097
4363.78206 18.829 0.069
4365.80566 18.840 0.097
4369.80128 19.003 0.081
4372.77595 18.874 0.049
4376.86651 18.835 0.059
4379.87303 18.978 0.070
4383.87709 18.827 0.054
4388.87103 18.839 0.064
4393.74492 18.975 0.066
4398.82012 18.890 0.058
4403.76073 18.895 0.085
4411.75594 19.136 0.060
4417.83870 19.025 0.059
4421.75113 19.126 0.054
4425.82431 19.282 0.099
4429.73508 18.776 0.099
4432.77666 19.203 0.066
4436.70314 18.935 0.061
4439.74729 19.092 0.078
4442.72470 19.195 0.097
4448.78036 19.065 0.057
4450.78507 19.070 0.077
4453.76088 19.100 0.064
4456.77421 18.994 0.082
4459.68423 19.016 0.058
4462.68625 18.892 0.063
4465.72648 19.084 0.059
4469.67961 18.810 0.063
4474.68164 18.854 0.051
4478.78442 18.987 0.063
4481.78319 19.079 0.072
4484.69292 18.921 0.071
4487.75533 18.880 0.106
4492.70790 18.832 0.064
4494.74236 18.906 0.065
4499.63915 19.370 0.107
4502.69638 18.875 0.070
4507.65511 18.911 0.066
4509.65236 18.828 0.070
4516.60125 18.830 0.085
4520.67317 19.204 0.109
4522.56027 18.995 0.069
4524.57429 18.836 0.066
4530.57953 19.088 0.088
4532.57151 19.321 0.120
4537.56959 19.215 0.087
4540.61834 18.933 0.083
