2125.61710 19.241 0.149
2129.69151 19.392 0.082
2132.63307 19.412 0.084
2136.53720 19.249 0.096
2141.54891 19.377 0.075
2144.63908 19.151 0.068
2160.60661 19.351 0.107
2211.50155 18.946 0.122
2347.83310 19.312 0.089
2357.86063 19.362 0.077
2372.84851 19.182 0.077
2383.81116 19.400 0.080
2388.79100 19.354 0.099
2390.81391 19.170 0.084
2397.69809 19.250 0.080
2401.82974 19.581 0.101
2403.90672 19.404 0.086
2405.89412 19.142 0.084
2414.89346 19.039 0.078
2416.85139 19.231 0.081
2424.81876 19.313 0.095
2428.84738 19.717 0.136
2432.86085 19.168 0.138
2434.74572 19.233 0.070
2436.79442 19.180 0.075
2438.75519 19.272 0.086
2441.73288 19.473 0.081
2445.63929 19.510 0.092
2448.65746 19.141 0.180
2455.69702 19.440 0.099
2459.61703 19.370 0.077
2463.54835 19.175 0.090
2466.64456 19.027 0.073
2468.67485 19.502 0.075
2470.65719 19.173 0.067
2472.68536 19.512 0.089
2481.56470 19.474 0.132
2484.62727 19.037 0.074
2486.71924 19.574 0.139
2490.68743 19.242 0.091
2493.64898 19.107 0.074
2495.74759 19.589 0.140
2498.51445 19.624 0.084
2499.47587 19.318 0.094
2500.48648 19.361 0.098
2500.55895 19.256 0.071
2501.48107 19.033 0.092
2502.49242 19.456 0.106
2502.57015 18.945 0.062
2503.47314 19.489 0.356
2508.48357 19.246 0.100
2508.67045 19.361 0.113
2512.61682 19.357 0.108
2517.57069 19.313 0.094
2520.58605 19.220 0.078
2528.49129 19.168 0.095
2538.49773 19.270 0.098
2542.52502 19.142 0.098
2552.49897 19.346 0.114
2556.58312 19.119 0.100
2563.49754 19.295 0.101
2575.52602 19.340 0.133
2707.86703 19.184 0.070
2714.90635 19.175 0.066
2729.84030 19.173 0.080
2733.92049 19.365 0.125
2744.91804 19.266 0.070
2753.89295 19.150 0.085
2757.80446 19.292 0.088
2761.82156 19.259 0.086
2767.79686 18.996 0.085
2775.72593 18.921 0.088
2783.82991 19.410 0.089
2785.75551 19.414 0.097
2787.60584 19.096 0.095
2789.76255 18.939 0.058
2791.71899 19.375 0.084
2794.93383 19.182 0.106
2796.83267 19.434 0.080
2797.89390 19.416 0.089
2809.72175 19.407 0.116
2811.64610 19.032 0.076
2812.72061 19.473 0.098
2813.82989 19.490 0.100
2814.75341 19.290 0.083
2816.61806 19.547 0.092
2818.58938 19.310 0.075
2820.79598 19.130 0.082
2826.75946 19.187 0.071
2835.64360 19.332 0.123
2839.71283 19.213 0.094
2841.72214 19.377 0.087
2843.64864 19.247 0.089
2845.65931 19.330 0.088
2850.52730 19.148 0.073
2852.53967 19.582 0.145
2854.54339 19.150 0.083
2856.73377 19.142 0.111
2858.68638 19.177 0.154
2862.59907 19.481 0.137
2865.70264 18.929 0.082
2868.58885 19.153 0.067
2879.63543 19.138 0.073
2884.66577 19.203 0.093
2892.65412 19.318 0.140
2895.62782 19.336 0.091
2900.55607 19.362 0.114
2906.50795 19.430 0.123
2911.53215 19.363 0.113
2918.55613 19.349 0.130
2930.57528 19.395 0.157
3051.88680 19.306 0.132
3064.82169 19.306 0.106
3067.89512 19.182 0.068
3070.85666 19.174 0.098
3073.81211 19.321 0.094
3075.85079 19.197 0.085
3079.89533 19.182 0.105
3079.91117 19.229 0.127
3080.82744 19.253 0.090
3080.87253 19.261 0.078
3080.89626 19.162 0.067
3080.90975 19.267 0.086
3081.79722 19.347 0.092
3081.84116 19.415 0.083
3081.91281 19.225 0.120
3082.84337 19.303 0.076
3082.88252 19.352 0.076
3083.80691 19.188 0.062
3083.86835 19.242 0.073
3084.78460 19.412 0.090
3084.86729 19.201 0.065
3085.78834 19.370 0.076
3085.85863 19.288 0.075
3086.84025 19.308 0.070
3088.79775 19.200 0.064
3089.90698 19.119 0.065
3091.82721 19.439 0.083
3096.86532 19.382 0.101
3098.85277 19.158 0.063
3100.80630 19.247 0.078
3101.92005 19.324 0.117
3103.77757 19.485 0.108
3108.77013 19.309 0.075
3109.80230 19.295 0.071
3110.83670 19.319 0.089
3112.79505 19.479 0.084
3113.87598 19.639 0.094
3114.78685 19.382 0.073
3115.87032 19.174 0.067
3116.92578 19.225 0.088
3122.91284 19.549 0.119
3125.87316 19.114 0.086
3126.89877 18.985 0.060
3127.80962 19.389 0.095
3128.82265 19.265 0.083
3130.70056 19.363 0.112
3134.82220 19.087 0.080
3135.90191 19.021 0.071
3138.70364 19.116 0.083
3139.88091 19.126 0.065
3140.88069 19.525 0.092
3142.76893 19.205 0.075
3144.78990 19.676 0.115
3146.81256 19.272 0.086
3151.75252 19.119 0.078
3151.90520 19.327 0.100
3152.75662 19.214 0.083
3153.76052 19.591 0.130
3154.82208 19.419 0.112
3156.84177 19.075 0.080
3158.91588 19.087 0.132
3162.81676 19.577 0.123
3163.62966 19.267 0.069
3163.65141 19.260 0.066
3164.73902 19.024 0.061
3165.75915 19.043 0.052
3166.90431 19.007 0.110
3168.75235 19.411 0.089
3169.72865 19.039 0.062
3170.80575 18.963 0.051
3171.82850 19.450 0.074
3172.75544 19.515 0.085
3174.71241 18.868 0.047
3175.72170 19.606 0.094
3177.75889 19.351 0.125
3178.78541 19.163 0.064
3179.79515 19.032 0.062
3180.72405 19.671 0.083
3182.77501 19.093 0.065
3183.74360 19.120 0.072
3184.70142 19.494 0.083
3185.75408 19.291 0.088
3193.53962 19.393 0.087
3194.59822 19.359 0.101
3195.64553 19.334 0.062
3195.80321 19.390 0.081
3196.54866 19.221 0.082
3197.51617 19.403 0.086
3199.62603 19.270 0.076
3201.51783 19.564 0.105
3202.57222 19.384 0.082
3203.66177 19.444 0.081
3204.65608 19.315 0.072
3205.76972 19.219 0.066
3206.72056 19.144 0.083
3210.54802 19.817 0.184
3211.58637 19.335 0.089
3217.65498 19.388 0.117
3218.65338 18.996 0.085
3219.60924 19.258 0.125
3223.65456 19.181 0.104
3224.70008 19.156 0.071
3226.61742 19.073 0.081
3228.60383 19.330 0.089
3229.63630 19.440 0.084
3230.66988 19.324 0.080
3238.62228 19.410 0.094
3239.70096 19.374 0.110
3240.68209 19.247 0.109
3241.65702 19.068 0.080
3245.55687 19.226 0.094
3246.66059 19.093 0.100
3247.62676 19.375 0.109
3249.52877 19.417 0.100
3250.66144 19.181 0.097
3253.52921 19.175 0.069
3256.63849 19.157 0.093
3267.53456 19.077 0.078
3267.58718 19.292 0.089
3268.55269 19.290 0.087
3272.58998 19.187 0.099
3275.57296 19.024 0.096
3278.60182 19.447 0.130
3282.57586 19.362 0.070
3288.54839 19.211 0.091
3293.51903 19.396 0.076
3295.52921 19.102 0.050
3314.50326 19.410 0.190
3408.89305 19.178 0.132
3414.86864 19.242 0.094
3421.90025 19.365 0.080
3422.87458 19.290 0.083
3426.86572 19.471 0.096
3429.85652 19.186 0.089
3432.89116 19.456 0.123
3442.89366 19.404 0.084
3445.80640 19.192 0.054
3447.85704 19.254 0.081
3449.86967 19.316 0.069
3452.89025 19.212 0.058
3455.82450 18.911 0.087
3457.85803 19.383 0.082
3459.85318 19.222 0.081
3467.88304 19.307 0.066
3468.79160 19.244 0.067
3468.86544 19.320 0.067
3468.91501 19.543 0.088
3469.78897 19.146 0.058
3470.80188 19.484 0.071
3471.92829 19.607 0.184
3472.76436 19.347 0.075
3473.78413 19.027 0.063
3474.78079 19.131 0.068
3475.80638 19.530 0.085
3476.90635 19.544 0.076
3477.76819 19.241 0.067
3479.76705 19.549 0.071
3480.72717 19.234 0.060
3481.74511 19.226 0.064
3482.72186 19.007 0.062
3496.72465 19.077 0.074
3497.79621 19.259 0.084
3498.92050 18.906 0.075
3499.86734 19.429 0.083
3500.73356 19.104 0.059
3501.66786 19.617 0.110
3501.72784 19.058 0.065
3502.62798 19.359 0.087
3503.63626 19.404 0.083
3504.66647 19.157 0.086
3506.73149 19.543 0.078
3506.87247 19.130 0.062
3508.66022 19.196 0.102
3508.82289 19.324 0.083
3509.60582 19.094 0.088
3510.75895 19.050 0.063
3510.92411 19.282 0.076
3511.59580 19.102 0.115
3511.61492 19.364 0.133
3511.64734 19.425 0.091
3511.68168 19.539 0.096
3511.68483 19.520 0.094
3511.73442 19.579 0.111
3511.76343 19.689 0.115
3511.79170 19.777 0.107
3511.82381 19.825 0.111
3511.86557 19.272 0.075
3511.89476 19.013 0.064
3511.93323 19.078 0.067
3512.59729 18.995 0.095
3512.63626 19.259 0.113
3512.68902 19.644 0.120
3512.72077 19.648 0.138
3512.75653 19.368 0.098
3512.80402 19.472 0.102
3512.84434 19.439 0.121
3512.88316 19.520 0.122
3512.93246 19.622 0.128
3517.63912 18.953 0.092
3517.69294 19.099 0.155
3517.78536 19.365 0.096
3520.58893 19.232 0.083
3520.65852 19.517 0.092
3520.76641 19.518 0.094
3520.86005 19.040 0.070
3520.91701 19.082 0.095
3521.61400 19.200 0.066
3521.72315 19.468 0.070
3521.85065 19.412 0.094
3522.58631 18.903 0.048
3522.69845 19.180 0.052
3522.71928 19.208 0.049
3522.75112 19.242 0.054
3522.92453 19.741 0.129
3522.94235 19.495 0.121
3523.60753 19.499 0.100
3523.68553 18.928 0.053
3523.75631 19.018 0.044
3523.84705 19.105 0.083
3524.58130 19.716 0.112
3524.61032 19.170 0.066
3524.66312 19.441 0.083
3524.75557 19.604 0.099
3524.80798 19.022 0.069
3524.87994 19.133 0.080
3525.57197 19.146 0.077
3525.64512 19.297 0.064
3525.75447 19.417 0.069
3525.81323 19.664 0.098
3525.92114 19.072 0.082
3526.65870 19.170 0.083
3526.75743 19.382 0.075
3526.87898 19.354 0.083
3526.94529 19.529 0.211
3527.59253 19.447 0.082
3527.71672 19.018 0.045
3527.82177 19.213 0.074
3527.87458 19.314 0.102
3527.92177 19.511 0.157
3528.56114 19.377 0.097
3528.67837 19.650 0.086
3528.79617 18.927 0.060
3528.92649 19.046 0.099
3529.57218 19.458 0.101
3529.70064 19.680 0.080
3529.86606 19.036 0.060
3530.56135 19.214 0.071
3530.61577 19.211 0.052
3530.68957 19.371 0.058
3530.78452 19.471 0.066
3530.85065 19.520 0.068
3533.59907 19.513 0.098
3536.87278 18.930 0.062
3537.67878 19.726 0.127
3538.61228 19.485 0.090
3539.61917 19.260 0.115
3540.65559 19.113 0.064
3541.78595 19.040 0.072
3542.84134 18.961 0.151
3544.62268 19.103 0.088
3546.84966 19.070 0.108
3547.81395 19.529 0.136
3549.84397 19.469 0.107
3550.64041 19.237 0.066
3551.64101 19.610 0.077
3552.67633 19.495 0.088
3553.72573 19.112 0.081
3553.78070 19.394 0.113
3553.79268 19.073 0.098
3553.80731 19.018 0.101
3553.82570 19.840 0.210
3553.83747 19.127 0.105
3554.56916 19.149 0.108
3554.58394 18.973 0.087
3554.59615 19.095 0.069
3554.61166 19.020 0.062
3554.62266 19.075 0.080
3554.63207 19.170 0.087
3554.64387 19.034 0.082
3554.65571 19.008 0.080
3554.66426 19.075 0.078
3554.68329 19.296 0.082
3554.69832 19.069 0.071
3554.71358 19.274 0.090
3554.72863 19.192 0.081
3554.74346 19.060 0.068
3554.76366 19.234 0.073
3554.78342 19.255 0.088
3554.80587 19.149 0.073
3554.82612 19.323 0.118
3554.85024 19.383 0.114
3554.86473 19.433 0.134
3555.64890 19.420 0.082
3555.68260 19.309 0.089
3555.76892 19.146 0.084
3556.55101 19.233 0.121
3556.65153 19.431 0.074
3556.76215 19.381 0.090
3556.83450 18.891 0.083
3558.46492 19.530 0.137
3558.53571 19.176 0.072
3558.74593 19.269 0.083
3558.83441 19.253 0.090
3559.56612 19.376 0.086
3559.70436 19.058 0.053
3560.46747 19.292 0.095
3560.60571 19.469 0.083
3560.69921 19.340 0.070
3560.82685 18.972 0.061
3561.46098 18.782 0.106
3561.62731 19.399 0.070
3561.75365 19.466 0.075
3562.46849 19.224 0.084
3562.59411 19.465 0.117
3562.76025 19.351 0.080
3563.48140 19.422 0.094
3563.64485 19.135 0.067
3563.77653 19.331 0.095
3564.51598 19.608 0.167
3564.64065 19.297 0.068
3564.73548 19.217 0.093
3564.78499 19.266 0.097
3564.80061 19.127 0.087
3565.48063 19.470 0.152
3568.78805 19.368 0.085
3569.47465 19.031 0.176
3569.56798 19.414 0.094
3573.66289 19.284 0.097
3574.69430 19.693 0.111
3575.54180 19.133 0.056
3575.77840 19.405 0.094
3576.69564 19.245 0.081
3577.59578 19.321 0.076
3578.68040 19.486 0.073
3579.62591 19.373 0.071
3580.65910 19.261 0.066
3581.67894 19.192 0.057
3582.65083 19.352 0.065
3583.64121 19.466 0.071
3583.76112 19.094 0.092
3584.64988 19.304 0.064
3584.76451 19.310 0.077
3585.64022 19.182 0.060
3586.72531 19.196 0.059
3589.67885 19.316 0.059
3590.66280 19.183 0.057
3591.68636 19.166 0.058
3593.75331 19.309 0.095
3594.71550 19.124 0.061
3601.66402 19.579 0.115
3602.62463 19.405 0.097
3603.64466 19.256 0.086
3607.64301 19.218 0.063
3608.65839 19.083 0.061
3615.58614 19.445 0.080
3618.58774 19.287 0.084
3620.55096 19.358 0.064
3622.52879 19.115 0.081
3628.60498 19.433 0.121
3630.54432 19.331 0.118
3632.59599 19.283 0.113
3634.49507 19.267 0.088
3639.55395 19.270 0.062
3641.55237 19.698 0.176
3644.51274 19.230 0.085
3648.54449 19.089 0.086
3650.59299 19.531 0.137
3654.54854 19.582 0.157
3656.52980 19.616 0.140
3658.56165 18.894 0.097
3660.53426 19.405 0.135
3664.53801 19.529 0.116
3669.53758 18.941 0.086
3675.51634 19.152 0.115
3776.87514 19.418 0.108
3782.85981 19.017 0.070
3784.88513 19.572 0.102
3788.85253 19.390 0.108
3790.89494 19.145 0.081
3793.86225 19.298 0.070
3795.84966 19.368 0.105
3798.81286 19.362 0.077
3799.83703 19.207 0.085
3800.83197 19.119 0.075
3801.89146 19.159 0.074
3802.85704 19.310 0.082
3803.89230 19.232 0.070
3805.80876 19.125 0.081
3806.77503 19.368 0.098
3807.79413 19.220 0.096
3808.80181 19.167 0.085
3809.88692 19.177 0.072
3810.85354 19.239 0.077
3811.84514 19.175 0.073
3812.84124 19.469 0.121
3813.83416 19.251 0.077
3814.83305 18.940 0.061
3817.86456 19.445 0.117
3818.89369 19.232 0.066
3819.81139 19.277 0.060
3820.77803 19.331 0.069
3821.78118 19.219 0.064
3822.82057 19.199 0.066
3823.78076 19.122 0.081
3824.74695 19.357 0.104
3825.81181 19.481 0.100
3826.74033 19.104 0.074
3827.80814 19.172 0.060
3828.78275 19.526 0.112
3829.76494 19.305 0.084
3830.74128 19.190 0.072
3831.91478 19.209 0.060
3832.75184 19.226 0.065
3833.76503 19.427 0.077
3834.75076 19.335 0.076
3834.92165 19.589 0.139
3835.73984 19.141 0.073
3836.77089 19.041 0.076
3837.73824 19.314 0.101
3837.91014 18.993 0.060
3838.75003 19.302 0.112
3838.91735 19.650 0.134
3839.74580 19.128 0.085
3840.71179 18.999 0.076
3840.91674 19.435 0.099
3841.75031 19.158 0.078
3841.90104 19.043 0.072
3842.85368 19.635 0.104
3845.72583 18.968 0.097
3845.91657 19.226 0.092
3846.73652 19.520 0.082
3846.92882 19.113 0.077
3847.80260 19.473 0.116
3848.75757 19.310 0.074
3849.75672 19.157 0.062
3850.70075 19.424 0.081
3850.87249 19.211 0.077
3851.71590 19.346 0.083
3851.88079 18.983 0.062
3851.92689 18.882 0.061
3852.70447 19.483 0.094
3852.87571 19.435 0.085
3853.69289 19.133 0.056
3853.86119 19.386 0.075
3853.93198 19.369 0.087
3856.68292 19.402 0.083
3856.84968 19.493 0.084
3857.92060 19.305 0.086
3858.76930 19.370 0.064
3859.80750 18.953 0.058
3860.67702 19.240 0.081
3860.91585 19.012 0.071
3861.67507 19.247 0.077
3861.77866 19.439 0.071
3862.70777 19.131 0.059
3862.87080 19.320 0.080
3863.64580 19.104 0.069
3863.85989 19.278 0.063
3864.68273 19.452 0.093
3864.87280 19.007 0.050
3864.93174 19.235 0.062
3865.69355 19.431 0.092
3865.83029 19.496 0.094
3865.90706 19.058 0.056
3866.69202 19.245 0.068
3866.83148 19.330 0.075
3866.91039 19.379 0.068
3867.63487 19.132 0.080
3867.82053 19.184 0.083
3867.89358 19.292 0.078
3868.71798 19.047 0.083
3868.86965 19.259 0.106
3869.69778 19.360 0.089
3869.87874 18.942 0.080
3872.89511 19.427 0.105
3873.65067 19.456 0.084
3873.79274 19.033 0.061
3873.86547 19.074 0.072
3873.93508 19.284 0.099
3874.74977 19.313 0.086
3875.66344 19.093 0.046
3875.81884 19.191 0.065
3875.90984 19.369 0.081
3876.64064 19.241 0.057
3877.63877 19.494 0.086
3877.79011 19.019 0.048
3877.86400 19.241 0.069
3880.61183 19.128 0.063
3880.83967 19.341 0.087
3880.91843 19.609 0.107
3881.66883 19.033 0.058
3881.88032 19.403 0.074
3881.92708 19.319 0.074
3882.75711 19.250 0.071
3882.83138 19.119 0.068
3882.90021 19.163 0.066
3883.64650 19.239 0.089
3883.84419 19.627 0.084
3886.60859 19.512 0.097
3886.80136 19.039 0.053
3886.87322 19.187 0.082
3887.58191 19.318 0.094
3887.78455 19.504 0.081
3887.88411 18.926 0.061
3888.59798 19.194 0.072
3889.66439 19.089 0.056
3889.94261 19.441 0.118
3890.64956 19.130 0.065
3891.67402 19.569 0.105
3891.80226 19.041 0.061
3891.88424 19.076 0.073
3892.57560 19.333 0.128
3892.94155 18.940 0.077
3893.62782 19.039 0.064
3893.86966 19.394 0.112
3894.67823 18.952 0.068
3896.61582 19.516 0.162
3900.53709 19.252 0.106
3900.72351 19.421 0.083
3900.80213 18.800 0.056
3900.87078 19.106 0.076
3901.54724 19.334 0.086
3901.72859 19.473 0.106
3901.80583 19.504 0.120
3901.87478 19.143 0.097
3902.56993 19.280 0.074
3902.74944 19.517 0.090
3902.86841 19.228 0.098
3903.66106 19.026 0.057
3904.55825 19.626 0.096
3904.72127 18.842 0.047
3904.79034 19.022 0.059
3904.89248 19.352 0.093
3905.55498 19.326 0.071
3905.73167 19.511 0.078
3905.80170 19.408 0.066
3905.87027 18.920 0.058
3906.56951 19.096 0.072
3906.71012 19.314 0.073
3906.78247 19.670 0.112
3906.86169 19.626 0.128
3907.60029 18.954 0.059
3907.78250 19.124 0.107
3907.86706 19.463 0.152
3908.53638 19.442 0.097
3908.72205 19.056 0.066
3908.80212 19.182 0.066
3908.88171 19.354 0.086
3909.53824 19.346 0.088
3909.72098 19.387 0.061
3909.81142 19.011 0.051
3909.88771 19.272 0.095
3910.57469 19.228 0.077
3912.53735 19.314 0.058
3912.72473 19.209 0.051
3912.81864 19.312 0.064
3913.52887 19.545 0.080
3913.73429 18.967 0.061
3913.82321 19.151 0.056
3914.55264 19.360 0.091
3915.53036 19.099 0.067
3915.73238 19.402 0.086
3915.83058 19.363 0.084
3916.56905 19.040 0.072
3916.81298 19.365 0.092
3917.61779 19.270 0.092
3917.82353 19.133 0.080
3918.61112 19.547 0.120
3918.82125 19.000 0.076
3919.54938 19.246 0.094
3919.75800 19.364 0.076
3920.51573 19.037 0.081
3920.71181 19.303 0.082
3920.79718 19.296 0.071
3921.51190 19.164 0.073
3921.71115 19.106 0.101
3921.72563 18.973 0.084
3922.71556 18.776 0.067
3930.54881 19.339 0.088
3930.79059 19.253 0.124
3931.50444 19.486 0.107
3932.53202 19.179 0.078
3932.80377 19.131 0.080
3933.51844 19.177 0.070
3933.70290 19.445 0.076
3933.77490 19.483 0.093
3934.49233 19.141 0.064
3934.66238 19.120 0.058
3934.73222 19.266 0.066
3935.54223 19.100 0.071
3935.71356 19.207 0.085
3935.81110 19.380 0.108
3936.49561 19.373 0.108
3936.66111 19.237 0.071
3936.73748 19.296 0.094
3937.55987 19.248 0.098
3938.50338 19.298 0.106
3938.69838 19.139 0.066
3938.80354 19.584 0.143
3940.58804 19.330 0.089
3941.70466 19.129 0.075
3944.55594 19.329 0.081
3944.75630 19.100 0.070
3945.78420 19.118 0.080
3946.51507 19.240 0.097
3946.70728 19.366 0.084
3950.52381 19.173 0.066
3950.73886 19.341 0.090
3951.51657 19.211 0.083
3951.74782 19.292 0.101
3956.56974 19.192 0.101
3957.50816 19.179 0.105
3958.57897 19.368 0.090
3959.51173 19.372 0.094
3959.68615 19.477 0.105
3960.50097 19.121 0.062
3960.68007 19.395 0.071
3961.57227 19.153 0.086
3963.53360 19.244 0.075
3963.71100 19.169 0.076
3964.52870 19.307 0.073
3965.51313 19.161 0.061
3965.70443 19.370 0.074
3966.48831 19.169 0.075
3966.69006 19.082 0.069
3967.52267 19.368 0.099
3967.71549 19.072 0.065
3968.50079 19.168 0.082
3968.67075 19.283 0.087
3969.48241 19.278 0.091
3969.68309 19.359 0.087
3970.51155 19.226 0.092
3970.69014 19.279 0.071
3971.55540 19.256 0.093
3973.58160 19.163 0.072
3974.51087 19.085 0.068
3974.69743 19.217 0.098
3975.51377 19.107 0.062
3975.68559 19.183 0.089
3976.50833 19.614 0.093
3976.68438 19.134 0.107
3979.51057 19.299 0.192
3982.57121 19.173 0.087
3983.52886 19.177 0.128
3986.58566 19.267 0.099
3987.50800 19.420 0.107
3988.52093 19.339 0.069
3989.53152 19.433 0.095
3990.54835 19.341 0.090
3991.50409 19.392 0.095
3993.55583 19.491 0.111
3994.56650 19.236 0.091
3995.57406 19.543 0.087
3999.61142 19.764 0.136
4002.50083 19.215 0.086
4003.49504 19.417 0.086
4004.52914 19.451 0.087
4006.52207 19.185 0.082
4012.50201 19.199 0.107
4016.51765 19.420 0.124
4018.55541 19.161 0.092
4020.54065 19.443 0.117
4023.54098 19.373 0.120
4025.56038 18.940 0.076
4028.49978 18.929 0.086
4031.49990 19.183 0.099
4038.50523 18.930 0.098
4040.51963 19.484 0.179
4043.51205 19.116 0.137
4141.87980 18.944 0.070
4150.89500 19.045 0.124
4153.88292 19.312 0.091
4156.86131 19.460 0.118
4158.88088 19.152 0.085
4161.84885 19.416 0.124
4163.83171 19.118 0.087
4165.81315 19.353 0.179
4168.81030 19.026 0.074
4170.80228 19.602 0.260
4175.79289 19.248 0.090
4176.90424 19.231 0.075
4178.80800 19.393 0.091
4179.85231 19.397 0.082
4181.78873 18.944 0.072
4182.83368 19.254 0.069
4183.86981 19.448 0.096
4184.91044 19.424 0.076
4189.84565 19.369 0.105
4191.81073 19.665 0.185
4193.74509 19.298 0.157
4194.79064 19.075 0.076
4196.78072 19.365 0.108
4202.76224 19.256 0.077
4203.75026 18.945 0.048
4204.74254 19.486 0.105
4204.92483 19.106 0.077
4205.73906 19.344 0.074
4207.72853 19.057 0.072
4208.75063 18.790 0.051
4211.79479 19.308 0.092
4212.87196 19.130 0.087
4213.71516 19.569 0.123
4213.91873 19.150 0.066
4215.74785 19.319 0.091
4216.70564 19.046 0.070
4217.71308 18.994 0.060
4217.91673 19.234 0.067
4218.76271 19.617 0.148
4219.76364 19.350 0.096
4220.70560 19.054 0.083
4222.67432 19.413 0.138
4222.92180 19.112 0.075
4224.78781 19.500 0.119
4228.68320 19.303 0.088
4228.91679 19.206 0.105
4229.63892 18.965 0.088
4229.67688 19.126 0.102
4229.87385 19.397 0.092
4230.68656 18.986 0.061
4230.87463 19.302 0.094
4230.93953 19.403 0.202
4231.62893 19.515 0.119
4231.77314 18.933 0.063
4231.89733 19.111 0.087
4232.68098 19.237 0.111
4232.84201 19.289 0.139
4233.81627 19.311 0.102
4234.71444 19.154 0.082
4235.64246 19.288 0.092
4235.80369 19.061 0.060
4235.89612 19.249 0.076
4238.62838 19.060 0.106
4238.88080 19.523 0.138
4239.63511 19.040 0.078
4240.68249 19.437 0.111
4240.81973 19.093 0.071
4243.64830 18.939 0.073
4243.74101 19.232 0.078
4243.83477 19.381 0.106
4244.62065 19.380 0.117
4244.71689 19.010 0.064
4244.80969 19.071 0.069
4245.61373 19.283 0.089
4245.70764 19.486 0.091
4245.80347 19.218 0.067
4246.67204 19.382 0.089
4246.76491 19.402 0.093
4246.85824 19.476 0.112
4247.68726 19.216 0.080
4247.83087 19.303 0.081
4250.73542 19.444 0.105
4251.80699 19.377 0.151
4256.62311 19.053 0.109
4256.76913 19.397 0.130
4257.65477 18.957 0.071
4258.63816 19.451 0.127
4258.76065 19.062 0.073
4258.85477 19.077 0.090
4267.59874 19.281 0.089
4268.56196 19.129 0.089
4268.84482 19.174 0.074
4269.58117 19.195 0.075
4269.70169 19.187 0.070
4270.57471 18.984 0.070
4272.60306 19.300 0.084
4272.75221 19.467 0.097
4272.81145 18.886 0.062
4272.88300 19.085 0.104
4273.62018 19.343 0.114
4273.80082 19.456 0.119
4273.86198 19.527 0.167
4274.55282 19.084 0.089
4274.70657 19.371 0.116
4274.76771 19.401 0.108
4274.82612 19.338 0.122
4275.60526 18.999 0.067
4275.78061 19.246 0.098
4275.84171 19.328 0.128
4276.59004 19.432 0.118
4277.53384 19.201 0.127
4277.71076 19.466 0.097
4277.76945 19.588 0.141
4277.82806 19.039 0.113
4278.57872 19.166 0.110
4278.75489 19.312 0.122
4283.51325 18.992 0.093
4283.73356 19.278 0.109
4284.50820 19.401 0.120
4284.69878 19.087 0.078
4284.76111 19.319 0.093
4284.82593 19.089 0.122
4285.51129 19.428 0.146
4285.69941 19.056 0.076
4285.76585 19.046 0.070
4285.83117 19.222 0.099
4286.51098 19.137 0.095
4286.81178 19.221 0.119
4289.51880 19.468 0.119
4289.73733 19.160 0.091
4289.80246 19.091 0.081
4290.56510 19.396 0.115
4291.62769 19.342 0.082
4292.49335 19.193 0.077
4292.67255 19.259 0.076
4292.73113 19.294 0.078
4292.78967 19.406 0.092
4293.49368 19.228 0.083
4293.71829 19.239 0.073
4293.77710 19.215 0.075
4294.49286 19.422 0.109
4295.49997 19.243 0.084
4295.69800 19.465 0.071
4295.75658 19.218 0.065
4296.49700 19.076 0.077
4296.69354 19.329 0.072
4296.82719 19.299 0.105
4297.51655 19.239 0.094
4297.71817 19.189 0.062
4298.55144 19.252 0.081
4298.65716 19.211 0.075
4298.76304 19.199 0.100
4299.53445 19.410 0.078
4299.62745 19.416 0.077
4299.71965 19.167 0.061
4299.81422 19.175 0.095
4300.53013 19.260 0.084
4300.65020 19.287 0.074
4300.74572 19.371 0.082
4301.52100 19.132 0.069
4301.61676 19.291 0.074
4301.71788 19.325 0.081
4301.80771 19.404 0.091
4302.59398 19.243 0.083
4302.69417 19.214 0.083
4303.68000 19.191 0.088
4304.55411 19.314 0.115
4304.67224 19.443 0.125
4306.63808 19.133 0.085
4306.69341 19.221 0.096
4310.61727 19.205 0.115
4312.54955 19.255 0.107
4312.74800 19.250 0.085
4315.64052 19.089 0.089
4316.71371 19.067 0.083
4317.56179 19.351 0.078
4319.51904 19.005 0.086
4319.77388 19.258 0.093
4320.54586 19.237 0.075
4326.51310 19.232 0.080
4326.71029 19.247 0.098
4327.59176 19.332 0.104
4328.51854 18.857 0.067
4328.69657 19.316 0.096
4329.52829 19.290 0.088
4329.67616 19.226 0.093
4330.49940 19.320 0.084
4330.69269 18.946 0.065
4331.47955 19.137 0.096
4331.68841 19.404 0.109
4332.50933 19.167 0.067
4333.53041 19.047 0.078
4333.69154 19.226 0.106
4334.50379 19.348 0.273
4334.63200 18.841 0.160
4338.50363 19.286 0.106
4339.48098 19.317 0.110
4339.69743 19.119 0.127
4340.60129 19.286 0.102
4341.50429 19.071 0.104
4342.53348 19.107 0.077
4343.51231 19.448 0.078
4344.54055 19.387 0.134
4345.50573 19.302 0.076
4346.51843 19.202 0.092
4347.53314 19.084 0.075
4349.49479 19.253 0.091
4350.54143 19.192 0.069
4351.50732 19.057 0.067
4352.55786 19.114 0.099
4353.51122 19.482 0.097
4354.53991 19.291 0.075
4355.54256 19.109 0.076
4356.50794 19.071 0.069
4357.53702 19.232 0.095
4358.50004 19.310 0.116
4359.53760 19.212 0.082
4360.56694 19.214 0.097
4361.57036 19.021 0.105
4362.51211 19.454 0.138
4365.56297 19.099 0.108
4367.48900 19.304 0.087
4368.53264 19.293 0.116
4370.49667 19.743 0.142
4371.53510 19.300 0.084
4372.52084 19.320 0.074
4373.50704 19.241 0.108
4376.57174 19.425 0.148
4377.60896 19.326 0.129
4378.51953 19.041 0.076
4379.53457 19.390 0.143
4380.54607 19.402 0.095
4381.52475 19.261 0.124
4382.56729 19.014 0.090
4383.55782 18.822 0.073
4384.53200 19.572 0.136
4387.59148 19.115 0.099
4393.53185 19.609 0.137
4394.49934 19.329 0.104
4394.54721 19.401 0.119
4395.49780 19.183 0.113
4395.51864 19.327 0.117
4396.51064 18.922 0.100
4397.53493 19.153 0.110
4398.53987 19.456 0.137
4399.53253 19.300 0.138
4400.53460 19.262 0.165
4402.55102 19.461 0.167
4403.55008 19.491 0.162
4407.52599 19.492 0.167
4408.54087 19.560 0.183
4507.85625 19.053 0.101
4510.86176 19.345 0.102
4513.86288 19.004 0.065
4517.86201 19.262 0.146
4519.88299 19.280 0.081
4522.87688 18.980 0.087
4524.81274 19.249 0.106
4530.82038 19.082 0.063
4533.85623 19.371 0.102
4535.83897 19.013 0.078
4536.89666 18.974 0.063
4537.88230 19.381 0.077
4538.81739 19.139 0.076
4539.85545 19.058 0.070
4540.80164 19.237 0.073
4541.79438 19.438 0.089
4542.78905 19.243 0.100
4543.78457 19.128 0.075
4544.78148 19.048 0.084
4545.78780 19.393 0.108
4546.79492 19.317 0.097
4547.78888 19.216 0.084
4548.79984 19.190 0.106
4550.74290 19.456 0.145
4551.76607 19.129 0.083
4552.76206 19.397 0.275
4556.75813 19.186 0.073
4557.77535 19.109 0.074
4558.75229 19.616 0.098
4558.92209 19.028 0.086
4559.75021 19.526 0.094
4560.75033 19.266 0.075
4561.74039 18.966 0.063
4564.73057 19.360 0.085
4565.72866 19.017 0.053
4565.91953 19.390 0.070
4566.72811 18.693 0.044
4567.72116 19.559 0.105
4567.92699 19.029 0.086
4568.72972 19.201 0.078
4569.73882 19.303 0.094
4570.72942 19.072 0.077
4571.72408 19.505 0.128
4571.91264 19.060 0.063
4572.75158 19.488 0.091
4573.73996 19.268 0.086
4573.90631 19.613 0.089
4574.74234 19.196 0.092
4575.75142 18.962 0.067
4576.75794 19.515 0.105
4577.83964 19.640 0.133
4578.79067 19.542 0.156
4579.86759 19.417 0.166
4583.73438 19.170 0.108
4583.92718 19.254 0.086
4585.75808 19.548 0.136
4586.78329 19.443 0.121
4587.77104 19.270 0.089
4587.92958 19.629 0.158
4588.69350 19.042 0.076
4588.92436 19.481 0.098
4589.67641 19.551 0.112
4589.83181 19.082 0.071
4589.89383 19.108 0.080
4590.69919 19.378 0.097
4590.90384 18.993 0.066
4591.70769 19.321 0.088
4591.83314 19.339 0.082
4591.89968 19.597 0.113
4592.66630 19.136 0.105
4592.85558 19.327 0.105
4592.93393 19.394 0.116
4593.65547 19.085 0.081
4593.86516 19.249 0.080
4594.67648 19.341 0.094
4594.87150 18.970 0.066
4595.66598 19.355 0.092
4595.86041 19.427 0.094
4595.92227 18.953 0.066
4596.66120 19.225 0.091
4597.68564 19.148 0.077
4597.87715 19.250 0.081
4598.66193 19.421 0.072
4598.93062 19.116 0.078
4599.63440 19.296 0.102
4599.92496 18.981 0.076
4600.64366 19.147 0.062
4600.85238 19.451 0.089
4601.64923 19.020 0.062
4601.86546 19.387 0.075
4601.92735 19.403 0.091
4602.64185 19.056 0.062
4602.85129 19.141 0.063
4603.76932 19.306 0.101
4606.64313 18.958 0.073
4606.89822 19.227 0.098
4610.73931 19.308 0.080
4611.62860 19.103 0.089
4611.81948 19.183 0.073
4612.64998 19.596 0.133
4615.79173 19.556 0.113
4616.60074 19.539 0.122
4616.81725 19.146 0.068
4616.88724 19.182 0.087
4617.66973 19.321 0.080
4618.61250 19.143 0.073
4621.91328 18.976 0.059
4622.81092 19.375 0.097
4622.92225 18.899 0.097
4623.64476 19.218 0.074
4623.87002 19.527 0.130
4624.58999 18.917 0.075
4624.81413 19.172 0.083
4624.88050 19.194 0.075
4625.60409 19.613 0.136
4625.79444 19.281 0.104
4625.91093 19.303 0.128
4626.60257 19.260 0.095
4626.85789 19.028 0.086
4627.56305 19.267 0.093
4627.85235 19.538 0.076
4627.91960 19.262 0.074
4628.55033 19.074 0.075
4628.75659 19.375 0.088
4628.82206 19.154 0.072
4628.89194 19.338 0.096
4629.62775 19.072 0.056
4629.83037 19.187 0.077
4629.90837 19.178 0.088
4630.56366 19.527 0.124
4630.76952 19.072 0.065
4630.85288 19.068 0.070
4630.91564 19.167 0.095
4631.56505 19.193 0.068
4631.78081 19.558 0.087
4631.86750 19.202 0.083
4632.56886 19.145 0.077
4632.85560 19.550 0.118
4633.56884 18.941 0.064
4633.68034 19.072 0.061
4633.79608 19.227 0.084
4638.75387 19.149 0.086
4638.86409 19.210 0.107
4639.57641 19.364 0.108
4639.67421 19.507 0.107
4640.59594 19.363 0.091
4640.72810 19.454 0.086
4640.83311 19.199 0.095
4641.66993 19.281 0.086
4641.77989 19.330 0.091
4642.59382 18.937 0.063
4642.75635 19.228 0.077
4642.83142 19.480 0.124
4643.55162 19.365 0.104
4644.59896 19.254 0.097
4644.85795 19.185 0.078
4645.52206 19.060 0.099
4645.77050 19.324 0.090
4645.84521 19.400 0.118
4646.52006 19.075 0.072
4646.85247 19.456 0.114
4647.51645 19.355 0.114
4647.73950 19.264 0.106
4647.85053 19.536 0.133
4648.49962 19.278 0.101
4648.71609 19.148 0.077
4648.81712 19.130 0.086
4649.52569 19.352 0.117
4649.73440 19.529 0.082
4649.86080 19.200 0.094
4650.51165 19.279 0.107
4650.77559 19.315 0.082
4650.86931 19.430 0.135
4651.51503 19.021 0.095
4651.81016 19.466 0.135
4652.50607 19.197 0.094
4652.71920 19.141 0.070
4652.79409 19.071 0.072
4652.84382 19.108 0.104
4653.50241 19.373 0.134
4653.72160 19.259 0.084
4653.78680 19.144 0.097
4654.54123 19.157 0.082
4654.75269 19.409 0.094
4654.81778 19.333 0.146
4655.50227 19.185 0.106
4655.72677 19.375 0.074
4655.78855 19.220 0.083
4656.50422 19.371 0.076
4656.69398 19.332 0.092
4656.81322 19.212 0.101
4657.73013 19.335 0.109
4658.66269 19.274 0.088
4659.59670 19.388 0.132
4660.61501 19.199 0.087
4661.49227 19.454 0.119
4661.69295 19.151 0.096
4661.75444 18.984 0.110
4661.82164 19.206 0.135
4665.65972 19.149 0.109
4666.56516 19.257 0.099
4666.70824 19.192 0.092
4666.75039 19.100 0.096
4670.64986 19.151 0.077
4671.58536 19.453 0.083
4672.51088 19.180 0.066
4672.70334 19.396 0.092
4672.72562 19.304 0.085
4674.51396 19.487 0.120
4674.70707 19.171 0.081
4675.68161 19.341 0.083
4677.49057 19.118 0.073
4677.63697 19.394 0.097
4677.77947 19.344 0.106
4678.69395 19.233 0.073
4679.49619 19.336 0.125
4681.53198 19.134 0.072
4681.63200 19.311 0.084
4681.76420 19.439 0.104
4682.50298 19.134 0.071
4682.66031 19.117 0.063
4682.75551 19.288 0.080
4683.52150 19.593 0.140
4683.70842 19.299 0.086
4684.51402 19.401 0.097
4684.72774 19.017 0.061
4685.49899 19.355 0.122
4685.73396 19.415 0.105
4686.50273 19.087 0.075
4687.48649 19.393 0.097
4687.74200 19.155 0.088
4688.49942 19.309 0.105
4688.68924 19.016 0.068
4688.75105 19.127 0.094
4693.54697 19.320 0.091
4694.54225 19.291 0.135
4697.50290 19.517 0.102
4698.50839 19.262 0.070
4699.50456 19.141 0.075
4700.51083 19.065 0.064
4701.50612 19.433 0.099
4702.50463 19.213 0.082
4703.57515 19.329 0.085
4704.64488 19.305 0.082
4705.50828 19.027 0.066
4707.63863 19.417 0.084
4708.54152 19.267 0.099
4709.51762 19.123 0.098
4710.54724 19.057 0.072
4715.58658 18.958 0.082
4716.58898 19.334 0.144
4720.55614 19.456 0.121
4721.48767 19.475 0.159
4722.60096 19.305 0.098
4724.51004 19.482 0.140
4725.48885 19.295 0.125
4726.54976 19.336 0.137
4728.59487 19.015 0.089
4729.55037 19.400 0.123
4730.56906 19.484 0.101
4731.57363 19.227 0.084
4733.52530 19.694 0.129
4734.55466 19.529 0.128
4737.54558 19.000 0.075
4740.55610 19.364 0.107
4741.56379 19.078 0.074
4743.56944 19.376 0.112
4753.54962 19.288 0.119
4756.52846 19.568 0.165
4758.51130 19.025 0.096
4868.88180 19.343 0.106
4870.85255 19.548 0.156
4873.85454 19.041 0.081
4874.84898 19.138 0.105
4877.84883 19.469 0.101
4884.85638 18.930 0.059
4887.82847 19.368 0.080
4890.88445 19.295 0.085
4896.87268 19.504 0.091
4899.84360 19.422 0.095
4900.88502 19.427 0.091
4901.88342 19.419 0.090
4902.88214 19.047 0.064
4904.80623 19.320 0.090
4905.91023 19.177 0.102
4910.81218 19.245 0.092
4911.78274 18.994 0.052
4912.77967 19.516 0.072
4914.79673 19.262 0.069
4917.75776 19.536 0.089
4920.73782 19.012 0.054
4920.75032 18.885 0.050
4924.77886 19.119 0.062
4925.81881 18.826 0.047
4925.90587 18.994 0.048
4927.71851 19.394 0.125
4927.87299 19.393 0.102
4928.73498 19.127 0.083
4929.79125 19.019 0.065
4930.70575 19.422 0.129
4930.82468 19.703 0.147
4931.72058 19.276 0.114
4931.86625 19.351 0.096
4932.72363 19.113 0.076
4932.82430 19.437 0.084
4933.77197 19.059 0.091
4934.87519 18.988 0.080
4938.68096 19.438 0.114
4938.88559 19.000 0.074
4939.69987 19.641 0.128
4940.69986 19.388 0.086
4941.67863 19.043 0.069
4941.77660 19.297 0.085
4942.71640 18.930 0.054
4943.67043 19.507 0.090
4943.80994 18.909 0.056
4944.66726 19.281 0.078
4944.82270 19.496 0.080
4945.71570 19.172 0.067
4945.77218 19.409 0.075
4946.66535 19.005 0.063
4947.65907 19.390 0.078
4947.85730 19.043 0.058
4948.83959 18.983 0.049
4950.67748 18.981 0.059
4951.64774 19.027 0.072
4952.64597 19.364 0.095
4953.63960 19.260 0.090
4953.81417 19.533 0.105
4954.64114 19.365 0.096
4954.83401 19.541 0.098
4955.64184 18.987 0.084
4955.67654 19.013 0.073
4955.69574 19.158 0.073
4955.72772 19.287 0.096
4955.77521 19.303 0.090
4955.82073 19.291 0.086
4955.84252 19.158 0.093
