2166.90695 19.108 0.073
2173.82739 19.075 0.060
2192.80040 18.793 0.040
2201.81315 18.716 0.035
2212.84480 18.421 0.039
2223.84945 18.974 0.062
2226.82943 19.077 0.068
2229.64135 18.907 0.065
2230.77993 18.923 0.061
2232.79967 18.519 0.050
2238.76587 18.561 0.040
2241.64090 18.406 0.042
2243.69933 18.960 0.067
2248.77173 18.502 0.034
2251.72917 18.632 0.038
2253.81325 19.073 0.057
2261.71420 18.607 0.056
2264.78954 18.854 0.043
2269.82293 18.935 0.058
2271.77035 18.732 0.041
2274.64007 18.586 0.052
2276.74718 18.935 0.060
2278.64571 18.961 0.059
2280.64389 18.797 0.053
2282.65246 18.856 0.073
2289.78613 19.185 0.075
2291.79422 18.787 0.060
2295.78190 18.455 0.036
2297.77521 18.935 0.064
2299.81577 18.886 0.065
2301.70988 18.574 0.051
2303.70607 18.958 0.092
2327.53602 18.455 0.049
2332.56891 18.944 0.085
2333.53297 18.777 0.091
2339.52117 18.826 0.060
2347.51586 18.442 0.040
2402.50998 18.892 0.076
2542.86714 18.713 0.048
2552.81679 18.641 0.049
2556.80841 18.480 0.036
2559.85653 18.601 0.048
2564.82451 18.959 0.059
2573.82539 19.148 0.077
2578.74955 18.737 0.059
2583.78500 19.157 0.075
2589.82867 18.530 0.036
2596.71690 19.132 0.089
2605.71818 18.624 0.041
2609.70890 18.888 0.065
2614.64355 18.768 0.048
2618.70120 18.662 0.050
2623.80002 19.168 0.064
2629.68756 19.230 0.109
2631.70756 18.842 0.067
2634.73640 18.907 0.049
2635.60778 18.504 0.032
2637.80682 19.003 0.057
2639.63272 19.038 0.042
2641.69898 18.836 0.046
2643.70775 19.054 0.061
2645.69638 18.542 0.029
2647.65414 18.968 0.050
2651.60929 18.686 0.052
2653.63571 19.014 0.067
2655.75667 18.624 0.050
2657.60168 18.820 0.047
2659.62102 19.056 0.064
2661.83467 19.015 0.075
2668.60451 18.497 0.047
2670.60881 19.021 0.066
2672.59541 19.315 0.093
2674.61677 18.738 0.042
2676.60327 19.003 0.046
2678.67602 18.654 0.043
2680.60178 18.868 0.041
2682.65136 18.494 0.043
2686.64584 19.019 0.072
2691.59249 18.578 0.053
2695.62829 18.420 0.036
2700.58379 18.901 0.064
2713.56635 19.011 0.085
2841.90661 19.130 0.090
2885.84878 18.855 0.043
2892.87834 19.006 0.076
2897.84767 18.957 0.072
2903.89343 18.696 0.034
2906.89655 18.745 0.041
2911.77641 18.926 0.047
2916.82613 18.625 0.033
2922.81032 18.874 0.066
2926.73688 18.470 0.040
2930.81142 18.393 0.033
2933.85576 18.574 0.036
2939.86405 18.821 0.052
2942.81462 18.838 0.043
2944.85807 19.154 0.070
2946.85998 18.737 0.047
2949.79756 18.697 0.043
2952.85130 18.887 0.053
2956.68973 18.411 0.033
2958.71640 18.888 0.052
2962.72814 18.692 0.046
2965.74638 18.843 0.041
2967.84592 18.572 0.030
2970.81128 18.389 0.027
2974.74907 18.968 0.049
2976.78379 18.560 0.035
2978.76385 18.967 0.057
2980.70393 19.097 0.060
2982.66667 18.645 0.047
2984.71390 19.012 0.059
2986.79712 18.594 0.042
2988.76125 18.860 0.053
2990.63338 19.020 0.056
2992.78398 18.698 0.042
2994.63027 18.957 0.053
2995.63983 18.710 0.033
2997.64981 19.028 0.050
2999.76854 18.740 0.046
3001.74057 18.977 0.053
3003.71383 18.574 0.034
3005.70459 18.861 0.049
3007.71902 19.009 0.055
3009.71710 18.603 0.038
3011.69662 18.950 0.062
3013.68966 18.950 0.055
3017.70005 19.071 0.064
3019.62767 18.400 0.036
3021.74682 19.011 0.048
3023.60877 19.082 0.047
3024.80977 19.211 0.062
3026.80610 18.692 0.034
3028.81809 18.946 0.056
3031.68007 18.964 0.041
3035.75138 18.859 0.041
3038.72876 18.986 0.062
3041.59695 18.858 0.073
3043.63234 19.216 0.089
3045.66607 18.859 0.053
3047.62009 19.013 0.062
3049.62570 18.402 0.025
3051.59299 18.871 0.048
3053.58813 19.065 0.051
3055.58726 18.601 0.036
3057.61211 19.057 0.052
3060.63462 18.966 0.053
3064.64326 19.015 0.079
3067.69745 19.070 0.060
3070.54430 19.070 0.073
3073.61264 19.048 0.089
3075.66022 18.822 0.066
3078.58036 18.693 0.049
3082.56969 18.402 0.038
3084.64665 19.013 0.051
3087.60970 18.988 0.049
3090.57201 19.005 0.068
3102.53849 18.420 0.038
3105.57228 18.635 0.046
3108.55077 18.676 0.041
3112.52214 18.366 0.036
3116.50937 19.111 0.070
3126.51516 19.102 0.074
3241.90262 18.354 0.033
3256.91397 18.984 0.068
3263.88880 18.940 0.039
3268.90440 18.894 0.053
3273.87962 19.085 0.065
3277.86885 18.663 0.041
3281.85890 18.570 0.031
3287.72048 18.892 0.040
3289.87266 18.994 0.048
3294.86809 18.573 0.032
3296.87585 18.935 0.049
3301.72678 19.047 0.062
3304.78947 18.604 0.043
3306.87048 18.874 0.049
3309.69980 18.789 0.042
3311.69757 18.959 0.055
3320.74034 18.558 0.035
3327.70936 18.721 0.039
3329.85997 19.091 0.058
3334.76593 18.914 0.075
3338.81602 19.067 0.053
3350.64785 18.643 0.032
3354.64803 19.192 0.079
3358.70151 19.018 0.043
3361.80694 18.997 0.048
3363.75674 18.614 0.040
3367.71051 18.647 0.053
3372.72897 18.983 0.041
3378.64168 18.960 0.052
3383.77106 18.727 0.031
3391.70926 19.024 0.056
3399.67679 18.795 0.048
3402.69363 18.855 0.042
3404.62420 19.061 0.051
3408.57485 18.930 0.044
3412.62020 18.838 0.046
3416.61067 18.587 0.033
3424.60671 18.985 0.061
3431.50834 19.002 0.050
3437.51937 18.942 0.048
3445.52415 18.768 0.048
3453.54588 18.795 0.057
3462.52119 18.724 0.049
3589.93457 19.238 0.065
3629.85957 18.900 0.051
3634.82492 18.658 0.042
3639.87783 19.075 0.049
3641.86874 18.655 0.040
3650.86404 18.893 0.038
3653.89190 19.093 0.087
3657.84509 18.791 0.036
3661.82902 18.598 0.044
3671.85800 18.558 0.033
3675.84058 18.585 0.032
3683.86169 19.047 0.058
3687.75441 18.711 0.034
3689.85488 19.080 0.053
3692.77870 19.011 0.052
3694.79363 18.636 0.035
3696.73611 18.817 0.040
3699.73868 18.981 0.038
3701.79166 18.535 0.031
3704.69872 18.336 0.027
3706.82750 19.168 0.055
3711.70115 18.796 0.044
3713.71490 18.838 0.041
3716.81403 18.965 0.048
3719.79496 19.097 0.086
3721.75469 18.407 0.031
3725.78663 19.069 0.073
3727.76141 18.739 0.041
3730.65676 18.659 0.029
3732.68125 18.952 0.039
3734.77920 18.621 0.034
3736.79561 19.048 0.055
3737.68418 18.573 0.030
3739.78320 18.982 0.043
3742.60624 18.892 0.055
3745.71895 19.077 0.051
3749.63005 18.929 0.084
3751.73425 18.452 0.038
3753.60584 18.721 0.050
3755.64337 19.055 0.075
3757.67684 18.624 0.038
3759.74153 19.027 0.044
3762.72883 19.070 0.062
3765.74739 19.180 0.043
3770.58890 18.527 0.036
3773.59628 18.671 0.043
3776.59531 18.846 0.053
3779.58536 18.868 0.060
3782.63507 18.936 0.050
3787.56088 18.722 0.042
3791.60719 19.085 0.057
3799.53170 18.801 0.065
3821.50978 18.983 0.052
3945.93452 18.765 0.036
3963.93049 19.234 0.083
3969.86094 18.638 0.052
3975.91095 18.704 0.040
3981.84017 18.691 0.050
3995.89055 18.681 0.056
4001.84361 18.784 0.042
4005.82146 18.542 0.031
4007.82546 18.917 0.046
4011.82563 18.726 0.043
4018.81714 18.671 0.039
4023.84926 19.084 0.058
4026.75559 18.927 0.042
4029.69894 19.049 0.079
4031.77950 18.765 0.039
4038.68868 18.389 0.030
4040.85549 18.961 0.066
4042.87125 18.565 0.042
4048.83570 18.876 0.052
4052.67788 19.122 0.050
4054.65096 18.584 0.050
4056.72243 19.012 0.069
4058.66049 18.550 0.041
4063.65447 18.847 0.040
4066.65228 18.887 0.042
4069.71789 19.076 0.064
4071.64650 18.414 0.040
4076.71876 19.187 0.068
4079.73146 19.152 0.073
4083.64837 18.764 0.052
4085.71370 18.459 0.034
4092.83103 18.549 0.032
4112.70252 19.150 0.044
4117.69139 18.904 0.049
4121.66741 18.596 0.041
4124.75029 18.854 0.041
4129.76757 19.235 0.057
4142.62193 18.944 0.057
4150.62896 18.852 0.039
4155.52373 19.044 0.055
4166.55261 18.903 0.073
4196.50214 18.860 0.058
4341.87814 18.970 0.065
4347.82807 18.965 0.060
4351.87395 19.013 0.061
4357.88592 19.173 0.083
4363.81049 19.168 0.082
4366.86112 18.537 0.042
4369.90159 18.744 0.067
4372.80453 18.696 0.043
4376.89494 18.696 0.081
4380.78689 19.060 0.056
4386.76247 18.944 0.049
4393.77336 19.094 0.053
4398.84960 18.933 0.049
4403.85600 18.373 0.048
4411.78495 18.991 0.051
4411.84663 18.918 0.051
4418.73577 18.764 0.035
4422.83236 18.793 0.043
4429.77487 18.611 0.075
4432.70050 18.385 0.036
4436.73990 18.980 0.057
4439.80560 18.589 0.052
4443.67529 18.993 0.072
4448.82931 18.927 0.058
4451.66948 18.760 0.051
4455.66828 18.501 0.044
4457.72380 19.082 0.077
4464.71656 18.890 0.042
4467.70907 18.906 0.041
4471.75532 18.855 0.057
4476.67785 19.186 0.053
4480.67767 19.066 0.055
4484.75670 18.960 0.081
4488.67923 18.672 0.055
4493.68138 19.109 0.082
4498.65927 18.697 0.039
4501.65231 18.846 0.050
4506.59042 19.053 0.068
4508.60043 18.569 0.036
4510.68009 19.032 0.061
4519.70138 18.389 0.043
4521.54506 18.615 0.051
4524.58554 18.770 0.053
4530.60969 18.930 0.059
4532.63798 18.421 0.034
4537.59960 18.868 0.053
4540.65078 19.083 0.082
