 446.72184 19.202 0.042
 446.73044 19.251 0.051
 446.73869 19.269 0.049
 446.74700 19.293 0.047
 446.75526 19.302 0.049
 455.66260 18.945 0.027
 455.73893 19.095 0.031
 455.78650 19.173 0.036
 456.60661 19.028 0.034
 456.65636 19.122 0.046
 456.72711 19.120 0.040
 456.77454 19.175 0.034
 456.82596 19.264 0.046
 457.57429 18.951 0.035
 457.61825 18.981 0.033
 457.67689 19.019 0.036
 457.73547 19.183 0.040
 457.79411 19.154 0.040
 458.65069 19.148 0.039
 458.71977 19.241 0.051
 459.56790 19.093 0.045
 459.61407 19.099 0.041
 459.67264 19.130 0.035
 459.73207 19.220 0.037
 459.77593 19.397 0.051
 459.81974 19.317 0.046
 461.57880 19.190 0.039
 461.62258 19.198 0.040
 461.68125 19.196 0.037
 461.74738 19.317 0.039
 461.80940 19.315 0.052
 462.57934 19.152 0.035
 462.63797 19.224 0.037
 462.68394 19.200 0.035
 465.68280 19.322 0.065
 465.73049 18.861 0.041
 465.81527 18.935 0.035
 466.66650 19.001 0.039
 466.73303 18.854 0.028
 466.81803 19.027 0.039
 467.67018 18.768 0.029
 467.77477 18.971 0.035
 467.84074 19.261 0.054
 468.68109 18.997 0.042
 468.74703 18.977 0.035
 468.80564 19.075 0.034
 468.84222 19.147 0.035
 469.67777 18.934 0.042
 469.75586 19.209 0.049
 469.81477 19.235 0.056
 470.75249 19.159 0.052
 471.66357 19.066 0.041
 471.80035 19.126 0.051
 472.63823 19.061 0.039
 472.68203 19.190 0.041
 472.72582 19.197 0.054
 472.79176 19.158 0.055
 474.71774 19.217 0.051
 475.55210 19.108 0.043
 475.61090 19.232 0.048
 475.67702 19.190 0.056
 475.72915 19.399 0.068
 476.76317 19.353 0.060
 477.54886 19.118 0.037
 477.60016 19.276 0.041
 477.74763 19.389 0.049
 477.82849 18.869 0.040
 478.55502 19.170 0.043
 478.77540 18.841 0.033
 478.83435 18.937 0.033
 479.55384 19.152 0.040
 479.59773 19.228 0.037
 479.74606 18.822 0.031
 479.83534 18.914 0.048
 480.58989 19.397 0.055
 480.67105 19.218 0.035
 480.76462 18.864 0.033
 480.80876 19.107 0.042
 481.57506 19.272 0.049
 481.72344 18.989 0.037
 481.76742 18.910 0.041
 481.81137 19.031 0.043
 482.72430 19.055 0.039
 482.80222 19.153 0.039
 483.59057 18.944 0.040
 483.63504 18.883 0.037
 483.67888 18.984 0.037
 483.72288 18.996 0.035
 483.76679 19.099 0.042
 483.81070 19.047 0.047
 484.58925 18.744 0.031
 484.69793 19.078 0.040
 484.74229 19.136 0.040
 484.78630 19.100 0.042
 485.59289 18.913 0.033
 485.73983 19.059 0.037
 485.78394 19.268 0.048
 486.58942 18.937 0.036
 486.63498 19.002 0.035
 486.73149 19.052 0.041
 486.77667 19.171 0.042
 487.61637 19.028 0.029
 487.66464 19.107 0.035
 487.71246 19.300 0.040
 487.75656 19.255 0.043
 487.80073 19.191 0.046
 488.60185 19.080 0.034
 488.64582 19.123 0.033
 488.71467 19.284 0.047
 488.75867 19.266 0.048
 488.80274 19.375 0.059
 489.57760 19.080 0.034
 489.66660 19.163 0.034
 489.71048 19.313 0.043
 489.75443 19.271 0.041
 490.57083 19.108 0.030
 490.70802 19.404 0.048
 490.75213 19.393 0.052
 490.79613 19.378 0.047
 491.59534 19.194 0.041
 491.64715 19.244 0.047
 491.69130 19.391 0.048
 491.80471 18.921 0.040
 492.57953 19.142 0.045
 492.65385 19.232 0.047
 493.58256 19.349 0.047
 493.62704 19.334 0.048
 494.57729 19.217 0.043
 494.62121 19.284 0.045
 494.66543 19.619 0.072
 494.70976 18.969 0.039
 494.75474 18.900 0.036
 495.58009 19.315 0.064
 495.65372 19.246 0.061
 495.70721 18.852 0.049
 496.57546 19.254 0.048
 496.62025 19.224 0.055
 496.66433 18.808 0.049
 496.70923 18.871 0.052
 498.57454 18.988 0.037
 498.61858 18.823 0.027
 498.73233 19.102 0.046
 498.77626 19.100 0.048
 499.56950 18.897 0.039
 499.61520 18.943 0.036
 499.75550 19.179 0.059
 500.55332 19.017 0.065
 500.61221 18.969 0.055
 500.65710 18.964 0.045
 500.70825 19.147 0.058
 500.75272 19.415 0.091
 501.57640 19.008 0.045
 501.69514 19.242 0.068
 507.56483 19.237 0.039
 507.61001 19.364 0.071
 509.56066 19.184 0.051
 509.60776 19.504 0.065
 509.66008 19.371 0.065
 510.60232 19.300 0.052
 510.64789 19.148 0.055
 510.69546 18.832 0.043
 511.68776 18.919 0.052
 512.59445 19.024 0.036
 512.64276 19.017 0.072
 512.71708 19.037 0.036
 513.57473 18.912 0.033
 513.62029 18.883 0.034
 513.71201 19.006 0.035
 514.58296 18.877 0.031
 514.65206 18.930 0.039
 514.70238 19.078 0.041
 514.74927 19.081 0.041
 515.57712 18.919 0.031
 515.63185 19.116 0.041
 515.68011 19.183 0.042
 516.58342 19.086 0.055
 516.63763 19.127 0.052
 516.68460 19.219 0.052
 516.73111 19.015 0.043
 517.58142 19.128 0.047
 517.63125 19.048 0.046
 517.68124 19.149 0.052
 517.72738 19.093 0.053
 518.61877 19.090 0.043
 518.66401 19.215 0.058
 518.71308 19.221 0.064
 519.57937 19.109 0.042
 519.62602 19.288 0.056
 519.70844 19.325 0.062
 520.72018 19.335 0.068
 521.57569 19.243 0.056
 521.62081 19.224 0.056
 521.68358 19.431 0.089
 523.58488 19.163 0.051
 523.63756 19.417 0.060
 524.57726 19.247 0.062
 524.62727 19.471 0.090
 526.56436 19.509 0.111
 527.68951 18.934 0.049
 530.57964 19.203 0.077
 531.57707 19.058 0.059
 532.56653 19.049 0.053
 533.58376 19.028 0.051
 534.57296 19.307 0.094
 534.61708 19.282 0.068
 534.66884 19.338 0.084
 535.55755 19.321 0.055
 535.61786 19.291 0.065
 536.53672 19.255 0.047
 536.58190 19.143 0.047
 536.63240 19.336 0.073
 537.53128 19.252 0.048
 537.63149 19.299 0.053
 537.67833 19.593 0.113
 538.51927 19.159 0.055
 538.57102 19.096 0.046
 539.52792 19.305 0.054
 539.63903 19.419 0.058
 539.68309 18.778 0.031
 541.53830 19.461 0.054
 541.59533 19.122 0.036
 542.52739 19.381 0.052
 542.57928 18.965 0.036
 542.62674 18.827 0.035
 542.67089 19.120 0.052
 543.56562 18.789 0.029
 543.60968 18.899 0.037
 543.64673 18.977 0.040
 544.51840 18.882 0.035
 544.56268 18.817 0.037
 544.60697 19.079 0.043
 544.65218 18.979 0.045
 551.50814 19.286 0.046
 552.51959 19.100 0.046
 553.52489 19.269 0.068
 554.50166 19.256 0.070
 554.58711 19.413 0.102
 555.50796 19.377 0.110
 557.60854 18.785 0.064
 558.55532 19.036 0.137
 559.53915 18.913 0.056
 560.51717 18.862 0.062
 561.51721 18.845 0.056
 562.51877 19.008 0.071
 564.51994 19.146 0.067
 565.52576 19.128 0.070
 566.51974 19.227 0.055
 567.52079 19.254 0.054
 568.50605 19.343 0.125
 569.51585 19.247 0.070
 571.50167 19.364 0.072
 572.53170 19.197 0.070
 574.49353 18.942 0.051
 575.49211 18.824 0.055
 577.50110 18.982 0.055
 578.51461 19.062 0.051
 582.49679 19.361 0.102
 583.49954 19.220 0.061
 672.88499 19.190 0.049
 689.86898 19.251 0.065
 699.87019 19.141 0.060
 701.83579 19.105 0.074
 704.87830 19.368 0.073
 706.85972 19.434 0.089
 714.82718 19.025 0.043
 716.79176 18.976 0.047
 728.78692 18.848 0.040
 729.78695 18.962 0.048
 730.74250 18.952 0.048
 733.83351 19.143 0.080
 741.83675 18.815 0.043
 745.79159 19.094 0.060
 747.83997 19.280 0.066
 753.79385 19.410 0.083
 759.82839 18.968 0.048
 766.80255 19.249 0.085
 772.82164 18.993 0.046
 775.80339 19.133 0.045
 779.82204 19.133 0.053
 787.79843 18.936 0.043
 789.78245 19.008 0.048
 790.79291 19.154 0.059
 795.75055 19.257 0.055
 796.82244 19.361 0.066
 797.75020 19.220 0.056
 798.72216 19.310 0.055
 805.80707 19.141 0.080
 816.77808 18.871 0.045
 817.69730 18.783 0.035
 819.79699 19.168 0.054
 822.81119 19.188 0.043
 824.84049 19.350 0.071
 826.66392 19.289 0.068
 829.73455 19.264 0.073
 832.69076 18.762 0.037
 836.78960 19.103 0.072
 840.66896 19.186 0.071
 843.66942 19.339 0.054
 850.64299 19.007 0.053
 854.68080 19.093 0.060
 855.64772 19.074 0.084
 856.61405 19.222 0.076
 858.58661 19.203 0.058
 866.64872 19.038 0.090
 875.56195 19.274 0.061
 880.54752 18.738 0.039
 887.56082 19.261 0.077
 892.68910 18.807 0.045
 895.53524 18.878 0.060
 898.54209 18.988 0.040
 922.60943 18.782 0.052
 928.53542 18.981 0.065
 931.55733 19.347 0.116
 933.56708 19.220 0.067
 947.50673 19.179 0.103
 952.50053 19.247 0.070
1045.89513 18.965 0.054
1051.87538 19.153 0.064
1052.91059 19.343 0.072
1053.89080 19.277 0.052
1054.90650 19.252 0.058
1055.87898 19.086 0.067
1059.89174 19.059 0.065
1061.90151 18.957 0.061
1068.89959 19.088 0.046
1076.87090 18.973 0.052
1081.87402 19.158 0.062
1087.82107 19.228 0.065
1091.82359 18.788 0.054
1102.80600 19.247 0.037
1106.86104 18.796 0.037
1107.78881 18.900 0.043
1113.80159 19.244 0.054
1119.80632 19.582 0.084
1126.86238 19.162 0.060
1131.70014 19.093 0.065
1132.75214 19.324 0.060
1136.78545 18.764 0.040
1138.80956 19.041 0.046
1142.67659 18.863 0.034
1144.74550 19.103 0.046
1151.77134 18.896 0.047
1155.77064 19.030 0.049
1158.76818 19.077 0.052
1161.74610 19.107 0.041
1165.76684 19.134 0.052
1169.76171 18.894 0.046
1174.73555 19.070 0.047
1179.75236 19.557 0.094
1181.82442 19.041 0.060
1186.77885 19.117 0.048
1187.84012 19.240 0.056
1189.84892 19.288 0.064
1196.71887 19.107 0.062
1201.72769 19.227 0.062
1203.74756 19.231 0.061
1207.60448 19.122 0.084
1211.64222 19.275 0.065
1214.64310 18.796 0.049
1217.61797 18.997 0.039
1220.62280 19.077 0.051
1223.64903 19.202 0.060
1225.58996 19.205 0.049
1227.67047 18.951 0.047
1231.56639 18.905 0.052
1234.61462 19.141 0.061
1236.62211 19.161 0.085
1240.57457 19.212 0.066
1242.67628 18.851 0.056
1244.62589 18.848 0.047
1247.55646 18.867 0.053
1252.67233 19.309 0.128
1256.54118 19.244 0.090
1260.56666 18.828 0.045
1265.54164 19.044 0.055
1273.58752 19.099 0.088
1277.52380 18.874 0.054
1281.56757 19.216 0.083
1288.52208 19.527 0.113
1290.58948 18.905 0.058
1296.52683 19.059 0.068
1298.56474 19.245 0.098
1301.50647 19.263 0.083
1305.55227 18.825 0.056
1308.48178 18.893 0.054
1313.52828 19.100 0.078
1316.52014 19.304 0.045
1319.49642 19.307 0.071
1329.50549 19.025 0.085
1332.48076 19.350 0.115
1340.46791 18.922 0.078
1412.85477 18.839 0.052
1418.85200 19.086 0.066
1430.90651 19.094 0.054
1432.84033 19.104 0.070
1435.81636 19.179 0.095
1437.80025 19.217 0.078
1440.84790 19.340 0.078
1446.85999 19.019 0.083
1447.88552 19.046 0.083
1451.86979 19.316 0.074
1459.78726 18.968 0.064
1462.79153 19.218 0.068
1470.85191 19.012 0.047
1475.76452 18.989 0.049
1478.71989 18.911 0.070
1481.69356 19.156 0.071
1487.72296 19.415 0.068
1490.71978 18.835 0.054
1492.71290 18.948 0.052
1495.71140 19.020 0.048
1499.66918 19.205 0.088
1502.66441 19.346 0.084
1505.70501 18.831 0.052
1507.83847 19.135 0.061
1510.81444 19.282 0.065
1512.71122 19.118 0.067
1514.82231 19.433 0.083
1517.65778 19.353 0.067
1519.73141 18.881 0.042
1521.66717 18.897 0.046
1523.78793 19.106 0.067
1525.78228 19.165 0.051
1527.71124 19.211 0.053
1528.75758 19.299 0.055
1529.77868 19.307 0.058
1531.77179 19.140 0.059
1538.72833 18.966 0.048
1541.68442 19.177 0.046
1542.71429 19.162 0.058
1544.64031 19.202 0.052
1547.76725 18.954 0.041
1548.74484 18.781 0.036
1549.73910 18.900 0.037
1552.60383 18.800 0.037
1554.73032 19.165 0.043
1555.73703 19.265 0.052
1562.73999 18.814 0.061
1564.61855 19.427 0.097
1567.71115 18.930 0.055
1570.61649 19.027 0.049
1574.75842 19.368 0.056
1577.70810 19.076 0.052
1580.74416 19.079 0.059
1583.62953 19.082 0.052
1585.75141 19.153 0.056
1589.63436 19.266 0.064
1592.62613 19.404 0.066
1595.67204 18.919 0.056
1599.61367 18.990 0.043
1601.68970 19.218 0.079
1604.57125 19.216 0.079
1606.60612 19.248 0.064
1609.64747 18.726 0.041
1610.63259 18.874 0.051
1613.52362 18.873 0.054
1615.55559 19.046 0.064
1617.62694 19.218 0.059
1619.61061 19.131 0.071
1620.56178 19.351 0.096
1622.51195 19.277 0.083
1624.50851 19.316 0.091
1626.50933 19.305 0.079
1627.63044 19.080 0.077
1629.50946 18.802 0.047
1630.59086 19.119 0.058
1632.52741 19.054 0.064
1634.50513 19.166 0.061
1643.49707 18.776 0.047
1646.49603 19.058 0.080
1654.53447 19.311 0.086
1656.52067 18.975 0.054
1659.52815 18.869 0.059
1661.55211 18.995 0.055
1663.57772 19.261 0.059
1670.54074 18.982 0.067
1673.51119 18.784 0.084
1681.48111 19.202 0.125
1694.48558 19.427 0.114
1769.87266 19.135 0.065
1771.89948 19.245 0.101
1772.87934 19.291 0.070
1775.88041 19.613 0.088
1784.86503 19.178 0.079
1789.85370 19.401 0.051
1804.80333 19.270 0.067
1808.88389 18.882 0.051
1812.79842 19.032 0.046
1816.80978 19.221 0.054
1821.80036 19.453 0.062
1823.84247 18.814 0.031
1826.82555 18.946 0.061
1829.79924 19.001 0.065
1830.81253 19.219 0.080
1834.85151 19.323 0.078
1845.84895 19.223 0.048
1851.84633 18.951 0.056
1859.78865 19.144 0.056
1861.80585 19.211 0.061
1864.78330 19.231 0.059
1865.76349 19.253 0.058
1867.81727 18.783 0.037
1868.80284 18.881 0.035
1870.73615 18.808 0.035
1871.82013 18.986 0.037
1873.77971 19.127 0.051
2167.86807 19.269 0.091
2186.84186 19.641 0.206
2190.82726 18.899 0.056
2192.87023 19.028 0.070
2193.79178 18.963 0.051
2202.79126 19.275 0.094
2214.83893 19.216 0.116
2224.79337 19.105 0.070
2227.70424 19.157 0.084
2229.70971 19.204 0.097
2231.67808 19.184 0.090
2233.64640 19.187 0.077
2236.65875 19.270 0.103
2239.62679 18.804 0.080
2241.71371 19.174 0.095
2243.76742 19.248 0.086
2247.84931 18.872 0.060
2248.85196 18.897 0.053
2250.78200 18.808 0.049
2252.69899 18.764 0.054
2254.69027 18.929 0.051
2257.69848 19.092 0.059
2260.70395 19.096 0.070
2263.73081 19.406 0.129
2264.70952 19.259 0.070
2266.69531 18.850 0.065
2270.76248 19.046 0.064
2271.84323 19.202 0.045
2272.74868 19.059 0.083
2274.74022 19.327 0.084
2276.80160 19.281 0.110
2278.66585 19.398 0.101
2280.74419 18.922 0.054
2282.74010 18.961 0.058
2284.81432 19.125 0.060
2289.80358 19.454 0.089
2292.82001 18.824 0.072
2294.78812 18.751 0.095
2296.80881 18.969 0.116
2298.80244 19.082 0.086
2302.75319 19.292 0.107
2315.67893 19.164 0.074
2324.53678 19.367 0.133
2328.52368 19.295 0.120
2334.51697 18.968 0.065
2364.50646 19.000 0.109
2385.52393 19.344 0.132
2529.86808 19.053 0.071
2539.86806 18.856 0.080
2545.83527 19.050 0.083
2552.89377 18.943 0.077
2556.88243 19.020 0.070
2560.79169 18.965 0.064
2561.79321 19.102 0.082
2565.79967 19.345 0.107
2574.74973 18.989 0.064
2578.81808 19.244 0.100
2586.74015 18.938 0.074
2590.78842 19.105 0.084
2596.79513 19.345 0.098
2605.83493 19.185 0.080
2609.79999 19.163 0.107
2614.77734 18.952 0.077
2618.80793 19.089 0.089
2621.73308 19.119 0.070
2624.65264 19.072 0.078
2627.76172 19.298 0.109
2629.78266 18.962 0.079
2632.68247 18.838 0.052
2635.78309 19.169 0.074
2638.70089 19.157 0.083
2640.79758 19.381 0.134
2642.75583 19.511 0.158
2644.75481 18.982 0.062
2646.71449 18.886 0.064
2650.76579 19.228 0.094
2652.86017 19.238 0.080
2654.78918 19.199 0.090
2656.69466 19.250 0.109
2658.65709 19.278 0.091
2660.67627 19.462 0.122
2662.69085 18.865 0.073
2664.66583 18.874 0.070
2666.73138 19.076 0.064
2668.72228 19.268 0.092
2672.81599 18.856 0.064
2674.72185 19.107 0.078
2676.71102 18.839 0.059
2678.78338 19.060 0.060
2680.67012 18.922 0.066
2682.71544 19.170 0.109
2687.60386 19.317 0.114
2692.60254 19.130 0.082
2696.59376 18.958 0.074
2701.58545 19.399 0.140
2708.51512 19.400 0.155
2715.51075 19.003 0.119
2870.92906 19.393 0.123
2890.86355 18.894 0.088
2895.89942 19.106 0.066
2900.86365 19.186 0.070
2911.84905 19.080 0.054
2917.76302 19.187 0.076
2922.88518 19.155 0.101
2926.81812 19.074 0.072
2931.74637 19.176 0.071
2934.78715 19.327 0.073
2940.76767 18.988 0.056
2943.77186 19.061 0.067
2947.78050 19.322 0.068
2949.87036 18.779 0.070
2950.69431 19.139 0.073
2954.71764 18.794 0.067
2956.76299 18.999 0.067
2958.80465 19.284 0.086
2962.80179 19.286 0.074
2965.82480 18.780 0.046
2968.69250 19.074 0.068
2973.76601 19.095 0.064
2976.63244 19.087 0.074
2978.83351 19.085 0.068
2980.74848 19.342 0.082
2982.75655 18.747 0.045
2984.78814 19.036 0.065
2987.66953 19.050 0.071
2989.62763 18.917 0.049
2991.69160 19.164 0.060
2993.71192 19.358 0.109
2995.78677 18.839 0.056
2997.75738 18.792 0.053
2999.65707 18.753 0.043
3000.70597 18.990 0.064
3002.69426 19.030 0.059
3004.69512 19.149 0.060
3006.63861 19.201 0.073
3008.79352 19.386 0.086
3010.71309 19.395 0.120
3011.76805 18.860 0.082
3015.78562 19.056 0.105
3017.77331 19.166 0.070
3019.72702 19.280 0.100
3021.82000 19.384 0.089
3023.68208 19.287 0.058
3025.65351 19.296 0.059
3027.69908 18.835 0.049
3029.68399 18.944 0.058
3031.75406 19.090 0.071
3033.81765 19.264 0.074
3036.61613 19.211 0.065
3039.55801 19.149 0.073
3041.66605 19.329 0.143
3043.67676 18.889 0.086
3045.73963 19.103 0.080
3047.69328 19.154 0.085
3048.62449 19.078 0.053
3050.64151 19.124 0.059
3052.64290 19.281 0.073
3054.64738 19.270 0.089
3056.63554 19.445 0.080
3058.62948 19.002 0.074
3060.67910 19.006 0.061
3066.52541 18.995 0.103
3068.56496 19.174 0.100
3070.63721 19.334 0.131
3073.65705 18.892 0.067
3076.58090 18.789 0.077
3078.66769 19.098 0.078
3082.64469 19.295 0.064
3085.54713 19.303 0.091
3088.51013 19.213 0.094
3090.65184 18.980 0.064
3093.53444 18.847 0.079
3102.61446 18.981 0.078
3105.62019 19.014 0.072
3108.59815 19.125 0.065
3111.54653 19.191 0.108
3129.48884 19.148 0.108
3134.50970 19.242 0.095
3216.90355 19.257 0.113
3242.83830 18.946 0.071
3248.89105 19.290 0.090
3264.83869 19.119 0.061
3270.90539 18.862 0.067
3274.79075 19.116 0.086
3278.84570 19.195 0.088
3282.82188 19.174 0.070
3287.79529 19.081 0.051
3295.75289 19.293 0.064
3297.74498 19.317 0.061
3299.80913 19.391 0.056
3301.80648 19.036 0.074
3304.87092 18.901 0.064
3309.77250 19.222 0.073
3311.77045 19.254 0.079
3320.81808 19.059 0.059
3327.78599 19.276 0.077
3330.74435 19.388 0.111
3334.84384 19.307 0.120
3339.79167 19.273 0.084
3353.83797 19.282 0.083
3357.62826 19.125 0.067
3360.66709 19.286 0.076
3363.77535 18.974 0.062
3369.85265 19.544 0.123
3375.78900 18.989 0.064
3378.71453 18.952 0.055
3394.59764 19.341 0.103
3396.64849 18.773 0.055
3399.75111 19.191 0.103
3403.73847 19.427 0.085
3408.62292 19.445 0.088
3413.57790 19.030 0.062
3417.59499 19.085 0.070
3425.60314 18.854 0.079
3431.59113 19.266 0.072
3437.56667 19.271 0.089
3446.53576 19.188 0.084
3456.49730 19.236 0.111
3474.48389 18.995 0.097
3603.92609 19.362 0.091
3619.86910 19.608 0.111
3633.84559 19.188 0.089
3639.81205 18.891 0.049
3644.84810 19.045 0.058
3651.79055 19.450 0.083
3654.83832 19.123 0.064
3658.80191 19.181 0.076
3660.82671 19.258 0.101
3665.82070 19.270 0.100
3670.79042 19.036 0.074
3673.80054 19.207 0.070
3676.80058 19.260 0.066
3684.85458 18.934 0.056
3687.82694 19.082 0.056
3690.74688 19.262 0.085
3693.78439 19.246 0.083
3695.81571 19.410 0.079
3700.82391 19.098 0.090
3703.75798 19.163 0.064
3705.82218 19.194 0.059
3708.80998 19.313 0.100
3712.76750 19.128 0.058
3714.83827 18.970 0.051
3717.73067 19.022 0.073
3720.81876 19.141 0.077
3724.73639 19.361 0.070
3727.81098 18.782 0.049
3728.77373 18.765 0.045
3731.77727 19.091 0.054
3732.76036 19.072 0.049
3735.61678 18.993 0.042
3737.78665 19.207 0.051
3740.74857 19.458 0.073
3742.75588 19.009 0.078
3745.79184 18.961 0.056
3748.76165 19.118 0.096
3750.77183 19.241 0.084
3752.78189 19.228 0.090
3754.79968 19.325 0.074
3757.58065 19.442 0.097
3759.78574 18.990 0.055
3763.65767 19.005 0.040
3766.61407 19.014 0.053
3770.70060 19.315 0.095
3773.73335 18.890 0.064
3776.70506 18.931 0.077
3779.65834 19.170 0.115
3783.57501 19.051 0.065
3788.54773 19.268 0.061
3792.58520 18.805 0.049
3800.56708 19.128 0.066
3810.52513 18.991 0.078
3824.49532 18.887 0.072
3950.91893 19.276 0.080
3964.91767 19.192 0.055
3970.84256 19.185 0.073
3981.91111 19.094 0.078
3990.89983 18.883 0.062
3998.90362 19.394 0.091
4003.71731 19.244 0.064
4005.89303 18.935 0.051
4006.73859 19.041 0.052
4008.75938 18.964 0.043
4013.75992 19.152 0.078
4018.89250 18.850 0.068
4024.75646 19.039 0.049
4026.83410 19.218 0.068
4029.77869 19.326 0.078
4032.80953 19.448 0.131
4041.72123 19.178 0.067
4043.72617 19.216 0.078
4049.68871 19.286 0.072
4054.73699 19.013 0.089
4056.79600 19.493 0.089
4058.84316 19.238 0.073
4063.72598 19.288 0.073
4065.84912 19.118 0.072
4067.69102 18.832 0.043
4070.71325 19.086 0.062
4074.78199 19.282 0.088
4077.83076 18.938 0.058
4084.63566 18.854 0.058
4086.79139 19.194 0.082
4093.83277 18.944 0.056
4105.85098 19.078 0.079
4111.77011 19.056 0.052
4121.68847 19.072 0.097
4124.77073 18.882 0.046
4132.72664 18.941 0.084
4142.74838 18.947 0.129
4156.58349 19.374 0.092
4198.49812 19.184 0.100
4343.83412 18.890 0.068
4347.90118 19.261 0.082
4353.83435 19.185 0.067
4358.78576 19.006 0.098
4363.82827 19.446 0.137
4367.78807 19.253 0.094
4370.82483 18.791 0.067
4373.82426 18.941 0.056
4386.83380 18.978 0.074
4390.79580 19.116 0.072
4394.81339 19.337 0.071
4399.76996 19.522 0.131
4407.73288 19.028 0.070
4412.75651 19.270 0.096
4418.84202 19.077 0.055
4422.73413 19.118 0.065
4427.70978 19.134 0.080
4430.71310 19.489 0.171
4433.73072 18.987 0.067
4436.81208 19.220 0.095
4440.67297 19.219 0.082
4443.76542 19.423 0.117
4451.76762 19.185 0.078
4452.74693 19.066 0.078
4455.73711 19.175 0.090
4459.73199 19.250 0.088
4464.78014 19.269 0.104
4467.75588 19.092 0.062
4471.81380 19.396 0.103
4472.64319 19.136 0.059
4476.69674 18.907 0.052
4483.78849 19.214 0.100
4486.81477 19.461 0.161
4492.67256 18.848 0.067
4497.73425 19.185 0.072
4500.57591 19.010 0.074
4502.71711 19.382 0.123
4507.72000 18.932 0.072
4509.67169 19.011 0.082
4521.66832 18.808 0.064
4525.61801 18.924 0.072
4533.59637 19.346 0.086
4537.64645 18.763 0.060
4539.56558 18.843 0.072
4541.64776 19.091 0.083
