2211.79713 18.758 0.059
2221.82925 19.070 0.100
2225.83515 19.032 0.053
2227.85850 18.600 0.041
2229.86414 19.005 0.078
2231.85535 18.675 0.051
2233.82300 18.842 0.048
2237.74645 18.668 0.042
2240.71331 18.711 0.048
2242.72445 18.989 0.072
2244.77505 18.740 0.061
2250.70994 18.937 0.054
2252.80699 18.635 0.043
2255.66008 18.706 0.055
2257.82611 19.087 0.042
2258.73391 18.802 0.045
2262.70307 18.730 0.045
2265.74111 18.968 0.057
2266.84274 18.838 0.048
2270.84364 18.745 0.040
2272.84966 19.104 0.073
2275.84861 18.607 0.050
2278.86782 18.668 0.072
2280.83993 18.974 0.074
2282.84783 18.633 0.050
2284.66689 18.704 0.045
2288.63227 18.596 0.039
2290.64006 18.942 0.057
2292.65169 18.509 0.045
2294.65428 18.972 0.065
2296.62860 18.769 0.063
2297.84149 18.549 0.037
2299.62858 18.642 0.041
2301.62598 18.941 0.060
2302.85463 19.077 0.091
2303.62657 18.519 0.040
2315.75098 18.612 0.043
2324.62129 18.832 0.045
2330.54748 18.899 0.079
2342.54788 18.761 0.048
2346.53429 18.656 0.059
2365.50557 18.537 0.055
2392.53677 19.085 0.125
2541.89516 18.558 0.039
2545.88403 18.929 0.066
2550.87298 18.804 0.066
2554.82948 18.804 0.059
2558.84929 18.758 0.048
2562.86498 18.766 0.059
2565.88295 18.796 0.336
2571.79674 18.926 0.075
2576.87049 18.888 0.057
2580.76416 18.675 0.054
2588.80027 18.609 0.046
2593.78942 19.034 0.068
2599.83905 18.665 0.041
2607.80323 18.744 0.046
2613.65160 18.619 0.067
2618.82987 18.499 0.043
2621.78443 18.699 0.050
2624.77122 18.764 0.047
2628.77956 18.740 0.063
2630.81924 19.007 0.091
2634.84893 18.858 0.065
2635.85579 18.946 0.072
2639.85590 18.762 0.043
2642.85584 18.920 0.061
2643.85171 18.664 0.044
2646.83463 18.764 0.047
2649.76186 18.829 0.041
2651.85917 18.663 0.048
2653.85605 19.025 0.076
2656.84659 18.999 0.069
2659.84919 18.612 0.071
2663.60450 18.779 0.067
2666.84999 18.571 0.044
2669.63973 19.045 0.080
2674.76965 18.912 0.054
2677.83460 18.563 0.049
2680.81810 18.744 0.043
2685.56297 18.878 0.063
2689.62900 18.837 0.071
2694.61278 18.556 0.040
2698.57742 19.046 0.055
2704.55910 18.675 0.044
2711.51530 18.755 0.056
2730.49253 18.557 0.049
2868.91678 18.781 0.059
2877.92075 18.624 0.049
2884.92247 18.602 0.078
2893.90183 18.988 0.071
2900.88553 19.100 0.071
2915.73488 18.771 0.054
2921.76463 18.932 0.061
2924.84392 18.579 0.043
2927.87327 18.822 0.056
2932.82118 18.994 0.060
2935.86187 18.629 0.042
2941.79699 18.811 0.043
2944.82818 18.955 0.065
2948.79131 18.928 0.061
2951.86011 19.084 0.064
2955.73575 18.840 0.065
2958.78553 18.961 0.064
2965.85874 18.592 0.042
2967.75733 18.676 0.050
2971.69647 18.697 0.045
2975.74865 18.659 0.041
2977.86238 19.030 0.084
2978.61800 18.562 0.045
2980.83134 18.848 0.061
2982.84977 18.770 0.049
2984.81074 19.041 0.058
2987.69262 18.990 0.056
2990.85227 18.670 0.042
2993.85385 18.859 0.051
2994.67985 19.137 0.055
2997.85428 18.835 0.055
2999.84553 18.996 0.069
3002.85125 18.701 0.043
3003.83934 18.921 0.059
3005.81070 18.568 0.033
3006.85440 18.996 0.056
3008.85062 18.713 0.049
3009.86597 18.637 0.052
3010.85798 19.037 0.069
3016.87082 18.732 0.059
3019.83429 18.761 0.046
3021.71776 18.951 0.044
3024.64612 18.929 0.048
3026.61229 18.581 0.033
3028.62063 18.835 0.040
3030.65712 18.553 0.035
3032.73474 18.840 0.044
3034.81037 18.685 0.039
3036.83659 18.981 0.052
3040.74353 18.876 0.061
3041.80723 18.741 0.059
3043.75864 19.042 0.105
3044.76953 18.828 0.073
3045.78747 18.684 0.066
3046.78052 18.748 0.065
3047.76658 18.917 0.057
3049.72508 18.592 0.040
3051.72306 18.793 0.052
3053.70325 19.040 0.049
3055.71584 18.860 0.049
3056.74181 18.622 0.035
3058.70981 18.864 0.042
3060.73063 18.604 0.036
3067.62721 18.741 0.058
3069.69654 18.959 0.052
3071.65514 18.735 0.082
3074.67772 18.661 0.053
3077.57848 18.593 0.046
3081.56977 18.604 0.033
3083.69026 19.005 0.046
3086.65372 19.178 0.074
3089.62442 18.524 0.042
3092.63693 18.689 0.057
3097.63660 19.092 0.077
3101.59724 18.997 0.092
3104.62877 18.701 0.046
3108.62580 19.073 0.065
3111.59863 18.625 0.061
3116.58771 18.844 0.068
3123.56592 18.952 0.094
3129.51301 18.698 0.064
3134.53226 18.917 0.060
3146.52277 18.766 0.065
3216.92546 18.677 0.064
3245.89078 18.739 0.049
3251.88520 18.934 0.048
3261.87782 18.916 0.054
3272.85169 19.036 0.071
3280.78216 18.848 0.053
3283.79648 18.985 0.045
3288.85464 18.897 0.044
3296.73207 18.692 0.035
3298.74499 18.824 0.042
3300.80137 18.613 0.042
3302.87931 18.788 0.091
3306.70627 18.735 0.067
3308.72682 19.082 0.069
3310.75972 18.780 0.047
3315.74809 18.704 0.040
3321.84100 18.871 0.051
3324.72703 18.887 0.058
3329.70928 18.698 0.035
3335.78299 18.804 0.082
3340.80022 18.702 0.040
3351.67274 18.593 0.035
3355.86092 18.805 0.061
3359.84637 18.714 0.039
3363.85691 18.609 0.044
3375.86231 18.922 0.047
3379.66890 18.848 0.056
3385.81383 18.617 0.038
3390.80673 18.928 0.042
3394.85384 18.968 0.068
3398.83293 18.973 0.057
3402.82185 18.889 0.065
3404.69938 19.016 0.050
3410.68256 18.682 0.034
3414.63786 18.634 0.048
3420.57387 18.671 0.043
3428.54203 18.623 0.037
3433.59980 18.919 0.054
3440.56190 18.989 0.059
3450.49862 18.894 0.065
3460.51700 18.687 0.036
3628.86231 18.745 0.051
3638.90304 18.817 0.070
3644.87085 18.620 0.037
3652.87959 19.034 0.052
3659.87289 18.713 0.063
3663.87478 19.135 0.080
3665.86805 18.895 0.060
3668.87078 18.786 0.056
3672.86119 18.838 0.073
3676.74643 18.564 0.038
3685.81616 19.032 0.043
3688.81793 18.588 0.035
3692.85134 18.645 0.037
3694.76435 18.800 0.045
3699.85768 18.544 0.040
3702.76479 18.579 0.030
3704.85110 18.963 0.042
3708.85764 18.931 0.069
3711.85597 19.028 0.055
3715.85642 19.038 0.066
3720.85861 18.787 0.065
3724.84089 18.749 0.038
3726.86291 18.943 0.064
3730.86315 18.847 0.069
3733.84212 19.015 0.046
3736.83948 18.626 0.034
3738.85313 18.794 0.054
3742.85281 18.845 0.071
3745.86936 18.891 0.061
3747.87185 18.578 0.053
3750.82017 18.650 0.052
3752.83261 18.890 0.075
3754.83868 18.644 0.047
3757.84737 18.864 0.045
3759.83354 19.079 0.066
3764.78468 18.802 0.036
3768.68105 18.582 0.036
3772.77833 18.624 0.042
3774.76484 18.910 0.045
3777.75527 18.889 0.052
3780.57690 18.956 0.065
3784.65582 18.878 0.049
3789.62291 18.705 0.034
3796.56155 18.795 0.047
3803.55536 18.762 0.041
3816.50011 18.825 0.059
3967.91837 18.957 0.043
3975.88163 18.842 0.067
4003.89034 18.998 0.045
4006.89335 18.789 0.048
4008.88723 18.828 0.039
4016.86159 18.660 0.047
4021.78407 18.881 0.060
4025.82094 19.011 0.047
4028.73069 19.035 0.060
4030.80226 18.748 0.041
4036.86141 19.059 0.053
4040.69729 18.779 0.050
4042.71338 19.158 0.080
4045.81297 18.626 0.056
4048.67303 18.638 0.054
4050.74943 18.936 0.050
4053.71800 18.990 0.077
4055.66863 18.657 0.064
4058.82363 18.930 0.045
4064.83601 18.637 0.028
4066.86497 18.961 0.087
4069.83803 18.979 0.045
4073.84376 18.905 0.057
4076.85693 19.021 0.068
4079.82964 18.673 0.057
4083.86420 18.597 0.070
4086.86295 18.648 0.065
4100.66660 18.533 0.041
4106.79348 18.994 0.057
4109.86883 18.682 0.045
4122.82513 18.805 0.038
4124.81860 18.943 0.038
4128.74823 18.811 0.052
4132.77550 18.931 0.060
4141.79069 18.709 0.041
4160.56388 18.854 0.066
4174.53429 19.030 0.064
4344.91201 18.813 0.056
4346.91525 19.096 0.078
4349.91118 18.594 0.045
4353.91369 18.959 0.081
4355.90050 18.813 0.061
4362.90607 18.864 0.119
4366.90038 18.792 0.056
4370.87465 18.761 0.054
4378.88470 18.590 0.040
4382.84184 18.842 0.066
4387.84315 18.972 0.060
4391.84879 18.835 0.046
4396.88285 18.679 0.087
4402.79891 18.784 0.068
4409.75506 18.923 0.057
4415.75276 19.055 0.078
4424.79981 18.853 0.046
4428.78603 18.783 0.059
4431.68220 18.683 0.066
4434.74015 18.906 0.043
4438.81541 18.936 0.058
4441.66381 18.926 0.053
4444.84398 18.708 0.066
4450.85382 19.009 0.076
4454.85801 18.886 0.065
4456.85042 18.982 0.050
4459.84878 18.562 0.045
4462.85470 18.763 0.049
4470.84243 18.587 0.038
4477.82974 18.739 0.065
4478.82902 18.922 0.048
4480.86922 18.671 0.054
4485.85271 18.636 0.051
4492.83647 18.566 0.053
4494.76729 18.794 0.050
4498.77468 18.813 0.044
4501.77176 18.957 0.068
4506.73658 18.728 0.065
4508.78327 18.949 0.079
4509.77179 18.829 0.045
4511.79124 19.104 0.061
4522.67043 18.874 0.075
4525.66824 19.016 0.056
4531.70222 18.741 0.039
4535.69788 18.711 0.052
4539.69781 18.659 0.040
