2167.85708 19.231 0.082
2173.89133 19.460 0.076
2190.81635 19.382 0.074
2192.86024 19.119 0.070
2193.78181 19.368 0.065
2201.84789 19.273 0.071
2202.78133 19.414 0.088
2214.82902 19.313 0.096
2221.77103 19.317 0.095
2224.78346 19.279 0.079
2227.69433 19.517 0.102
2229.69982 19.348 0.096
2231.66822 19.105 0.079
2233.63651 19.240 0.077
2236.64886 19.227 0.091
2239.61691 19.336 0.116
2241.70383 19.191 0.085
2243.75755 19.577 0.107
2247.83944 19.309 0.071
2248.84207 19.222 0.062
2250.77214 19.109 0.065
2252.68912 19.351 0.073
2254.68040 19.218 0.067
2257.68860 19.362 0.070
2260.69407 19.255 0.062
2264.69965 19.228 0.068
2266.68543 19.295 0.073
2270.72148 19.310 0.073
2271.83333 19.243 0.046
2272.71982 19.214 0.079
2274.72614 19.338 0.080
2276.79170 19.449 0.110
2278.65595 19.318 0.093
2280.71868 19.287 0.096
2280.73431 19.212 0.070
2282.73020 19.204 0.065
2284.80446 19.682 0.099
2289.79367 19.500 0.088
2294.77822 19.647 0.147
2296.79891 19.136 0.111
2298.79251 19.236 0.101
2300.77016 19.364 0.113
2302.74324 19.502 0.123
2324.52587 19.175 0.095
2328.51274 19.389 0.148
2334.50604 19.258 0.126
2340.50282 19.480 0.179
2364.49214 19.170 0.105
2385.51285 19.145 0.099
2529.85716 19.497 0.107
2539.85715 19.501 0.120
2545.82528 19.317 0.101
2552.88212 19.559 0.111
2556.87157 19.221 0.071
2560.78083 19.193 0.071
2565.78973 19.200 0.101
2574.73978 19.442 0.105
2578.80816 19.176 0.080
2583.86281 19.265 0.091
2590.77621 19.165 0.088
2596.78434 19.319 0.099
2605.81872 19.355 0.088
2609.78918 19.248 0.098
2614.77043 19.196 0.086
2618.80077 19.479 0.122
2621.72621 19.091 0.055
2624.64571 19.399 0.104
2627.75187 19.515 0.129
2632.67259 19.347 0.073
2635.77321 19.371 0.077
2638.69106 19.187 0.079
2640.78771 19.634 0.151
2642.74891 19.138 0.091
2644.74789 19.084 0.073
2646.70464 19.155 0.074
2650.75887 19.493 0.116
2652.85028 19.316 0.088
2654.77929 19.167 0.101
2656.68478 19.167 0.095
2658.64720 19.153 0.080
2660.66635 19.471 0.114
2662.67661 19.529 0.113
2664.65594 19.370 0.105
2666.72146 19.328 0.074
2668.70534 19.196 0.080
2672.80608 19.244 0.082
2674.71190 19.298 0.099
2676.69694 19.290 0.095
2678.77343 19.532 0.099
2680.66016 19.472 0.092
2682.70843 19.325 0.110
2687.59310 19.335 0.123
2692.59177 19.440 0.110
2696.58303 19.191 0.085
2701.57470 19.227 0.104
2708.50436 19.091 0.119
2870.91823 19.306 0.102
2890.85274 19.472 0.136
2895.88864 19.192 0.064
2900.85050 19.442 0.080
2907.80113 19.252 0.067
2911.83835 19.419 0.068
2916.88919 19.414 0.073
2922.87448 19.269 0.088
2926.80580 19.449 0.093
2930.88190 19.186 0.076
2934.77646 19.239 0.068
2940.75703 19.487 0.088
2943.76121 19.571 0.101
2947.76985 19.221 0.065
2949.85981 19.509 0.088
2950.68369 19.479 0.107
2954.70701 19.202 0.098
2956.75233 19.360 0.086
2958.79402 19.440 0.089
2965.81424 19.265 0.071
2968.68193 19.368 0.092
2973.75541 19.472 0.079
2976.62185 19.137 0.085
2978.82292 19.149 0.073
2980.73789 19.190 0.070
2982.73116 19.294 0.079
2984.77754 19.521 0.092
2987.65892 19.102 0.065
2989.61319 19.087 0.070
2991.68102 19.407 0.068
2993.70134 19.528 0.102
2995.77617 19.282 0.071
2997.74680 19.249 0.079
2999.64522 19.183 0.074
3000.69536 19.181 0.058
3002.68314 19.103 0.058
3004.68449 19.296 0.061
3006.62802 19.319 0.071
3008.78292 19.235 0.080
3010.70246 19.259 0.099
3011.75742 19.414 0.133
3015.77502 19.223 0.110
3017.76269 19.440 0.080
3019.69694 19.445 0.077
3021.80941 19.352 0.086
3023.67146 19.323 0.058
3025.64288 19.187 0.054
3027.68843 19.344 0.065
3029.67336 19.431 0.077
3031.74340 19.206 0.071
3033.80698 19.406 0.073
3036.60546 19.400 0.076
3039.54738 19.222 0.080
3041.63229 19.724 0.196
3043.66607 19.132 0.099
3045.72898 19.600 0.117
3047.68258 19.339 0.093
3048.61383 19.461 0.077
3050.63082 19.227 0.054
3052.63224 19.415 0.082
3054.63667 19.403 0.085
3056.62483 19.507 0.086
3058.61874 19.184 0.076
3060.66838 19.346 0.083
3066.51463 19.352 0.139
3068.55419 19.322 0.110
3070.62643 19.254 0.101
3073.64628 19.151 0.098
3076.57013 19.575 0.132
3078.65689 19.287 0.085
3082.63392 19.387 0.065
3085.53637 19.157 0.082
3088.49932 19.435 0.113
3090.64023 19.524 0.110
3093.52359 19.407 0.144
3098.63205 19.190 0.083
3102.60361 19.553 0.130
3105.60934 19.403 0.099
3108.58730 19.154 0.065
3111.53566 19.534 0.144
3128.52164 19.095 0.089
3134.49879 19.555 0.122
3216.89265 19.328 0.116
3242.82746 19.665 0.135
3248.88027 19.449 0.107
3257.91237 19.547 0.093
3264.82794 19.451 0.070
3270.89468 19.456 0.083
3274.78003 19.550 0.119
3282.81118 19.537 0.076
3287.78459 19.399 0.052
3291.72096 19.624 0.077
3295.74222 19.340 0.056
3297.73435 19.362 0.052
3299.79847 19.404 0.051
3301.79582 19.344 0.088
3304.85610 19.128 0.071
3309.76184 19.397 0.080
3311.75984 19.265 0.074
3320.80745 19.498 0.085
3327.77542 19.484 0.079
3330.73378 19.269 0.110
3334.83322 19.629 0.136
3339.78106 19.178 0.065
3353.82735 19.472 0.085
3357.61767 19.354 0.086
3360.65650 19.404 0.076
3363.76473 19.444 0.088
3369.84204 19.406 0.083
3375.77837 19.268 0.070
3378.70393 19.425 0.065
3394.58700 19.467 0.108
3396.63783 19.431 0.095
3399.74046 19.293 0.102
3403.72781 19.403 0.082
3408.61225 19.149 0.064
3412.64639 19.280 0.096
3417.58439 19.461 0.085
3425.59252 19.461 0.139
3437.55602 19.313 0.067
3446.52506 19.227 0.071
3456.48656 19.316 0.110
3474.47313 19.241 0.123
3579.91995 19.286 0.096
3596.92631 19.742 0.101
3603.91326 19.308 0.070
3619.85363 19.481 0.089
3633.83495 19.316 0.085
3639.80033 19.213 0.055
3644.83752 19.355 0.059
3651.77997 19.437 0.077
3654.82769 19.421 0.073
3658.79135 19.383 0.085
3660.81616 19.227 0.095
3665.81017 19.106 0.073
3670.77987 19.168 0.065
3673.78996 19.182 0.061
3676.78191 19.414 0.101
3684.84410 19.655 0.086
3687.81647 19.623 0.080
3690.73639 19.114 0.074
3693.77038 19.168 0.071
3695.80310 19.323 0.062
3698.79479 19.106 0.071
3700.81337 19.387 0.076
3703.74397 19.177 0.049
3705.81116 19.302 0.059
3708.79948 19.414 0.095
3712.75702 19.388 0.065
3714.82779 19.185 0.054
3717.72018 19.340 0.108
3720.80415 19.376 0.091
3724.72589 19.406 0.068
3727.79772 19.407 0.073
3731.76677 19.203 0.055
3732.74348 19.506 0.058
3733.85106 19.669 0.098
3735.60625 19.226 0.049
3737.77613 19.563 0.068
3740.73805 19.385 0.065
3742.74537 19.597 0.139
3745.78130 19.352 0.076
3748.75112 19.217 0.096
3750.76068 19.357 0.083
3752.77136 19.458 0.098
3754.78914 19.094 0.062
3759.77517 19.205 0.061
3763.64580 19.143 0.042
3766.60352 19.537 0.083
3770.68876 19.384 0.085
3773.72279 19.312 0.076
3776.69354 19.312 0.096
3779.64777 19.859 0.188
3783.56438 19.385 0.086
3788.53711 19.330 0.059
3792.57457 19.458 0.089
3800.55642 19.289 0.093
3810.51445 19.253 0.095
3824.48462 19.244 0.128
3950.90826 19.370 0.080
3964.90705 19.376 0.059
3970.83050 19.257 0.067
3981.90053 19.106 0.073
3990.88930 19.362 0.065
3998.89311 19.546 0.086
4003.70680 19.171 0.056
4005.88252 19.400 0.065
4006.72471 19.432 0.067
4008.74891 19.309 0.058
4013.74946 19.284 0.083
4018.88131 19.445 0.083
4024.74605 19.500 0.074
4026.81902 19.316 0.055
4029.76825 19.307 0.076
4032.79909 19.554 0.122
4038.75083 19.372 0.068
4041.71086 19.015 0.059
4043.71581 19.293 0.080
4049.67834 19.410 0.085
4052.73965 19.407 0.068
4054.72660 19.324 0.091
4056.78562 19.319 0.062
4058.83275 19.349 0.085
4063.71560 19.346 0.064
4065.83877 19.141 0.055
4067.68066 19.421 0.073
4070.70293 19.507 0.092
4074.77164 19.269 0.085
4077.81905 19.266 0.080
4080.69698 19.912 0.125
4084.62530 19.408 0.089
4086.78105 19.728 0.130
4093.82244 19.137 0.061
4105.84061 19.137 0.080
4111.75970 19.508 0.073
4117.70013 19.441 0.099
4121.67530 19.533 0.117
4124.75812 19.558 0.086
4142.73788 19.527 0.144
4156.57296 19.397 0.076
4168.53182 19.385 0.089
4198.48753 19.629 0.135
4343.82349 19.389 0.111
4347.89059 19.474 0.105
4353.82380 19.323 0.073
4358.77520 19.592 0.162
4363.81770 19.167 0.099
4367.77749 19.225 0.091
4370.81435 19.297 0.102
4373.81378 19.167 0.064
4377.83280 19.430 0.104
4380.87746 19.378 0.080
4386.82334 19.262 0.113
4390.78531 19.234 0.082
4394.80293 19.531 0.082
4399.75953 19.344 0.111
4407.72247 19.230 0.085
4412.74610 19.505 0.108
4418.83162 19.385 0.068
4422.72377 19.230 0.062
4427.69940 19.161 0.080
4430.70270 19.347 0.108
4433.72034 19.229 0.067
4436.80174 19.289 0.102
4440.66259 19.097 0.080
4443.75506 19.227 0.095
4449.71767 19.522 0.079
4451.75729 19.217 0.073
4452.73656 19.464 0.093
4455.72671 19.377 0.092
4457.75692 19.441 0.133
4459.72164 19.364 0.083
4462.69942 19.531 0.089
4464.76976 19.115 0.076
4467.74552 19.448 0.077
4471.77275 19.335 0.092
4476.68634 19.171 0.059
4480.78983 19.457 0.076
4483.77486 19.523 0.117
4483.80794 19.411 0.101
4486.80436 19.332 0.132
4492.66215 19.563 0.107
4497.69816 19.455 0.093
4499.69367 19.183 0.076
4502.70724 19.243 0.096
4507.71010 19.321 0.095
4509.66183 19.342 0.095
4517.68895 19.270 0.125
4521.65783 19.370 0.091
4523.64283 19.482 0.099
4525.60750 19.342 0.079
4531.58346 19.055 0.065
4533.58583 19.303 0.079
4537.63589 19.185 0.082
4539.55502 19.422 0.098
4541.63715 19.342 0.107
