2166.88865 19.139 0.062
2173.80914 18.759 0.045
2189.88054 18.906 0.066
2192.78377 19.005 0.048
2201.79658 19.170 0.048
2212.82828 19.273 0.081
2217.81307 19.076 0.077
2223.83293 18.744 0.045
2226.81291 19.058 0.058
2230.76343 19.289 0.068
2232.78322 18.637 0.048
2234.77739 18.886 0.043
2238.74107 19.129 0.060
2242.86317 19.084 0.110
2248.75076 19.228 0.059
2251.71271 18.828 0.047
2253.79680 19.136 0.052
2255.67175 19.142 0.066
2261.69199 19.163 0.060
2264.77306 19.256 0.059
2269.80646 19.120 0.060
2271.74901 19.234 0.065
2273.83893 18.512 0.045
2274.62180 19.071 0.083
2276.69492 18.683 0.045
2278.62922 18.847 0.050
2280.62740 19.036 0.058
2282.63596 19.236 0.079
2284.62722 19.398 0.108
2289.76961 19.242 0.075
2291.77772 18.552 0.047
2293.74349 18.871 0.058
2295.76537 19.098 0.053
2297.75866 19.112 0.069
2299.78784 18.490 0.043
2301.69333 18.513 0.057
2303.68950 18.890 0.077
2321.63932 18.862 0.052
2327.51782 19.207 0.091
2332.55070 18.944 0.078
2333.51476 19.115 0.087
2339.50290 18.686 0.069
2347.49761 18.575 0.057
2402.49139 19.060 0.088
2524.88734 19.082 0.074
2537.88729 18.843 0.072
2542.85050 19.181 0.063
2551.90047 18.684 0.088
2556.79023 19.047 0.060
2559.83839 19.233 0.074
2563.88367 18.921 0.065
2564.80639 18.873 0.052
2573.80883 19.052 0.070
2577.87275 18.546 0.053
2583.76855 19.078 0.069
2589.81065 18.881 0.047
2605.70019 19.222 0.069
2609.69091 18.964 0.066
2614.62344 19.289 0.071
2618.68342 18.979 0.051
2620.81147 19.273 0.057
2623.78234 18.800 0.046
2627.64760 19.017 0.090
2629.67113 19.215 0.075
2631.69107 18.884 0.063
2634.71870 18.987 0.050
2635.59129 18.821 0.040
2637.79036 19.292 0.079
2639.61624 19.192 0.047
2641.68123 18.669 0.041
2645.67994 19.152 0.050
2650.85258 19.139 0.058
2653.61922 18.941 0.059
2655.72869 19.306 0.077
2657.58519 19.252 0.072
2659.60020 18.597 0.043
2661.81816 19.099 0.071
2665.83715 18.846 0.074
2668.58623 18.640 0.051
2670.59225 18.924 0.058
2672.57810 19.072 0.077
2674.60022 19.226 0.067
2676.58667 18.466 0.035
2678.65475 18.951 0.051
2680.58515 19.163 0.077
2682.63349 19.269 0.082
2686.62804 18.911 0.067
2691.57325 19.203 0.098
2695.61037 18.960 0.062
2700.56359 19.196 0.072
2706.58326 19.248 0.105
2713.54724 19.091 0.092
2840.92597 18.654 0.054
2868.86577 18.871 0.054
2885.83074 18.810 0.041
2892.86036 18.544 0.050
2897.82970 18.959 0.078
2903.87549 18.968 0.043
2906.87867 19.144 0.051
2911.75850 18.673 0.036
2916.80255 19.177 0.051
2922.79248 19.188 0.092
2925.88099 18.428 0.038
2930.79361 19.075 0.056
2933.83796 19.240 0.054
2939.84630 19.170 0.070
2942.79284 19.189 0.053
2944.84030 18.744 0.047
2946.84223 19.022 0.056
2948.85865 19.164 0.060
2952.83276 18.675 0.042
2956.67205 18.785 0.042
2958.69873 19.011 0.055
2962.70961 18.456 0.033
2965.72869 18.968 0.041
2967.82751 19.256 0.052
2970.79361 18.662 0.031
2974.73140 19.065 0.048
2976.76613 19.237 0.060
2978.72993 18.841 0.051
2980.68622 18.525 0.036
2982.64566 18.836 0.052
2984.69621 19.145 0.058
2986.77431 18.493 0.035
2988.74360 18.767 0.050
2990.61581 18.662 0.040
2992.76518 19.167 0.053
2994.61260 19.263 0.065
2995.62217 19.152 0.041
2997.63116 18.490 0.030
2999.74932 19.140 0.062
3001.71892 19.230 0.060
3003.69386 19.246 0.064
3005.68696 18.556 0.050
3007.69885 18.966 0.053
3009.69571 19.041 0.060
3011.66874 19.107 0.079
3013.67199 18.790 0.045
3019.60999 19.134 0.055
3021.72912 18.458 0.032
3022.84083 19.000 0.050
3024.78944 19.160 0.054
3026.78662 19.211 0.052
3028.79883 18.469 0.030
3031.66233 18.543 0.029
3033.72629 19.013 0.039
3035.73262 19.171 0.056
3038.71102 18.498 0.036
3041.57914 18.573 0.054
3043.61459 19.018 0.069
3045.64819 19.134 0.066
3047.60229 19.127 0.067
3049.60790 18.544 0.029
3051.57517 18.796 0.044
3053.57030 18.998 0.050
3055.56942 19.096 0.059
3057.59427 18.571 0.040
3060.61674 18.958 0.050
3064.62105 19.294 0.085
3067.67806 19.045 0.056
3070.52640 19.038 0.072
3073.59305 19.432 0.113
3075.64228 18.857 0.052
3078.56235 18.984 0.077
3082.55177 19.247 0.079
3084.62780 18.797 0.039
3087.59034 19.090 0.062
3090.54635 19.036 0.077
3099.48890 19.125 0.071
3102.51527 18.651 0.050
3105.55432 19.201 0.098
3108.53273 19.312 0.076
3112.50291 18.898 0.065
3116.49138 19.231 0.082
3126.49707 19.402 0.080
3144.51243 18.576 0.052
3224.86977 18.859 0.055
3241.85376 18.930 0.076
3247.91754 18.599 0.040
3256.89608 18.613 0.039
3263.87103 19.285 0.048
3268.88653 19.054 0.051
3273.86187 18.597 0.048
3276.90202 19.012 0.069
3281.84119 19.238 0.044
3287.70275 18.959 0.050
3289.85490 19.313 0.074
3294.85296 19.036 0.042
3296.85814 19.263 0.056
3301.70916 18.548 0.051
3303.87813 19.029 0.070
3306.85280 19.295 0.072
3308.86962 18.660 0.043
3311.67996 18.686 0.046
3320.72274 18.844 0.039
3323.67889 19.194 0.065
3327.69179 18.491 0.033
3329.84237 19.191 0.051
3334.74834 18.651 0.053
3338.79844 19.166 0.053
3350.62475 19.173 0.053
3354.63047 18.622 0.040
3358.68392 19.167 0.066
3361.78421 18.874 0.043
3363.73915 18.969 0.055
3367.69295 19.100 0.063
3372.71142 18.955 0.042
3378.62408 19.298 0.070
3387.61042 19.188 0.063
3391.68699 19.001 0.057
3395.68304 18.438 0.043
3399.65650 19.064 0.064
3402.67600 19.236 0.056
3404.60657 19.130 0.053
3408.55717 18.837 0.043
3412.60265 19.406 0.075
3416.58609 18.891 0.045
3424.58915 18.803 0.058
3430.56349 19.188 0.067
3437.50168 19.183 0.085
3445.50187 19.372 0.108
3453.52817 19.226 0.088
3462.50339 19.172 0.075
3582.90995 19.072 0.066
3589.91672 18.998 0.047
3617.90221 19.301 0.068
3629.84189 18.912 0.056
3634.80730 19.070 0.052
3639.86019 18.701 0.030
3641.85111 19.159 0.065
3650.84645 19.003 0.041
3653.87433 19.188 0.052
3657.82498 18.784 0.039
3661.80832 19.128 0.071
3666.80548 18.791 0.051
3671.83341 19.234 0.058
3675.82152 18.905 0.044
3683.84426 18.916 0.043
3687.73696 19.129 0.050
3689.83542 18.474 0.034
3692.76131 18.849 0.052
3694.77625 19.032 0.051
3696.71872 19.180 0.051
3699.72128 18.994 0.043
3701.77238 18.803 0.039
3703.85954 19.163 0.067
3706.81013 18.776 0.039
3711.68382 18.852 0.044
3713.69750 19.125 0.050
3716.79667 18.634 0.039
3719.77758 19.115 0.082
3725.76925 18.651 0.043
3727.74403 18.856 0.040
3730.63931 19.105 0.038
3732.66384 19.169 0.048
3734.76183 18.711 0.031
3736.77819 18.985 0.050
3737.66678 18.974 0.038
3739.76582 19.239 0.053
3742.58874 19.244 0.097
3745.70024 18.864 0.038
3749.61263 19.165 0.086
3751.71678 18.524 0.036
3753.58836 18.510 0.041
3755.62591 18.992 0.058
3757.65877 19.298 0.065
3759.72298 18.477 0.030
3762.71130 18.940 0.045
3770.57136 18.454 0.030
3773.57872 19.032 0.056
3776.57778 19.123 0.053
3779.56776 18.589 0.048
3782.61749 19.149 0.060
3787.54232 18.946 0.047
3791.58956 19.227 0.064
3799.51408 18.900 0.072
3806.51907 18.753 0.069
3821.49199 19.210 0.062
3945.91657 18.935 0.041
3963.90110 19.113 0.091
3969.84336 18.494 0.042
3975.89335 19.363 0.077
3981.82263 18.950 0.060
3995.87308 18.807 0.050
4001.82623 19.162 0.050
4005.80407 18.817 0.036
4007.80818 19.143 0.058
4011.80145 19.301 0.086
4018.79979 19.119 0.060
4023.83190 18.999 0.046
4026.73831 19.175 0.057
4028.87451 18.506 0.031
4031.76217 18.740 0.042
4037.87134 18.681 0.041
4040.83828 19.029 0.058
4042.85394 19.049 0.060
4048.81857 18.974 0.057
4052.66070 19.027 0.047
4053.85832 18.521 0.032
4056.70234 18.364 0.042
4058.64328 18.610 0.042
4063.63733 19.213 0.058
4066.63514 18.526 0.044
4069.70075 19.167 0.054
4071.62934 19.247 0.071
4076.70162 18.945 0.063
4079.71431 18.916 0.060
4083.63122 18.470 0.040
4085.64719 19.057 0.059
4092.81384 19.087 0.047
4098.60126 19.019 0.071
4106.82122 18.708 0.057
4112.68532 19.145 0.046
4117.67418 18.664 0.036
4121.65020 18.997 0.058
4124.73302 18.638 0.038
4129.74558 19.067 0.058
4142.60456 19.067 0.064
4150.58734 19.234 0.048
4154.59929 18.891 0.069
4166.53511 19.102 0.089
4196.48456 18.471 0.044
4341.85620 18.997 0.081
4347.80387 19.176 0.072
4351.85329 18.667 0.041
4363.79312 18.959 0.075
4366.84368 19.232 0.092
4369.88166 18.858 0.053
4372.78711 19.023 0.050
4376.87755 18.629 0.044
4379.88396 19.009 0.059
4383.88813 18.770 0.052
4386.74509 18.450 0.033
4388.88306 19.075 0.080
4393.75606 19.295 0.068
4398.83232 19.155 0.063
4403.83874 18.774 0.056
4411.76770 18.464 0.031
4411.82941 18.648 0.039
4418.71857 19.123 0.044
4422.81515 19.017 0.047
4425.85787 19.264 0.076
4429.74638 18.581 0.068
4432.68332 18.885 0.047
4436.72270 19.366 0.078
4439.78845 18.984 0.072
4443.65813 19.075 0.067
4448.81209 19.107 0.054
4451.65233 19.064 0.058
4455.65113 18.991 0.063
4457.70663 18.884 0.056
4460.72046 19.041 0.076
4464.69937 18.645 0.035
4467.69190 19.041 0.042
4471.69361 19.215 0.056
4476.66064 19.079 0.050
4480.66042 19.235 0.080
4484.73944 19.188 0.080
4488.66193 19.255 0.094
4493.66408 19.141 0.072
4498.64284 18.420 0.029
4501.63590 19.039 0.058
4506.57398 19.203 0.085
4508.58398 18.484 0.039
4510.66271 19.178 0.067
4516.61245 18.479 0.051
4519.67686 19.098 0.079
4521.52762 19.074 0.069
4524.51280 19.029 0.087
4530.59224 19.167 0.076
4532.62051 18.754 0.046
4537.58213 19.069 0.067
4540.62945 19.233 0.093
