2167.89016 19.192 0.066
2186.86417 19.061 0.080
2193.81312 19.173 0.047
2202.81248 19.150 0.053
2214.86016 19.160 0.076
2215.76568 19.029 0.063
2224.81381 19.110 0.054
2227.72465 19.101 0.055
2229.73039 19.234 0.074
2231.69865 19.152 0.057
2233.66693 19.080 0.051
2237.58633 18.943 0.081
2239.64734 19.131 0.064
2241.73901 19.383 0.063
2243.80402 19.172 0.058
2248.66310 19.156 0.054
2250.75109 19.196 0.066
2252.72434 19.134 0.049
2254.71540 19.092 0.043
2257.71943 19.217 0.051
2260.73781 19.185 0.050
2265.77373 19.013 0.054
2266.74477 19.178 0.051
2270.79036 19.227 0.049
2272.63991 19.034 0.054
2274.76726 19.043 0.063
2278.78203 19.240 0.080
2280.76477 19.002 0.043
2282.76201 19.124 0.051
2284.78337 19.112 0.045
2289.82446 19.143 0.048
2291.81050 19.131 0.058
2293.77939 19.181 0.076
2295.80327 19.226 0.052
2297.78931 19.102 0.054
2300.81433 19.222 0.091
2302.77559 19.022 0.063
2315.69933 19.175 0.058
2324.56066 19.014 0.047
2328.54624 19.272 0.075
2334.53944 19.220 0.069
2340.53608 19.286 0.072
2347.53338 19.207 0.065
2373.48854 19.115 0.085
2385.55166 19.110 0.080
2534.88427 19.136 0.072
2539.89145 19.067 0.059
2545.85991 19.030 0.062
2553.75148 19.283 0.091
2557.81951 19.154 0.068
2560.81400 18.997 0.046
2561.81756 19.174 0.063
2565.82026 19.189 0.074
2574.78249 19.171 0.057
2578.83888 19.145 0.057
2584.73468 19.009 0.063
2590.81107 19.193 0.061
2596.81749 19.148 0.075
2606.71402 19.218 0.057
2609.82257 19.097 0.078
2610.62116 19.113 0.063
2610.72605 19.218 0.098
2610.83327 19.168 0.079
2611.63346 19.015 0.068
2611.70068 19.027 0.076
2613.61471 19.065 0.066
2613.69250 19.308 0.106
2614.66268 19.257 0.072
2614.74398 19.181 0.062
2614.83763 19.367 0.061
2615.64676 19.155 0.079
2615.76887 19.079 0.046
2615.82655 19.290 0.057
2617.63408 19.104 0.077
2617.72983 19.149 0.068
2617.83829 19.422 0.096
2618.65059 19.281 0.069
2618.74558 19.022 0.055
2619.60872 19.091 0.051
2619.71547 19.191 0.046
2619.83984 19.026 0.058
2620.63861 19.050 0.046
2620.72385 19.100 0.048
2620.84054 19.190 0.059
2621.67058 19.304 0.048
2621.74833 19.036 0.052
2621.84150 19.104 0.046
2622.63861 19.021 0.063
2622.72005 19.404 0.075
2622.83996 19.036 0.051
2623.63736 19.050 0.061
2623.72542 19.102 0.055
2623.83674 19.312 0.058
2624.66792 19.200 0.061
2624.73905 18.980 0.046
2624.83380 19.178 0.053
2625.65292 19.133 0.055
2625.70482 19.227 0.055
2625.81495 19.042 0.045
2626.62176 19.099 0.063
2627.72951 19.018 0.080
2627.78227 19.030 0.071
2627.80339 19.024 0.075
2628.64633 19.222 0.070
2628.72333 19.218 0.066
2628.79054 19.029 0.059
2629.64202 19.099 0.062
2629.75036 19.109 0.061
2629.80905 19.254 0.065
2629.83012 19.068 0.058
2630.62988 19.214 0.077
2630.70945 19.158 0.059
2630.78975 19.054 0.073
2631.64139 19.300 0.077
2631.72418 19.266 0.096
2632.59736 19.199 0.051
2632.70316 19.206 0.051
2632.72412 19.176 0.049
2632.80466 19.216 0.051
2634.59614 19.136 0.051
2634.68618 19.166 0.046
2634.81938 19.065 0.053
2635.64639 19.092 0.048
2635.72369 19.128 0.045
2635.80371 19.181 0.054
2635.82662 19.146 0.059
2636.67420 19.179 0.050
2636.75460 19.132 0.064
2636.83432 19.068 0.058
2637.63627 19.194 0.049
2637.71486 19.215 0.053
2637.81797 19.056 0.046
2638.61755 19.034 0.047
2638.71845 19.305 0.063
2638.81793 19.261 0.073
2639.59063 19.232 0.048
2639.82697 19.185 0.042
2640.59959 19.169 0.053
2640.74158 19.137 0.053
2641.59972 19.058 0.046
2641.73607 19.335 0.063
2641.76505 19.212 0.053
2641.84690 19.123 0.053
2642.59781 19.380 0.073
2642.69964 19.024 0.057
2643.60474 19.148 0.054
2643.74835 19.090 0.051
2644.58739 19.106 0.050
2644.69787 19.293 0.060
2645.59791 19.221 0.054
2645.73963 19.167 0.057
2645.76699 19.147 0.051
2645.84601 19.177 0.062
2646.60839 19.154 0.059
2646.73225 19.086 0.046
2647.60731 19.052 0.047
2647.69601 19.262 0.059
2647.71708 19.168 0.053
2649.60447 19.232 0.054
2650.62463 19.060 0.046
2650.68614 19.195 0.061
2650.79596 19.058 0.051
2651.62062 19.215 0.073
2651.71134 19.060 0.046
2652.58722 19.274 0.059
2652.66615 19.090 0.057
2652.76369 19.024 0.053
2653.59497 19.030 0.050
2653.64984 19.209 0.065
2653.76396 19.213 0.062
2654.61293 19.313 0.072
2654.69073 19.100 0.062
2654.83134 19.150 0.050
2655.59936 19.228 0.069
2655.70160 19.149 0.054
2655.79833 19.019 0.051
2656.61077 19.144 0.064
2656.75584 19.200 0.069
2656.85706 19.043 0.061
2657.61318 19.132 0.056
2657.64134 19.072 0.055
2657.84974 19.266 0.093
2658.57475 19.243 0.081
2658.67422 19.243 0.066
2658.75521 19.108 0.093
2659.63191 19.056 0.055
2659.76792 19.261 0.103
2659.79513 19.097 0.078
2659.85952 19.099 0.086
2660.58743 19.271 0.080
2660.70159 18.950 0.048
2660.72824 19.127 0.058
2661.59250 19.203 0.038
2661.64630 19.194 0.040
2661.84547 19.045 0.057
2662.63121 19.120 0.048
2662.71138 19.208 0.068
2662.76683 19.289 0.109
2663.64582 18.989 0.050
2663.73328 19.158 0.084
2664.69351 19.064 0.077
2664.72679 19.137 0.092
2664.83143 19.312 0.105
2665.67636 19.128 0.042
2665.81338 19.085 0.059
2666.63381 19.104 0.046
2666.75345 19.117 0.045
2666.78065 19.124 0.049
2667.67059 19.171 0.048
2667.82141 19.107 0.078
2668.74425 19.120 0.061
2668.77219 19.006 0.056
2669.58451 19.023 0.049
2671.68053 19.092 0.053
2671.84861 19.218 0.094
2672.65768 19.123 0.084
2672.75611 19.223 0.054
2673.69403 19.073 0.072
2673.75383 19.228 0.081
2673.80137 19.084 0.065
2674.66260 19.200 0.056
2674.78464 19.020 0.051
2675.63728 19.092 0.054
2675.74812 19.182 0.044
2675.79925 19.177 0.053
2676.64308 19.149 0.054
2676.72812 19.166 0.078
2677.64303 19.096 0.064
2677.69998 19.302 0.089
2677.78625 18.973 0.063
2678.62112 19.019 0.049
2678.75280 19.096 0.055
2679.64162 19.343 0.091
2679.77754 19.008 0.052
2679.80489 19.097 0.063
2680.76358 19.192 0.049
2681.60079 19.049 0.060
2681.71224 19.043 0.056
2682.57819 19.286 0.076
2683.61333 19.236 0.077
2687.62597 19.102 0.076
2692.56880 19.060 0.060
2696.61614 19.028 0.054
2702.51400 19.220 0.093
2708.53787 19.082 0.075
2724.51254 19.183 0.061
2871.90126 19.163 0.069
2884.86367 19.155 0.059
2890.88567 19.129 0.092
2896.83838 19.266 0.069
2902.77302 19.152 0.046
2907.83377 19.066 0.045
2911.88157 19.130 0.038
2917.78512 19.165 0.054
2923.78450 19.114 0.054
2926.84036 19.037 0.046
2931.76886 19.104 0.042
2934.80927 19.198 0.054
2940.78969 19.138 0.050
2943.79386 19.211 0.054
2947.80243 19.016 0.042
2950.71637 19.114 0.059
2954.73964 19.243 0.072
2956.78522 19.083 0.048
2958.82982 19.350 0.097
2962.82403 19.137 0.052
2964.84248 19.124 0.046
2967.77302 19.192 0.061
2970.82699 19.198 0.045
2974.76500 19.092 0.043
2976.65449 19.105 0.054
2979.63789 19.020 0.054
2981.65928 19.129 0.101
2983.76605 19.254 0.069
2985.81378 19.113 0.050
2987.71252 19.042 0.053
2989.65522 19.068 0.037
2991.72312 19.105 0.042
2993.73518 19.208 0.061
2995.80876 19.172 0.049
2997.77929 19.223 0.053
2998.72684 19.132 0.051
3000.72935 19.250 0.049
3002.71671 19.142 0.056
3004.72017 19.043 0.040
3006.71307 19.245 0.047
3008.72752 18.997 0.046
3010.77397 19.162 0.062
3011.79032 19.137 0.070
3016.72396 19.113 0.050
3018.75434 19.180 0.054
3020.81811 19.047 0.066
3021.84303 18.949 0.049
3023.70403 19.027 0.041
3025.67566 19.167 0.036
3027.72108 19.219 0.044
3029.70596 19.051 0.043
3031.77631 19.174 0.056
3034.60766 19.118 0.038
3036.63802 19.261 0.048
3039.57992 19.131 0.052
3042.68745 19.303 0.074
3044.62686 18.993 0.055
3046.61284 19.125 0.054
3047.71518 19.243 0.077
3048.64630 19.195 0.047
3049.66982 19.138 0.038
3051.63917 19.260 0.064
3053.61435 19.086 0.043
3055.63142 19.240 0.061
3057.65655 19.147 0.054
3059.60118 19.129 0.041
3061.59349 19.145 0.057
3066.56303 19.301 0.092
3070.66125 19.230 0.075
3073.67948 19.099 0.066
3076.60326 19.206 0.071
3078.68980 19.053 0.063
3082.67152 19.226 0.046
3085.57205 19.099 0.054
3088.53231 19.243 0.076
3091.51464 19.159 0.068
3096.56369 19.194 0.085
3099.63137 18.966 0.085
3103.51291 19.095 0.052
3106.53419 19.124 0.054
3109.51976 19.146 0.052
3112.57160 18.989 0.051
3116.55328 19.119 0.062
3127.55043 19.230 0.059
3133.51088 19.230 0.077
3223.90921 19.240 0.079
3242.86011 19.173 0.058
3248.91407 19.285 0.066
3258.89485 19.003 0.046
3264.86111 19.091 0.038
3271.80888 19.208 0.071
3274.81287 18.974 0.055
3278.88588 19.252 0.064
3282.77810 19.039 0.046
3287.81703 19.235 0.040
3291.75431 19.244 0.060
3295.77481 19.350 0.042
3299.83499 19.190 0.032
3301.82835 19.022 0.055
3305.73736 19.087 0.047
3309.79863 19.176 0.044
3311.79225 19.158 0.046
3320.85570 18.988 0.039
3327.80814 19.288 0.053
3330.78419 19.181 0.061
3336.63660 19.053 0.057
3339.81508 19.143 0.060
3353.80879 19.206 0.047
3357.74947 19.194 0.051
3360.72620 19.195 0.042
3365.84563 19.070 0.055
3373.80969 19.187 0.077
3378.73649 19.163 0.053
3394.61962 19.063 0.070
3399.77334 19.049 0.064
3403.76041 19.142 0.050
3408.68359 19.234 0.048
3413.52988 19.255 0.058
3417.62377 19.155 0.052
3427.55977 19.027 0.051
3434.51158 19.380 0.066
3440.52129 19.120 0.047
3447.50490 19.130 0.071
3456.53048 19.472 0.090
3469.48533 19.113 0.053
3478.47780 19.174 0.064
3601.88826 19.190 0.063
3619.89104 19.288 0.052
3630.77242 19.292 0.091
3640.77981 19.251 0.050
3651.81371 19.249 0.049
3654.85992 19.081 0.038
3658.82360 19.141 0.053
3661.86934 19.016 0.061
3665.84254 19.092 0.057
3670.81217 18.986 0.046
3673.82243 19.003 0.035
3676.82260 19.080 0.043
3685.76197 19.161 0.042
3687.84870 19.299 0.047
3690.77062 19.091 0.057
3693.80629 19.133 0.047
3695.83738 19.061 0.042
3698.82703 19.195 0.053
3701.69601 19.108 0.045
3703.77977 18.936 0.032
3705.84397 19.244 0.043
3708.83172 19.323 0.070
3712.78925 19.049 0.038
3715.75492 19.044 0.046
3718.69074 19.140 0.059
3720.84051 19.112 0.054
3724.75813 19.016 0.042
3728.73617 19.096 0.040
3731.79926 19.113 0.041
3733.65984 19.121 0.038
3735.64982 19.123 0.033
3737.80836 19.100 0.032
3740.77169 19.148 0.046
3742.78224 19.224 0.084
3745.81427 19.227 0.059
3749.76430 19.147 0.077
3751.77814 19.132 0.061
3753.72753 19.151 0.051
3755.72761 19.222 0.068
3757.71734 19.062 0.038
3759.80765 19.250 0.050
3763.67963 19.107 0.031
3766.69624 19.023 0.045
3770.72376 19.010 0.046
3773.75503 19.081 0.060
3776.72939 18.974 0.056
3783.59663 19.170 0.046
3788.57083 19.221 0.045
3793.57634 19.176 0.051
3801.51212 19.055 0.046
3810.54696 19.348 0.071
3826.48780 18.988 0.050
3958.87792 19.388 0.101
3965.84777 19.070 0.038
3970.86785 19.227 0.049
3982.81865 19.102 0.054
3999.86286 19.110 0.044
4003.73880 19.149 0.038
4006.75998 19.179 0.040
4008.78087 19.098 0.035
4013.79249 19.179 0.069
4019.79367 19.077 0.041
4024.78673 19.218 0.048
4026.85570 19.006 0.046
4029.80006 19.094 0.045
4032.83667 19.249 0.075
4038.78273 19.006 0.044
4041.74263 19.104 0.047
4043.74766 19.123 0.054
4049.71091 19.133 0.046
4052.77226 19.156 0.043
4054.75841 19.249 0.052
4056.81755 19.015 0.036
4064.77995 19.279 0.040
4066.77994 19.119 0.053
4069.73300 19.099 0.048
4071.66097 19.061 0.054
4076.73317 19.283 0.065
4079.77467 19.156 0.060
4082.81627 19.295 0.061
4084.78783 18.940 0.046
4103.63744 19.191 0.054
4106.56929 18.980 0.049
4111.79162 19.119 0.043
4117.73223 19.012 0.047
4121.71017 19.295 0.079
4127.66081 19.211 0.038
4132.74975 19.343 0.079
4143.53695 18.995 0.045
4157.52919 19.111 0.061
4168.56990 19.050 0.040
4198.52248 19.224 0.085
4343.85542 18.987 0.060
4348.82431 19.215 0.055
4353.85570 19.136 0.050
4358.80774 18.965 0.072
4364.89411 19.189 0.069
4367.86794 19.137 0.049
4370.88960 19.178 0.069
4373.84563 19.146 0.050
4377.89752 19.089 0.098
4378.74906 19.069 0.057
4381.73725 19.072 0.068
4386.85513 18.987 0.050
4390.81712 19.210 0.053
4394.86371 19.225 0.048
4399.79143 19.043 0.068
4407.82072 19.123 0.082
4412.77885 19.135 0.055
4418.86455 19.414 0.100
4423.72921 19.215 0.052
4427.73130 19.062 0.050
4430.73461 19.151 0.079
4433.75213 19.225 0.067
4436.84687 19.213 0.085
4440.69435 19.051 0.052
4443.78683 19.243 0.074
4449.75777 19.079 0.052
4451.79336 19.193 0.057
4455.75876 18.999 0.063
4457.78999 19.100 0.077
4459.75721 19.104 0.055
4463.75394 19.354 0.054
4465.77070 19.055 0.043
4468.73496 18.970 0.041
4470.69049 19.068 0.053
4473.73364 19.172 0.072
4476.75458 19.168 0.046
4482.79545 19.348 0.080
4485.78580 19.206 0.077
4490.63303 19.215 0.064
4494.69909 19.132 0.063
4498.72371 19.121 0.047
4501.72105 19.154 0.064
4506.65504 19.087 0.066
4508.68191 19.322 0.069
4509.74602 19.271 0.061
4512.71530 19.120 0.056
4518.65550 19.133 0.082
4521.69601 19.092 0.059
4523.67505 19.174 0.070
4525.63967 19.078 0.055
4531.62338 19.047 0.049
4534.55223 19.090 0.060
4537.66804 19.036 0.054
4539.58728 19.205 0.066
4542.50467 19.190 0.089
