2187.77900 18.608 0.075
2187.78267 18.767 0.055
2190.87843 18.434 0.036
2193.84740 18.568 0.038
2193.85074 18.560 0.026
2202.84714 18.485 0.039
2202.85047 18.512 0.030
2215.79991 18.724 0.058
2215.80323 18.590 0.038
2222.79976 18.524 0.047
2222.80305 18.542 0.036
2224.84735 18.871 0.072
2224.85068 18.761 0.047
2227.75822 18.432 0.041
2227.76153 18.354 0.030
2229.76396 18.680 0.057
2231.73249 18.674 0.051
2231.73578 18.696 0.040
2233.70069 18.675 0.046
2233.70398 18.610 0.034
2237.61991 18.385 0.061
2237.62321 18.386 0.040
2239.68096 18.359 0.039
2239.68425 18.424 0.033
2241.77258 18.454 0.039
2243.84287 18.375 0.044
2243.84616 18.385 0.038
2248.70239 18.285 0.033
2248.70567 18.336 0.024
2250.73386 18.392 0.060
2250.73716 18.416 0.029
2252.83093 18.500 0.051
2252.83423 18.404 0.036
2254.74894 18.696 0.040
2254.75595 18.659 0.034
2257.76644 18.395 0.031
2257.77354 18.377 0.024
2260.77934 18.530 0.039
2265.71447 18.620 0.042
2265.71774 18.625 0.030
2266.79444 18.361 0.041
2266.79774 18.411 0.033
2270.82595 18.718 0.050
2270.82924 18.683 0.035
2272.67812 18.582 0.051
2272.68141 18.606 0.039
2274.80444 18.601 0.051
2274.80772 18.589 0.044
2276.85980 18.586 0.047
2276.86308 18.535 0.041
2278.81881 18.513 0.050
2278.82209 18.476 0.040
2280.79851 18.428 0.044
2280.80180 18.362 0.035
2282.80233 18.493 0.046
2282.80562 18.481 0.036
2290.70255 18.457 0.045
2290.71056 18.531 0.040
2293.81985 18.594 0.056
2295.84370 18.657 0.036
2297.82721 18.639 0.041
2297.83050 18.629 0.038
2299.84362 18.531 0.054
2299.84692 18.544 0.042
2301.73776 18.409 0.046
2301.74105 18.460 0.042
2302.81294 18.738 0.091
2302.81624 18.661 0.061
2303.73573 18.443 0.049
2303.73904 18.458 0.042
2321.70610 18.668 0.061
2321.70976 18.616 0.044
2328.58312 18.627 0.062
2328.58678 18.657 0.041
2334.58123 18.395 0.047
2334.58488 18.416 0.035
2340.57289 18.699 0.055
2340.57659 18.725 0.042
2346.51357 18.460 0.065
2346.51724 18.484 0.040
2360.50854 18.563 0.065
2360.51223 18.547 0.044
2391.50957 18.770 0.084
2391.51329 18.724 0.054
2540.88719 18.800 0.072
2540.89092 18.723 0.054
2548.82415 18.448 0.050
2548.82784 18.482 0.034
2553.79082 18.522 0.061
2557.85622 18.445 0.050
2561.85426 18.650 0.055
2561.85793 18.631 0.039
2565.86242 18.568 0.058
2574.83381 18.632 0.054
2579.74272 18.573 0.056
2579.74656 18.681 0.054
2586.77476 18.685 0.050
2590.84806 18.556 0.045
2590.85170 18.580 0.035
2596.85509 18.369 0.042
2606.75136 18.486 0.041
2610.65337 18.781 0.076
2614.82222 18.807 0.056
2614.82583 18.779 0.042
2619.69886 18.792 0.060
2621.82613 18.799 0.055
2621.82970 18.726 0.034
2624.72330 18.362 0.041
2627.84579 18.616 0.073
2630.61548 18.603 0.060
2630.61879 18.519 0.046
2632.76636 18.706 0.052
2636.71622 18.401 0.041
2636.71953 18.426 0.033
2638.76050 18.359 0.044
2638.78256 18.429 0.039
2641.80885 18.661 0.055
2641.81213 18.599 0.039
2643.80344 18.517 0.049
2645.80401 18.444 0.075
2645.81134 18.493 0.033
2649.67683 18.727 0.054
2649.68043 18.736 0.038
2651.75658 18.745 0.057
2651.76015 18.712 0.044
2653.75331 18.614 0.055
2653.75661 18.685 0.046
2655.78779 18.636 0.057
2655.79108 18.567 0.040
2657.77996 18.549 0.054
2659.83294 18.483 0.071
2659.83624 18.647 0.068
2661.63405 18.667 0.041
2661.63735 18.613 0.029
2666.62034 18.390 0.028
2668.84537 18.523 0.052
2668.84868 18.558 0.047
2673.79082 18.563 0.052
2673.79411 18.502 0.039
2676.77114 18.708 0.072
2676.77444 18.615 0.050
2678.81707 18.626 0.041
2678.82038 18.598 0.033
2680.71741 18.526 0.035
2684.58867 18.727 0.057
2684.59229 18.858 0.047
2688.56596 18.687 0.050
2692.53682 18.510 0.056
2697.55176 18.535 0.046
2702.55336 18.661 0.071
2702.55697 18.620 0.052
2709.50409 18.589 0.060
2709.50771 18.605 0.042
2725.51274 18.576 0.055
2725.51637 18.540 0.041
2875.88145 18.418 0.047
2875.88510 18.429 0.041
2884.90347 18.656 0.051
2884.90712 18.554 0.038
2892.91231 18.603 0.086
2892.91592 18.533 0.078
2896.87829 18.388 0.042
2896.88192 18.397 0.036
2902.80928 18.668 0.039
2902.81291 18.671 0.034
2917.82140 18.405 0.038
2917.82499 18.373 0.031
2923.82409 18.682 0.055
2923.82770 18.649 0.044
2926.87652 18.394 0.038
2926.88011 18.360 0.029
2931.80523 18.402 0.039
2931.80882 18.407 0.033
2934.84541 18.581 0.051
2934.84903 18.609 0.039
2940.82567 18.364 0.034
2940.82925 18.371 0.028
2943.83047 18.523 0.036
2943.83407 18.557 0.029
2947.83864 18.380 0.041
2947.84221 18.427 0.033
2950.75500 18.472 0.044
2950.75862 18.502 0.036
2954.78093 18.410 0.044
2954.78449 18.419 0.044
2956.82117 18.391 0.039
2956.82476 18.443 0.030
2958.86568 18.567 0.071
2958.86926 18.599 0.072
2963.75709 18.585 0.058
2966.77734 18.469 0.031
2966.79271 18.488 0.024
2968.74601 18.332 0.033
2971.80801 18.636 0.049
2971.81159 18.631 0.040
2974.83105 18.650 0.063
2974.83463 18.710 0.031
2976.69102 18.574 0.041
2979.67488 18.713 0.052
2979.67846 18.730 0.049
2981.69546 18.782 0.094
2983.82734 18.609 0.056
2983.83090 18.632 0.040
2985.79440 18.629 0.042
2985.79795 18.609 0.034
2987.75094 18.574 0.041
2987.75450 18.526 0.034
2989.69112 18.409 0.035
2989.69469 18.404 0.028
2991.76499 18.403 0.041
2991.76854 18.398 0.031
2993.77114 18.486 0.039
2993.77472 18.493 0.031
2995.84640 18.557 0.044
2995.84997 18.519 0.031
2997.81757 18.733 0.051
2997.82113 18.783 0.044
2998.76297 18.362 0.039
2998.76655 18.425 0.031
3000.77157 18.449 0.042
3000.77512 18.461 0.033
3002.76310 18.829 0.052
3002.76667 18.736 0.035
3004.75604 18.673 0.046
3004.75960 18.650 0.034
3006.74925 18.579 0.040
3006.75281 18.669 0.035
3010.80996 18.551 0.042
3010.81354 18.566 0.034
3012.81549 18.517 0.087
3016.75996 18.615 0.045
3016.76351 18.668 0.040
3018.79061 18.857 0.065
3018.79418 18.849 0.044
3020.85424 18.716 0.062
3021.87914 18.409 0.062
3022.63587 18.492 0.029
3023.74049 18.634 0.041
3023.74405 18.670 0.036
3025.74368 18.715 0.039
3025.74725 18.761 0.031
3027.76225 18.662 0.051
3027.76581 18.720 0.041
3029.74665 18.644 0.047
3029.75024 18.616 0.035
3031.81866 18.635 0.051
3031.82221 18.580 0.038
3034.64376 18.613 0.034
3034.64732 18.622 0.025
3036.67400 18.550 0.044
3036.67756 18.576 0.035
3039.61603 18.736 0.051
3039.61960 18.742 0.044
3041.69887 18.567 0.070
3041.70246 18.635 0.045
3042.72393 18.385 0.050
3042.72752 18.405 0.036
3044.66299 18.687 0.057
3044.66657 18.754 0.046
3046.64915 18.672 0.056
3046.65273 18.764 0.044
3048.68233 18.656 0.045
3048.68593 18.570 0.029
3050.67910 18.612 0.040
3050.68269 18.590 0.030
3052.67556 18.498 0.036
3052.67916 18.547 0.026
3054.68110 18.451 0.055
3054.68468 18.445 0.038
3056.66890 18.442 0.039
3056.67249 18.380 0.026
3058.66218 18.547 0.040
3058.66580 18.537 0.033
3060.71165 18.742 0.047
3060.71525 18.707 0.038
3066.59937 18.511 0.057
3066.60298 18.513 0.041
3068.62760 18.453 0.047
3068.63121 18.461 0.035
3071.52589 18.609 0.050
3071.52952 18.527 0.038
3074.52556 18.568 0.049
3074.52918 18.598 0.044
3076.64466 18.543 0.080
3076.64827 18.744 0.061
3079.64201 18.353 0.034
3079.64563 18.357 0.026
3083.50912 18.656 0.046
3083.51273 18.636 0.036
3085.61289 18.643 0.044
3085.61653 18.675 0.034
3088.56908 18.808 0.072
3088.57272 18.753 0.049
3091.57343 18.361 0.042
3091.57705 18.484 0.035
3097.49413 18.633 0.060
3100.53162 18.637 0.075
3100.53527 18.438 0.045
3103.53928 18.429 0.042
3103.54290 18.471 0.034
3106.57167 18.657 0.045
3106.57531 18.624 0.035
3109.55621 18.650 0.045
3109.55986 18.641 0.038
3113.57378 18.716 0.067
3113.57745 18.678 0.049
3127.53171 18.682 0.047
3127.53536 18.650 0.036
3133.54740 18.480 0.052
3133.55106 18.484 0.040
3230.92207 18.920 0.057
3230.92572 18.604 0.042
3242.89642 18.311 0.040
3242.90004 18.328 0.034
3249.86338 18.377 0.041
3249.86701 18.369 0.035
3260.85531 18.728 0.052
3260.85892 18.736 0.039
3264.89724 18.581 0.034
3271.84566 18.565 0.045
3271.84927 18.573 0.038
3274.84896 18.741 0.057
3274.85258 18.850 0.052
3279.80257 18.686 0.054
3279.80617 18.664 0.044
3282.86817 18.516 0.038
3282.87177 18.461 0.026
3295.81155 18.799 0.039
3295.81513 18.891 0.033
3297.80298 18.686 0.034
3297.80658 18.708 0.026
3301.88237 18.552 0.077
3302.66515 18.786 0.063
3305.77326 18.436 0.039
3305.77686 18.442 0.030
3309.83454 18.540 0.040
3309.83812 18.452 0.028
3315.86755 18.717 0.066
3315.87114 18.708 0.061
3321.73461 18.325 0.031
3321.73819 18.416 0.031
3324.84252 18.632 0.042
3327.84877 18.700 0.046
3327.85234 18.768 0.038
3333.83234 18.535 0.052
3333.83592 18.519 0.041
3336.67430 18.511 0.047
3339.85620 18.428 0.051
3339.85973 18.469 0.044
3353.75778 18.602 0.039
3353.76133 18.627 0.031
3357.78539 18.712 0.045
3357.78897 18.649 0.031
3360.76326 18.437 0.034
3360.76682 18.482 0.024
3363.83782 18.577 0.065
3363.84140 18.575 0.033
3370.79509 18.527 0.049
3370.79863 18.527 0.034
3376.74718 18.764 0.050
3376.75073 18.755 0.039
3378.77232 18.654 0.057
3378.77588 18.743 0.038
3394.66123 18.599 0.045
3394.66480 18.643 0.035
3396.68225 18.591 0.049
3396.68582 18.608 0.035
3399.81305 18.553 0.054
3402.71951 18.379 0.031
3402.72311 18.414 0.026
3404.65108 18.777 0.051
3404.65468 18.840 0.051
3409.56790 18.654 0.042
3413.61112 18.720 0.044
3413.61467 18.670 0.035
3418.56307 18.743 0.054
3418.56662 18.736 0.041
3426.55458 18.454 0.040
3426.56355 18.474 0.029
3432.54047 18.829 0.046
3432.54405 18.752 0.034
3439.51655 18.707 0.057
3439.52015 18.779 0.046
3447.54204 18.495 0.058
3447.54562 18.544 0.040
3457.52261 18.547 0.047
3603.87300 18.667 0.050
3603.87662 18.514 0.034
3620.90929 18.801 0.042
3620.91290 18.726 0.034
3630.82035 18.428 0.063
3630.82395 18.424 0.041
3637.76285 18.408 0.050
3637.76644 18.528 0.045
3640.81692 18.601 0.038
3640.82051 18.522 0.028
3651.84936 18.375 0.035
3651.85294 18.495 0.033
3655.76567 18.704 0.040
3655.76923 18.703 0.033
3658.86156 18.570 0.051
3660.86245 18.360 0.035
3664.86848 18.712 0.040
3664.87204 18.734 0.033
3668.85233 18.736 0.058
3668.85589 18.553 0.040
3672.84101 18.445 0.042
3672.84457 18.465 0.029
3685.79761 18.767 0.049
3685.80115 18.696 0.030
3688.73176 18.333 0.031
3690.80654 18.392 0.039
3693.70819 18.377 0.038
3693.71177 18.408 0.033
3696.75061 18.670 0.038
3696.75415 18.602 0.028
3699.76356 18.823 0.041
3701.81671 18.719 0.046
3701.82025 18.747 0.040
3703.81537 18.698 0.038
3703.81889 18.572 0.028
3706.69095 18.806 0.038
3706.69448 18.737 0.030
3711.72617 18.441 0.035
3711.72968 18.417 0.028
3713.81406 18.510 0.040
3715.79054 18.801 0.046
3715.79404 18.724 0.034
3718.75945 18.339 0.035
3722.65438 18.694 0.044
3726.73656 18.588 0.050
3728.79884 18.652 0.041
3728.80239 18.606 0.033
3730.76862 18.478 0.035
3730.77215 18.493 0.029
3732.84412 18.503 0.039
3732.84766 18.457 0.028
3734.83698 18.440 0.034
3734.84051 18.427 0.029
3735.68534 18.433 0.030
3737.84390 18.599 0.034
3737.84743 18.580 0.026
3739.86255 18.484 0.038
3739.86611 18.529 0.038
3741.61625 18.799 0.050
3741.61979 18.719 0.040
3743.77279 18.727 0.057
3743.77632 18.602 0.042
3746.81518 18.588 0.041
3746.81869 18.494 0.031
3748.79390 18.472 0.058
3748.79744 18.318 0.042
3750.80870 18.462 0.055
3750.81224 18.350 0.040
3753.68176 18.363 0.034
3753.68529 18.410 0.026
3755.76338 18.378 0.041
3755.76690 18.440 0.035
3757.78282 18.398 0.029
3757.78637 18.423 0.026
3760.76247 18.519 0.046
3760.76603 18.483 0.036
3763.71543 18.571 0.028
3766.73219 18.823 0.058
3766.73573 18.845 0.051
3770.75965 18.708 0.061
3770.76320 18.580 0.047
3774.63310 18.447 0.044
3774.63667 18.535 0.042
3777.59162 18.546 0.042
3781.75826 18.617 0.049
3781.76233 18.477 0.041
3786.60833 18.525 0.049
3786.61189 18.532 0.041
3793.55802 18.525 0.036
3793.56159 18.500 0.031
3801.54800 18.762 0.049
3801.55158 18.707 0.036
3811.54059 18.352 0.044
3811.54418 18.371 0.036
3829.48002 18.650 0.071
3829.48362 18.696 0.056
3958.93370 18.339 0.054
3965.88324 18.529 0.031
3965.88680 18.550 0.026
3970.90339 18.467 0.034
3970.90696 18.658 0.035
3982.85388 18.534 0.041
3982.85745 18.649 0.039
3993.80700 18.480 0.050
4002.86741 18.417 0.033
4004.88919 18.431 0.024
4006.79519 18.629 0.036
4006.79874 18.706 0.031
4008.81973 18.717 0.031
4013.82779 18.583 0.087
4019.83055 18.599 0.039
4019.83410 18.649 0.031
4024.82207 18.687 0.047
4027.72427 18.761 0.049
4027.72779 18.726 0.041
4029.83706 18.673 0.041
4029.84059 18.575 0.030
4032.87182 18.490 0.051
4032.87534 18.510 0.046
4039.70400 18.369 0.034
4039.70751 18.368 0.030
4041.77773 18.386 0.034
4041.78124 18.401 0.028
4045.64754 18.568 0.046
4049.74597 18.540 0.033
4049.74948 18.571 0.026
4052.80750 18.703 0.041
4052.81099 18.833 0.035
4054.79780 18.703 0.034
4056.85277 18.675 0.042
4056.85629 18.696 0.041
4059.74742 18.793 0.050
4059.75089 18.760 0.039
4064.86113 18.495 0.042
4066.81759 18.578 0.042
4066.82111 18.605 0.035
4068.85243 18.721 0.044
4068.85592 18.744 0.038
4070.77487 18.614 0.052
4070.77835 18.655 0.038
4074.81364 18.575 0.046
4074.81713 18.601 0.040
4078.73499 18.349 0.029
4080.74220 18.789 0.058
4080.74568 18.872 0.047
4083.72888 18.471 0.054
4083.73239 18.508 0.040
4085.79243 18.598 0.057
4085.79593 18.435 0.034
4095.65381 18.424 0.033
4095.65729 18.491 0.028
4103.78427 18.563 0.057
4106.61500 18.475 0.052
4106.61851 18.479 0.042
4112.78935 18.789 0.050
4117.77190 18.561 0.052
4117.77539 18.505 0.042
4121.78826 18.671 0.050
4121.79176 18.730 0.045
4126.76338 18.746 0.063
4126.76688 18.752 0.047
4129.79697 18.513 0.036
4129.80044 18.454 0.028
4143.57391 18.461 0.044
4143.57746 18.580 0.036
4157.58069 18.423 0.054
4157.58423 18.469 0.044
4169.52894 18.354 0.044
4199.49840 18.416 0.047
4199.50197 18.405 0.034
4343.89085 18.344 0.045
4348.86357 18.426 0.042
4348.86713 18.418 0.031
4353.89112 18.636 0.055
4358.84327 18.531 0.061
4358.84679 18.498 0.050
4363.86007 18.728 0.071
4363.86361 18.452 0.052
4367.84828 18.531 0.046
4367.85183 18.535 0.038
4371.79777 18.363 0.044
4371.80130 18.390 0.034
4378.73715 18.438 0.051
4378.74067 18.425 0.036
4381.77274 18.605 0.063
4381.77625 18.494 0.044
4390.85226 18.557 0.045
4390.85580 18.516 0.031
4395.71909 18.560 0.065
4395.72262 18.502 0.054
4399.87771 18.477 0.078
4400.70738 18.585 0.040
4408.73159 18.444 0.052
4408.73510 18.377 0.041
4412.81502 18.741 0.061
4412.81852 18.803 0.047
4427.76655 18.410 0.049
4427.77008 18.506 0.035
4430.76987 18.869 0.092
4430.77336 18.649 0.046
4433.78735 18.765 0.087
4433.79083 18.723 0.056
4437.71397 18.620 0.066
4440.73357 18.814 0.060
4440.73706 18.815 0.045
4443.85115 18.565 0.078
4443.85464 18.512 0.062
4449.79645 18.771 0.056
4451.82854 18.607 0.062
4455.80169 18.595 0.038
4458.78038 18.706 0.041
4462.77440 18.619 0.033
4464.81649 18.459 0.047
4464.81998 18.631 0.035
4467.79110 18.630 0.031
4472.70352 18.641 0.040
4472.70700 18.650 0.031
4476.79060 18.595 0.044
4476.79408 18.661 0.031
4480.74098 18.404 0.034
4484.82395 18.377 0.025
4488.74131 18.680 0.077
4488.74480 18.591 0.047
4492.76058 18.572 0.051
4497.76446 18.685 0.046
4497.76773 18.615 0.035
4500.63750 18.669 0.042
4500.64077 18.633 0.030
4502.75064 18.625 0.056
4507.75470 18.643 0.049
4509.70538 18.594 0.041
4512.75090 18.378 0.039
4518.69975 18.730 0.091
4518.70328 18.666 0.065
4521.73722 18.644 0.075
4521.74074 18.546 0.052
4524.63683 18.346 0.042
4524.64035 18.461 0.034
4530.66647 18.696 0.035
4534.63144 18.602 0.058
4534.63500 18.540 0.040
4538.64684 18.453 0.055
4542.55418 18.695 0.075
4542.56127 18.781 0.055
