2124.48763 15.102 0.006
2128.50945 14.967 0.005
2131.51180 15.020 0.005
2134.47992 15.034 0.005
2137.49753 15.089 0.005
2141.48279 14.982 0.005
2144.48357 14.984 0.005
2168.49266 15.229 0.006
2175.49171 15.156 0.006
2194.51129 15.214 0.006
2345.88551 14.931 0.005
2356.82995 15.212 0.006
2369.90777 15.237 0.006
2379.80817 15.101 0.006
2385.82189 15.168 0.005
2389.81892 15.042 0.005
2396.83105 14.980 0.005
2401.91771 15.249 0.006
2404.80720 15.201 0.005
2406.68401 15.268 0.006
2414.62303 14.995 0.005
2416.69901 15.228 0.006
2417.59753 15.007 0.006
2424.59675 15.225 0.006
2432.65726 15.210 0.006
2434.88754 15.088 0.006
2436.87635 15.259 0.006
2439.79886 15.228 0.005
2443.75657 15.075 0.005
2446.69904 15.029 0.005
2453.69989 14.968 0.005
2459.54429 15.319 0.005
2462.76134 15.107 0.005
2463.72525 15.184 0.005
2465.57763 14.937 0.005
2467.72662 15.307 0.006
2469.77271 14.990 0.005
2471.48263 14.939 0.005
2473.76420 15.351 0.006
2484.54330 14.958 0.005
2489.66079 15.299 0.005
2492.61336 15.284 0.006
2494.66617 15.037 0.005
2496.72747 15.263 0.006
2499.50504 15.127 0.005
2501.52940 15.336 0.006
2511.50107 15.246 0.006
2516.53412 14.994 0.005
2519.56966 15.063 0.005
2524.61604 15.306 0.005
2528.51867 15.116 0.006
2539.55812 15.104 0.005
2544.58604 15.178 0.006
2549.54876 15.386 0.008
2554.52391 15.055 0.006
2566.51934 15.182 0.006
2711.83893 15.316 0.005
2726.85134 14.975 0.005
2731.85845 15.223 0.005
2752.75429 15.356 0.006
2754.91666 15.193 0.006
2758.89675 15.060 0.006
2764.90545 15.128 0.006
2769.74056 15.204 0.005
2783.69559 14.982 0.005
2785.60124 15.083 0.005
2787.65837 15.306 0.006
2789.89885 15.218 0.006
2791.88204 15.366 0.006
2793.94745 15.139 0.007
2794.56633 15.159 0.007
2796.85695 15.077 0.005
2797.83363 15.240 0.006
2809.63202 15.373 0.006
2811.61563 15.015 0.006
2813.56961 15.202 0.006
2815.53702 15.366 0.007
2817.60848 15.087 0.006
2819.71686 15.388 0.006
2821.77688 15.109 0.006
2830.50750 14.941 0.007
2834.63810 14.962 0.006
2836.58992 15.106 0.006
2838.60268 15.303 0.006
2840.62111 14.991 0.005
2842.54122 15.136 0.005
2844.57322 15.372 0.006
2847.63318 15.063 0.006
2851.49288 15.192 0.006
2853.49816 15.354 0.006
2855.59434 15.167 0.006
2857.67975 15.125 0.006
2861.56897 15.206 0.006
2864.57922 15.231 0.006
2867.49044 15.198 0.006
2870.53260 15.266 0.006
2870.57274 15.299 0.006
2875.58126 15.035 0.005
2879.50433 15.334 0.006
2884.53373 15.103 0.006
2888.54300 14.990 0.007
2894.48157 14.998 0.005
2898.49937 15.353 0.007
2905.52853 15.280 0.007
2910.52530 15.014 0.005
2915.55097 15.258 0.008
2923.54226 14.963 0.005
2935.53387 15.122 0.006
3055.84182 15.157 0.005
3057.85937 15.374 0.006
3060.89001 15.200 0.005
3066.88362 14.939 0.005
3069.83622 14.951 0.005
3071.84206 15.162 0.005
3074.79123 15.152 0.005
3076.86860 15.268 0.006
3080.88510 15.279 0.005
3083.83499 15.272 0.005
3085.78356 15.089 0.005
3087.74420 15.094 0.005
3089.73282 15.259 0.005
3090.88475 15.238 0.005
3092.80268 15.390 0.006
3097.76547 15.053 0.005
3098.72677 15.395 0.007
3100.77040 15.081 0.005
3102.75462 15.252 0.006
3107.72883 14.992 0.005
3108.72764 15.288 0.005
3110.68987 15.000 0.005
3112.69273 15.157 0.005
3113.73081 15.034 0.005
3115.72984 15.208 0.006
3116.77492 15.104 0.005
3122.74443 15.145 0.006
3124.92093 15.003 0.005
3126.65987 15.070 0.005
3127.66069 15.268 0.006
3128.68035 15.147 0.005
3129.65976 14.996 0.005
3130.65612 15.286 0.007
3134.62878 15.167 0.006
3135.69516 15.065 0.005
3139.69083 15.113 0.005
3140.65437 15.240 0.005
3141.74037 15.156 0.005
3142.64122 15.134 0.005
3144.64336 15.113 0.005
3145.72197 15.033 0.005
3147.81536 15.257 0.005
3151.61069 14.971 0.005
3152.61975 15.341 0.006
3153.61954 15.180 0.005
3154.69746 15.084 0.005
3156.60179 15.197 0.006
3158.64570 15.138 0.006
3162.66334 15.306 0.005
3163.57451 15.084 0.005
3164.57507 15.137 0.005
3165.57468 15.286 0.006
3166.78536 15.304 0.006
3167.79544 15.149 0.005
3168.61053 15.341 0.005
3169.58058 15.152 0.005
3170.67979 15.066 0.005
3171.57398 15.348 0.005
3172.58845 15.197 0.005
3174.57482 15.366 0.005
3174.89393 15.131 0.005
3175.56859 15.220 0.005
3176.60199 15.069 0.005
3178.63775 15.294 0.005
3179.66207 15.161 0.005
3180.53675 15.318 0.005
3182.57113 15.118 0.005
3183.54365 15.079 0.005
3184.54767 15.287 0.005
3185.57599 15.150 0.005
3191.85327 15.005 0.005
3193.72491 14.996 0.005
3194.75124 15.339 0.006
3195.50860 15.020 0.005
3196.48109 15.400 0.007
3197.71067 15.349 0.005
3199.54299 15.054 0.005
3202.49923 15.061 0.005
3203.52413 15.297 0.005
3204.80169 15.378 0.006
3205.51568 14.963 0.005
3206.49213 15.291 0.005
3207.52747 15.191 0.006
3210.73019 15.380 0.006
3211.51492 15.039 0.005
3217.52044 15.118 0.005
3218.51772 14.978 0.005
3219.57823 15.394 0.007
3224.63589 15.127 0.005
3228.55438 15.078 0.005
3230.52756 15.094 0.005
3232.54639 15.303 0.006
3239.60605 15.238 0.005
3239.63319 15.269 0.006
3240.66122 15.150 0.006
3244.62257 15.000 0.006
3245.63828 15.344 0.006
3246.52450 15.110 0.005
3247.58809 14.999 0.005
3250.51698 15.002 0.005
3251.64559 15.143 0.005
3254.51774 15.355 0.006
3257.65333 14.995 0.005
3266.53119 14.999 0.006
3268.59928 15.234 0.006
3270.54818 15.376 0.007
3271.54742 15.224 0.006
3279.53980 14.996 0.005
3283.57527 15.374 0.005
3291.53274 15.100 0.005
3431.87487 14.997 0.005
3438.87295 15.076 0.005
3444.80968 15.024 0.005
3446.83450 15.155 0.005
3448.86442 15.374 0.005
3450.86239 15.045 0.005
3454.80992 15.366 0.006
3456.81789 15.068 0.005
3468.78859 15.186 0.005
3470.76143 15.347 0.005
3473.74239 15.350 0.005
3475.76273 15.078 0.005
3478.74570 15.102 0.005
3480.79565 15.306 0.005
3483.86084 15.243 0.005
3496.67486 15.227 0.005
3497.86463 15.233 0.005
3499.68768 15.231 0.005
3501.66392 15.130 0.005
3502.83607 15.163 0.005
3503.65305 15.105 0.005
3504.65948 15.010 0.005
3508.79101 15.074 0.005
3509.88281 15.381 0.005
3510.87008 15.192 0.005
3511.90664 15.067 0.005
3512.63337 15.197 0.005
3520.91060 15.182 0.005
3521.87447 14.953 0.005
3522.61277 15.094 0.005
3523.63128 14.963 0.005
3524.60681 15.306 0.005
3525.65014 15.172 0.005
3527.62167 15.347 0.005
3530.71459 15.025 0.005
3538.59382 15.073 0.005
3539.58668 15.092 0.005
3547.52795 15.125 0.005
3550.69812 15.302 0.005
3551.72669 15.184 0.005
3552.75782 15.044 0.005
3553.61348 15.269 0.005
3554.56255 15.062 0.005
3556.57758 15.270 0.005
3558.70804 15.068 0.005
3560.49805 15.067 0.005
3561.76460 15.153 0.005
3562.75568 14.973 0.005
3563.50913 15.117 0.005
3573.49631 15.062 0.005
3574.55409 15.018 0.005
3575.50096 15.235 0.005
3576.50199 15.093 0.005
3577.55784 14.978 0.005
3578.53044 15.295 0.005
3579.48951 15.109 0.005
3580.50040 14.977 0.005
3581.53491 15.345 0.005
3582.48884 15.145 0.005
3583.53335 15.042 0.005
3584.51956 15.370 0.005
3585.51018 15.185 0.005
3586.53439 15.066 0.005
3587.62431 14.990 0.005
3588.54666 15.263 0.005
3589.51949 15.084 0.005
3590.49970 15.193 0.005
3591.53092 15.249 0.005
3592.50763 15.101 0.005
3593.57186 15.009 0.005
3594.53297 15.290 0.005
3600.50802 15.346 0.006
3601.61373 15.259 0.005
3602.49598 15.051 0.005
3603.49003 15.345 0.006
3604.57661 15.259 0.005
3606.58397 14.995 0.005
3607.49417 15.223 0.005
3608.49729 15.113 0.005
3617.60333 15.267 0.005
3621.54802 15.112 0.005
3632.56964 15.246 0.005
3635.55954 15.111 0.005
3640.56557 15.140 0.005
3644.56921 15.011 0.005
3650.54088 15.053 0.005
3773.87337 15.166 0.005
3779.87851 15.239 0.006
