2127.49264 15.484 0.006
2130.52548 15.439 0.006
2133.53959 15.938 0.007
2136.66080 15.932 0.009
2141.65157 15.544 0.007
2165.57403 15.902 0.009
2171.64107 15.651 0.006
2179.53142 15.184 0.006
2189.52642 15.816 0.009
2212.55151 15.531 0.007
2214.50881 15.891 0.010
2337.83855 15.850 0.007
2352.85604 15.582 0.006
2361.85051 15.769 0.007
2373.80531 15.658 0.007
2384.84115 15.360 0.006
2388.84047 15.302 0.006
2390.87877 15.912 0.009
2393.87268 15.686 0.009
2400.82005 15.808 0.007
2402.92676 15.915 0.009
2406.86951 15.863 0.009
2411.72756 15.795 0.007
2415.90281 15.969 0.009
2417.87361 15.599 0.006
2425.90547 15.672 0.010
2428.88365 15.440 0.007
2434.80022 15.608 0.006
2436.84892 15.990 0.009
2438.83028 15.649 0.007
2441.78511 15.861 0.007
2445.70148 15.929 0.007
2448.73852 15.889 0.011
2454.75937 15.306 0.005
2460.73247 15.840 0.009
2463.61209 15.526 0.006
2466.58608 15.878 0.007
2468.77360 15.871 0.007
2470.75755 15.272 0.006
2481.63002 15.774 0.009
2484.69221 15.630 0.007
2496.55867 15.844 0.007
2498.59676 15.823 0.006
2500.62291 15.321 0.006
2502.64108 15.866 0.007
2510.53823 15.695 0.007
2516.50144 15.903 0.009
2517.54832 15.362 0.006
2520.65706 15.296 0.006
2529.52356 15.632 0.006
2538.57282 15.598 0.007
2542.56177 15.569 0.007
2548.52699 15.885 0.009
2552.56361 15.881 0.009
2557.52859 16.000 0.009
2561.52454 15.962 0.010
2568.55905 15.899 0.010
2708.87664 15.921 0.007
2719.88282 15.763 0.007
2729.90836 15.679 0.007
2734.88191 15.434 0.006
2747.76627 15.283 0.007
2754.77630 15.942 0.007
2757.84134 15.914 0.009
2763.79445 15.232 0.006
2767.88675 15.554 0.007
2775.79219 15.392 0.007
2776.74712 15.442 0.010
2783.88124 15.466 0.006
2785.74758 15.683 0.007
2788.62706 15.938 0.009
2790.77342 15.886 0.007
2793.70035 15.516 0.006
2795.66008 15.882 0.006
2797.67119 15.360 0.006
2809.79129 15.665 0.007
2811.71174 15.886 0.009
2812.84101 15.490 0.006
2813.88477 15.850 0.009
2815.86552 15.537 0.007
2817.76399 15.579 0.007
2819.67439 15.840 0.007
2821.72355 15.447 0.006
2830.69583 15.638 0.007
2835.70531 15.855 0.009
2837.71574 15.270 0.007
2837.72636 15.307 0.006
2839.77552 15.905 0.009
2841.79666 15.520 0.006
2843.72394 15.856 0.007
2845.71360 15.384 0.006
2850.60965 15.390 0.006
2852.62098 15.839 0.009
2854.61447 15.394 0.007
2857.52473 15.836 0.007
2858.73701 15.574 0.006
2862.64805 15.279 0.006
2868.62447 15.777 0.007
2871.70514 15.723 0.007
2876.70616 15.879 0.009
2879.67149 15.594 0.007
2884.70266 15.855 0.009
2893.57912 15.807 0.007
2894.68868 15.680 0.010
2900.52069 15.285 0.006
2902.50765 15.847 0.009
2902.56893 15.880 0.009
2911.48851 15.898 0.010
2911.57467 16.019 0.009
2915.50114 15.890 0.009
2916.53807 15.252 0.006
2918.51439 15.829 0.010
2918.61736 15.916 0.010
2920.53590 15.247 0.006
2923.53261 15.911 0.009
2925.51987 15.523 0.007
2928.53355 15.659 0.007
2931.57537 15.942 0.009
2941.53293 15.459 0.007
2943.51756 15.884 0.011
2945.52105 15.397 0.007
2946.53105 15.738 0.010
2947.50418 15.870 0.010
2949.52444 15.398 0.007
2952.51303 15.954 0.010
3052.88528 15.541 0.006
3059.87127 16.011 0.007
3064.88260 15.418 0.006
3068.83566 15.203 0.005
3071.88823 16.038 0.009
3073.89738 15.723 0.006
3077.78752 15.403 0.010
3080.83666 15.471 0.006
3083.78214 15.871 0.007
3085.89478 15.693 0.006
3087.82941 15.890 0.007
3089.84616 15.568 0.006
3091.84716 15.901 0.007
3097.82977 15.474 0.006
3099.85579 15.900 0.007
3101.82508 15.410 0.006
3102.85744 15.785 0.007
3104.77304 15.925 0.011
3106.91961 15.876 0.007
3108.80978 15.923 0.007
3109.92371 15.627 0.006
3110.89960 15.814 0.007
3112.85658 15.991 0.007
3114.85159 15.686 0.006
3116.83917 15.961 0.009
3122.84571 15.672 0.007
3125.91211 15.548 0.007
3126.80864 15.557 0.006
3127.89468 15.889 0.007
3128.88396 16.030 0.009
3130.76155 15.384 0.006
3131.62683 15.290 0.007
3134.89694 15.755 0.011
3135.78184 15.715 0.006
3137.83266 15.545 0.006
3138.71898 15.662 0.006
3140.69072 15.738 0.007
3140.92453 15.982 0.009
3141.75583 15.907 0.007
3142.83011 15.523 0.006
3144.84808 15.907 0.007
3146.91449 15.699 0.007
3147.93011 15.894 0.009
3151.82208 15.710 0.007
3152.82177 15.896 0.007
3153.82032 16.003 0.009
3154.91417 15.658 0.009
3157.89424 15.306 0.006
3158.70679 15.973 0.010
3162.85806 15.430 0.006
3163.82039 15.640 0.006
3164.80613 15.868 0.007
3164.91362 15.952 0.009
3165.65940 15.781 0.006
3167.66895 15.747 0.007
3168.81925 15.870 0.007
3169.84520 16.013 0.009
3170.87472 15.477 0.006
3171.72096 15.279 0.005
3173.80646 15.904 0.007
3174.77372 15.998 0.007
3175.85466 15.699 0.007
3177.83028 15.917 0.009
3177.87045 16.042 0.010
3178.73862 15.955 0.007
3179.57316 15.889 0.007
3179.87501 15.739 0.007
3180.79155 15.788 0.006
3182.85180 15.298 0.005
3183.80760 15.564 0.007
3184.80213 15.783 0.007
3185.62111 15.635 0.006
3193.61639 15.570 0.006
3194.51607 15.574 0.007
3194.80682 16.005 0.007
3195.73994 15.372 0.005
3196.59282 16.012 0.007
3196.83560 15.789 0.007
3197.78129 15.885 0.007
3199.77783 15.264 0.006
3201.82500 15.903 0.007
3202.77239 15.942 0.007
3203.60153 15.909 0.006
3204.74958 15.557 0.006
3205.67988 15.655 0.006
3206.78635 15.962 0.009
3210.56345 15.628 0.006
3211.74340 15.917 0.009
3217.71929 15.699 0.007
3218.73029 15.880 0.009
3223.71933 15.989 0.009
3224.76382 15.532 0.006
3226.70093 15.886 0.009
3228.68484 15.393 0.006
3229.71559 15.652 0.007
3230.73148 15.869 0.007
3231.65872 15.905 0.009
3238.68330 15.773 0.007
3240.53246 15.886 0.007
3241.71615 15.576 0.007
3245.64511 15.259 0.006
3247.50641 15.576 0.006
3249.61883 15.507 0.006
3251.52181 15.604 0.007
3254.58523 15.442 0.007
3254.60337 15.513 0.007
3257.54135 15.936 0.007
3260.58683 15.896 0.009
3265.53978 15.903 0.009
3267.59805 15.711 0.007
3273.49303 15.901 0.010
3277.51639 15.894 0.009
3280.51728 15.719 0.007
3282.58800 15.253 0.005
3289.52213 15.918 0.009
3294.51743 15.959 0.007
3296.51654 15.627 0.006
3302.51368 15.933 0.009
3418.85647 15.267 0.005
3423.88449 15.646 0.005
3427.83821 15.490 0.006
3430.82363 16.024 0.009
3436.87024 15.813 0.007
3443.84135 15.429 0.005
3445.86984 15.891 0.006
3447.91417 15.624 0.006
3450.79379 15.911 0.006
3453.83722 15.899 0.007
3455.90273 15.546 0.006
3458.87243 16.000 0.007
3459.88767 15.450 0.005
3468.87111 15.673 0.006
3469.87383 15.889 0.006
3472.85873 15.619 0.006
3474.79238 15.903 0.007
3476.76889 15.294 0.005
3478.86428 15.932 0.006
3480.87992 15.657 0.006
3483.81316 16.018 0.007
3496.90816 15.664 0.007
3497.89513 15.842 0.007
3500.90419 15.619 0.006
3502.88603 15.928 0.007
3503.86558 15.989 0.006
3506.92865 15.954 0.007
3508.90602 15.566 0.007
3509.88882 15.768 0.006
3511.91239 15.615 0.006
3512.89895 15.495 0.006
3520.66452 15.889 0.007
3521.79522 15.472 0.006
3522.86285 15.865 0.007
3524.85412 15.252 0.005
3527.63741 15.636 0.005
3528.88175 15.338 0.005
3529.92056 15.757 0.006
3530.86006 15.851 0.006
3530.89144 15.879 0.006
3538.84960 15.827 0.006
3541.88376 15.639 0.006
3544.88117 15.272 0.006
3547.84861 15.907 0.007
3550.82541 15.680 0.005
3551.83741 15.891 0.006
3552.83279 16.012 0.009
3553.84921 15.441 0.006
3554.86177 15.751 0.007
3556.84383 16.045 0.009
3558.62075 16.013 0.007
3559.62914 15.392 0.005
3560.70553 15.879 0.006
3561.61274 15.882 0.006
3562.66012 15.985 0.007
3563.72478 15.653 0.006
3569.65276 15.881 0.010
3573.78319 15.988 0.009
3574.75539 15.396 0.006
3575.69734 15.560 0.006
3576.76398 15.887 0.007
3578.73843 15.296 0.005
3579.68698 15.508 0.005
3580.72663 15.855 0.007
3581.73649 15.926 0.009
3582.68542 15.976 0.006
3583.70361 15.538 0.005
3584.70749 15.798 0.005
3585.70614 15.899 0.006
3586.76021 15.318 0.005
3589.74962 15.895 0.007
3590.74584 15.290 0.005
3591.72745 15.544 0.005
3592.69868 15.735 0.006
3602.72243 16.004 0.009
3603.71741 15.400 0.006
3607.70138 15.318 0.006
3608.69401 15.657 0.006
3615.65173 15.929 0.007
3617.61334 15.694 0.007
3619.61046 15.965 0.007
3621.65213 15.762 0.006
3629.53639 15.410 0.005
3631.56527 15.891 0.007
3633.59022 15.554 0.007
3640.52361 15.942 0.007
3644.59942 15.971 0.007
3649.57542 15.339 0.005
3652.54937 15.955 0.009
3656.54217 15.928 0.009
3660.54635 15.913 0.009
3665.52914 15.939 0.009
3670.51476 15.464 0.007
3778.83898 15.674 0.007
3783.87785 15.904 0.006
3785.88885 15.505 0.006
3788.89285 15.882 0.007
3792.88301 16.020 0.007
3794.88217 15.745 0.006
3796.87393 16.020 0.007
3797.87358 15.411 0.005
3800.85466 15.946 0.009
3802.80158 15.521 0.006
3803.83417 15.850 0.007
3804.88134 16.001 0.007
3806.89384 15.730 0.006
3808.87882 15.955 0.007
3810.79480 15.433 0.006
3812.78097 15.891 0.007
3814.77188 15.290 0.005
3818.83681 15.494 0.006
3819.89625 15.876 0.006
3820.88848 15.937 0.006
3821.89985 15.251 0.005
3822.91170 15.661 0.006
3824.90671 15.948 0.009
3825.89881 15.220 0.005
3827.89794 15.861 0.006
3828.91008 15.967 0.007
3829.90596 15.236 0.005
3830.87240 15.530 0.006
3832.90018 15.930 0.007
3833.88858 15.393 0.005
3834.81375 15.292 0.005
3835.86617 15.756 0.006
3836.87564 15.895 0.006
3837.85442 16.014 0.009
3838.85856 15.455 0.006
3839.87761 15.785 0.007
3840.86161 15.866 0.007
3841.84491 16.004 0.007
3842.75882 15.977 0.009
3842.91983 15.643 0.009
3845.84883 15.994 0.009
3846.71510 15.922 0.007
3846.80557 15.287 0.005
3846.85327 15.417 0.005
3846.87629 15.494 0.005
3847.75226 15.465 0.006
3847.82054 15.647 0.006
3847.89514 15.800 0.007
3848.72298 15.665 0.006
3848.86886 15.873 0.007
3849.79450 15.896 0.007
3849.89807 15.776 0.007
3850.77485 15.942 0.007
3850.81814 15.284 0.005
3851.82444 15.626 0.006
3852.81654 15.839 0.006
3853.80577 15.888 0.006
3856.79449 15.772 0.006
3858.85849 15.319 0.005
3859.90354 15.752 0.007
3860.84985 15.854 0.007
3861.86512 15.927 0.007
3862.80831 15.919 0.006
3863.78655 15.392 0.005
3864.80999 15.764 0.006
3865.77276 15.887 0.007
3866.73792 15.933 0.007
3867.74527 15.293 0.005
3868.74068 15.577 0.006
3869.72240 15.799 0.007
3873.72588 15.774 0.006
3874.77265 15.965 0.009
3875.75451 15.330 0.005
3877.71423 15.746 0.006
3880.78102 15.626 0.006
3881.78959 15.864 0.006
3882.72454 15.880 0.007
3883.77631 15.251 0.005
3886.73703 15.885 0.007
3887.71964 16.033 0.006
3889.88139 15.904 0.007
3891.56362 15.835 0.007
3891.61303 15.889 0.009
3891.63945 15.884 0.007
3891.69591 15.937 0.007
3891.76121 15.762 0.006
3891.79042 15.260 0.005
3891.84331 15.457 0.005
3891.87263 15.547 0.006
3891.89888 15.613 0.006
3891.92840 15.687 0.007
3892.55994 15.911 0.009
3892.60171 15.973 0.009
3892.65472 15.692 0.005
3892.70783 15.360 0.005
3892.74826 15.500 0.005
3892.77152 15.568 0.006
3892.78801 15.616 0.006
3892.79952 15.649 0.006
3892.81086 15.661 0.006
3892.81945 15.685 0.006
3892.82926 15.701 0.006
3892.83880 15.733 0.006
3892.84727 15.738 0.005
3892.85576 15.760 0.006
3892.86425 15.768 0.005
3892.87280 15.823 0.006
3892.87877 15.803 0.006
3892.88172 15.804 0.006
3892.88890 15.833 0.007
3892.89802 15.835 0.006
3892.90654 15.856 0.006
3892.91499 15.868 0.007
3892.92344 15.860 0.007
3892.93584 15.876 0.007
3892.94431 15.881 0.007
3892.95031 15.880 0.009
3893.56991 15.270 0.006
3893.58569 15.288 0.005
3893.59690 15.351 0.006
3893.61014 15.393 0.006
3893.62494 15.440 0.006
3893.63634 15.500 0.006
3893.64795 15.524 0.006
3893.65940 15.566 0.006
3893.67057 15.591 0.006
3893.68608 15.624 0.006
3893.70033 15.679 0.007
3893.71440 15.693 0.007
3893.73205 15.733 0.007
3893.74617 15.779 0.007
3893.75753 15.786 0.007
3893.76808 15.823 0.009
3893.77947 15.816 0.007
3893.78808 15.845 0.007
3893.79661 15.846 0.007
3893.80245 15.872 0.007
3893.80847 15.869 0.007
3893.81415 15.884 0.007
3893.82352 15.875 0.007
3893.83208 15.869 0.009
3893.84058 15.884 0.009
3893.85486 15.882 0.007
3893.86397 15.881 0.007
3893.87241 15.887 0.007
3893.88944 15.908 0.007
3893.89846 15.902 0.007
3893.90467 15.912 0.009
3893.91353 15.925 0.009
3893.92196 15.938 0.009
3893.93125 15.954 0.009
3894.62941 15.753 0.007
3894.71865 15.888 0.007
3894.75976 15.887 0.007
3894.79842 15.909 0.007
3894.81652 15.933 0.007
3894.84943 16.010 0.009
3894.88216 15.689 0.006
3896.56699 15.926 0.010
3896.76695 15.521 0.006
3896.81567 15.669 0.009
3900.66370 15.890 0.009
3901.66924 15.527 0.006
3902.68675 15.813 0.006
3903.82755 15.261 0.005
3904.66661 15.960 0.006
3905.67729 15.514 0.005
3906.65513 15.714 0.006
3907.72116 15.945 0.007
3908.66105 16.024 0.007
3909.65918 15.403 0.005
3912.66327 16.005 0.006
3913.66345 15.374 0.005
3914.71120 15.811 0.005
3915.66035 15.891 0.006
3916.74209 15.210 0.005
3917.75925 15.655 0.006
3918.75957 15.887 0.006
3919.68974 15.926 0.006
3920.64343 15.947 0.007
3921.65189 15.271 0.006
3930.71353 15.766 0.006
3931.62970 15.820 0.006
3932.59358 15.875 0.006
3933.64044 15.323 0.005
3934.60747 15.497 0.005
3934.81265 15.860 0.007
3935.58848 15.720 0.006
3936.57355 15.897 0.007
3937.65232 15.271 0.005
3938.61780 15.503 0.005
3940.75860 15.522 0.005
3944.71363 15.982 0.006
3945.64988 15.755 0.006
3946.64570 15.524 0.006
3950.66124 15.535 0.006
3951.67204 15.800 0.009
3957.72126 15.263 0.006
3959.63284 15.686 0.006
3960.62396 15.891 0.006
3963.62937 15.663 0.006
3964.66552 15.909 0.006
3965.64038 15.980 0.006
3966.63486 15.320 0.005
3967.65827 15.715 0.006
3968.61778 15.849 0.006
3969.62825 15.969 0.007
3970.63501 15.312 0.005
3971.66636 15.725 0.006
3973.69459 15.914 0.007
3974.63214 15.279 0.005
3975.62468 15.615 0.006
3976.61864 15.833 0.007
3979.65381 15.687 0.007
3982.68651 15.453 0.007
3986.66715 15.344 0.006
3987.61592 15.544 0.006
3988.64806 15.848 0.006
3989.56620 15.886 0.007
3991.56760 15.335 0.006
3995.51543 15.932 0.007
4001.58578 15.874 0.006
4002.62140 15.992 0.007
4003.57586 15.250 0.005
4011.55918 15.770 0.007
4015.58814 15.286 0.006
4017.56182 15.800 0.006
4019.56318 15.933 0.007
4021.58609 15.818 0.007
4025.50433 15.639 0.006
4027.51210 15.906 0.007
4029.55363 15.741 0.007
4151.89462 15.348 0.006
4155.85862 15.330 0.006
4158.82038 15.875 0.009
4160.87996 15.616 0.007
4162.87113 15.907 0.009
4165.85556 15.763 0.009
4167.84848 16.002 0.010
4169.85083 15.741 0.007
4174.86490 15.889 0.007
4176.84219 15.341 0.006
4177.89909 15.817 0.007
4179.79339 15.926 0.009
4180.84536 15.309 0.006
4182.77029 15.740 0.007
4183.80723 15.919 0.009
4185.78299 15.479 0.006
4190.88106 15.880 0.007
4192.88525 15.421 0.006
4193.89627 15.738 0.007
4196.87591 15.379 0.006
4202.88754 15.873 0.007
4203.87569 15.931 0.007
4204.88251 15.350 0.006
4205.87133 15.657 0.006
4207.89526 15.965 0.007
4208.90473 15.393 0.006
4213.87617 15.618 0.006
4215.91036 15.964 0.009
4216.83484 15.986 0.009
4217.85713 15.528 0.006
4218.90147 15.872 0.007
4220.88284 15.345 0.006
4222.84532 15.742 0.007
4228.84926 16.021 0.009
4229.81471 15.256 0.006
4230.79584 15.594 0.006
4231.83814 15.872 0.007
4232.85909 16.021 0.010
4234.79379 15.575 0.006
4234.83126 15.657 0.006
4235.81766 15.843 0.007
4237.63453 15.866 0.009
4238.82223 15.641 0.007
4240.61593 15.668 0.009
4243.86855 15.868 0.009
4244.87526 16.012 0.009
4245.90971 15.561 0.006
4246.92260 15.814 0.009
4247.57968 15.678 0.005
4250.90891 15.776 0.009
4256.80725 15.893 0.009
4257.69115 15.895 0.009
4258.79426 15.437 0.006
4268.57531 15.317 0.006
4269.71511 15.919 0.007
4272.63695 15.521 0.006
4273.68439 15.866 0.009
4274.66824 15.945 0.009
4275.72502 15.427 0.006
4277.56591 15.624 0.009
4278.69899 15.984 0.009
4283.64600 15.891 0.007
4284.62746 15.451 0.006
4285.63443 15.752 0.009
4286.72817 16.012 0.011
4289.67790 15.834 0.009
4290.75709 16.045 0.010
4291.75529 15.481 0.006
4292.61284 15.350 0.006
4293.64058 15.730 0.006
4294.68184 15.898 0.007
4295.64185 16.003 0.007
4296.62102 15.345 0.006
4297.55254 15.495 0.006
4298.78340 15.935 0.010
4299.75421 15.389 0.006
4300.68421 15.543 0.006
4301.55350 15.455 0.006
4302.78742 15.973 0.009
4306.54448 15.707 0.009
4307.56495 15.887 0.007
4311.58698 15.907 0.009
4312.65423 15.285 0.006
4317.64131 15.614 0.007
4319.65029 15.953 0.009
4326.65949 15.855 0.009
4327.69448 16.000 0.009
4328.62925 15.766 0.007
4329.62066 15.524 0.007
4330.63389 15.804 0.007
4331.62930 15.893 0.007
4332.68398 15.313 0.006
4333.63312 15.547 0.007
4334.64657 15.816 0.010
4338.66618 15.832 0.009
4339.63617 15.882 0.009
4340.69934 15.320 0.006
4341.67691 15.604 0.009
4342.67723 15.846 0.009
4343.64705 15.896 0.009
4345.64690 15.502 0.007
4346.65206 15.764 0.009
4347.66621 15.903 0.009
4348.65230 15.969 0.009
4349.64122 15.417 0.006
4350.66581 15.785 0.007
4351.63668 15.898 0.007
4354.64540 15.703 0.007
4357.58348 15.687 0.009
4359.55225 15.722 0.009
4365.59842 15.638 0.009
4368.60145 15.922 0.010
4370.55708 15.382 0.006
4372.58990 15.882 0.007
4377.55063 15.945 0.009
4381.59301 16.002 0.010
4515.89415 15.824 0.009
4520.87316 15.886 0.009
4523.85670 15.702 0.009
4525.85142 15.937 0.010
4532.87629 15.895 0.007
4534.90067 15.397 0.006
4536.91052 15.903 0.009
4537.79173 15.913 0.009
4538.90513 15.390 0.006
4539.79651 15.390 0.006
4541.82839 15.917 0.009
4543.81809 15.444 0.006
4544.81498 15.740 0.007
4545.83249 15.898 0.007
4547.80632 15.401 0.006
4550.80535 16.022 0.009
4552.79539 15.678 0.007
4556.88713 15.852 0.006
4557.91279 15.945 0.007
4558.87930 15.309 0.006
4559.87723 15.589 0.006
4560.87740 15.816 0.006
4561.86646 15.895 0.006
4564.87058 15.792 0.006
4565.86027 15.883 0.006
4566.86148 15.967 0.007
4567.86705 15.492 0.006
4568.89900 15.824 0.006
4569.88223 15.898 0.007
4570.89077 15.705 0.006
4571.85247 15.391 0.005
4572.89085 15.794 0.007
4573.86609 15.891 0.006
4574.87463 15.999 0.007
4575.88264 15.453 0.006
4583.77483 16.005 0.010
4585.83584 15.839 0.007
4586.85864 15.966 0.007
4587.87053 15.346 0.006
4588.76070 15.340 0.005
4589.73009 15.601 0.006
4590.80974 15.896 0.007
4591.72256 15.929 0.007
4592.79611 15.465 0.006
4593.78156 15.705 0.006
4594.80991 15.886 0.007
4595.80073 16.010 0.007
4596.75640 15.281 0.005
4597.81820 15.782 0.007
4598.78774 15.867 0.006
4599.76696 15.935 0.007
4600.78934 15.406 0.005
4601.77792 15.678 0.006
4602.78159 15.868 0.006
4606.83528 15.894 0.007
4611.75902 15.901 0.007
4616.75119 15.834 0.006
4616.93346 15.693 0.007
4617.93551 15.902 0.010
4618.65557 15.536 0.006
4622.73428 15.719 0.006
4623.80734 15.951 0.009
4624.74608 16.001 0.009
4625.72906 15.337 0.006
4626.79113 15.826 0.007
4627.70838 15.874 0.007
4628.69722 15.942 0.007
4629.76675 15.458 0.006
4630.70592 15.602 0.006
4631.72119 15.855 0.006
4632.75564 16.004 0.007
4633.89110 15.759 0.007
4639.84375 15.961 0.011
4640.84821 15.301 0.006
4641.88578 15.737 0.009
4642.53163 15.989 0.009
4643.68802 15.782 0.007
4644.77814 16.030 0.007
4645.69045 15.929 0.007
4646.65772 15.399 0.005
4647.67912 15.749 0.006
4649.66422 15.993 0.007
4650.70224 15.523 0.006
4652.63544 15.849 0.007
4653.63041 15.909 0.007
4654.66744 15.349 0.006
4655.63866 15.613 0.006
4656.63478 15.840 0.007
4658.79201 15.707 0.007
4661.62443 15.909 0.007
4666.49566 15.903 0.009
4670.72713 15.422 0.006
4671.68075 15.625 0.006
4672.64049 15.789 0.007
4674.66842 15.388 0.006
4675.79331 15.846 0.009
4677.71262 15.978 0.007
4679.67646 15.588 0.007
4681.69650 15.943 0.009
4682.69417 15.240 0.005
4683.65020 15.503 0.006
4684.66895 15.804 0.007
4684.76213 15.874 0.007
4685.69478 15.925 0.007
4686.76734 15.501 0.006
4687.68306 15.586 0.006
4688.62890 15.709 0.006
4694.71302 15.255 0.006
4697.63780 15.884 0.009
4698.65588 15.997 0.009
4700.65113 15.696 0.006
4701.63445 15.883 0.007
4702.64888 15.965 0.009
4708.67055 15.695 0.007
4715.63159 15.526 0.007
4720.63727 15.556 0.009
4721.63747 15.791 0.009
4722.63531 15.915 0.009
4725.60818 15.715 0.007
4726.63643 15.899 0.009
4733.59746 15.679 0.007
4739.49025 15.862 0.007
4750.53956 15.707 0.007
4756.57260 15.993 0.011
4763.52275 15.846 0.007
4876.89046 15.394 0.006
4883.87669 15.920 0.009
4886.84343 15.770 0.007
4890.81594 15.699 0.007
4892.89878 15.230 0.006
4894.86690 15.794 0.007
4898.85111 15.738 0.006
4900.84568 16.043 0.009
4901.89728 15.592 0.006
4902.82292 15.663 0.006
4903.88557 15.901 0.007
4904.85105 16.022 0.007
4906.90410 15.826 0.007
4911.88629 15.879 0.006
4913.89968 15.544 0.006
4924.89491 16.004 0.007
4926.74570 15.272 0.005
4928.80163 15.907 0.009
4930.73708 15.259 0.006
4931.87923 15.877 0.007
4932.78711 15.903 0.007
4933.73133 15.924 0.009
4934.83292 15.522 0.006
4938.84144 15.529 0.006
4940.78616 15.895 0.007
4941.83801 15.935 0.007
4942.86341 15.565 0.006
4943.72061 15.454 0.005
4944.78550 15.863 0.006
4949.79994 15.965 0.007
4950.70868 16.013 0.007
4951.82490 15.713 0.007
4953.72950 15.878 0.007
4954.84702 15.486 0.006
4955.84517 15.760 0.007
