2167.84934 19.158 0.076
2173.85669 18.370 0.031
2190.79442 18.876 0.049
2192.82837 19.063 0.060
2214.79567 18.428 0.043
2224.75245 18.886 0.045
2230.80724 19.110 0.064
2232.82707 19.034 0.068
2234.82152 19.162 0.052
2239.60645 18.737 0.061
2241.66798 19.048 0.072
2243.72656 19.277 0.081
2248.80699 18.577 0.034
2250.85285 18.695 0.045
2252.65819 19.075 0.060
2254.64912 18.610 0.041
2257.65303 18.465 0.031
2261.80621 18.982 0.045
2264.76221 19.026 0.048
2266.65067 18.753 0.053
2270.64677 18.960 0.055
2271.79758 19.107 0.049
2273.74745 19.090 0.073
2275.83449 18.557 0.048
2277.65616 19.068 0.048
2279.82848 18.408 0.038
2281.81534 18.516 0.032
2283.84954 18.727 0.043
2288.75567 18.638 0.039
2290.79404 18.808 0.052
2292.77059 18.923 0.068
2294.74564 18.921 0.087
2296.75602 18.946 0.080
2298.77545 19.096 0.073
2300.72845 18.919 0.060
2302.70629 18.940 0.069
2321.67950 18.416 0.039
2327.56610 18.701 0.057
2333.57532 18.607 0.057
2339.55175 18.813 0.052
2357.52303 19.042 0.120
2395.52408 19.136 0.091
2529.82052 18.941 0.061
2542.89423 18.421 0.036
2552.84611 18.574 0.043
2556.83761 18.756 0.045
2559.89011 19.018 0.085
2564.85411 18.969 0.061
2573.85270 19.116 0.072
2578.77703 19.179 0.079
2583.83147 18.418 0.043
2589.86492 18.829 0.056
2596.74825 18.811 0.061
2605.75130 19.137 0.060
2609.74750 19.134 0.080
2614.70995 19.010 0.061
2618.73422 19.109 0.072
2621.64366 19.130 0.051
2623.82540 18.695 0.040
2627.69188 18.566 0.060
2629.71490 18.687 0.053
2634.76641 19.054 0.053
2638.65980 18.848 0.047
2639.65990 18.905 0.039
2641.72456 19.132 0.056
2650.84026 18.462 0.032
2652.74451 18.952 0.059
2654.67934 19.167 0.076
2656.65287 19.134 0.072
2658.61529 19.230 0.093
2660.63276 18.947 0.060
2662.61555 18.591 0.038
2664.62316 18.367 0.034
2666.68660 18.732 0.035
2668.67012 18.727 0.048
2670.63620 18.807 0.059
2672.74551 19.111 0.060
2674.64802 18.862 0.048
2676.63049 18.925 0.051
2678.71815 19.069 0.063
2680.62882 19.222 0.085
2682.67680 19.044 0.077
2687.55289 19.085 0.085
2696.54604 19.131 0.077
2701.52818 18.829 0.059
2707.52566 18.511 0.044
2714.52454 18.955 0.075
2840.91375 19.142 0.085
2867.92572 19.101 0.067
2894.85519 18.841 0.049
2899.85673 18.956 0.053
2905.84573 19.153 0.089
2911.80504 19.072 0.055
2916.85529 18.412 0.030
2922.83908 18.596 0.052
2926.76649 18.524 0.038
2930.84022 18.939 0.053
2934.74200 18.791 0.044
2940.72214 18.961 0.051
2942.84354 19.137 0.057
2947.73606 19.083 0.073
2949.82622 19.080 0.063
2953.69295 19.192 0.079
2956.71873 19.095 0.053
2958.74501 18.424 0.044
2962.75690 18.661 0.039
2965.77629 18.761 0.041
2968.71985 18.778 0.045
2973.85991 18.988 0.061
2975.84906 19.111 0.061
2976.84431 19.164 0.075
2979.85054 19.114 0.061
2982.69601 19.082 0.067
2984.74359 18.986 0.060
2986.82620 18.406 0.045
2988.79660 18.365 0.030
2989.81395 18.466 0.038
2991.64709 19.111 0.064
2993.63454 19.075 0.055
2995.73531 18.506 0.030
2997.71312 18.529 0.038
2999.73614 18.722 0.043
3001.77196 18.858 0.045
3003.74268 18.861 0.044
3005.64790 18.754 0.053
3007.68096 18.847 0.055
3009.74730 19.003 0.057
3011.72298 19.152 0.081
3013.72743 19.056 0.061
3017.72890 19.153 0.061
3019.65688 19.027 0.065
3021.77565 18.978 0.053
3023.63744 19.089 0.048
3024.83856 18.566 0.040
3026.83524 18.731 0.032
3029.63960 19.122 0.056
3031.70955 18.566 0.035
3033.77310 18.788 0.036
3035.78014 18.885 0.043
3038.75762 18.913 0.067
3040.72828 18.948 0.073
3042.67220 18.861 0.053
3044.60615 18.814 0.049
3045.69513 19.096 0.068
3047.64880 18.992 0.056
3049.65450 18.977 0.039
3051.62272 19.038 0.060
3055.61624 19.114 0.060
3057.64166 19.041 0.049
3059.58554 19.089 0.047
3061.57858 19.130 0.080
3068.51995 19.107 0.071
3070.57562 18.458 0.045
3073.57795 18.486 0.048
3075.68933 19.020 0.093
3078.62133 18.846 0.048
3082.59883 18.871 0.047
3084.67590 19.114 0.064
3087.63863 19.063 0.073
3090.60202 18.988 0.064
3096.51976 19.020 0.098
3099.59003 19.152 0.092
3102.56930 18.947 0.065
3105.60157 18.485 0.044
3108.57950 18.619 0.047
3112.55684 18.714 0.049
3116.53820 18.761 0.056
3127.50559 18.977 0.055
3140.49485 19.189 0.080
3223.89446 18.560 0.052
3241.88061 19.068 0.075
3248.84402 19.102 0.087
3257.87187 18.606 0.038
3270.86083 18.994 0.055
3277.84482 19.105 0.069
3281.88857 19.171 0.052
3287.74964 19.158 0.059
3295.70188 19.125 0.043
3299.76488 18.759 0.032
3301.76239 18.682 0.052
3304.82262 18.886 0.053
3309.72849 18.939 0.053
3311.72638 18.967 0.048
3320.76912 19.085 0.052
3323.70397 19.109 0.060
3330.69955 18.943 0.061
3334.79877 18.758 0.057
3338.84525 18.917 0.053
3340.86034 19.051 0.088
3350.67879 19.011 0.043
3354.72642 19.094 0.059
3358.80677 18.385 0.027
3361.83895 18.588 0.035
3365.74136 18.392 0.034
3372.75769 18.866 0.043
3378.67038 18.792 0.048
3391.73813 19.275 0.075
3394.74968 18.786 0.049
3396.62967 19.111 0.067
3399.70692 18.427 0.039
3403.69422 18.535 0.043
3408.60361 18.501 0.035
3417.57623 18.788 0.048
3425.58450 19.040 0.077
3431.56669 18.966 0.048
3437.54796 19.218 0.064
3445.55334 18.401 0.034
3455.51012 18.743 0.063
3460.50167 18.938 0.049
3477.49640 19.132 0.084
3583.93856 18.784 0.076
3601.87374 19.039 0.068
3618.90775 19.093 0.053
3629.88900 18.726 0.044
3634.85553 18.756 0.040
3639.84889 18.985 0.039
3644.80363 18.948 0.045
3650.89252 19.111 0.083
3654.79407 19.209 0.061
3657.87397 18.413 0.031
3660.80842 18.510 0.049
3664.84350 18.602 0.032
3668.80141 18.666 0.051
3672.78961 18.869 0.047
3675.86929 18.980 0.055
3684.77743 19.116 0.048
3687.78307 19.087 0.057
3690.70292 19.058 0.071
3693.73689 19.141 0.063
3695.75842 19.139 0.056
3698.75120 18.568 0.045
3700.77998 18.684 0.043
3703.71081 18.440 0.027
3705.77442 18.794 0.035
3708.73301 18.811 0.059
3712.72350 18.944 0.044
3714.73021 18.880 0.041
3717.65626 18.886 0.049
3719.82350 19.078 0.085
3725.81741 19.087 0.073
3727.78986 19.143 0.057
3730.68521 18.975 0.040
3732.70995 19.129 0.043
3734.80798 18.653 0.036
3736.82425 18.720 0.044
3737.71261 18.545 0.030
3739.81173 18.829 0.038
3742.69761 18.643 0.049
3745.77329 18.943 0.049
3749.66767 18.831 0.061
3750.75266 19.000 0.069
3752.76337 18.949 0.064
3754.78111 19.112 0.057
3756.60463 18.906 0.041
3758.77751 19.166 0.095
3761.78992 19.002 0.045
3764.74440 18.957 0.044
3767.60419 19.089 0.056
3770.62190 19.242 0.059
3773.62475 18.867 0.052
3776.62415 18.422 0.034
3779.61375 18.502 0.048
3782.66448 18.764 0.039
3787.58947 18.821 0.041
3792.54125 18.887 0.053
3800.51865 19.086 0.065
3809.53049 19.149 0.092
3822.51631 18.667 0.048
3946.91281 19.035 0.084
3964.86945 18.627 0.032
3969.89355 18.943 0.053
3981.86827 19.018 0.071
3989.89530 19.064 0.056
4001.87194 18.720 0.034
4005.84958 18.786 0.039
4007.85379 18.993 0.051
4011.85402 18.982 0.055
4018.84557 19.065 0.056
4023.87770 19.232 0.067
4026.78619 19.173 0.049
4029.73519 18.922 0.067
4031.80779 18.442 0.028
4038.71681 18.347 0.030
4041.67803 18.422 0.041
4043.68232 18.543 0.053
4048.86396 19.110 0.080
4052.70690 18.878 0.040
4054.69383 19.098 0.079
4056.75088 19.113 0.075
4058.78402 19.113 0.043
4063.68278 19.172 0.055
4066.74006 19.131 0.057
4068.82756 18.558 0.031
4070.66992 19.081 0.063
4073.82940 18.790 0.049
4076.79751 18.883 0.065
4079.75987 18.799 0.056
4083.67663 18.711 0.053
4085.74214 19.055 0.053
4092.86058 18.990 0.059
4105.69608 18.687 0.047
4109.76925 18.810 0.039
4113.72496 18.742 0.034
4120.75536 19.122 0.056
4122.71182 18.913 0.039
4125.76305 18.898 0.055
4131.61640 19.146 0.047
4142.65311 18.457 0.043
4156.53977 18.680 0.043
4166.58105 19.123 0.076
4196.53056 18.911 0.075
4341.90638 18.886 0.059
4347.85631 18.969 0.052
4362.82674 19.189 0.083
4365.83482 18.635 0.060
4369.81646 18.397 0.040
4371.86277 18.701 0.041
4377.79856 18.732 0.056
4380.81508 18.904 0.051
4386.79072 18.992 0.055
4390.75264 18.991 0.052
4393.86674 19.215 0.069
4398.87802 18.362 0.048
4404.72483 18.981 0.071
4412.86541 18.913 0.073
4418.79761 19.028 0.045
4422.86368 19.158 0.101
4426.74198 19.126 0.085
4429.84798 19.114 0.098
4432.72883 19.046 0.051
4436.76819 18.834 0.052
4439.83376 18.687 0.064
4443.70002 18.321 0.040
4449.68477 18.641 0.036
4451.69431 18.796 0.060
4454.71081 18.912 0.049
4455.69307 18.906 0.069
4458.75152 19.006 0.055
4461.66838 18.992 0.051
4465.75153 19.052 0.049
4468.72007 19.120 0.047
4473.69292 19.151 0.055
4477.75108 18.594 0.047
4481.68870 18.580 0.035
4485.73674 18.845 0.056
4489.72021 19.003 0.083
4493.71004 19.086 0.075
4498.68623 19.036 0.061
4501.68359 19.098 0.063
4506.61754 19.025 0.068
4508.63476 19.043 0.057
4510.70831 18.383 0.032
4521.61842 18.724 0.049
4523.63425 18.811 0.048
4525.55367 18.667 0.043
4531.57569 18.841 0.048
4533.57809 18.927 0.055
4537.62811 19.035 0.061
4539.54710 19.094 0.080
4541.59934 19.234 0.087
