 726.82637 18.886 0.057
 739.86016 19.093 0.094
 744.76850 19.094 0.077
 745.85311 18.981 0.062
 746.83899 18.895 0.057
 747.73444 18.967 0.061
 748.68642 18.859 0.074
 750.79937 18.948 0.068
 751.80018 18.847 0.064
 752.85801 19.120 0.073
 754.80426 19.000 0.103
 755.78223 19.128 0.089
 759.70810 18.841 0.057
 761.78931 18.981 0.079
 766.83902 18.937 0.095
 773.79462 18.810 0.060
 776.81982 18.929 0.062
 778.85291 19.013 0.095
 780.78019 19.069 0.065
 782.80882 19.082 0.069
 788.83630 19.120 0.068
 792.74635 18.834 0.064
 795.83169 18.759 0.053
 798.75600 19.251 0.082
 817.75433 19.209 0.073
 819.83101 18.863 0.073
 824.70171 18.897 0.079
 826.79436 19.007 0.133
 827.69117 18.786 0.052
 828.75081 19.323 0.089
 829.69840 19.054 0.065
 830.75654 18.860 0.057
 831.59381 19.047 0.094
 832.76340 19.005 0.068
 833.58300 18.999 0.069
 834.70228 19.134 0.071
 835.80475 19.025 0.064
 837.66664 19.039 0.053
 839.66506 19.005 0.104
 841.75412 18.813 0.052
 842.74402 19.113 0.093
 844.59897 18.989 0.089
 846.77091 19.081 0.074
 850.76177 19.144 0.083
 854.78664 18.913 0.110
 856.67070 18.946 0.114
 857.72937 18.818 0.077
 858.69251 19.060 0.077
 859.75926 18.994 0.078
 860.65222 18.992 0.078
 865.56954 18.977 0.103
 867.62463 19.018 0.086
 874.68833 19.243 0.078
 876.60439 18.873 0.060
 876.70687 18.859 0.052
 878.69441 18.904 0.074
 880.62872 19.069 0.078
 885.58787 19.243 0.180
 887.67298 18.826 0.095
 890.69659 18.746 0.098
 892.54336 18.840 0.062
 893.70961 18.897 0.079
 896.51133 19.022 0.071
 900.56481 18.763 0.066
 919.56670 19.075 0.111
 925.51975 18.981 0.102
 931.57773 19.237 0.155
 947.54131 19.022 0.144
 950.51968 19.207 0.094
1072.90227 19.115 0.085
1079.81063 18.761 0.053
1080.81426 19.162 0.070
1083.82478 19.278 0.110
1084.82022 19.010 0.069
1086.84825 19.221 0.085
1090.77589 18.984 0.098
1091.88370 19.158 0.093
1092.82631 19.066 0.087
1093.83837 19.016 0.071
1106.76728 18.878 0.050
1108.78829 19.037 0.066
1114.79772 18.868 0.049
1119.84096 19.062 0.078
1120.74555 19.218 0.107
1126.76537 19.001 0.079
1129.82966 19.115 0.089
1131.83559 18.931 0.089
1132.82520 19.078 0.073
1137.80740 19.216 0.079
1138.84870 19.065 0.070
1142.77538 19.227 0.071
1152.73304 19.077 0.135
1154.74858 19.059 0.078
1155.70483 18.848 0.070
1157.75871 18.960 0.102
1159.76443 19.120 0.074
1161.82846 18.771 0.046
1163.83036 18.843 0.064
1164.84527 18.893 0.050
1166.76274 18.794 0.075
1167.78898 19.043 0.100
1168.77162 19.071 0.098
1171.74050 18.835 0.045
1175.73791 19.107 0.069
1179.78731 18.928 0.087
1181.75083 19.285 0.107
1183.83575 18.817 0.057
1185.83311 18.936 0.056
1187.78843 19.073 0.062
1189.72489 19.084 0.061
1191.76360 19.031 0.056
1192.82239 19.010 0.056
1193.81433 18.925 0.052
1194.68997 19.147 0.086
1201.77847 19.043 0.077
1202.78769 18.930 0.074
1204.69425 18.775 0.064
1206.79440 19.078 0.081
1207.70465 18.922 0.086
1211.76257 19.073 0.106
1214.67670 19.015 0.090
1215.58150 19.244 0.078
1216.65791 19.047 0.065
1217.73962 19.016 0.069
1219.65332 19.029 0.073
1220.76131 18.907 0.089
1221.62716 19.276 0.102
1223.71577 18.934 0.077
1224.59572 19.255 0.106
1226.60538 19.258 0.081
1227.61018 19.061 0.071
1230.67500 19.041 0.122
1233.57104 18.872 0.065
1235.70883 19.171 0.104
1237.59111 19.205 0.168
1238.63134 19.068 0.103
1240.70708 19.182 0.111
1242.52502 19.234 0.098
1244.66154 19.031 0.082
1247.51933 18.828 0.070
1248.61956 19.288 0.111
1251.57405 19.159 0.102
1254.58857 19.077 0.093
1255.62180 18.961 0.091
1256.62583 19.181 0.089
1258.61301 18.797 0.061
1261.51881 19.195 0.078
1264.52982 19.203 0.107
1267.55139 19.068 0.115
1272.53167 19.245 0.108
1274.54947 18.887 0.099
1276.56197 19.033 0.082
1278.56553 19.127 0.102
1279.54830 18.999 0.087
1290.52963 19.007 0.103
1298.50616 18.945 0.108
1301.58055 19.014 0.115
1306.49751 19.107 0.089
1315.52989 18.808 0.102
1318.51244 18.891 0.100
1320.50516 18.946 0.091
1330.51535 19.145 0.135
1335.50848 19.288 0.114
1431.86781 18.942 0.061
1433.86274 19.028 0.089
1436.77354 18.897 0.065
1439.85450 18.981 0.062
1441.87319 19.148 0.086
1443.89486 19.219 0.093
1447.82588 18.942 0.103
1449.86768 19.193 0.122
1453.81516 18.809 0.135
1454.88120 19.245 0.133
1459.74841 19.318 0.145
1462.82603 19.138 0.098
1471.82370 19.049 0.073
1476.71535 19.028 0.083
1478.79370 19.135 0.083
1484.78188 19.121 0.079
1487.85276 19.168 0.078
1489.76383 19.255 0.074
1491.79252 18.872 0.071
1493.73455 18.888 0.070
1496.63144 18.843 0.078
1498.69849 19.009 0.075
1500.83874 19.107 0.074
1503.67405 19.186 0.127
1505.78135 18.967 0.082
1507.73231 18.868 0.075
1508.68503 19.080 0.070
1509.71031 19.049 0.073
1511.70356 19.131 0.087
1512.80829 19.004 0.078
1514.75194 19.112 0.095
1517.71706 19.060 0.062
1519.67062 19.053 0.074
1522.75081 19.084 0.077
1523.69573 18.834 0.089
1525.67223 19.092 0.102
1527.79171 18.869 0.065
1528.80011 19.122 0.078
1529.84329 18.983 0.066
1531.82145 19.162 0.081
1538.77783 19.200 0.094
1542.80240 19.044 0.073
1544.74431 19.147 0.070
1547.81690 19.238 0.077
1548.82642 18.938 0.057
1549.83632 18.872 0.060
1552.71289 19.263 0.087
1553.78791 19.037 0.068
1554.80315 18.760 0.044
1555.79153 19.091 0.085
1555.84460 19.138 0.094
1561.58452 18.980 0.086
1562.78930 18.892 0.083
1566.63726 19.131 0.087
1568.66017 18.859 0.089
1571.72341 19.220 0.091
1575.68622 19.068 0.085
1577.75328 19.059 0.068
1579.72321 19.255 0.091
1581.67116 18.910 0.068
1584.64728 19.069 0.077
1586.65614 18.871 0.062
1589.75326 18.975 0.089
1592.64521 19.076 0.078
1593.54736 18.925 0.103
1595.61995 19.187 0.091
1596.73335 19.037 0.102
1599.72520 19.174 0.097
1600.65304 18.941 0.097
1601.73119 19.183 0.111
1602.71258 19.012 0.078
1604.70485 19.153 0.169
1606.67916 19.155 0.091
1609.69262 19.261 0.091
1610.71021 19.029 0.093
1611.68746 18.832 0.079
1613.67820 18.932 0.097
1615.68822 19.212 0.111
1616.62516 18.766 0.061
1617.66833 19.332 0.095
1618.50965 18.840 0.075
1620.53321 19.034 0.099
1620.68307 19.130 0.126
1622.67752 18.917 0.083
1624.67558 18.961 0.104
1625.65524 19.240 0.102
1627.67175 18.833 0.062
1629.64670 18.958 0.073
1630.66371 18.789 0.060
1633.50118 19.098 0.082
1634.62049 19.023 0.089
1635.63402 18.779 0.070
1643.60922 18.883 0.143
1644.56053 19.194 0.078
1653.52753 18.980 0.094
1654.57902 18.753 0.074
1656.59571 19.008 0.106
1658.51566 19.054 0.093
1660.49367 19.371 0.137
1662.50834 18.785 0.077
1665.54367 18.800 0.087
1670.50299 18.788 0.070
1682.47950 19.085 0.207
1782.90277 19.104 0.091
1783.89389 18.946 0.077
1790.88077 19.110 0.062
1813.81500 19.028 0.074
1818.86743 19.068 0.086
1823.88412 19.159 0.070
1826.86700 19.042 0.073
1843.80301 18.969 0.069
1843.85126 18.944 0.075
1844.81812 19.132 0.081
1845.70913 19.150 0.070
1845.77810 19.096 0.075
1845.86721 19.084 0.070
1847.63313 19.042 0.091
1847.72136 19.280 0.123
1849.62193 19.082 0.102
1850.72045 18.945 0.085
1852.73636 19.326 0.095
1855.79473 19.386 0.097
1856.70139 18.827 0.087
1858.60322 18.947 0.116
1858.70690 19.201 0.108
1858.79655 19.041 0.097
1860.76841 18.907 0.086
1860.83827 18.797 0.062
1861.69831 19.087 0.114
1862.61602 18.818 0.082
1862.75050 19.068 0.086
1864.61248 18.894 0.069
1864.75467 19.025 0.066
1864.84678 19.258 0.081
1866.68042 19.220 0.075
1866.79320 19.150 0.078
1866.84922 19.042 0.062
1868.66005 19.171 0.079
1868.75126 18.771 0.045
1869.78567 19.027 0.086
1869.82545 19.223 0.100
1870.71544 18.897 0.064
1870.82575 19.012 0.086
1872.70122 19.125 0.081
1872.77673 19.163 0.090
2187.77182 18.933 0.085
2193.84077 18.838 0.048
2202.84053 19.158 0.069
2215.79335 18.796 0.062
2222.79320 19.137 0.079
2224.84078 19.246 0.090
2227.75171 19.055 0.081
2229.75743 19.208 0.093
2231.72595 18.805 0.062
2233.69416 18.916 0.060
2237.61338 19.142 0.107
2239.67443 18.854 0.068
2241.76606 19.125 0.075
2243.83635 19.161 0.095
2248.69587 19.148 0.068
2250.72733 18.862 0.057
2252.82443 19.113 0.077
2254.74240 19.153 0.060
2257.75991 19.099 0.056
2260.76951 19.183 0.078
2265.70795 19.200 0.068
2266.78790 19.083 0.073
2270.81940 18.900 0.050
2272.67158 18.801 0.062
2274.79791 18.983 0.071
2276.85325 19.171 0.087
2278.81226 18.689 0.061
2280.79197 18.963 0.056
2282.79576 19.087 0.086
2290.68716 19.179 0.073
2293.80664 19.035 0.103
2295.83050 19.182 0.066
2297.81727 18.903 0.068
2299.83372 19.074 0.086
2301.72782 18.981 0.079
2302.80303 19.035 0.097
2303.72580 19.234 0.103
2321.69890 18.861 0.070
2328.57592 18.940 0.082
2334.57401 18.788 0.068
2340.56567 19.119 0.082
2346.50633 18.989 0.081
2360.50124 18.984 0.087
2391.50219 18.836 0.083
2540.87996 19.015 0.106
2548.81699 18.894 0.081
2553.78368 18.980 0.091
2557.84910 19.072 0.087
2561.84712 19.018 0.075
2565.85245 18.874 0.074
2574.80959 19.113 0.078
2578.86613 18.862 0.070
2586.76766 18.840 0.062
2590.84098 19.151 0.077
2596.84798 19.223 0.091
2606.74428 19.210 0.073
2610.64630 18.925 0.075
2614.81524 18.779 0.060
2619.69192 18.853 0.056
2621.81921 19.034 0.070
2624.71632 18.868 0.064
2627.83593 18.993 0.095
2630.60563 19.068 0.086
2632.75650 18.969 0.058
2636.70635 19.246 0.078
2638.75058 18.812 0.066
2641.79899 18.754 0.058
2643.79647 19.019 0.066
2645.79412 19.081 0.079
2649.66987 18.891 0.058
2651.74962 19.001 0.064
2653.74342 18.965 0.082
2655.77789 19.101 0.087
2657.76193 18.898 0.078
2659.82307 19.131 0.106
2661.62322 19.060 0.056
2666.60713 19.181 0.078
2668.83489 18.885 0.089
2673.78087 18.914 0.079
2676.76116 18.974 0.071
2678.80712 19.069 0.061
2680.69930 19.033 0.062
2684.58162 18.891 0.081
2688.55530 19.141 0.087
2692.52976 18.996 0.077
2697.54466 18.832 0.058
2702.54625 18.904 0.093
2708.57309 18.862 0.065
2725.50556 19.083 0.090
2875.87425 19.037 0.082
2884.89631 18.946 0.061
2890.91627 18.957 0.104
2896.87115 19.255 0.099
2902.80219 19.050 0.054
2907.86286 19.044 0.065
2912.80609 19.114 0.060
2917.81436 18.809 0.053
2923.81706 19.306 0.094
2926.86951 19.092 0.062
2931.79824 19.143 0.077
2934.83839 19.196 0.079
2940.81866 19.124 0.064
2943.82345 19.028 0.057
2947.83164 18.865 0.050
2950.74803 19.236 0.085
2954.77398 19.178 0.099
2956.81423 19.163 0.077
2958.85873 18.808 0.064
2963.75014 18.813 0.061
2966.77038 18.744 0.041
2968.73912 18.916 0.053
2971.80110 18.852 0.062
2974.82415 18.798 0.049
2976.68405 18.872 0.054
2979.66796 18.827 0.065
2981.68854 19.151 0.148
2983.82042 19.245 0.098
2985.78748 18.795 0.050
2987.74400 19.009 0.062
2989.68421 19.033 0.056
2991.75807 19.168 0.071
2993.76421 18.822 0.052
2995.83948 19.097 0.069
2997.81063 19.193 0.071
2998.75604 18.887 0.057
3000.76461 19.206 0.077
3002.75616 19.273 0.078
3004.74911 18.851 0.048
3006.74234 18.979 0.057
3008.70190 19.215 0.118
3010.80302 18.856 0.054
3012.80856 18.937 0.106
3016.75298 19.131 0.061
3018.78365 18.798 0.056
3020.84726 19.092 0.077
3021.87220 18.836 0.069
3023.73352 18.875 0.052
3025.73671 19.008 0.049
3027.75526 19.096 0.066
3029.73969 19.014 0.060
3031.81169 18.916 0.069
3034.63678 19.130 0.049
3036.66699 19.001 0.058
3039.60902 18.786 0.053
3041.69187 18.785 0.074
3042.71691 18.824 0.078
3044.65597 19.055 0.077
3046.64211 19.108 0.083
3048.67526 19.315 0.075
3050.67206 18.946 0.053
3052.66852 18.949 0.052
3054.67406 19.286 0.094
3056.66185 19.163 0.069
3058.65511 18.870 0.056
3060.70455 18.977 0.057
3066.59232 18.821 0.070
3068.62050 18.987 0.081
3071.51883 18.856 0.060
3074.51844 18.921 0.075
3076.63753 19.083 0.100
3079.63489 19.031 0.058
3082.70253 19.080 0.054
3085.60574 18.923 0.053
3088.56195 18.830 0.068
3091.56628 18.932 0.070
3096.61276 18.841 0.089
3100.52443 19.256 0.131
3103.53208 19.152 0.083
3106.56447 19.061 0.058
3109.54901 18.999 0.060
3113.56653 19.309 0.126
3127.52447 19.173 0.068
3133.54014 19.105 0.090
3230.91488 19.124 0.074
3242.88923 19.049 0.073
3249.85622 19.171 0.093
3260.84816 19.045 0.065
3264.89017 18.871 0.039
3271.83859 18.981 0.078
3274.84189 19.150 0.086
3279.79554 19.117 0.074
3282.86113 19.005 0.053
3291.78407 18.945 0.060
3295.80453 19.225 0.057
3297.79599 19.085 0.044
3299.86390 19.041 0.036
3301.87538 19.196 0.099
3305.76628 19.172 0.074
3309.82757 19.037 0.057
3315.86057 19.077 0.069
3321.72767 18.856 0.060
3324.83559 18.836 0.058
3333.82538 19.128 0.091
3336.66739 19.010 0.069
3339.84926 19.005 0.074
3353.75080 18.966 0.052
3357.77845 19.272 0.074
3360.75631 19.058 0.054
3363.83087 19.211 0.070
3370.78815 18.945 0.070
3376.74022 19.168 0.074
3378.76539 18.886 0.058
3394.64891 18.865 0.060
3396.67527 18.867 0.062
3399.80248 19.024 0.099
3402.71250 18.993 0.050
3404.64407 19.081 0.064
3409.56098 19.098 0.066
3418.55610 18.958 0.068
3426.54759 18.972 0.062
3432.53343 18.843 0.046
3439.50953 18.767 0.058
3447.53499 19.100 0.093
3457.51194 19.267 0.103
3603.86589 19.010 0.073
3620.90222 19.146 0.054
3630.81330 18.879 0.087
3637.75397 19.099 0.100
3640.80991 18.998 0.056
3651.84243 18.970 0.064
3654.88857 18.985 0.075
3658.85458 18.994 0.071
3660.85195 18.785 0.068
3664.86152 19.121 0.054
3668.84541 18.743 0.056
3672.83407 19.110 0.066
3676.72084 18.790 0.049
3685.79072 19.238 0.066
3688.72486 19.154 0.061
3690.79960 18.710 0.053
3693.70130 19.170 0.071
3695.86622 18.875 0.097
3699.75669 19.297 0.065
3701.80982 18.787 0.050
3703.80850 18.865 0.046
3706.68409 18.891 0.041
3711.71931 18.804 0.045
3713.80719 19.134 0.070
3715.78370 19.147 0.064
3718.75260 19.263 0.081
3722.64747 18.784 0.049
3726.72967 19.248 0.085
3728.79200 18.821 0.041
3730.76174 18.933 0.045
3732.83724 19.149 0.061
3734.83011 18.865 0.046
3735.67846 19.010 0.044
3737.83701 19.297 0.060
3739.85568 18.916 0.049
3741.59395 18.855 0.053
3746.80828 19.126 0.082
3748.78702 19.438 0.144
3750.80180 18.843 0.060
3753.67487 19.065 0.071
3755.75646 18.908 0.066
3757.77590 19.203 0.062
3760.75557 18.929 0.064
3763.70849 18.913 0.037
3766.72527 18.935 0.071
3770.75274 19.129 0.087
3774.62608 18.944 0.058
3777.58463 19.252 0.077
3779.70893 18.910 0.077
3781.74898 19.072 0.074
3786.60134 19.009 0.061
3793.55100 19.311 0.079
3801.54096 19.098 0.062
3811.53352 18.761 0.061
3828.49739 18.919 0.062
3958.92281 18.705 0.062
3965.87621 19.032 0.048
3970.89637 19.226 0.069
3982.84694 18.893 0.056
3993.80006 18.886 0.069
4002.86048 19.340 0.069
4004.87877 18.811 0.041
4006.78828 18.883 0.046
4008.80933 18.994 0.050
4013.82092 19.087 0.086
4019.82368 18.967 0.057
4024.81520 19.263 0.074
4026.88422 18.866 0.083
4029.83025 19.053 0.061
4032.86499 19.328 0.091
4039.69717 18.784 0.052
4041.77091 18.952 0.056
4043.77601 19.081 0.087
4049.73919 19.026 0.050
4052.80070 18.999 0.049
4054.78748 19.206 0.066
4056.84599 18.806 0.045
4059.74064 19.183 0.065
4064.85439 18.851 0.045
4066.81083 18.978 0.054
4068.84567 19.138 0.058
4070.76809 19.143 0.077
4074.80690 19.138 0.078
4077.85568 19.000 0.075
4080.73541 18.733 0.056
4083.72210 18.817 0.066
4085.78568 18.957 0.082
4095.64703 19.068 0.057
4103.77746 18.881 0.069
4112.78254 18.954 0.057
4121.77709 18.998 0.070
4126.75655 18.979 0.069
4129.79015 19.001 0.052
4143.56699 19.299 0.078
4157.56500 19.219 0.102
4169.52196 18.840 0.064
4199.49137 18.806 0.073
4343.88385 18.760 0.060
4348.85657 18.897 0.060
4353.88413 19.092 0.077
4358.83633 19.127 0.112
4363.85314 19.060 0.104
4367.84131 18.912 0.064
4371.79085 19.058 0.077
4378.73026 18.973 0.070
4381.76587 18.927 0.085
4386.88343 19.020 0.090
4390.84542 19.231 0.071
4395.71224 18.915 0.106
4399.87086 18.992 0.087
4408.72476 18.963 0.075
4412.80824 19.159 0.098
4427.75975 18.825 0.066
4430.76310 18.815 0.077
4433.78054 19.019 0.069
4437.70716 18.913 0.087
4440.72678 18.898 0.064
4443.84437 18.993 0.097
4449.78614 18.845 0.078
4451.82176 19.007 0.081
4455.79144 19.338 0.108
4458.77011 19.167 0.079
4462.76415 18.966 0.057
4464.80970 19.095 0.082
4467.78080 19.140 0.078
4472.69673 19.030 0.057
4476.78375 18.916 0.053
4480.73419 19.120 0.058
4484.81362 18.982 0.061
4488.73448 19.190 0.107
4492.75376 19.129 0.083
4497.75794 18.959 0.062
4500.63100 18.854 0.050
4502.74081 19.072 0.099
4507.74483 19.341 0.128
4509.69553 19.009 0.081
4512.74402 19.016 0.069
4518.69284 19.094 0.124
4521.73032 19.092 0.104
4524.62990 18.952 0.070
4530.65599 18.964 0.071
4533.62166 18.660 0.045
4534.62451 19.112 0.086
4538.63914 18.932 0.087
4542.54716 19.033 0.098
