 726.80107 18.874 0.034
 728.86435 18.895 0.033
 729.84723 18.817 0.047
 739.83192 19.279 0.067
 742.84424 19.353 0.069
 744.81708 19.227 0.053
 745.82663 19.298 0.053
 746.86473 19.294 0.051
 747.68411 19.052 0.045
 748.66146 19.124 0.062
 750.74175 18.953 0.050
 751.77225 19.093 0.051
 752.83362 19.260 0.053
 754.84192 19.037 0.068
 755.73917 18.944 0.058
 759.74239 18.851 0.033
 760.79688 18.892 0.039
 762.81759 18.911 0.045
 769.82999 18.720 0.044
 773.81740 19.291 0.061
 776.84342 19.395 0.062
 779.78431 19.282 0.065
 781.80089 19.271 0.070
 783.80930 19.429 0.044
 788.81175 19.213 0.043
 790.82653 19.242 0.045
 795.78325 18.968 0.042
 798.77853 18.927 0.044
 805.84012 18.790 0.069
 816.83418 19.382 0.058
 817.77665 19.362 0.062
 824.72404 19.075 0.056
 826.69633 19.077 0.049
 827.66678 19.074 0.044
 828.72621 19.033 0.052
 829.79073 19.052 0.071
 830.60778 18.596 0.040
 831.61579 18.716 0.038
 832.73863 18.915 0.045
 833.67142 18.718 0.025
 834.72450 18.820 0.044
 835.69166 18.656 0.030
 836.66051 18.927 0.039
 837.64201 19.508 0.044
 838.76967 18.856 0.072
 839.64066 19.491 0.063
 840.76109 18.722 0.034
 842.67316 19.393 0.071
 844.62090 19.131 0.065
 845.64599 19.254 0.038
 850.71703 19.410 0.072
 854.75447 19.250 0.088
 855.73908 19.211 0.094
 856.64644 19.178 0.077
 857.70472 19.150 0.072
 858.65854 19.088 0.122
 859.73446 19.209 0.062
 860.67566 19.110 0.062
 865.54333 18.877 0.054
 867.59878 18.769 0.040
 874.71029 18.780 0.032
 876.57946 19.290 0.047
 876.67965 19.009 0.038
 878.71633 18.795 0.047
 880.60311 19.418 0.070
 885.60980 19.309 0.125
 887.64813 19.233 0.101
 890.67169 19.225 0.068
 892.56525 19.024 0.045
 895.60860 18.878 0.045
 922.50580 19.098 0.050
 928.56772 19.098 0.094
 933.52999 18.867 0.043
 951.48792 19.193 0.057
1041.90211 18.757 0.035
1072.85044 19.021 0.042
1078.81058 19.340 0.053
1080.86481 18.671 0.028
1081.81420 19.421 0.061
1083.88244 19.073 0.050
1084.79605 19.334 0.065
1086.81638 19.233 0.051
1089.77943 19.407 0.065
1090.80120 19.197 0.063
1091.85937 19.412 0.100
1092.85772 19.428 0.076
1102.86338 19.100 0.035
1107.84635 19.064 0.042
1109.79608 18.770 0.043
1113.85951 18.758 0.035
1116.80375 19.186 0.036
1126.70550 19.212 0.059
1129.80424 19.348 0.050
1131.80891 19.246 0.070
1132.80077 19.172 0.053
1134.81383 19.181 0.042
1142.75115 18.803 0.030
1151.84580 18.745 0.038
1153.71742 19.282 0.057
1155.67311 19.426 0.085
1157.73370 19.172 0.075
1159.73868 19.253 0.058
1161.80375 19.295 0.045
1163.80039 19.190 0.054
1165.80058 19.290 0.053
1167.73530 19.106 0.054
1171.71414 19.002 0.036
1174.84197 19.058 0.044
1178.75994 18.920 0.044
1181.72550 18.717 0.041
1183.75903 18.786 0.033
1185.80795 18.880 0.038
1187.76121 18.601 0.033
1189.74957 19.305 0.053
1191.81447 18.716 0.029
1192.84524 18.673 0.029
1194.66474 19.353 0.058
1196.68160 19.217 0.062
1202.68698 19.195 0.057
1204.66713 19.095 0.049
1207.67990 19.020 0.051
1211.69103 19.107 0.056
1213.72172 19.070 0.061
1214.72962 19.021 0.056
1215.55575 19.350 0.054
1216.62381 18.970 0.043
1217.69142 18.703 0.034
1219.62863 19.414 0.072
1221.59932 19.406 0.063
1223.68947 19.407 0.071
1224.56912 19.201 0.067
1226.57737 19.410 0.059
1227.58443 19.177 0.051
1232.67400 19.309 0.059
1235.57519 19.150 0.058
1237.55912 19.019 0.084
1238.66112 19.157 0.077
1241.56135 18.877 0.045
1242.63471 19.055 0.053
1243.60228 18.943 0.048
1245.54702 18.727 0.044
1247.68141 19.033 0.056
1248.64914 18.877 0.045
1251.60368 18.633 0.042
1254.55756 19.352 0.076
1255.59057 19.532 0.102
1258.58787 19.376 0.059
1260.61499 19.327 0.056
1266.60041 19.290 0.085
1268.52155 19.032 0.066
1275.53895 18.943 0.059
1278.52156 18.784 0.049
1281.52961 18.677 0.047
1290.49933 19.376 0.097
1296.59023 19.205 0.072
1300.53632 19.175 0.083
1305.51473 19.037 0.060
1308.54572 19.118 0.066
1315.50490 18.910 0.080
1318.48762 18.782 0.058
1320.52980 18.842 0.063
1431.83556 19.263 0.054
1433.83213 19.355 0.074
1435.88004 19.280 0.061
1437.87274 19.458 0.072
1441.84888 19.295 0.054
1443.80307 18.943 0.071
1447.77682 18.923 0.078
1448.86754 19.205 0.078
1453.78949 18.831 0.063
1458.77170 19.214 0.072
1460.78348 19.332 0.070
1461.73966 19.297 0.063
1471.75010 19.280 0.063
1475.84454 19.250 0.058
1478.76926 19.129 0.056
1481.83148 19.198 0.059
1484.83581 19.213 0.045
1487.82858 18.967 0.045
1491.76733 18.726 0.041
1493.70924 19.362 0.076
1495.75269 19.177 0.051
1498.67384 19.258 0.063
1500.81435 19.339 0.048
1503.70466 19.277 0.068
1505.81150 19.359 0.072
1507.70756 19.354 0.085
1508.82414 19.172 0.050
1509.68567 19.166 0.054
1510.65119 19.014 0.039
1511.73380 19.159 0.057
1512.76783 19.159 0.054
1514.78233 19.230 0.062
1516.82809 19.309 0.056
1518.69999 19.062 0.047
1520.72529 18.958 0.044
1522.72598 18.948 0.042
1523.72613 18.972 0.056
1525.70207 18.650 0.033
1527.76741 18.731 0.033
1528.69334 18.892 0.035
1529.81878 19.008 0.042
1531.71073 19.368 0.061
1538.66785 19.302 0.057
1541.62368 19.189 0.043
1542.77805 19.236 0.057
1544.68039 19.380 0.051
1546.70507 19.207 0.067
1547.70668 19.189 0.038
1548.68384 19.189 0.045
1551.71321 19.100 0.035
1552.64612 19.059 0.052
1553.66981 18.892 0.039
1554.64842 18.947 0.038
1555.67290 18.939 0.048
1556.64704 18.828 0.036
1560.63876 18.598 0.041
1564.55789 19.239 0.074
1568.63456 19.326 0.072
1571.64425 19.391 0.057
1575.65863 19.406 0.074
1578.69894 19.310 0.072
1580.70974 19.215 0.051
1582.64422 19.202 0.062
1588.63827 19.012 0.062
1591.60213 18.986 0.088
1595.59536 18.654 0.039
1599.66135 18.718 0.034
1600.62821 18.938 0.063
1601.62136 19.294 0.081
1602.68781 18.602 0.038
1604.61941 19.341 0.061
1606.57637 19.312 0.065
1609.53262 19.234 0.076
1610.54754 19.279 0.084
1611.60762 19.181 0.058
1613.58801 19.409 0.068
1614.65906 19.414 0.093
1616.51672 19.057 0.042
1618.66591 19.217 0.069
1619.55595 19.074 0.069
1621.55209 18.912 0.057
1623.64924 19.061 0.069
1625.63029 18.983 0.054
1627.60059 19.027 0.074
1628.54050 18.675 0.038
1630.51213 19.300 0.083
1631.50996 19.423 0.074
1633.62537 18.729 0.035
1635.50835 19.330 0.068
1643.58437 19.100 0.086
1645.51745 19.244 0.107
1653.50279 19.064 0.069
1655.54669 18.941 0.057
1657.55618 18.996 0.068
1659.57079 19.070 0.063
1662.53837 18.896 0.045
1664.56144 18.813 0.053
1669.53135 18.910 0.071
1672.50407 19.466 0.095
1687.50168 19.103 0.092
1695.48703 18.876 0.054
1766.87979 18.758 0.060
1768.86541 18.693 0.048
1773.92373 18.618 0.040
1782.85497 19.136 0.058
1788.86341 19.173 0.050
1804.85864 18.830 0.044
1811.87921 19.183 0.047
1815.85540 19.353 0.058
1822.73710 19.179 0.056
1829.88637 19.141 0.072
1844.79428 19.287 0.056
1850.77561 19.255 0.061
1854.83261 19.303 0.045
1858.77974 19.315 0.087
1860.82208 19.251 0.067
1863.79523 19.028 0.045
1866.74592 18.913 0.042
1868.72701 18.944 0.033
1870.84805 19.085 0.059
1874.76885 18.820 0.034
2166.89599 19.266 0.078
2173.81641 19.132 0.065
2189.88779 18.721 0.056
2192.79042 19.373 0.069
2201.80321 19.149 0.049
2212.83488 19.151 0.068
2217.81969 18.937 0.068
2223.83950 18.944 0.056
2226.81951 18.735 0.051
2228.85650 18.650 0.044
2230.77004 19.225 0.068
2232.78980 19.392 0.101
2234.78398 19.297 0.076
2238.74766 19.248 0.066
2243.68943 19.047 0.074
2248.75732 19.060 0.058
2251.71927 18.844 0.044
2253.80337 18.897 0.045
2255.67832 18.975 0.062
2261.69858 19.476 0.083
2264.77964 19.345 0.065
2269.81304 19.347 0.077
2271.76044 19.252 0.058
2273.84552 19.271 0.087
2274.63016 18.975 0.080
2276.73728 19.250 0.078
2278.63580 18.979 0.058
2280.63400 19.020 0.061
2282.64257 18.918 0.058
2284.63382 18.772 0.054
2289.77622 19.034 0.063
2291.78431 19.002 0.078
2293.75006 18.854 0.072
2295.77197 18.801 0.043
2297.76528 18.733 0.050
2299.80585 18.614 0.059
2301.69995 19.241 0.109
2303.69614 19.136 0.101
2321.64656 18.904 0.054
2327.52508 19.189 0.083
2332.55796 19.438 0.136
2333.52201 19.345 0.120
2339.51019 19.092 0.078
2347.50489 18.957 0.072
2402.49883 19.579 0.150
2524.89464 19.058 0.070
2537.89458 18.716 0.071
2542.85715 19.350 0.074
2552.80423 19.270 0.080
2556.79747 19.037 0.062
2559.84565 19.120 0.069
2563.89091 18.943 0.092
2564.81361 18.931 0.060
2573.81546 19.310 0.096
2578.73963 19.144 0.085
2583.77512 19.258 0.089
2589.81785 19.162 0.061
2596.70611 18.784 0.072
2605.70737 19.500 0.092
2609.69811 19.340 0.098
2614.63292 19.199 0.060
2618.69058 19.231 0.075
2620.81853 19.199 0.061
2623.78941 19.245 0.074
2627.65416 18.978 0.088
2629.67768 18.959 0.066
2634.72577 19.000 0.061
2635.59788 19.500 0.078
2639.62284 19.316 0.050
2641.68833 19.506 0.092
2643.69711 19.356 0.075
2645.68652 19.402 0.066
2647.64424 19.311 0.078
2650.85967 18.654 0.039
2653.62582 19.226 0.084
2655.73911 19.336 0.092
2657.59178 19.041 0.062
2659.60678 19.045 0.067
2661.82478 19.300 0.100
2663.83883 19.328 0.134
2665.84374 19.357 0.111
2668.59373 18.734 0.068
2670.59888 18.953 0.066
2672.58545 19.488 0.125
2674.60683 19.449 0.089
2676.59330 19.243 0.080
2678.66224 19.376 0.088
2678.66608 19.487 0.098
2680.59179 19.329 0.076
2682.64062 19.426 0.104
2686.63517 19.407 0.107
2695.61752 19.038 0.079
2700.57163 18.783 0.057
2706.59047 18.658 0.061
2713.55552 19.464 0.133
2840.93324 19.027 0.075
2868.87300 19.141 0.069
2885.83797 19.325 0.066
2892.86754 19.263 0.098
2897.83688 19.288 0.086
2903.88267 19.187 0.050
2906.88582 19.115 0.049
2911.76562 18.621 0.035
2916.80970 18.825 0.040
2922.79958 19.334 0.105
2925.88810 19.305 0.114
2930.80074 19.277 0.071
2933.84509 19.252 0.057
2939.85337 19.336 0.098
2942.80300 19.035 0.051
2944.84740 18.993 0.060
2946.84931 19.004 0.057
2948.86575 18.940 0.053
2952.83984 18.813 0.051
2956.67909 19.321 0.089
2958.70580 19.317 0.081
2962.71666 19.232 0.063
2965.73576 19.246 0.052
2967.83530 19.222 0.054
2970.80067 19.254 0.050
2974.73847 18.956 0.051
2976.77317 18.994 0.051
2978.73700 19.083 0.071
2978.75326 19.070 0.069
2980.69331 18.679 0.041
2982.65272 19.171 0.068
2984.70328 18.809 0.044
2986.78138 18.799 0.052
2988.75065 18.870 0.054
2990.62281 19.211 0.060
2992.77338 19.403 0.066
2994.61962 19.325 0.080
2995.62923 19.239 0.045
2997.63820 19.231 0.052
2999.75792 19.362 0.076
3001.72973 19.315 0.068
3003.70325 19.235 0.061
3005.69401 19.127 0.068
3007.70843 19.072 0.061
3009.70649 19.062 0.056
3011.67580 19.036 0.074
3013.67904 18.909 0.057
3017.68944 18.859 0.065
3019.61701 19.310 0.068
3021.73616 18.794 0.040
3023.59814 19.263 0.053
3024.79918 18.886 0.041
3026.79549 18.754 0.035
3028.80746 18.713 0.038
3031.66940 19.280 0.057
3033.73335 19.265 0.051
3035.73969 19.322 0.072
3038.71808 19.177 0.063
3041.58627 18.936 0.086
3043.62165 19.115 0.076
3045.65533 19.106 0.066
3047.60940 18.850 0.053
3049.61502 18.838 0.036
3051.58229 18.563 0.038
3053.57742 19.269 0.068
3055.57656 19.609 0.101
3057.60141 19.415 0.081
3060.62389 19.297 0.072
3064.62822 19.370 0.093
3067.68520 19.225 0.071
3070.53355 19.100 0.080
3073.60023 19.418 0.124
3075.64945 19.139 0.065
3078.56956 19.026 0.080
3082.55893 18.879 0.059
3084.63584 18.962 0.049
3087.59750 18.678 0.041
3090.56129 19.462 0.115
3099.49610 19.210 0.090
3102.52290 19.253 0.092
3105.56152 19.419 0.122
3108.53999 19.173 0.066
3112.51134 19.014 0.068
3116.49862 18.915 0.066
3126.50434 19.343 0.084
3146.46686 19.024 0.072
3241.89188 19.278 0.078
3247.92472 19.259 0.102
3256.90326 19.062 0.062
3263.87815 18.654 0.030
3268.89372 19.000 0.049
3273.86898 19.447 0.084
3277.85820 19.278 0.063
3281.84830 19.239 0.051
3287.70986 18.820 0.044
3289.86205 19.075 0.057
3294.85751 18.978 0.040
3296.86526 18.909 0.047
3301.71622 19.263 0.084
3304.77888 19.507 0.103
3306.85991 19.347 0.076
3308.87668 19.416 0.134
3311.68702 19.113 0.059
3320.72981 19.037 0.050
3327.69884 18.642 0.036
3329.84946 18.928 0.044
3334.75540 19.125 0.087
3338.80552 18.949 0.043
3350.63179 18.971 0.042
3354.63752 18.963 0.056
3358.69099 18.939 0.044
3361.79126 19.076 0.054
3363.74620 18.845 0.052
3367.70002 18.731 0.052
3372.71844 19.308 0.056
3378.63118 19.340 0.094
3382.60937 19.114 0.085
3391.69874 19.146 0.071
3395.69015 18.908 0.067
3399.66622 18.932 0.056
3402.68308 18.673 0.039
3404.61366 19.434 0.083
3408.56428 19.283 0.066
3412.60970 19.270 0.068
3416.59310 19.273 0.069
3424.59620 19.191 0.089
3430.57060 18.781 0.047
3437.50882 19.226 0.072
3445.51352 19.457 0.103
3453.53527 19.029 0.068
3462.51053 18.923 0.065
3582.91714 19.123 0.078
3589.92391 19.379 0.065
3617.90935 19.468 0.096
3629.84900 19.160 0.070
3634.81437 18.934 0.053
3639.86729 18.899 0.042
3641.85818 18.901 0.056
3650.85351 19.404 0.060
3653.88138 19.445 0.072
3657.83462 19.414 0.068
3661.81848 19.440 0.100
3666.81470 19.216 0.071
3671.84757 19.099 0.057
3675.83014 18.843 0.042
3683.85126 18.577 0.035
3687.74397 19.280 0.065
3689.84444 19.440 0.080
3692.76833 19.307 0.074
3694.78323 19.285 0.071
3696.72570 19.297 0.058
3699.72826 19.120 0.047
3701.77935 19.187 0.056
3704.68831 18.827 0.040
3706.81709 19.141 0.062
3711.69077 18.705 0.040
3713.70448 18.882 0.048
3716.80364 18.774 0.038
3719.78457 18.905 0.074
3725.77623 19.268 0.080
3727.75101 19.243 0.058
3730.64632 19.144 0.042
3732.67083 19.158 0.049
3734.76881 19.156 0.048
3736.78519 19.295 0.061
3737.67376 18.910 0.044
3739.77278 19.158 0.047
3742.59574 18.761 0.058
3745.70724 18.859 0.041
3749.61964 19.387 0.111
3751.72376 18.622 0.040
3753.59539 19.277 0.072
3755.63292 19.439 0.096
3757.66639 19.284 0.075
3759.73001 19.289 0.054
3762.71833 19.215 0.066
3765.73690 19.290 0.043
3770.57841 19.054 0.054
3773.58578 18.896 0.049
3776.58481 18.747 0.043
3779.57482 18.724 0.053
3782.62457 18.669 0.040
3787.54942 19.252 0.067
3791.59664 19.286 0.071
3799.52113 19.059 0.088
3821.49913 19.256 0.062
3945.92378 19.056 0.051
3963.91997 19.533 0.107
3969.85043 19.313 0.078
3975.90048 19.326 0.069
3981.82968 18.876 0.057
3995.88010 19.126 0.074
4001.83320 19.347 0.071
4005.81104 19.312 0.057
4007.81512 19.284 0.060
4011.81525 19.124 0.093
4018.80678 18.845 0.045
4023.83887 18.785 0.061
4026.74525 19.360 0.063
4028.88141 18.716 0.050
4031.76915 19.413 0.094
4037.87825 19.330 0.095
4040.84518 19.334 0.084
4042.86089 19.415 0.084
4048.82544 19.273 0.090
4052.66760 18.665 0.031
4053.86523 19.210 0.085
4056.71213 18.689 0.047
4058.65019 19.552 0.088
4063.64422 19.334 0.068
4066.64202 19.458 0.092
4069.70764 19.417 0.072
4071.63625 19.143 0.067
4076.70850 19.204 0.071
4079.72118 19.246 0.090
4085.70340 19.020 0.060
4092.82072 19.057 0.050
4112.69221 19.186 0.045
4117.68108 19.110 0.063
4124.73996 19.195 0.059
4129.75252 18.950 0.052
4142.61154 19.297 0.084
4150.59997 19.132 0.051
4155.51331 18.809 0.058
4196.49164 19.045 0.070
4341.86766 19.334 0.098
4347.81760 19.322 0.090
4351.86353 19.216 0.074
4363.80010 18.863 0.069
4366.85066 18.871 0.062
4369.89119 18.908 0.065
4372.79414 18.974 0.052
4376.88451 18.640 0.059
4379.89095 18.990 0.077
4386.75208 19.337 0.067
4388.88998 19.193 0.172
4393.76303 19.067 0.059
4398.83929 19.119 0.063
4403.84570 19.017 0.079
4411.77465 19.464 0.078
4411.83632 18.730 0.048
4418.72549 19.251 0.059
4422.82207 19.340 0.063
4429.75329 19.103 0.121
4436.72963 18.774 0.052
4439.79532 18.975 0.079
4443.66502 19.379 0.104
4448.81901 18.624 0.040
4451.65924 19.360 0.077
4455.65801 19.221 0.094
4457.71355 19.196 0.083
4460.74363 19.180 0.086
4464.70630 19.060 0.051
4467.69881 19.029 0.050
4471.70053 18.908 0.049
4476.66756 18.696 0.035
4480.66735 19.324 0.075
4484.74637 19.253 0.089
4488.66889 19.169 0.088
4493.67102 19.219 0.088
4506.58054 18.707 0.057
4508.59055 18.645 0.047
4510.66970 18.832 0.059
4516.61943 19.476 0.149
4519.68586 19.384 0.119
4521.53463 19.262 0.081
4524.51980 19.025 0.087
4530.59925 19.093 0.076
4532.62750 19.134 0.077
4537.58916 19.043 0.069
4540.64034 19.055 0.088
