2116.77407 17.067 0.017
2128.66003 16.701 0.012
2131.63601 16.957 0.015
2135.54583 16.690 0.011
2138.69366 17.162 0.018
2143.61495 16.753 0.012
2162.60681 16.768 0.012
2170.51307 17.253 0.016
2173.58704 16.872 0.015
2183.52995 17.125 0.022
2184.58585 17.015 0.018
2195.56808 17.110 0.019
2200.54233 16.714 0.015
2326.87360 17.354 0.025
2346.81668 17.072 0.015
2351.81831 16.801 0.012
2360.82702 17.348 0.017
2371.78369 17.205 0.016
2380.78819 17.148 0.021
2384.76018 17.071 0.015
2388.76377 17.075 0.017
2390.73362 17.342 0.022
2397.89196 16.957 0.014
2401.69434 17.038 0.014
2403.75558 17.110 0.013
2405.69140 17.355 0.018
2415.69288 16.918 0.017
2417.77009 17.341 0.021
2431.70426 16.707 0.012
2433.67917 17.122 0.015
2434.82503 17.109 0.015
2436.61430 17.206 0.017
2438.62997 16.783 0.012
2440.61133 17.173 0.016
2443.64641 17.350 0.022
2445.54153 16.789 0.015
2452.61311 17.090 0.018
2458.74907 16.756 0.012
2462.66556 16.757 0.012
2464.53290 16.819 0.013
2467.45885 16.936 0.030
2469.46941 17.292 0.019
2471.75990 17.248 0.015
2473.45808 17.220 0.029
2483.51280 16.848 0.012
2490.48950 16.987 0.014
2495.51696 16.675 0.013
2497.57801 17.200 0.014
2499.61530 16.832 0.012
2501.64220 17.233 0.016
2511.62123 16.672 0.015
2518.57199 16.800 0.012
2521.56791 17.017 0.014
2535.49694 17.155 0.022
2539.59339 17.228 0.019
2540.57148 17.069 0.020
2545.52343 16.617 0.012
2555.52249 17.064 0.019
2561.54680 17.186 0.024
2701.88254 16.797 0.012
2712.87975 16.672 0.012
2727.84236 16.692 0.012
2732.85630 17.326 0.019
2743.84797 17.024 0.014
2748.86763 17.201 0.024
2748.87967 17.193 0.022
2755.87041 17.378 0.021
2765.88818 16.910 0.013
2769.92977 16.975 0.013
2782.80168 17.180 0.020
2784.79491 16.745 0.012
2786.68553 17.057 0.017
2788.83743 16.808 0.011
2790.88184 17.184 0.016
2794.67787 16.965 0.015
2796.61511 17.184 0.015
2802.67225 16.849 0.016
2808.71976 17.240 0.019
2810.63847 16.657 0.012
2812.61539 17.098 0.016
2813.70436 17.065 0.015
2815.64395 17.289 0.019
2816.77906 17.206 0.017
2817.78842 17.099 0.018
2819.56322 17.148 0.016
2821.55220 16.626 0.012
2830.58783 17.205 0.037
2835.51978 16.984 0.021
2836.74785 17.088 0.019
2838.64413 17.256 0.019
2840.56819 16.735 0.012
2842.61913 17.191 0.016
2844.67959 16.910 0.013
2849.50448 17.214 0.020
2851.60910 16.953 0.014
2853.61974 17.312 0.016
2856.49757 17.325 0.021
2858.46920 16.853 0.021
2859.53433 16.718 0.018
2860.58797 16.899 0.016
2863.67498 16.943 0.018
2867.58127 16.693 0.013
2870.65948 17.084 0.015
2874.62695 17.006 0.018
2878.54011 16.776 0.012
2884.61153 17.195 0.019
2893.63931 17.053 0.014
2896.50209 17.065 0.017
2906.64223 16.582 0.013
2910.63447 16.648 0.019
2912.62155 17.072 0.021
2924.54487 16.771 0.013
2934.56173 17.121 0.021
2942.52251 17.072 0.019
3048.86202 16.992 0.015
3056.89464 16.980 0.019
3060.89615 16.916 0.014
3066.88954 17.189 0.015
3069.84214 17.351 0.022
3071.84976 16.989 0.016
3074.83736 17.107 0.015
3076.87463 16.650 0.012
3078.88419 17.131 0.020
3081.77746 17.166 0.016
3083.90293 16.928 0.012
3086.73048 16.817 0.012
3088.73414 17.186 0.015
3090.83359 17.000 0.013
3092.80880 17.281 0.020
3097.77158 17.029 0.015
3099.76589 17.333 0.023
3101.70799 16.897 0.023
3103.71015 17.205 0.024
3106.73790 16.568 0.015
3107.85051 17.002 0.017
3109.68784 16.737 0.012
3110.69850 17.393 0.021
3112.69897 17.023 0.014
3113.74217 16.803 0.011
3114.91641 16.838 0.012
3115.73929 17.198 0.015
3118.72434 17.356 0.021
3122.75041 17.367 0.022
3124.92695 17.162 0.019
3126.66595 17.187 0.016
3127.66799 17.060 0.016
3128.68642 16.808 0.013
3129.66580 17.343 0.021
3130.82826 17.304 0.021
3131.82775 17.210 0.024
3134.63504 17.112 0.017
3135.70134 17.033 0.015
3138.89841 17.102 0.016
3139.69719 16.978 0.013
3140.66467 16.557 0.011
3141.82834 16.569 0.010
3144.66060 16.865 0.012
3145.72839 17.322 0.018
3147.82202 17.071 0.014
3151.61735 16.622 0.014
3152.62629 17.290 0.017
3153.62767 17.136 0.017
3153.91823 16.616 0.012
3154.70387 17.065 0.017
3156.61202 17.207 0.020
3158.65247 16.916 0.017
3162.66959 16.916 0.013
3163.58785 17.366 0.017
3164.58128 17.186 0.014
3165.58097 16.993 0.014
3166.79183 17.092 0.019
3167.80649 16.816 0.014
3168.62209 17.190 0.015
3169.59239 16.927 0.012
3170.68727 16.845 0.011
3171.60521 17.299 0.015
3172.59493 17.096 0.013
3174.58095 16.630 0.010
3174.90007 17.105 0.016
3175.58219 17.205 0.014
3176.60816 17.115 0.016
3178.64401 16.548 0.011
3179.66841 17.322 0.016
3180.54298 16.988 0.013
3182.57735 17.340 0.019
3182.61657 16.820 0.013
3183.55009 17.147 0.015
3183.58020 17.204 0.014
3184.56023 16.967 0.012
3184.83068 17.310 0.018
3185.64388 16.833 0.012
3191.85954 16.560 0.012
3193.73115 16.926 0.014
3194.70664 16.616 0.011
3195.51543 17.024 0.013
3196.51379 16.718 0.016
3197.74952 16.911 0.012
3199.54946 17.042 0.015
3202.60932 17.211 0.017
3203.55337 16.990 0.012
3205.54989 17.368 0.018
3206.53190 17.133 0.014
3207.53492 16.963 0.017
3210.76250 17.299 0.019
3211.52133 16.845 0.013
3212.51629 16.873 0.016
3217.52674 17.197 0.016
3218.52416 17.055 0.017
3223.51554 16.643 0.013
3224.53096 17.368 0.017
3226.48590 16.885 0.015
3229.49446 17.088 0.013
3230.53444 16.934 0.012
3239.64306 16.715 0.012
3241.53044 17.062 0.016
3244.62897 17.280 0.030
3246.53110 16.682 0.012
3248.53873 17.188 0.018
3250.52366 16.613 0.012
3251.66737 16.609 0.012
3254.52595 16.568 0.012
3257.66342 17.072 0.014
3262.50704 17.368 0.023
3264.51459 16.994 0.015
3265.48577 16.618 0.014
3265.63025 16.993 0.016
3266.48845 17.328 0.023
3266.61471 16.587 0.013
3267.51676 17.153 0.017
3268.52382 17.018 0.015
3268.62630 17.107 0.015
3270.50830 17.272 0.031
3270.55515 17.380 0.034
3273.57360 16.749 0.016
3277.56394 16.645 0.012
3279.55852 17.143 0.018
3287.48277 16.986 0.021
3291.54125 17.014 0.016
3431.88098 17.036 0.013
3438.87920 17.172 0.014
3444.81581 17.239 0.013
3446.84078 17.096 0.015
3448.87043 16.688 0.010
3450.90945 17.104 0.013
3454.81631 16.962 0.019
3456.82393 17.309 0.016
3467.76231 17.322 0.017
3469.89778 17.102 0.012
3471.77445 17.325 0.022
3473.92846 17.099 0.017
3477.88768 17.069 0.012
3480.68650 16.943 0.012
3483.68136 17.092 0.014
3496.88526 17.075 0.016
3497.64856 17.299 0.021
3499.69090 16.962 0.011
3500.87748 17.042 0.012
3501.68245 17.296 0.017
3502.83937 17.329 0.015
3503.84102 17.151 0.013
3504.67306 16.544 0.011
3508.69095 16.529 0.012
3509.82697 16.647 0.010
3511.71405 16.860 0.012
3512.66518 17.227 0.017
3520.56538 17.177 0.018
3521.81615 17.312 0.016
3522.81167 17.137 0.014
3523.63467 16.579 0.010
3524.61884 17.212 0.012
3525.85022 17.331 0.015
3526.88336 17.161 0.016
3527.79647 16.860 0.012
3528.62685 17.194 0.014
3529.58406 16.975 0.012
3530.71865 16.945 0.010
3538.78689 16.962 0.012
3544.68118 17.149 0.018
3547.72582 17.372 0.021
3550.70152 16.617 0.009
3551.81408 16.579 0.011
3553.61681 16.742 0.012
3554.57227 17.297 0.022
3556.58081 16.911 0.013
3558.55067 17.184 0.017
3559.76728 17.313 0.013
3560.73532 17.085 0.013
3561.69988 16.796 0.010
3562.76347 16.589 0.010
3563.51289 16.995 0.013
3564.71669 17.101 0.017
3569.80031 16.927 0.016
3571.70190 17.167 0.026
3571.74184 17.274 0.035
3572.79793 17.144 0.021
3573.47266 17.175 0.024
3573.49962 17.188 0.024
3573.60881 17.344 0.019
3573.65452 16.703 0.012
3573.67514 16.546 0.011
3573.69858 16.621 0.011
3573.71996 16.650 0.012
3573.74994 16.740 0.013
3573.77206 16.778 0.014
3573.80341 16.834 0.017
3574.46928 17.007 0.018
3574.51789 17.084 0.015
3574.56210 17.130 0.014
3574.78377 17.029 0.016
3575.46445 16.738 0.015
3575.55060 16.896 0.011
3575.75727 17.203 0.015
3576.46715 17.373 0.019
3576.50879 17.023 0.013
3576.65507 16.784 0.011
3576.73943 16.970 0.014
3577.52067 17.180 0.012
3577.56123 17.250 0.014
3577.63484 17.329 0.016
3577.72275 16.599 0.009
3578.47145 16.962 0.012
3578.53455 17.070 0.012
3579.49291 16.708 0.010
3580.50860 17.342 0.015
3581.53832 17.194 0.014
3582.49710 17.001 0.013
3583.53677 16.746 0.011
3584.52293 17.325 0.014
3585.51352 17.156 0.012
3586.57187 17.067 0.012
3587.62790 16.884 0.014
3588.56444 17.273 0.013
3589.52320 17.127 0.012
3590.50324 16.911 0.011
3591.54812 16.643 0.010
3592.51452 17.280 0.015
3593.61008 17.197 0.014
3594.54539 16.949 0.011
3600.51159 17.247 0.028
3601.47459 16.991 0.014
3602.49964 16.747 0.012
3603.49364 17.381 0.021
3607.50977 17.323 0.015
3608.50134 17.157 0.016
3617.55488 16.965 0.014
3620.65854 17.203 0.014
3629.64286 16.948 0.018
3632.52909 16.965 0.014
3634.59237 16.986 0.013
3640.57284 16.962 0.012
3646.50038 17.202 0.020
3651.49199 16.939 0.017
3653.51988 17.334 0.024
3773.87644 16.767 0.014
3779.88168 17.175 0.018
3786.83278 17.194 0.017
3790.83364 17.190 0.019
3793.82366 17.325 0.017
3795.81335 16.964 0.015
3797.80858 17.232 0.016
3798.85674 17.150 0.014
3800.90390 16.731 0.012
3802.89764 17.191 0.016
3804.81213 16.849 0.013
3805.84958 17.227 0.016
3806.84610 17.079 0.014
3808.81928 17.178 0.014
3809.82294 17.191 0.015
3810.87095 17.089 0.014
3811.89817 16.890 0.012
3813.88388 17.223 0.016
3814.88139 17.082 0.015
3818.79121 16.893 0.012
3819.85491 16.694 0.010
3820.81865 17.264 0.014
3821.82293 17.115 0.012
3822.86934 16.994 0.012
3823.83308 16.559 0.009
3824.83480 17.236 0.017
3825.85661 17.116 0.013
3826.83452 16.870 0.012
3827.85741 16.569 0.010
3828.83296 17.195 0.016
3829.81116 17.048 0.012
3830.80077 16.733 0.012
3832.79513 17.159 0.013
3832.83132 17.207 0.013
3833.70170 16.811 0.012
3834.84369 16.797 0.011
3835.79411 17.328 0.015
3836.79218 17.151 0.015
3837.78905 16.919 0.012
3838.79322 16.602 0.012
3839.78918 17.244 0.016
3840.79629 17.109 0.014
3841.77438 16.840 0.012
3845.77268 16.819 0.014
3846.77978 17.024 0.012
3847.85545 17.275 0.019
3848.80341 17.068 0.013
3849.81036 16.842 0.012
3850.74949 17.347 0.016
3851.75941 17.150 0.014
3852.74790 16.965 0.013
3853.74067 16.566 0.009
3856.72956 16.871 0.012
3858.78969 17.317 0.016
3859.68690 17.014 0.015
3860.87985 17.103 0.016
3861.72170 17.193 0.015
3862.73510 17.204 0.014
3863.74859 17.048 0.012
3864.73989 16.793 0.011
3865.62528 17.194 0.015
3866.62552 17.083 0.015
3867.77819 17.096 0.014
3868.62670 17.126 0.018
3869.79080 16.818 0.015
3873.61144 17.135 0.015
3874.83469 17.187 0.014
3875.60607 16.618 0.010
3876.71389 16.561 0.008
3877.60064 17.107 0.012
3880.70751 17.037 0.013
3881.71217 17.211 0.015
3882.64717 16.931 0.012
3883.69977 16.740 0.011
3886.65851 16.928 0.012
3887.65410 16.549 0.009
3889.80880 17.217 0.015
3890.59944 16.719 0.012
3891.73214 16.677 0.012
3892.78501 16.986 0.012
3893.68313 17.111 0.016
3894.73067 16.976 0.013
3896.67292 17.172 0.018
3900.58338 17.094 0.015
3901.60358 16.910 0.013
3902.61817 16.590 0.010
3903.71395 16.929 0.013
3904.60118 17.090 0.012
3905.60142 16.868 0.011
3906.58950 16.909 0.012
3907.64632 17.272 0.022
3908.57947 17.032 0.012
3909.58554 16.746 0.011
3910.64071 16.563 0.010
3912.58695 17.005 0.012
3913.58446 16.692 0.010
3914.60241 17.350 0.016
3915.58233 17.142 0.014
3916.63352 17.052 0.013
3917.67394 16.837 0.012
3918.67276 16.823 0.012
3919.61377 17.159 0.015
3920.56573 16.876 0.012
3920.84332 17.222 0.015
3921.57783 16.567 0.012
3930.61870 17.251 0.017
3931.56386 17.015 0.015
3931.70146 17.155 0.013
3932.65435 16.897 0.012
3933.56797 17.309 0.014
3934.53870 17.092 0.014
3935.61688 17.048 0.013
3936.53917 16.543 0.010
3937.61478 17.307 0.016
3938.54782 17.081 0.015
3940.68389 16.849 0.010
3944.61885 16.658 0.010
3945.56922 17.206 0.014
3946.56641 17.090 0.015
3950.56988 17.050 0.013
3951.57857 16.790 0.012
3956.61568 16.972 0.015
3957.55332 17.144 0.017
3958.62577 17.060 0.016
3959.56599 16.627 0.011
3960.54367 17.239 0.014
3961.61886 17.245 0.022
3963.58882 16.609 0.010
3964.57858 17.258 0.014
3965.57215 17.089 0.012
3966.56002 16.842 0.012
3967.59249 16.553 0.011
3968.54660 17.189 0.015
3969.55398 17.047 0.012
3970.55888 16.802 0.012
3971.59889 16.570 0.011
3973.62862 17.101 0.014
3974.56102 16.733 0.013
3975.55600 17.340 0.015
3976.55351 17.142 0.013
3979.56814 17.401 0.021
3982.48710 17.113 0.029
3986.63007 16.723 0.014
3987.55008 17.213 0.015
3988.56299 17.090 0.012
3989.63275 17.009 0.018
3991.52582 17.208 0.019
3994.59437 16.598 0.012
3995.62205 17.227 0.012
3999.52853 17.172 0.017
4001.55193 16.645 0.011
4002.54864 17.290 0.015
4004.57150 17.010 0.015
4005.58697 16.684 0.011
4006.57266 17.305 0.017
4011.48970 17.027 0.016
4012.57655 16.931 0.017
4015.51629 17.005 0.018
4017.49091 17.324 0.018
4019.49517 16.907 0.014
4021.50110 17.271 0.025
4024.53073 16.621 0.012
4026.52626 17.087 0.014
4028.54236 16.566 0.012
4031.54230 16.884 0.017
4145.88188 16.648 0.016
4151.84141 17.050 0.019
4154.85104 17.199 0.017
4157.82133 17.307 0.018
4159.83766 16.972 0.015
4161.89127 17.226 0.019
4163.90723 17.021 0.017
4166.83966 17.115 0.021
4168.87459 16.604 0.012
4170.89166 17.117 0.017
4175.90396 16.926 0.013
4177.80153 17.125 0.017
4178.85483 17.049 0.015
4179.89456 16.844 0.013
4181.83135 17.148 0.015
4182.87971 17.052 0.014
4183.91200 16.816 0.012
4184.77104 17.168 0.015
4185.88965 17.190 0.017
4190.77630 16.746 0.013
4191.87593 16.603 0.013
4192.79457 17.207 0.020
4193.81300 17.063 0.016
4194.83452 16.823 0.012
4196.82300 17.205 0.017
4202.80453 16.606 0.011
4203.79260 17.246 0.016
4204.78472 17.076 0.014
4205.78306 16.868 0.012
4207.77944 17.197 0.016
4208.77644 17.078 0.013
4213.78367 16.729 0.012
4215.79013 17.185 0.017
4216.74788 16.928 0.013
4217.75547 16.612 0.011
4218.80744 17.318 0.021
4219.83029 17.199 0.018
4220.76556 16.915 0.014
4222.73714 17.194 0.019
4224.83663 16.990 0.017
4228.73495 16.747 0.013
4229.71928 17.327 0.018
4230.70913 17.143 0.017
4231.69139 16.942 0.012
4232.70360 16.601 0.012
4233.88470 16.677 0.013
4234.86770 17.319 0.018
4235.66517 16.823 0.013
4235.93942 17.216 0.023
4238.73473 17.101 0.016
4239.68534 16.820 0.012
4240.73172 16.545 0.011
4242.66465 17.034 0.019
4244.66270 17.375 0.021
4245.65602 17.132 0.015
4246.71483 17.040 0.014
4247.74167 16.803 0.013
4250.77873 17.108 0.019
4256.57161 17.122 0.021
4258.57853 16.595 0.013
4267.54803 17.215 0.020
4268.78418 17.281 0.017
4269.53104 16.679 0.016
4272.55446 16.980 0.013
4273.75302 17.063 0.015
4274.61246 17.028 0.016
4275.64530 17.204 0.019
4276.73765 17.197 0.022
4277.66107 16.862 0.013
4278.61847 17.327 0.023
4283.55609 17.079 0.018
4284.54792 16.843 0.014
4285.55132 16.827 0.015
4286.55083 17.185 0.023
4289.56462 17.016 0.017
4290.60813 17.240 0.018
4291.66848 17.141 0.015
4291.75184 17.201 0.019
4292.46359 16.613 0.015
4292.53321 16.669 0.012
4293.53947 17.354 0.017
4294.53251 17.131 0.015
4295.54680 16.977 0.015
4295.80036 17.284 0.018
4296.53697 16.608 0.012
4297.66055 16.546 0.012
4298.49974 17.093 0.017
4299.48144 16.796 0.013
4300.57821 16.670 0.012
4301.75945 16.750 0.012
4302.71570 17.293 0.018
4303.72397 17.135 0.017
4304.49548 17.312 0.028
4307.69527 17.077 0.016
4310.66212 17.199 0.024
4312.57080 16.927 0.015
4315.57817 16.786 0.013
4316.66097 16.607 0.013
4317.58476 17.195 0.017
4319.56160 16.669 0.013
4320.64837 16.570 0.012
4326.57955 16.933 0.013
4327.53739 16.705 0.014
4328.54308 17.193 0.015
4329.48036 16.996 0.016
4330.54914 16.831 0.012
4331.54486 16.978 0.015
4332.55882 17.186 0.016
4333.47986 16.962 0.018
4338.54655 16.700 0.014
4338.62936 16.872 0.016
4339.54270 17.371 0.018
4339.59858 16.903 0.014
4340.48123 17.094 0.021
4340.50408 17.099 0.021
4340.53340 17.142 0.022
4340.55959 17.164 0.023
4340.58443 17.183 0.020
4340.62156 17.170 0.020
4340.65466 17.272 0.019
4340.69562 17.337 0.026
4341.54714 16.975 0.016
4341.67308 17.170 0.028
4342.58321 16.732 0.012
4343.56272 17.329 0.017
4344.59282 17.175 0.019
4345.55892 16.933 0.013
4346.56451 16.611 0.014
4347.57843 17.301 0.020
4349.54712 16.853 0.012
4350.60494 16.647 0.012
4351.55245 17.198 0.015
4353.56897 16.848 0.015
4354.58830 16.536 0.012
4355.60467 17.241 0.021
4356.55325 17.046 0.015
4358.57244 16.951 0.015
4361.59856 16.814 0.016
4367.56277 17.115 0.019
4371.56193 17.090 0.016
4377.52740 17.306 0.019
4380.60685 16.880 0.016
4383.60236 17.085 0.022
4393.57490 17.281 0.021
4505.86467 16.638 0.012
4508.85681 16.930 0.012
4511.89433 17.120 0.018
4514.85515 17.176 0.020
4518.84477 17.232 0.022
4523.81748 16.921 0.017
4525.80957 17.200 0.023
4531.82546 16.865 0.015
4534.78599 17.012 0.020
4536.86584 16.566 0.011
4538.78676 16.947 0.015
4539.90025 16.902 0.012
4540.77103 17.292 0.017
4541.86802 17.192 0.015
4542.83145 16.997 0.015
4544.91695 16.552 0.013
4545.90361 17.141 0.015
4546.82940 16.965 0.015
4547.84886 16.665 0.012
4548.91465 16.932 0.019
4550.91046 17.032 0.015
4551.83058 16.542 0.011
4556.80319 17.212 0.015
4557.82618 17.070 0.015
4558.79484 16.717 0.011
4559.79343 17.372 0.018
4560.79382 17.177 0.015
4561.78273 16.950 0.012
4564.78691 17.121 0.013
4565.77150 16.899 0.012
4566.77235 16.545 0.010
4567.77128 17.191 0.015
4568.80021 17.096 0.012
4569.79052 16.857 0.012
4570.78090 16.683 0.011
4571.77158 17.197 0.018
4572.79476 17.079 0.017
4573.78239 16.794 0.012
4574.78473 17.078 0.016
4575.79352 17.188 0.018
4577.88250 16.985 0.015
4578.83614 16.623 0.014
4583.78829 17.134 0.019
4585.69927 17.245 0.019
4586.90433 16.552 0.011
4587.65739 16.965 0.016
4588.63732 16.556 0.012
4589.80105 16.612 0.012
4590.63816 17.109 0.021
4591.79703 17.098 0.014
4592.70875 16.676 0.012
4593.69777 17.293 0.016
4594.71904 17.127 0.014
4595.71133 16.962 0.012
4596.70334 16.584 0.011
4597.72802 17.326 0.017
4598.70404 17.096 0.012
4599.67658 16.850 0.013
4600.68895 16.597 0.010
4601.69161 17.183 0.013
4602.68397 17.057 0.014
4602.70675 17.079 0.013
4602.74112 17.114 0.013
4602.77827 17.183 0.014
4602.81304 17.196 0.015
4602.86559 17.261 0.014
4602.90337 17.323 0.016
4603.90700 17.127 0.015
4603.92994 17.148 0.017
4606.69192 17.048 0.015
4610.79525 17.126 0.019
4611.67089 16.651 0.012
4611.86175 17.031 0.015
4612.69531 17.339 0.018
4615.83783 16.952 0.017
4616.65374 17.199 0.015
4617.75342 17.207 0.016
4618.69470 16.925 0.013
4622.57606 16.576 0.013
4622.85343 17.120 0.018
4623.71503 16.551 0.011
4624.65151 17.177 0.018
4625.63944 17.016 0.016
4626.67183 16.753 0.013
4627.61073 17.265 0.017
4627.67274 17.280 0.015
4627.93402 16.973 0.014
4628.61273 17.108 0.015
4629.67749 17.012 0.013
4630.61098 16.544 0.011
4631.63597 17.275 0.015
4632.62276 17.101 0.014
4632.65126 17.133 0.014
4632.69535 17.180 0.015
4632.72081 17.204 0.015
4632.74483 17.199 0.016
4632.79008 17.306 0.017
4632.83643 17.324 0.019
4633.61638 16.860 0.013
4638.80024 16.888 0.013
4639.62129 17.170 0.017
4640.63820 17.071 0.016
4641.72071 16.969 0.014
4642.63675 17.104 0.014
4643.60291 17.196 0.018
4644.66428 17.102 0.016
4645.57672 16.580 0.012
4646.57323 17.230 0.015
4647.56687 17.093 0.017
4648.57127 16.889 0.013
4649.57339 16.565 0.011
4650.60605 17.296 0.019
4651.57755 17.090 0.016
4651.63582 17.158 0.016
4652.55036 16.756 0.013
4653.54432 17.324 0.021
4653.75571 16.884 0.014
4654.52962 17.160 0.017
4654.58351 17.195 0.016
4655.47088 16.856 0.016
4655.54413 17.010 0.015
4655.80414 17.325 0.020
4656.54609 16.704 0.012
4658.72744 17.275 0.021
4660.65754 16.873 0.014
4661.53414 17.245 0.019
4665.70192 16.594 0.012
4666.60720 17.172 0.017
4670.67211 17.180 0.017
4671.71931 17.094 0.015
4672.55308 16.855 0.012
4674.55900 17.058 0.016
4677.53561 17.151 0.016
4678.65183 17.105 0.013
4681.48168 17.072 0.015
4682.52530 16.923 0.013
4683.56382 16.691 0.012
4684.58307 17.354 0.019
4685.54749 17.110 0.016
4686.54846 16.920 0.013
4687.54847 16.566 0.011
4688.54173 17.213 0.017
4694.49161 16.692 0.015
4697.54526 17.049 0.016
4698.55412 16.765 0.012
4699.56621 17.114 0.017
4700.56672 17.189 0.017
4701.54961 17.043 0.018
4702.56451 16.744 0.012
4703.63189 16.523 0.012
4705.61584 17.036 0.016
4707.66104 16.531 0.012
4709.55980 16.960 0.017
4710.60035 16.684 0.012
4721.55057 16.753 0.015
4724.55743 17.016 0.015
4725.58501 16.787 0.016
4730.61951 17.123 0.017
4734.60121 17.323 0.017
4739.53450 17.052 0.017
4743.59370 17.074 0.021
4748.53732 16.664 0.015
4754.51271 17.065 0.020
4759.54333 16.882 0.019
4874.87174 17.265 0.018
4878.83178 17.174 0.019
4884.89880 16.835 0.014
4887.87119 17.026 0.012
4891.82774 16.883 0.016
4897.81707 17.183 0.015
4899.91244 16.963 0.019
4900.82365 17.218 0.017
4902.80068 16.973 0.014
4904.82900 17.358 0.018
4906.85141 17.039 0.017
4910.85806 16.974 0.013
4912.91338 17.007 0.014
4914.82274 16.880 0.012
4919.73944 17.275 0.015
4925.74238 16.847 0.012
4927.76874 17.241 0.018
4929.75804 16.863 0.015
4930.89732 16.816 0.014
4931.74210 17.201 0.018
4932.87504 17.193 0.016
4933.86976 17.004 0.015
4938.73926 17.340 0.017
4939.76229 17.170 0.017
4941.71869 16.564 0.011
4942.82312 16.854 0.012
4943.83161 17.184 0.014
4943.83779 17.205 0.014
4944.84703 17.049 0.012
4945.74058 16.545 0.010
4950.82275 17.355 0.017
4953.70535 17.330 0.018
4954.69951 17.157 0.015
4955.70647 16.983 0.013
4955.81796 17.084 0.015
