 726.80018 19.160 0.064
 728.86347 18.806 0.042
 729.84634 19.160 0.086
 739.83104 19.101 0.079
 742.84335 19.168 0.079
 744.81619 18.795 0.052
 745.82574 19.329 0.080
 746.86384 19.155 0.063
 747.68322 18.890 0.051
 748.66057 19.164 0.096
 750.74086 18.853 0.070
 751.77136 19.314 0.096
 752.83273 19.180 0.071
 754.84104 19.013 0.084
 755.73828 19.106 0.095
 759.74150 18.979 0.054
 760.79599 18.895 0.054
 762.81670 19.159 0.076
 769.82910 19.099 0.076
 773.81652 18.989 0.063
 776.84253 19.035 0.063
 779.78343 19.054 0.077
 781.80000 19.264 0.089
 783.80841 18.863 0.041
 788.81086 19.071 0.051
 790.82565 18.723 0.041
 795.78236 19.111 0.070
 798.77765 19.059 0.064
 805.83923 18.873 0.103
 816.83330 18.791 0.047
 817.77577 19.137 0.073
 824.72315 19.039 0.071
 826.69544 19.213 0.073
 827.66589 19.008 0.054
 828.72533 18.859 0.051
 829.78984 19.016 0.084
 830.60689 18.972 0.076
 831.61490 18.845 0.060
 832.73775 18.890 0.064
 833.67053 19.174 0.048
 834.72362 18.939 0.064
 835.69077 18.833 0.048
 836.65962 19.128 0.061
 837.64112 18.998 0.042
 838.76878 18.846 0.090
 839.63977 19.137 0.064
 840.76020 19.069 0.061
 842.67227 19.270 0.090
 844.62001 18.795 0.066
 845.64510 19.255 0.050
 850.71614 18.928 0.066
 854.75358 18.921 0.083
 855.73819 19.009 0.108
 856.64555 19.095 0.095
 857.70383 19.022 0.086
 858.65765 19.215 0.134
 859.73358 19.229 0.086
 860.67477 18.915 0.070
 865.54244 19.111 0.083
 867.59789 18.727 0.067
 874.70940 18.784 0.044
 876.57857 18.881 0.044
 876.67876 19.005 0.052
 878.71544 19.465 0.112
 880.60222 18.759 0.052
 885.60891 19.004 0.124
 887.64724 18.844 0.087
 890.67080 18.690 0.052
 892.56437 18.903 0.055
 895.60771 19.149 0.073
 898.58538 19.273 0.052
 922.50492 19.002 0.061
 928.56683 19.061 0.116
 933.52911 19.164 0.083
 951.48704 18.689 0.045
1041.90122 18.738 0.050
1072.84955 19.030 0.052
1078.80969 19.074 0.060
1080.86393 18.763 0.045
1081.81331 19.191 0.067
1083.88155 18.824 0.051
1084.79517 19.114 0.073
1086.81549 18.909 0.052
1089.77854 18.779 0.048
1090.80032 19.304 0.093
1092.85683 19.143 0.077
1102.86249 18.975 0.045
1107.84546 19.218 0.067
1109.79519 18.904 0.068
1113.85863 18.926 0.058
1116.80286 19.218 0.057
1126.70461 19.109 0.071
1129.80335 19.066 0.055
1131.80802 18.987 0.080
1132.79989 18.699 0.051
1134.81295 19.128 0.055
1142.75026 19.291 0.060
1151.84491 18.863 0.058
1153.71654 19.047 0.058
1155.67222 19.242 0.108
1157.73281 18.849 0.076
1159.73779 19.239 0.083
1161.80286 18.799 0.039
1163.79950 19.088 0.070
1165.79969 19.316 0.071
1167.73441 18.878 0.058
1168.74541 19.320 0.086
1171.71325 19.181 0.055
1174.84108 18.932 0.045
1178.75905 19.367 0.084
1181.72461 19.271 0.095
1183.75815 18.955 0.052
1185.80707 19.173 0.064
1187.76032 18.691 0.047
1189.74868 19.108 0.060
1191.81358 19.124 0.054
1192.84435 19.131 0.055
1194.66385 19.142 0.064
1196.68072 18.885 0.066
1202.68609 19.046 0.066
1204.66624 19.116 0.073
1207.67901 19.303 0.089
1211.69014 19.201 0.081
1213.72083 18.772 0.066
1214.72873 19.183 0.086
1215.55487 18.846 0.048
1216.62292 18.992 0.057
1217.69053 19.089 0.066
1219.62774 18.777 0.057
1221.59843 19.027 0.067
1223.68858 19.219 0.084
1224.56823 19.019 0.083
1226.57648 19.239 0.071
1227.58354 19.113 0.066
1232.67311 18.780 0.050
1235.57431 18.667 0.052
1237.55823 19.061 0.121
1238.66024 18.945 0.086
1241.56046 18.855 0.060
1242.63382 18.811 0.061
1243.60139 19.116 0.077
1245.54613 19.289 0.100
1247.68052 19.053 0.079
1248.64826 18.865 0.063
1251.60279 18.929 0.076
1254.55667 18.901 0.071
1255.58968 19.224 0.103
1258.58698 18.831 0.052
1260.61410 19.021 0.060
1266.59953 19.133 0.100
1268.52066 19.225 0.106
1275.53807 19.047 0.086
1278.52067 19.206 0.099
1281.52872 19.174 0.103
1290.49844 18.676 0.071
1296.58934 18.945 0.077
1300.53543 18.774 0.073
1305.51384 19.074 0.083
1308.54483 19.156 0.092
1315.50402 18.905 0.103
1318.48673 18.931 0.089
1320.52891 19.289 0.116
1431.83468 19.002 0.061
1433.83124 19.173 0.087
1435.87915 18.831 0.058
1437.87185 18.998 0.067
1441.84800 18.988 0.055
1443.80218 19.009 0.103
1447.77593 19.001 0.108
1448.86665 18.898 0.079
1453.78861 18.897 0.095
1458.77081 19.178 0.109
1461.73877 18.967 0.066
1471.74921 19.277 0.081
1475.84365 19.299 0.079
1478.76837 19.279 0.084
1481.83059 18.970 0.070
1484.83492 18.740 0.042
1487.82769 18.787 0.051
1491.76644 19.267 0.083
1493.70835 18.837 0.063
1495.75181 19.123 0.066
1498.67295 19.131 0.079
1500.81346 18.801 0.044
1503.70377 18.653 0.052
1505.81061 19.095 0.077
1507.70667 19.239 0.108
1508.82325 19.099 0.061
1509.68479 18.861 0.054
1510.65030 19.243 0.066
1511.73291 19.104 0.071
1512.76694 19.013 0.066
1514.78144 19.182 0.080
1516.82721 18.958 0.057
1518.69910 19.035 0.061
1520.72440 19.156 0.073
1522.72509 18.935 0.055
1523.72524 19.222 0.092
1525.70118 18.947 0.054
1527.76652 19.234 0.070
1528.69245 19.002 0.051
1529.81790 18.873 0.051
1531.70985 19.100 0.064
1538.66696 18.883 0.052
1541.62280 18.918 0.045
1542.77716 18.837 0.054
1544.67950 19.014 0.054
1546.70418 19.437 0.124
1547.70579 19.067 0.048
1548.68295 18.874 0.052
1551.71232 18.943 0.041
1552.64523 19.310 0.083
1553.66892 19.126 0.063
1554.64753 18.952 0.052
1555.67201 18.772 0.054
1556.64615 19.063 0.063
1560.63788 19.135 0.083
1564.55700 18.776 0.061
1568.63367 18.980 0.070
1571.64337 18.732 0.045
1575.65774 19.314 0.096
1578.69805 18.744 0.060
1580.70885 18.971 0.051
1582.64333 19.188 0.089
1588.63739 19.073 0.083
1591.60124 19.268 0.144
1595.59448 19.183 0.077
1599.66046 19.054 0.063
1600.62733 18.791 0.074
1601.62048 19.096 0.095
1602.68692 18.981 0.071
1604.61852 19.296 0.079
1606.57548 18.842 0.058
1609.53173 18.873 0.076
1610.54665 19.293 0.100
1611.60673 19.118 0.079
1613.58712 18.745 0.051
1614.65818 19.242 0.106
1616.51583 18.687 0.042
1618.66502 19.073 0.080
1619.55506 18.885 0.079
1621.55120 19.056 0.089
1623.64835 18.839 0.071
1625.62940 19.118 0.084
1627.59970 19.196 0.108
1628.53961 18.973 0.070
1630.51124 19.166 0.099
1631.50907 19.034 0.066
1633.62448 18.849 0.052
1635.50746 18.928 0.067
1643.58348 19.367 0.153
1645.51656 19.018 0.125
1653.50190 19.078 0.090
1655.54580 18.846 0.068
1657.55529 19.097 0.097
1659.56990 19.166 0.095
1662.53748 19.138 0.076
1664.56056 18.998 0.079
1669.53046 19.323 0.137
1672.50319 19.392 0.126
1687.50079 18.756 0.087
1695.48615 18.994 0.083
1766.87890 19.239 0.124
1768.86452 18.929 0.076
1773.92285 19.033 0.074
1782.85409 19.124 0.076
1788.86252 19.221 0.074
1804.85775 19.249 0.084
1811.87832 19.265 0.070
1815.85452 19.115 0.067
1822.73621 18.937 0.061
1829.88548 18.887 0.074
1844.79339 19.103 0.060
1850.77473 19.353 0.093
1854.83173 19.069 0.052
1858.77885 18.854 0.074
1860.82120 19.146 0.089
1863.79434 19.106 0.066
1866.74503 19.113 0.067
1868.72612 18.717 0.039
1870.84716 19.091 0.083
1874.76796 19.013 0.055
2166.89956 19.281 0.077
2173.81998 19.225 0.074
2189.89136 19.395 0.102
2192.79375 19.177 0.057
2201.80654 18.763 0.035
2212.83820 19.187 0.068
2223.84281 19.023 0.066
2226.82280 18.999 0.064
2228.85981 19.364 0.092
2230.77333 18.760 0.051
2232.79308 18.941 0.064
2234.78727 19.283 0.063
2238.75098 19.237 0.070
2241.63430 18.996 0.067
2243.69273 19.288 0.087
2248.76063 19.134 0.058
2251.72256 19.186 0.063
2253.80666 18.717 0.044
2255.68162 18.843 0.055
2261.70187 19.068 0.058
2264.78294 19.168 0.055
2269.81635 18.811 0.051
2271.76374 19.021 0.048
2273.84879 18.870 0.061
2274.63345 18.981 0.077
2276.74058 19.235 0.080
2278.63909 18.781 0.050
2280.63730 19.118 0.064
2282.64586 19.255 0.076
2284.63712 18.767 0.057
2289.77951 19.030 0.061
2291.78759 19.030 0.079
2293.75335 19.085 0.083
2295.77527 18.820 0.045
2297.76860 19.148 0.071
2299.80916 19.300 0.097
2301.70327 18.984 0.074
2303.69947 19.314 0.126
2321.65014 19.140 0.070
2327.52864 19.278 0.084
2332.56153 19.089 0.099
2333.52559 18.676 0.068
2339.51379 18.880 0.060
2347.50846 19.197 0.089
2402.50247 19.279 0.116
2524.89819 18.722 0.054
2537.89815 18.765 0.066
2542.86048 19.076 0.064
2552.80779 18.979 0.067
2556.80103 18.740 0.045
2559.84920 18.875 0.054
2563.89447 18.707 0.099
2564.81717 19.186 0.083
2573.81877 19.205 0.084
2578.74295 18.908 0.070
2583.77842 19.203 0.081
2589.82139 18.990 0.051
2596.70963 19.230 0.106
2605.71088 19.181 0.070
2609.70163 19.234 0.090
2614.63639 18.816 0.048
2618.69412 19.312 0.077
2620.82200 19.050 0.050
2623.79288 19.126 0.058
2627.65745 18.708 0.079
2629.68099 19.136 0.077
2631.70096 19.047 0.086
2634.72923 18.743 0.044
2635.60118 19.048 0.052
2637.80023 18.808 0.064
2639.62614 18.957 0.039
2641.69181 19.193 0.064
2643.70058 18.808 0.048
2645.68981 19.069 0.045
2647.64754 19.288 0.070
2650.86314 18.971 0.060
2651.60211 18.981 0.068
2653.62912 18.754 0.051
2655.74240 19.146 0.064
2657.59509 19.181 0.067
2659.61008 18.859 0.058
2661.82808 19.253 0.105
2663.84215 18.961 0.093
2665.84805 18.984 0.089
2668.59704 19.015 0.076
2670.60218 19.311 0.089
2672.58876 18.794 0.057
2674.61015 19.078 0.061
2676.59663 19.360 0.079
2678.66939 19.003 0.074
2680.59512 19.210 0.057
2682.64410 18.772 0.060
2686.63864 19.172 0.086
2695.62102 18.860 0.057
2700.57515 19.045 0.063
2706.59396 19.248 0.100
2713.55904 19.010 0.083
2840.93682 18.772 0.067
2868.87654 19.054 0.071
2885.84151 18.840 0.045
2892.87107 18.853 0.070
2897.84039 19.205 0.090
2903.88620 19.199 0.055
2906.88933 19.340 0.073
2911.76914 18.758 0.042
2916.81318 19.066 0.052
2922.80307 19.196 0.095
2925.89160 18.828 0.097
2930.80421 19.077 0.061
2933.84857 19.104 0.052
2939.85686 19.294 0.083
2942.80646 19.122 0.063
2944.85089 18.823 0.060
2946.85280 19.101 0.066
2949.76744 19.107 0.071
2952.84332 19.118 0.066
2956.68254 18.843 0.048
2958.70925 19.102 0.063
2962.72012 18.981 0.054
2965.73920 19.097 0.048
2967.83876 18.774 0.037
2970.80410 18.740 0.037
2974.74194 19.163 0.064
2976.77661 18.806 0.042
2978.75671 19.113 0.076
2980.69677 19.255 0.071
2982.65616 18.764 0.048
2984.70675 19.173 0.067
2986.79003 18.751 0.051
2988.75408 19.018 0.061
2990.62624 19.102 0.063
2992.77684 18.885 0.045
2994.62311 18.999 0.058
2995.63267 18.733 0.032
2997.64165 19.122 0.052
2999.76136 18.687 0.044
3001.73316 18.968 0.050
3003.70670 19.183 0.057
3005.69746 18.880 0.052
3007.71188 19.170 0.060
3009.70994 19.273 0.066
3011.67926 18.928 0.064
3013.68248 19.118 0.063
3017.69291 19.109 0.076
3019.62047 19.167 0.064
3021.73963 18.989 0.047
3023.60160 19.055 0.047
3024.80263 19.061 0.051
3026.79893 19.244 0.055
3028.81091 18.912 0.050
3031.67288 18.763 0.037
3033.73681 19.097 0.044
3035.74317 18.850 0.045
3038.72155 18.676 0.047
3041.58973 19.516 0.122
3043.62513 19.036 0.074
3045.65881 19.165 0.068
3047.61289 18.766 0.050
3049.61850 19.116 0.045
3051.58578 19.283 0.068
3053.58090 18.862 0.047
3055.58005 19.150 0.063
3057.60487 18.852 0.047
3060.62738 18.856 0.048
3064.63170 19.300 0.089
3067.68869 18.711 0.048
3070.53704 19.215 0.083
3073.60455 18.847 0.076
3075.65295 19.181 0.076
3078.57307 19.071 0.077
3082.56244 19.072 0.067
3084.63936 19.192 0.061
3087.60102 19.187 0.060
3090.56480 19.189 0.074
3102.53126 18.719 0.051
3105.56506 18.875 0.064
3108.54352 18.783 0.047
3112.51488 18.946 0.066
3116.50217 19.072 0.068
3126.50789 19.126 0.068
3146.47041 18.897 0.068
3241.89543 18.888 0.060
3256.90680 18.933 0.057
3263.88165 18.946 0.038
3268.89723 19.137 0.060
3273.87249 18.805 0.050
3277.86169 19.272 0.068
3281.85180 19.164 0.050
3287.71335 19.160 0.057
3289.86552 19.048 0.052
3294.86098 19.126 0.048
3296.86873 18.791 0.045
3301.71972 18.926 0.058
3304.78236 19.192 0.071
3306.86337 18.673 0.044
3311.69048 18.855 0.048
3320.73326 19.235 0.057
3327.70228 18.891 0.048
3329.85289 18.970 0.045
3334.75886 18.861 0.058
3338.80898 18.841 0.038
3350.64080 18.888 0.039
3354.64096 19.382 0.108
3358.69444 19.128 0.045
3361.79990 18.706 0.037
3363.74966 18.952 0.055
3367.70345 18.871 0.060
3372.72188 19.095 0.050
3378.63462 19.138 0.064
3391.70218 19.150 0.064
3395.69360 19.141 0.073
3399.66970 18.831 0.045
3402.68655 18.900 0.044
3404.61712 19.168 0.064
3408.56773 18.816 0.039
3412.61316 18.840 0.051
3416.59656 19.184 0.058
3424.59964 19.029 0.068
3437.51229 18.937 0.050
3445.51702 19.382 0.087
3453.53876 19.024 0.068
3462.51404 19.281 0.081
3589.92743 18.862 0.041
3629.85249 19.378 0.089
3634.81785 19.022 0.052
3639.87075 19.300 0.058
3641.86165 18.879 0.055
3650.85697 19.053 0.042
3653.88483 19.074 0.060
3657.83807 18.843 0.042
3661.82193 18.763 0.054
3671.85100 18.718 0.037
3675.83358 19.166 0.051
3683.85468 19.063 0.054
3687.74740 19.166 0.054
3689.84788 19.121 0.055
3692.77174 19.080 0.057
3694.78665 19.188 0.055
3696.72911 18.836 0.041
3699.73167 18.863 0.034
3701.78467 19.197 0.054
3704.69173 19.106 0.054
3706.82053 18.943 0.050
3711.69418 19.158 0.061
3713.70793 19.213 0.063
3716.80707 18.812 0.038
3719.78797 18.786 0.067
3725.77965 18.998 0.055
3730.64976 19.147 0.044
3732.67426 18.926 0.041
3734.77223 19.128 0.048
3736.78863 19.052 0.052
3737.67718 19.074 0.044
3739.77619 18.723 0.032
3742.59918 19.063 0.067
3745.71066 18.766 0.039
3749.62305 19.120 0.095
3751.72719 19.006 0.055
3753.59883 19.067 0.061
3755.63638 19.155 0.077
3757.66982 18.976 0.058
3759.73347 19.166 0.054
3762.72180 19.255 0.080
3765.74033 18.914 0.038
3770.58185 18.862 0.050
3773.58921 18.853 0.051
3776.58825 18.896 0.051
3779.57829 19.136 0.074
3782.62802 19.068 0.054
3787.55289 19.305 0.073
3791.60009 19.138 0.058
3799.52460 18.818 0.064
3821.50264 18.982 0.052
3945.92731 18.731 0.037
3963.92344 19.066 0.067
3969.85388 19.240 0.071
3975.90392 19.205 0.063
3981.83314 19.201 0.079
3995.88353 19.248 0.074
4001.83662 19.287 0.067
4005.81447 19.123 0.050
4007.81852 19.410 0.073
4011.81867 19.253 0.087
4018.81020 19.018 0.055
4023.84229 18.792 0.042
4026.74864 19.413 0.076
4040.84855 18.947 0.055
4042.86429 18.886 0.050
4048.82882 19.048 0.064
4052.67097 19.337 0.066
4056.71550 19.088 0.064
4058.65356 19.177 0.068
4063.64759 18.962 0.050
4066.64538 18.998 0.052
4069.71101 19.249 0.064
4071.63962 19.260 0.077
4076.71188 19.033 0.060
4079.72459 19.201 0.079
4083.64150 18.938 0.064
4085.70678 19.243 0.076
4092.82410 19.113 0.061
4112.69561 19.063 0.045
4117.68446 19.348 0.079
4121.66051 19.171 0.073
4124.74335 19.364 0.066
4129.75593 18.761 0.052
4142.61494 18.717 0.047
4150.60341 19.090 0.050
4155.51674 19.283 0.076
4166.54560 19.084 0.086
4196.49509 18.940 0.068
4341.87111 19.117 0.079
4347.82102 19.180 0.080
4351.86695 19.061 0.070
4357.87887 19.256 0.093
4363.80351 19.155 0.083
4366.85409 19.178 0.080
4369.89463 19.246 0.079
4372.79756 19.182 0.073
4376.88794 19.160 0.090
4379.89436 19.232 0.100
4386.75550 19.090 0.055
4393.76644 18.911 0.045
4398.84267 19.331 0.068
4403.84909 18.934 0.071
4411.77803 19.296 0.067
4411.83973 19.382 0.083
4418.72885 19.171 0.051
4422.82544 19.118 0.057
4429.75668 18.854 0.092
4432.69361 18.956 0.052
4436.73301 18.747 0.052
4439.79870 18.913 0.076
4443.66839 19.194 0.092
4448.82239 19.128 0.061
4451.66260 19.026 0.068
4455.66139 18.850 0.064
4457.71692 19.140 0.095
4460.74699 18.989 0.070
4464.70967 19.065 0.047
4467.70218 19.038 0.051
4471.70390 18.883 0.045
4476.67094 19.102 0.048
4480.67072 19.072 0.058
4484.74976 18.812 0.068
4488.67228 18.743 0.057
4493.67441 19.060 0.074
4498.65269 19.271 0.058
4501.64573 18.898 0.052
4506.58384 18.945 0.058
4508.59383 19.087 0.064
4510.67312 18.866 0.057
4516.62286 19.018 0.096
4519.69439 19.022 0.073
4521.53803 19.221 0.083
4530.60267 18.798 0.054
4532.63096 19.116 0.064
4537.59260 19.262 0.077
4540.64377 18.857 0.064
