 457.75941 18.981 0.022
 458.74376 19.424 0.045
 459.69657 18.959 0.024
 461.71150 19.081 0.023
 461.83407 19.203 0.040
 462.54387 19.233 0.034
 465.78744 19.357 0.036
 466.69806 18.711 0.022
 467.80594 19.368 0.036
 468.71234 19.107 0.029
 469.71238 19.514 0.044
 470.78018 19.214 0.047
 471.83219 19.082 0.047
 472.75706 19.259 0.043
 473.66888 19.410 0.065
 474.74930 19.470 0.050
 475.64206 18.863 0.033
 476.79431 19.430 0.060
 477.77897 19.271 0.038
 478.58625 19.254 0.034
 479.78467 19.421 0.050
 480.62132 19.717 0.056
 481.60644 19.049 0.028
 482.76742 18.992 0.026
 483.55517 18.961 0.029
 484.55303 19.448 0.054
 485.55760 19.202 0.030
 486.54915 19.525 0.040
 487.57680 19.222 0.029
 488.54142 18.834 0.034
 488.67976 19.221 0.033
 489.63172 19.462 0.035
 490.60218 19.056 0.023
 491.56031 19.351 0.036
 492.54460 19.103 0.033
 492.61900 19.321 0.038
 493.54767 19.421 0.035
 494.54248 19.192 0.031
 495.54482 19.606 0.073
 496.54031 19.328 0.043
 496.75642 18.630 0.034
 498.53907 19.149 0.033
 499.53457 18.801 0.026
 500.52576 19.338 0.050
 501.52633 19.063 0.037
 508.59674 18.920 0.050
 510.53472 19.107 0.040
 511.64427 18.792 0.029
 512.68165 19.348 0.046
 513.67355 19.052 0.026
 514.54668 19.267 0.036
 515.53834 18.770 0.024
 516.54188 19.345 0.050
 517.54337 19.035 0.036
 518.58214 19.429 0.040
 519.53277 19.105 0.029
 521.53365 19.273 0.046
 523.54550 19.350 0.047
 524.52447 18.624 0.028
 526.52790 19.043 0.034
 526.62899 19.282 0.044
 527.52523 19.386 0.041
 528.58464 19.059 0.043
 530.61325 19.075 0.055
 531.54013 18.635 0.029
 532.52556 19.465 0.060
 533.52909 18.779 0.034
 534.53640 19.371 0.049
 535.65091 19.262 0.052
 552.63423 18.927 0.030
 553.48995 18.828 0.035
 554.54875 19.449 0.066
 561.54917 19.432 0.072
 566.48476 19.150 0.050
 567.48553 19.011 0.038
 569.48000 18.679 0.033
 571.53384 19.081 0.046
 572.49004 19.327 0.073
 573.49765 19.138 0.064
 574.52641 18.661 0.032
 673.85198 18.989 0.027
 699.82528 19.327 0.059
 701.87015 19.349 0.065
 704.81403 19.084 0.049
 706.81799 19.259 0.067
 707.86735 18.878 0.043
 712.88978 18.557 0.025
 715.85516 19.425 0.054
 726.87521 19.356 0.045
 728.83934 19.348 0.045
 729.82168 19.232 0.050
 733.87401 19.480 0.087
 742.81448 19.298 0.053
 745.74600 18.687 0.026
 747.80275 19.172 0.035
 748.75752 19.332 0.048
 750.85037 18.905 0.043
 751.74295 19.100 0.055
 755.70142 19.342 0.060
 759.77072 18.920 0.030
 760.82288 19.229 0.045
 763.81886 19.161 0.055
 769.85530 19.406 0.057
 775.83030 18.729 0.025
 778.79684 19.214 0.062
 780.82763 19.518 0.055
 787.83537 19.343 0.048
 792.76937 19.235 0.056
 796.78528 19.326 0.053
 798.80247 19.401 0.057
 816.81096 19.520 0.057
 817.80041 19.226 0.047
 822.75852 18.869 0.029
 826.62676 18.732 0.034
 827.73746 19.401 0.052
 830.81764 19.538 0.091
 831.66292 19.282 0.051
 832.79386 19.440 0.055
 833.69533 18.906 0.026
 834.78636 19.351 0.069
 837.79227 19.259 0.036
 839.61801 19.095 0.036
 841.80130 19.512 0.062
 843.72435 19.362 0.045
 844.67348 18.968 0.039
 850.69428 19.306 0.063
 854.71633 19.394 0.074
 855.76278 19.246 0.100
 856.72317 18.650 0.051
 858.62770 19.524 0.066
 860.71900 19.157 0.056
 874.72700 18.841 0.029
 876.64330 18.726 0.036
 879.60311 19.319 0.055
 881.53511 19.205 0.050
 887.61729 18.781 0.040
 890.54308 19.249 0.043
 892.58221 19.253 0.050
 895.56293 19.385 0.091
 900.53188 18.786 0.040
 920.53299 19.060 0.058
 925.48520 18.691 0.046
 931.47595 19.397 0.105
 933.49935 19.373 0.057
 951.51228 19.440 0.051
1040.90563 19.176 0.047
1051.90147 19.268 0.058
1065.86199 18.837 0.042
1068.82409 19.309 0.059
1069.81452 19.101 0.036
1071.83172 19.301 0.062
1077.87111 19.552 0.046
1083.79256 18.650 0.030
1088.85727 18.556 0.030
1093.85393 19.587 0.070
1102.83195 19.462 0.042
1107.81482 19.149 0.043
1113.82866 19.320 0.045
1119.76146 18.698 0.032
1126.73293 19.533 0.058
1130.69901 18.797 0.031
1132.70758 18.981 0.035
1136.82685 19.445 0.049
1142.71883 19.480 0.044
1151.81397 18.772 0.029
1154.82252 19.346 0.055
1157.77410 19.217 0.059
1161.77209 19.400 0.039
1163.74363 19.243 0.043
1166.78013 19.075 0.050
1170.82811 19.582 0.059
1174.81073 19.309 0.045
1178.72774 18.998 0.039
1181.69432 19.563 0.074
1185.77690 18.692 0.028
1187.72886 18.692 0.029
1189.79332 19.106 0.037
1192.71291 19.377 0.043
1196.58896 19.326 0.078
1202.65079 18.835 0.032
1204.75615 19.295 0.049
1207.64961 18.990 0.041
1211.73006 19.048 0.047
1214.74654 18.863 0.037
1217.70767 19.424 0.053
1219.69235 19.267 0.049
1223.59984 19.266 0.054
1226.69477 19.357 0.068
1229.68664 19.171 0.071
1230.64311 19.330 0.050
1234.56956 19.466 0.064
1238.57314 18.771 0.039
1239.70574 18.772 0.040
1241.68237 18.582 0.035
1243.54026 19.402 0.069
1245.50883 19.438 0.081
1248.51718 19.261 0.068
1253.58801 19.239 0.056
1256.56727 18.903 0.036
1259.61835 19.294 0.058
1261.56336 19.454 0.055
1265.58103 18.915 0.043
1268.56595 19.721 0.106
1276.51938 18.876 0.036
1278.58082 19.406 0.075
1279.51391 19.662 0.085
1288.54739 19.044 0.049
1291.57846 19.326 0.050
1296.55184 19.165 0.056
1300.49816 19.348 0.073
1305.47261 19.056 0.053
1308.50735 18.629 0.030
1313.48291 19.303 0.062
1317.51050 18.747 0.036
1320.48770 19.255 0.059
1330.47520 18.963 0.056
1333.47996 19.267 0.079
1397.90389 19.326 0.069
1412.88151 18.764 0.041
1431.79057 19.297 0.045
1432.88176 19.041 0.043
1435.84179 19.587 0.072
1437.83462 19.288 0.053
1440.87325 19.316 0.059
1443.87115 19.039 0.044
1447.79430 19.258 0.074
1449.83601 19.239 0.078
1454.75018 19.019 0.044
1458.78778 19.202 0.054
1459.85517 18.789 0.050
1462.72638 19.315 0.054
1470.80740 19.156 0.038
1475.80609 18.647 0.035
1477.69296 19.302 0.060
1479.73319 18.896 0.037
1484.74860 18.790 0.035
1487.79020 19.488 0.059
1491.70470 19.444 0.065
1493.81398 19.057 0.039
1496.59981 19.251 0.072
1498.74234 19.385 0.051
1501.82641 19.298 0.045
1503.72117 19.245 0.057
1505.82775 19.512 0.078
1507.77491 19.483 0.072
1509.84184 18.934 0.039
1511.64762 19.471 0.061
1514.69470 19.376 0.057
1517.68423 19.108 0.044
1519.68660 19.216 0.045
1521.70928 19.223 0.042
1522.68690 18.728 0.036
1523.74333 19.252 0.100
1525.72000 19.396 0.050
1527.80714 18.904 0.043
1528.70960 19.214 0.038
1531.72720 18.927 0.037
1538.68391 18.626 0.025
1541.64002 19.408 0.042
1542.73990 19.099 0.040
1544.69672 19.144 0.033
1547.72277 18.848 0.026
1548.70020 19.396 0.043
1549.76553 19.138 0.034
1551.72941 19.108 0.033
1552.66266 19.373 0.050
1554.75563 18.797 0.024
1555.69243 19.241 0.045
1556.66311 18.717 0.028
1562.69546 19.222 0.060
1564.57410 19.101 0.058
1564.67014 19.342 0.057
1567.62755 18.610 0.028
1570.72499 18.962 0.031
1574.72066 18.953 0.029
1576.62040 18.670 0.027
1578.72197 19.285 0.057
1581.63584 19.504 0.051
1584.61439 19.203 0.049
1587.60218 18.925 0.030
1590.60931 19.527 0.059
1595.68197 19.378 0.065
1599.69329 18.743 0.037
1600.66781 19.376 0.068
1604.51849 19.278 0.062
1606.53222 19.328 0.052
1609.55147 19.157 0.050
1610.59572 18.895 0.042
1611.62715 19.496 0.066
1612.52149 19.372 0.050
1613.61294 19.249 0.051
1614.51374 18.648 0.023
1615.51867 19.211 0.041
1616.53301 18.958 0.033
1617.51798 19.294 0.045
1618.52466 18.963 0.043
1619.57379 19.023 0.048
1620.59483 19.548 0.084
1621.51297 19.391 0.071
1622.58039 19.406 0.064
1623.53531 18.790 0.039
1624.54296 19.374 0.065
1625.55489 18.999 0.046
1626.64739 18.733 0.032
1627.56254 19.413 0.072
1628.50150 19.201 0.056
1630.52837 18.870 0.046
1630.57695 18.869 0.036
1631.52604 19.378 0.048
1632.56044 18.934 0.039
1633.51686 19.400 0.055
1634.55650 19.016 0.040
1635.52473 19.471 0.069
1643.54552 19.070 0.057
1644.57518 19.457 0.057
1653.58203 18.867 0.047
1655.56364 18.785 0.040
1656.56259 19.324 0.076
1658.54008 19.210 0.059
1660.56530 19.515 0.101
1663.49555 19.144 0.045
1665.51173 19.395 0.076
1671.50762 19.397 0.073
1676.50214 19.262 0.064
1684.50210 18.654 0.052
1694.50370 19.273 0.073
1766.89659 19.096 0.097
1768.88398 18.799 0.040
1782.87121 19.291 0.064
1789.81718 19.229 0.034
1803.90304 19.264 0.057
1804.76655 19.383 0.065
1809.82853 19.318 0.037
1812.85135 19.249 0.044
1814.86649 19.258 0.040
1817.86837 19.120 0.032
1822.81219 18.836 0.032
1828.87643 19.246 0.045
1829.84804 18.671 0.031
1843.82783 19.542 0.058
1847.85688 18.620 0.023
1850.80768 19.412 0.062
1852.74451 19.472 0.061
1855.81037 19.176 0.043
1860.78358 18.963 0.049
1863.75716 19.491 0.065
1865.81199 18.667 0.025
1867.78072 18.670 0.028
1869.75417 18.695 0.029
1872.75285 19.437 0.052
2167.84210 19.468 0.101
2173.84945 18.915 0.048
2190.78721 19.300 0.072
2192.82172 19.510 0.091
2214.78907 19.279 0.086
2224.74585 19.194 0.062
2226.84999 19.498 0.134
2229.66192 18.632 0.046
2230.80065 19.425 0.097
2232.82048 18.780 0.052
2234.81490 18.930 0.047
2239.59986 19.286 0.101
2241.66140 19.362 0.105
2243.71999 19.045 0.068
2248.79660 19.163 0.058
2250.84628 18.951 0.051
2252.65163 19.491 0.085
2254.64255 19.423 0.084
2257.64643 19.222 0.060
2261.76077 18.861 0.043
2264.75109 19.363 0.070
2266.64408 19.322 0.087
2270.64019 19.318 0.073
2271.79100 19.357 0.064
2273.72748 19.374 0.089
2275.82790 18.748 0.052
2277.64954 19.395 0.068
2279.82189 19.135 0.070
2281.80872 19.216 0.061
2283.84294 19.448 0.068
2288.74907 19.013 0.052
2290.78746 19.200 0.064
2292.76398 19.395 0.107
2294.73902 19.536 0.150
2296.74943 19.332 0.112
2298.76883 19.252 0.084
2300.72186 19.382 0.118
2302.69966 19.530 0.119
2321.67232 19.274 0.085
2327.55888 19.276 0.082
2333.56807 19.421 0.121
2339.54453 18.896 0.079
2395.51674 19.354 0.118
2526.90888 19.357 0.074
2542.88757 19.265 0.072
2552.83892 19.418 0.094
2556.83044 18.802 0.050
2559.88101 19.317 0.084
2564.84693 19.394 0.093
2573.84610 19.209 0.079
2578.77042 19.063 0.074
2583.82488 19.009 0.072
2589.85777 19.392 0.081
2596.74113 19.082 0.083
2605.74414 19.135 0.062
2609.74038 19.322 0.116
2614.70651 19.031 0.067
2618.73078 19.361 0.086
2621.64019 19.196 0.055
2623.82197 19.267 0.070
2627.68528 19.218 0.102
2629.70831 19.406 0.113
2634.76299 19.269 0.069
2635.68212 19.583 0.079
2638.65320 19.349 0.071
2639.65332 18.639 0.031
2641.72112 19.217 0.066
2643.72981 19.231 0.075
2645.71734 19.290 0.064
2647.67514 19.235 0.075
2650.83682 19.267 0.065
2652.73791 19.352 0.091
2654.67274 19.182 0.083
2656.64568 19.207 0.083
2658.60869 19.235 0.098
2660.62612 19.447 0.086
2662.60897 19.342 0.080
2664.61653 19.346 0.077
2666.67473 18.942 0.040
2668.66349 19.114 0.090
2670.62961 19.023 0.072
2672.73889 19.301 0.076
2674.63727 19.273 0.078
2676.62384 19.377 0.075
2678.71152 18.925 0.059
2680.62219 19.410 0.089
2682.67330 18.857 0.068
2687.54583 19.446 0.140
2696.53896 19.411 0.113
2701.52111 19.172 0.087
2707.51852 19.400 0.110
2714.51745 19.274 0.131
2840.90657 18.776 0.065
2888.91302 19.418 0.074
2894.84807 18.625 0.044
2899.84965 19.311 0.074
2905.83865 18.893 0.072
2908.89970 19.206 0.079
2911.79798 19.067 0.052
2916.84818 19.058 0.050
2922.83204 19.416 0.110
2926.75945 19.354 0.073
2930.83318 18.773 0.047
2933.87759 19.596 0.109
2940.71514 19.329 0.078
2947.72904 19.085 0.069
2949.81919 19.344 0.079
2953.68594 19.346 0.094
2956.71174 19.118 0.061
2958.73804 19.326 0.086
2962.74989 19.485 0.086
2965.76931 19.270 0.059
2968.71288 18.617 0.038
2973.85293 18.904 0.050
2975.84208 19.003 0.063
2976.83737 19.460 0.093
2978.85698 19.221 0.094
2982.68907 19.268 0.079
2984.73662 18.640 0.044
2986.81922 19.189 0.082
2988.78381 19.218 0.064
2989.80697 18.953 0.062
2991.64013 19.487 0.103
2993.62755 19.406 0.069
2995.72784 18.904 0.043
2997.70612 18.948 0.052
2999.72874 19.176 0.066
3001.76499 19.229 0.066
3003.73565 19.199 0.060
3005.64092 19.285 0.082
3007.67400 19.259 0.079
3009.74028 18.691 0.050
3011.71598 18.646 0.057
3013.72044 18.955 0.061
3017.72191 19.136 0.067
3019.64987 19.111 0.072
3021.76865 19.498 0.075
3023.63044 19.236 0.057
3024.83157 19.265 0.080
3026.82826 19.355 0.056
3029.63259 19.474 0.073
3031.70257 18.985 0.048
3033.76606 19.226 0.056
3035.77311 19.250 0.058
3038.75060 18.852 0.063
3040.72125 19.120 0.081
3044.59906 18.996 0.063
3045.68806 19.136 0.077
3047.64177 19.121 0.069
3049.64749 18.795 0.036
3051.61569 18.939 0.058
3055.60914 19.018 0.060
3057.63462 19.284 0.067
3059.57848 19.211 0.052
3061.57152 19.398 0.106
3068.51288 19.036 0.075
3070.56855 19.273 0.079
3073.56925 18.976 0.084
3075.68223 19.623 0.138
3078.61422 19.109 0.072
3082.59175 19.197 0.067
3084.66878 19.353 0.066
3087.63148 19.136 0.088
3090.59487 19.464 0.101
3099.58291 19.687 0.145
3102.56167 19.374 0.101
3105.59440 18.938 0.071
3108.57235 19.347 0.086
3112.54964 18.717 0.050
3116.53102 18.922 0.065
3127.49841 19.054 0.054
3140.48705 19.075 0.074
3223.88727 19.382 0.113
3241.87350 19.329 0.107
3248.83692 19.450 0.126
3257.86477 19.477 0.084
3263.91076 19.133 0.071
3270.85373 18.825 0.050
3273.90175 19.400 0.130
3277.83778 19.160 0.070
3281.88153 19.089 0.051
3287.74260 19.172 0.055
3295.69485 19.565 0.072
3297.69338 19.304 0.069
3299.75787 18.659 0.032
3301.75536 18.972 0.073
3304.81127 18.896 0.057
3309.72150 19.404 0.077
3311.71936 19.348 0.072
3320.76215 19.333 0.061
3323.69696 19.135 0.068
3327.73371 19.385 0.072
3330.69256 18.860 0.065
3334.79180 19.489 0.130
3338.83828 18.605 0.038
3340.85336 19.012 0.068
3354.71821 19.179 0.057
3358.79979 18.870 0.035
3361.83197 19.483 0.072
3365.73437 19.640 0.107
3372.75069 19.378 0.062
3378.66340 19.203 0.062
3391.73111 19.187 0.074
3394.74267 18.670 0.044
3396.62266 19.426 0.088
3399.69990 19.269 0.075
3403.68717 18.897 0.058
3408.59659 19.411 0.072
3412.64180 19.640 0.142
3417.56923 19.423 0.089
3425.57748 18.786 0.065
3431.53918 19.040 0.054
3437.54096 19.199 0.062
3445.56090 18.925 0.050
3460.49461 19.202 0.068
3583.93144 19.098 0.073
3593.92968 19.359 0.095
3601.86664 18.733 0.055
3618.90071 19.445 0.073
3629.88196 19.264 0.066
3634.84854 19.402 0.074
3639.84187 18.952 0.042
3644.79665 19.530 0.075
3650.88549 19.315 0.069
3654.78641 19.198 0.058
3657.86697 19.224 0.061
3660.80143 19.541 0.114
3664.83652 18.877 0.043
3668.79446 19.199 0.080
3672.78267 19.387 0.078
3675.86234 19.256 0.058
3684.77048 18.885 0.042
3687.77612 19.579 0.091
3690.69598 19.132 0.093
3693.72995 18.844 0.049
3695.75148 18.952 0.049
3698.74425 19.614 0.108
3700.77308 18.860 0.044
3702.86072 19.318 0.070
3705.76750 19.478 0.067
3708.72607 19.323 0.094
3712.71295 19.340 0.074
3714.72330 19.321 0.060
3717.63939 19.193 0.059
3719.81657 19.211 0.079
3725.81046 18.974 0.085
3727.78288 18.970 0.053
3730.67829 19.311 0.052
3732.70303 19.385 0.057
3734.80107 19.040 0.054
3736.81733 19.036 0.054
3737.70570 19.344 0.061
3739.80479 18.647 0.032
3742.69068 19.200 0.076
3745.76633 19.006 0.050
3749.66076 18.902 0.072
3750.74573 18.676 0.044
3752.75643 18.875 0.053
3754.77416 19.107 0.059
3756.59767 18.971 0.049
3758.77055 19.545 0.127
3761.78296 18.909 0.042
3764.73741 19.355 0.065
3767.59723 18.945 0.054
3770.61494 19.367 0.068
3773.61777 19.293 0.081
3776.61720 18.970 0.054
3779.60676 19.712 0.150
3782.65747 19.325 0.070
3787.58245 19.060 0.051
3792.53421 19.261 0.094
3809.52346 19.032 0.093
3822.50926 19.283 0.098
3946.90560 19.540 0.112
3964.86237 19.519 0.079
3969.88648 19.302 0.075
3981.86125 19.339 0.092
3989.88827 19.606 0.101
4001.86497 19.309 0.058
4005.84259 19.257 0.054
4007.84679 19.697 0.101
4011.84705 18.870 0.052
4018.83862 18.981 0.050
4023.87075 19.481 0.086
4026.77922 19.041 0.043
4029.72048 19.460 0.133
4031.80082 18.837 0.040
4038.70991 19.436 0.079
4041.67106 19.573 0.108
4043.67543 19.205 0.087
4048.85704 19.497 0.104
4052.69997 19.280 0.064
4054.68692 19.271 0.085
4056.74396 19.159 0.077
4058.77708 18.887 0.037
4063.67583 19.366 0.067
4066.73310 19.230 0.060
4068.82062 19.473 0.066
4070.66307 19.204 0.065
4073.82244 19.368 0.087
4076.79057 19.020 0.072
4079.75295 19.252 0.078
4083.66974 19.304 0.093
4085.73526 18.809 0.050
4092.85371 19.137 0.062
4105.68915 18.685 0.044
4109.76230 19.193 0.051
4113.71803 19.331 0.056
4120.74843 19.435 0.079
4122.70488 19.255 0.053
4125.75611 19.309 0.077
4131.60945 19.352 0.057
4142.64609 19.512 0.112
4156.53278 19.109 0.061
4166.57400 18.905 0.068
4196.52349 19.208 0.101
4340.88883 18.670 0.040
4341.89938 19.362 0.098
4343.81836 19.330 0.099
4344.87322 18.997 0.062
4345.91179 19.379 0.105
4346.84073 18.976 0.085
4347.84928 19.424 0.089
4348.84243 19.172 0.064
4349.84267 19.540 0.114
4350.92002 19.370 0.130
4353.90325 19.083 0.067
4354.88699 19.224 0.088
4357.89321 19.210 0.101
4358.89322 18.653 0.047
4361.85470 19.270 0.111
4362.80921 18.734 0.058
4363.87230 19.333 0.105
4366.83629 19.228 0.102
4367.77387 19.205 0.099
4368.88753 19.128 0.101
4369.80950 18.626 0.066
4370.81063 19.414 0.102
4371.85578 19.152 0.060
4373.78127 18.904 0.050
4377.79163 19.327 0.089
4380.80812 18.965 0.057
4386.78375 19.278 0.080
4390.74574 19.232 0.074
4393.85983 19.299 0.079
4398.87111 19.099 0.073
4403.87805 18.896 0.136
4411.86956 19.450 0.127
4418.79071 19.055 0.050
4422.85678 19.558 0.098
4426.73512 19.272 0.092
4429.84110 19.445 0.138
4432.72195 18.975 0.050
4436.76134 19.032 0.063
4439.82691 18.851 0.068
4440.86315 19.517 0.290
4441.65288 19.345 0.086
4442.67487 19.221 0.088
4443.65039 19.301 0.105
4444.82951 19.266 0.108
4448.69507 19.396 0.095
4449.74257 19.278 0.071
4450.70540 18.795 0.066
4451.64044 19.229 0.072
4451.78230 19.282 0.072
4452.85345 19.206 0.079
4453.62932 19.360 0.084
4454.65323 18.788 0.057
4454.81614 19.373 0.068
4455.63979 19.226 0.079
4455.77685 19.280 0.089
4456.72045 19.179 0.075
4456.81069 19.170 0.081
4456.85814 19.333 0.090
4457.69528 19.405 0.087
4457.84503 19.088 0.073
4458.61771 19.137 0.073
4459.60194 19.234 0.079
4459.74640 18.870 0.054
4459.80854 19.105 0.073
4461.57252 19.608 0.105
4462.63270 19.336 0.097
4462.78237 19.433 0.079
4463.62613 18.711 0.043
4464.62379 19.305 0.072
4464.76580 19.143 0.072
4465.64302 18.985 0.050
4466.63614 19.314 0.078
4466.73635 18.638 0.036
4467.60362 19.049 0.080
4467.67235 19.230 0.058
4468.63641 19.416 0.061
4469.62083 19.194 0.072
4470.60860 19.544 0.095
4470.79863 19.165 0.064
4471.59865 19.148 0.052
4471.76477 19.478 0.095
4472.59938 18.664 0.034
4472.77208 19.296 0.061
4473.68604 19.371 0.070
4477.74419 18.984 0.062
4481.68174 19.175 0.060
4485.72982 19.436 0.097
4489.71331 19.367 0.123
4493.70314 18.708 0.055
4498.67964 19.479 0.083
4501.67697 19.265 0.074
4506.61091 18.663 0.046
4508.62813 19.054 0.066
4510.70133 19.339 0.084
4521.61145 19.038 0.078
4523.62728 19.305 0.079
4525.54669 19.231 0.078
4531.56873 19.666 0.108
4533.57108 18.662 0.050
4537.62112 19.192 0.072
4539.54008 19.076 0.084
4541.59235 19.323 0.108
