2118.75580 16.291 0.010
2125.52452 16.063 0.011
2129.60735 15.756 0.007
2132.55198 16.133 0.009
2135.68727 16.053 0.007
2140.64741 16.155 0.009
2144.53372 15.637 0.007
2158.57653 15.839 0.007
2167.53175 15.867 0.007
2172.54750 15.926 0.009
2187.49824 15.880 0.008
2330.87117 15.650 0.007
2344.86674 15.801 0.007
2355.83206 16.150 0.009
2371.91217 16.164 0.009
2382.89044 15.800 0.008
2386.84250 16.107 0.009
2390.77243 16.305 0.012
2397.85001 15.757 0.008
2401.76308 16.038 0.009
2403.81915 15.901 0.008
2405.78751 16.078 0.009
2415.85538 16.167 0.011
2424.73232 15.936 0.011
2428.69661 16.153 0.009
2432.76720 15.954 0.010
2434.64429 16.263 0.010
2435.86331 15.748 0.008
2437.80777 16.181 0.010
2439.74848 16.002 0.008
2441.70131 15.635 0.006
2444.83102 16.277 0.012
2446.83462 16.120 0.011
2453.79176 16.126 0.009
2458.84651 15.645 0.007
2462.57301 15.699 0.007
2464.69429 15.905 0.008
2467.59742 15.988 0.009
2469.61188 15.777 0.007
2471.67165 15.734 0.007
2473.57274 16.086 0.009
2483.65349 15.961 0.008
2486.63677 16.090 0.010
2490.60377 15.968 0.009
2491.50131 15.607 0.008
2492.55597 15.695 0.006
2493.49858 16.161 0.009
2493.56301 16.294 0.010
2495.47914 16.058 0.009
2495.63756 16.161 0.009
2497.69224 16.117 0.009
2499.74011 16.031 0.008
2501.75853 15.827 0.008
2508.57878 16.254 0.010
2512.53489 15.945 0.009
2517.70502 15.883 0.009
2520.49171 15.806 0.008
2526.58788 16.096 0.008
2535.58890 15.956 0.010
2541.56706 16.087 0.009
2547.50708 16.128 0.010
2551.54153 15.784 0.009
2556.49527 15.967 0.010
2563.53090 16.094 0.009
2574.50851 15.662 0.008
2705.87101 16.012 0.007
2713.91316 16.015 0.008
2728.85421 15.937 0.009
2733.83632 16.107 0.010
2744.80857 15.752 0.007
2752.88014 15.836 0.009
2756.85371 16.136 0.009
2760.81968 15.619 0.008
2766.85326 15.910 0.008
2770.73293 16.094 0.010
2783.79387 16.209 0.010
2786.85646 16.143 0.011
2789.66277 16.304 0.010
2791.62364 16.100 0.009
2794.77953 16.051 0.009
2796.72846 15.717 0.007
2808.87028 16.174 0.012
2810.79844 15.977 0.009
2811.83890 15.937 0.009
2813.63540 16.111 0.010
2815.75709 16.119 0.009
2817.70998 15.895 0.008
2818.77214 15.876 0.008
2820.64248 16.149 0.010
2826.63455 16.144 0.009
2834.69249 15.760 0.015
2835.81304 15.691 0.008
2837.54780 15.944 0.008
2839.58411 15.745 0.008
2841.59427 16.278 0.011
2843.52974 16.076 0.009
2845.56930 15.906 0.010
2849.71974 15.664 0.007
2851.73404 16.226 0.011
2853.73986 16.106 0.010
2856.62847 15.923 0.009
2858.60384 16.134 0.013
2859.64253 16.094 0.012
2863.74027 15.833 0.010
2866.70167 16.183 0.011
2869.64232 15.882 0.008
2872.61640 16.225 0.009
2877.60639 15.754 0.008
2883.57370 15.902 0.008
2892.57422 15.702 0.008
2896.59596 16.115 0.009
2902.54194 16.123 0.011
2907.53448 15.599 0.008
2916.60858 15.850 0.010
2928.55206 15.875 0.009
3050.88626 16.166 0.010
3058.83604 16.120 0.008
3063.83074 16.150 0.008
3067.83456 16.028 0.008
3070.79399 16.119 0.011
3072.87283 16.259 0.008
3074.91235 16.125 0.010
3079.81983 16.212 0.009
3082.78619 15.952 0.008
3084.84301 15.823 0.007
3086.77408 16.191 0.008
3087.88744 16.272 0.010
3089.79568 16.040 0.008
3091.75781 15.743 0.007
3096.78758 16.079 0.009
3098.79911 15.892 0.007
3100.84969 15.705 0.006
3102.81040 16.145 0.009
3103.88526 16.154 0.009
3106.76329 15.752 0.008
3107.90757 15.887 0.007
3109.73174 16.136 0.008
3110.77301 16.139 0.009
3112.74191 15.905 0.007
3113.81115 15.891 0.007
3115.80972 15.647 0.006
3118.86683 16.159 0.009
3122.81737 15.719 0.008
3125.79781 16.150 0.010
3126.82869 16.119 0.008
3127.73789 15.922 0.008
3128.75805 15.823 0.007
3129.73655 15.628 0.007
3130.65973 16.189 0.011
3130.67334 16.188 0.010
3130.68016 16.198 0.010
3130.68312 16.206 0.010
3130.70927 16.269 0.010
3130.85100 15.749 0.008
3130.91457 15.839 0.008
3131.77049 16.232 0.011
3134.70683 15.970 0.013
3135.80225 15.973 0.007
3137.85438 15.801 0.008
3138.81196 15.858 0.007
3139.80609 16.263 0.008
3140.81334 16.144 0.009
3142.66770 15.808 0.007
3144.73064 15.640 0.006
3146.70038 16.156 0.009
3151.69014 15.639 0.007
3152.69478 16.297 0.009
3152.90759 15.894 0.009
3153.69754 16.181 0.010
3154.75391 16.152 0.010
3156.74037 16.048 0.008
3158.80037 15.925 0.010
3162.74765 16.150 0.009
3162.93355 15.637 0.007
3163.70971 16.058 0.008
3163.93331 16.288 0.012
3164.67351 15.899 0.007
3165.79527 15.966 0.006
3166.82491 15.874 0.010
3167.88890 15.859 0.009
3168.70642 16.231 0.009
3168.92272 15.854 0.008
3169.66287 16.107 0.008
3170.73352 16.123 0.008
3171.68720 15.986 0.007
3172.67187 15.854 0.007
3174.65084 16.281 0.008
3175.65271 16.175 0.008
3176.69968 16.159 0.009
3178.71525 16.050 0.008
3179.59320 15.778 0.006
3179.84897 16.121 0.009
3180.64394 15.730 0.006
3182.71408 15.885 0.007
3183.65876 16.161 0.009
3184.63843 16.107 0.008
3185.79640 16.155 0.009
3193.81118 16.147 0.009
3194.63001 15.818 0.008
3195.60836 15.660 0.006
3196.68379 15.660 0.007
3196.77277 15.850 0.008
3197.58397 16.167 0.009
3199.71794 16.138 0.009
3202.58117 15.685 0.007
3203.70489 15.800 0.007
3204.70052 15.630 0.006
3205.62509 16.171 0.008
3206.60710 16.106 0.008
3210.59724 15.644 0.006
3211.66927 15.633 0.007
3212.63800 16.244 0.011
3217.59289 15.726 0.012
3218.59215 15.855 0.008
3219.65184 15.940 0.008
3223.58976 15.895 0.009
3224.63962 15.897 0.007
3226.55239 16.270 0.009
3228.51105 16.078 0.008
3229.56919 16.060 0.008
3230.60787 16.033 0.007
3231.50889 15.721 0.007
3232.48272 16.254 0.012
3239.51750 15.666 0.006
3240.59499 15.683 0.007
3241.59921 16.041 0.011
3244.69577 16.160 0.014
3245.48377 15.812 0.008
3246.59169 15.889 0.008
3247.66230 15.899 0.008
3248.65553 15.753 0.007
3250.59493 16.138 0.009
3253.58775 15.953 0.007
3256.56682 16.199 0.011
3259.56293 16.018 0.010
3266.58848 16.089 0.010
3272.53773 16.137 0.009
3274.56729 16.090 0.009
3278.53786 16.157 0.010
3281.48304 15.952 0.010
3287.55025 16.151 0.009
3292.53896 15.687 0.006
3415.87349 16.033 0.007
3420.87375 16.174 0.008
3425.84895 15.653 0.007
3428.85469 16.159 0.008
3430.89149 16.074 0.007
3442.82812 16.180 0.009
3444.88191 16.139 0.008
3446.91057 15.998 0.008
3449.80772 16.222 0.008
3452.82870 16.023 0.008
3454.88227 15.913 0.008
3457.82056 16.170 0.008
3459.76578 16.019 0.009
3468.81765 15.925 0.007
3469.82461 15.825 0.006
3471.90495 15.662 0.007
3473.82014 16.132 0.009
3476.71276 15.658 0.006
3478.77837 16.292 0.008
3479.91565 15.635 0.006
3481.75702 16.058 0.008
3483.89066 16.042 0.008
3484.70652 15.830 0.009
3496.79205 16.106 0.008
3497.72975 15.940 0.008
3499.91975 15.992 0.007
3500.78881 15.642 0.006
3501.78254 16.288 0.007
3502.75552 16.151 0.008
3503.72454 16.073 0.007
3504.81417 16.093 0.007
3506.87914 16.007 0.008
3508.82981 15.629 0.007
3509.77949 16.226 0.009
3511.73715 16.055 0.009
3512.78028 16.048 0.009
3517.85426 16.291 0.010
3520.80849 16.006 0.008
3521.61817 16.263 0.008
3522.67255 16.307 0.009
3523.71465 16.258 0.008
3524.70336 16.137 0.008
3525.68533 16.093 0.008
3526.76779 16.106 0.008
3527.77267 16.006 0.007
3528.71544 15.811 0.007
3529.60540 16.265 0.008
3530.62738 16.155 0.007
3538.65927 16.166 0.008
3540.80376 16.152 0.008
3541.80774 16.116 0.009
3547.70013 16.116 0.010
3550.57541 15.695 0.006
3551.76478 15.839 0.006
3552.60052 16.172 0.007
3553.73446 16.294 0.011
3554.77144 16.250 0.009
3555.73535 16.122 0.008
3556.81136 16.113 0.009
3558.47428 16.186 0.009
3558.77353 15.935 0.007
3559.53073 16.142 0.009
3560.50499 16.082 0.008
3560.84504 15.808 0.007
3561.48239 15.975 0.008
3562.52895 15.943 0.007
3563.58392 15.930 0.007
3564.61203 15.853 0.007
3569.50014 15.972 0.009
3573.57724 15.888 0.009
3574.63384 16.136 0.011
3575.61866 16.188 0.008
3576.59915 16.129 0.009
3577.66117 16.110 0.007
3578.60826 15.967 0.007
3579.56550 15.777 0.006
3580.58328 15.649 0.006
3581.61532 15.863 0.007
3582.56353 16.161 0.008
3583.58058 16.129 0.010
3584.58907 16.094 0.008
3585.57976 15.987 0.007
3586.62562 15.937 0.007
3589.61837 16.272 0.008
3590.58710 16.163 0.008
3591.64905 16.151 0.008
3593.52200 15.843 0.007
3594.63806 15.920 0.007
3601.57052 15.870 0.007
3602.58002 15.766 0.007
3603.58459 15.680 0.007
3604.58115 16.289 0.011
3606.60415 16.105 0.010
3607.57651 16.056 0.008
3608.58543 15.942 0.008
3615.49814 15.890 0.007
3618.62291 15.711 0.007
3620.51125 16.128 0.008
3622.49036 15.924 0.008
3628.61908 16.148 0.011
3630.50447 15.887 0.009
3631.63465 16.008 0.009
3633.47928 16.210 0.012
3637.56393 16.018 0.010
3639.59708 15.878 0.007
3641.49212 16.169 0.011
3643.56056 16.076 0.011
3648.48445 16.262 0.012
3651.54050 16.072 0.008
3654.49354 15.710 0.009
3656.49031 16.196 0.010
3658.52427 16.044 0.010
3661.52221 15.749 0.009
3668.49531 15.857 0.009
3674.50912 16.020 0.009
3775.85268 16.156 0.010
3780.87840 15.758 0.007
