2167.82762 18.756 0.052
2173.83503 18.559 0.042
2190.77281 18.595 0.047
2192.80846 18.477 0.034
2212.86250 18.712 0.050
2214.77586 18.444 0.041
2224.73262 18.558 0.039
2226.83683 18.533 0.045
2229.64873 18.627 0.053
2230.78748 18.745 0.046
2232.80734 18.689 0.051
2234.80174 18.585 0.034
2239.58671 18.558 0.057
2241.64824 18.516 0.052
2243.70681 18.585 0.046
2248.77925 18.430 0.032
2250.83037 18.533 0.036
2252.63847 18.629 0.041
2254.62939 18.487 0.040
2257.63329 18.659 0.042
2264.73312 18.669 0.035
2266.63091 18.506 0.051
2270.62704 18.755 0.046
2271.77782 18.507 0.035
2273.71431 18.676 0.046
2275.80944 18.711 0.053
2277.63638 18.490 0.034
2279.80872 18.570 0.041
2281.79555 18.485 0.034
2283.82975 18.474 0.031
2290.77428 18.593 0.039
2292.75076 18.581 0.053
2294.72581 18.646 0.060
2296.73621 18.644 0.066
2298.75449 18.694 0.051
2300.70864 18.537 0.048
2302.68519 18.490 0.045
2321.65793 18.514 0.042
2327.54370 18.509 0.051
2332.58407 18.518 0.059
2333.54237 18.817 0.081
2333.55363 18.782 0.073
2339.53010 18.545 0.060
2357.50126 18.714 0.097
2395.50209 18.503 0.062
2526.89437 18.671 0.038
2537.90284 18.601 0.067
2542.87422 18.523 0.037
2552.82452 18.585 0.047
2556.81608 18.763 0.045
2559.86438 18.623 0.048
2564.83258 18.618 0.046
2573.83286 18.472 0.042
2578.75723 18.658 0.055
2583.81165 18.498 0.041
2589.84219 18.704 0.045
2596.72685 18.773 0.066
2605.72992 18.543 0.038
2609.72612 18.686 0.054
2614.68614 18.540 0.051
2618.71678 18.708 0.052
2621.62420 18.487 0.036
2623.80800 18.680 0.048
2627.67215 18.719 0.068
2629.69521 18.830 0.067
2631.74683 18.695 0.059
2634.74898 18.630 0.043
2635.66895 18.485 0.033
2638.64006 18.700 0.046
2639.64018 18.752 0.036
2641.70705 18.699 0.047
2643.71581 18.620 0.050
2645.70416 18.483 0.031
2647.66198 18.502 0.038
2650.82283 18.471 0.033
2652.72472 18.666 0.047
2654.65953 18.561 0.053
2656.63160 18.421 0.042
2658.59549 18.733 0.059
2660.60865 18.667 0.048
2662.59475 18.659 0.042
2664.60329 18.531 0.051
2666.65725 18.491 0.034
2668.64638 18.512 0.047
2670.61636 18.709 0.055
2672.72565 18.551 0.040
2674.62401 18.591 0.038
2676.61061 18.516 0.032
2678.69826 18.540 0.042
2680.60896 18.629 0.037
2682.65915 18.691 0.059
2687.53169 18.502 0.074
2691.60206 18.552 0.061
2696.51973 18.486 0.057
2701.50695 18.674 0.079
2707.50430 18.472 0.065
2714.50319 18.753 0.088
2839.93453 18.677 0.054
2867.90551 18.541 0.038
2879.89429 18.637 0.053
2888.89877 18.480 0.033
2894.83384 18.578 0.043
2899.83475 18.614 0.039
2905.82448 18.540 0.042
2908.88549 18.506 0.035
2911.78379 18.733 0.038
2916.83407 18.562 0.032
2922.81794 18.680 0.055
2926.74458 18.537 0.039
2930.81909 18.473 0.035
2933.86353 18.605 0.042
2940.70006 18.696 0.039
2947.71499 18.500 0.041
2949.80520 18.584 0.039
2952.85935 18.490 0.041
2956.69774 18.588 0.038
2958.72407 18.515 0.040
2962.73595 18.579 0.039
2965.75536 18.753 0.040
2967.85478 18.694 0.040
2972.85362 18.567 0.038
2975.82810 18.518 0.039
2976.82337 18.545 0.041
2978.80400 18.784 0.056
2982.67511 18.491 0.041
2984.72262 18.581 0.040
2986.80526 18.475 0.040
2988.76979 18.729 0.046
2989.78576 18.753 0.041
2991.62619 18.503 0.032
2993.61358 18.650 0.035
2995.71006 18.626 0.036
2997.69216 18.719 0.042
2999.71242 18.670 0.038
3001.75009 18.702 0.043
3003.72169 18.511 0.034
3005.59746 18.568 0.042
3007.66002 18.719 0.043
3009.72631 18.691 0.041
3011.70052 18.826 0.068
3013.70649 18.499 0.039
3017.70786 18.540 0.038
3019.63587 18.628 0.046
3021.75467 18.771 0.039
3023.61645 18.474 0.031
3024.81756 18.691 0.047
3026.81422 18.640 0.031
3029.61859 18.721 0.042
3031.68852 18.684 0.039
3033.75204 18.660 0.034
3035.75908 18.621 0.038
3038.73656 18.423 0.041
3040.70718 18.568 0.050
3042.65113 18.654 0.055
3044.58499 18.546 0.046
3045.67395 18.535 0.039
3047.62772 18.508 0.042
3049.63340 18.649 0.033
3051.60157 18.759 0.049
3053.59584 18.595 0.041
3055.59506 18.544 0.042
3057.62044 18.539 0.039
3059.56438 18.696 0.040
3070.55438 18.737 0.054
3073.55508 18.750 0.069
3075.66805 18.744 0.056
3078.58825 18.459 0.041
3082.57750 18.748 0.050
3084.65457 18.771 0.041
3086.65774 18.747 0.067
3087.61722 18.658 0.040
3090.58067 18.512 0.046
3096.48762 18.531 0.065
3099.56858 18.514 0.049
3102.54739 18.649 0.057
3105.58013 18.668 0.045
3108.55801 18.557 0.038
3112.52974 18.617 0.053
3116.51663 18.644 0.050
3127.48305 18.538 0.037
3140.47269 18.535 0.050
3223.87292 18.468 0.047
3241.85925 18.584 0.047
3248.82267 18.745 0.065
3257.85059 18.626 0.034
3263.89654 18.734 0.034
3270.83958 18.679 0.039
3273.88757 18.730 0.048
3277.82361 18.525 0.041
3281.86645 18.637 0.036
3287.72849 18.630 0.035
3289.88021 18.458 0.036
3294.87555 18.740 0.041
3295.68079 18.442 0.024
3301.74134 18.829 0.053
3304.79729 18.626 0.046
3306.87849 18.751 0.067
3309.70752 18.845 0.050
3311.70532 18.740 0.040
3320.74809 18.532 0.036
3327.71972 18.458 0.031
3330.67857 18.661 0.052
3334.77782 18.646 0.054
3338.82433 18.582 0.039
3340.83939 18.615 0.042
3350.65780 18.567 0.028
3354.70425 18.678 0.042
3358.77646 18.710 0.029
3361.81582 18.746 0.041
3365.72042 18.675 0.057
3372.73670 18.498 0.026
3378.64942 18.670 0.038
3391.71708 18.663 0.043
3394.72865 18.575 0.041
3396.60773 18.677 0.045
3399.68588 18.819 0.056
3403.67312 18.500 0.041
3408.58251 18.675 0.039
3412.62790 18.659 0.051
3417.55530 18.825 0.059
3425.56350 18.497 0.057
3437.52691 18.651 0.039
3445.53223 18.469 0.038
3477.47509 18.483 0.047
3583.91720 18.554 0.040
3593.91553 18.512 0.041
3601.85245 18.529 0.048
3618.88660 18.720 0.037
3629.86789 18.668 0.043
3633.88789 18.588 0.049
3634.83457 18.441 0.031
3639.82783 18.715 0.033
3643.83723 18.501 0.041
3644.78263 18.491 0.029
3650.87152 18.800 0.040
3654.77080 18.561 0.035
3657.85299 18.494 0.028
3660.78746 18.744 0.051
3664.82258 18.481 0.032
3668.78057 18.622 0.042
3672.76879 18.661 0.035
3675.84848 18.598 0.033
3684.75660 18.564 0.029
3687.76227 18.475 0.031
3689.86288 18.508 0.038
3692.86258 18.489 0.039
3695.73674 18.514 0.034
3698.73034 18.593 0.046
3700.75923 18.608 0.036
3702.84686 18.518 0.029
3705.75367 18.598 0.031
3708.71226 18.544 0.042
3712.69911 18.842 0.043
3714.70953 18.606 0.033
3716.85112 18.773 0.043
3719.80277 18.575 0.046
3725.79666 18.700 0.043
3727.76904 18.703 0.042
3730.66444 18.547 0.026
3732.68914 18.678 0.035
3734.78718 18.509 0.037
3736.80346 18.665 0.039
3737.69183 18.625 0.036
3739.79094 18.717 0.039
3742.67679 18.578 0.048
3745.75246 18.654 0.036
3749.64685 18.447 0.065
3750.73186 18.527 0.056
3752.74203 18.444 0.034
3754.76023 18.408 0.036
3756.58380 18.609 0.035
3758.75347 18.824 0.056
3761.76903 18.647 0.031
3764.72345 18.546 0.035
3767.58331 18.558 0.033
3770.59967 18.527 0.038
3773.60387 18.534 0.039
3776.60321 18.706 0.039
3779.59279 18.499 0.045
3782.64348 18.534 0.037
3787.56844 18.706 0.041
3792.51579 18.565 0.048
3799.59895 18.506 0.048
3809.50930 18.490 0.057
3822.48912 18.619 0.061
3946.89132 18.502 0.043
3964.84830 18.595 0.033
3969.86814 18.441 0.039
3975.91830 18.794 0.048
3981.84726 18.617 0.046
3989.87426 18.585 0.043
3995.89800 18.609 0.045
4001.85103 18.550 0.035
4005.82872 18.714 0.035
4007.83288 18.722 0.040
4011.83316 18.426 0.033
4018.82481 18.723 0.038
4023.85696 18.367 0.033
4026.76541 18.683 0.033
4029.70665 18.588 0.056
4031.78703 18.495 0.028
4038.69616 18.578 0.033
4040.86300 18.684 0.049
4043.66163 18.738 0.060
4048.84324 18.624 0.055
4052.68617 18.497 0.027
4054.67316 18.539 0.042
4056.73021 18.530 0.041
4058.76253 18.670 0.032
4063.66211 18.512 0.032
4066.71935 18.462 0.033
4068.80688 18.489 0.028
4070.64930 18.575 0.036
4073.80872 18.863 0.057
4076.77689 18.527 0.040
4079.73919 18.494 0.041
4083.65603 18.471 0.038
4085.72151 18.573 0.042
4092.83998 18.563 0.034
4105.67540 18.585 0.037
4109.71831 18.464 0.027
4109.74853 18.568 0.033
4113.70428 18.747 0.035
4120.73469 18.482 0.026
4122.69109 18.519 0.028
4125.74233 18.752 0.043
4131.59564 18.733 0.034
4142.63221 18.587 0.051
4156.51532 18.641 0.068
4166.56005 18.733 0.065
4196.50933 18.682 0.060
4341.88532 18.744 0.057
4347.83527 18.526 0.043
4357.89667 18.603 0.053
4362.77245 18.682 0.053
4365.81396 18.591 0.061
4368.89127 18.665 0.067
4371.84188 18.494 0.036
4377.77772 18.560 0.042
4380.79422 18.487 0.034
4386.76992 18.617 0.042
4390.73187 18.495 0.040
4393.84599 18.525 0.039
4398.85726 18.714 0.050
4403.86421 18.530 0.055
4411.85579 18.670 0.045
4418.77703 18.654 0.036
4422.84302 18.685 0.039
4426.72130 18.583 0.063
4429.78278 18.793 0.092
4429.81954 18.669 0.083
4432.70821 18.473 0.035
4436.74756 18.595 0.045
4439.81318 18.703 0.065
4443.68294 18.535 0.051
4448.85007 18.528 0.038
4449.66763 18.657 0.037
4451.67721 18.585 0.048
4454.69373 18.487 0.036
4455.67602 18.496 0.040
4458.73435 18.597 0.048
4461.65129 18.667 0.041
4465.73437 18.530 0.035
4468.70296 18.619 0.033
4473.67228 18.629 0.040
4477.73038 18.445 0.040
4481.66799 18.805 0.045
4485.71604 18.601 0.051
4489.69952 18.480 0.059
4493.68933 18.691 0.060
4498.66652 18.514 0.038
4501.66382 18.694 0.051
4506.59777 18.578 0.049
4508.60775 18.524 0.042
4510.68751 18.516 0.045
4520.68178 18.572 0.065
4521.59753 18.587 0.051
4523.61339 18.724 0.056
4525.53275 18.591 0.047
4531.55475 18.787 0.055
4533.55716 18.882 0.063
4537.60712 18.740 0.053
4539.52555 18.634 0.054
4541.57832 18.492 0.052
