2167.86076 18.972 0.057
2173.89500 18.841 0.038
2190.82002 18.874 0.042
2192.86357 18.755 0.040
2193.78514 18.840 0.034
2201.85120 19.008 0.045
2202.78466 18.801 0.047
2214.83233 18.879 0.061
2221.77432 19.068 0.070
2224.78677 19.178 0.061
2227.69763 19.081 0.060
2229.70310 18.916 0.064
2231.67151 19.128 0.069
2233.63980 18.882 0.047
2236.65216 19.042 0.069
2239.62019 18.792 0.061
2241.70713 18.878 0.057
2243.76083 19.110 0.067
2247.84273 18.877 0.042
2248.84538 18.982 0.045
2250.77542 18.893 0.046
2252.69241 18.901 0.040
2254.68368 18.929 0.047
2257.69189 18.986 0.041
2260.69737 19.051 0.045
2264.70293 18.756 0.036
2266.68873 19.213 0.060
2270.72475 18.786 0.041
2271.83663 19.117 0.035
2272.72311 19.111 0.064
2274.72944 18.876 0.047
2276.79500 18.860 0.057
2278.65924 18.825 0.047
2280.73761 18.817 0.041
2282.73351 19.091 0.048
2284.80775 19.099 0.046
2289.79698 18.931 0.046
2292.81340 18.767 0.053
2294.78152 19.193 0.091
2296.80221 19.027 0.087
2298.79582 18.733 0.052
2300.77345 19.201 0.083
2302.74655 18.927 0.061
2324.52953 18.853 0.060
2328.51640 19.036 0.085
2334.50972 18.965 0.057
2340.50649 18.877 0.079
2364.49583 19.098 0.081
2385.51656 18.971 0.072
2529.86082 19.019 0.054
2539.86081 19.009 0.061
2545.82861 18.968 0.061
2552.88655 19.086 0.057
2556.87522 18.868 0.044
2560.78448 18.972 0.051
2565.79304 18.983 0.063
2574.74308 18.884 0.050
2578.81146 19.132 0.070
2583.86609 18.898 0.066
2590.77985 18.874 0.053
2596.78796 18.842 0.052
2605.82777 18.893 0.047
2609.79281 18.791 0.051
2610.62496 18.856 0.060
2610.83696 19.143 0.084
2611.63717 18.906 0.065
2611.70756 19.165 0.101
2613.61839 18.912 0.065
2613.69623 18.900 0.072
2614.66639 18.986 0.065
2614.74977 19.209 0.083
2614.84136 18.790 0.046
2615.65045 19.079 0.072
2615.77257 18.744 0.038
2615.83026 18.855 0.046
2617.63913 19.077 0.090
2617.73353 19.074 0.075
2617.84200 18.911 0.061
2618.65585 19.077 0.067
2618.74943 18.914 0.051
2619.61242 19.104 0.055
2619.71914 18.773 0.036
2619.84355 19.072 0.059
2620.64231 18.800 0.044
2620.72754 19.020 0.047
2620.84423 18.982 0.052
2621.67628 19.150 0.048
2621.75202 18.957 0.050
2621.84523 18.854 0.040
2622.64233 19.094 0.069
2622.72370 18.755 0.050
2622.84458 19.106 0.058
2623.64105 18.819 0.052
2623.72913 18.980 0.053
2623.84042 19.084 0.054
2624.67161 19.093 0.057
2624.74272 19.179 0.061
2624.83750 18.772 0.044
2625.65660 19.037 0.054
2625.70850 18.859 0.047
2625.81865 18.921 0.047
2626.62545 18.834 0.048
2627.73322 19.213 0.095
2627.75514 19.106 0.078
2627.80708 18.880 0.070
2628.64998 19.099 0.069
2628.72704 18.849 0.057
2628.79419 18.818 0.055
2629.64572 18.747 0.054
2629.75407 18.819 0.052
2629.77608 19.076 0.082
2629.83380 19.149 0.075
2630.63358 18.851 0.058
2630.71313 19.010 0.057
2630.79345 19.127 0.081
2631.64508 19.171 0.077
2631.72784 18.936 0.069
2632.60104 19.141 0.052
2632.67589 18.860 0.041
2632.72778 18.840 0.039
2632.80833 18.986 0.048
2634.59982 18.936 0.045
2634.68986 19.144 0.057
2634.82375 18.819 0.048
2635.65007 18.976 0.048
2635.72737 18.778 0.038
2635.77649 18.909 0.044
2635.83032 19.077 0.064
2636.67787 18.915 0.044
2636.75828 19.164 0.065
2636.83800 19.101 0.069
2637.63994 19.010 0.045
2637.71855 19.092 0.048
2637.82165 18.769 0.036
2638.62121 19.085 0.053
2638.69433 18.855 0.050
2638.72214 18.764 0.048
2638.82160 19.015 0.072
2639.59431 18.784 0.036
2639.67464 18.847 0.033
2639.83067 19.111 0.042
2640.60325 18.894 0.050
2640.74526 18.987 0.055
2640.79099 18.809 0.078
2641.60339 19.119 0.063
2641.73974 18.792 0.046
2641.85058 19.045 0.058
2642.60150 18.866 0.047
2642.70331 18.889 0.051
2643.60841 18.803 0.039
2643.75202 19.131 0.059
2644.59107 19.045 0.053
2644.70154 18.950 0.052
2645.60582 19.008 0.274
2645.74303 18.722 0.055
2645.84939 19.084 0.072
2646.61179 18.837 0.045
2646.70793 19.017 0.054
2646.73593 19.036 0.051
2647.61095 19.051 0.058
2647.72075 18.948 0.050
2649.70048 18.943 0.039
2650.62830 19.054 0.050
2650.68980 19.070 0.069
2650.79961 18.763 0.044
2651.62428 19.031 0.072
2651.71496 18.770 0.044
2652.59059 18.869 0.048
2652.66953 18.984 0.060
2652.76708 19.116 0.072
2652.85358 18.933 0.048
2653.59835 18.936 0.052
2653.77134 18.798 0.048
2654.61631 19.141 0.069
2654.69412 18.875 0.061
2654.78259 18.947 0.059
2654.83473 18.955 0.048
2655.60273 18.863 0.051
2655.80171 19.025 0.058
2656.61415 18.824 0.050
2656.68807 19.033 0.064
2656.76317 18.993 0.078
2656.86043 18.673 0.050
2657.61656 19.173 0.063
2657.85309 18.953 0.079
2658.57811 19.002 0.077
2658.65048 18.877 0.053
2658.67760 18.760 0.051
2658.75860 18.995 0.089
2659.63531 18.993 0.055
2659.86290 18.899 0.082
2660.59080 18.793 0.051
2660.66967 19.033 0.061
2660.73653 18.842 0.046
2661.59588 19.036 0.038
2661.64965 18.866 0.038
2661.84883 19.018 0.064
2662.63457 18.852 0.046
2662.67992 18.985 0.052
2662.77019 19.146 0.078
2664.65923 18.871 0.057
2664.69687 18.962 0.069
2664.83478 19.105 0.102
2665.67972 18.947 0.045
2665.81674 19.035 0.069
2666.63846 19.054 0.048
2666.72478 19.056 0.047
2666.75680 18.885 0.039
2667.67394 18.905 0.050
2667.82884 18.956 0.073
2668.71564 19.011 0.069
2668.74832 19.090 0.065
2669.58786 18.864 0.054
2671.68390 18.846 0.051
2672.66104 19.044 0.087
2672.76053 18.981 0.053
2672.80938 18.854 0.050
2674.66594 18.807 0.047
2674.71522 18.882 0.063
2674.78798 19.022 0.057
2675.64063 19.008 0.060
2675.75147 19.178 0.060
2676.65069 19.086 0.060
2676.70025 19.084 0.066
2676.73147 19.054 0.083
2677.64772 18.810 0.052
2677.71012 18.989 0.055
2678.62445 18.832 0.046
2678.75614 19.077 0.055
2678.77677 19.059 0.052
2679.64496 19.208 0.075
2679.78087 18.739 0.048
2680.66348 18.872 0.041
2680.76692 19.046 0.047
2681.60438 18.745 0.051
2681.71587 19.069 0.065
2682.58179 18.968 0.060
2683.61690 19.236 0.091
2687.59670 18.829 0.061
2692.59540 19.063 0.058
2696.58662 19.135 0.071
2701.57830 18.872 0.063
2708.50797 18.802 0.070
2870.92186 18.984 0.066
2890.85636 18.993 0.079
2895.89226 18.863 0.041
2900.85412 18.914 0.047
2907.80474 19.036 0.044
2911.84194 19.070 0.042
2916.89280 19.096 0.052
2922.87808 18.933 0.060
2926.81102 19.003 0.051
2930.88550 18.919 0.065
2934.78003 19.149 0.051
2940.76059 18.998 0.050
2943.76480 19.062 0.054
2947.77345 19.052 0.045
2949.86346 19.113 0.050
2950.68724 19.004 0.059
2954.71059 19.018 0.067
2956.75589 19.079 0.052
2958.79759 18.869 0.050
2962.79474 19.281 0.059
2965.81778 19.138 0.052
2968.68548 18.818 0.051
2973.75895 18.868 0.039
2976.62542 19.029 0.063
2978.82647 19.131 0.057
2980.74146 18.873 0.045
2982.73474 19.070 0.051
2984.78110 18.999 0.048
2987.66248 18.833 0.044
2989.61756 19.020 0.050
2991.68456 18.997 0.046
2993.70491 18.931 0.051
2995.77975 18.972 0.051
2997.75035 18.943 0.047
2999.64999 19.079 0.052
3000.69893 18.809 0.038
3002.68669 19.119 0.052
3004.68805 18.988 0.040
3006.63157 19.096 0.052
3008.78646 18.779 0.047
3010.70603 18.879 0.052
3011.76099 19.123 0.070
3015.77857 18.714 0.058
3017.76627 19.046 0.054
3019.70050 18.809 0.038
3021.81298 18.774 0.044
3023.67503 18.846 0.033
3025.64643 19.035 0.036
3027.69202 19.057 0.046
3029.67695 18.774 0.042
3031.74699 18.860 0.044
3033.81055 19.085 0.046
3036.60904 18.811 0.038
3039.55095 19.055 0.057
3041.63589 19.298 0.115
3041.65897 18.977 0.069
3043.66968 19.057 0.078
3045.73255 18.946 0.058
3047.68617 19.099 0.061
3048.61740 18.913 0.036
3050.63439 19.107 0.044
3052.63584 18.850 0.045
3054.64026 18.898 0.051
3056.62842 19.086 0.050
3058.62235 18.815 0.048
3060.67198 19.052 0.052
3066.51823 18.911 0.075
3068.55782 18.887 0.059
3070.63006 19.138 0.083
3073.64991 19.077 0.070
3076.57374 19.203 0.079
3078.66051 19.043 0.058
3082.63752 19.107 0.042
3085.53997 18.749 0.046
3088.50294 18.720 0.047
3090.64465 18.849 0.048
3093.52723 18.972 0.072
3098.63656 19.075 0.064
3102.60725 19.110 0.070
3105.61299 18.998 0.059
3108.59094 19.050 0.053
3111.53931 18.918 0.066
3129.48161 19.081 0.085
3134.50247 18.989 0.061
3216.89632 18.933 0.073
3242.83109 18.872 0.048
3248.88390 18.889 0.058
3257.91598 19.022 0.061
3264.83155 18.801 0.035
3270.89828 18.825 0.040
3274.78366 18.756 0.051
3282.81477 19.138 0.051
3287.78817 18.971 0.034
3291.72456 18.931 0.040
3295.74581 19.228 0.047
3297.73792 18.854 0.033
3299.80204 18.829 0.027
3301.79939 19.122 0.065
3304.85965 19.033 0.054
3309.76543 18.759 0.036
3311.76340 19.090 0.054
3320.81102 19.186 0.055
3327.77896 19.262 0.058
3330.73732 19.074 0.065
3334.83681 18.888 0.053
3339.78463 18.998 0.051
3353.83091 18.769 0.041
3357.62122 19.097 0.051
3360.66006 19.050 0.050
3363.76831 18.939 0.048
3369.84562 18.874 0.048
3375.78193 19.160 0.052
3378.70749 19.093 0.045
3394.59057 18.802 0.050
3396.64142 19.058 0.053
3399.74403 18.930 0.059
3403.73140 18.851 0.045
3408.61582 18.998 0.048
3412.64995 19.228 0.083
3417.58795 18.887 0.047
3425.59609 19.134 0.084
3437.55960 19.013 0.045
3446.52866 18.790 0.046
3456.49014 18.794 0.058
3579.92359 18.758 0.052
3596.92992 18.940 0.048
3603.91687 18.909 0.040
3619.85724 18.951 0.048
3633.83852 19.070 0.061
3639.80390 18.921 0.034
3644.84106 18.836 0.032
3651.78352 18.853 0.039
3654.83125 18.795 0.036
3658.79489 18.965 0.048
3665.81369 19.087 0.057
3670.78341 18.870 0.047
3673.79350 18.950 0.041
3676.78545 18.983 0.054
3684.84763 19.002 0.042
3687.81999 18.950 0.041
3690.73990 18.764 0.044
3693.77391 18.924 0.045
3695.80662 19.208 0.048
3698.79832 19.199 0.063
3703.74751 18.874 0.036
3705.81468 18.811 0.034
3708.80300 18.873 0.047
3712.76053 18.883 0.034
3714.83130 19.145 0.046
3717.72371 18.930 0.048
3720.80957 19.060 0.054
3724.72942 19.090 0.041
3727.80124 19.101 0.047
3731.77030 18.869 0.036
3732.74699 18.872 0.030
3735.60979 19.095 0.036
3737.77968 19.022 0.036
3740.74160 19.119 0.042
3742.74891 18.914 0.060
3745.78485 18.941 0.041
3748.75464 18.764 0.051
3750.76422 18.925 0.051
3752.77490 18.993 0.052
3754.79269 18.907 0.045
3757.57363 18.768 0.038
3759.77871 19.120 0.047
3763.64936 19.121 0.035
3766.60706 18.915 0.038
3770.69231 18.887 0.044
3773.72634 18.889 0.042
3776.69709 19.179 0.072
3779.65135 19.011 0.067
3783.56795 18.911 0.047
3788.54067 18.879 0.035
3792.57815 18.967 0.048
3800.56001 19.151 0.053
3810.51802 19.174 0.077
3824.48821 18.823 0.060
3950.91185 18.950 0.042
3964.91062 18.897 0.032
3970.83406 18.875 0.039
3981.90408 18.969 0.055
3990.89284 18.932 0.040
3998.89664 18.952 0.041
4003.71033 19.148 0.045
4005.88603 18.865 0.036
4006.72824 18.966 0.039
4008.75244 19.100 0.041
4013.75298 18.868 0.047
4018.88482 18.793 0.036
4024.74955 19.034 0.040
4026.82254 18.914 0.035
4029.77175 18.806 0.041
4032.80259 18.860 0.058
4038.75435 18.910 0.044
4041.71433 19.170 0.054
4043.71928 18.923 0.048
4049.68180 18.843 0.040
4052.74314 18.803 0.030
4054.73009 18.973 0.058
4056.78911 19.195 0.047
4058.83625 19.007 0.050
4063.71905 19.041 0.040
4065.84226 19.173 0.048
4067.68413 19.014 0.041
4070.70640 19.007 0.046
4074.77511 18.878 0.046
4077.82253 18.908 0.042
4080.70047 19.063 0.053
4086.78453 18.762 0.046
4093.82589 19.089 0.050
4111.76319 19.136 0.045
4117.70361 18.846 0.051
4121.67881 19.100 0.067
4124.76160 19.104 0.044
4142.74141 19.036 0.073
4156.57651 18.825 0.040
4168.53696 19.096 0.053
4198.49109 18.850 0.058
4343.82705 19.003 0.061
4347.89414 18.878 0.048
4353.82735 19.102 0.053
4358.77875 18.878 0.071
4363.82126 19.115 0.077
4367.78104 19.002 0.064
4370.81787 18.915 0.055
4373.81731 18.953 0.047
4377.83631 18.834 0.045
4380.88099 18.830 0.044
4386.82684 18.848 0.057
4390.78883 18.792 0.046
4394.80643 18.921 0.041
4399.76303 19.021 0.066
4407.72599 18.799 0.050
4412.74960 19.109 0.060
4418.83514 18.831 0.038
4422.72726 19.034 0.048
4427.70289 18.881 0.047
4430.70616 18.954 0.064
4433.72382 18.795 0.046
4436.80520 19.239 0.083
4440.66606 18.917 0.051
4443.75853 19.051 0.064
4449.72118 18.894 0.041
4451.76077 18.757 0.042
4452.74005 18.865 0.046
4455.73022 18.855 0.051
4457.76041 18.796 0.063
4459.72511 19.101 0.059
4462.70292 18.900 0.050
4464.77325 18.844 0.052
4467.74901 18.841 0.040
4471.77625 18.965 0.055
4476.68982 19.128 0.047
4480.79332 18.871 0.041
4483.77839 18.813 0.050
4486.80788 18.825 0.061
4492.66564 19.127 0.066
4497.72768 18.891 0.044
4499.72354 18.812 0.046
4502.71053 18.983 0.066
4507.71341 19.100 0.063
4509.66512 19.070 0.063
4517.69249 19.083 0.088
4521.66136 19.165 0.065
4523.64637 18.765 0.047
4525.61103 19.061 0.051
4531.58701 18.987 0.046
4533.58938 18.808 0.046
4537.63945 19.031 0.058
4539.55855 18.899 0.058
4541.64070 19.082 0.069
