2130.50844 15.149 0.004
2133.52462 15.200 0.004
2136.64590 14.711 0.004
2141.63661 14.961 0.004
2144.71632 15.149 0.004
2170.61831 15.129 0.004
2179.51657 15.187 0.004
2189.51165 14.611 0.004
2212.53706 14.647 0.004
2337.82349 15.203 0.004
2349.84185 15.094 0.004
2357.83499 15.223 0.004
2365.90954 14.901 0.004
2373.78999 14.998 0.004
2384.83215 15.252 0.004
2388.83138 14.619 0.004
2390.86938 14.869 0.004
2393.86361 14.981 0.006
2400.81097 15.118 0.004
2402.91767 15.299 0.005
2406.86044 15.292 0.005
2411.71852 15.259 0.004
2415.89374 14.971 0.004
2417.85835 14.982 0.004
2425.89043 15.211 0.005
2428.87466 15.289 0.005
2432.90333 14.620 0.004
2434.79126 15.213 0.004
2436.83995 14.686 0.004
2438.82131 14.756 0.004
2441.77612 14.794 0.004
2445.69333 14.794 0.004
2448.72336 15.011 0.005
2454.73088 15.180 0.004
2460.72194 15.296 0.005
2463.60322 15.207 0.004
2466.57414 15.282 0.004
2468.75876 14.906 0.004
2470.74244 14.964 0.004
2472.77307 15.112 0.004
2481.62080 15.149 0.005
2484.68338 15.256 0.005
2486.77644 14.629 0.004
2491.50558 15.199 0.005
2493.70390 14.863 0.004
2496.54987 14.552 0.004
2498.58797 14.822 0.004
2500.61418 14.961 0.004
2502.63227 15.088 0.004
2516.49267 15.218 0.005
2517.53705 15.330 0.005
2520.64826 14.863 0.004
2529.51478 14.978 0.004
2538.56409 15.284 0.005
2542.55307 14.795 0.004
2548.51827 14.742 0.004
2552.55489 15.023 0.004
2557.51987 15.142 0.004
2561.51578 15.186 0.005
2568.55033 14.593 0.004
2575.55003 14.983 0.007
2584.53083 15.197 0.005
2708.86754 15.157 0.004
2719.87370 14.578 0.004
2734.83425 15.152 0.004
2747.75798 14.625 0.004
2754.76330 14.922 0.004
2757.83250 15.152 0.005
2763.78558 15.215 0.005
2767.87786 14.608 0.004
2775.78332 14.826 0.004
2776.73086 14.733 0.004
2783.87243 15.214 0.005
2785.73873 15.148 0.004
2788.61825 15.061 0.004
2790.76174 15.251 0.004
2793.69212 15.235 0.005
2795.65127 15.213 0.004
2797.66234 15.279 0.004
2809.78254 15.162 0.005
2811.70300 15.150 0.005
2812.83226 15.320 0.005
2813.87603 14.602 0.004
2815.85675 14.566 0.004
2817.75522 15.205 0.005
2819.66567 15.268 0.005
2821.71477 14.582 0.004
2830.68563 14.956 0.004
2835.69659 15.148 0.005
2837.70705 15.188 0.005
2839.76684 15.332 0.005
2841.77926 14.771 0.004
2843.71528 15.211 0.004
2845.70493 14.574 0.004
2850.59368 14.769 0.004
2852.61239 14.647 0.004
2854.60588 14.756 0.004
2857.51607 14.669 0.004
2858.72842 15.159 0.004
2865.61955 15.174 0.004
2868.61582 15.215 0.004
2871.69651 14.600 0.004
2876.69752 14.904 0.004
2879.66295 14.959 0.004
2884.69404 15.162 0.004
2893.57059 15.192 0.004
2894.68008 14.612 0.004
2900.50581 15.275 0.005
2905.64483 15.019 0.005
2911.56614 15.110 0.004
2918.60883 15.302 0.005
2923.60961 14.601 0.004
2931.56287 14.962 0.004
3052.87485 14.527 0.004
