2125.56122 18.631 0.095
2129.64465 18.253 0.029
2132.58807 18.344 0.041
2135.72559 18.659 0.049
2140.68690 18.481 0.061
2144.57075 18.408 0.045
2160.55699 18.502 0.051
2168.62476 18.503 0.057
2187.53384 18.698 0.061
2206.52994 18.395 0.073
2331.87032 18.395 0.045
2345.89880 18.274 0.040
2355.84469 18.525 0.042
2364.90217 18.466 0.048
2372.80280 18.437 0.033
2403.85735 18.358 0.033
2414.73460 18.263 0.034
2416.77596 18.507 0.047
2424.86848 18.551 0.059
2428.77077 18.583 0.049
2432.81334 18.810 0.088
2434.68116 18.270 0.036
2436.72949 18.590 0.043
2438.70698 18.337 0.035
2440.73699 18.682 0.045
2443.71054 18.274 0.038
2445.59146 18.345 0.037
2448.58043 18.581 0.110
2453.83056 18.543 0.054
2456.54204 18.555 0.049
2458.67900 18.343 0.032
2460.75128 18.386 0.047
2463.50052 18.708 0.063
2466.70272 18.480 0.043
2468.57651 18.581 0.037
2470.57975 18.289 0.036
2481.48136 18.451 0.067
2484.58064 18.688 0.055
2486.67342 18.531 0.057
2490.63990 18.547 0.053
2493.60206 18.561 0.053
2495.67345 18.390 0.036
2497.75744 18.365 0.046
2498.46680 18.358 0.049
2500.49159 18.615 0.052
2502.52116 18.445 0.043
2508.62366 18.281 0.038
2512.57104 18.293 0.046
2517.61291 18.670 0.045
2520.53776 18.264 0.034
2526.62874 18.619 0.049
2537.60843 18.182 0.048
2542.47573 18.586 0.090
2547.54318 18.422 0.048
2551.58066 18.536 0.063
2556.53412 18.355 0.047
2564.49133 18.328 0.062
2575.48951 18.574 0.082
2706.87675 18.490 0.045
2714.86097 18.514 0.040
2728.89036 18.389 0.050
2733.87344 18.654 0.061
2744.86173 18.360 0.035
2752.92585 18.318 0.062
2753.84736 18.275 0.038
2756.90584 18.437 0.045
2760.85926 18.401 0.049
2766.89795 18.496 0.048
2770.78316 18.601 0.054
2783.72773 18.513 0.040
2785.83263 18.322 0.045
2786.89310 18.304 0.058
2789.70331 18.261 0.031
2791.68148 18.488 0.042
2794.88925 18.274 0.040
2796.76563 18.456 0.036
2797.93292 18.411 0.036
2809.67299 18.310 0.040
2810.84326 18.318 0.041
2811.87501 18.349 0.042
2813.67180 18.263 0.038
2814.69159 18.498 0.042
2816.55706 18.387 0.040
2818.54456 18.611 0.066
2820.68210 18.468 0.042
2826.71009 18.280 0.035
2834.74653 18.308 0.063
2837.58831 18.390 0.072
2839.63650 18.614 0.055
2841.64989 18.464 0.046
2843.58261 18.684 0.062
2845.61077 18.401 0.048
2849.79012 18.625 0.079
2851.77679 18.378 0.070
2852.48700 18.461 0.058
2854.48125 18.716 0.077
2856.67189 18.534 0.057
2858.63968 18.319 0.063
2862.56619 18.301 0.047
2865.67547 18.526 0.047
2868.55526 18.530 0.040
2871.66250 18.268 0.032
2876.54613 18.515 0.050
2879.59029 18.413 0.047
2885.48511 18.534 0.072
2894.59294 18.456 0.052
2898.57783 18.474 0.068
2904.55061 18.822 0.075
2908.61346 18.420 0.064
2909.54515 18.531 0.057
2917.58400 18.607 0.057
2930.52772 18.494 0.049
3051.86308 18.465 0.057
3058.85647 18.241 0.032
3063.87882 18.655 0.042
3067.85501 18.671 0.044
3070.81442 18.229 0.053
3072.89325 18.570 0.042
3075.79014 18.599 0.053
3079.84661 18.695 0.060
3082.80769 18.233 0.034
3084.86349 18.612 0.041
3086.79920 18.266 0.029
3087.91209 18.216 0.037
3089.81663 18.413 0.033
3091.77824 18.693 0.048
3096.81600 18.644 0.053
3098.82422 18.335 0.032
3100.87850 18.697 0.052
3102.83085 18.311 0.037
3103.90675 18.384 0.066
3109.75339 18.491 0.037
3110.79347 18.379 0.041
3112.76819 18.581 0.037
3113.83159 18.573 0.038
3118.88893 18.458 0.045
3122.83973 18.443 0.049
3125.81816 18.614 0.062
3126.84957 18.494 0.047
3127.76379 18.261 0.037
3128.78209 18.724 0.051
3129.75685 18.585 0.056
3130.93496 18.595 0.069
3131.79082 18.366 0.063
3134.84214 18.531 0.047
3135.82384 18.391 0.032
3137.90064 18.685 0.063
3138.83236 18.500 0.044
3138.88743 18.512 0.049
3138.89226 18.588 0.052
3138.90161 18.565 0.053
3138.90792 18.658 0.064
3138.91311 18.594 0.057
3138.91918 18.617 0.055
3138.92520 18.579 0.048
3138.92817 18.602 0.049
3138.93112 18.687 0.055
3138.93403 18.630 0.055
3138.93692 18.642 0.061
3138.93988 18.666 0.075
3138.94281 18.549 0.081
3138.94570 18.648 0.145
3139.65424 18.194 0.029
3139.68367 18.262 0.041
3139.71851 18.244 0.030
3139.79679 18.342 0.032
3139.92532 18.491 0.042
3140.61846 18.503 0.051
3140.65775 18.693 0.050
3140.75618 18.540 0.038
3140.83630 18.242 0.036
3140.91776 18.399 0.047
3141.65921 18.478 0.054
3141.74917 18.596 0.045
3142.61715 18.373 0.042
3142.72861 18.458 0.034
3142.89735 18.548 0.046
3144.65351 18.669 0.053
3144.70499 18.662 0.043
3144.91364 18.401 0.049
3145.69772 18.649 0.062
3146.63987 18.338 0.042
3146.66754 18.390 0.044
3146.69429 18.464 0.049
3146.71228 18.390 0.048
3146.73247 18.435 0.045
3146.74556 18.444 0.044
3146.75809 18.617 0.060
3146.77495 18.557 0.052
3146.79365 18.552 0.049
3146.80425 18.566 0.054
3146.80813 18.567 0.053
3146.82311 18.477 0.044
3146.83699 18.656 0.057
3146.84959 18.600 0.050
3146.85904 18.582 0.051
3146.86576 18.618 0.050
3146.87191 18.527 0.044
3146.87811 18.609 0.044
3146.88419 18.589 0.048
3146.89043 18.525 0.040
3146.89654 18.601 0.041
3146.90852 18.606 0.038
3146.92342 18.716 0.044
3146.93911 18.760 0.079
3147.68213 18.224 0.033
3147.73809 18.337 0.047
3147.78788 18.325 0.038
3147.92392 18.465 0.049
3151.71094 18.346 0.045
3152.71503 18.386 0.038
3152.92828 18.443 0.062
3153.71910 18.743 0.078
3154.77474 18.480 0.051
3156.76205 18.262 0.035
3158.83306 18.610 0.062
3162.77048 18.569 0.054
3163.73524 18.441 0.036
3164.69368 18.297 0.033
3165.81548 18.362 0.029
3166.84924 18.616 0.074
3168.72707 18.203 0.032
3169.68303 18.562 0.041
3170.75591 18.609 0.038
3171.70730 18.400 0.033
3172.69417 18.156 0.026
3174.67101 18.528 0.033
3175.67675 18.382 0.030
3176.72000 18.363 0.050
3178.73547 18.626 0.051
3179.61335 18.394 0.033
3179.86908 18.566 0.059
3180.66747 18.264 0.026
3182.73417 18.541 0.038
3183.68571 18.394 0.048
3184.66071 18.257 0.028
3185.81646 18.245 0.036
3193.49448 18.719 0.083
3193.83131 18.430 0.063
3194.65006 18.515 0.051
3195.62835 18.415 0.031
3196.70391 18.396 0.051
3196.79291 18.407 0.040
3197.60399 18.691 0.048
3199.73794 18.631 0.064
3203.72490 18.616 0.041
3204.72057 18.433 0.034
3205.64561 18.361 0.029
3206.62769 18.641 0.042
3210.61786 18.533 0.042
3211.68930 18.688 0.061
3217.61335 18.270 0.038
3218.61265 18.606 0.057
3219.67847 18.656 0.082
3223.60984 18.507 0.062
3224.65960 18.366 0.032
3226.57294 18.569 0.047
3228.53095 18.291 0.038
3229.58906 18.198 0.026
3230.62777 18.695 0.042
3231.52875 18.541 0.057
3232.50260 18.351 0.055
3239.53806 18.515 0.043
3240.61483 18.449 0.043
3245.50354 18.212 0.046
3246.61155 18.392 0.050
3247.68403 18.810 0.083
3248.67539 18.587 0.055
3250.61478 18.236 0.040
3253.60759 18.414 0.044
3256.59023 18.540 0.055
3259.58277 18.617 0.062
3261.58617 18.387 0.037
3272.55758 18.549 0.060
3274.58717 18.264 0.049
3278.56118 18.287 0.041
3281.51010 18.360 0.046
3287.57008 18.626 0.051
3305.53466 18.459 0.063
3309.52678 18.505 0.064
3415.89375 18.500 0.040
3421.84770 18.652 0.045
3425.87915 18.363 0.046
3428.87511 18.364 0.034
3432.84647 18.356 0.066
3442.84853 18.597 0.044
3444.90239 18.426 0.035
3447.81085 18.513 0.049
3449.82810 18.360 0.037
3452.84908 18.403 0.034
3454.90260 18.318 0.041
3457.84096 18.324 0.040
3459.78616 18.492 0.044
3468.83808 18.490 0.030
3469.84502 18.364 0.027
3471.92534 18.482 0.056
3473.84054 18.410 0.040
3476.73311 18.434 0.030
3478.79880 18.383 0.032
3480.87101 18.538 0.044
3481.77737 18.268 0.028
3484.73590 18.458 0.060
3496.81234 18.577 0.045
3497.75007 18.323 0.036
3499.94010 18.323 0.043
3500.81601 18.517 0.038
3501.81001 18.312 0.029
3502.77574 18.365 0.028
3503.74474 18.671 0.040
3504.83450 18.764 0.049
3506.89948 18.397 0.044
3508.85005 18.724 0.054
3509.80017 18.491 0.037
3511.75738 18.584 0.042
3512.80114 18.572 0.048
3520.82876 18.706 0.055
3521.63841 18.348 0.029
3522.69277 18.320 0.029
3523.73732 18.440 0.027
3524.77392 18.659 0.047
3525.70553 18.473 0.033
3526.78791 18.387 0.030
3527.79284 18.318 0.036
3528.73559 18.588 0.035
3529.62917 18.453 0.031
3530.64955 18.328 0.026
3538.67950 18.330 0.033
3541.82998 18.625 0.047
3546.73473 18.515 0.059
3546.83525 18.563 0.065
3546.85571 18.506 0.066
3547.72141 18.303 0.043
3550.59547 18.260 0.033
3551.78487 18.381 0.032
3552.62551 18.477 0.032
3553.75460 18.691 0.067
3554.79556 18.506 0.043
3555.76568 18.514 0.052
3556.83141 18.269 0.053
3558.49427 18.282 0.044
3558.79357 18.504 0.037
3559.56202 18.586 0.045
3560.52516 18.499 0.038
3561.50243 18.379 0.042
3562.54901 18.315 0.031
3563.60396 18.243 0.026
3564.63200 18.681 0.045
3573.59723 18.685 0.083
3574.65381 18.413 0.048
3575.63879 18.292 0.029
3576.61926 18.523 0.036
3577.71960 18.674 0.041
3578.62817 18.449 0.032
3579.58545 18.298 0.029
3580.60909 18.690 0.044
3581.63526 18.549 0.041
3582.58347 18.441 0.032
3583.60082 18.415 0.045
3584.60957 18.516 0.035
3585.59991 18.553 0.034
3586.64563 18.505 0.036
3589.63833 18.651 0.032
3590.60708 18.458 0.032
3591.66902 18.320 0.027
3593.54190 18.544 0.033
3594.65797 18.507 0.034
3601.59045 18.619 0.043
3602.60733 18.459 0.037
3603.60439 18.362 0.036
3606.62400 18.511 0.052
3607.59636 18.310 0.033
3608.60964 18.336 0.034
3615.54051 18.349 0.033
3616.53794 18.287 0.042
3617.50331 18.684 0.058
3617.57897 18.746 0.058
3618.52796 18.523 0.036
3618.64271 18.526 0.044
3618.67275 18.595 0.046
3619.51260 18.401 0.034
3620.53117 18.266 0.026
3622.51017 18.691 0.058
3628.63882 18.448 0.056
3630.52429 18.573 0.062
3631.65443 18.378 0.067
3633.50956 18.774 0.064
3637.59954 18.238 0.041
3639.61688 18.717 0.051
3641.51199 18.515 0.050
3643.58847 18.509 0.062
3648.50428 18.394 0.038
3651.56414 18.563 0.085
3654.51342 18.661 0.074
3656.51011 18.313 0.048
3658.54422 18.896 0.094
3661.55918 18.406 0.067
3668.51516 18.384 0.048
3675.49889 18.657 0.103
3775.87385 18.156 0.036
3781.86102 18.498 0.060
3786.86108 18.465 0.048
3787.83594 18.226 0.037
3790.86660 18.398 0.048
3792.86326 18.512 0.031
3794.82021 18.345 0.038
3795.89950 18.364 0.037
3797.89969 18.647 0.043
3799.85457 18.328 0.040
3800.88092 18.312 0.032
3801.86313 18.551 0.042
3802.82871 18.360 0.034
3803.86395 18.343 0.032
3805.78003 18.637 0.058
3806.80013 18.342 0.035
3807.81385 18.274 0.040
3808.77354 18.687 0.064
3809.77636 18.524 0.045
3810.82097 18.539 0.042
3811.81697 18.335 0.047
3812.80869 18.386 0.046
3813.78450 18.621 0.044
3813.81029 18.616 0.041
3814.80154 18.508 0.045
3817.83193 18.646 0.054
3818.86372 18.458 0.035
3819.77939 18.279 0.026
3819.82223 18.413 0.030
3819.91961 18.395 0.038
3820.74962 18.587 0.037
3820.91714 18.315 0.041
3821.75006 18.582 0.042
3822.79223 18.504 0.043
3822.83619 18.522 0.041
3822.92122 18.525 0.053
3823.74468 18.226 0.033
3824.76578 18.368 0.038
3825.77939 18.693 0.065
3826.75932 18.467 0.033
3826.80329 18.567 0.038
3826.86026 18.568 0.044
3826.92202 18.576 0.049
3827.76174 18.413 0.042
3827.82312 18.382 0.031
3827.91900 18.433 0.036
3828.74867 18.512 0.054
3828.80327 18.217 0.036
3828.86715 18.333 0.033
3828.92239 18.428 0.044
3829.73679 18.706 0.047
3829.78430 18.652 0.045
3829.85305 18.657 0.045
3830.70524 18.468 0.043
3830.73480 18.503 0.037
3830.79502 18.549 0.044
3830.86103 18.530 0.040
3831.69899 18.261 0.034
3831.87854 18.530 0.037
3832.72000 18.493 0.036
3832.91791 18.295 0.037
3833.73494 18.589 0.037
3834.70786 18.461 0.053
3835.71365 18.293 0.038
3835.89969 18.515 0.034
3836.74206 18.284 0.041
3836.90967 18.372 0.031
3837.70857 18.509 0.064
3837.88082 18.211 0.026
3837.92237 18.233 0.031
3838.71603 18.483 0.062
3839.71738 18.363 0.053
3839.90392 18.547 0.056
3840.72937 18.267 0.038
3840.88816 18.327 0.036
3841.68734 18.497 0.058
3841.91870 18.299 0.038
3842.81982 18.624 0.042
3845.69703 18.554 0.073
3845.88040 18.231 0.053
3846.67746 18.497 0.050
3847.77422 18.489 0.049
3848.72918 18.300 0.036
3849.69288 18.752 0.051
3849.92776 18.297 0.036
3850.67155 18.521 0.041
3850.84408 18.714 0.052
3850.91564 18.660 0.048
3851.68530 18.455 0.048
3851.85057 18.491 0.044
3852.67609 18.200 0.038
3852.90459 18.555 0.048
3853.66436 18.589 0.044
3853.83198 18.202 0.023
3853.90348 18.274 0.026
3854.65873 18.483 0.055
3855.69912 18.439 0.032
3856.65434 18.215 0.032
3856.82069 18.350 0.035
3857.89059 18.261 0.029
3858.68295 18.476 0.038
3859.77339 18.482 0.035
3860.93689 18.490 0.060
3861.64319 18.724 0.055
3861.75016 18.344 0.032
3862.64780 18.511 0.043
3862.83624 18.663 0.037
3862.91231 18.334 0.035
3863.66386 18.467 0.038
3863.88409 18.539 0.035
3864.64879 18.211 0.035
3864.84437 18.382 0.028
3865.71180 18.625 0.045
3865.85540 18.292 0.035
3865.92437 18.334 0.028
3866.66343 18.550 0.043
3866.80304 18.683 0.040
3866.88126 18.349 0.035
3867.67831 18.461 0.037
3867.86394 18.579 0.045
3867.93734 18.611 0.051
3868.68624 18.371 0.047
3868.83029 18.477 0.052
3868.91009 18.467 0.051
3869.66374 18.656 0.052
3869.84548 18.306 0.048
3872.86088 18.421 0.036
3873.66932 18.694 0.044
3873.81160 18.292 0.030
3873.88348 18.419 0.041
3874.72114 18.600 0.050
3874.89516 18.257 0.033
3875.68108 18.523 0.034
3875.83673 18.583 0.037
3875.92715 18.675 0.045
3876.60880 18.261 0.031
3877.68573 18.363 0.027
3877.83449 18.306 0.030
3877.90856 18.434 0.042
3879.64172 18.507 0.034
3880.81095 18.465 0.042
3880.89003 18.573 0.042
3881.63646 18.688 0.048
3881.85201 18.394 0.031
3881.89863 18.399 0.030
3882.62143 18.554 0.043
3882.77489 18.669 0.044
3882.84879 18.177 0.028
3882.91756 18.326 0.030
3883.60862 18.489 0.048
3883.80599 18.531 0.037
3886.56826 18.488 0.043
3886.76948 18.601 0.040
3886.84480 18.178 0.027
3886.94272 18.368 0.050
3887.62206 18.544 0.042
3887.74850 18.593 0.042
3887.85262 18.774 0.053
3887.92472 18.434 0.038
3889.63605 18.314 0.033
3889.91092 18.463 0.043
3890.68456 18.651 0.037
3891.64542 18.524 0.038
3891.76720 18.562 0.058
3891.84937 18.748 0.053
3892.66432 18.354 0.037
3892.89528 18.511 0.042
3893.58007 18.650 0.053
3893.82642 18.446 0.049
3893.93413 18.656 0.077
3894.64030 18.727 0.061
3894.85565 18.294 0.044
3896.57632 18.298 0.054
3896.83366 18.547 0.079
3900.50411 18.203 0.047
3900.68950 18.441 0.036
3900.77387 18.482 0.043
3900.84234 18.581 0.047
3901.51895 18.729 0.060
3901.69514 18.288 0.033
3901.77286 18.391 0.040
3901.84596 18.490 0.050
3902.53048 18.593 0.054
3902.71753 18.382 0.034
3902.82357 18.277 0.042
3903.62784 18.482 0.033
3903.87141 18.419 0.047
3904.52979 18.306 0.043
3904.69224 18.404 0.027
3904.76175 18.502 0.035
3904.83449 18.534 0.038
3905.52663 18.749 0.050
3905.70301 18.351 0.033
3905.77329 18.369 0.030
3905.84185 18.455 0.031
3906.53450 18.620 0.056
3906.72737 18.279 0.029
3906.80053 18.252 0.033
3906.88909 18.347 0.043
3907.56877 18.481 0.047
3907.75412 18.881 0.082
3907.83856 18.340 0.044
3908.50679 18.226 0.042
3908.69285 18.448 0.033
3908.77056 18.588 0.040
3908.85326 18.546 0.040
3909.50640 18.504 0.072
3909.68485 18.306 0.026
3909.77958 18.380 0.030
3909.85919 18.396 0.037
3910.52690 18.531 0.049
3912.50133 18.251 0.031
3912.69274 18.467 0.026
3912.78409 18.571 0.033
3912.87198 18.614 0.043
3913.49420 18.721 0.045
3913.69611 18.356 0.032
3913.79158 18.411 0.031
3913.87758 18.610 0.053
3914.52021 18.596 0.050
3914.75177 18.273 0.028
3915.49594 18.456 0.044
3915.70022 18.641 0.040
3915.79214 18.545 0.036
3916.54067 18.443 0.052
3916.83656 18.636 0.049
3917.51883 18.352 0.045
3917.79165 18.466 0.051
3918.54270 18.702 0.048
3918.78850 18.266 0.038
3919.49373 18.512 0.047
3919.72625 18.684 0.038
3920.48352 18.310 0.044
3920.68008 18.610 0.052
3920.76211 18.574 0.035
3921.48351 18.413 0.042
3921.68097 18.486 0.055
3921.76925 18.460 0.054
3922.67690 18.284 0.043
3930.48365 18.654 0.050
3930.75339 18.308 0.040
3931.46850 18.513 0.057
3932.50002 18.461 0.047
3932.77535 18.614 0.049
3933.47792 18.188 0.032
3933.67089 18.414 0.029
3933.74641 18.537 0.036
3934.46382 18.584 0.060
3934.68061 18.212 0.027
3934.74964 18.337 0.034
3935.51379 18.530 0.048
3935.68073 18.786 0.060
3935.75364 18.248 0.031
3936.46711 18.464 0.063
3936.63242 18.507 0.033
3936.70899 18.497 0.040
3937.47336 18.164 0.043
3937.75040 18.561 0.055
3938.47176 18.635 0.069
3938.65959 18.252 0.032
3938.74860 18.493 0.046
3939.53922 18.562 0.036
3940.65747 18.547 0.034
3940.78827 18.683 0.049
3942.52513 18.702 0.066
3944.50489 18.438 0.041
3945.48791 18.303 0.036
3945.68751 18.418 0.032
3945.74335 18.500 0.046
3946.48924 18.737 0.061
3946.67558 18.375 0.034
3946.75300 18.352 0.036
3950.48729 18.794 0.054
3950.69703 18.401 0.037
3951.48711 18.636 0.055
3951.71962 18.166 0.035
3955.50849 18.540 0.069
3956.51810 18.533 0.073
3957.48026 18.307 0.038
3959.47571 18.645 0.059
3959.65810 18.258 0.033
3960.47304 18.512 0.050
3960.65208 18.523 0.032
3960.72423 18.702 0.052
3961.52954 18.434 0.047
3963.50573 18.643 0.049
3963.67733 18.194 0.029
3964.49004 18.688 0.054
3964.69871 18.756 0.052
3965.47904 18.418 0.038
3965.67157 18.541 0.036
3966.50904 18.259 0.033
3966.66205 18.361 0.036
3967.49054 18.734 0.066
3967.68741 18.243 0.031
3968.47084 18.579 0.062
3968.53820 18.497 0.047
3968.60615 18.589 0.045
3968.64271 18.661 0.045
3968.71189 18.599 0.052
3969.49939 18.437 0.046
3969.65318 18.694 0.050
3970.48003 18.303 0.038
3970.66096 18.257 0.035
3971.50494 18.884 0.081
3971.69421 18.239 0.036
3973.54483 18.599 0.054
3974.47974 18.296 0.042
3974.65881 18.455 0.042
3975.47727 18.675 0.063
3975.65389 18.257 0.036
3976.47921 18.550 0.038
3976.64642 18.772 0.060
3979.47726 18.842 0.142
3982.53833 18.428 0.050
3983.48878 18.798 0.092
3986.55195 18.459 0.052
3987.47993 18.724 0.069
3987.64082 18.242 0.036
3988.48283 18.605 0.042
3988.50252 18.483 0.035
3988.57817 18.666 0.034
3990.61399 18.523 0.051
3993.58397 18.516 0.049
3995.54064 18.185 0.032
3995.56203 18.200 0.031
3996.53911 18.738 0.063
3999.56138 18.411 0.044
4001.49166 18.569 0.054
4003.51195 18.274 0.032
4004.48721 18.603 0.042
4006.49400 18.388 0.050
4011.59074 18.386 0.058
4012.54204 18.452 0.053
4016.48950 18.832 0.069
4018.51475 18.497 0.060
4020.50411 18.454 0.054
4023.51301 18.240 0.049
4025.53244 18.588 0.049
4027.53734 18.397 0.048
4030.52914 18.690 0.063
4036.51039 18.344 0.070
4039.52401 18.285 0.055
4042.52157 18.523 0.073
4046.49876 18.424 0.104
4049.49800 18.683 0.119
4131.88312 18.442 0.080
4140.87863 18.510 0.072
4149.87146 18.340 0.046
4153.85781 18.322 0.041
4155.89378 18.698 0.056
4158.85575 18.247 0.037
4161.82372 18.338 0.045
4162.90505 18.309 0.047
4164.81226 18.506 0.051
4165.89264 18.534 0.082
4167.89661 18.400 0.043
4169.90019 18.496 0.053
4174.90264 18.358 0.036
4176.87616 18.577 0.043
4178.76842 18.247 0.036
4179.82727 18.494 0.041
4180.90659 18.705 0.067
4182.80843 18.308 0.032
4183.84460 18.334 0.037
4184.88503 18.676 0.041
4185.86099 18.513 0.048
4189.88801 18.533 0.053
4191.85070 18.238 0.048
4192.76594 18.553 0.066
4194.76537 18.324 0.043
4196.75562 18.484 0.056
4202.73705 18.320 0.041
4203.72520 18.487 0.036
4203.90962 18.352 0.033
4204.71351 18.524 0.047
4205.71395 18.434 0.044
4207.70340 18.489 0.047
4207.87861 18.304 0.034
4208.72555 18.525 0.047
4209.75825 18.435 0.036
4211.73819 18.421 0.051
4212.89951 18.318 0.051
4213.73215 18.515 0.047
4215.72212 18.309 0.038
4216.67945 18.553 0.050
4216.87302 18.373 0.026
4217.68506 18.408 0.036
4218.70930 18.356 0.054
4219.73074 18.309 0.053
4220.66767 18.507 0.062
4221.68714 18.413 0.051
4222.88799 18.501 0.043
4223.67201 18.294 0.046
4224.76276 18.624 0.066
4228.65699 18.583 0.060
4228.88871 18.355 0.051
4229.65177 18.442 0.055
4229.84887 18.586 0.044
4229.91044 18.506 0.045
4230.66160 18.322 0.036
4230.84957 18.538 0.051
4230.91131 18.595 0.064
4231.64596 18.415 0.046
4231.82137 18.384 0.036
4231.91433 18.440 0.050
4232.72878 18.719 0.060
4232.89580 18.338 0.046
4233.75642 18.539 0.063
4234.68596 18.368 0.047
4234.92598 18.577 0.056
4235.87100 18.445 0.045
4237.67209 18.510 0.050
4238.70972 18.390 0.040
4238.85568 18.497 0.048
4238.91741 18.742 0.069
4239.60012 18.622 0.070
4240.65714 18.685 0.051
4240.77653 18.287 0.035
4240.91976 18.434 0.048
4243.61971 18.289 0.045
4243.71596 18.361 0.053
4243.80952 18.434 0.046
4243.92723 18.519 0.055
4244.59550 18.685 0.078
4244.68784 18.659 0.053
4244.78441 18.294 0.034
4245.58819 18.427 0.036
4245.68192 18.512 0.040
4245.77510 18.673 0.042
4246.64693 18.397 0.041
4246.73994 18.433 0.045
4246.83321 18.548 0.046
4247.62992 18.271 0.042
4247.78571 18.367 0.034
4250.71026 18.418 0.050
4251.78181 18.462 0.066
4256.59705 18.650 0.077
4256.74349 18.266 0.047
4256.84171 18.442 0.067
4257.62895 18.526 0.058
4258.61288 18.435 0.055
4258.73555 18.503 0.045
4258.83083 18.637 0.064
4267.57289 18.304 0.050
4268.76031 18.405 0.043
4268.88068 18.483 0.052
4269.55523 18.514 0.050
4269.67626 18.573 0.045
4269.76699 18.349 0.035
4270.55072 18.397 0.047
4272.61915 18.395 0.035
4272.76829 18.434 0.048
4272.83979 18.430 0.046
4273.59612 18.551 0.062
4273.77700 18.261 0.042
4273.83678 18.335 0.055
4274.58860 18.452 0.057
4274.74317 18.589 0.055
4274.80229 18.626 0.053
4275.58130 18.255 0.041
4275.75678 18.477 0.047
4275.81524 18.535 0.065
4275.87638 18.494 0.078
4276.55929 18.719 0.086
4277.50993 18.498 0.065
4277.68512 18.654 0.052
4277.74557 18.275 0.041
4277.80421 18.281 0.051
4278.54374 18.472 0.060
4278.73097 18.497 0.060
4278.80396 18.725 0.084
4283.48940 18.303 0.050
4283.69604 18.463 0.064
4284.48444 18.820 0.083
4284.71490 18.310 0.035
4284.77712 18.437 0.046
4284.84220 18.488 0.065
4285.48294 18.616 0.065
4285.67478 18.538 0.054
4285.73950 18.244 0.037
4285.80502 18.340 0.047
4286.48321 18.608 0.081
4289.48375 18.587 0.072
4289.71026 18.287 0.047
4289.77532 18.291 0.043
4289.84214 18.323 0.047
4290.54135 18.413 0.050
4291.64370 18.469 0.036
4291.76612 18.513 0.054
4292.46944 18.568 0.057
4292.64753 18.332 0.034
4292.70717 18.386 0.034
4292.76589 18.421 0.033
4292.82907 18.500 0.055
4293.46975 18.588 0.057
4293.67566 18.376 0.033
4293.73445 18.274 0.031
4293.81208 18.351 0.041
4294.46905 18.444 0.050
4295.47059 18.365 0.053
4295.51338 18.358 0.040
4295.53529 18.315 0.040
4295.55305 18.376 0.043
4295.57257 18.448 0.043
4295.58897 18.389 0.037
4295.60813 18.445 0.035
4295.67408 18.442 0.034
4295.73276 18.521 0.036
4295.80979 18.569 0.045
4296.47187 18.596 0.057
4296.65927 18.317 0.030
4296.67810 18.356 0.036
4296.68731 18.315 0.031
4296.71296 18.387 0.033
4296.72872 18.420 0.033
4296.74049 18.417 0.034
4296.74763 18.467 0.037
4296.75364 18.415 0.041
4296.75972 18.439 0.051
4296.76622 18.446 0.044
4296.77208 18.409 0.041
4296.77479 18.517 0.046
4296.78087 18.440 0.043
4296.78641 18.501 0.043
4296.79277 18.446 0.042
4296.79626 18.428 0.041
4296.80300 18.507 0.048
4296.80951 18.550 0.051
4296.82054 18.421 0.057
4296.83000 18.478 0.054
4296.83733 18.544 0.057
4297.49196 18.689 0.074
4297.54931 18.614 0.043
4297.58247 18.658 0.046
4297.61932 18.532 0.036
4297.67702 18.318 0.033
4297.73166 18.268 0.035
4298.52736 18.510 0.045
4298.63316 18.513 0.044
4298.72668 18.681 0.046
4299.51017 18.343 0.038
4299.60353 18.416 0.033
4299.69575 18.484 0.040
4299.78593 18.710 0.065
4300.50120 18.382 0.046
4300.62548 18.304 0.031
4300.72193 18.433 0.038
4301.49612 18.511 0.048
4301.58839 18.564 0.040
4301.68506 18.246 0.030
4301.78359 18.357 0.033
4302.55638 18.481 0.047
4302.66379 18.632 0.051
4303.64341 18.618 0.058
4304.52988 18.269 0.049
4304.63929 18.408 0.055
4305.65509 18.336 0.050
4306.51637 18.475 0.068
4306.65465 18.686 0.053
4307.75520 18.597 0.055
4310.76103 18.342 0.070
4311.73066 18.681 0.077
4312.50048 18.233 0.055
4312.69567 18.421 0.052
4312.79326 18.507 0.060
4314.49403 18.471 0.048
4315.53460 18.368 0.050
4316.56348 18.294 0.034
4317.48589 18.622 0.047
4317.70490 18.471 0.042
4319.49494 18.297 0.047
4319.74940 18.685 0.060
4320.51045 18.356 0.044
4326.47348 18.535 0.056
4327.56641 18.537 0.054
4328.49352 18.330 0.041
4328.67047 18.585 0.056
4329.50433 18.521 0.046
4329.65216 18.333 0.044
4329.71097 18.408 0.051
4330.51624 18.554 0.042
4330.66721 18.363 0.034
4331.49643 18.500 0.046
4331.66292 18.622 0.051
4332.47414 18.312 0.042
4333.50523 18.341 0.052
4333.66629 18.351 0.041
4334.47845 18.524 0.095
4334.57606 18.591 0.113
4338.47691 18.620 0.065
4339.49808 18.522 0.056
4339.68605 18.700 0.079
4340.56669 18.393 0.053
4341.47898 18.334 0.058
4342.50833 18.632 0.055
4343.47638 18.461 0.047
4343.68410 18.678 0.063
4344.51502 18.420 0.056
4345.48042 18.223 0.037
4346.48904 18.603 0.056
4347.50802 18.544 0.057
4348.49097 18.367 0.042
4349.67440 18.500 0.052
4350.50360 18.626 0.056
4351.47836 18.533 0.056
4352.48951 18.483 0.059
4353.48627 18.291 0.040
4354.51481 18.602 0.042
4355.50540 18.606 0.068
4356.48290 18.374 0.038
4357.56609 18.475 0.060
4358.52332 18.433 0.058
4359.48500 18.529 0.051
4361.54517 18.489 0.069
4362.48055 18.705 0.075
4365.53717 18.417 0.062
4367.51383 18.553 0.051
4368.54947 18.501 0.060
4369.49419 18.290 0.059
4370.53398 18.224 0.034
4371.50873 18.593 0.050
4372.48449 18.449 0.045
4373.55983 18.360 0.046
4375.51072 18.606 0.077
4377.58397 18.470 0.065
4378.49401 18.278 0.041
4379.50936 18.547 0.069
4380.52091 18.526 0.048
4381.49888 18.359 0.063
4382.58739 18.298 0.052
4383.51240 18.793 0.068
4384.54936 18.541 0.059
4387.53388 18.526 0.059
4393.50672 18.423 0.043
4394.56415 18.364 0.054
4395.53555 18.375 0.060
4396.54806 18.676 0.092
4397.50688 18.469 0.056
4398.51453 18.394 0.051
4399.55013 18.210 0.053
4400.50948 18.606 0.079
4402.52411 18.474 0.072
4403.52510 18.233 0.055
4411.53007 18.297 0.066
4505.88852 18.603 0.067
4510.87594 18.604 0.055
4513.83724 18.605 0.062
4517.83131 18.683 0.089
4519.81724 18.463 0.063
4522.84611 18.555 0.069
4524.82976 18.348 0.048
4530.79192 18.525 0.042
4533.82072 18.230 0.034
4535.87568 18.561 0.055
4537.77530 18.383 0.049
4538.86926 18.690 0.056
4539.83044 18.505 0.042
4540.84033 18.413 0.035
4541.76939 18.351 0.037
4542.76395 18.636 0.069
4543.75954 18.482 0.047
4544.75643 18.298 0.054
4545.74310 18.297 0.066
4546.74976 18.488 0.058
4547.76391 18.494 0.050
4548.81682 18.380 0.045
4550.78903 18.693 0.060
4551.73538 18.502 0.059
4552.77900 18.443 0.103
4556.73088 18.328 0.036
4556.92162 18.495 0.045
4557.74926 18.291 0.038
4558.76946 18.717 0.045
4559.72232 18.508 0.040
4559.91130 18.722 0.048
4560.72643 18.337 0.041
4560.91188 18.591 0.038
4561.71510 18.169 0.033
4561.90067 18.379 0.032
4564.70533 18.405 0.044
4564.90558 18.588 0.042
4565.70346 18.176 0.028
4565.89404 18.384 0.027
4566.70280 18.541 0.044
4566.89586 18.247 0.028
4567.69497 18.493 0.047
4567.90173 18.659 0.045
4568.70051 18.417 0.052
4568.72425 18.380 0.045
4569.71019 18.200 0.035
4569.91975 18.451 0.043
4570.69809 18.612 0.054
4570.92815 18.261 0.053
4571.68924 18.475 0.062
4571.88725 18.620 0.040
4572.70105 18.322 0.053
4573.71487 18.191 0.035
4573.92333 18.442 0.038
4574.71728 18.669 0.053
4575.72272 18.535 0.050
4576.73040 18.393 0.046
4577.81184 18.415 0.041
4578.76563 18.342 0.050
4579.84232 18.622 0.053
4583.70931 18.529 0.063
4583.89009 18.274 0.033
4585.72980 18.233 0.040
4586.73771 18.267 0.045
4587.74090 18.564 0.057
4587.90439 18.207 0.037
4588.71115 18.454 0.045
4589.69345 18.303 0.040
4589.84877 18.570 0.050
4589.91082 18.628 0.064
4590.67083 18.641 0.054
4590.87649 18.304 0.041
4591.68266 18.534 0.051
4591.85469 18.223 0.034
4591.91680 18.230 0.035
4592.64109 18.443 0.049
4592.83031 18.553 0.055
4592.89372 18.737 0.056
4593.63039 18.260 0.037
4593.83992 18.510 0.041
4593.90200 18.558 0.047
4594.65146 18.570 0.061
4594.84617 18.315 0.040
4594.91082 18.328 0.044
4595.63692 18.519 0.058
4595.83509 18.366 0.040
4595.89718 18.188 0.036
4596.63023 18.444 0.043
4596.90990 18.621 0.052
4597.66070 18.303 0.041
4597.85203 18.459 0.040
4597.92311 18.552 0.053
4598.63047 18.687 0.044
4598.87529 18.386 0.033
4599.60927 18.539 0.058
4599.81332 18.256 0.031
4600.61845 18.354 0.036
4600.92504 18.517 0.047
4601.62408 18.304 0.037
4601.84043 18.517 0.035
4601.90233 18.514 0.041
4602.61149 18.680 0.047
4602.82605 18.346 0.033
4602.93088 18.538 0.053
4603.74408 18.697 0.048
4606.61183 18.457 0.057
4610.71271 18.177 0.056
4610.92011 18.421 0.069
4611.60359 18.533 0.059
4611.83652 18.251 0.031
4612.62498 18.373 0.050
4615.76668 18.264 0.043
4616.57568 18.519 0.061
4616.79217 18.670 0.046
4616.86194 18.588 0.049
4617.63601 18.380 0.044
4618.58722 18.367 0.049
4620.67954 18.327 0.048
4621.67325 18.369 0.034
4622.76899 18.388 0.047
4622.88721 18.492 0.052
4623.60058 18.590 0.052
4623.84096 18.265 0.044
4623.91186 18.341 0.054
4624.55270 18.464 0.059
4624.78456 18.746 0.057
4624.85116 18.315 0.037
4625.57887 18.332 0.046
4625.76702 18.545 0.050
4625.86089 18.630 0.056
4626.56274 18.291 0.050
4626.82926 18.456 0.049
4627.53424 18.581 0.051
4627.80276 18.288 0.028
4627.88943 18.403 0.032
4628.56753 18.527 0.047
4628.73130 18.568 0.041
4628.79691 18.675 0.050
4628.85886 18.260 0.033
4629.58018 18.385 0.044
4629.80046 18.597 0.046
4629.88273 18.680 0.049
4630.53421 18.293 0.050
4630.74426 18.440 0.036
4630.82237 18.455 0.041
4630.89046 18.521 0.045
4631.53976 18.503 0.042
4631.75555 18.213 0.032
4631.83330 18.388 0.035
4631.90827 18.509 0.061
4632.53706 18.445 0.057
4632.79993 18.405 0.036
4633.54306 18.325 0.042
4633.64495 18.374 0.041
4633.76657 18.574 0.047
4638.72860 18.438 0.055
4638.82629 18.454 0.046
4639.54124 18.687 0.058
4639.64746 18.288 0.040
4639.82681 18.449 0.056
4640.56736 18.530 0.044
4640.69827 18.673 0.046
4640.80558 18.229 0.045
4641.59021 18.471 0.046
4641.74580 18.584 0.047
4642.56597 18.137 0.035
4642.72646 18.381 0.038
4642.80437 18.533 0.048
4642.87587 18.618 0.074
4643.51911 18.611 0.066
4643.85200 18.422 0.059
4644.63858 18.620 0.052
4644.81783 18.209 0.036
4645.49273 18.357 0.046
4645.74343 18.517 0.046
4645.81928 18.656 0.052
4645.88403 18.518 0.062
4646.49462 18.130 0.035
4646.82670 18.518 0.050
4647.48910 18.685 0.066
4647.71395 18.356 0.045
4647.80733 18.394 0.051
4648.51745 18.482 0.044
4648.60695 18.555 0.048
4648.68311 18.608 0.048
4648.83488 18.300 0.043
4649.49763 18.284 0.043
4649.70809 18.563 0.043
4649.82260 18.653 0.062
4650.52911 18.189 0.043
4650.74661 18.404 0.035
4650.83155 18.530 0.059
4651.48934 18.633 0.066
4651.73643 18.346 0.052
4652.48090 18.461 0.057
4652.68350 18.723 0.053
4652.76507 18.179 0.036
4652.81866 18.253 0.041
4653.47737 18.392 0.066
4653.69645 18.560 0.049
4653.76170 18.475 0.056
4654.51264 18.211 0.045
4654.71045 18.441 0.044
4654.71699 18.375 0.041
4654.79262 18.531 0.056
4655.47717 18.608 0.067
4655.56693 18.382 0.044
4655.63420 18.168 0.030
4655.70153 18.315 0.031
4655.76345 18.413 0.036
4656.47914 18.492 0.043
4656.66895 18.682 0.052
4656.78455 18.267 0.037
4657.55368 18.475 0.050
4658.63747 18.473 0.046
4659.57016 18.362 0.046
4660.52689 18.548 0.067
4661.46726 18.381 0.053
4661.66480 18.575 0.069
4661.72940 18.570 0.059
4661.79649 18.754 0.067
4665.63448 18.555 0.063
4665.75954 18.844 0.118
4666.47873 18.333 0.061
4666.66334 18.439 0.048
4666.76720 18.679 0.085
4669.58881 18.456 0.054
4670.62481 18.394 0.047
4671.54577 18.196 0.031
4671.75271 18.441 0.044
4672.48047 18.537 0.044
4672.74399 18.246 0.041
4672.78296 18.317 0.047
4674.48493 18.300 0.050
4675.63611 18.340 0.036
4677.46549 18.417 0.073
4677.61192 18.529 0.043
4677.69569 18.683 0.052
4678.66259 18.490 0.040
4679.55825 18.282 0.048
4681.50692 18.483 0.050
4681.60701 18.487 0.046
4682.47795 18.336 0.038
4682.55389 18.457 0.042
4682.73056 18.543 0.041
4683.47451 18.331 0.054
4683.68337 18.416 0.041
4683.74658 18.430 0.045
4684.48016 18.627 0.065
4684.74493 18.291 0.036
4685.52234 18.567 0.054
4686.47758 18.329 0.044
4687.50357 18.254 0.036
4687.71695 18.410 0.049
4688.47416 18.675 0.085
4688.66418 18.212 0.033
4688.72586 18.323 0.044
4693.51863 18.546 0.044
4694.51708 18.414 0.064
4697.47408 18.454 0.049
4697.69927 18.311 0.053
4698.47831 18.429 0.041
4699.47724 18.335 0.049
4700.48553 18.642 0.049
4701.48088 18.496 0.053
4701.66965 18.365 0.041
4702.47923 18.397 0.049
4703.48079 18.202 0.033
4704.56429 18.196 0.037
4705.48310 18.514 0.051
4707.58404 18.357 0.040
4708.51582 18.288 0.034
4709.49185 18.550 0.058
4710.51912 18.487 0.049
4711.50142 18.303 0.044
4715.56428 18.407 0.046
4716.47924 18.225 0.048
4720.50489 18.204 0.060
4721.50579 18.615 0.076
4722.61803 18.552 0.064
4724.48484 18.218 0.050
4725.55870 18.456 0.056
4726.52331 18.530 0.066
4728.56779 18.336 0.051
4729.50832 18.771 0.060
4730.59415 18.614 0.050
4731.53122 18.478 0.052
4733.48280 18.640 0.065
4734.49860 18.498 0.056
4737.51745 18.314 0.041
4738.55737 18.573 0.063
4739.56122 18.493 0.059
4740.52951 18.386 0.053
4741.50228 18.357 0.047
4743.51074 18.473 0.058
4750.57743 18.650 0.080
4756.49325 18.345 0.061
4765.49498 18.265 0.055
4767.54834 18.611 0.084
4768.53093 18.608 0.089
4769.52165 18.388 0.075
4771.51429 18.508 0.083
4771.52672 18.586 0.095
4773.51720 18.324 0.058
4774.51696 18.374 0.069
4778.50861 18.331 0.070
4779.50960 18.579 0.076
4867.87067 18.245 0.042
4870.87062 18.363 0.043
4872.88203 18.708 0.087
4876.84344 18.611 0.058
4884.82652 18.692 0.054
4886.87721 18.454 0.044
4890.85939 18.430 0.036
4896.84708 18.464 0.038
4899.81852 18.352 0.042
4900.79824 18.618 0.056
4901.85838 18.608 0.046
4902.85676 18.530 0.043
4904.78115 18.609 0.049
4905.88498 18.590 0.066
4910.78702 18.461 0.047
4911.75766 18.336 0.030
4912.75448 18.612 0.038
4914.75742 18.373 0.038
4918.75435 18.507 0.037
4919.82290 18.411 0.032
4919.85774 18.370 0.034
4919.91525 18.433 0.033
4920.71776 18.596 0.038
4920.76543 18.357 0.032
4920.81016 18.269 0.029
4920.91837 18.344 0.038
4921.72297 18.588 0.056
4924.71682 18.515 0.040
4925.76612 18.559 0.038
4925.88218 18.379 0.031
4926.72993 18.470 0.048
4927.80153 18.331 0.038
4928.70563 18.383 0.051
4929.71108 18.700 0.064
4929.85043 18.436 0.040
4930.76906 18.453 0.045
4931.69103 18.270 0.056
4931.81336 18.406 0.044
4932.76859 18.279 0.035
4933.68872 18.525 0.060
4933.81693 18.486 0.046
4938.69682 18.425 0.041
4938.79675 18.530 0.052
4939.71582 18.295 0.041
4939.81734 18.582 0.052
4940.71994 18.267 0.033
4941.69460 18.543 0.045
4941.82165 18.379 0.043
4942.67410 18.442 0.044
4942.84699 18.520 0.036
4943.68647 18.443 0.033
4943.75250 18.332 0.033
4944.69184 18.290 0.034
4944.76702 18.280 0.031
4945.68859 18.550 0.041
4945.82005 18.206 0.027
4946.74600 18.514 0.040
4947.70048 18.435 0.031
4948.85587 18.326 0.031
4949.65129 18.567 0.044
4950.68746 18.456 0.037
4951.67798 18.328 0.037
4952.79679 18.357 0.032
4953.65562 18.525 0.040
4953.76133 18.443 0.042
4954.67571 18.508 0.041
4954.77369 18.620 0.043
