2695.90043 18.443 0.018
2723.85033 18.483 0.024
2723.86759 18.551 0.024
2723.87823 18.471 0.023
2723.88893 18.446 0.024
2723.89961 18.521 0.027
2723.91032 18.545 0.027
2723.92103 18.580 0.039
2724.82434 18.542 0.022
2724.83502 18.502 0.023
2724.84571 18.521 0.023
2724.85637 18.536 0.024
2724.86881 18.537 0.023
2724.88269 18.515 0.020
2724.89336 18.517 0.019
2724.90401 18.576 0.021
2725.53534 18.560 0.036
2725.54603 18.493 0.035
2725.56565 18.470 0.030
2725.58049 18.464 0.028
2725.59531 18.474 0.027
2725.61038 18.485 0.030
2725.62508 18.483 0.027
2725.63974 18.481 0.024
2725.65439 18.473 0.020
2725.66901 18.510 0.021
2725.68363 18.506 0.021
2725.72344 18.481 0.019
2725.73811 18.481 0.018
2725.75273 18.448 0.018
2725.76736 18.509 0.017
2725.78204 18.482 0.017
2725.79675 18.477 0.017
2725.81770 18.454 0.017
2725.83239 18.469 0.017
2726.53158 18.470 0.028
2726.54225 18.455 0.025
2726.55294 18.448 0.025
2726.56361 18.462 0.022
2726.57432 18.456 0.024
2726.59062 18.441 0.021
2726.60132 18.444 0.022
2726.61201 18.451 0.021
2726.62266 18.496 0.022
2726.63332 18.426 0.020
2726.64402 18.508 0.022
2726.65866 18.467 0.020
2726.66935 18.461 0.019
2726.67998 18.447 0.021
2726.69067 18.423 0.020
2726.70869 18.456 0.019
2726.71937 18.436 0.020
2726.73006 18.449 0.020
2726.74072 18.441 0.019
2726.75140 18.442 0.019
2726.76205 18.486 0.021
2726.77610 18.468 0.022
2726.78765 18.440 0.020
2726.79831 18.431 0.018
2726.80901 18.466 0.019
2726.81970 18.412 0.019
2726.83036 18.497 0.019
2726.84105 18.464 0.019
2727.53345 18.487 0.036
2727.54413 18.493 0.030
2727.55478 18.513 0.032
2727.56599 18.461 0.031
2727.57666 18.435 0.030
2727.58735 18.434 0.025
2727.60194 18.511 0.025
2727.61258 18.459 0.024
2727.62328 18.452 0.021
2727.63393 18.478 0.021
2727.64460 18.471 0.020
2727.65531 18.501 0.021
2727.66597 18.539 0.022
2727.68324 18.480 0.021
2727.69391 18.472 0.021
2727.70461 18.475 0.019
2727.71529 18.496 0.021
2727.72599 18.499 0.020
2727.73671 18.495 0.020
2727.74796 18.529 0.020
2727.75867 18.483 0.018
2727.76932 18.469 0.019
2727.77994 18.530 0.020
2727.79065 18.505 0.019
2727.80137 18.477 0.019
2728.52626 18.539 0.035
2728.53743 18.520 0.040
2728.54812 18.508 0.033
2728.55884 18.469 0.034
2728.57003 18.572 0.032
2728.58071 18.549 0.032
2728.59137 18.579 0.033
2728.60300 18.526 0.034
2728.61362 18.515 0.029
2728.62433 18.518 0.028
2728.64301 18.619 0.032
2728.65370 18.545 0.026
2728.66441 18.531 0.024
2728.67511 18.521 0.020
2728.68579 18.468 0.020
2728.69644 18.518 0.022
2728.70752 18.553 0.022
2728.71819 18.501 0.025
2728.72885 18.496 0.025
2728.75016 18.495 0.023
2728.76085 18.548 0.024
2728.77207 18.523 0.022
2728.78276 18.499 0.021
2728.79347 18.519 0.025
2728.80423 18.515 0.023
2729.54512 18.555 0.042
2729.55944 18.498 0.040
2729.57134 18.538 0.038
2729.58280 18.556 0.036
2729.59414 18.472 0.030
2729.60601 18.441 0.030
2729.61667 18.495 0.029
2729.62740 18.518 0.030
2729.63811 18.486 0.027
2729.64880 18.519 0.028
2729.66374 18.485 0.026
2729.67442 18.445 0.021
2729.68513 18.489 0.021
2729.69577 18.467 0.021
2729.70644 18.498 0.022
2729.71705 18.470 0.020
2729.72880 18.438 0.019
2729.73946 18.473 0.019
2729.75017 18.475 0.020
2729.76083 18.477 0.019
2729.77150 18.475 0.019
2729.78428 18.453 0.020
2729.79493 18.458 0.020
2729.80563 18.481 0.023
2730.52598 18.457 0.028
2730.53726 18.472 0.028
2730.54846 18.449 0.027
2730.55967 18.464 0.026
2730.57267 18.459 0.024
2730.58337 18.447 0.023
2730.59414 18.442 0.022
2730.60487 18.449 0.022
2730.61560 18.434 0.021
2730.62630 18.428 0.020
2730.63775 18.467 0.021
2730.64849 18.428 0.018
2730.65959 18.440 0.020
2730.67032 18.473 0.018
2730.68684 18.428 0.018
2730.69757 18.469 0.019
2730.70888 18.424 0.018
2730.72029 18.449 0.018
2730.73149 18.418 0.017
2730.74277 18.461 0.017
2730.76095 18.447 0.018
2730.77168 18.471 0.017
2730.78349 18.469 0.019
2730.79427 18.449 0.017
2731.54514 18.498 0.028
2731.55587 18.447 0.025
2731.56662 18.457 0.025
2731.57738 18.516 0.026
2731.58809 18.496 0.026
2731.60347 18.512 0.026
2731.61468 18.530 0.026
2731.62595 18.505 0.023
2731.63794 18.536 0.023
2731.64870 18.515 0.021
2731.66011 18.499 0.020
2731.67083 18.510 0.022
2731.68163 18.516 0.021
2731.69284 18.488 0.020
2731.70356 18.526 0.020
2731.71431 18.499 0.019
2731.73635 18.568 0.020
2731.74710 18.565 0.019
2731.75842 18.546 0.020
2731.76953 18.577 0.020
2731.78029 18.588 0.023
2731.79099 18.622 0.023
2732.51915 18.595 0.041
2732.53055 18.477 0.037
2732.54205 18.569 0.041
2732.55342 18.457 0.035
2732.56498 18.576 0.046
2732.58777 18.472 0.032
2732.59901 18.491 0.033
2732.60982 18.511 0.034
2732.62184 18.548 0.030
2732.63259 18.503 0.027
2732.64370 18.524 0.030
2732.65873 18.537 0.025
2732.66940 18.509 0.024
2732.68079 18.524 0.026
2732.69191 18.507 0.024
2732.70264 18.539 0.025
2732.71336 18.492 0.024
2732.72410 18.523 0.023
2732.73538 18.488 0.022
2732.74611 18.502 0.022
2732.75684 18.445 0.020
2732.76757 18.443 0.020
2732.78239 18.540 0.024
2732.79312 18.475 0.022
2733.51771 18.497 0.032
2733.52876 18.471 0.031
2733.53949 18.496 0.029
2733.55058 18.467 0.030
2733.56128 18.451 0.024
2733.57244 18.548 0.030
2733.58322 18.501 0.024
2733.59482 18.477 0.022
2733.60588 18.501 0.023
2733.61733 18.519 0.024
2733.62867 18.525 0.022
2733.63992 18.520 0.021
2733.65625 18.609 0.024
2733.66698 18.553 0.021
2733.67768 18.566 0.023
2733.68900 18.582 0.023
2733.70017 18.572 0.022
2733.71093 18.577 0.021
2733.72164 18.562 0.021
2733.73700 18.571 0.022
2733.74961 18.565 0.022
2733.76038 18.611 0.027
2733.77112 18.558 0.026
2733.78185 18.575 0.028
2734.52137 18.434 0.035
2734.54808 18.408 0.035
2734.55880 18.425 0.032
2734.58391 18.400 0.028
2734.59514 18.469 0.026
2734.60589 18.421 0.024
2734.61659 18.439 0.024
2734.62784 18.494 0.024
2734.63854 18.428 0.023
2734.64927 18.449 0.022
2734.66070 18.447 0.020
2734.67143 18.429 0.020
2734.68216 18.451 0.020
2734.69329 18.461 0.020
2734.70404 18.452 0.019
2734.71478 18.444 0.020
2734.72598 18.450 0.019
2734.73674 18.444 0.018
2734.74748 18.437 0.018
2734.75824 18.447 0.018
2734.76898 18.413 0.018
2734.77968 18.459 0.018
2735.51894 18.547 0.029
2735.53010 18.613 0.030
2735.54145 18.585 0.030
2735.55261 18.643 0.032
2735.56394 18.676 0.029
2735.57537 18.613 0.029
2735.58606 18.682 0.029
2735.60051 18.620 0.028
2735.61156 18.678 0.027
2735.62227 18.644 0.026
2735.63366 18.635 0.025
2735.64529 18.604 0.023
2735.65664 18.663 0.024
2735.66794 18.648 0.023
2735.67906 18.659 0.023
2735.68979 18.671 0.023
2735.70147 18.663 0.025
2735.71288 18.640 0.023
2735.72449 18.670 0.023
2735.73594 18.601 0.022
2735.74732 18.647 0.021
2735.75806 18.617 0.021
2735.76882 18.650 0.021
2735.79563 18.564 0.022
2743.52039 18.515 0.031
2743.53115 18.539 0.031
2743.54186 18.520 0.029
2743.55259 18.542 0.029
2743.56332 18.574 0.029
2743.57405 18.551 0.030
2743.58478 18.545 0.027
2743.59601 18.549 0.029
2743.60673 18.534 0.028
2743.66923 18.504 0.023
2743.67996 18.575 0.025
2743.69069 18.528 0.023
2743.70143 18.560 0.023
2743.71215 18.506 0.022
2743.72289 18.536 0.022
2743.73484 18.521 0.021
2743.74554 18.521 0.021
2743.75631 18.493 0.021
2744.48500 18.486 0.040
2744.51682 18.607 0.040
2744.52692 18.575 0.041
2744.53705 18.497 0.035
2744.54715 18.474 0.032
2744.55728 18.481 0.033
2744.56737 18.436 0.032
2744.57785 18.505 0.030
2744.58792 18.509 0.030
2744.59803 18.436 0.028
2744.60809 18.481 0.026
2744.61817 18.446 0.025
2744.62829 18.504 0.026
2744.64293 18.481 0.025
2744.65301 18.453 0.024
2744.66309 18.508 0.025
2744.70288 18.442 0.022
2744.71300 18.486 0.021
2744.72311 18.486 0.021
2744.73320 18.496 0.023
2744.74332 18.456 0.021
2744.76002 18.488 0.020
2745.48157 18.466 0.051
2745.49599 18.496 0.043
2745.50674 18.514 0.039
2745.51747 18.431 0.041
2745.53897 18.455 0.047
2745.54968 18.368 0.035
2745.56557 18.456 0.045
2745.57635 18.500 0.036
2745.58710 18.433 0.037
2745.59784 18.458 0.031
2745.60860 18.460 0.029
2745.61937 18.447 0.027
2745.63528 18.483 0.031
2745.64602 18.485 0.033
2745.65673 18.462 0.030
2745.66744 18.454 0.029
2745.67819 18.432 0.026
2748.51879 18.512 0.045
2748.52954 18.510 0.047
2748.54025 18.539 0.041
2748.55097 18.453 0.041
2748.56169 18.452 0.041
2748.59396 18.572 0.045
2748.60471 18.427 0.034
2748.61544 18.497 0.036
2748.62617 18.539 0.035
2748.63687 18.499 0.039
2748.64760 18.497 0.034
2748.66158 18.502 0.030
2748.67230 18.535 0.029
2748.68303 18.632 0.032
2748.69374 18.569 0.029
2748.70450 18.619 0.029
2748.71523 18.560 0.026
2748.72911 18.590 0.030
2748.73986 18.598 0.034
2748.75059 18.595 0.039
2748.76129 18.548 0.030
2748.77199 18.555 0.036
2749.48225 18.449 0.035
2749.49301 18.367 0.027
2749.50381 18.472 0.028
2749.51452 18.425 0.021
2749.52530 18.429 0.023
2749.53604 18.440 0.022
2749.54723 18.433 0.021
2749.55798 18.442 0.021
2749.56875 18.416 0.023
2749.57943 18.441 0.023
2749.59017 18.387 0.021
2749.60096 18.371 0.020
2749.61203 18.436 0.023
2749.62278 18.399 0.022
2749.63352 18.465 0.023
2749.64425 18.452 0.023
2749.65501 18.426 0.023
2749.66575 18.441 0.023
2749.67724 18.503 0.022
2749.68798 18.454 0.024
2749.69868 18.417 0.021
2749.71768 18.501 0.023
2749.72841 18.452 0.022
2749.73915 18.409 0.021
2749.74985 18.413 0.020
2749.76056 18.483 0.024
2749.77130 18.464 0.023
2749.78661 18.499 0.026
2749.79733 18.411 0.028
2749.80800 18.436 0.026
2749.81571 18.499 0.029
2749.82641 18.477 0.032
2749.83715 18.475 0.034
2749.84792 18.508 0.032
2749.85863 18.429 0.036
2750.53246 18.558 0.031
2750.54318 18.606 0.036
2750.55973 18.642 0.031
2750.57568 18.640 0.028
2750.58638 18.670 0.028
2750.59713 18.684 0.028
2750.61354 18.650 0.027
2750.62427 18.595 0.024
2750.63500 18.632 0.025
2750.64572 18.657 0.025
2750.65645 18.622 0.025
2750.67104 18.643 0.025
2750.68180 18.608 0.023
2750.69251 18.643 0.024
2750.70329 18.610 0.022
2750.71735 18.612 0.023
2750.72807 18.625 0.027
2750.73878 18.600 0.023
2750.74952 18.601 0.025
2750.76024 18.625 0.022
2750.77099 18.662 0.023
2750.78239 18.626 0.025
2750.79306 18.618 0.026
2750.80378 18.611 0.025
2750.81449 18.587 0.027
2750.82618 18.545 0.027
2750.83688 18.566 0.030
2750.84761 18.540 0.026
2750.85835 18.567 0.031
2750.86910 18.527 0.033
2751.47771 18.507 0.040
2751.48844 18.552 0.035
2751.49922 18.493 0.031
2751.50996 18.474 0.026
2751.52069 18.456 0.025
2751.53141 18.481 0.024
2751.55336 18.537 0.024
2751.56411 18.544 0.025
2751.57485 18.476 0.023
2751.59302 18.545 0.025
2751.60379 18.523 0.030
2751.61455 18.462 0.028
2751.62527 18.492 0.026
2751.63603 18.482 0.025
2751.64680 18.525 0.027
2751.67863 18.519 0.023
2751.68939 18.499 0.025
2751.70013 18.481 0.024
2751.71084 18.474 0.028
2751.72157 18.512 0.025
2751.73228 18.494 0.025
2751.75216 18.481 0.027
2751.76767 18.467 0.024
2751.77845 18.452 0.029
2751.78921 18.570 0.034
2751.79994 18.460 0.026
2751.81069 18.536 0.030
2751.82139 18.501 0.029
2751.83689 18.518 0.038
2751.84766 18.566 0.039
2751.85842 18.481 0.035
2751.86915 18.471 0.037
2751.87989 18.419 0.038
2752.47430 18.575 0.044
2752.48509 18.631 0.045
2752.49582 18.581 0.037
2752.50658 18.595 0.037
2752.51732 18.579 0.038
2752.52804 18.608 0.035
2752.53945 18.633 0.035
2752.55018 18.563 0.033
2752.56095 18.600 0.032
2752.57167 18.540 0.030
2752.58240 18.581 0.030
2752.59318 18.543 0.031
2752.60590 18.532 0.025
2752.61662 18.543 0.026
2752.62736 18.657 0.032
2752.63806 18.552 0.026
2752.64881 18.542 0.033
2752.65954 18.375 0.029
2752.67477 18.518 0.030
2752.69097 18.457 0.033
2752.71493 18.544 0.035
2752.72554 18.446 0.029
2752.73944 18.440 0.023
2753.71024 18.470 0.020
2753.72034 18.490 0.021
2753.73045 18.542 0.026
2753.74052 18.486 0.021
2753.75064 18.467 0.021
2753.76072 18.467 0.025
2753.77124 18.498 0.026
2753.78675 18.524 0.027
2753.79734 18.449 0.025
2753.80799 18.491 0.028
2753.81857 18.425 0.026
2753.82922 18.441 0.027
2754.49191 18.678 0.046
2754.50268 18.702 0.037
2754.51344 18.645 0.035
2754.52420 18.697 0.033
2754.53497 18.604 0.029
2754.54568 18.655 0.031
2754.55674 18.622 0.028
2754.56747 18.633 0.027
2754.57819 18.653 0.027
2754.58893 18.563 0.024
2754.59966 18.552 0.023
2754.61467 18.548 0.022
2754.62531 18.541 0.021
2754.63605 18.560 0.022
2754.64681 18.534 0.022
2754.65758 18.529 0.021
2754.66834 18.558 0.021
2754.67906 18.531 0.022
2754.69112 18.546 0.023
2754.70188 18.516 0.025
2754.71262 18.511 0.023
2754.72333 18.511 0.022
2754.73408 18.535 0.024
2754.74480 18.578 0.026
2755.47698 18.538 0.047
2755.49390 18.474 0.035
2755.51058 18.460 0.034
2755.52130 18.494 0.029
2755.53203 18.511 0.029
2755.54273 18.400 0.025
2755.55343 18.513 0.029
2755.56418 18.476 0.022
2755.57555 18.533 0.025
2755.58629 18.506 0.028
2755.59701 18.525 0.024
2755.61506 18.444 0.022
2755.62570 18.503 0.022
2755.63644 18.491 0.021
2755.64713 18.470 0.021
2755.65785 18.491 0.019
2755.66860 18.498 0.021
2755.67936 18.446 0.019
2755.69069 18.434 0.019
2755.70137 18.482 0.019
2755.71210 18.463 0.021
2755.72282 18.472 0.019
2755.73354 18.523 0.021
2755.74425 18.499 0.023
2756.51944 18.476 0.033
2756.53423 18.461 0.031
2756.56833 18.441 0.029
2756.58304 18.528 0.032
2756.59775 18.415 0.029
2756.61242 18.454 0.022
2756.62714 18.446 0.022
2756.64184 18.471 0.020
2756.66940 18.438 0.022
2756.68411 18.460 0.022
2756.69878 18.479 0.021
2756.71350 18.380 0.024
2756.72817 18.399 0.021
2756.74295 18.434 0.020
2756.76005 18.450 0.023
2756.77478 18.427 0.021
2756.78958 18.420 0.023
2756.80435 18.439 0.028
2757.48246 18.521 0.035
2757.49877 18.440 0.028
2757.50947 18.455 0.026
2757.52018 18.431 0.026
2757.53088 18.490 0.025
2757.54161 18.534 0.030
2757.55236 18.390 0.024
2757.57601 18.477 0.024
2757.58679 18.495 0.023
2757.63853 18.470 0.020
2757.64926 18.500 0.020
2757.65998 18.472 0.019
2757.68158 18.481 0.020
2757.69230 18.487 0.020
2757.70300 18.475 0.020
2757.71371 18.460 0.020
2757.72840 18.477 0.022
2757.73901 18.487 0.022
2757.74979 18.479 0.022
2759.49362 18.556 0.036
2759.50441 18.133 0.025
2759.61984 18.449 0.026
2759.63058 18.530 0.027
2759.64132 18.529 0.026
2759.65207 18.424 0.022
2759.66286 18.482 0.024
2759.67360 18.482 0.023
2759.68493 18.471 0.020
2759.69566 18.389 0.021
2759.70640 18.493 0.026
2759.71712 18.457 0.026
2759.73177 18.565 0.028
2759.74251 18.495 0.027
2759.75323 18.444 0.026
2759.76391 18.426 0.025
2760.49288 18.458 0.031
2760.50364 18.446 0.029
2760.51440 18.408 0.025
2760.52512 18.410 0.028
2760.53580 18.439 0.023
2760.54713 18.412 0.026
2760.55784 18.433 0.025
2760.56852 18.398 0.021
2760.57925 18.456 0.020
2760.58999 18.467 0.022
2760.60073 18.425 0.021
2760.61628 18.456 0.020
2760.62702 18.406 0.019
2760.63776 18.426 0.019
2760.65687 18.434 0.021
2760.66743 18.414 0.021
2760.67820 18.436 0.021
2760.68896 18.441 0.020
2760.69969 18.412 0.021
2760.71536 18.472 0.020
2760.73583 18.557 0.025
2760.74645 18.463 0.023
2760.75721 18.428 0.024
2760.76798 18.461 0.026
2761.49997 18.462 0.029
2761.51070 18.524 0.027
2761.52146 18.547 0.026
2761.53221 18.563 0.028
2761.54292 18.492 0.024
2761.55365 18.475 0.022
2761.56541 18.520 0.022
2761.57614 18.512 0.022
2761.58688 18.471 0.020
2761.59760 18.509 0.021
2761.60831 18.505 0.022
2761.61902 18.508 0.023
2761.63008 18.532 0.024
2761.64084 18.482 0.024
2761.65158 18.525 0.023
2761.66262 18.500 0.020
2761.67325 18.493 0.021
2761.68401 18.499 0.022
2761.69473 18.489 0.023
2761.70542 18.559 0.024
2761.71617 18.541 0.023
2761.74441 18.504 0.022
2761.75503 18.550 0.022
2761.76578 18.522 0.023
2762.48854 18.504 0.028
2762.49930 18.481 0.025
2762.51001 18.508 0.027
2762.52077 18.581 0.030
2762.53150 18.591 0.034
2762.54272 18.538 0.029
2762.55348 18.511 0.026
2762.56419 18.440 0.026
2762.57493 18.565 0.027
2762.58569 18.623 0.029
2762.59730 18.599 0.025
2762.60802 18.541 0.025
2762.61871 18.472 0.024
2762.62941 18.522 0.034
2762.64013 18.469 0.024
2762.65086 18.521 0.025
2762.66239 18.578 0.023
2762.67309 18.566 0.039
2762.68385 18.429 0.022
2762.70329 18.537 0.031
2762.71406 18.443 0.025
2762.73234 18.524 0.026
2762.74307 18.444 0.026
2763.51647 18.466 0.028
2763.52715 18.464 0.027
2763.53787 18.471 0.027
2763.54865 18.493 0.030
2763.55942 18.450 0.025
2763.57014 18.454 0.024
2763.58771 18.465 0.026
2763.59849 18.538 0.031
2763.60925 18.493 0.024
2763.62045 18.421 0.021
2763.63118 18.491 0.022
2763.64188 18.470 0.022
2763.65263 18.513 0.033
2763.66334 18.485 0.025
2763.67405 18.519 0.023
2763.68571 18.479 0.029
2763.69646 18.503 0.021
2763.70719 18.557 0.021
2763.73231 18.575 0.022
2763.74305 18.576 0.023
2763.75381 18.636 0.026
2764.48660 18.519 0.035
2764.49736 18.415 0.025
2764.50811 18.429 0.025
2764.51888 18.429 0.024
2764.54036 18.453 0.023
2764.55210 18.473 0.026
2764.56473 18.466 0.027
2764.57546 18.436 0.025
2764.58620 18.453 0.023
2764.59695 18.438 0.022
2764.60766 18.468 0.026
2764.62277 18.453 0.023
2764.63338 18.438 0.020
2764.64411 18.429 0.019
2764.65483 18.437 0.020
2764.68189 18.437 0.021
2764.69249 18.498 0.026
2764.70322 18.423 0.023
2764.71393 18.394 0.023
2764.72465 18.480 0.022
2764.73628 18.441 0.021
2764.74702 18.453 0.024
2765.48723 18.557 0.035
2765.49795 18.508 0.033
2765.50867 18.553 0.036
2765.51944 18.501 0.032
2765.53018 18.562 0.031
2765.54088 18.592 0.028
2765.55214 18.564 0.023
2765.56288 18.582 0.024
2765.57360 18.611 0.022
2765.58430 18.655 0.024
2765.59508 18.633 0.024
2765.60581 18.617 0.022
2765.62110 18.641 0.022
2765.63184 18.660 0.023
2765.64258 18.598 0.023
2765.65334 18.625 0.024
2765.66473 18.615 0.026
2765.67545 18.603 0.025
2765.68618 18.682 0.027
2765.72088 18.609 0.025
2765.73161 18.662 0.031
2765.74240 18.666 0.033
2765.75314 18.581 0.032
2766.49510 18.507 0.029
2766.50584 18.533 0.028
2766.51663 18.471 0.027
2766.52733 18.461 0.026
2766.53810 18.424 0.023
2766.54885 18.534 0.024
2766.55997 18.474 0.022
2766.57071 18.464 0.021
2766.58146 18.487 0.020
2766.59218 18.477 0.019
2766.60620 18.529 0.020
2766.61686 18.457 0.018
2766.62759 18.524 0.020
2766.63833 18.521 0.022
2766.65361 18.499 0.020
2766.66423 18.522 0.021
2766.67496 18.501 0.024
2766.68570 18.482 0.023
2766.70094 18.514 0.020
2766.71158 18.512 0.020
2766.72234 18.472 0.020
2766.73309 18.447 0.019
2766.74383 18.484 0.020
2766.75464 18.453 0.021
2766.76538 18.477 0.022
2767.48611 18.584 0.037
2767.49686 18.542 0.038
2767.50762 18.580 0.041
2767.51837 18.574 0.036
2767.52907 18.583 0.036
2767.53982 18.618 0.030
2767.55127 18.521 0.028
2767.56198 18.539 0.028
2767.57273 18.610 0.029
2767.58350 18.557 0.029
2767.59427 18.565 0.027
2767.61137 18.558 0.028
2767.62208 18.564 0.026
2767.66651 18.525 0.022
2767.67713 18.545 0.027
2767.68785 18.524 0.027
2767.69859 18.380 0.025
2767.70930 18.452 0.025
2767.71999 18.470 0.031
2767.73071 18.418 0.029
2767.74191 18.435 0.029
2767.75263 18.484 0.031
2767.76332 18.445 0.029
2768.49244 18.431 0.041
2768.50319 18.460 0.032
2768.51395 18.428 0.028
2768.52469 18.468 0.031
2768.53545 18.450 0.028
2768.54619 18.430 0.025
2768.55782 18.474 0.029
2768.56856 18.449 0.023
2768.57930 18.457 0.027
2768.59005 18.498 0.024
2768.60074 18.448 0.021
2768.61152 18.412 0.022
2768.62256 18.421 0.023
2768.63325 18.419 0.022
2768.64396 18.487 0.021
2768.65570 18.485 0.018
2768.66645 18.513 0.020
2768.67718 18.427 0.018
2768.68791 18.451 0.019
2768.69862 18.508 0.021
2768.70936 18.478 0.024
2768.72434 18.440 0.024
2768.73508 18.483 0.023
2768.74585 18.405 0.023
2768.75659 18.424 0.029
2768.76803 18.452 0.025
2775.47725 18.466 0.045
2775.48802 18.454 0.047
2775.49873 18.420 0.048
2775.50948 18.458 0.045
2775.52018 18.504 0.040
2775.53522 18.563 0.044
2775.54599 18.436 0.032
2776.78344 18.456 0.039
2776.79417 18.461 0.040
2776.80495 18.583 0.040
2776.81568 18.614 0.046
2776.82642 18.584 0.049
2777.47988 18.546 0.037
2777.49066 18.543 0.033
2777.50137 18.566 0.031
2777.51210 18.550 0.029
2777.52870 18.476 0.026
2777.53936 18.568 0.035
2777.55012 18.551 0.034
2777.56086 18.480 0.031
2777.57160 18.533 0.032
2777.58715 18.501 0.029
2777.59779 18.518 0.028
2777.60851 18.527 0.028
2777.61927 18.506 0.025
2777.62997 18.522 0.025
2777.64067 18.484 0.023
2777.65140 18.477 0.026
2777.66826 18.499 0.027
2777.68395 18.494 0.026
2777.69471 18.485 0.025
2777.70547 18.472 0.024
2777.71619 18.525 0.024
2777.72690 18.515 0.023
2777.73761 18.503 0.023
2777.75018 18.513 0.027
2777.76089 18.493 0.028
2777.77162 18.527 0.032
2777.78234 18.501 0.032
2777.79313 18.544 0.033
2777.80385 18.477 0.033
2777.81564 18.514 0.036
2777.82635 18.573 0.038
2783.55613 18.429 0.021
2784.51233 18.706 0.030
2785.49909 18.478 0.027
2785.51421 18.524 0.030
2785.52482 18.537 0.030
2785.53557 18.551 0.028
2785.54633 18.503 0.028
2785.55709 18.499 0.027
2785.56780 18.531 0.025
2786.48492 18.531 0.047
2786.50635 18.449 0.043
2786.51893 18.481 0.034
2787.57787 18.454 0.021
2793.47463 18.443 0.032
2793.48469 18.571 0.035
2793.49481 18.540 0.039
2793.50648 18.500 0.037
2793.51654 18.491 0.037
2793.53048 18.514 0.033
2794.48480 18.427 0.035
2794.49488 18.422 0.032
2794.50495 18.438 0.039
2794.52561 18.379 0.025
2795.52299 18.738 0.025
2795.54073 18.491 0.019
2796.48162 18.557 0.022
2796.49661 18.548 0.022
2796.50722 18.529 0.020
2796.51799 18.489 0.019
2796.52874 18.495 0.019
2796.53948 18.503 0.018
2797.49959 18.544 0.020
2797.51032 18.554 0.020
2797.52106 18.576 0.020
2797.53183 18.559 0.021
2803.51018 18.556 0.052
2804.46849 18.519 0.048
2804.47921 18.620 0.051
2804.48995 18.450 0.056
2804.50071 18.426 0.044
2804.51349 18.506 0.057
2804.52421 18.511 0.043
2804.53973 18.533 0.042
2804.55053 18.486 0.040
2804.56122 18.524 0.036
2804.57201 18.497 0.034
2804.58275 18.531 0.037
2804.59345 18.498 0.037
2804.60756 18.486 0.039
2804.61831 18.637 0.055
2804.62901 18.462 0.037
2804.63976 18.502 0.036
2804.65366 18.563 0.041
2804.66440 18.543 0.043
2804.67515 18.441 0.041
2804.68593 18.515 0.047
2804.69667 18.623 0.045
2804.71178 18.564 0.043
2804.72249 18.490 0.039
2804.73322 18.520 0.039
2804.74394 18.546 0.048
2804.75468 18.466 0.054
2804.76546 18.515 0.046
2809.49556 18.439 0.023
2809.50631 18.410 0.020
2809.51704 18.440 0.022
2809.52777 18.473 0.026
2809.53852 18.403 0.023
2810.47586 18.544 0.027
2810.48661 18.477 0.025
2810.49735 18.504 0.021
2810.50809 18.515 0.021
2810.51880 18.500 0.023
2810.52950 18.529 0.025
2811.48437 18.484 0.027
2811.49510 18.497 0.028
2811.50582 18.498 0.024
2811.51655 18.497 0.025
2811.52730 18.540 0.024
2812.48410 18.563 0.024
2812.49486 18.553 0.022
2812.50561 18.564 0.022
2812.51635 18.543 0.025
2813.47880 18.484 0.032
2813.48954 18.434 0.026
2813.50027 18.447 0.033
2813.51101 18.434 0.027
2813.52176 18.474 0.025
2814.46797 18.615 0.028
2814.48729 18.658 0.034
2814.49801 18.569 0.028
2814.50877 18.656 0.032
2814.51950 18.655 0.030
2815.46140 18.477 0.030
2815.47214 18.535 0.028
2815.48287 18.534 0.030
2815.49359 18.523 0.032
2815.50431 18.518 0.028
2815.51943 18.490 0.027
2816.47449 18.538 0.025
2816.48723 18.497 0.020
2816.49781 18.517 0.021
2816.50856 18.490 0.020
2816.51931 18.483 0.025
2817.47495 18.474 0.030
2817.48569 18.477 0.030
2817.49647 18.472 0.029
2817.50717 18.457 0.027
2817.51790 18.489 0.026
2818.46433 18.519 0.028
2818.47507 18.570 0.026
2818.48586 18.521 0.025
2818.49658 18.514 0.026
2818.50732 18.549 0.024
2819.47429 18.504 0.031
2819.50694 18.513 0.028
2819.51768 18.511 0.028
2820.47259 18.521 0.027
2820.48331 18.453 0.026
2820.49402 18.408 0.024
2821.46709 18.501 0.024
2821.47781 18.487 0.025
2821.48852 18.520 0.025
2821.49927 18.514 0.023
2830.47407 18.568 0.036
2830.52783 18.510 0.036
2831.47321 18.482 0.029
2831.49253 18.515 0.025
2831.50373 18.511 0.024
2831.52225 18.445 0.025
2831.53340 18.434 0.027
2831.54613 18.453 0.029
2831.55810 18.470 0.031
2831.56882 18.420 0.026
2831.58756 18.485 0.031
2831.59875 18.470 0.031
2831.60947 18.488 0.030
2831.62020 18.494 0.030
2831.63096 18.410 0.029
2831.64171 18.453 0.030
2831.65247 18.436 0.029
2831.66502 18.455 0.032
2831.67574 18.466 0.028
2831.68695 18.365 0.027
2831.69768 18.475 0.038
2831.70843 18.446 0.043
2832.47565 18.502 0.024
2832.48639 18.496 0.024
2832.49715 18.517 0.025
2832.50788 18.487 0.024
2832.51862 18.514 0.028
2832.52930 18.482 0.029
2832.54565 18.478 0.030
2832.55640 18.495 0.030
2832.57958 18.452 0.026
2832.59032 18.449 0.026
2832.60167 18.587 0.032
2832.61286 18.465 0.030
2832.62765 18.438 0.034
2832.63843 18.447 0.032
2832.64914 18.473 0.035
2832.65985 18.475 0.035
2832.67058 18.433 0.035
2832.68240 18.491 0.031
2832.69314 18.446 0.033
2832.70389 18.456 0.031
2832.71459 18.437 0.031
2833.68852 18.512 0.036
2833.69928 18.522 0.039
2833.70998 18.485 0.039
2845.47397 18.551 0.036
2845.48467 18.696 0.050
2845.49540 18.535 0.035
2845.50614 18.573 0.036
2845.51687 18.558 0.032
2845.52759 18.581 0.033
3078.70880 18.471 0.021
3078.71955 18.487 0.019
3078.73025 18.416 0.017
3078.74096 18.443 0.017
3078.75166 18.464 0.017
3078.76650 18.441 0.018
3078.77716 18.456 0.017
3078.78783 18.467 0.018
3078.79853 18.427 0.015
3078.80928 18.413 0.016
3078.81995 18.484 0.018
3079.73069 18.366 0.014
3079.74139 18.415 0.014
3079.75214 18.381 0.014
3079.76284 18.393 0.014
3079.77359 18.356 0.014
3080.72508 18.568 0.020
3080.73579 18.490 0.019
3080.74654 18.552 0.020
3080.75727 18.498 0.021
3081.69548 18.560 0.019
3081.70677 18.534 0.018
3081.71750 18.564 0.020
3081.72880 18.572 0.020
3081.74148 18.542 0.020
3082.72296 18.422 0.015
3082.73400 18.434 0.015
3082.74471 18.464 0.016
3082.75544 18.483 0.015
3083.70966 18.432 0.016
3083.72037 18.387 0.015
3083.73106 18.463 0.016
3084.70123 18.639 0.021
3084.71193 18.648 0.021
3084.72267 18.694 0.021
3084.73334 18.660 0.018
3085.69538 18.544 0.021
3085.70610 18.601 0.021
3085.71677 18.582 0.019
3086.67512 18.511 0.021
3086.68616 18.534 0.020
3086.69683 18.575 0.020
3086.70756 18.499 0.018
3086.71829 18.512 0.018
3087.69188 18.387 0.019
3087.70258 18.461 0.018
3087.71327 18.453 0.020
3088.68854 18.549 0.021
3088.69924 18.520 0.019
3088.71047 18.543 0.020
3088.72115 18.558 0.019
3089.67858 18.549 0.020
3089.68931 18.498 0.018
3089.69999 18.517 0.020
3089.71116 18.526 0.018
3090.68532 18.389 0.017
3090.69606 18.419 0.018
3090.70679 18.389 0.017
3090.71749 18.426 0.017
3091.68596 18.423 0.018
3091.69664 18.440 0.018
3091.70730 18.524 0.019
3091.72241 18.475 0.018
3092.65415 18.553 0.028
3092.66487 18.600 0.027
3092.67556 18.579 0.024
3092.68632 18.562 0.024
3092.69703 18.540 0.020
3092.71279 18.625 0.023
3092.72479 18.590 0.021
3096.63754 18.611 0.032
3096.64828 18.524 0.027
3096.65898 18.541 0.030
3096.66974 18.598 0.029
3096.68041 18.523 0.030
3096.69112 18.556 0.029
3096.70297 18.509 0.024
3096.71364 18.529 0.022
3096.72436 18.612 0.023
3096.73509 18.577 0.021
3097.65330 18.428 0.019
3097.66889 18.383 0.019
3097.68020 18.479 0.019
3097.69094 18.416 0.021
3097.70162 18.470 0.020
3098.66089 18.417 0.019
3098.67158 18.386 0.017
3098.68228 18.395 0.017
3098.69297 18.388 0.017
3099.65189 18.614 0.039
3099.66256 18.576 0.029
3100.67403 18.528 0.023
3100.68475 18.492 0.027
3100.69546 18.526 0.026
3101.61553 18.464 0.029
3101.62621 18.530 0.032
3101.63695 18.550 0.031
3101.64767 18.488 0.030
3101.66291 18.490 0.042
3101.67359 18.548 0.032
3101.68430 18.527 0.027
3101.69503 18.536 0.030
3102.66276 18.428 0.024
3102.67350 18.400 0.022
3102.68541 18.429 0.021
3103.65266 18.596 0.032
3103.66333 18.621 0.033
3103.67403 18.627 0.028
3103.68892 18.618 0.028
3104.64828 18.542 0.022
3104.65903 18.488 0.021
3104.66972 18.520 0.021
3104.68044 18.494 0.020
3104.69111 18.485 0.018
3105.63917 18.433 0.018
3105.64988 18.369 0.017
3105.66060 18.459 0.019
3105.67128 18.405 0.017
3105.68201 18.383 0.018
3105.69266 18.382 0.019
3105.70890 18.443 0.019
3105.71959 18.414 0.019
3106.64241 18.426 0.017
3106.65498 18.502 0.019
3106.66569 18.452 0.016
3106.67795 18.485 0.016
3106.68867 18.426 0.016
3107.65446 18.527 0.023
3107.66556 18.613 0.024
3107.67668 18.547 0.021
3107.68740 18.579 0.021
3108.64639 18.471 0.016
3108.65712 18.488 0.018
3108.66781 18.475 0.018
3109.62663 18.402 0.017
3109.63739 18.385 0.018
3109.64926 18.398 0.018
3109.65999 18.408 0.019
3109.67069 18.390 0.016
3110.63901 18.533 0.028
3110.64973 18.486 0.024
3110.66045 18.503 0.026
3111.61784 18.504 0.029
3111.62860 18.463 0.024
3111.63926 18.638 0.034
3111.64996 18.499 0.031
3112.62395 18.471 0.019
3112.63466 18.402 0.018
3112.64950 18.462 0.018
3112.66020 18.433 0.017
3113.60350 18.400 0.023
3113.61423 18.395 0.022
3113.62492 18.407 0.023
3113.63561 18.393 0.021
3113.64627 18.427 0.021
3113.65701 18.434 0.021
3114.62749 18.536 0.018
3114.63818 18.510 0.017
3114.64885 18.595 0.019
3115.64044 18.510 0.024
3116.61010 18.450 0.023
3116.62082 18.499 0.023
3116.63154 18.611 0.029
3116.64226 18.535 0.025
3118.66785 18.648 0.029
3118.68952 18.625 0.030
3122.53242 18.536 0.037
3122.56158 18.557 0.032
3122.57271 18.619 0.036
3122.58977 18.678 0.035
3122.60082 18.563 0.028
3122.61645 18.559 0.027
3122.62800 18.554 0.027
3124.58776 18.277 0.024
3124.60312 18.470 0.028
3124.61427 18.455 0.029
3124.62498 18.387 0.024
3124.63566 18.462 0.027
3125.57099 18.479 0.030
3125.58193 18.535 0.031
3125.59298 18.540 0.031
3125.60410 18.551 0.029
3128.56463 18.420 0.020
3128.57536 18.390 0.019
3128.58608 18.367 0.019
3128.59675 18.399 0.020
3130.54443 18.581 0.035
3130.55563 18.499 0.035
3130.56635 18.581 0.036
3130.57743 18.605 0.031
3130.58872 18.555 0.031
3130.59988 18.573 0.029
3131.55967 18.555 0.039
3131.57083 18.535 0.036
3131.58190 18.565 0.042
3131.59304 18.553 0.031
3132.57058 18.400 0.021
3132.58131 18.473 0.021
3132.59233 18.438 0.020
3132.60305 18.401 0.019
3132.61374 18.468 0.021
3132.62443 18.442 0.024
3132.63514 18.442 0.023
3132.64584 18.408 0.022
3132.66168 18.485 0.020
3132.70691 18.383 0.019
3132.71759 18.427 0.021
3132.72829 18.437 0.022
3132.73903 18.403 0.025
3132.76177 18.378 0.027
3132.77250 18.496 0.024
3132.78316 18.415 0.031
3132.79395 18.481 0.026
3132.80465 18.446 0.024
3132.82032 18.389 0.025
3132.83104 18.423 0.026
3132.84174 18.602 0.036
3132.85245 18.438 0.028
3132.86377 18.439 0.032
3132.87903 18.486 0.037
3132.88972 18.428 0.032
3133.57913 18.638 0.021
3133.59014 18.633 0.020
3133.60082 18.608 0.020
3133.61152 18.635 0.020
3133.62220 18.688 0.021
3133.63285 18.617 0.019
3133.64358 18.636 0.020
3133.66180 18.632 0.021
3133.67321 18.640 0.021
3133.68389 18.628 0.021
3133.69458 18.640 0.023
3133.70532 18.587 0.020
3133.73529 18.552 0.023
3133.74598 18.553 0.024
3133.75670 18.587 0.025
3133.76740 18.562 0.027
3133.77811 18.542 0.024
3133.78884 18.574 0.026
3133.80002 18.532 0.025
3133.81072 18.617 0.028
3133.82145 18.471 0.028
3133.83217 18.578 0.036
3133.84349 18.580 0.034
3133.85423 18.492 0.033
3133.86523 18.651 0.039
3133.87624 18.490 0.032
3135.51624 18.459 0.034
3135.52698 18.506 0.032
3135.53770 18.518 0.031
3135.54843 18.600 0.035
3135.57462 18.396 0.025
3135.58533 18.528 0.024
3135.59604 18.477 0.024
3135.60674 18.472 0.024
3135.61746 18.382 0.019
3137.47583 18.582 0.034
3137.48654 18.679 0.035
3137.49725 18.613 0.034
3137.51323 18.594 0.032
3137.52389 18.651 0.037
3137.53461 18.618 0.030
3137.55075 18.559 0.024
3137.56146 18.592 0.034
3137.57217 18.586 0.036
3137.59290 18.662 0.032
3137.61134 18.597 0.033
3138.50972 18.482 0.023
3138.52043 18.471 0.022
3138.53115 18.489 0.022
3138.54424 18.547 0.023
3138.55495 18.487 0.021
3138.56569 18.489 0.018
3138.57636 18.514 0.018
3139.49803 18.413 0.024
3139.50878 18.347 0.022
3139.51951 18.362 0.021
3139.53020 18.429 0.029
3139.54094 18.355 0.028
3139.56314 18.329 0.019
3139.57781 18.399 0.019
3139.58850 18.412 0.018
3139.61828 18.390 0.021
3139.62895 18.422 0.021
3140.55388 18.348 0.024
3140.56496 18.530 0.025
3140.57566 18.489 0.023
3141.56704 18.453 0.023
3141.57772 18.485 0.023
3141.58847 18.474 0.022
3142.48156 18.405 0.023
3142.49227 18.432 0.020
3142.50300 18.496 0.022
3142.51370 18.473 0.020
3142.53717 18.497 0.022
3142.54830 18.471 0.021
3142.55901 18.494 0.022
3142.56978 18.411 0.018
3144.54035 18.479 0.018
3144.55105 18.465 0.018
3144.56178 18.519 0.021
3144.57247 18.471 0.023
3144.58322 18.467 0.022
3145.54468 18.641 0.036
3145.55538 18.562 0.029
3145.56607 18.561 0.032
3145.57678 18.564 0.033
3145.58960 18.498 0.031
3145.60027 18.576 0.029
3145.61097 18.602 0.033
3145.62228 18.608 0.027
3145.63302 18.475 0.022
3145.64369 18.558 0.021
3145.65443 18.640 0.021
3146.54592 18.479 0.023
3146.55658 18.404 0.020
3146.56729 18.437 0.022
3146.59813 18.515 0.022
3146.60884 18.556 0.023
3147.51271 18.477 0.028
3147.52392 18.497 0.026
3147.53610 18.406 0.023
3147.54674 18.408 0.025
3147.55746 18.459 0.028
3147.56821 18.420 0.025
3147.57893 18.417 0.022
3147.58961 18.410 0.022
3147.60085 18.456 0.027
3147.61156 18.398 0.023
3151.48573 18.463 0.022
3151.49672 18.439 0.022
3151.50740 18.408 0.020
3151.51814 18.503 0.021
3151.52884 18.476 0.020
3151.53955 18.386 0.019
3151.55093 18.426 0.019
3152.53264 18.581 0.024
3152.55060 18.453 0.022
3152.56131 18.556 0.022
3153.49716 18.322 0.027
3153.51666 18.529 0.025
3153.52734 18.485 0.024
3153.53807 18.518 0.031
3153.54879 18.580 0.026
3153.55947 18.567 0.027
3154.51870 18.478 0.036
3154.52941 18.387 0.028
3154.54010 18.399 0.028
3154.55677 18.428 0.031
3154.56750 18.390 0.030
3154.57820 18.542 0.033
3154.58894 18.385 0.027
3154.59969 18.450 0.027
3156.48375 18.517 0.030
3156.49503 18.659 0.032
3156.50576 18.552 0.031
3156.51704 18.578 0.031
3156.52774 18.553 0.027
3156.53848 18.558 0.026
3158.47293 18.371 0.035
3158.48470 18.451 0.030
3158.49566 18.465 0.044
3158.50637 18.469 0.033
3158.51711 18.412 0.039
3158.52778 18.525 0.050
3159.45657 18.382 0.034
3159.46784 18.415 0.029
3159.48063 18.533 0.032
3159.49173 18.439 0.030
3159.50873 18.562 0.033
3159.51998 18.517 0.029
3159.63060 18.526 0.034
3159.64191 18.408 0.030
3159.65262 18.588 0.033
3159.66388 18.466 0.031
3159.67460 18.612 0.038
3160.50532 18.516 0.027
3160.51644 18.599 0.027
3160.52713 18.518 0.026
3160.53812 18.501 0.025
3160.54884 18.476 0.026
3160.55956 18.481 0.024
3160.60885 18.592 0.028
3160.61955 18.528 0.027
3160.63629 18.592 0.029
3160.69327 18.538 0.025
3160.70419 18.506 0.025
3160.71541 18.469 0.023
3162.46166 18.371 0.024
3162.47291 18.444 0.023
3162.48468 18.412 0.022
3162.49598 18.428 0.021
3162.50671 18.454 0.022
3162.51742 18.442 0.021
3162.52841 18.399 0.021
3163.46366 18.532 0.023
3163.47558 18.610 0.022
3163.48697 18.625 0.022
3163.49810 18.602 0.021
3163.50880 18.571 0.021
3163.51950 18.638 0.022
3164.45696 18.551 0.026
3164.46792 18.562 0.021
3164.48686 18.518 0.020
3164.49849 18.452 0.018
3164.51002 18.499 0.019
3165.45244 18.452 0.036
3165.46485 18.457 0.023
3165.47607 18.568 0.023
3165.48711 18.550 0.021
3165.49822 18.533 0.023
3165.50894 18.522 0.021
3167.47948 18.599 0.036
3167.49056 18.560 0.033
3167.50156 18.588 0.030
3167.51376 18.558 0.030
3168.45754 18.498 0.021
3168.46822 18.449 0.019
3168.47891 18.496 0.019
3168.48965 18.474 0.020
3168.50038 18.455 0.019
3168.51110 18.511 0.020
3169.46299 18.343 0.022
3169.47374 18.492 0.027
3169.49649 18.392 0.020
3169.50745 18.490 0.021
3171.46381 18.611 0.022
3171.47449 18.532 0.018
3171.48517 18.527 0.019
3171.49585 18.560 0.019
3171.50654 18.574 0.018
3172.48896 18.421 0.021
3172.49966 18.462 0.020
3174.45632 18.494 0.023
3174.46699 18.486 0.020
3174.47773 18.491 0.019
3174.48841 18.486 0.021
3175.46089 18.576 0.024
3175.47162 18.537 0.022
3175.48231 18.559 0.021
3175.49304 18.466 0.018
3176.46351 18.369 0.029
3176.48336 18.473 0.029
3178.45625 18.515 0.027
3178.46696 18.631 0.031
3178.47907 18.622 0.028
3178.48980 18.643 0.030
3179.46259 18.508 0.023
3179.47900 18.444 0.018
3179.48967 18.547 0.019
3180.46048 18.526 0.025
3180.47116 18.517 0.020
3183.46169 18.488 0.023
3184.45953 18.387 0.025
3185.45788 18.459 0.026
3215.48609 18.526 0.037
3215.49678 18.482 0.035
3215.50751 18.462 0.031
3215.52336 18.428 0.035
3216.47202 18.666 0.036
3216.48268 18.626 0.037
3216.49334 18.552 0.032
3216.50402 18.499 0.031
3216.51474 18.477 0.034
3216.52546 18.458 0.030
3216.53877 18.538 0.035
3216.54949 18.589 0.034
3216.56020 18.513 0.032
3216.57087 18.549 0.034
3216.58159 18.459 0.031
3216.59235 18.511 0.035
3216.60806 18.553 0.035
3216.61926 18.604 0.035
3216.63067 18.543 0.043
3515.68353 18.462 0.030
3515.69427 18.427 0.029
3515.70501 18.315 0.024
3516.63062 18.502 0.024
3516.64133 18.498 0.020
3516.65204 18.395 0.018
3516.66276 18.498 0.022
3516.67346 18.449 0.026
3516.68421 18.446 0.024
3516.71068 18.362 0.029
3516.72142 18.500 0.027
3516.73214 18.381 0.026
3516.74289 18.494 0.029
3516.75362 18.419 0.032
3516.76521 18.500 0.025
3516.77595 18.607 0.033
3516.78672 18.443 0.037
3516.79744 18.352 0.033
3543.63650 18.403 0.027
3543.64726 18.336 0.027
3543.65798 18.428 0.041
3543.66873 18.524 0.051
3543.67949 18.421 0.045
3543.69021 18.580 0.052
3543.70129 18.440 0.042
3570.47016 18.469 0.024
3570.48118 18.531 0.025
3570.49188 18.506 0.028
3570.50258 18.569 0.029
3570.51337 18.285 0.022
3570.52667 18.538 0.028
3570.53870 18.469 0.024
3570.54939 18.463 0.030
3570.56013 18.519 0.027
3570.57108 18.515 0.024
3570.58176 18.505 0.024
3570.59250 18.480 0.025
3570.61128 18.547 0.025
3570.62259 18.455 0.026
3570.63359 18.527 0.033
3570.64480 18.419 0.030
3570.65591 18.368 0.033
3571.50616 18.474 0.025
3571.51825 18.494 0.026
3571.52931 18.413 0.029
3571.54004 18.508 0.026
3571.55247 18.402 0.034
3571.56320 18.491 0.037
3571.57394 18.503 0.040
3571.58469 18.457 0.032
3571.60004 18.567 0.038
3571.61119 18.548 0.036
3571.62339 18.529 0.037
3571.63450 18.647 0.048
3870.71877 18.390 0.026
3870.72952 18.360 0.026
3870.74027 18.476 0.029
3870.79438 18.390 0.033
3870.80513 18.450 0.036
4835.85738 18.590 0.022
4837.86185 18.572 0.026
4838.85802 18.460 0.017
4838.86883 18.435 0.022
4839.86282 18.506 0.019
4840.86278 18.440 0.019
4841.86478 18.461 0.020
4843.86565 18.417 0.023
4844.86895 18.445 0.021
4846.86749 18.488 0.018
4848.85858 18.491 0.022
4848.86978 18.397 0.020
4850.87460 18.548 0.023
4851.87429 18.408 0.020
4852.86664 18.561 0.019
4852.87889 18.603 0.030
4853.86410 18.433 0.016
4853.87487 18.419 0.017
4854.86491 18.528 0.018
4854.87577 18.545 0.020
4855.85846 18.396 0.018
4855.86918 18.442 0.018
4855.88000 18.468 0.023
4856.85847 18.432 0.015
4856.86927 18.442 0.015
4856.88011 18.408 0.016
4857.84470 18.452 0.018
4857.85548 18.430 0.016
4857.86442 18.493 0.018
4857.87527 18.486 0.020
4858.84664 18.443 0.018
4858.85734 18.427 0.017
4858.86814 18.410 0.018
4858.87886 18.381 0.018
4858.88971 18.505 0.038
4861.82019 18.424 0.018
4861.83076 18.474 0.019
4861.84139 18.403 0.021
4861.85198 18.486 0.021
4861.85967 18.490 0.019
4861.87037 18.485 0.019
4861.88092 18.509 0.020
4863.80873 18.468 0.017
4863.81933 18.457 0.017
4863.82994 18.432 0.017
4863.84052 18.449 0.017
4863.85109 18.396 0.017
4863.86191 18.509 0.019
4863.87248 18.441 0.018
4863.88307 18.486 0.021
4863.89367 18.505 0.036
4865.82024 18.481 0.020
4865.83083 18.490 0.021
4865.84149 18.498 0.021
4865.85213 18.469 0.021
4866.81821 18.376 0.021
4866.82879 18.350 0.019
4866.83939 18.371 0.019
4867.80782 18.556 0.021
4867.81842 18.612 0.022
4867.82899 18.539 0.021
4868.83136 18.442 0.016
4868.84194 18.458 0.016
4868.85380 18.454 0.017
4869.80872 18.534 0.021
4869.81928 18.545 0.021
4869.82988 18.540 0.022
4869.84044 18.480 0.019
4869.85105 18.549 0.020
4870.80549 18.413 0.021
4870.81609 18.383 0.023
4870.82664 18.402 0.020
4870.83722 18.460 0.022
4870.84780 18.451 0.021
4871.81008 18.485 0.029
4871.82256 18.449 0.027
4871.84005 18.490 0.031
4871.85118 18.437 0.027
4871.86313 18.480 0.027
4871.87636 18.460 0.026
4871.88772 18.539 0.027
4872.79980 18.475 0.031
4872.81038 18.447 0.026
4872.82097 18.415 0.026
4872.83173 18.471 0.025
4872.84229 18.466 0.026
4873.79881 18.436 0.020
4873.80940 18.436 0.021
4873.81995 18.448 0.020
4873.83056 18.396 0.019
4873.84114 18.423 0.020
4874.79270 18.391 0.023
4874.80325 18.446 0.020
4874.81378 18.460 0.020
4874.82438 18.469 0.021
4874.83498 18.451 0.023
4875.79642 18.485 0.020
4875.80703 18.394 0.018
4875.81756 18.449 0.020
4875.82816 18.504 0.021
4875.83871 18.418 0.020
4876.79329 18.528 0.021
4876.80387 18.470 0.018
4876.81445 18.412 0.019
4876.82505 18.482 0.021
4876.83564 18.463 0.020
4877.77866 18.410 0.020
4877.78926 18.415 0.019
4877.79985 18.389 0.018
4877.81044 18.427 0.019
4877.82104 18.411 0.018
4877.83176 18.414 0.019
4878.77673 18.493 0.021
4878.78771 18.474 0.019
4878.79831 18.482 0.021
4878.80892 18.486 0.025
4878.81951 18.516 0.025
4879.76517 18.496 0.021
4879.77831 18.415 0.023
4879.78891 18.456 0.021
4879.79949 18.431 0.020
4879.81007 18.517 0.025
4879.82115 18.438 0.022
4879.84048 18.441 0.024
4879.85110 18.473 0.027
4879.86036 18.378 0.024
4880.80144 18.474 0.019
4880.81233 18.456 0.018
4880.82292 18.509 0.022
4880.83891 18.451 0.021
4880.84948 18.483 0.018
4880.86008 18.510 0.021
4880.87068 18.495 0.020
4880.88150 18.506 0.020
4880.89208 18.500 0.021
4880.90265 18.663 0.042
4881.78211 18.413 0.018
4881.79273 18.385 0.017
4881.80331 18.449 0.019
4881.81389 18.395 0.018
4881.82448 18.468 0.018
4881.83506 18.409 0.018
4881.84570 18.460 0.019
4881.85628 18.450 0.021
4881.86688 18.400 0.019
4881.87744 18.408 0.019
4881.88842 18.440 0.019
4881.89902 18.446 0.026
4882.77315 18.530 0.018
4882.78373 18.550 0.019
4882.79432 18.567 0.021
4882.80487 18.564 0.018
4882.81544 18.564 0.019
4882.82603 18.580 0.020
4882.83661 18.600 0.019
4882.84720 18.563 0.019
4882.85775 18.545 0.018
4882.86836 18.582 0.019
4882.87910 18.587 0.021
4882.88963 18.636 0.023
4882.90022 18.608 0.024
4883.70230 18.486 0.022
4883.71288 18.412 0.019
4883.72347 18.439 0.021
4883.73402 18.450 0.021
4883.74459 18.501 0.021
4883.75618 18.451 0.021
4883.76672 18.471 0.020
4883.77731 18.477 0.020
4883.78834 18.523 0.024
4883.79890 18.527 0.025
4883.80946 18.444 0.021
4883.82027 18.489 0.023
4883.83129 18.418 0.022
4884.70808 18.557 0.020
4884.71867 18.539 0.019
4884.72926 18.572 0.022
4884.73982 18.566 0.021
4884.75040 18.592 0.023
4884.76189 18.547 0.020
4884.77249 18.469 0.021
4885.73205 18.429 0.018
4885.74263 18.434 0.020
4885.75321 18.429 0.019
4885.76384 18.407 0.019
4885.77442 18.410 0.018
4885.78552 18.445 0.019
4885.79607 18.431 0.021
4886.71966 18.551 0.020
4886.73020 18.590 0.020
4886.74082 18.530 0.019
4886.75138 18.631 0.020
4886.76196 18.537 0.019
4886.77408 18.521 0.019
4887.67400 18.410 0.017
4887.68484 18.477 0.018
4887.69543 18.427 0.018
4887.70603 18.449 0.017
4887.71660 18.269 0.013
4887.72769 18.565 0.017
4887.75821 18.450 0.017
4887.77012 18.462 0.017
4887.78086 18.414 0.015
4888.68215 18.449 0.019
4888.69277 18.511 0.019
4888.70334 18.461 0.017
4888.71396 18.460 0.017
4888.72454 18.424 0.018
4888.73556 18.475 0.017
4888.74618 18.415 0.016
4888.75724 18.461 0.017
4888.76825 18.451 0.017
4889.67581 18.437 0.021
4889.68641 18.479 0.021
4889.69702 18.505 0.018
4890.68829 18.479 0.021
4890.69882 18.393 0.019
4890.70941 18.448 0.019
4890.72000 18.470 0.018
4890.73062 18.474 0.017
4890.74165 18.463 0.017
4890.75252 18.463 0.018
4890.76441 18.439 0.018
4891.67592 18.535 0.027
4891.68645 18.478 0.025
4891.69704 18.419 0.025
4891.70763 18.496 0.021
4891.71825 18.524 0.020
4891.72974 18.465 0.018
4891.74163 18.446 0.018
4891.75320 18.448 0.019
4892.68660 18.448 0.022
4892.69719 18.440 0.025
4892.70778 18.420 0.021
4892.71833 18.387 0.019
4892.72892 18.436 0.021
4892.74015 18.419 0.022
4892.75278 18.438 0.020
4894.67340 18.432 0.027
4894.69457 18.465 0.027
4894.76591 18.433 0.028
4895.69051 18.544 0.021
4895.70108 18.505 0.019
4895.71168 18.498 0.019
4895.72222 18.502 0.020
4895.73284 18.503 0.021
4895.74452 18.544 0.021
4896.69443 18.402 0.026
4896.70506 18.389 0.022
4896.71564 18.384 0.023
4896.72632 18.428 0.025
4896.73689 18.431 0.023
4896.74798 18.416 0.019
4896.75858 18.409 0.018
4897.66830 18.438 0.029
4897.70012 18.509 0.032
4897.72919 18.428 0.021
4897.73977 18.506 0.023
4898.68182 18.456 0.029
4898.69302 18.407 0.024
4898.70361 18.509 0.031
4898.71419 18.495 0.025
4898.73543 18.451 0.024
4898.74924 18.439 0.024
4899.67530 18.540 0.023
4899.68592 18.555 0.022
4899.69651 18.570 0.024
4900.71750 18.469 0.022
4900.72812 18.449 0.022
4900.73870 18.496 0.025
4900.74927 18.445 0.024
4900.75988 18.547 0.025
4900.77076 18.454 0.026
4900.78136 18.429 0.024
4900.79196 18.451 0.024
4901.69602 18.533 0.026
4901.70663 18.630 0.027
4901.71720 18.641 0.028
4901.72777 18.623 0.027
4901.73837 18.514 0.026
4901.74932 18.591 0.026
4901.75992 18.590 0.028
4901.77054 18.553 0.027
4901.78112 18.550 0.027
4902.70538 18.492 0.024
4902.71596 18.416 0.023
4902.72653 18.432 0.024
4902.73712 18.480 0.024
4902.74771 18.532 0.026
4902.75850 18.515 0.024
4902.76908 18.460 0.022
4902.77964 18.523 0.024
4903.69071 18.495 0.029
4903.70129 18.430 0.025
4903.71191 18.481 0.025
4903.72251 18.415 0.023
4903.73306 18.461 0.022
4903.74394 18.389 0.023
4903.75451 18.450 0.023
4903.76510 18.435 0.020
4903.77568 18.439 0.021
4904.67408 18.431 0.032
4904.68468 18.440 0.029
4904.69528 18.475 0.025
4904.70584 18.506 0.025
4904.71646 18.411 0.026
4904.72737 18.500 0.031
4904.73795 18.478 0.029
4904.74855 18.494 0.025
4904.75908 18.478 0.026
4904.76971 18.497 0.022
4905.68198 18.399 0.027
4905.78002 18.579 0.032
4905.79062 18.465 0.025
4905.80123 18.417 0.025
4905.81184 18.414 0.025
4905.82244 18.473 0.027
4907.66208 18.423 0.023
4907.67264 18.491 0.021
4907.68322 18.410 0.021
4907.69382 18.407 0.018
4907.70440 18.468 0.019
4907.71532 18.470 0.020
4907.72592 18.463 0.022
4907.73650 18.357 0.019
4907.74711 18.326 0.023
4907.75767 18.384 0.022
4907.76880 18.447 0.022
4907.77939 18.492 0.025
4907.78994 18.458 0.021
4907.81102 18.367 0.021
4907.82158 18.354 0.021
4907.83221 18.541 0.039
4907.84287 18.438 0.029
4907.85344 18.340 0.024
4907.86454 18.442 0.026
4907.87511 18.409 0.024
4907.88568 18.399 0.024
4907.89628 18.314 0.025
4907.90684 18.400 0.027
4908.69475 18.510 0.023
4908.70535 18.474 0.021
4908.71592 18.482 0.020
4908.72652 18.483 0.019
4908.73713 18.459 0.021
4908.74802 18.531 0.020
4908.75859 18.517 0.022
4908.76921 18.446 0.018
4908.77982 18.515 0.020
4908.79043 18.489 0.020
4908.80130 18.449 0.020
4908.81182 18.444 0.022
4908.82243 18.467 0.023
4908.83316 18.511 0.021
4908.84379 18.511 0.022
4908.85433 18.488 0.022
4908.86493 18.506 0.022
4908.87552 18.555 0.023
4908.88644 18.501 0.022
4908.89702 18.449 0.021
4908.90758 18.466 0.021
4909.66543 18.447 0.022
4909.67601 18.520 0.024
4909.68660 18.533 0.028
4909.69720 18.399 0.021
4909.70779 18.420 0.020
4909.71856 18.456 0.020
4909.72911 18.466 0.020
4909.73967 18.493 0.022
4909.75027 18.483 0.023
4909.76090 18.460 0.022
4909.77178 18.414 0.022
4909.78239 18.453 0.025
4909.79297 18.488 0.026
4909.80355 18.467 0.028
4909.81412 18.530 0.029
4909.82501 18.394 0.023
4909.83562 18.467 0.022
4909.84620 18.306 0.020
4909.85679 18.512 0.023
4909.86735 18.528 0.025
4909.88287 18.474 0.034
4909.89346 18.357 0.022
4909.90404 18.493 0.030
4909.91466 18.394 0.034
4910.62179 18.502 0.026
4910.63232 18.425 0.022
4910.64290 18.487 0.021
4910.65533 18.496 0.022
4910.66593 18.490 0.019
4910.67656 18.488 0.022
4910.68711 18.525 0.020
4910.69770 18.461 0.022
4910.71334 18.515 0.019
4910.72398 18.498 0.019
4910.73456 18.456 0.016
4910.74518 18.445 0.016
4910.75579 18.470 0.016
4910.76668 18.484 0.016
4911.69750 18.425 0.018
4912.59672 18.478 0.028
4912.60736 18.446 0.023
4912.61796 18.470 0.022
4912.62853 18.421 0.019
4912.63917 18.455 0.019
4912.65009 18.509 0.019
4912.66067 18.425 0.017
4912.67124 18.502 0.017
4912.68183 18.502 0.017
4912.69238 18.492 0.017
4912.70333 18.485 0.017
4913.60341 18.403 0.021
4913.61401 18.392 0.020
4913.62460 18.469 0.021
4913.63517 18.463 0.020
4913.64573 18.470 0.019
4913.65654 18.463 0.020
4913.66709 18.411 0.018
4913.67767 18.463 0.019
4913.68827 18.413 0.018
4913.69885 18.452 0.020
4913.70986 18.452 0.019
4914.66890 18.499 0.019
4914.67948 18.568 0.019
4914.69007 18.527 0.017
4914.70066 18.541 0.018
4915.68139 18.437 0.018
4915.69199 18.470 0.019
4915.70257 18.430 0.019
4915.71677 18.456 0.020
4915.72734 18.485 0.021
4916.61920 18.584 0.022
4916.63281 18.575 0.020
4916.64337 18.583 0.020
4916.65398 18.581 0.019
4916.66457 18.593 0.018
4916.67531 18.593 0.018
4916.68587 18.550 0.018
4916.69647 18.579 0.018
4917.63327 18.451 0.017
4917.64806 18.453 0.017
4917.65865 18.393 0.017
4917.66920 18.439 0.016
4917.67984 18.440 0.017
4917.71795 18.432 0.018
4918.61347 18.591 0.022
4918.62408 18.550 0.020
4918.63468 18.557 0.021
4918.64527 18.558 0.019
4918.65588 18.520 0.019
4918.66643 18.516 0.023
4919.67463 18.449 0.015
4919.68518 18.421 0.015
4919.69580 18.431 0.017
4919.70637 18.462 0.017
4919.71695 18.420 0.016
4920.67081 18.442 0.016
4920.68084 18.442 0.015
4920.69089 18.398 0.019
4920.70092 18.445 0.017
4920.71089 18.433 0.020
4921.65616 18.463 0.022
4921.66618 18.474 0.021
4921.67619 18.555 0.027
4921.68618 18.588 0.027
4921.69621 18.472 0.024
4921.70622 18.466 0.021
4921.71636 18.468 0.021
4924.65635 18.417 0.017
4924.66648 18.400 0.018
4924.67661 18.433 0.018
4924.68670 18.427 0.018
4924.69682 18.529 0.019
4924.70722 18.465 0.018
4925.65895 18.556 0.019
4925.66908 18.489 0.018
4925.67917 18.479 0.017
4925.68927 18.464 0.017
4925.69940 18.487 0.018
4926.60055 18.449 0.022
4926.61063 18.449 0.020
4926.62072 18.476 0.019
4926.63080 18.353 0.020
4926.64091 18.441 0.020
4926.65101 18.485 0.020
4926.66112 18.448 0.020
4926.67122 18.448 0.021
4926.68133 18.448 0.020
4926.69174 18.437 0.018
4926.70184 18.461 0.020
4927.64594 18.316 0.023
4927.65604 18.521 0.027
4927.66617 18.486 0.027
4927.67629 18.541 0.023
4927.68640 18.491 0.022
4927.69678 18.476 0.023
4928.64089 18.422 0.019
4928.65097 18.414 0.020
4928.66108 18.442 0.018
4928.67119 18.477 0.019
4928.68130 18.405 0.019
4928.69140 18.406 0.021
4929.62619 18.478 0.027
4929.63627 18.540 0.028
4929.64638 18.457 0.025
4929.65648 18.470 0.024
4930.63992 18.418 0.024
4930.64999 18.458 0.022
4930.66006 18.454 0.021
4930.67018 18.428 0.022
4930.68026 18.429 0.021
4930.69040 18.422 0.020
4931.64009 18.604 0.032
4931.65020 18.552 0.027
4931.66030 18.579 0.029
4931.67043 18.649 0.028
4931.68053 18.545 0.028
4932.62811 18.453 0.021
4932.63822 18.467 0.022
4932.64832 18.518 0.023
4932.65843 18.458 0.024
4932.66851 18.505 0.028
4932.67862 18.481 0.025
4933.62673 18.595 0.035
4933.63683 18.522 0.027
4933.64691 18.587 0.024
4933.65700 18.489 0.027
4933.66710 18.580 0.031
4933.67719 18.589 0.032
4934.62349 18.450 0.022
4934.63361 18.490 0.024
4934.64371 18.378 0.022
4934.65383 18.401 0.022
4934.66391 18.472 0.023
4934.67402 18.424 0.021
4934.69033 18.411 0.021
4934.70044 18.437 0.021
4934.73565 18.451 0.029
4934.74575 18.402 0.025
4935.61070 18.479 0.021
4935.62080 18.468 0.020
4935.63093 18.469 0.021
4935.64105 18.500 0.020
4935.65116 18.424 0.018
4935.66126 18.405 0.018
4935.67137 18.406 0.019
4935.68146 18.495 0.024
4935.69157 18.452 0.021
4935.70172 18.404 0.018
4935.71180 18.402 0.020
4935.72189 18.438 0.020
4935.73202 18.443 0.020
4935.74212 18.406 0.021
4935.75222 18.401 0.023
4935.77688 18.406 0.021
4935.78699 18.467 0.022
4935.79707 18.401 0.021
4935.80717 18.481 0.021
4935.81728 18.434 0.024
4935.82739 18.419 0.020
4935.83790 18.442 0.021
4935.84797 18.401 0.020
4935.86108 18.487 0.025
4935.87118 18.391 0.025
4935.88128 18.390 0.027
4935.89137 18.377 0.031
4935.90160 18.410 0.030
4935.91170 18.343 0.025
4936.61083 18.473 0.022
4936.62095 18.442 0.021
4936.63105 18.505 0.023
4936.64113 18.489 0.022
4936.65121 18.426 0.022
4936.66134 18.440 0.020
4936.67144 18.505 0.021
4936.68154 18.413 0.020
4936.69162 18.508 0.023
4936.70171 18.433 0.021
4936.71182 18.447 0.026
4936.74343 18.473 0.025
4936.78144 18.469 0.021
4936.79156 18.470 0.022
4936.80167 18.439 0.023
4936.81176 18.379 0.022
4936.82187 18.389 0.021
4936.83195 18.448 0.022
4936.84322 18.531 0.026
4936.85332 18.500 0.024
4936.86343 18.475 0.025
4936.87355 18.487 0.028
4936.88361 18.435 0.025
4936.89372 18.547 0.029
4936.90426 18.490 0.024
4937.61295 18.461 0.017
4937.62305 18.470 0.017
4937.63315 18.455 0.018
4937.64324 18.412 0.017
4937.65332 18.495 0.018
4937.66342 18.454 0.020
4937.67350 18.470 0.020
4937.68358 18.406 0.017
4937.69370 18.403 0.018
4937.70380 18.486 0.018
4937.71390 18.492 0.019
4937.72400 18.397 0.019
4937.73409 18.391 0.019
4937.74419 18.420 0.020
4937.76013 18.451 0.018
4937.77028 18.455 0.016
4937.78041 18.413 0.017
4937.79052 18.432 0.017
4937.80062 18.457 0.017
4937.81074 18.443 0.019
4937.82083 18.467 0.018
4937.83091 18.495 0.018
4937.84101 18.422 0.018
4937.85117 18.390 0.018
4937.86126 18.442 0.021
4937.87136 18.498 0.020
4937.88146 18.463 0.019
4937.89156 18.407 0.019
4937.90166 18.454 0.021
4938.60801 18.517 0.025
4938.61815 18.486 0.025
4938.62824 18.428 0.023
4938.63835 18.421 0.023
4938.64848 18.395 0.021
4938.65858 18.432 0.021
4939.61553 18.477 0.021
4939.62563 18.413 0.019
4939.63574 18.400 0.019
4939.64587 18.452 0.019
4939.65599 18.486 0.023
4939.66610 18.459 0.021
4940.62279 18.421 0.022
4940.63292 18.470 0.019
4940.64301 18.474 0.018
4940.65311 18.419 0.020
4940.66324 18.404 0.019
4940.88119 18.526 0.032
4940.89132 18.465 0.026
4941.59880 18.448 0.022
4941.60890 18.513 0.025
4941.61902 18.511 0.024
4941.62910 18.512 0.021
4941.63920 18.449 0.020
4941.64932 18.437 0.018
4941.65967 18.440 0.019
4942.61218 18.454 0.018
4942.62229 18.436 0.018
4942.63240 18.489 0.018
4942.64253 18.495 0.021
4942.65262 18.431 0.022
4943.59932 18.414 0.017
4943.60941 18.448 0.017
4943.61953 18.423 0.017
4943.62961 18.407 0.018
4943.63974 18.422 0.018
4943.64984 18.433 0.019
4944.60712 18.445 0.016
4944.61722 18.500 0.017
4944.62732 18.503 0.018
4944.63744 18.454 0.017
4944.64757 18.490 0.018
4945.58832 18.480 0.018
4945.59841 18.432 0.017
4945.60852 18.453 0.017
4945.61861 18.435 0.016
4945.62871 18.394 0.016
4945.63883 18.436 0.017
4945.88727 18.429 0.023
4946.60481 18.578 0.020
4946.61489 18.555 0.019
4946.62499 18.480 0.019
4946.63511 18.519 0.019
4946.64519 18.535 0.018
4946.88029 18.462 0.023
4947.60530 18.405 0.016
4947.61542 18.423 0.016
4947.62556 18.436 0.016
4947.63565 18.424 0.016
4947.88497 18.516 0.030
4948.60365 18.536 0.022
4948.61377 18.574 0.021
4948.62385 18.553 0.021
4948.63397 18.574 0.020
4948.88067 18.506 0.024
4949.58762 18.460 0.015
4949.59771 18.459 0.017
4949.60778 18.447 0.016
4949.61785 18.414 0.015
4949.62795 18.495 0.016
4949.63805 18.425 0.016
4949.85289 18.439 0.021
4949.86022 18.475 0.021
4949.87032 18.497 0.022
4949.88040 18.518 0.023
4950.58546 18.515 0.022
4950.59558 18.525 0.020
4950.60565 18.520 0.020
4950.61576 18.486 0.018
4950.62590 18.474 0.018
4951.56746 18.500 0.026
4951.57756 18.452 0.023
4951.58767 18.410 0.020
4951.59776 18.434 0.019
4951.60789 18.468 0.018
4951.61802 18.459 0.018
4951.62835 18.505 0.018
4951.87148 18.658 0.047
4952.86345 18.427 0.023
4952.87355 18.442 0.025
4953.57966 18.377 0.017
4953.58974 18.425 0.018
4953.59986 18.489 0.019
4953.60996 18.438 0.019
4953.62002 18.435 0.019
4953.86563 18.465 0.027
4953.87234 18.368 0.025
4954.57039 18.449 0.021
4954.58050 18.429 0.019
4954.59060 18.466 0.021
4954.60069 18.452 0.024
4954.61082 18.458 0.020
4954.62090 18.451 0.020
4954.86794 18.478 0.025
4955.57497 18.419 0.020
4955.58509 18.435 0.020
4955.59518 18.431 0.020
4955.60530 18.472 0.022
4955.61541 18.485 0.022
4964.59742 18.457 0.022
4964.60782 18.393 0.018
4964.62269 18.412 0.019
4964.63300 18.396 0.018
4964.64303 18.439 0.018
4964.65302 18.497 0.019
4964.66370 18.414 0.020
4964.67369 18.499 0.022
4965.59759 18.553 0.023
4965.60786 18.643 0.027
4965.61786 18.525 0.034
4965.62788 18.565 0.028
4965.63788 18.466 0.027
4965.64833 18.493 0.025
4965.65833 18.409 0.023
4965.66833 18.437 0.027
4965.67832 18.462 0.030
4966.52872 18.401 0.022
4966.53927 18.526 0.028
4966.54927 18.370 0.022
4966.55927 18.475 0.023
4966.56954 18.547 0.024
4966.57954 18.449 0.022
4966.58958 18.432 0.020
4966.60014 18.473 0.020
4966.61014 18.440 0.018
4966.62019 18.476 0.019
4966.63056 18.506 0.023
4966.64055 18.479 0.023
4966.65055 18.480 0.022
4966.66086 18.444 0.021
4967.56840 18.494 0.020
4967.57894 18.480 0.017
4967.58895 18.484 0.018
4967.59924 18.470 0.017
4967.60921 18.473 0.016
4967.61920 18.489 0.018
4967.62979 18.504 0.020
4967.63982 18.460 0.018
4967.65379 18.507 0.021
4967.66380 18.440 0.019
4967.67377 18.453 0.018
4967.68379 18.433 0.022
4968.52070 18.421 0.027
4968.53069 18.515 0.026
4968.56605 18.456 0.021
4968.57607 18.449 0.022
4968.58609 18.490 0.021
4968.59609 18.528 0.022
4968.60607 18.477 0.018
4968.63063 18.474 0.018
4968.64062 18.423 0.018
4968.65065 18.447 0.019
4968.66067 18.433 0.018
4969.62301 18.439 0.017
4969.63341 18.420 0.018
4969.66378 18.446 0.021
4970.56745 18.419 0.021
4970.57890 18.527 0.020
4970.58891 18.477 0.018
4970.59889 18.406 0.018
4970.60890 18.417 0.017
4970.61891 18.431 0.017
4970.62920 18.457 0.018
4970.63918 18.497 0.022
4970.64917 18.488 0.020
4970.65914 18.473 0.018
4970.67331 18.442 0.016
4972.50012 18.460 0.022
4972.51066 18.418 0.019
4972.52092 18.451 0.020
4972.53139 18.471 0.021
4972.54139 18.487 0.022
4972.55137 18.464 0.020
4972.56201 18.467 0.020
4972.57206 18.505 0.020
4972.58206 18.493 0.021
4972.59619 18.508 0.021
4972.60969 18.469 0.020
4972.63148 18.485 0.019
4972.64148 18.501 0.022
4972.65145 18.439 0.020
4972.66546 18.489 0.021
4973.47593 18.426 0.023
4973.48632 18.455 0.023
4973.50090 18.376 0.021
4973.51139 18.484 0.024
4973.52136 18.478 0.022
4973.53140 18.446 0.020
4973.54140 18.429 0.020
4973.55662 18.406 0.017
4973.56662 18.389 0.018
4973.57664 18.432 0.018
4973.58665 18.454 0.016
4973.60397 18.418 0.015
4973.61482 18.428 0.015
4973.62481 18.425 0.016
4973.63482 18.407 0.016
4973.64540 18.402 0.016
4973.65540 18.413 0.018
4973.66539 18.433 0.018
4973.68036 18.397 0.017
4974.51548 18.451 0.024
4974.52715 18.547 0.028
4974.56083 18.409 0.023
4974.57083 18.448 0.024
4974.58085 18.436 0.023
4974.59127 18.453 0.024
4974.60128 18.477 0.022
4974.61128 18.497 0.022
4974.62637 18.389 0.019
4974.63665 18.478 0.020
4974.64665 18.439 0.020
4974.65662 18.474 0.018
4974.66702 18.459 0.020
4974.67746 18.469 0.020
4974.68847 18.479 0.019
4975.49410 18.372 0.029
4975.50470 18.484 0.024
4975.51515 18.486 0.026
4975.52516 18.437 0.027
4975.53516 18.470 0.027
4975.54546 18.347 0.023
4975.55546 18.452 0.026
4975.56550 18.420 0.021
4975.57616 18.486 0.024
4975.58615 18.422 0.023
4975.59617 18.440 0.022
4975.60667 18.438 0.021
4975.61669 18.423 0.020
4975.62669 18.411 0.021
4975.63700 18.501 0.025
4975.64700 18.494 0.024
4977.49949 18.548 0.027
4977.50992 18.458 0.022
4977.52030 18.526 0.021
4977.53095 18.485 0.022
