4149.69018 18.641 0.034
4149.70154 18.631 0.032
4149.71285 18.674 0.027
4149.72418 18.744 0.026
4149.73552 18.816 0.029
4149.74803 18.877 0.030
4149.75935 18.972 0.032
4149.77070 18.963 0.036
4149.78205 19.067 0.036
4149.79334 19.036 0.037
4149.80473 19.044 0.043
4149.81649 18.983 0.041
4149.82785 18.953 0.042
4149.83913 18.797 0.034
4150.64930 18.652 0.026
4150.66063 18.553 0.026
4150.67194 18.680 0.027
4150.69319 18.652 0.028
4150.70451 18.607 0.028
4150.71583 18.571 0.031
4150.72709 18.617 0.030
4150.73837 18.620 0.031
4150.74968 18.620 0.029
4150.76120 18.548 0.026
4150.77244 18.609 0.027
4150.78376 18.583 0.027
4150.79507 18.552 0.030
4150.80658 18.615 0.035
4150.81789 18.564 0.032
4150.82924 18.634 0.034
4150.84056 18.597 0.035
4151.60030 18.522 0.035
4151.62920 18.595 0.036
4151.68541 18.581 0.039
4151.71092 18.573 0.032
4151.73635 18.620 0.033
4151.76312 18.569 0.037
4151.78863 18.587 0.031
4151.81408 18.690 0.033
4152.66871 18.670 0.044
4152.68004 18.710 0.042
4152.69135 18.623 0.039
4152.70265 18.536 0.040
4152.71399 18.643 0.036
4152.72633 18.618 0.034
4152.73768 18.632 0.039
4152.74901 18.553 0.036
4152.76032 18.631 0.036
4152.77160 18.579 0.036
4152.78299 18.594 0.038
4152.79454 18.703 0.038
4152.80585 18.678 0.040
4152.81716 18.807 0.049
4152.82853 18.833 0.049
4153.61724 18.906 0.033
4153.62852 19.002 0.038
4153.63986 19.036 0.037
4153.65117 19.051 0.039
4153.66248 19.083 0.038
4153.67376 18.977 0.033
4153.68544 18.934 0.034
4153.69679 18.824 0.031
4153.70814 18.763 0.029
4153.71944 18.660 0.025
4153.73075 18.679 0.027
4153.74208 18.637 0.027
4153.75487 18.616 0.029
4153.80690 18.567 0.029
4153.81823 18.601 0.031
4153.82955 18.564 0.027
4154.60943 18.561 0.036
4154.62420 18.635 0.041
4154.63554 18.592 0.039
4154.64945 18.685 0.045
4154.66075 18.534 0.039
4154.67202 18.672 0.036
4154.68334 18.649 0.041
4154.69469 18.678 0.038
4154.70607 18.658 0.033
4154.71765 18.606 0.032
4154.72895 18.573 0.033
4154.74028 18.595 0.033
4154.75157 18.522 0.029
4154.76290 18.583 0.031
4154.77420 18.594 0.032
4154.78571 18.636 0.031
4154.79703 18.600 0.029
4154.80832 18.598 0.031
4154.81967 18.572 0.034
4155.72686 18.582 0.021
4155.75236 18.588 0.023
4155.77990 18.625 0.022
4155.80538 18.604 0.022
4156.60511 18.601 0.032
4156.61645 18.596 0.029
4156.62779 18.634 0.036
4156.63910 18.649 0.037
4156.65042 18.678 0.039
4156.66178 18.753 0.037
4156.67418 18.773 0.030
4156.68547 18.790 0.037
4156.69679 18.859 0.031
4156.70806 18.903 0.029
4156.71936 19.097 0.037
4156.73069 19.029 0.044
4156.74231 19.132 0.042
4156.75364 19.081 0.049
4156.76496 19.017 0.044
4156.77630 18.923 0.040
4156.78768 18.870 0.044
4156.79903 18.720 0.037
4156.81825 18.691 0.037
4157.60888 18.523 0.040
4157.62152 18.534 0.040
4157.63287 18.607 0.032
4157.64419 18.582 0.034
4157.65552 18.621 0.036
4157.66681 18.572 0.029
4157.67816 18.565 0.037
4157.68974 18.572 0.037
4157.70109 18.595 0.036
4157.71245 18.572 0.032
4157.72376 18.608 0.030
4157.73508 18.617 0.028
4157.74640 18.683 0.030
4157.75830 18.559 0.026
4157.76966 18.554 0.025
4157.78101 18.616 0.029
4157.79236 18.590 0.027
4157.80368 18.587 0.029
4158.60474 18.594 0.034
4158.61610 18.518 0.039
4158.63121 18.531 0.037
4158.64251 18.583 0.033
4158.65383 18.647 0.042
4158.67235 18.602 0.038
4158.68367 18.572 0.036
4158.69493 18.584 0.031
4158.70628 18.583 0.029
4158.71761 18.539 0.025
4158.72919 18.597 0.027
4158.74050 18.613 0.027
4158.75183 18.591 0.030
4158.76315 18.618 0.029
4158.77448 18.656 0.031
4158.78579 18.605 0.027
4158.79854 18.589 0.029
4159.70496 18.594 0.031
4159.73044 18.657 0.033
4159.75596 18.770 0.032
4159.78144 18.882 0.038
4159.80691 19.068 0.040
4160.60849 18.943 0.053
4160.61979 18.844 0.051
4160.63113 18.980 0.049
4160.64246 18.878 0.054
4160.65382 18.776 0.047
4160.66517 18.812 0.051
4160.67661 18.677 0.046
4160.70562 18.621 0.048
4160.71698 18.557 0.039
4160.72831 18.658 0.045
4160.75263 18.620 0.040
4160.76399 18.606 0.037
4160.77648 18.582 0.040
4160.78781 18.607 0.043
4160.79916 18.608 0.042
4161.59061 18.548 0.036
4161.60196 18.573 0.031
4161.61328 18.604 0.034
4161.62456 18.536 0.030
4161.63588 18.659 0.033
4161.64772 18.609 0.032
4161.65902 18.629 0.031
4161.67037 18.598 0.029
4161.68172 18.591 0.028
4161.69303 18.603 0.031
4161.70442 18.547 0.029
4161.71602 18.652 0.034
4161.72737 18.617 0.033
4161.73861 18.635 0.031
4161.74998 18.628 0.033
4161.76133 18.595 0.030
4161.77265 18.611 0.031
4161.78442 18.606 0.030
4161.79711 18.551 0.030
4162.61576 18.577 0.046
4162.62712 18.567 0.046
4162.64020 18.628 0.045
4162.65152 18.568 0.036
4162.66284 18.656 0.036
4162.67419 18.703 0.042
4162.68555 18.614 0.040
4162.69684 18.623 0.033
4162.71141 18.644 0.033
4162.72273 18.647 0.033
4162.73407 18.581 0.030
4162.74539 18.612 0.029
4162.75671 18.609 0.030
4162.76805 18.558 0.029
4162.78373 18.573 0.030
4162.79506 18.633 0.039
4163.67069 19.101 0.050
4163.69609 19.020 0.049
4163.72531 18.960 0.042
4163.75081 18.658 0.037
4163.77622 18.611 0.039
4164.58425 18.563 0.037
4164.59715 18.618 0.036
4164.60850 18.574 0.036
4164.61983 18.671 0.038
4164.63119 18.635 0.038
4164.64253 18.643 0.035
4164.65390 18.602 0.037
4164.66557 18.634 0.036
4164.67690 18.635 0.036
4164.68820 18.654 0.033
4164.70036 18.581 0.032
4164.71168 18.589 0.033
4164.72299 18.492 0.032
4164.73467 18.656 0.039
4164.74599 18.591 0.034
4164.75730 18.599 0.033
4164.76863 18.636 0.035
4164.77997 18.620 0.036
4164.79409 18.572 0.041
4165.60124 18.566 0.032
4165.61278 18.579 0.034
4165.62439 18.591 0.034
4165.63604 18.539 0.032
4165.64740 18.533 0.033
4165.65870 18.598 0.035
4165.67031 18.517 0.032
4165.68164 18.566 0.031
4165.69299 18.588 0.032
4165.70453 18.555 0.031
4165.71581 18.569 0.032
4165.72714 18.666 0.037
4165.73918 18.590 0.035
4165.75049 18.608 0.038
4165.76180 18.653 0.038
4165.77771 18.636 0.039
4165.78902 18.658 0.039
4166.60336 18.435 0.041
4166.61501 18.612 0.041
4166.62680 18.666 0.058
4166.63835 18.547 0.047
4166.64966 18.602 0.043
4166.70720 18.794 0.052
4166.73254 18.941 0.064
4166.74912 19.368 0.111
4166.78676 19.044 0.089
4166.81567 18.992 0.070
4167.64863 18.638 0.031
4167.67436 18.563 0.033
4167.69992 18.617 0.032
4167.72569 18.619 0.030
4167.75122 18.602 0.031
4167.77667 18.609 0.036
4168.59044 18.541 0.024
4168.60215 18.551 0.024
4168.61385 18.617 0.025
4168.62521 18.584 0.025
4168.63650 18.572 0.026
4168.64825 18.609 0.027
4168.65963 18.557 0.025
4168.67095 18.568 0.025
4168.68263 18.598 0.026
4168.69393 18.602 0.027
4168.70524 18.574 0.025
4168.71657 18.588 0.028
4168.72788 18.633 0.033
4168.74230 18.589 0.029
4168.75367 18.559 0.028
4168.76534 18.569 0.028
4168.77709 18.538 0.026
4169.58019 18.543 0.027
4169.59185 18.617 0.032
4169.60313 18.628 0.032
4169.61439 18.620 0.034
4169.62571 18.548 0.032
4169.64149 18.574 0.031
4169.65279 18.588 0.030
4169.66409 18.616 0.030
4169.67540 18.605 0.031
4169.68725 18.684 0.031
4169.69857 18.647 0.029
4169.70987 18.608 0.027
4169.72113 18.640 0.032
4169.73241 18.590 0.026
4169.74369 18.601 0.027
4169.75567 18.603 0.028
4169.76741 18.675 0.029
4170.57407 18.846 0.035
4170.58650 18.797 0.033
4170.59829 18.952 0.038
4170.62423 19.006 0.038
4170.63556 19.040 0.037
4170.64686 19.063 0.040
4170.65813 18.952 0.037
4170.66980 18.860 0.034
4170.68110 18.914 0.040
4170.69238 18.783 0.031
4170.70367 18.744 0.029
4170.71494 18.621 0.027
4170.72619 18.628 0.027
4170.73794 18.650 0.028
4170.74924 18.600 0.028
4170.76054 18.613 0.028
4170.77182 18.589 0.030
4174.57133 18.741 0.040
4174.58613 18.650 0.035
4174.60059 18.576 0.030
4174.61501 18.601 0.028
4174.63118 18.626 0.027
4174.64560 18.631 0.027
4174.66007 18.605 0.026
4174.67522 18.615 0.028
4174.68965 18.607 0.026
4174.70409 18.648 0.026
4174.72133 18.615 0.025
4174.73578 18.605 0.027
4174.75019 18.654 0.028
4174.76498 18.603 0.027
4175.65955 18.627 0.031
4175.68545 18.632 0.032
4175.71086 18.633 0.031
4175.73624 18.549 0.028
4175.76987 18.642 0.032
4176.56445 18.556 0.024
4176.57632 18.638 0.027
4176.58761 18.568 0.024
4176.59891 18.536 0.023
4176.61140 18.596 0.024
4176.62271 18.637 0.026
4176.63397 18.575 0.024
4176.64526 18.632 0.024
4176.65652 18.577 0.024
4176.66784 18.622 0.026
4176.67952 18.594 0.024
4176.69081 18.610 0.022
4176.70212 18.629 0.023
4176.71342 18.641 0.023
4176.72466 18.675 0.024
4176.73594 18.729 0.026
4176.74817 18.827 0.028
4176.75974 18.866 0.030
4177.56271 19.078 0.056
4177.57398 19.108 0.055
4177.58522 19.056 0.050
4177.59647 19.005 0.047
4177.60776 18.997 0.045
4177.61905 19.010 0.046
4177.63077 18.816 0.037
4177.64205 18.828 0.038
4177.65334 18.694 0.029
4177.66465 18.668 0.026
4177.67593 18.642 0.024
4177.68725 18.616 0.025
4177.69894 18.624 0.027
4177.71025 18.675 0.027
4177.72153 18.586 0.025
4177.73282 18.656 0.025
4177.74408 18.611 0.025
4177.75536 18.616 0.027
4178.55309 18.577 0.038
4178.56435 18.537 0.032
4178.57566 18.567 0.030
4178.58693 18.653 0.033
4178.59816 18.633 0.033
4178.60942 18.555 0.026
4178.62092 18.593 0.028
4178.63217 18.589 0.029
4178.64346 18.561 0.030
4178.65471 18.644 0.031
4178.66601 18.623 0.026
4178.67727 18.646 0.028
4178.68887 18.635 0.027
4178.70011 18.631 0.026
4178.71143 18.616 0.027
4178.72270 18.565 0.026
4178.73398 18.594 0.028
4178.74525 18.567 0.026
4178.75705 18.621 0.029
4179.66228 18.631 0.026
4179.68767 18.632 0.025
4179.71492 18.597 0.025
4179.72618 18.589 0.024
4179.74188 18.570 0.024
4179.75358 18.595 0.025
4180.55447 18.637 0.035
4180.56601 18.554 0.036
4180.57751 18.624 0.034
4180.58912 18.672 0.039
4180.60043 18.732 0.034
4180.61171 18.841 0.036
4180.62299 18.882 0.036
4180.63428 18.949 0.040
4180.64553 18.985 0.037
4180.65718 19.073 0.037
4180.66847 19.085 0.037
4180.67976 19.048 0.037
4180.69104 19.099 0.037
4180.70233 18.974 0.035
4180.71360 18.921 0.032
4180.72644 18.860 0.031
4180.73770 18.751 0.028
4180.74952 18.682 0.027
4181.55312 18.637 0.037
4181.56475 18.643 0.031
4181.57633 18.600 0.029
4181.58790 18.551 0.030
4181.60148 18.639 0.030
4181.61311 18.609 0.030
4181.62810 18.550 0.028
4181.63980 18.626 0.029
4181.65147 18.552 0.027
4181.66316 18.592 0.030
4181.67443 18.623 0.028
4181.68570 18.571 0.025
4181.69698 18.578 0.026
4181.70826 18.594 0.025
4181.71954 18.596 0.026
4181.73110 18.673 0.028
4181.74240 18.632 0.027
4181.75369 18.616 0.029
4182.54706 18.604 0.033
4182.55847 18.529 0.033
4182.57021 18.642 0.038
4182.58145 18.614 0.034
4182.59270 18.543 0.031
4182.60428 18.582 0.032
4182.61555 18.682 0.035
4182.62683 18.587 0.028
4182.63811 18.612 0.027
4182.64940 18.607 0.027
4182.66069 18.556 0.025
4182.67218 18.619 0.025
4182.68347 18.564 0.024
4182.69474 18.622 0.024
4182.70599 18.604 0.025
4182.71264 18.647 0.027
4182.72792 18.595 0.026
4182.74040 18.538 0.024
4183.53786 18.666 0.039
4183.55257 18.576 0.034
4183.56418 18.560 0.029
4183.57543 18.587 0.029
4183.58674 18.606 0.029
4183.59800 18.640 0.029
4183.60928 18.588 0.027
4183.62058 18.634 0.029
4183.63203 18.547 0.026
4183.64332 18.640 0.029
4183.65462 18.618 0.027
4183.66591 18.579 0.026
4183.67714 18.709 0.030
4183.68846 18.734 0.032
4183.70005 18.797 0.032
4183.71133 18.853 0.031
4183.72263 18.924 0.033
4183.73392 18.992 0.038
4183.74519 19.081 0.043
4184.53711 19.024 0.052
4184.55775 18.921 0.046
4184.56922 18.971 0.041
4184.58069 18.802 0.034
4184.59225 18.791 0.035
4184.60355 18.720 0.032
4184.61481 18.685 0.032
4184.62610 18.659 0.031
4184.63739 18.622 0.028
4184.64868 18.614 0.026
4184.66008 18.644 0.027
4184.67132 18.624 0.028
4184.68260 18.634 0.028
4184.69388 18.637 0.027
4184.70518 18.639 0.027
4184.71652 18.674 0.029
4184.73161 18.619 0.027
4184.74314 18.628 0.026
4185.58413 18.550 0.039
4185.59934 18.573 0.033
4185.61108 18.615 0.034
4185.62238 18.632 0.034
4185.63368 18.659 0.032
4185.64528 18.598 0.030
4185.65652 18.617 0.031
4185.66783 18.570 0.027
4185.68009 18.585 0.026
4185.69174 18.602 0.027
4185.70303 18.592 0.029
4185.71429 18.584 0.030
4185.72599 18.660 0.032
4185.73769 18.668 0.032
4190.52420 18.581 0.035
4190.53577 18.609 0.042
4190.54868 18.538 0.035
4190.56028 18.615 0.038
4190.57155 18.634 0.035
4190.58287 18.606 0.031
4190.59445 18.560 0.029
4190.60576 18.651 0.033
4190.61705 18.589 0.038
4190.62836 18.650 0.040
4190.63966 18.733 0.044
4190.65096 18.765 0.048
4190.66257 18.923 0.048
4190.67384 18.927 0.057
4190.68515 19.014 0.045
4190.69641 19.086 0.049
4190.70767 19.032 0.052
4190.71892 19.105 0.057
4190.73058 19.004 0.049
4191.56257 18.724 0.053
4191.57428 18.626 0.046
4191.58596 18.610 0.042
4191.59727 18.621 0.046
4191.60851 18.552 0.039
4191.62014 18.660 0.046
4191.63145 18.601 0.040
4191.65636 18.555 0.041
4191.66765 18.592 0.037
4191.67891 18.616 0.041
4191.74335 18.498 0.045
4192.53926 18.591 0.040
4192.55053 18.566 0.039
4192.56181 18.676 0.044
4192.57309 18.554 0.036
4192.58433 18.610 0.041
4192.59564 18.630 0.038
4192.60737 18.667 0.046
4192.61865 18.631 0.039
4192.62993 18.627 0.038
4192.64117 18.660 0.041
4192.65244 18.611 0.042
4192.66373 18.645 0.042
4192.67678 18.487 0.036
4192.68803 18.586 0.037
4192.69931 18.582 0.035
4192.71059 18.645 0.040
4192.72190 18.656 0.046
4192.73316 18.642 0.049
4192.74542 18.627 0.049
4193.52672 18.628 0.046
4193.53802 18.616 0.043
4193.54928 18.634 0.039
4193.56056 18.672 0.040
4193.57184 18.611 0.036
4193.58311 18.645 0.035
4193.59651 18.662 0.039
4193.60779 18.620 0.034
4193.61909 18.623 0.035
4193.63039 18.590 0.034
4193.64170 18.650 0.033
4193.65302 18.596 0.031
4193.66551 18.596 0.032
4193.67676 18.625 0.034
4193.68802 18.587 0.033
4193.69928 18.634 0.040
4193.71058 18.667 0.039
4193.72187 18.671 0.044
4194.58550 19.020 0.046
4194.59677 18.959 0.044
4194.60809 18.969 0.046
4194.61938 18.784 0.044
4194.63063 18.707 0.038
4194.64192 18.666 0.038
4194.66242 18.630 0.035
4194.67374 18.532 0.032
4194.68499 18.646 0.034
4194.69625 18.696 0.040
4194.70754 18.570 0.037
4194.71879 18.676 0.040
4194.73266 18.588 0.032
4194.74396 18.586 0.035
4196.54839 18.635 0.041
4196.55965 18.643 0.043
4196.57093 18.574 0.034
4196.58219 18.579 0.033
4196.59349 18.626 0.041
4196.60475 18.584 0.038
4196.61637 18.566 0.032
4196.62478 18.690 0.033
4196.63605 18.635 0.030
4196.64735 18.632 0.032
4196.65860 18.640 0.034
4196.66989 18.608 0.035
4196.68115 18.643 0.037
4196.69458 18.655 0.038
4196.70586 18.669 0.038
4196.71715 18.635 0.037
4196.72846 18.660 0.034
4196.73974 18.663 0.033
4197.51579 18.580 0.029
4197.52710 18.623 0.032
4197.53839 18.614 0.027
4197.54966 18.642 0.028
4197.56091 18.624 0.028
4197.57218 18.695 0.031
4197.58387 18.718 0.028
4197.59519 18.718 0.030
4197.60650 18.883 0.039
4197.61781 18.929 0.037
4197.62909 18.898 0.035
4197.64046 18.992 0.037
4197.65169 19.113 0.037
4197.66296 19.107 0.037
4197.67424 19.028 0.036
4197.68550 18.924 0.036
4197.70083 18.835 0.034
4197.71210 18.745 0.030
4197.72337 18.636 0.029
4197.73465 18.698 0.033
4197.74594 18.674 0.030
4197.78296 18.548 0.031
4197.79425 18.694 0.039
4197.80558 18.609 0.035
4197.81692 18.629 0.042
4198.55150 18.589 0.029
4198.56285 18.553 0.026
4198.57412 18.615 0.028
4198.58538 18.582 0.026
4198.59663 18.610 0.025
4198.60790 18.613 0.024
4198.61937 18.601 0.025
4198.63064 18.599 0.025
4198.64193 18.596 0.027
4198.65318 18.586 0.026
4198.66448 18.629 0.030
4198.67579 18.622 0.029
4198.68733 18.681 0.032
4198.69862 18.609 0.029
4198.70992 18.675 0.030
4198.72668 18.613 0.030
4198.73798 18.622 0.027
4198.74926 18.603 0.027
4198.76057 18.666 0.028
4198.77189 18.650 0.028
4198.78318 18.608 0.025
4199.51979 18.611 0.030
4199.53109 18.553 0.028
4199.54237 18.611 0.029
4199.55363 18.585 0.028
4199.56489 18.571 0.029
4199.57615 18.635 0.029
4199.58766 18.591 0.028
4199.59892 18.738 0.031
4199.61017 18.576 0.028
4199.62142 18.638 0.031
4199.63270 18.590 0.032
4199.64401 18.607 0.031
4199.66519 18.624 0.028
4199.67649 18.574 0.027
4199.68783 18.587 0.029
4199.69908 18.621 0.029
4199.71037 18.591 0.029
4199.72170 18.536 0.029
4199.73616 18.705 0.034
4199.74745 18.648 0.037
4199.75877 18.614 0.035
4199.77008 18.710 0.037
4199.78137 18.602 0.038
4199.79265 18.711 0.037
4199.80431 18.619 0.039
4202.65204 18.552 0.030
4202.66336 18.576 0.032
4202.67467 18.597 0.032
4202.68596 18.521 0.030
4202.69724 18.595 0.033
4202.70847 18.599 0.032
4202.72017 18.639 0.032
4203.49546 18.603 0.043
4203.51180 18.604 0.039
4203.52310 18.608 0.033
4203.53439 18.610 0.034
4203.54567 18.642 0.035
4203.55697 18.640 0.035
4203.56827 18.637 0.030
4203.57977 18.611 0.028
4203.59106 18.638 0.029
4203.60231 18.597 0.027
4203.61358 18.615 0.026
4203.62485 18.632 0.027
4203.63610 18.584 0.027
4203.64768 18.644 0.031
4203.65896 18.667 0.028
4203.67028 18.585 0.024
4203.68159 18.632 0.025
4203.69288 18.624 0.025
4203.70415 18.612 0.025
4204.50300 18.611 0.047
4204.51431 18.589 0.046
4204.52561 18.700 0.043
4204.53684 18.810 0.047
4204.54811 18.832 0.046
4204.55944 18.864 0.042
4204.57103 18.887 0.043
4204.58233 18.994 0.049
4204.59362 19.095 0.050
4204.60491 19.048 0.044
4204.61622 19.049 0.046
4204.62748 19.028 0.046
4204.63910 18.946 0.041
4204.65041 18.861 0.038
4204.66171 18.817 0.040
4204.67296 18.783 0.036
4204.68426 18.669 0.031
4204.69553 18.659 0.031
4205.48539 18.522 0.039
4205.49670 18.675 0.036
4205.50799 18.593 0.038
4205.51930 18.561 0.032
4205.53061 18.710 0.042
4205.54192 18.644 0.036
4205.55638 18.517 0.029
4205.56768 18.625 0.032
4205.57898 18.592 0.031
4205.59030 18.629 0.034
4205.60156 18.560 0.030
4205.61285 18.566 0.033
4205.62444 18.623 0.033
4205.63571 18.627 0.026
4205.64702 18.593 0.026
4205.65832 18.613 0.027
4205.66959 18.581 0.026
4205.68090 18.660 0.027
4205.69277 18.639 0.031
4207.61045 18.694 0.031
4207.62177 18.752 0.031
4207.63306 18.777 0.034
4207.64431 18.948 0.040
4207.65560 18.931 0.037
4207.66689 18.986 0.038
4207.68079 19.128 0.039
4208.48333 18.962 0.062
4208.49466 18.964 0.060
4208.50592 18.880 0.050
4208.51722 18.756 0.043
4208.52853 18.712 0.045
4208.53987 18.691 0.038
4208.55473 18.649 0.037
4208.56597 18.620 0.036
4208.57726 18.619 0.034
4208.58858 18.632 0.034
4208.60067 18.596 0.033
4208.61196 18.654 0.032
4208.62325 18.610 0.032
4208.63456 18.661 0.032
4208.64583 18.624 0.029
4208.65708 18.568 0.027
4208.66939 18.554 0.026
4208.68069 18.662 0.030
4209.57302 18.542 0.030
4209.58425 18.538 0.032
4209.59608 18.625 0.032
4213.48955 18.633 0.047
4213.50079 18.672 0.039
4213.51215 18.623 0.034
4213.52342 18.591 0.033
4213.53505 18.612 0.033
4213.54636 18.627 0.033
4213.55764 18.627 0.034
4213.56897 18.665 0.037
4213.58025 18.664 0.035
4213.59151 18.564 0.027
4213.60301 18.629 0.030
4213.61431 18.616 0.031
4213.62561 18.590 0.029
4213.63687 18.798 0.039
4213.64814 18.616 0.031
4213.65941 18.573 0.030
4213.67094 18.568 0.030
4213.68218 18.665 0.036
4213.69348 18.580 0.030
4215.65020 18.681 0.047
4215.66150 18.583 0.040
4215.67277 18.610 0.036
4215.68404 18.517 0.031
4215.69534 18.610 0.033
4215.70665 18.570 0.043
4216.47209 18.546 0.040
4216.48340 18.679 0.036
4216.49466 18.583 0.032
4216.50592 18.530 0.031
4216.51721 18.615 0.030
4216.52849 18.600 0.030
4216.53996 18.620 0.032
4216.55127 18.599 0.031
4216.56254 18.644 0.035
4216.57386 18.628 0.030
4216.58516 18.626 0.030
4216.59644 18.577 0.032
4216.60806 18.579 0.028
4216.61935 18.572 0.029
4216.63061 18.625 0.033
4216.64189 18.572 0.026
4216.65313 18.656 0.028
4216.66441 18.608 0.027
4217.47205 18.600 0.037
4217.48334 18.587 0.033
4217.49636 18.599 0.030
4217.50765 18.585 0.028
4217.51892 18.630 0.030
4217.53021 18.571 0.028
4217.54149 18.602 0.027
4217.55278 18.623 0.028
4217.56431 18.637 0.029
4217.57558 18.597 0.027
4217.58685 18.608 0.027
4217.60218 18.627 0.027
4217.61340 18.581 0.026
4217.62469 18.603 0.028
4217.63597 18.582 0.027
4217.64726 18.660 0.027
4217.65854 18.736 0.030
4217.67008 18.824 0.031
4218.47929 19.015 0.074
4218.49058 19.207 0.084
4218.50191 19.133 0.074
4218.51318 19.277 0.089
4218.52447 18.993 0.062
4218.53578 18.933 0.059
4218.54728 18.802 0.047
4218.55858 18.804 0.056
4218.56984 18.810 0.059
4218.58112 18.674 0.045
4218.59238 18.612 0.043
4218.60365 18.773 0.048
4218.61536 18.654 0.049
4218.62662 18.661 0.043
4218.63792 18.700 0.053
4218.64922 18.541 0.043
4218.66045 18.634 0.047
4219.47718 18.526 0.041
4219.50236 18.626 0.035
4219.52763 18.635 0.031
4219.55289 18.604 0.031
4219.57810 18.656 0.033
4219.60336 18.613 0.029
4219.62940 18.596 0.031
4219.65460 18.546 0.041
4220.50996 18.598 0.035
4220.52127 18.605 0.033
4220.53254 18.629 0.032
4220.54383 18.593 0.037
4220.55515 18.617 0.037
4220.56642 18.588 0.033
4220.57799 18.584 0.039
4220.58928 18.570 0.030
4220.60057 18.618 0.031
4220.61187 18.577 0.036
4220.62320 18.584 0.036
4220.63446 18.613 0.039
4221.47848 18.614 0.042
4221.48974 18.708 0.045
4221.50104 18.715 0.039
4221.51231 18.741 0.040
4221.52359 18.726 0.036
4221.53485 18.865 0.041
4221.54687 18.857 0.040
4221.55817 18.838 0.036
4221.56942 18.949 0.042
4221.58069 19.180 0.055
4221.59352 19.039 0.047
4221.60519 19.036 0.047
4221.61680 19.002 0.047
4222.46193 18.590 0.068
4222.47316 18.652 0.047
4222.48444 18.661 0.046
4222.49570 18.581 0.037
4222.59709 18.615 0.040
4222.60839 18.708 0.054
4222.61964 18.632 0.042
4222.63093 18.555 0.046
4224.47004 18.566 0.042
4224.48136 18.663 0.043
4224.49267 18.600 0.036
4224.50395 18.710 0.039
4224.51526 18.591 0.034
4224.52659 18.592 0.036
4225.48035 18.873 0.067
4225.49165 18.916 0.062
4225.50291 18.788 0.044
4225.54705 18.629 0.046
4225.55836 18.596 0.048
4225.58096 18.604 0.042
4226.56536 18.562 0.049
4226.62716 18.682 0.048
4227.46710 18.584 0.047
4227.47839 18.627 0.050
4227.48965 18.572 0.048
4227.50097 18.677 0.050
4227.51231 18.635 0.044
4227.52361 18.520 0.036
4227.53528 18.552 0.044
4227.54658 18.600 0.045
4227.55787 18.753 0.051
4227.56915 18.570 0.038
4227.58046 18.532 0.035
4227.59171 18.656 0.042
4227.60415 18.613 0.036
4227.61546 18.613 0.045
4227.62676 18.598 0.039
4227.63804 18.617 0.041
4227.65824 18.633 0.036
4227.66947 18.599 0.033
4227.68077 18.675 0.035
4227.69205 18.776 0.041
4227.70332 18.721 0.037
4227.71464 18.617 0.042
4227.72641 18.990 0.058
4227.73764 18.922 0.070
4227.74895 19.014 0.071
4228.47196 18.681 0.045
4228.48327 18.752 0.045
4228.49452 18.777 0.045
4228.50583 18.956 0.059
4228.51712 19.006 0.053
4228.52840 19.042 0.051
4228.53999 19.052 0.051
4228.55127 18.978 0.046
4228.56254 19.090 0.056
4228.57380 18.943 0.046
4228.58510 18.854 0.037
4228.59636 18.868 0.043
4229.46853 18.673 0.046
4229.47981 18.643 0.042
4229.49112 18.563 0.042
4229.50245 18.617 0.044
4229.51373 18.622 0.034
4229.52499 18.579 0.034
4229.53656 18.536 0.033
4229.54783 18.642 0.035
4229.55912 18.595 0.033
4229.57038 18.572 0.038
4229.58166 18.618 0.042
4229.59297 18.598 0.043
4229.60501 18.599 0.038
4230.47216 18.615 0.041
4230.48348 18.642 0.049
4230.49474 18.612 0.046
4230.50601 18.553 0.043
4230.51725 18.637 0.040
4230.52855 18.693 0.045
4230.55307 18.667 0.040
4230.56437 18.676 0.038
4230.57564 18.593 0.037
4230.58696 18.610 0.037
4230.59822 18.557 0.039
4230.61799 18.592 0.032
4231.47364 18.592 0.026
4231.54524 18.673 0.026
4231.55653 18.677 0.027
4231.56775 18.704 0.029
4231.57902 18.850 0.031
4231.59029 18.921 0.037
4231.60157 19.080 0.037
4232.47828 18.583 0.037
4232.48956 18.598 0.039
4232.50086 18.602 0.037
4232.51214 18.652 0.037
4232.52343 18.623 0.032
4232.53465 18.756 0.035
4232.54618 18.577 0.030
4232.55742 18.605 0.031
4232.56872 18.539 0.030
4232.58000 18.598 0.035
4232.59129 18.621 0.035
4232.60258 18.606 0.036
4233.55101 18.528 0.039
4233.56232 18.617 0.039
4233.57359 18.559 0.036
4233.58493 18.574 0.037
4233.59621 18.562 0.039
4233.60748 18.556 0.038
4234.47022 18.606 0.039
4234.48150 18.649 0.033
4234.49280 18.601 0.037
4234.50407 18.576 0.033
4234.51534 18.542 0.030
4234.52663 18.627 0.033
4234.53813 18.695 0.037
4234.54942 18.625 0.034
4234.56070 18.600 0.030
4234.57197 18.597 0.032
4234.58326 18.616 0.036
4234.59457 18.538 0.033
4235.46573 19.110 0.066
4235.47700 19.022 0.053
4235.48831 19.203 0.061
4235.49959 19.021 0.050
4235.51089 19.018 0.042
4235.52221 18.937 0.037
4235.53389 18.795 0.033
4235.54517 18.823 0.036
4235.55647 18.696 0.029
4235.56773 18.623 0.030
4235.57904 18.700 0.032
4235.59029 18.698 0.034
4236.46794 18.580 0.045
4236.47923 18.673 0.047
4236.49052 18.552 0.041
4236.50177 18.722 0.043
4236.51308 18.566 0.038
4236.52435 18.632 0.036
4236.53588 18.588 0.033
4236.54716 18.590 0.030
4236.55846 18.709 0.038
4236.56973 18.816 0.044
4237.52454 18.513 0.039
4237.53602 18.638 0.039
4237.54730 18.594 0.039
4237.55859 18.609 0.045
4237.56984 18.537 0.041
4237.58110 18.551 0.041
4237.59246 18.618 0.035
4238.53802 18.914 0.081
4239.45367 18.583 0.044
4239.46499 18.588 0.033
4239.47630 18.640 0.032
4239.48762 18.654 0.037
4239.49891 18.570 0.030
4239.51021 18.620 0.033
4239.52625 18.578 0.030
4239.53751 18.585 0.026
4239.54881 18.619 0.033
4239.56008 18.576 0.032
4239.57135 18.577 0.034
4239.58262 18.605 0.036
4240.45222 18.557 0.067
4240.46354 18.574 0.050
4240.47649 18.611 0.040
4240.48778 18.649 0.039
4240.49907 18.566 0.032
4240.51035 18.606 0.030
4240.52161 18.588 0.032
4240.53290 18.612 0.031
4240.54490 18.651 0.036
4240.56615 18.555 0.029
4240.57745 18.633 0.037
4241.46765 18.587 0.043
4241.47893 18.597 0.056
4241.49017 18.638 0.038
4241.50147 18.620 0.040
4241.51378 18.615 0.033
4241.52506 18.597 0.028
4241.53633 18.576 0.027
4241.54761 18.670 0.031
4243.46640 18.551 0.049
4243.52759 18.503 0.041
4243.55684 18.616 0.041
4243.56814 18.550 0.045
4243.58368 18.619 0.047
4244.45862 18.570 0.044
4244.46996 18.635 0.036
4244.48121 18.544 0.029
4244.49250 18.623 0.037
4244.50383 18.632 0.036
4244.51509 18.636 0.038
4244.52880 18.639 0.053
4244.54119 18.652 0.039
4244.55252 18.583 0.040
4244.56380 18.634 0.038
4244.57506 18.663 0.039
4245.45349 18.616 0.054
4245.46477 18.745 0.045
4245.47610 18.904 0.070
4245.48741 18.902 0.066
4245.49870 18.984 0.054
4245.50999 19.007 0.045
4245.52174 19.057 0.047
4245.53302 18.935 0.048
4245.54432 18.995 0.046
4245.55560 18.894 0.044
4245.56690 18.859 0.041
4246.47582 18.602 0.036
4246.50130 18.730 0.065
4246.53811 18.543 0.035
4246.56350 18.752 0.047
4246.58889 18.583 0.034
4246.62197 18.632 0.037
4247.45241 18.547 0.053
4247.46369 18.550 0.048
4247.47495 18.555 0.042
4247.48621 18.653 0.048
4247.49752 18.625 0.036
4247.50879 18.535 0.035
4247.52029 18.553 0.028
4247.53158 18.606 0.031
4247.54286 18.614 0.033
4247.55417 18.629 0.032
4247.56545 18.576 0.030
4249.53180 18.645 0.049
4249.54307 18.526 0.046
4249.55438 18.500 0.053
4250.46457 18.590 0.055
4250.49240 18.609 0.043
4250.51778 18.561 0.038
4250.54313 18.578 0.037
4250.56850 18.583 0.038
4250.59393 18.575 0.042
4250.61924 18.615 0.043
4253.47243 18.599 0.047
4253.48376 18.556 0.045
4253.49506 18.681 0.049
4253.50630 18.613 0.048
4255.62940 18.719 0.051
4256.46513 18.612 0.052
4256.47638 18.648 0.045
4256.48769 18.638 0.038
4256.49899 18.636 0.040
4256.51028 18.660 0.038
4256.52161 18.545 0.033
4256.53539 18.650 0.038
4256.54667 18.582 0.034
4257.45429 18.661 0.047
4257.46559 18.573 0.037
4257.47686 18.576 0.038
4257.48856 18.609 0.039
4257.49984 18.594 0.036
4257.51113 18.620 0.036
4257.52285 18.558 0.037
4257.53416 18.579 0.040
4257.54724 18.608 0.041
4258.47241 18.585 0.047
4258.48292 18.622 0.044
4258.49347 18.583 0.039
4258.50400 18.621 0.037
4258.51454 18.592 0.035
4258.52504 18.543 0.033
4258.53591 18.654 0.037
4258.54644 18.587 0.035
4267.45328 18.754 0.066
4267.46381 18.599 0.043
4267.47432 18.547 0.039
4267.48487 18.610 0.040
4267.49915 18.557 0.035
4267.50967 18.499 0.036
4267.52019 18.567 0.039
4268.51620 18.533 0.030
4269.46065 19.124 0.066
4269.47118 18.948 0.053
4269.48170 18.905 0.050
4269.49398 19.035 0.055
4269.50509 18.817 0.049
4270.51203 18.557 0.031
4271.46601 18.591 0.033
4271.47652 18.502 0.030
4271.48702 18.586 0.034
4271.49754 18.471 0.030
4274.45177 18.617 0.065
4274.46229 18.565 0.044
4274.47289 18.571 0.038
4274.48342 18.580 0.031
4274.49394 18.594 0.033
4277.46189 18.552 0.045
4277.47654 18.617 0.048
4277.49113 18.609 0.046
4278.48013 18.589 0.042
4278.49166 18.637 0.043
4278.50251 18.565 0.044
4279.49124 19.346 0.132
4279.50702 19.019 0.071
4279.52493 19.057 0.099
4279.53545 18.905 0.079
4279.54599 18.980 0.089
4279.55651 18.658 0.060
4279.56702 18.606 0.068
4279.57752 18.772 0.065
4279.58834 18.632 0.061
4282.49888 18.737 0.053
4282.50940 18.673 0.051
4282.53654 18.876 0.067
4282.54709 18.827 0.068
4282.55761 18.919 0.075
4282.56813 19.269 0.097
4282.57862 19.071 0.078
4282.58914 19.249 0.094
4283.45534 18.656 0.056
4283.46586 18.687 0.041
4284.45797 18.675 0.047
4284.46852 18.631 0.039
4286.46071 19.091 0.071
4308.48939 18.645 0.042
4308.49991 18.541 0.039
4308.51203 18.659 0.049
4308.52255 18.620 0.043
4308.53308 18.645 0.042
4308.54360 18.553 0.045
4308.55412 18.559 0.040
4308.56462 18.543 0.044
4309.53045 18.633 0.044
4309.54095 18.643 0.054
4461.81698 18.583 0.036
4461.83280 18.597 0.037
4461.84243 18.569 0.034
4461.85370 18.560 0.040
4468.82459 18.532 0.025
4468.83583 18.580 0.024
4468.84952 18.606 0.026
4470.85321 18.567 0.024
4470.86453 18.627 0.035
4471.83299 18.561 0.027
4471.84430 18.584 0.025
4471.85560 18.618 0.025
4471.86689 18.604 0.030
4472.82820 18.660 0.025
4472.83949 18.574 0.025
4472.85075 18.576 0.024
4472.86202 18.574 0.024
4472.87332 18.613 0.039
4473.80051 18.618 0.039
4473.81179 18.589 0.044
4473.82308 18.613 0.043
4473.83440 18.707 0.039
4473.84568 18.586 0.037
4473.85697 18.621 0.035
4474.86089 18.927 0.036
4474.87249 18.863 0.046
4476.85640 18.533 0.021
4476.86800 18.635 0.030
4477.84757 18.691 0.030
4477.85920 18.874 0.041
4477.87082 18.924 0.057
4478.84547 18.597 0.022
4478.85706 18.604 0.023
4478.86835 18.604 0.025
4479.87177 18.567 0.031
4481.86964 18.615 0.027
4485.86710 18.605 0.026
4485.87870 18.577 0.034
4486.86839 18.607 0.030
4486.88081 18.647 0.042
4487.87299 18.681 0.032
4487.88468 18.805 0.044
4488.87179 18.652 0.037
4488.88329 18.465 0.042
4490.82223 18.475 0.033
4490.83391 18.547 0.039
4490.84534 18.577 0.041
4491.78718 19.315 0.086
4491.80429 19.220 0.080
4491.81590 19.063 0.053
4491.82742 19.002 0.061
4491.83900 19.039 0.055
4491.85456 18.945 0.060
4491.87949 18.713 0.049
4491.89115 18.658 0.070
4492.85071 18.633 0.026
4492.86219 18.586 0.026
4492.87360 18.596 0.024
4492.88525 18.659 0.034
4493.78323 18.577 0.029
4493.79494 18.585 0.031
4493.80637 18.613 0.031
4493.81784 18.692 0.031
4493.82935 18.652 0.034
4493.84078 18.617 0.032
4493.85228 18.620 0.031
4493.86386 18.563 0.031
4493.87533 18.640 0.035
4493.88692 18.554 0.039
4494.82282 18.677 0.028
4494.83427 18.726 0.028
4494.84572 18.767 0.032
4494.85734 18.802 0.033
4494.86888 18.995 0.041
4494.88056 19.050 0.044
4497.82728 18.582 0.028
4497.83797 18.606 0.026
4497.84867 18.646 0.027
4497.85945 18.609 0.026
4497.87013 18.606 0.023
4497.88084 18.646 0.026
4497.89159 18.680 0.050
4498.79462 18.952 0.031
4498.80540 18.929 0.032
4498.81608 18.770 0.028
4498.82676 18.723 0.025
4498.83764 18.720 0.027
4498.84922 18.644 0.026
4498.85995 18.621 0.027
4498.87069 18.690 0.032
4498.88164 18.641 0.028
4498.89239 18.633 0.053
4499.74214 18.599 0.027
4499.75299 18.591 0.027
4499.76370 18.577 0.025
4499.77444 18.582 0.025
4499.78512 18.674 0.029
4499.80602 18.615 0.025
4499.81672 18.611 0.025
4499.82742 18.621 0.024
4499.83813 18.632 0.026
4499.84888 18.578 0.027
4499.85968 18.666 0.030
4499.87036 18.570 0.029
4499.88109 18.631 0.033
4499.89175 18.730 0.061
4500.83702 18.613 0.024
4500.84776 18.545 0.023
4501.78770 18.763 0.031
4501.79851 18.844 0.032
4501.80931 18.869 0.033
4501.81997 18.915 0.035
4501.83066 19.057 0.040
4501.84133 19.016 0.038
4501.85211 19.055 0.036
4501.86285 19.155 0.039
4501.87351 19.052 0.036
4501.88438 18.872 0.038
4502.80305 18.636 0.030
4502.81392 18.496 0.026
4502.82728 18.587 0.028
4502.83826 18.611 0.030
4502.84907 18.525 0.027
4502.85994 18.608 0.029
4502.87068 18.630 0.032
4502.88136 18.566 0.031
4502.89217 18.820 0.064
4503.73372 18.599 0.026
4503.74446 18.544 0.031
4503.75520 18.722 0.034
4503.76599 18.678 0.029
4503.77684 18.582 0.027
4503.78757 18.616 0.027
4503.79867 18.644 0.030
4503.80955 18.667 0.036
4503.82021 18.597 0.028
4503.83082 18.564 0.031
4503.84144 18.593 0.027
4503.85215 18.627 0.030
4503.86287 18.549 0.028
4503.87376 18.587 0.028
4503.88451 18.596 0.033
4503.89531 18.581 0.049
4504.74256 18.676 0.052
4504.75349 18.604 0.043
4504.77393 18.557 0.034
4504.78473 18.594 0.036
4504.79538 18.622 0.034
4504.80619 18.502 0.035
4504.81706 18.665 0.047
4504.83652 18.792 0.055
4504.85070 18.768 0.050
4504.87537 18.797 0.045
4504.88609 19.074 0.059
4505.77478 18.703 0.030
4505.78549 18.711 0.028
4505.79622 18.640 0.023
4505.80710 18.606 0.026
4505.81791 18.671 0.028
4505.82865 18.586 0.024
4505.83943 18.614 0.026
4505.85021 18.600 0.027
4506.78988 18.618 0.029
4506.80057 18.620 0.034
4506.81133 18.578 0.031
4506.82204 18.616 0.035
4506.83299 18.602 0.035
4506.84368 18.617 0.033
4507.78580 18.516 0.026
4507.79650 18.685 0.035
4507.80724 18.623 0.028
4507.81798 18.648 0.032
4507.84113 18.653 0.036
4508.79727 18.991 0.034
4508.80797 19.052 0.036
4508.84390 18.802 0.028
4509.78490 18.596 0.025
4509.79706 18.635 0.025
4509.80780 18.646 0.027
4509.82918 18.520 0.023
4509.84036 18.596 0.024
4509.85118 18.632 0.022
4510.77486 18.616 0.026
4510.78613 18.628 0.024
4510.79738 18.586 0.025
4510.80894 18.550 0.027
4510.82089 18.627 0.028
4510.83417 18.660 0.031
4510.84547 18.605 0.028
4511.81561 18.779 0.027
4511.83123 18.851 0.031
4512.77528 18.556 0.021
4512.78658 18.595 0.021
4512.79788 18.589 0.020
4512.81273 18.766 0.025
4512.82398 18.834 0.027
4512.83531 18.593 0.022
4513.72571 18.476 0.030
4513.73697 18.554 0.029
4513.74821 18.566 0.028
4513.75976 18.633 0.030
4513.77105 18.559 0.027
4513.78231 18.642 0.032
4513.79404 18.552 0.025
4513.80531 18.580 0.025
4513.81659 18.594 0.027
4513.82820 18.600 0.031
4514.82189 18.608 0.027
4514.83314 18.566 0.026
4515.70080 18.888 0.057
4515.71205 18.920 0.049
4515.72330 18.903 0.043
4515.78046 18.858 0.040
4515.79171 18.831 0.045
4515.80297 18.822 0.048
4515.81460 18.664 0.046
4515.82589 18.720 0.049
4517.75244 18.549 0.038
4517.76372 18.659 0.048
4517.77500 18.570 0.042
4517.78649 18.557 0.037
4517.79775 18.558 0.041
4517.80902 18.706 0.067
4517.82070 18.532 0.051
4518.78189 18.793 0.046
4518.79314 18.970 0.058
4518.80443 19.005 0.063
4518.81607 19.063 0.069
4518.82736 19.052 0.060
4519.77141 18.564 0.029
4519.78272 18.624 0.032
4519.79404 18.571 0.035
4519.80555 18.647 0.045
4520.78406 18.628 0.039
4520.80289 18.614 0.037
4520.81417 18.671 0.039
4521.76191 18.589 0.031
4521.77320 18.576 0.031
4521.78452 18.633 0.034
4521.79580 18.654 0.036
4521.80710 18.597 0.033
4522.71431 18.945 0.057
4522.73799 18.851 0.052
4522.74926 18.781 0.039
4522.76053 18.648 0.035
4522.77220 18.728 0.041
4522.78350 18.615 0.042
4522.79481 18.597 0.034
4522.80763 18.677 0.043
4522.81894 18.663 0.046
4523.74438 18.653 0.033
4523.75566 18.549 0.028
4523.76689 18.605 0.030
4523.77843 18.634 0.036
4523.78967 18.570 0.032
4523.80094 18.589 0.030
4524.73390 18.626 0.024
4524.74514 18.536 0.023
4524.75640 18.693 0.026
4524.76798 18.619 0.025
4524.77924 18.546 0.026
4524.79054 18.634 0.028
4524.80205 18.645 0.031
4525.73785 18.898 0.029
4525.74959 18.933 0.036
4525.76087 19.070 0.038
4525.77212 19.135 0.042
4525.78371 19.116 0.040
4525.79503 19.125 0.039
4530.71233 18.618 0.022
4530.72357 18.617 0.022
4530.73486 18.610 0.023
4530.74644 18.600 0.024
4530.75777 18.588 0.024
4530.76903 18.555 0.023
4530.78071 18.551 0.022
4531.71684 18.633 0.025
4531.72813 18.663 0.027
4531.73939 18.596 0.026
4531.75082 18.607 0.029
4532.71379 19.070 0.043
4532.72507 19.173 0.046
4532.73634 18.966 0.038
4532.74795 19.015 0.036
4532.75927 18.958 0.037
4532.77055 18.961 0.036
4532.78233 18.897 0.035
4534.70707 18.596 0.027
4534.71837 18.640 0.027
4534.72969 18.552 0.024
4535.71290 18.617 0.030
4535.72549 18.626 0.027
4535.73675 18.697 0.030
4535.75235 18.824 0.039
4535.76364 18.736 0.036
4535.77494 18.873 0.040
4535.78650 18.879 0.050
4536.70477 18.678 0.032
4536.71605 18.668 0.029
4536.72732 18.546 0.025
4536.74944 18.600 0.030
4536.76072 18.603 0.031
4536.77202 18.535 0.029
4537.69522 18.609 0.023
4537.70692 18.523 0.021
4537.71815 18.584 0.021
4537.72938 18.582 0.022
4538.69367 18.626 0.028
4538.70497 18.584 0.028
4538.71627 18.564 0.027
4538.73341 18.638 0.028
4538.74468 18.608 0.033
4538.75599 18.616 0.032
4538.76753 18.614 0.034
4539.71258 18.917 0.030
4539.72386 18.881 0.029
4540.69359 18.603 0.027
4540.70485 18.611 0.026
4540.71614 18.566 0.026
4541.67026 18.613 0.024
4541.68155 18.563 0.025
4541.69288 18.571 0.025
4541.70452 18.573 0.025
4542.69811 18.663 0.029
4542.70937 18.796 0.034
4542.72068 18.942 0.039
4542.73280 18.990 0.042
4542.74405 18.990 0.046
4542.75532 19.137 0.048
4543.66544 18.669 0.034
4543.67676 18.601 0.031
4543.68805 18.620 0.032
4543.69971 18.692 0.035
4543.71099 18.607 0.035
4543.72227 18.671 0.036
4543.73855 18.636 0.029
4543.74982 18.492 0.027
4544.65984 18.572 0.039
4544.67114 18.635 0.042
4544.68318 18.641 0.039
4544.69443 18.641 0.034
4544.72385 18.602 0.028
4544.73511 18.633 0.030
4544.74641 18.557 0.030
4545.67290 18.555 0.028
4545.68419 18.653 0.029
4545.69546 18.603 0.028
4545.70696 18.607 0.028
4545.71827 18.643 0.028
4545.72958 18.634 0.030
4546.62411 19.124 0.053
4546.63536 19.008 0.045
4546.64667 19.040 0.052
4546.65820 18.909 0.044
4546.66948 18.879 0.042
4546.68073 18.792 0.046
4546.69225 18.687 0.041
4546.70354 18.683 0.038
4546.71483 18.614 0.039
4546.72650 18.686 0.041
4546.73781 18.631 0.040
4547.66034 18.665 0.037
4547.67161 18.628 0.033
4547.68290 18.610 0.034
4547.69435 18.622 0.036
4547.70564 18.705 0.040
4547.71985 18.582 0.035
4547.73115 18.566 0.038
4548.63745 18.570 0.050
4548.64872 18.563 0.043
4548.65465 18.578 0.047
4548.67803 18.662 0.042
4548.68930 18.466 0.036
4548.70061 18.562 0.032
4548.71230 18.602 0.044
4548.72354 18.669 0.046
4548.73485 18.556 0.036
4549.66476 18.866 0.033
4549.67781 19.048 0.038
4549.68908 18.927 0.075
4549.70035 19.058 0.038
4549.71197 18.745 0.076
4549.72330 18.957 0.062
4550.71021 18.636 0.032
4550.72151 18.714 0.030
4551.65726 18.589 0.027
4551.66855 18.579 0.025
4551.67983 18.564 0.027
4551.69163 18.637 0.030
4551.70290 18.614 0.031
4551.71413 18.711 0.034
4552.63273 18.562 0.027
4552.64462 18.570 0.030
4552.65595 18.566 0.024
4552.66722 18.649 0.026
4552.67867 18.650 0.028
4552.68994 18.640 0.027
4552.70120 18.617 0.026
4552.71278 18.650 0.028
4552.72404 18.752 0.034
4556.64341 19.090 0.034
4556.65503 19.092 0.032
4556.66631 19.153 0.037
4556.67756 19.053 0.032
4556.68885 18.980 0.034
4556.70016 18.959 0.030
4556.71142 18.830 0.028
4557.66008 18.571 0.024
4557.67392 18.641 0.026
4557.68522 18.704 0.029
4557.69649 18.696 0.031
4557.70777 18.617 0.028
4557.71906 18.600 0.027
4557.73110 18.540 0.026
4558.66414 18.596 0.023
4558.67588 18.613 0.022
4558.68715 18.600 0.022
4558.69840 18.603 0.022
4558.70964 18.621 0.021
4559.65000 18.609 0.023
4559.66274 18.669 0.025
4559.67403 18.695 0.026
4559.68526 18.719 0.027
4559.69657 18.835 0.028
4559.70788 18.927 0.032
4560.64032 18.630 0.025
4560.65194 18.586 0.031
4560.66321 18.674 0.026
4560.67885 18.624 0.024
4560.69017 18.609 0.023
4560.70146 18.715 0.027
4561.61838 18.699 0.027
4561.63007 18.637 0.027
4561.64138 18.575 0.024
4561.65263 18.543 0.024
4564.59704 18.550 0.032
4564.60917 18.587 0.028
4564.62044 18.711 0.030
4564.63172 18.574 0.027
4564.64296 18.625 0.029
4565.64350 18.657 0.023
4566.58362 18.653 0.025
4566.59566 18.614 0.025
4566.60691 18.658 0.024
4566.61820 18.734 0.025
4566.62946 18.757 0.026
4566.64075 18.790 0.026
4567.64078 18.564 0.026
4567.65207 18.620 0.026
4567.66335 18.538 0.025
4567.67464 18.627 0.027
4568.61605 18.579 0.024
4568.62773 18.552 0.023
4568.63904 18.576 0.024
4569.59517 18.493 0.032
4569.60866 18.569 0.029
4569.61997 18.643 0.030
4569.63127 18.687 0.033
4569.64436 18.616 0.032
4571.58128 18.580 0.031
4571.59324 18.478 0.030
4571.60453 18.529 0.031
4571.61581 18.645 0.034
4571.62711 18.591 0.030
4572.57307 18.491 0.029
4572.58434 18.606 0.036
4572.59559 18.603 0.036
4572.61229 18.578 0.034
4572.62355 18.595 0.034
4572.63483 18.693 0.036
4573.59702 18.786 0.034
4573.60832 18.862 0.040
4573.61954 19.024 0.056
4573.63115 19.079 0.046
4573.64245 19.091 0.048
4573.65373 19.116 0.051
4574.57364 18.518 0.027
4574.58495 18.547 0.027
4574.59626 18.586 0.029
4574.60782 18.660 0.030
4574.61907 18.543 0.029
4574.63030 18.601 0.030
4574.64181 18.618 0.032
4574.65308 18.556 0.029
4574.66439 18.603 0.031
4574.67599 18.597 0.032
4574.68726 18.571 0.030
4574.69851 18.583 0.033
4575.57485 18.561 0.029
4575.58614 18.655 0.032
4575.59745 18.537 0.031
4575.60900 18.568 0.031
4575.62028 18.587 0.031
4575.63158 18.569 0.030
4575.64826 18.661 0.031
4575.65949 18.585 0.030
4576.54599 18.535 0.035
4576.55726 18.627 0.038
4576.56858 18.720 0.041
4576.58002 18.623 0.040
4576.59133 18.681 0.040
4576.60256 18.568 0.036
4576.61403 18.604 0.037
4576.62534 18.558 0.036
4576.63656 18.747 0.043
4576.64809 18.673 0.041
4576.65940 18.752 0.045
4576.67067 18.780 0.044
4576.68233 18.716 0.042
4576.69361 19.034 0.059
4576.70489 18.822 0.047
4577.54922 18.870 0.056
4579.55208 18.605 0.033
4579.56337 18.593 0.035
4579.57464 18.592 0.033
4579.58615 18.626 0.034
4579.59749 18.559 0.031
4579.60878 18.623 0.034
4579.62029 18.570 0.029
4579.63159 18.616 0.029
4579.64288 18.632 0.031
4579.65441 18.549 0.030
4580.57005 19.055 0.044
4580.58207 19.093 0.049
4580.59337 19.234 0.065
4580.60468 19.041 0.041
4580.61616 19.088 0.043
4580.62745 18.959 0.037
4580.63873 18.875 0.036
4580.65023 18.857 0.034
4580.66153 18.705 0.035
4580.67288 18.720 0.034
4581.53606 18.555 0.027
4581.54737 18.575 0.023
4581.55868 18.494 0.025
4581.57014 18.674 0.029
4581.58139 18.588 0.026
4581.59266 18.528 0.026
4581.60432 18.604 0.025
4581.61558 18.519 0.024
4581.62685 18.634 0.028
4581.63851 18.572 0.025
4581.64981 18.602 0.025
4581.66110 18.601 0.025
4581.67379 18.600 0.026
4581.68509 18.615 0.031
4582.54169 18.619 0.044
4582.55298 18.587 0.041
4582.56425 18.496 0.041
4582.57580 18.586 0.038
4582.58710 18.700 0.049
4582.59836 18.542 0.035
4582.61365 18.599 0.036
4582.62496 18.566 0.032
4582.63623 18.526 0.033
4582.64787 18.561 0.029
4582.65918 18.570 0.034
4582.67048 18.594 0.034
4582.68225 18.631 0.032
4582.69351 18.676 0.035
4582.70482 18.669 0.041
4582.71643 18.536 0.030
4582.72773 18.624 0.035
4582.73901 18.568 0.034
4582.75072 18.581 0.035
4582.76200 18.594 0.036
4583.52527 18.574 0.031
4583.53655 18.548 0.031
4583.54787 18.698 0.036
4583.55935 18.701 0.033
4583.57061 18.689 0.035
4583.58189 18.705 0.033
4583.59342 18.681 0.036
4583.60468 18.671 0.034
4583.61599 18.784 0.045
4583.62767 18.899 0.048
4583.63895 18.911 0.049
4585.53293 18.605 0.044
4585.54425 18.619 0.042
4585.55554 18.634 0.039
4585.56723 18.725 0.036
4585.57854 18.619 0.033
4585.58984 18.679 0.031
4585.61582 18.678 0.041
4585.63069 18.612 0.037
4585.64198 18.637 0.034
4586.56729 18.589 0.041
4586.58240 18.640 0.035
4586.59369 18.529 0.033
4587.56082 18.984 0.052
4587.57212 18.971 0.048
4587.58339 18.920 0.045
4588.54913 18.564 0.027
4588.56042 18.634 0.029
4588.57171 18.571 0.028
4588.58322 18.594 0.028
4589.52010 18.603 0.037
4589.53140 18.562 0.031
4589.54266 18.608 0.033
4589.55610 18.665 0.031
4589.56739 18.624 0.028
4589.57871 18.537 0.028
4590.51319 18.756 0.050
4590.52445 18.603 0.038
4590.53576 18.654 0.044
4590.54838 18.768 0.039
4590.55967 18.719 0.032
4590.57097 18.900 0.039
4591.55115 18.601 0.029
4591.56249 18.619 0.029
4591.57374 18.570 0.028
4592.56458 18.561 0.031
4592.57588 18.547 0.030
4593.52242 18.615 0.033
4593.53371 18.595 0.033
4593.54498 18.637 0.033
4593.55650 18.659 0.033
4593.56779 18.609 0.033
4593.57908 18.555 0.034
4594.54400 18.753 0.041
4594.55523 18.635 0.036
4594.56653 18.704 0.039
4594.58159 18.630 0.032
4594.59286 18.570 0.030
4594.60415 18.675 0.035
4594.61867 18.676 0.034
4595.55228 18.543 0.026
4595.56357 18.551 0.026
4595.57487 18.648 0.029
4595.59995 18.518 0.029
4595.61126 18.630 0.033
4595.62253 18.594 0.031
4596.55977 18.568 0.031
4596.57101 18.541 0.028
4596.58229 18.626 0.030
4596.59389 18.625 0.028
4596.60515 18.639 0.027
4597.56436 19.046 0.041
4597.57565 19.065 0.043
4597.58695 19.100 0.052
4597.60623 19.014 0.047
4598.49942 18.512 0.027
4598.51072 18.577 0.034
4598.52200 18.568 0.027
4598.53364 18.676 0.027
4598.54493 18.542 0.023
4598.55617 18.575 0.024
4598.56853 18.670 0.024
4598.57984 18.540 0.021
4598.59114 18.643 0.023
4598.60260 18.559 0.022
4599.51570 18.570 0.037
4599.52698 18.602 0.038
4599.53829 18.584 0.037
4599.54986 18.623 0.036
4599.56120 18.644 0.035
4599.57245 18.610 0.034
4599.58394 18.660 0.041
4599.59522 18.597 0.037
4600.56727 18.611 0.027
4600.57860 18.585 0.024
4600.58987 18.674 0.026
4601.54585 18.612 0.040
4601.55711 18.561 0.036
4601.56840 18.672 0.036
4601.57984 18.600 0.039
4601.59117 18.614 0.040
4601.60242 18.638 0.039
4602.47760 18.601 0.035
4602.48887 18.626 0.033
4602.50016 18.575 0.034
4602.51175 18.571 0.032
4602.52303 18.639 0.030
4602.53431 18.617 0.033
4602.54578 18.499 0.030
4602.55705 18.621 0.032
4602.56833 18.657 0.039
4602.57978 18.571 0.043
4602.59461 18.647 0.030
4606.53153 18.668 0.039
4606.54280 18.555 0.041
4606.55407 18.582 0.041
4606.56571 18.525 0.035
4606.57698 18.620 0.037
4607.50207 18.545 0.028
4607.51338 18.669 0.034
4607.52466 18.638 0.031
4607.53627 18.755 0.039
4607.54754 18.671 0.045
4607.55881 18.851 0.044
4607.57273 18.850 0.042
4607.58401 19.115 0.055
4607.59530 19.171 0.068
4607.60687 19.139 0.062
4607.61818 19.118 0.067
4607.62945 19.098 0.062
4607.64151 18.925 0.050
4607.65281 18.927 0.042
4609.54418 18.700 0.039
4609.55697 18.555 0.033
4609.56827 18.632 0.037
4609.57956 18.657 0.038
4609.59390 18.588 0.035
4609.60973 18.562 0.033
4609.62104 18.624 0.038
4609.63232 18.680 0.043
4609.64870 18.493 0.037
4609.65999 18.522 0.042
4609.67127 18.615 0.045
4609.68282 18.687 0.042
4609.69413 18.565 0.037
4609.70541 18.580 0.037
4610.54329 18.640 0.030
4610.55456 18.643 0.030
4610.56583 18.657 0.038
4610.57808 18.647 0.036
4610.58935 18.632 0.036
4610.60062 18.663 0.039
4610.61803 18.679 0.039
4610.62930 18.693 0.034
4610.64060 18.715 0.036
4610.65225 18.850 0.047
4610.66355 18.814 0.043
4610.67491 18.939 0.047
4611.51217 18.877 0.044
4611.52347 18.861 0.049
4611.53474 18.814 0.046
4611.55112 18.649 0.042
4611.56242 18.695 0.040
4611.57368 18.564 0.036
4616.53515 18.609 0.033
4616.54644 18.565 0.040
4616.55774 18.585 0.030
4618.52279 18.646 0.036
4618.53409 18.691 0.040
4618.54536 18.671 0.036
4618.55716 18.503 0.033
4618.56847 18.590 0.037
4624.45562 18.622 0.045
4624.48486 18.700 0.047
4624.49737 18.745 0.048
4624.50880 18.662 0.044
4626.46183 18.636 0.046
4626.50458 18.527 0.033
4626.51629 18.638 0.042
4626.52893 18.517 0.039
4626.54069 18.601 0.034
4627.46598 18.579 0.028
4627.47792 18.593 0.027
4627.49512 18.559 0.027
4628.46491 19.169 0.061
4629.45610 18.586 0.038
4629.46774 18.640 0.040
4629.47952 18.603 0.045
4629.49199 18.651 0.044
4630.47079 18.587 0.030
4630.49519 18.532 0.031
4630.50647 18.600 0.035
4631.47606 18.727 0.035
4631.49016 18.739 0.033
4631.50189 18.924 0.038
4631.51314 18.864 0.035
4632.46595 18.556 0.043
4632.47728 18.515 0.045
4632.48859 18.534 0.036
4632.50104 18.699 0.047
4633.48633 18.542 0.030
4633.49762 18.505 0.034
4633.51011 18.647 0.035
