3782.78314 18.198 0.025
3783.68859 18.137 0.026
3783.69994 18.159 0.024
3783.71130 18.122 0.023
3783.72270 18.136 0.025
3783.73401 18.146 0.026
3783.74537 18.138 0.025
3783.75914 18.132 0.024
3783.77054 18.166 0.026
3783.78193 18.110 0.024
3783.79595 18.177 0.026
3783.80733 18.130 0.024
3783.81869 18.121 0.024
3783.83006 18.159 0.024
3783.84139 18.109 0.024
3784.67614 18.143 0.025
3784.68747 18.140 0.025
3784.69882 18.153 0.027
3784.71035 18.096 0.024
3784.72172 18.161 0.024
3784.73304 18.165 0.024
3784.74627 18.122 0.023
3784.75761 18.127 0.025
3784.76892 18.173 0.024
3784.78025 18.154 0.024
3784.79282 18.131 0.025
3784.80420 18.191 0.027
3784.81558 18.185 0.026
3784.82695 18.225 0.027
3784.83825 18.201 0.031
3785.64764 18.173 0.025
3785.65905 18.150 0.025
3785.67041 18.105 0.023
3785.68181 18.120 0.024
3785.69316 18.097 0.024
3785.70449 18.191 0.024
3785.71614 18.116 0.025
3785.72754 18.155 0.024
3785.73890 18.168 0.025
3785.75026 18.104 0.025
3785.76217 18.209 0.027
3785.77355 18.126 0.025
3785.78492 18.125 0.026
3785.79629 18.110 0.025
3785.80762 18.160 0.026
3785.81943 18.160 0.026
3785.83089 18.207 0.027
3786.63235 18.200 0.026
3786.64371 18.246 0.028
3786.65505 18.243 0.028
3786.66652 18.220 0.027
3786.67802 18.246 0.027
3786.68941 18.210 0.025
3786.70080 18.214 0.025
3786.71220 18.176 0.024
3786.72356 18.178 0.024
3786.73608 18.189 0.024
3786.74744 18.135 0.022
3786.75877 18.134 0.023
3786.77013 18.113 0.022
3786.78210 18.161 0.023
3786.79350 18.114 0.023
3786.80486 18.115 0.024
3786.81629 18.117 0.026
3786.82764 18.100 0.026
3787.63599 18.162 0.025
3787.65343 18.123 0.024
3787.66506 18.149 0.024
3787.67645 18.143 0.024
3787.68778 18.086 0.023
3787.69913 18.120 0.026
3787.71049 18.122 0.026
3787.72184 18.087 0.024
3787.73394 18.168 0.038
3787.74573 18.150 0.023
3787.75708 18.144 0.029
3787.76839 18.130 0.023
3787.77972 18.110 0.024
3787.79110 18.126 0.023
3787.80355 18.125 0.023
3787.81498 18.199 0.024
3787.82642 18.125 0.026
3788.63316 18.147 0.022
3788.64451 18.175 0.022
3788.65585 18.121 0.023
3788.67258 18.072 0.022
3788.68391 18.147 0.024
3788.69526 18.154 0.025
3788.70663 18.124 0.022
3788.71800 18.183 0.024
3788.72936 18.142 0.023
3788.74101 18.170 0.023
3788.75238 18.140 0.024
3788.76373 18.132 0.025
3788.77697 18.116 0.026
3788.78832 18.215 0.026
3788.79971 18.127 0.024
3788.81106 18.146 0.031
3788.82243 18.151 0.024
3789.64407 18.132 0.022
3789.65542 18.143 0.022
3789.66696 18.118 0.021
3789.67828 18.166 0.022
3789.68962 18.135 0.022
3789.70132 18.164 0.021
3789.71271 18.108 0.021
3789.72408 18.133 0.020
3789.73544 18.126 0.020
3789.74679 18.144 0.021
3789.75818 18.132 0.021
3789.77022 18.148 0.022
3789.78161 18.166 0.022
3789.79300 18.152 0.020
3789.80469 18.171 0.022
3789.81609 18.145 0.023
3789.82746 18.097 0.024
3789.84104 18.153 0.024
3789.85234 18.132 0.025
3789.86373 18.136 0.026
3789.87513 18.106 0.025
3789.89154 18.174 0.026
3789.90289 18.093 0.029
3790.61470 18.187 0.030
3790.62601 18.182 0.036
3790.63732 18.117 0.025
3790.64893 18.104 0.024
3790.66027 18.072 0.022
3790.67159 18.140 0.023
3790.68297 18.121 0.024
3790.69433 18.129 0.025
3790.70563 18.130 0.023
3790.71739 18.102 0.021
3790.72931 18.117 0.022
3790.74065 18.210 0.034
3790.75197 18.186 0.035
3790.76332 18.154 0.035
3790.77471 18.153 0.026
3790.78599 18.113 0.024
3790.79760 18.128 0.026
3790.80897 18.178 0.027
3790.82031 18.158 0.024
3791.62561 18.128 0.025
3791.63697 18.111 0.024
3791.64833 18.117 0.023
3791.65972 18.167 0.025
3791.67107 18.151 0.025
3791.68242 18.169 0.025
3791.69392 18.136 0.024
3791.70538 18.109 0.023
3791.71678 18.167 0.024
3791.72815 18.150 0.025
3791.73951 18.257 0.041
3791.75081 18.138 0.033
3791.76237 18.087 0.027
3791.77374 18.133 0.025
3791.78512 18.158 0.026
3791.79645 18.158 0.029
3791.80884 18.130 0.025
3791.82019 18.218 0.032
3792.61146 18.131 0.027
3792.62278 18.147 0.025
3792.63565 18.133 0.025
3792.64700 18.102 0.024
3792.65837 18.167 0.028
3792.66977 18.142 0.026
3792.68109 18.105 0.024
3792.69273 18.077 0.027
3792.70426 18.274 0.051
3792.71572 18.178 0.039
3792.72709 18.139 0.031
3792.73852 18.196 0.027
3792.74987 18.100 0.024
3792.76124 18.090 0.027
3792.77293 18.114 0.032
3792.78431 18.132 0.027
3792.79565 18.082 0.029
3792.80703 18.071 0.040
3792.81843 18.267 0.026
3792.82981 18.119 0.024
3792.84254 18.008 0.022
3792.85489 18.138 0.034
3793.60521 18.266 0.027
3793.61660 18.259 0.026
3793.62792 18.238 0.026
3793.63962 18.238 0.027
3793.65097 18.242 0.027
3793.66229 18.301 0.028
3793.67362 18.242 0.025
3793.68498 18.276 0.027
3793.69652 18.195 0.025
3793.70787 18.148 0.024
3793.71926 18.216 0.043
3793.73059 18.156 0.025
3793.74194 18.243 0.027
3793.75331 18.184 0.026
3793.76552 18.148 0.029
3793.77689 18.129 0.053
3793.78831 18.164 0.054
3793.80249 18.145 0.029
3793.81382 18.126 0.025
3794.60562 18.150 0.027
3794.61696 18.139 0.027
3794.62833 18.116 0.026
3794.63973 18.148 0.024
3794.65110 18.120 0.024
3794.66246 18.177 0.024
3794.67419 18.083 0.034
3794.68571 18.167 0.023
3794.69707 18.110 0.023
3794.70844 18.149 0.023
3794.71977 18.108 0.021
3794.73158 18.118 0.021
3794.74291 18.175 0.022
3794.75528 18.097 0.022
3794.76666 18.156 0.022
3794.77805 18.153 0.023
3794.78939 18.179 0.025
3794.80073 18.132 0.024
3794.81210 18.145 0.026
3795.59777 18.116 0.029
3795.60914 18.187 0.031
3795.62047 18.125 0.031
3795.63184 18.165 0.030
3795.64320 18.182 0.032
3795.65449 18.134 0.033
3795.66624 18.156 0.025
3795.67761 18.159 0.025
3795.68896 18.133 0.026
3795.70028 18.102 0.026
3795.71167 18.128 0.031
3795.72308 18.180 0.031
3795.73738 18.111 0.025
3795.74874 18.168 0.026
3795.76010 18.121 0.025
3795.77150 18.104 0.024
3795.78287 18.139 0.024
3795.79422 18.135 0.025
3795.80574 18.161 0.026
3796.60516 18.152 0.025
3796.61650 18.100 0.024
3796.62789 18.166 0.025
3796.63922 18.090 0.026
3796.65055 18.139 0.024
3796.66191 18.077 0.023
3796.67366 18.162 0.026
3796.68520 18.122 0.025
3796.69657 18.173 0.033
3796.70796 18.099 0.023
3796.72045 18.091 0.023
3796.73179 18.102 0.023
3796.74317 18.096 0.024
3796.75457 18.151 0.025
3796.76591 18.138 0.023
3796.77727 18.170 0.022
3796.78901 18.134 0.022
3796.80036 18.125 0.021
3796.81170 18.145 0.023
3797.59752 18.116 0.025
3797.60886 18.106 0.023
3797.62020 18.133 0.023
3797.63152 18.125 0.023
3797.64284 18.131 0.021
3797.65422 18.124 0.021
3797.66599 18.127 0.021
3797.67738 18.137 0.021
3797.68877 18.157 0.021
3797.70010 18.120 0.022
3797.71141 18.114 0.025
3797.72280 18.189 0.022
3797.73460 18.118 0.026
3797.74597 18.116 0.024
3797.75730 18.118 0.034
3797.76862 18.125 0.025
3797.77994 18.151 0.025
3797.79130 18.114 0.025
3798.59822 18.124 0.022
3798.60958 18.144 0.022
3798.62091 18.154 0.022
3798.63229 18.111 0.020
3798.64363 18.178 0.021
3798.65500 18.136 0.021
3798.66662 18.116 0.021
3798.67802 18.146 0.023
3798.68940 18.140 0.025
3798.70074 18.147 0.022
3798.71210 18.128 0.021
3798.72347 18.173 0.020
3798.73503 18.129 0.021
3798.74641 18.109 0.019
3798.75775 18.108 0.020
3798.76910 18.196 0.022
3798.78050 18.152 0.023
3799.64032 18.134 0.032
3799.65167 18.108 0.026
3799.66302 18.136 0.029
3799.67437 18.129 0.026
3799.68570 18.155 0.027
3799.69704 18.177 0.029
3799.70837 18.170 0.030
3799.72006 18.122 0.027
3799.73141 18.154 0.026
3799.74274 18.137 0.027
3799.75411 18.088 0.025
3799.76545 18.183 0.029
3799.77681 18.166 0.026
3800.59383 18.204 0.027
3800.60518 18.199 0.034
3800.61660 18.182 0.030
3800.62796 18.305 0.037
3800.64739 18.290 0.050
3800.66600 18.291 0.034
3800.67761 18.283 0.027
3800.68942 18.267 0.030
3800.70094 18.219 0.027
3800.71252 18.214 0.028
3800.72456 18.180 0.024
3800.73687 18.249 0.028
3800.74823 18.223 0.030
3800.75961 18.146 0.026
3800.77098 18.185 0.027
3800.78235 18.081 0.027
3800.79368 18.149 0.030
3801.58334 18.177 0.028
3801.59469 18.119 0.026
3801.60604 18.110 0.023
3801.61741 18.118 0.023
3801.62878 18.127 0.024
3801.64015 18.132 0.023
3801.65188 18.143 0.025
3801.66325 18.133 0.024
3801.67463 18.119 0.022
3801.68595 18.130 0.024
3801.69730 18.115 0.025
3801.70864 18.135 0.026
3801.72029 18.101 0.038
3801.73170 18.169 0.042
3801.74307 18.170 0.030
3801.75449 18.101 0.023
3801.76588 18.158 0.034
3801.77727 18.150 0.034
3802.58746 18.124 0.035
3802.59880 18.115 0.027
3802.61017 18.146 0.026
3802.62157 18.148 0.027
3802.63295 18.153 0.026
3802.64429 18.136 0.026
3802.65587 18.191 0.025
3802.66716 18.127 0.023
3802.67853 18.189 0.025
3802.68983 18.134 0.023
3802.70121 18.147 0.022
3802.71255 18.151 0.022
3802.72418 18.173 0.025
3802.73558 18.139 0.022
3802.74686 18.165 0.022
3802.75822 18.189 0.023
3802.76956 18.088 0.023
3802.78168 18.155 0.023
3803.58143 18.154 0.028
3803.59273 18.116 0.026
3803.60411 18.073 0.025
3803.61550 18.095 0.024
3803.62694 18.080 0.025
3803.63830 18.150 0.026
3803.64990 18.112 0.029
3803.66125 18.147 0.025
3803.67261 18.120 0.026
3803.68398 18.125 0.026
3803.69533 18.148 0.037
3803.70668 18.126 0.030
3803.71834 18.137 0.035
3803.72975 18.237 0.058
3803.74108 18.267 0.040
3803.75246 18.135 0.025
3803.76382 18.169 0.031
3803.77519 18.150 0.027
3804.58084 18.158 0.037
3804.59216 18.128 0.031
3804.60353 18.104 0.032
3804.61486 18.115 0.030
3804.62633 18.158 0.030
3804.63765 18.112 0.032
3804.65075 18.167 0.033
3804.66211 18.203 0.040
3804.67349 18.110 0.029
3804.68491 18.210 0.040
3804.69630 18.096 0.042
3804.70762 18.188 0.027
3804.73515 18.187 0.024
3804.74662 18.136 0.021
3804.75800 18.114 0.024
3804.76937 18.148 0.023
3805.57789 18.111 0.027
3805.58929 18.153 0.027
3805.60060 18.161 0.024
3805.61191 18.169 0.024
3805.62328 18.124 0.023
3805.63462 18.148 0.023
3805.64624 18.167 0.022
3805.65757 18.147 0.022
3805.66898 18.157 0.022
3805.68037 18.115 0.021
3805.69169 18.175 0.023
3805.70304 18.197 0.035
3805.71501 18.123 0.024
3805.72634 18.110 0.031
3805.73773 18.197 0.034
3805.74912 18.103 0.024
3805.76051 18.132 0.027
3805.77189 18.157 0.037
3806.58355 18.210 0.036
3806.59497 18.219 0.033
3806.60635 18.121 0.026
3806.61768 18.127 0.025
3806.62903 18.134 0.024
3806.64040 18.127 0.023
3806.65179 18.118 0.023
3806.66804 18.113 0.024
3806.67944 18.167 0.025
3806.69079 18.141 0.024
3806.70217 18.097 0.023
3806.71350 18.115 0.024
3806.72489 18.170 0.028
3806.73666 18.096 0.025
3806.74802 18.128 0.034
3806.75942 18.122 0.024
3807.56620 18.076 0.035
3807.57753 18.139 0.035
3807.59369 18.165 0.033
3807.60505 18.259 0.033
3807.61641 18.265 0.033
3807.62780 18.240 0.042
3807.63918 18.219 0.041
3807.65050 18.204 0.037
3807.66212 18.256 0.036
3807.67343 18.283 0.032
3807.68480 18.217 0.029
3807.69614 18.228 0.034
3807.70750 18.185 0.034
3807.71887 18.241 0.035
3807.73051 18.224 0.033
3807.74190 18.214 0.039
3807.75321 18.160 0.033
3807.76455 18.185 0.036
3808.56152 18.189 0.033
3808.57291 18.185 0.034
3808.58428 18.110 0.029
3808.59562 18.069 0.026
3808.60705 18.089 0.029
3808.61842 18.117 0.031
3808.63479 18.109 0.025
3808.64616 18.175 0.027
3808.65751 18.156 0.058
3808.66894 18.178 0.043
3808.68357 18.175 0.025
3808.69492 18.152 0.027
3808.70625 18.103 0.027
3808.71755 18.138 0.030
3808.72894 18.192 0.058
3808.74033 18.126 0.043
3809.56453 18.173 0.043
3809.57594 18.075 0.034
3809.58734 18.082 0.031
3809.59873 18.077 0.034
3809.61007 18.130 0.032
3809.62145 18.187 0.036
3809.63306 18.098 0.032
3809.64437 18.129 0.033
3809.65571 18.158 0.030
3809.66707 18.204 0.064
3809.67846 18.150 0.037
3809.68980 18.166 0.034
3809.70141 18.175 0.031
3809.71276 18.164 0.033
3809.72413 18.133 0.052
3809.73549 18.177 0.037
3809.74688 18.161 0.033
3809.75822 18.148 0.032
3810.56969 18.172 0.035
3810.58099 18.105 0.032
3810.59234 18.173 0.035
3810.60368 18.110 0.037
3810.61504 18.146 0.032
3810.62643 18.098 0.029
3810.63886 18.118 0.031
3810.65025 18.235 0.036
3810.66159 18.090 0.029
3810.67297 18.119 0.027
3810.68433 18.158 0.034
3810.69567 18.143 0.035
3810.70718 18.167 0.035
3810.71864 18.144 0.031
3810.72998 18.188 0.031
3810.74134 18.156 0.027
3810.75268 18.103 0.025
3811.55616 18.118 0.033
3811.56749 18.074 0.030
3811.57891 18.107 0.029
3811.59026 18.129 0.027
3811.60160 18.081 0.027
3811.61299 18.095 0.028
3811.62686 18.127 0.026
3811.63823 18.149 0.029
3811.64958 18.094 0.033
3811.66098 18.159 0.036
3811.67239 18.183 0.033
3811.68375 18.137 0.029
3811.69530 18.173 0.036
3811.70664 18.060 0.039
3811.71801 18.146 0.028
3811.72937 18.097 0.026
3811.74077 18.149 0.028
3811.75215 18.165 0.029
3812.55665 18.163 0.027
3812.56797 18.147 0.027
3812.57935 18.158 0.027
3812.59074 18.150 0.025
3812.60208 18.112 0.023
3812.61340 18.134 0.023
3812.62492 18.128 0.024
3812.63628 18.066 0.024
3812.64764 18.175 0.025
3812.65897 18.188 0.025
3812.67034 18.181 0.027
3812.68174 18.169 0.025
3812.69336 18.142 0.023
3812.70475 18.120 0.024
3812.71614 18.190 0.025
3812.72756 18.138 0.024
3812.73894 18.136 0.025
3812.75029 18.140 0.024
3813.55496 18.147 0.027
3813.56633 18.130 0.026
3813.57772 18.122 0.026
3813.58907 18.147 0.025
3813.60043 18.124 0.024
3813.61176 18.151 0.024
3813.62335 18.146 0.023
3813.63469 18.086 0.022
3813.64603 18.115 0.022
3813.65740 18.134 0.023
3813.66876 18.159 0.022
3813.68007 18.143 0.023
3813.69168 18.110 0.031
3813.70302 18.183 0.029
3813.71440 18.133 0.023
3813.72573 18.195 0.027
3813.73708 18.116 0.023
3813.74846 18.140 0.024
3814.54819 18.133 0.025
3814.55955 18.157 0.028
3814.57088 18.072 0.027
3814.58222 18.080 0.026
3814.59359 18.177 0.027
3814.60496 18.178 0.027
3814.62560 18.163 0.025
3814.63691 18.166 0.027
3814.64828 18.228 0.028
3814.65969 18.205 0.029
3814.67108 18.218 0.029
3814.68243 18.281 0.032
3814.69397 18.285 0.033
3814.70532 18.284 0.032
3814.71665 18.284 0.033
3814.72798 18.195 0.028
3814.73936 18.145 0.026
3815.54618 18.218 0.030
3815.55755 18.107 0.027
3815.56888 18.116 0.027
3815.58021 18.116 0.027
3815.59159 18.111 0.025
3815.60293 18.116 0.025
3815.61455 18.148 0.024
3815.62587 18.207 0.025
3815.63718 18.136 0.026
3815.64853 18.138 0.024
3815.65989 18.146 0.027
3815.67123 18.089 0.036
3815.68293 18.101 0.024
3815.69424 18.198 0.026
3815.70559 18.120 0.024
3815.71693 18.229 0.036
3815.72828 18.134 0.037
3815.73969 18.132 0.024
3816.54756 18.146 0.028
3816.55891 18.126 0.032
3816.57030 18.143 0.029
3816.58167 18.079 0.026
3816.59299 18.074 0.025
3816.60437 18.055 0.027
3816.61624 18.185 0.032
3816.62759 18.157 0.029
3816.63893 18.100 0.030
3816.65023 18.134 0.029
3816.66159 18.127 0.028
3816.67298 18.148 0.029
3816.68456 18.091 0.027
3816.69594 18.142 0.029
3816.70727 18.165 0.026
3816.71864 18.158 0.027
3816.72998 18.169 0.026
3816.74141 18.138 0.024
3816.75297 18.105 0.022
3816.76435 18.157 0.024
3816.77565 18.145 0.024
3816.78702 18.144 0.024
3816.79842 18.152 0.025
3816.83724 18.150 0.028
3816.84862 18.109 0.029
3816.86047 18.151 0.031
3816.87217 18.120 0.035
3817.54584 18.142 0.033
3817.55977 18.127 0.035
3817.57590 18.142 0.030
3817.58756 18.066 0.026
3817.59885 18.128 0.026
3817.61022 18.086 0.025
3817.62186 18.173 0.031
3817.63325 18.132 0.032
3817.64464 18.150 0.034
3817.65626 18.159 0.045
3817.66765 18.151 0.027
3817.67906 18.146 0.024
3817.69073 18.144 0.023
3817.70211 18.117 0.024
3817.71346 18.117 0.027
3817.72617 18.095 0.033
3817.73755 18.106 0.035
3817.74896 18.133 0.022
3817.76117 18.105 0.023
3817.77283 18.219 0.032
3817.78437 18.119 0.022
3818.54721 18.143 0.035
3818.55900 18.176 0.031
3818.57075 18.070 0.030
3818.58257 18.149 0.028
3818.59399 18.105 0.027
3818.60538 18.099 0.026
3818.61676 18.095 0.026
3818.62814 18.112 0.024
3818.63946 18.147 0.027
3818.65203 18.117 0.026
3818.66338 18.194 0.027
3818.67477 18.085 0.039
3818.68615 18.109 0.035
3818.69749 18.164 0.022
3818.70895 18.102 0.021
3818.72060 18.128 0.022
3818.73221 18.165 0.027
3818.74397 18.103 0.021
3819.53628 18.165 0.025
3819.54805 18.101 0.023
3819.56237 18.081 0.024
3819.57421 18.142 0.024
3819.58556 18.159 0.025
3819.59695 18.160 0.024
3819.60834 18.147 0.022
3819.61967 18.168 0.024
3819.63099 18.163 0.022
3819.64333 18.087 0.021
3819.65467 18.110 0.020
3819.66600 18.167 0.022
3819.67736 18.128 0.020
3819.68879 18.172 0.021
3819.70015 18.187 0.032
3819.71188 18.156 0.025
3819.72325 18.128 0.020
3819.73500 18.172 0.020
3819.74687 18.150 0.024
3820.53778 18.114 0.028
3820.54947 18.097 0.025
3820.56120 18.175 0.028
3820.57254 18.180 0.027
3820.58386 18.161 0.030
3820.59520 18.133 0.026
3820.60657 18.138 0.027
3820.61796 18.097 0.024
3820.62968 18.156 0.025
3820.64108 18.153 0.025
3820.65241 18.158 0.024
3820.66377 18.137 0.023
3820.67514 18.106 0.023
3820.68652 18.135 0.023
3820.69864 18.106 0.022
3820.70997 18.101 0.021
3820.72135 18.086 0.021
3820.73270 18.121 0.020
3821.52810 18.107 0.022
3821.54636 18.093 0.022
3821.55817 18.087 0.023
3821.56957 18.158 0.023
3821.58095 18.145 0.022
3821.59270 18.110 0.020
3821.60407 18.145 0.020
3821.61542 18.191 0.021
3821.62713 18.202 0.021
3821.63843 18.230 0.022
3821.64976 18.195 0.021
3821.66560 18.230 0.020
3821.67690 18.209 0.021
3821.68825 18.232 0.022
3821.70005 18.206 0.022
3821.71141 18.228 0.021
3821.72273 18.227 0.021
3821.73450 18.192 0.021
3822.54081 18.183 0.032
3822.55262 18.130 0.028
3822.56432 18.146 0.028
3822.57607 18.058 0.025
3822.58810 18.118 0.025
3822.59976 18.107 0.025
3822.61113 18.168 0.028
3822.62252 18.095 0.027
3822.63427 18.115 0.034
3822.65037 18.081 0.035
3822.66299 18.171 0.029
3822.67481 18.115 0.028
3822.68615 18.104 0.027
3822.69751 18.151 0.029
3822.70887 18.114 0.028
3822.72073 18.147 0.026
3822.73206 18.130 0.026
3823.53919 18.210 0.028
3823.55434 18.164 0.025
3823.60462 18.102 0.023
3823.61618 18.143 0.024
3823.62756 18.144 0.024
3823.63892 18.165 0.025
3823.65088 18.125 0.025
3823.66285 18.135 0.023
3823.67536 18.109 0.022
3823.68673 18.173 0.023
3823.69800 18.152 0.023
3823.70934 18.157 0.024
3823.72131 18.160 0.022
3823.73264 18.140 0.023
3824.52625 18.145 0.032
3824.53905 18.122 0.034
3824.55513 18.052 0.028
3824.56683 18.071 0.029
3824.57872 18.092 0.026
3824.59078 18.145 0.031
3824.60259 18.202 0.029
3824.61450 18.131 0.030
3824.62584 18.159 0.038
3824.63716 18.173 0.025
3824.64851 18.090 0.026
3824.66031 18.162 0.029
3824.67168 18.077 0.037
3824.68305 18.148 0.022
3824.69439 18.104 0.023
3824.70626 18.080 0.025
3824.71758 18.119 0.024
3824.72895 18.132 0.023
3825.51156 18.161 0.032
3825.52376 18.185 0.034
3825.53553 18.177 0.030
3825.54722 18.057 0.026
3825.55894 18.131 0.027
3825.57027 18.181 0.029
3825.58192 18.190 0.029
3825.59331 18.146 0.028
3825.60502 18.179 0.035
3825.61639 18.104 0.032
3825.62774 18.112 0.031
3825.63935 18.127 0.027
3825.65074 18.187 0.026
3825.66210 18.128 0.026
3825.67474 18.163 0.028
3825.68611 18.174 0.029
3825.76392 18.156 0.032
3826.52120 18.050 0.028
3826.53364 18.139 0.032
3826.54548 18.100 0.030
3826.55731 18.056 0.026
3826.56870 18.080 0.027
3826.58013 18.139 0.028
3826.59147 18.099 0.027
3826.60314 18.103 0.027
3826.61449 18.126 0.024
3826.62586 18.080 0.029
3826.63722 18.200 0.033
3826.64918 18.131 0.024
3826.66052 18.165 0.021
3826.67186 18.124 0.022
3826.68321 18.223 0.035
3826.69509 18.139 0.032
3826.70653 18.189 0.034
3826.71794 18.206 0.038
3827.60729 18.137 0.029
3827.61937 18.046 0.028
3827.63129 18.203 0.034
3827.64581 18.119 0.025
3827.65713 18.156 0.030
3827.66844 18.168 0.028
3827.67981 18.207 0.030
3827.69151 18.157 0.033
3827.70284 18.121 0.026
3827.74419 18.146 0.028
3828.52004 18.202 0.033
3828.53168 18.064 0.028
3828.54394 18.098 0.029
3828.55527 18.104 0.026
3828.56728 18.123 0.026
3828.57860 18.121 0.026
3828.59001 18.193 0.028
3828.60138 18.203 0.028
3828.61275 18.186 0.026
3828.62410 18.168 0.025
3828.63668 18.261 0.027
3828.64806 18.286 0.029
3828.65937 18.244 0.032
3828.67073 18.222 0.029
3828.68210 18.264 0.028
3828.69364 18.201 0.028
3828.70495 18.248 0.025
3828.71628 18.237 0.026
3829.51924 18.188 0.030
3829.53312 18.195 0.027
3829.54506 18.102 0.025
3829.55643 18.082 0.026
3829.56918 18.096 0.022
3829.58057 18.115 0.022
3829.59189 18.157 0.026
3829.60323 18.110 0.023
3829.61458 18.142 0.023
3829.62594 18.157 0.023
3829.63760 18.151 0.024
3829.64900 18.110 0.022
3829.66037 18.110 0.021
3829.67173 18.151 0.022
3829.68318 18.109 0.023
3829.69452 18.168 0.023
3829.71123 18.178 0.022
3830.50904 18.216 0.031
3830.52078 18.234 0.035
3830.53242 18.193 0.028
3830.54380 18.154 0.026
3830.55572 18.189 0.026
3830.56700 18.089 0.023
3830.57836 18.137 0.023
3830.58974 18.131 0.023
3830.60117 18.127 0.023
3830.61249 18.140 0.023
3830.62555 18.114 0.022
3830.63691 18.136 0.023
3830.64823 18.153 0.022
3830.65962 18.157 0.023
3830.67100 18.207 0.023
3830.68542 18.141 0.023
3831.52054 18.182 0.027
3831.53234 18.133 0.026
3831.55186 18.118 0.023
3831.56362 18.125 0.024
3831.57564 18.146 0.024
3831.58909 18.132 0.024
3831.60050 18.125 0.024
3831.61186 18.116 0.025
3831.62322 18.101 0.023
3831.63457 18.132 0.024
3831.64595 18.199 0.026
3831.65799 18.182 0.024
3831.66932 18.146 0.023
3831.68075 18.133 0.022
3832.50930 18.141 0.035
3832.52139 18.214 0.034
3832.53501 18.088 0.028
3832.54690 18.143 0.030
3832.55830 18.139 0.028
3832.56966 18.192 0.038
3832.58587 18.170 0.030
3832.59722 18.168 0.032
3832.60854 18.110 0.027
3832.61989 18.141 0.027
3832.63128 18.176 0.029
3832.64268 18.136 0.027
3832.65731 18.147 0.027
3832.66867 18.094 0.025
3832.68001 18.179 0.026
3833.49199 18.153 0.032
3833.50349 18.154 0.034
3833.51673 18.150 0.031
3833.52907 18.117 0.027
3833.54042 18.158 0.028
3833.55209 18.140 0.027
3833.56344 18.087 0.028
3833.57482 18.101 0.032
3833.58619 18.114 0.027
3833.59752 18.121 0.026
3833.60893 18.143 0.025
3833.62111 18.142 0.024
3833.63245 18.169 0.024
3833.64378 18.111 0.023
3833.65516 18.149 0.027
3833.66658 18.142 0.022
3833.67790 18.186 0.023
3834.48866 18.111 0.035
3834.50001 18.154 0.031
3834.51131 18.103 0.031
3834.53122 18.171 0.030
3834.54750 18.132 0.028
3834.55938 18.186 0.034
3834.57074 18.161 0.029
3834.58206 18.134 0.026
3834.59344 18.144 0.025
3834.60482 18.107 0.023
3834.61617 18.189 0.024
3834.63431 18.109 0.023
3834.64615 18.143 0.024
3834.65750 18.093 0.024
3834.66889 18.101 0.024
3834.68020 18.092 0.024
3835.49789 18.158 0.032
3835.50950 18.172 0.032
3835.52150 18.123 0.031
3835.53678 18.109 0.029
3835.54877 18.204 0.029
3835.56014 18.239 0.035
3835.57148 18.164 0.029
3835.58283 18.109 0.026
3835.59423 18.113 0.024
3835.60560 18.151 0.024
3835.61735 18.182 0.027
3835.62869 18.136 0.025
3835.64006 18.175 0.025
3835.65146 18.206 0.026
3835.66280 18.195 0.025
3835.67417 18.228 0.029
3835.69162 18.261 0.029
3836.49025 18.159 0.033
3836.50188 18.091 0.030
3836.51360 18.131 0.031
3836.52522 18.146 0.028
3836.53653 18.095 0.027
3836.54789 18.139 0.029
3836.55997 18.151 0.028
3836.57135 18.138 0.032
3836.58272 18.117 0.043
3836.59414 18.132 0.026
3836.60546 18.191 0.029
3836.61733 18.116 0.026
3836.62871 18.189 0.030
3836.64003 18.115 0.029
3836.65396 18.100 0.027
3836.66855 18.127 0.032
3836.67987 18.165 0.029
3836.69122 18.081 0.028
3837.49728 18.182 0.033
3837.50901 18.135 0.032
3837.52070 18.154 0.034
3837.53404 18.257 0.036
3837.54826 18.259 0.040
3837.55964 18.150 0.030
3837.57097 18.157 0.030
3837.58234 18.142 0.031
3837.61969 18.120 0.028
3837.63105 18.132 0.029
3837.64244 18.133 0.028
3837.65378 18.148 0.030
3837.66513 18.169 0.032
3837.67653 18.146 0.031
3837.68825 18.113 0.031
3838.49351 18.103 0.039
3838.50530 18.055 0.036
3838.51729 18.152 0.037
3838.52921 18.145 0.037
3838.54083 18.149 0.036
3838.55257 18.122 0.063
3838.56399 18.183 0.035
3838.57533 18.091 0.032
3838.58665 18.086 0.035
3838.59799 18.166 0.034
3838.60938 18.146 0.032
3838.62100 18.133 0.034
3838.63234 18.152 0.032
3838.64372 18.108 0.030
3838.65507 18.096 0.031
3838.66647 18.236 0.042
3838.67784 18.220 0.039
3839.49696 18.160 0.045
3839.50887 18.092 0.037
3839.52057 18.040 0.034
3839.53232 18.137 0.032
3839.54402 18.088 0.036
3839.55535 18.210 0.054
3839.56671 18.183 0.045
3839.58668 18.123 0.036
3839.59867 18.146 0.044
3839.61034 18.078 0.031
3839.62218 18.081 0.034
3839.63397 18.117 0.034
3839.64590 18.082 0.033
3839.65764 18.187 0.031
3839.66896 18.133 0.029
3839.68033 18.113 0.028
3839.69167 18.169 0.031
3840.48951 18.159 0.043
3840.50118 18.205 0.034
3840.51299 18.077 0.027
3840.52488 18.107 0.029
3840.53628 18.143 0.027
3840.54762 18.112 0.033
3840.55901 18.136 0.034
3840.57040 18.090 0.027
3840.58179 18.109 0.027
3840.59335 18.157 0.028
3840.60467 18.118 0.026
3840.61596 18.085 0.028
3840.63053 18.130 0.027
3840.64187 18.125 0.025
3840.65331 18.151 0.030
3840.66464 18.158 0.030
3840.67603 18.119 0.030
3840.68743 18.120 0.036
3841.49467 18.180 0.029
3841.51323 18.110 0.028
3841.52489 18.132 0.028
3841.53672 18.146 0.029
3841.54854 18.121 0.029
3841.56032 18.131 0.028
3841.57169 18.182 0.039
3841.58308 18.112 0.035
3841.59437 18.186 0.026
3841.60565 18.147 0.025
3841.61699 18.155 0.027
3841.62861 18.106 0.025
3841.63993 18.151 0.025
3841.65125 18.097 0.024
3841.66260 18.223 0.027
3841.67400 18.132 0.029
3842.48376 18.126 0.036
3842.49550 18.202 0.037
3842.50737 18.098 0.038
3842.52311 18.072 0.032
3842.53492 18.147 0.038
3842.54675 18.113 0.037
3842.55837 18.149 0.034
3842.56973 18.158 0.041
3842.58107 18.233 0.032
3842.59246 18.207 0.031
3842.60390 18.151 0.033
3842.61528 18.145 0.026
3842.62700 18.151 0.026
3842.63837 18.125 0.026
3842.64969 18.139 0.030
3842.66104 18.194 0.029
3842.67239 18.173 0.027
3842.68377 18.305 0.033
3843.50847 18.184 0.033
3843.52973 18.164 0.029
3843.54148 18.090 0.024
3843.55304 18.137 0.027
3843.56470 18.137 0.028
3843.57657 18.101 0.028
3843.58826 18.203 0.032
3843.60280 18.105 0.027
3843.61443 18.223 0.027
3843.62576 18.156 0.032
3843.64507 18.193 0.037
3843.65716 18.133 0.027
3843.66853 18.108 0.031
3843.68555 18.073 0.025
3843.69721 18.150 0.034
3843.70856 18.142 0.032
3843.72959 18.186 0.037
3843.74097 18.098 0.034
3843.75234 18.125 0.032
3843.76369 18.129 0.032
3843.77504 18.191 0.037
3843.78715 18.098 0.032
3843.79900 18.069 0.031
3844.48220 18.237 0.035
3844.49405 18.315 0.034
3844.50564 18.212 0.029
3844.51733 18.201 0.031
3844.52900 18.206 0.028
3844.54066 18.302 0.045
3844.55707 18.193 0.033
3844.56871 18.219 0.026
3844.58045 18.105 0.026
3844.59177 18.168 0.028
3844.60314 18.122 0.024
3844.61445 18.152 0.024
3844.62583 18.145 0.025
3844.63720 18.206 0.027
3844.64885 18.216 0.032
3844.66026 18.126 0.026
3844.67162 18.157 0.028
3844.68297 18.179 0.030
3844.69434 18.148 0.034
3844.70563 18.181 0.034
3844.71721 18.148 0.034
3844.72865 18.131 0.035
3844.74004 18.193 0.045
3844.75138 18.163 0.055
3844.76277 18.154 0.037
3844.78369 18.289 0.058
3845.48896 18.121 0.028
3845.50063 18.174 0.028
3845.51224 18.082 0.030
3845.52405 18.098 0.027
3845.53665 18.161 0.028
3845.54841 18.116 0.026
3845.55973 18.125 0.026
3845.58077 18.126 0.026
3845.59211 18.140 0.025
3845.60344 18.129 0.024
3845.61477 18.129 0.025
3845.62615 18.158 0.027
3845.63751 18.169 0.032
3845.64916 18.106 0.028
3845.66056 18.155 0.033
3845.67189 18.149 0.029
3846.48639 18.135 0.035
3846.49809 18.121 0.029
3846.51000 18.180 0.030
3846.52310 18.116 0.030
3846.53574 18.192 0.035
3846.54747 18.170 0.030
3846.55882 18.150 0.029
3846.57222 18.087 0.027
3846.58354 18.140 0.028
3846.59491 18.209 0.033
3846.60625 18.094 0.025
3846.61791 18.182 0.025
3846.62930 18.182 0.026
3846.64063 18.138 0.027
3846.65199 18.123 0.027
3846.66337 18.092 0.025
3847.52391 18.203 0.039
3847.53562 18.118 0.035
3847.54717 18.119 0.037
3847.56026 18.117 0.031
3847.65690 18.174 0.033
3847.66863 18.174 0.032
3848.70709 18.183 0.031
3849.48587 18.100 0.034
3849.49771 18.191 0.035
3849.50947 18.105 0.033
3849.52122 18.099 0.030
3849.53306 18.128 0.031
3849.54899 18.168 0.055
3849.56036 18.130 0.027
3849.57169 18.168 0.025
3849.58311 18.108 0.025
3849.59453 18.174 0.025
3849.60582 18.095 0.022
3849.61744 18.176 0.025
3849.62877 18.163 0.026
3849.64016 18.173 0.024
3849.65155 18.196 0.026
3849.66289 18.142 0.022
3850.48009 18.116 0.030
3850.49792 18.111 0.033
3850.50964 18.077 0.034
3850.52095 18.127 0.030
3850.53230 18.220 0.042
3850.54371 18.133 0.026
3850.55504 18.125 0.029
3850.56641 18.178 0.029
3850.57820 18.161 0.026
3850.59255 18.212 0.029
3850.61003 18.123 0.028
3850.62500 18.182 0.027
3850.63791 18.121 0.026
3850.64962 18.136 0.024
3851.47415 18.278 0.045
3851.48592 18.240 0.035
3851.49763 18.224 0.029
3851.50962 18.255 0.030
3851.52138 18.194 0.028
3851.53276 18.222 0.026
3851.54416 18.208 0.024
3851.55551 18.200 0.024
3851.56693 18.177 0.025
3851.57825 18.250 0.026
3851.58996 18.110 0.024
3851.60133 18.154 0.021
3851.61262 18.136 0.024
3851.62404 18.140 0.025
3851.63773 18.137 0.029
3851.65695 18.211 0.043
3852.48271 18.103 0.030
3852.49448 18.134 0.032
3852.50586 18.058 0.030
3852.51729 18.095 0.029
3852.52866 18.117 0.036
3852.54004 18.119 0.031
3852.55140 18.028 0.043
3852.56302 18.120 0.047
3852.57435 18.141 0.033
3852.58571 18.132 0.033
3852.59701 18.137 0.029
3852.60836 18.155 0.033
3852.61968 18.149 0.031
3852.63147 18.091 0.029
3852.64287 18.180 0.029
3852.65421 18.185 0.032
3853.47341 18.138 0.030
3853.48507 18.203 0.030
3853.49807 18.135 0.026
3853.50943 18.158 0.028
3853.52073 18.091 0.027
3853.53209 18.118 0.030
3853.54345 18.162 0.028
3853.55477 18.161 0.026
3853.56649 18.124 0.025
3853.57779 18.109 0.024
3853.58916 18.227 0.027
3853.60050 18.132 0.025
3853.61191 18.163 0.027
3853.62331 18.110 0.023
3853.63491 18.141 0.022
3853.64628 18.056 0.020
3854.49034 18.149 0.037
3854.50590 18.039 0.032
3854.51768 18.135 0.030
3854.52931 18.129 0.028
3854.54073 18.105 0.026
3854.55205 18.230 0.039
3854.56342 18.198 0.037
3854.57678 18.173 0.025
3854.58805 18.206 0.027
3854.59941 18.143 0.027
3854.61072 18.114 0.026
3854.62203 18.162 0.028
3854.64269 18.110 0.032
3855.57160 18.087 0.020
3855.58403 18.230 0.025
3856.50400 18.118 0.026
3856.51681 18.118 0.026
3856.52826 18.056 0.025
3856.53962 18.154 0.027
3856.55093 18.134 0.025
3856.56232 18.144 0.027
3856.57979 18.122 0.050
3856.59111 18.133 0.031
3856.60609 18.133 0.035
3856.62413 18.172 0.030
3856.63587 18.173 0.042
3858.47190 18.220 0.028
3858.48377 18.210 0.027
3858.49723 18.301 0.027
3858.50858 18.258 0.028
3858.51992 18.208 0.026
3858.53131 18.243 0.025
3858.54270 18.199 0.026
3858.55403 18.210 0.026
3858.56565 18.205 0.025
3858.57699 18.179 0.022
3858.58838 18.157 0.022
3858.59974 18.170 0.022
3858.61468 18.162 0.024
3858.64062 18.114 0.021
3859.60987 18.156 0.027
3860.47587 18.119 0.032
3860.48721 18.140 0.031
3860.49866 18.033 0.033
3860.50996 18.229 0.038
3860.52136 18.071 0.030
3860.53270 18.090 0.036
3860.54440 18.075 0.035
3860.55575 18.169 0.037
3860.56712 18.094 0.044
3860.57847 18.219 0.052
3860.59488 18.137 0.049
3860.61114 18.086 0.045
3860.64433 18.140 0.036
3861.46952 18.152 0.035
3861.48087 18.188 0.030
3861.49225 18.121 0.028
3861.50363 18.074 0.028
3861.51498 18.033 0.033
3861.52631 18.131 0.037
3861.54258 18.088 0.029
3861.55393 18.140 0.033
3861.56529 18.116 0.031
3861.57664 18.200 0.033
3861.58794 18.112 0.032
3861.59933 18.117 0.030
3861.61242 18.109 0.027
3861.62379 18.112 0.026
3862.46717 18.155 0.033
3862.47847 18.102 0.034
3862.48985 18.131 0.031
3862.50123 18.136 0.030
3862.51257 18.064 0.028
3862.52394 18.099 0.025
3862.53690 18.155 0.026
3862.54829 18.108 0.025
3862.55962 18.088 0.024
3862.57145 18.134 0.024
3862.58275 18.165 0.024
3862.59419 18.131 0.025
3862.60554 18.084 0.025
3862.61687 18.097 0.025
3863.47905 18.160 0.031
3863.49077 18.202 0.030
3863.50215 18.173 0.030
3863.51406 18.119 0.030
3863.52543 18.122 0.028
3863.53678 18.061 0.026
3863.54814 18.116 0.028
3863.55951 18.130 0.026
3863.57090 18.159 0.030
3863.58380 18.065 0.030
3863.59514 18.176 0.027
3863.60650 18.168 0.027
3863.61786 18.140 0.025
3864.46708 18.143 0.038
3864.47881 18.178 0.032
3864.49012 18.158 0.034
3864.50149 18.144 0.029
3864.51282 18.098 0.028
3864.52421 18.090 0.027
3864.53557 18.137 0.027
3864.54789 18.105 0.025
3864.55921 18.149 0.027
3864.57338 18.114 0.026
3864.58469 18.095 0.027
3864.59602 18.163 0.033
3864.60743 18.062 0.028
3864.61879 18.074 0.029
3865.46711 18.231 0.035
3865.48005 18.237 0.030
3865.49393 18.263 0.032
3865.50525 18.299 0.031
3865.51657 18.206 0.027
3865.52787 18.206 0.027
3865.53925 18.251 0.027
3865.55059 18.217 0.025
3865.56228 18.230 0.025
3865.57363 18.198 0.024
3865.58498 18.200 0.025
3865.59635 18.143 0.024
3865.60771 18.124 0.023
3866.46755 18.119 0.032
3866.48154 18.106 0.034
3866.49415 18.114 0.026
3866.50551 18.144 0.029
3866.51684 18.130 0.027
3866.52814 18.105 0.025
3866.53949 18.180 0.028
3866.55084 18.101 0.027
3866.56408 18.130 0.026
3866.57841 18.099 0.024
3866.59281 18.218 0.028
3866.60781 18.102 0.025
3867.46562 18.191 0.032
3867.47700 18.110 0.033
3867.48875 18.069 0.031
3867.50131 18.110 0.033
3867.51272 18.116 0.029
3867.52405 18.080 0.027
3867.53538 18.142 0.026
3867.54735 18.129 0.029
3867.56662 18.121 0.029
3867.57798 18.148 0.026
3867.58986 18.125 0.027
3867.60159 18.143 0.044
3867.61340 18.134 0.028
3868.46752 18.087 0.025
3868.48163 18.113 0.025
3868.49373 18.119 0.026
3868.50508 18.095 0.025
3868.51642 18.079 0.025
3868.52773 18.070 0.024
3868.53962 18.119 0.028
3868.55098 18.130 0.038
3868.56234 18.127 0.028
3868.57407 18.135 0.034
3868.58605 18.172 0.030
3868.59785 18.167 0.029
3868.60980 18.126 0.029
3869.46726 18.124 0.039
3869.47858 18.052 0.035
3869.49034 18.077 0.035
3869.50168 18.205 0.034
3869.51346 18.087 0.030
3869.52480 18.093 0.030
3869.53616 18.131 0.031
3869.54752 18.121 0.029
3869.55885 18.161 0.029
3869.57020 18.142 0.028
3869.58182 18.081 0.028
3869.59317 18.141 0.029
3869.60494 18.165 0.027
3870.46588 18.193 0.032
3870.48122 18.125 0.032
3870.49258 18.110 0.035
3870.50393 18.169 0.032
3870.51523 18.096 0.028
3870.52807 18.093 0.030
3870.54005 18.145 0.029
3870.55274 18.058 0.029
3870.56417 18.087 0.029
3870.57551 18.153 0.034
3870.58686 18.140 0.031
3870.59884 18.125 0.037
3870.61630 18.075 0.035
3870.63374 18.047 0.037
3870.69878 18.208 0.047
3871.46466 18.129 0.030
3871.47602 18.206 0.034
3871.48739 18.123 0.029
3871.49873 18.117 0.031
3871.51126 18.170 0.032
3871.52264 18.151 0.030
3871.53471 18.189 0.030
3871.54726 18.116 0.026
3871.55863 18.154 0.026
3871.56995 18.105 0.028
3871.58131 18.130 0.028
3871.59266 18.108 0.026
3871.60552 18.134 0.027
3871.61878 18.151 0.029
3871.63075 18.124 0.028
3871.64207 18.115 0.026
3871.65341 18.121 0.027
3871.66480 18.065 0.031
3871.67613 18.134 0.032
3871.68755 18.180 0.038
3871.70029 18.104 0.040
3871.71216 18.114 0.046
3871.72407 18.133 0.047
3872.46557 18.230 0.028
3872.47693 18.196 0.027
3872.48831 18.204 0.026
3872.50046 18.211 0.027
3872.51307 18.243 0.029
3872.52442 18.216 0.027
3872.53577 18.217 0.027
3872.54707 18.216 0.026
3872.55841 18.219 0.027
3872.57032 18.234 0.025
3872.58164 18.188 0.024
3872.59679 18.188 0.024
3872.60812 18.194 0.025
3872.61945 18.128 0.023
3872.63290 18.135 0.024
3872.64429 18.108 0.026
3872.65620 18.132 0.029
3872.66757 18.183 0.028
3872.67898 18.095 0.026
3872.69032 18.162 0.031
3872.70167 18.125 0.033
3872.71298 18.162 0.036
3872.72534 18.228 0.037
3873.46390 18.150 0.029
3873.47679 18.114 0.026
3873.48814 18.074 0.026
3873.49948 18.086 0.023
3873.51081 18.113 0.027
3873.52266 18.136 0.025
3873.53400 18.105 0.026
3873.54536 18.108 0.024
3873.55670 18.090 0.023
3873.56804 18.136 0.024
3873.57937 18.190 0.027
3873.59099 18.139 0.025
3875.46410 18.094 0.025
3875.47818 18.107 0.025
3875.48953 18.170 0.024
3875.50087 18.120 0.025
3875.51217 18.188 0.026
3875.52621 18.069 0.023
3875.53759 18.138 0.025
3875.54903 18.162 0.023
3875.56037 18.133 0.023
3875.57226 18.129 0.022
3875.58366 18.084 0.022
3876.45926 18.070 0.033
3876.47060 18.140 0.030
3876.48244 18.194 0.029
3876.49377 18.148 0.029
3876.50522 18.143 0.025
3876.51661 18.109 0.024
3876.52796 18.120 0.023
3876.53979 18.101 0.024
3876.55117 18.192 0.026
3876.56257 18.143 0.024
3876.57392 18.126 0.024
3876.58563 18.160 0.023
3877.46157 18.224 0.031
3877.47335 18.090 0.025
3877.48471 18.101 0.025
3877.49600 18.106 0.026
3877.50734 18.144 0.025
3877.51873 18.138 0.024
3877.53051 18.167 0.023
3877.54248 18.103 0.022
3877.55430 18.179 0.023
3877.56573 18.155 0.023
3877.57769 18.149 0.022
3881.46484 18.104 0.024
3881.47618 18.182 0.024
3881.48759 18.168 0.022
3881.49895 18.142 0.021
3881.51027 18.146 0.023
3881.52163 18.120 0.020
3881.53339 18.131 0.022
3881.54472 18.193 0.024
3882.47024 18.150 0.028
3882.48161 18.164 0.029
3882.49303 18.097 0.023
3882.50438 18.226 0.025
3882.51575 18.161 0.026
3882.52710 18.134 0.025
3882.54004 18.073 0.033
3882.55140 18.122 0.029
3883.47495 18.145 0.023
3883.48632 18.080 0.022
3883.49765 18.166 0.022
3883.50899 18.099 0.021
3883.52039 18.155 0.021
3883.53173 18.141 0.027
3883.54355 18.126 0.025
3883.55492 18.168 0.027
3883.56631 18.043 0.027
3886.45426 18.189 0.029
3886.46561 18.229 0.027
3886.47697 18.205 0.028
3886.48834 18.172 0.031
3886.49970 18.256 0.032
3886.51103 18.228 0.029
3886.52275 18.236 0.029
3886.53419 18.297 0.031
3886.54606 18.361 0.029
3887.46183 18.107 0.026
3887.47324 18.179 0.029
3887.48462 18.089 0.027
3887.49596 18.053 0.026
3887.50731 18.131 0.025
3887.51868 18.138 0.025
3887.53031 18.129 0.025
3887.54166 18.190 0.027
3887.55345 18.137 0.023
3890.46654 18.211 0.038
3890.47785 18.098 0.033
3890.48921 18.150 0.035
3890.50059 18.129 0.032
3890.51190 18.128 0.029
3890.52327 18.113 0.031
3890.53521 18.117 0.028
3890.54715 18.129 0.030
3891.45991 18.211 0.032
3891.47123 18.119 0.029
3891.48255 18.180 0.031
3891.49393 18.134 0.027
3891.50534 18.197 0.031
3891.51673 18.182 0.028
3891.52845 18.111 0.025
3892.48273 18.226 0.038
3892.49413 18.162 0.036
3892.50549 18.135 0.034
3892.51683 18.205 0.039
3892.52818 18.183 0.030
3892.53955 18.243 0.033
3896.47336 18.191 0.042
3896.48473 18.160 0.037
3896.49611 18.116 0.031
3896.50747 18.107 0.032
3896.51925 18.192 0.034
3896.53088 18.073 0.031
3900.45961 18.191 0.027
3900.47095 18.187 0.024
3901.45492 18.133 0.028
3901.46627 18.138 0.024
3901.47762 18.150 0.023
3901.48900 18.107 0.025
3902.49066 18.111 0.021
3902.50776 18.064 0.022
3903.47569 18.127 0.025
3903.49580 18.182 0.028
3904.45592 18.074 0.025
3904.47273 18.142 0.022
3904.48411 18.145 0.023
3904.49547 18.121 0.021
3904.50682 18.119 0.030
3905.45291 18.156 0.035
3905.46422 18.077 0.026
3905.47561 18.078 0.024
3905.48700 18.157 0.025
3905.49834 18.184 0.026
3906.45774 18.081 0.033
3906.46908 18.168 0.037
3906.48046 18.156 0.035
3906.49185 18.117 0.034
3907.45728 18.140 0.030
3907.46865 18.161 0.030
3907.47998 18.149 0.032
3908.45328 18.087 0.034
3908.46465 18.094 0.026
3908.47602 18.108 0.024
3908.48737 18.109 0.024
3909.45479 18.101 0.033
3909.46615 18.099 0.028
3909.47756 18.118 0.028
3909.48893 18.128 0.029
3910.45409 18.095 0.032
3912.45279 18.105 0.028
3912.46425 18.173 0.024
3912.47590 18.147 0.022
3913.45721 18.110 0.026
3913.46878 18.154 0.024
3914.49200 18.192 0.031
3916.46270 18.183 0.030
3916.47408 18.130 0.028
3917.47171 18.136 0.026
3919.47003 18.176 0.037
3921.45850 18.151 0.033
4096.79608 18.209 0.023
4096.80728 18.206 0.024
4096.81847 18.268 0.027
4096.82970 18.265 0.026
4096.84708 18.192 0.023
4096.85828 18.257 0.025
4120.83310 18.143 0.020
4120.84424 18.147 0.018
4120.85546 18.133 0.017
4120.86664 18.154 0.017
4120.87777 18.152 0.023
4121.82783 18.108 0.032
4121.83937 18.197 0.033
4121.85052 18.063 0.029
4121.86171 18.151 0.028
4121.87335 18.128 0.030
4122.84183 18.096 0.018
4122.85300 18.121 0.019
4122.86414 18.120 0.019
4122.87532 18.107 0.021
4124.85077 18.225 0.021
4124.86317 18.236 0.020
4124.87472 18.243 0.021
4124.88632 18.248 0.025
4125.80935 18.182 0.029
4125.82102 18.140 0.029
4125.83255 18.265 0.034
4125.84420 18.159 0.033
4125.86397 18.078 0.027
4125.87535 18.103 0.034
4126.80789 18.159 0.022
4126.81932 18.134 0.023
4126.83083 18.097 0.022
4126.84201 18.154 0.022
4126.85315 18.101 0.022
4126.86453 18.099 0.020
4126.87575 18.142 0.024
4126.88693 18.067 0.028
4128.81943 18.133 0.022
4128.83090 18.134 0.019
4128.84210 18.163 0.019
4128.85336 18.098 0.018
4128.86481 18.118 0.020
4128.87595 18.078 0.020
4128.88706 18.109 0.029
4129.81873 18.106 0.019
4129.83037 18.094 0.019
4129.84193 18.153 0.019
4129.85311 18.123 0.022
4129.86425 18.195 0.022
4129.87597 18.142 0.020
4129.88791 18.156 0.029
4141.83452 18.145 0.026
4144.82742 18.145 0.029
4144.84315 18.114 0.029
4144.85438 18.098 0.029
4145.75563 18.139 0.028
4145.77278 18.156 0.027
4145.80850 18.159 0.026
4145.81965 18.183 0.030
4145.83088 18.181 0.035
4145.84209 18.196 0.036
4146.76571 18.134 0.021
4146.77972 18.130 0.024
4146.79088 18.097 0.023
