2695.90398 17.132 0.009
2724.85996 17.038 0.009
2724.87241 17.045 0.008
2724.88627 17.082 0.007
2724.89694 17.139 0.008
2724.90759 17.192 0.009
2725.58408 17.101 0.009
2725.59887 17.080 0.009
2725.61395 17.052 0.009
2725.62868 17.034 0.009
2725.64332 17.015 0.008
2725.65796 17.014 0.007
2725.67263 17.011 0.007
2725.68862 17.002 0.007
2725.69213 17.001 0.007
2725.69565 17.014 0.007
2725.69915 17.012 0.007
2725.70263 17.004 0.007
2726.66226 17.075 0.008
2726.67293 17.136 0.008
2726.68355 17.188 0.009
2726.70159 17.242 0.009
2726.71228 17.279 0.010
2726.72299 17.282 0.009
2726.73364 17.251 0.009
2726.74428 17.196 0.008
2726.75499 17.172 0.009
2726.76564 17.125 0.008
2726.77967 17.080 0.008
2726.79123 17.048 0.008
2726.80190 17.039 0.007
2726.81261 17.025 0.007
2726.82328 17.035 0.007
2726.83393 17.007 0.007
2727.68682 17.062 0.009
2727.69752 17.026 0.007
2727.70819 17.019 0.007
2727.71888 17.016 0.007
2727.72961 17.006 0.007
2727.74030 16.994 0.007
2727.75156 17.002 0.007
2727.76224 16.991 0.007
2727.77290 17.000 0.007
2727.78353 16.987 0.007
2727.79425 17.010 0.007
2727.80494 17.029 0.007
2728.58429 17.016 0.010
2728.59497 17.033 0.010
2728.60657 17.004 0.009
2728.61722 17.001 0.009
2728.62792 17.013 0.009
2728.64663 17.027 0.011
2728.65729 17.029 0.009
2728.66800 17.019 0.008
2728.67874 17.026 0.007
2728.68936 17.040 0.008
2728.70003 17.065 0.008
2728.71111 17.094 0.008
2728.73244 17.170 0.010
2728.74307 17.212 0.009
2728.75377 17.259 0.010
2728.76441 17.323 0.010
2728.77567 17.372 0.010
2728.78637 17.403 0.010
2728.79710 17.377 0.010
2728.81246 17.301 0.010
2729.58640 17.031 0.011
2729.59776 17.043 0.010
2729.60961 17.073 0.010
2729.62028 17.105 0.010
2729.63099 17.169 0.010
2729.64172 17.196 0.010
2729.65665 17.255 0.011
2729.66732 17.300 0.010
2729.67801 17.291 0.009
2729.68871 17.257 0.009
2729.69938 17.237 0.009
2729.71001 17.184 0.008
2729.72064 17.142 0.008
2729.73237 17.103 0.008
2729.74307 17.087 0.008
2729.75375 17.061 0.007
2729.76445 17.037 0.007
2729.77719 17.037 0.008
2729.78787 17.023 0.008
2729.79851 17.017 0.008
2729.80922 17.017 0.008
2730.58703 17.282 0.010
2730.59780 17.242 0.009
2730.60851 17.158 0.008
2730.61924 17.122 0.008
2730.62995 17.090 0.008
2730.64139 17.085 0.008
2730.65213 17.071 0.008
2730.66325 17.054 0.007
2730.67401 17.022 0.007
2730.69048 17.005 0.007
2730.70121 16.996 0.007
2730.71252 16.999 0.007
2730.72397 16.994 0.007
2730.73515 16.994 0.007
2730.74641 17.003 0.007
2730.76458 17.032 0.007
2730.77530 17.038 0.007
2730.78718 17.066 0.007
2730.79792 17.098 0.007
2731.59174 16.978 0.008
2731.60714 16.990 0.008
2731.61832 17.010 0.008
2731.62960 17.026 0.008
2731.64160 17.033 0.008
2731.65234 17.053 0.008
2731.66374 17.072 0.008
2731.67447 17.078 0.008
2731.68527 17.131 0.008
2731.69650 17.167 0.008
2731.70720 17.234 0.008
2731.71793 17.297 0.009
2731.72925 17.350 0.009
2731.74001 17.391 0.009
2731.75074 17.351 0.009
2731.76207 17.317 0.009
2731.77318 17.258 0.009
2731.78392 17.228 0.009
2731.79463 17.159 0.009
2732.58033 17.118 0.012
2732.59143 17.128 0.011
2732.60266 17.203 0.012
2732.61349 17.235 0.012
2732.62548 17.292 0.012
2732.63624 17.261 0.010
2732.64735 17.260 0.010
2732.66236 17.199 0.009
2732.67366 17.168 0.009
2732.68447 17.140 0.009
2732.69558 17.081 0.008
2732.70628 17.069 0.009
2732.71699 17.062 0.009
2732.72776 17.035 0.008
2732.73906 17.035 0.008
2732.74975 17.014 0.008
2732.76050 17.000 0.008
2732.77122 17.019 0.008
2732.78603 16.992 0.008
2732.79675 17.011 0.008
2733.57611 17.126 0.009
2733.58687 17.103 0.009
2733.59847 17.089 0.008
2733.60953 17.053 0.008
2733.62096 17.055 0.008
2733.63234 17.035 0.008
2733.64465 17.024 0.008
2733.65988 17.006 0.008
2733.67062 17.000 0.007
2733.68131 17.011 0.008
2733.69266 17.011 0.008
2733.70381 17.026 0.007
2733.71457 17.018 0.007
2733.72988 17.030 0.007
2733.74063 17.043 0.008
2733.75326 17.076 0.008
2733.76401 17.108 0.009
2733.77475 17.172 0.011
2733.78551 17.210 0.010
2734.52504 17.021 0.013
2734.55174 17.022 0.012
2734.56247 16.994 0.010
2734.58753 17.011 0.009
2734.59877 17.051 0.009
2734.60953 17.070 0.009
2734.62024 17.070 0.009
2734.63148 17.094 0.009
2734.64219 17.129 0.009
2734.65290 17.142 0.008
2734.66435 17.205 0.009
2734.67506 17.283 0.009
2734.68582 17.339 0.009
2734.69696 17.372 0.009
2734.70770 17.364 0.009
2734.71843 17.337 0.009
2734.72963 17.281 0.009
2734.74037 17.217 0.008
2734.75116 17.165 0.008
2734.76190 17.118 0.008
2734.77262 17.096 0.008
2734.78331 17.076 0.008
2735.56760 17.203 0.009
2735.57902 17.261 0.010
2735.58972 17.287 0.010
2735.60413 17.266 0.009
2735.61520 17.233 0.009
2735.62592 17.192 0.009
2735.63729 17.153 0.009
2735.64895 17.110 0.008
2735.66029 17.070 0.008
2735.67159 17.063 0.008
2735.68272 17.049 0.008
2735.69342 17.029 0.008
2735.70580 17.008 0.007
2735.71655 17.022 0.007
2735.72812 16.986 0.007
2735.73964 16.983 0.007
2735.75098 17.008 0.007
2735.76172 17.013 0.007
2735.77247 17.025 0.007
2735.78857 17.048 0.007
2735.79929 17.066 0.008
2743.55626 17.294 0.011
2743.56696 17.336 0.011
2743.57769 17.361 0.011
2743.58842 17.342 0.011
2743.59967 17.316 0.012
2743.61041 17.270 0.011
2744.52025 17.101 0.011
2744.53035 17.060 0.011
2744.54048 17.066 0.011
2744.55061 17.050 0.010
2744.56071 17.040 0.011
2744.57079 17.046 0.010
2744.58125 16.998 0.009
2744.59134 17.009 0.009
2744.60145 16.993 0.009
2744.61150 17.004 0.009
2744.62159 16.992 0.008
2744.63173 17.007 0.008
2744.64636 17.028 0.008
2744.65642 17.022 0.009
2744.66651 17.035 0.008
2744.70629 17.112 0.008
2744.71642 17.166 0.009
2744.72654 17.229 0.009
2744.73663 17.283 0.010
2744.74672 17.345 0.010
2744.76345 17.351 0.009
2745.51040 16.976 0.012
2745.52113 16.978 0.014
2745.53190 16.990 0.014
2745.55333 17.065 0.013
2745.58002 17.082 0.012
2745.59076 17.130 0.011
2745.60152 17.138 0.011
2745.61227 17.188 0.011
2745.62305 17.236 0.011
2745.63894 17.285 0.012
2745.64968 17.285 0.012
2745.66041 17.302 0.012
2745.67109 17.245 0.012
2745.68184 17.234 0.013
2748.52247 17.035 0.013
2748.55463 17.081 0.012
2748.56540 17.157 0.013
2748.59763 17.309 0.017
2748.60838 17.294 0.013
2748.61910 17.277 0.015
2748.62983 17.241 0.013
2748.64054 17.217 0.014
2748.65128 17.159 0.012
2748.66524 17.105 0.010
2748.67596 17.056 0.010
2748.68671 17.080 0.010
2748.69740 17.050 0.009
2748.70818 17.029 0.009
2748.71889 17.038 0.009
2748.73277 17.019 0.010
2748.74353 17.001 0.010
2748.75426 17.009 0.010
2748.76494 16.990 0.010
2748.77565 17.011 0.010
2749.48592 17.364 0.015
2749.49668 17.367 0.012
2749.50745 17.351 0.011
2749.51819 17.255 0.010
2749.52898 17.245 0.009
2749.53971 17.174 0.009
2749.55087 17.121 0.008
2749.56164 17.100 0.009
2749.57241 17.073 0.009
2749.58310 17.067 0.008
2749.59385 17.048 0.008
2749.60461 17.032 0.008
2749.61570 17.020 0.008
2749.62642 17.006 0.008
2749.63717 17.009 0.008
2749.64794 17.010 0.008
2749.65869 16.987 0.008
2749.66944 17.022 0.008
2749.68091 17.032 0.008
2749.69165 17.026 0.008
2749.70235 17.032 0.008
2749.81939 17.195 0.012
2749.83007 17.154 0.012
2750.53614 17.002 0.010
2750.54687 17.012 0.010
2750.56863 17.001 0.009
2750.57934 17.031 0.009
2750.59002 17.049 0.009
2750.60081 17.064 0.008
2750.61721 17.094 0.009
2750.62794 17.147 0.009
2750.63866 17.211 0.009
2750.64940 17.252 0.009
2750.66013 17.325 0.010
2750.67475 17.347 0.010
2750.68545 17.355 0.010
2750.69619 17.326 0.010
2750.70752 17.264 0.009
2750.80743 17.000 0.009
2750.82982 16.996 0.009
2751.48139 17.021 0.011
2751.49213 17.072 0.011
2751.50291 17.069 0.010
2751.51362 17.123 0.009
2751.52435 17.173 0.010
2751.53509 17.216 0.009
2751.54627 17.258 0.010
2751.55705 17.283 0.010
2751.56779 17.280 0.010
2751.57853 17.274 0.010
2751.59669 17.221 0.010
2751.60748 17.178 0.010
2751.61823 17.128 0.009
2751.62895 17.091 0.010
2751.63972 17.058 0.009
2751.65045 17.063 0.009
2751.68233 17.009 0.008
2751.69306 17.007 0.009
2751.70379 16.995 0.008
2751.71452 17.001 0.009
2751.72523 16.996 0.008
2751.73592 17.024 0.009
2751.74014 17.002 0.009
2751.78212 17.040 0.010
2751.79287 17.067 0.011
2751.80362 17.086 0.010
2751.81436 17.122 0.010
2751.82509 17.177 0.011
2751.84057 17.290 0.015
2751.85134 17.324 0.013
2751.86210 17.364 0.017
2752.47801 17.274 0.015
2752.48876 17.248 0.016
2752.49950 17.188 0.013
2752.51026 17.129 0.011
2752.52097 17.097 0.011
2752.53172 17.080 0.010
2752.54313 17.058 0.009
2752.55385 17.076 0.011
2752.56461 17.015 0.010
2752.57535 17.017 0.009
2752.58609 17.035 0.010
2752.59684 17.019 0.009
2752.62031 16.990 0.008
2752.63100 16.986 0.009
2752.64172 17.026 0.010
2752.65248 17.019 0.010
2752.66322 17.053 0.010
2752.71853 17.226 0.012
2753.71368 17.039 0.008
2753.79034 16.988 0.010
2753.80096 16.984 0.009
2753.81160 16.987 0.009
2753.82220 16.984 0.008
2753.83279 17.012 0.009
2754.53861 17.268 0.011
2754.58187 17.090 0.009
2754.59259 17.057 0.008
2754.60334 17.028 0.008
2754.61833 17.024 0.007
2754.62897 17.001 0.008
2754.63973 17.010 0.008
2754.65047 17.001 0.008
2754.66126 16.989 0.008
2754.67200 16.997 0.008
2754.68272 17.008 0.009
2754.69480 16.985 0.008
2754.70555 16.998 0.009
2754.71627 17.012 0.008
2754.72700 17.035 0.008
2754.73777 17.053 0.008
2754.74845 17.076 0.009
2755.57921 16.998 0.008
2755.58996 17.004 0.009
2755.60068 17.031 0.009
2755.61866 17.028 0.008
2755.62936 17.070 0.008
2755.64010 17.066 0.008
2755.65080 17.112 0.008
2755.66153 17.124 0.008
2755.67230 17.204 0.009
2755.68303 17.234 0.009
2755.69436 17.276 0.009
2755.70503 17.290 0.009
2755.71575 17.315 0.010
2755.72647 17.258 0.009
2755.73718 17.230 0.009
2755.74795 17.187 0.010
2756.63082 17.245 0.010
2756.64551 17.132 0.008
2756.67308 17.058 0.008
2756.68778 17.058 0.008
2756.70249 17.031 0.008
2756.71717 17.016 0.008
2756.73183 17.004 0.009
2756.74661 16.980 0.007
2756.76372 17.007 0.008
2756.77845 17.004 0.008
2756.79325 17.034 0.009
2756.80806 17.058 0.010
2757.59045 17.014 0.009
2759.62350 17.079 0.009
2759.63425 17.062 0.009
2759.64502 17.060 0.009
2759.65576 17.045 0.008
2759.66656 17.022 0.008
2759.67729 17.026 0.008
2759.68861 17.030 0.007
2759.69935 16.978 0.007
2759.71006 16.988 0.008
2759.72078 17.007 0.009
2759.73545 16.993 0.008
2759.74619 17.043 0.009
2759.75687 17.032 0.009
2759.76761 17.048 0.009
2760.61994 16.981 0.008
2760.63068 17.012 0.008
2760.64142 17.015 0.008
2760.66047 17.044 0.008
2760.67113 17.070 0.008
2760.68188 17.110 0.008
2760.69264 17.161 0.009
2760.70835 17.239 0.009
2760.71903 17.289 0.009
2760.73947 17.332 0.010
2760.75014 17.344 0.011
2760.76089 17.266 0.011
2760.77168 17.229 0.011
2761.60126 17.217 0.009
2761.61197 17.255 0.009
2761.62271 17.276 0.010
2761.63378 17.264 0.010
2761.64449 17.256 0.009
2761.65524 17.221 0.009
2761.66623 17.173 0.009
2761.67693 17.121 0.008
2761.68767 17.081 0.008
2761.69838 17.075 0.008
2761.70913 17.072 0.008
2761.71987 17.030 0.008
2761.74804 16.995 0.008
2761.75873 16.995 0.008
2761.76948 16.983 0.008
2762.61170 17.027 0.008
2762.62237 17.012 0.008
2762.63309 17.003 0.009
2762.64382 16.968 0.007
2762.65451 16.937 0.007
2762.66608 17.015 0.007
2762.67677 16.996 0.007
2762.69633 16.995 0.008
2762.70699 17.011 0.009
2762.71774 17.060 0.009
2762.73601 17.069 0.009
2762.74675 17.106 0.009
2763.60218 17.024 0.010
2763.61293 17.030 0.008
2763.62414 17.060 0.009
2763.63486 17.055 0.008
2763.64554 17.108 0.008
2763.66700 17.231 0.009
2763.67773 17.271 0.010
2763.68940 17.343 0.011
2763.70015 17.337 0.009
2763.71086 17.331 0.010
2764.61135 17.216 0.010
2764.62640 17.147 0.009
2764.63705 17.118 0.009
2764.64779 17.085 0.008
2764.65852 17.072 0.008
2764.68550 17.021 0.008
2764.69618 16.991 0.009
2764.70690 16.981 0.008
2764.71759 16.968 0.008
2764.72830 16.963 0.008
2764.73997 16.981 0.008
2764.75069 16.980 0.008
2765.60950 16.977 0.008
2765.62478 16.991 0.008
2765.63553 16.988 0.007
2765.64628 16.999 0.008
2765.65703 17.001 0.008
2765.67914 17.032 0.009
2765.68986 17.052 0.009
2765.72453 17.149 0.009
2765.73530 17.177 0.011
2765.74605 17.245 0.012
2765.75683 17.258 0.011
2766.60982 17.133 0.009
2766.62054 17.188 0.008
2766.63129 17.251 0.009
2766.64200 17.304 0.009
2766.65722 17.357 0.010
2766.66790 17.308 0.009
2766.67864 17.276 0.010
2766.68939 17.226 0.009
2766.70459 17.148 0.008
2766.71526 17.079 0.008
2766.72601 17.072 0.008
2766.73677 17.054 0.008
2766.74752 17.031 0.008
2766.75832 17.023 0.008
2766.76903 16.993 0.008
2767.59795 17.075 0.010
2767.61504 17.045 0.009
2767.62575 17.037 0.009
2767.75627 17.026 0.010
2768.60443 17.015 0.008
2768.61559 17.002 0.008
2768.62622 17.030 0.008
2768.63689 17.031 0.008
2768.64765 17.045 0.007
2768.65938 17.070 0.007
2768.67016 17.106 0.008
2768.68089 17.133 0.008
2768.69158 17.170 0.008
2768.70232 17.219 0.009
2768.71304 17.279 0.010
2768.72803 17.279 0.009
2768.73876 17.281 0.009
2768.74953 17.256 0.010
2768.76027 17.231 0.011
2768.77163 17.140 0.009
2777.63364 17.194 0.009
2777.64435 17.165 0.010
2777.75387 16.969 0.011
2777.76458 16.966 0.011
2793.48815 17.078 0.015
2793.49826 17.060 0.011
2793.50990 17.077 0.012
2793.51999 17.090 0.011
2793.53394 17.141 0.011
2794.49832 17.237 0.012
2794.51848 17.124 0.013
2794.52908 17.090 0.010
2796.50023 17.170 0.008
2796.51092 17.231 0.008
2796.52169 17.274 0.008
2796.53244 17.308 0.008
2797.51403 17.043 0.007
2797.52475 17.038 0.007
2797.53556 17.029 0.007
2803.50313 17.027 0.015
2803.52458 17.040 0.013
2804.49364 17.255 0.018
2804.54345 17.286 0.016
2804.55422 17.231 0.014
2804.56492 17.178 0.011
2804.57567 17.160 0.013
2804.58641 17.092 0.012
2804.59715 17.057 0.011
2804.65736 16.998 0.013
2804.66810 17.010 0.011
2804.67882 17.027 0.012
2804.68963 17.028 0.015
2804.70034 16.970 0.012
2804.71548 17.030 0.013
2809.49925 17.115 0.010
2809.50999 17.169 0.010
2809.52072 17.220 0.010
2809.53144 17.246 0.010
2809.54219 17.284 0.010
2810.50101 17.129 0.008
2810.51180 17.097 0.008
2810.52248 17.083 0.008
2810.53320 17.073 0.009
2811.50950 16.964 0.009
2811.52023 16.994 0.008
2811.53101 17.015 0.008
2812.50929 17.274 0.010
2812.52002 17.266 0.010
2813.49320 17.070 0.010
2813.50396 17.036 0.010
2813.51468 17.053 0.009
2813.52980 17.040 0.009
2814.49097 17.014 0.010
2814.50169 17.044 0.010
2814.51245 17.063 0.009
2814.52317 17.075 0.009
2815.49726 17.275 0.012
2815.50798 17.188 0.011
2815.52349 17.116 0.010
2816.47816 17.026 0.008
2816.49085 17.023 0.008
2816.50149 17.006 0.008
2816.51223 17.028 0.008
2816.52302 17.027 0.008
2817.52160 17.270 0.011
2818.48953 17.103 0.009
2818.50026 17.071 0.009
2818.51099 17.039 0.008
2831.60242 16.959 0.010
2833.57149 17.152 0.014
3078.74455 17.134 0.007
3078.75528 17.204 0.008
3078.77010 17.272 0.008
3078.78077 17.321 0.009
3078.79145 17.325 0.008
3078.80217 17.319 0.008
3078.81288 17.303 0.008
3078.82358 17.245 0.008
3079.75573 17.051 0.006
3079.76646 17.053 0.006
3079.77720 17.044 0.006
3081.73242 17.273 0.008
3081.74507 17.317 0.009
3082.73764 17.028 0.006
3082.74835 17.014 0.006
3082.75908 17.012 0.006
3083.73468 16.995 0.006
3084.71556 17.324 0.009
3084.72627 17.263 0.008
3084.73695 17.258 0.008
3085.72040 17.007 0.007
3086.71119 17.034 0.007
3086.72191 17.068 0.007
3087.71689 17.164 0.008
3088.71407 16.987 0.007
3088.72475 17.038 0.007
3089.70364 17.148 0.008
3089.71479 17.234 0.008
3090.71040 17.054 0.007
3090.72111 17.040 0.007
3091.71094 17.041 0.007
3091.72604 17.076 0.007
3092.67922 17.263 0.011
3092.68997 17.311 0.009
3092.70065 17.311 0.009
3092.71642 17.306 0.009
3092.72842 17.267 0.008
3096.69474 16.967 0.008
3096.70658 16.950 0.007
3096.71730 16.970 0.007
3096.72800 16.989 0.007
3096.73872 17.003 0.007
3097.69457 17.228 0.009
3097.70527 17.265 0.009
3098.69662 17.059 0.007
3101.66656 17.129 0.013
3101.67727 17.028 0.010
3101.68793 17.016 0.010
3101.69867 17.019 0.009
3103.69258 17.155 0.009
3104.67336 16.971 0.008
3104.68408 17.005 0.007
3105.67495 17.147 0.008
3105.68563 17.195 0.008
3105.69629 17.273 0.009
3109.66363 17.032 0.007
3109.67432 17.007 0.007
3111.64292 17.344 0.015
3111.65361 17.323 0.013
3112.66385 16.961 0.006
3113.64993 17.103 0.009
3113.66065 17.147 0.008
3116.63520 17.215 0.010
3116.64592 17.322 0.011
3124.61795 17.175 0.010
3124.62864 17.232 0.010
3124.63933 17.291 0.011
3125.60777 17.092 0.009
3128.56830 17.097 0.008
3128.57904 17.062 0.008
3128.58973 17.043 0.008
3128.60043 17.037 0.007
3130.55930 17.287 0.013
3130.57001 17.315 0.013
3130.58113 17.317 0.012
3130.59238 17.267 0.011
3130.60358 17.235 0.011
3131.56332 17.027 0.011
3131.57449 16.985 0.010
3131.58558 17.001 0.012
3131.59675 16.997 0.010
3132.58499 17.124 0.008
3132.59601 17.151 0.008
3132.60671 17.193 0.009
3132.61741 17.252 0.010
3132.62809 17.300 0.010
3132.63880 17.359 0.010
3132.64952 17.342 0.010
3132.66536 17.263 0.009
3133.59381 17.059 0.007
3133.60451 17.042 0.007
3133.61520 17.030 0.007
3133.62585 17.043 0.007
3133.63653 17.010 0.007
3133.64876 16.999 0.007
3133.67686 16.986 0.007
3133.68756 16.976 0.007
3133.73895 17.041 0.008
3133.74966 17.070 0.009
3133.76035 17.086 0.009
3133.77106 17.128 0.010
3133.78179 17.186 0.009
3133.79254 17.240 0.010
3133.80370 17.259 0.011
3133.81442 17.323 0.012
3133.82513 17.328 0.012
3135.53065 17.099 0.013
3135.54136 17.119 0.010
3135.55209 17.153 0.011
3135.58901 17.301 0.011
3135.59971 17.326 0.012
3135.61043 17.293 0.010
3135.62114 17.259 0.010
3137.49024 17.015 0.010
3137.50091 16.997 0.009
3137.52757 17.005 0.009
3137.53828 16.983 0.009
3137.56514 17.017 0.009
3137.57585 17.031 0.009
3137.61503 17.106 0.011
3138.52412 17.181 0.009
3138.54794 17.313 0.010
3138.55862 17.311 0.009
3138.56936 17.299 0.008
3138.58001 17.286 0.008
3139.53389 17.031 0.010
3139.54463 17.016 0.010
3140.57934 17.122 0.009
3141.59216 17.089 0.009
3142.51739 17.017 0.008
3142.56273 16.989 0.009
3142.57347 16.977 0.007
3145.62599 17.223 0.010
3145.63666 17.283 0.010
3145.64739 17.308 0.009
3147.57191 17.030 0.009
3147.58261 17.003 0.009
3147.59330 16.998 0.008
3147.60456 17.013 0.009
3147.61525 17.043 0.009
3151.51110 17.074 0.008
3151.52179 17.113 0.008
3151.53250 17.163 0.009
3151.54322 17.189 0.008
3151.55463 17.262 0.009
3152.55427 17.024 0.008
3152.56500 17.007 0.008
3153.54176 17.028 0.009
3153.55246 17.020 0.008
3153.56313 17.059 0.008
3154.53308 17.311 0.013
3154.54378 17.295 0.013
3154.57117 17.191 0.011
3154.58188 17.169 0.011
3154.59263 17.148 0.012
3154.60338 17.116 0.010
3156.50945 17.042 0.010
3156.52072 17.068 0.010
3156.53142 17.074 0.009
3156.54216 17.092 0.009
3162.48836 17.216 0.009
3162.49967 17.294 0.010
3162.51041 17.319 0.009
3162.52111 17.369 0.010
3162.53211 17.321 0.010
3163.47926 17.070 0.008
3163.49064 17.082 0.007
3163.50180 17.051 0.007
3163.51249 17.065 0.008
3164.47161 16.989 0.007
3164.49054 16.992 0.007
3164.50299 17.035 0.007
3164.51371 17.045 0.007
3165.46853 17.333 0.011
3165.47977 17.345 0.010
3165.49081 17.348 0.010
3165.50192 17.274 0.009
3165.51265 17.217 0.009
3167.50521 17.155 0.010
3168.49335 17.124 0.008
3168.50407 17.070 0.007
3171.47818 17.043 0.007
3171.48885 17.024 0.007
3171.49951 17.033 0.007
3172.49264 17.050 0.008
3174.49211 16.996 0.008
3178.48276 17.296 0.010
3179.47179 17.091 0.008
3179.48266 17.066 0.007
3179.49333 17.055 0.007
3180.47482 17.034 0.009
3870.72246 17.068 0.011
3870.73323 17.062 0.010
3870.74396 17.099 0.010
4835.86085 17.088 0.008
4837.86531 17.048 0.010
4851.87779 17.258 0.010
4852.87154 17.076 0.007
4853.86761 17.054 0.006
4853.87836 17.058 0.008
4854.86844 17.412 0.009
4854.87936 17.425 0.011
4855.86195 17.041 0.007
4855.87268 17.036 0.007
4855.88351 17.018 0.010
4856.86196 17.096 0.006
4856.87276 17.107 0.006
4856.88362 17.147 0.007
4857.84820 17.406 0.009
4858.85012 17.011 0.006
4858.86084 17.015 0.007
4858.87165 17.003 0.007
4861.82369 17.009 0.007
4861.83427 17.006 0.007
4861.84490 17.031 0.008
4861.87387 17.053 0.007
4861.88442 17.061 0.008
4863.81226 17.170 0.007
4863.82283 17.142 0.007
4863.83342 17.128 0.007
4863.84401 17.111 0.007
4863.85459 17.102 0.007
4863.86541 17.073 0.007
4863.87599 17.044 0.007
4863.88660 17.062 0.008
4865.82374 17.330 0.008
4865.83436 17.331 0.008
4865.84504 17.278 0.009
4865.85561 17.212 0.009
4866.82170 17.095 0.008
4866.83231 17.069 0.007
4866.84291 17.084 0.007
4867.81134 17.097 0.007
4867.82194 17.125 0.008
4867.83250 17.155 0.008
4868.85732 17.058 0.007
4871.81391 17.084 0.009
4871.82632 17.055 0.010
4871.84392 17.027 0.009
4871.85577 17.039 0.009
4871.89123 17.026 0.009
4873.80233 17.411 0.009
4873.81292 17.405 0.010
4873.82348 17.404 0.009
4873.83412 17.329 0.009
4873.84465 17.296 0.009
4875.81054 17.101 0.008
4875.82110 17.149 0.007
4875.83168 17.175 0.008
4875.84220 17.210 0.008
4876.80741 17.272 0.008
4876.81798 17.189 0.008
4876.82857 17.158 0.008
4876.83916 17.135 0.007
4879.77102 17.273 0.009
4879.78184 17.188 0.008
4879.79243 17.144 0.008
4879.80301 17.140 0.008
4879.81362 17.135 0.009
4879.82466 17.129 0.009
4879.84402 17.107 0.008
4879.86392 17.075 0.008
4880.80498 17.065 0.006
4880.81587 17.078 0.007
4880.82648 17.102 0.009
4880.84245 17.141 0.008
4880.85302 17.202 0.007
4880.86362 17.233 0.009
4880.87422 17.291 0.009
4880.88502 17.348 0.009
4880.89561 17.396 0.010
4881.78565 17.334 0.008
4881.79628 17.326 0.008
4881.80686 17.316 0.009
4881.81745 17.290 0.008
4881.82798 17.223 0.007
4881.83862 17.198 0.008
4881.84922 17.149 0.007
4881.85981 17.106 0.008
4881.87042 17.075 0.007
4881.88098 17.066 0.007
4882.78728 17.075 0.008
4882.79785 17.050 0.007
4882.80841 17.059 0.007
4882.81897 17.051 0.006
4882.82959 17.046 0.006
4882.84013 17.041 0.006
4882.85074 17.048 0.006
4882.86129 17.071 0.006
4882.87187 17.067 0.007
4883.79185 17.129 0.009
4883.80243 17.126 0.009
4883.81301 17.170 0.008
4883.82380 17.211 0.009
4883.83481 17.290 0.010
4894.67696 17.062 0.009
4894.69813 17.114 0.010
4894.76946 17.209 0.010
4895.69406 17.385 0.009
4895.70462 17.420 0.009
4895.71523 17.389 0.009
4895.72579 17.321 0.009
4895.73640 17.277 0.009
4895.74808 17.214 0.008
4896.69799 17.055 0.008
4896.70862 17.041 0.007
4896.71921 17.041 0.009
4896.72987 17.052 0.008
4896.74046 17.029 0.007
4896.75154 17.028 0.007
4896.76215 17.043 0.007
4897.67188 17.066 0.010
4897.72187 17.195 0.009
4897.73274 17.221 0.009
4897.74333 17.290 0.009
4898.68540 17.359 0.011
4898.69656 17.292 0.010
4898.70719 17.233 0.011
4898.71776 17.163 0.009
4898.72839 17.158 0.009
4898.73900 17.154 0.009
4898.75282 17.110 0.008
4899.70009 17.016 0.007
4900.72107 17.379 0.010
4900.73168 17.367 0.010
4900.74225 17.363 0.011
4900.75284 17.303 0.010
4900.76344 17.299 0.010
4900.77431 17.243 0.010
4900.78493 17.180 0.009
4901.69959 17.149 0.009
4901.71019 17.105 0.008
4901.72076 17.128 0.009
4901.73135 17.079 0.009
4901.74195 17.105 0.009
4901.75291 17.048 0.008
4901.76351 17.053 0.008
4901.77410 17.045 0.008
4902.70896 17.060 0.008
4902.71953 17.089 0.009
4902.73008 17.084 0.008
4902.74069 17.116 0.009
4902.75128 17.167 0.009
4902.76205 17.214 0.009
4902.77262 17.278 0.009
4902.78320 17.343 0.010
4903.69428 17.382 0.013
4903.70487 17.326 0.010
4903.71549 17.281 0.010
4903.72607 17.256 0.010
4903.73662 17.184 0.009
4903.74750 17.164 0.009
4903.75807 17.133 0.008
4903.76866 17.084 0.007
4903.77924 17.117 0.008
4904.67764 17.111 0.011
4904.68824 17.086 0.010
4904.69884 17.082 0.008
4904.70944 17.101 0.009
4904.72002 17.053 0.009
4904.73095 17.047 0.009
4904.74153 17.047 0.009
4904.75211 17.080 0.008
4904.76265 17.088 0.009
4904.77328 17.110 0.008
4905.68554 17.082 0.011
4905.78360 17.369 0.011
4905.79420 17.279 0.010
4905.80481 17.269 0.011
4905.81542 17.197 0.011
4905.82599 17.145 0.009
4907.66565 17.074 0.008
4907.67622 17.066 0.007
4907.68680 17.058 0.008
4907.69740 17.075 0.007
4907.70798 17.062 0.007
4907.71889 17.065 0.007
4907.72948 17.085 0.007
4907.74009 17.085 0.007
4907.75069 17.113 0.009
4907.76126 17.150 0.009
4907.77238 17.157 0.008
4907.78296 17.177 0.009
4907.79353 17.221 0.008
4908.69832 17.336 0.009
4908.70892 17.394 0.010
4908.71949 17.420 0.009
4908.73010 17.381 0.009
4908.74070 17.329 0.010
4908.75160 17.332 0.009
4908.76216 17.210 0.008
4908.77279 17.205 0.008
4908.78339 17.176 0.008
4908.79401 17.136 0.007
4908.80485 17.143 0.008
4908.81541 17.222 0.008
4908.83673 17.096 0.008
4908.84736 17.075 0.009
4909.66900 17.145 0.008
4909.67960 17.145 0.009
4909.69019 17.087 0.009
4909.70080 17.079 0.008
4909.71137 17.059 0.007
4909.72210 17.024 0.007
4909.73268 17.029 0.007
4909.74325 17.018 0.008
4909.75386 17.027 0.008
4909.76449 16.999 0.007
4909.77536 16.994 0.008
4909.78597 17.039 0.008
4909.79654 17.023 0.009
4909.80711 17.041 0.009
4909.81771 17.046 0.009
4910.62534 17.099 0.009
4910.63591 17.052 0.008
4910.64779 17.061 0.007
4910.65891 17.059 0.007
4910.66950 17.053 0.007
4910.68012 17.065 0.007
4910.69069 17.094 0.007
4910.70129 17.097 0.007
4910.71693 17.112 0.007
4910.72756 17.142 0.007
4910.73814 17.165 0.007
4910.74875 17.224 0.007
4910.75938 17.275 0.007
4910.77027 17.319 0.007
4911.70106 17.337 0.008
4912.62154 17.207 0.009
4912.63214 17.097 0.007
4912.64274 17.093 0.007
4912.65368 17.076 0.007
4912.66427 17.062 0.006
4912.67481 17.025 0.006
4912.68540 17.005 0.006
4912.69595 17.003 0.006
4913.60700 17.046 0.007
4913.61759 17.067 0.007
4913.62818 17.065 0.007
4913.63874 17.064 0.007
4913.64933 17.085 0.007
4913.66012 17.122 0.007
4913.67066 17.116 0.007
4913.68125 17.134 0.007
4913.69186 17.146 0.008
4913.70243 17.197 0.008
4914.67251 17.297 0.008
4914.68305 17.244 0.007
4914.69365 17.180 0.007
4914.70422 17.170 0.007
4915.68496 17.012 0.007
4915.69557 16.993 0.006
4915.70614 17.032 0.007
4915.72036 17.032 0.007
4915.73090 17.051 0.007
4916.62279 17.133 0.008
4916.63639 17.153 0.007
4916.64695 17.149 0.007
4916.65756 17.188 0.007
4916.66818 17.254 0.007
4916.67889 17.295 0.007
4916.68949 17.332 0.008
4916.70007 17.375 0.008
4917.63687 17.245 0.007
4917.65168 17.198 0.007
4917.66223 17.151 0.007
4917.67281 17.129 0.007
4917.68342 17.122 0.007
4917.72153 17.079 0.007
4918.61707 17.004 0.007
4918.62766 17.003 0.007
4918.63826 17.001 0.006
4918.64888 17.001 0.006
4918.65947 17.016 0.006
4918.67002 17.031 0.007
4919.67821 17.331 0.007
4919.68880 17.333 0.007
4919.69938 17.277 0.007
4919.70994 17.221 0.007
4919.72055 17.166 0.007
4920.67421 17.090 0.006
4920.68422 17.070 0.006
4920.69427 17.075 0.007
4920.70427 17.045 0.006
4920.71426 17.085 0.007
4921.65953 17.076 0.009
4921.66956 17.089 0.008
4921.67956 17.137 0.010
4921.68955 17.206 0.009
4921.69957 17.250 0.008
4921.70957 17.277 0.010
4921.71972 17.348 0.009
4924.65978 17.223 0.008
4924.66989 17.290 0.008
4924.68001 17.352 0.008
4924.69010 17.398 0.008
4924.70023 17.426 0.009
4924.71064 17.385 0.008
4925.66237 17.083 0.007
4925.67247 17.065 0.007
4925.68259 17.092 0.007
4925.69269 17.034 0.007
4925.70279 17.017 0.006
4926.60395 17.068 0.008
4926.61405 17.071 0.007
4926.62412 17.079 0.007
4926.63421 17.054 0.008
4926.64430 17.068 0.007
4926.65442 17.072 0.008
4926.66452 17.098 0.008
4926.67463 17.096 0.009
4926.68473 17.113 0.007
4926.69516 17.140 0.007
4926.70527 17.150 0.008
4927.64935 17.404 0.011
4927.65946 17.366 0.010
4927.66960 17.417 0.012
4927.67970 17.364 0.009
4927.68982 17.289 0.008
4927.70020 17.238 0.009
4928.64429 17.032 0.007
4928.65440 17.045 0.007
4928.66450 17.030 0.007
4928.67460 17.035 0.007
4928.68472 17.001 0.007
4928.69482 17.034 0.007
4929.62959 17.090 0.009
4929.63968 17.123 0.009
4929.64979 17.120 0.008
4929.65990 17.142 0.009
4930.64334 17.328 0.010
4930.65341 17.240 0.009
4930.66348 17.222 0.009
4930.67359 17.167 0.008
4930.68368 17.150 0.008
4930.69383 17.139 0.008
4931.64351 17.003 0.008
4931.65363 16.993 0.008
4931.66373 16.992 0.009
4931.67385 17.011 0.008
4931.68396 17.014 0.008
4932.63153 17.174 0.008
4932.64163 17.212 0.009
4932.65173 17.243 0.009
4932.66184 17.326 0.011
4932.67193 17.348 0.011
4932.68204 17.356 0.009
4933.63016 17.180 0.010
4933.64025 17.159 0.010
4933.65032 17.152 0.009
4933.66040 17.117 0.009
4933.67053 17.108 0.009
4933.68061 17.126 0.009
4934.62692 17.034 0.008
4934.63702 17.006 0.007
4934.64715 17.032 0.009
4934.65724 17.034 0.008
4934.66733 17.056 0.008
4934.67744 17.060 0.008
4934.69375 17.079 0.008
4935.61413 17.263 0.009
4935.62425 17.317 0.009
4935.63437 17.320 0.009
4935.64447 17.358 0.009
4935.65459 17.345 0.008
4935.66469 17.324 0.009
4935.67481 17.277 0.008
4935.68489 17.209 0.009
4935.69499 17.175 0.008
4935.70513 17.138 0.007
4935.71523 17.078 0.007
4935.72533 17.074 0.007
4935.73543 17.054 0.007
4935.74555 17.036 0.008
4936.61425 17.125 0.008
4936.62439 17.105 0.007
4936.63448 17.091 0.008
4936.64455 17.118 0.007
4936.65465 17.063 0.007
4936.66477 17.081 0.007
4936.67485 17.076 0.008
4936.68498 17.072 0.007
4936.69502 17.066 0.007
4936.70513 17.068 0.008
4936.71526 17.080 0.008
4937.61636 17.009 0.006
4937.62646 17.025 0.006
4937.63657 17.035 0.007
4937.64666 17.066 0.006
4937.65675 17.105 0.007
4937.66685 17.153 0.007
4937.67692 17.192 0.007
4937.68701 17.273 0.008
4937.69711 17.311 0.008
4937.70723 17.363 0.008
4937.71733 17.382 0.009
4937.72742 17.357 0.008
4937.73751 17.309 0.008
4938.61146 17.337 0.010
4938.62157 17.308 0.010
4938.63167 17.281 0.010
4938.64177 17.244 0.009
4939.61896 17.069 0.008
4939.62908 17.059 0.007
4939.63915 17.070 0.007
4939.64930 17.042 0.007
4939.65943 17.070 0.007
4939.66953 17.060 0.007
4940.62622 17.188 0.008
4940.63634 17.244 0.008
4940.64643 17.297 0.008
4940.65654 17.366 0.009
4940.66666 17.381 0.009
4941.60222 17.215 0.008
4941.61234 17.181 0.009
4941.62244 17.123 0.008
4941.63253 17.112 0.008
4941.64264 17.071 0.007
4941.65277 17.082 0.007
4941.66311 17.055 0.007
4942.61563 17.069 0.007
4942.62572 17.066 0.007
4942.63585 17.108 0.007
4942.64595 17.105 0.008
4942.65607 17.119 0.008
4943.60277 17.304 0.008
4943.61285 17.350 0.008
4943.62295 17.399 0.008
4943.63305 17.410 0.009
4943.64315 17.380 0.009
4943.65327 17.364 0.008
4944.61056 17.066 0.006
4944.62066 17.056 0.006
4944.63076 17.032 0.006
4944.64088 17.025 0.007
4944.65100 17.024 0.007
4946.60824 17.391 0.008
4946.61833 17.345 0.008
4946.62843 17.271 0.008
4946.63854 17.230 0.008
4946.64864 17.196 0.007
4946.88374 17.398 0.010
4947.60874 17.004 0.006
4947.61887 17.009 0.006
4947.62897 17.017 0.006
4947.63908 17.018 0.006
4948.60708 17.182 0.008
4948.61719 17.229 0.008
4948.62728 17.274 0.008
4948.63741 17.304 0.009
4949.59106 17.267 0.007
4949.60114 17.219 0.007
4949.61121 17.170 0.007
4949.62128 17.158 0.007
4949.63139 17.130 0.007
4949.86364 17.315 0.009
4949.87374 17.293 0.009
4949.88384 17.257 0.009
4950.58891 17.024 0.007
4950.59900 17.032 0.007
4950.60908 17.016 0.007
4950.61920 17.034 0.007
4950.62933 17.041 0.007
4951.57089 17.166 0.009
4951.58101 17.236 0.008
4951.59111 17.287 0.008
4951.60121 17.353 0.008
4951.61132 17.359 0.008
4951.62145 17.349 0.008
4951.63178 17.357 0.008
4951.87494 17.220 0.014
4952.57977 17.161 0.007
4952.58984 17.137 0.007
4952.59995 17.141 0.007
4952.61004 17.126 0.007
4952.62017 17.093 0.006
4952.63027 17.100 0.007
4953.58310 17.027 0.006
4953.59320 17.037 0.007
4953.60329 17.057 0.007
4953.61339 17.074 0.007
4953.62346 17.118 0.007
4954.57383 17.355 0.009
4954.58394 17.343 0.009
4954.59405 17.338 0.009
4954.60413 17.285 0.009
4954.61425 17.237 0.008
4954.62435 17.208 0.008
4955.57843 17.097 0.008
4955.58852 17.069 0.007
4955.59862 17.092 0.008
4955.60874 17.084 0.008
4955.61885 17.078 0.008
4965.60098 17.107 0.008
4965.61127 17.112 0.009
4965.62128 17.103 0.009
4965.63128 17.095 0.008
4965.64129 17.059 0.009
4965.65173 17.065 0.009
4965.66175 17.061 0.009
4965.67175 17.047 0.009
4965.68173 17.058 0.009
4972.58548 17.217 0.009
4972.63489 17.375 0.010
4973.56004 17.216 0.008
4973.57004 17.156 0.008
4973.58009 17.117 0.007
4973.59006 17.091 0.006
4973.60737 17.064 0.006
4973.61825 17.064 0.006
4973.62821 17.038 0.006
4973.63826 17.029 0.006
4974.56426 17.075 0.009
4974.57425 17.076 0.008
4974.58427 17.071 0.008
4974.59468 17.039 0.007
4974.60469 17.096 0.008
4974.61471 17.112 0.008
4974.62981 17.126 0.007
4974.64005 17.167 0.008
4975.49752 17.115 0.011
4975.50812 17.096 0.009
4975.51856 17.122 0.010
4975.52857 17.136 0.010
4975.53856 17.166 0.009
4975.54886 17.221 0.010
4975.55890 17.323 0.010
4975.56894 17.329 0.009
4975.57958 17.407 0.010
4975.58957 17.406 0.011
4975.59959 17.369 0.009
4975.61011 17.311 0.009
4975.62011 17.253 0.009
4975.63011 17.225 0.009
4975.64041 17.176 0.009
4975.65042 17.139 0.008
