2695.90398 18.835 0.036
2723.85393 19.337 0.052
2723.87118 19.144 0.042
2723.88183 19.024 0.041
2723.89249 18.903 0.036
2723.90320 18.863 0.036
2723.91393 18.859 0.035
2724.82792 18.891 0.030
2724.83865 18.918 0.031
2724.84929 18.963 0.037
2724.85996 18.963 0.035
2724.87241 19.108 0.036
2724.88627 19.255 0.035
2724.89694 19.322 0.036
2724.90759 19.211 0.039
2725.53894 18.973 0.052
2725.54963 19.060 0.049
2725.56926 19.368 0.065
2725.58408 19.287 0.055
2725.59887 19.224 0.051
2725.61395 19.087 0.046
2725.62868 18.910 0.039
2725.64332 18.843 0.032
2725.65796 18.789 0.026
2725.67263 18.801 0.027
2725.68862 18.807 0.029
2725.69213 18.863 0.028
2725.69565 18.796 0.025
2725.69915 18.803 0.025
2725.70263 18.873 0.028
2725.72703 19.026 0.031
2725.74169 19.236 0.032
2725.75631 19.441 0.038
2725.77095 19.270 0.032
2725.78564 19.082 0.027
2725.80036 18.968 0.026
2725.82129 18.904 0.026
2725.83601 18.820 0.023
2726.53517 18.755 0.035
2726.54584 18.777 0.034
2726.55653 18.855 0.034
2726.56720 18.902 0.035
2726.58352 18.988 0.035
2726.59421 19.077 0.039
2726.60490 19.201 0.043
2726.61559 19.267 0.040
2726.62623 19.345 0.040
2726.63693 19.295 0.043
2726.64760 19.188 0.039
2726.65155 19.070 0.035
2726.66226 18.960 0.030
2726.67293 18.975 0.034
2726.68355 18.894 0.031
2726.70159 18.777 0.028
2726.71228 18.738 0.030
2726.72299 18.843 0.026
2726.73364 18.876 0.029
2726.74428 18.874 0.028
2726.75499 18.947 0.035
2726.76564 19.042 0.032
2726.77967 19.312 0.048
2726.79123 19.407 0.043
2726.80190 19.341 0.037
2726.81261 19.192 0.032
2726.82328 19.171 0.035
2726.83393 18.958 0.029
2727.53703 18.899 0.047
2727.54770 18.800 0.040
2727.55836 18.804 0.042
2727.56958 18.798 0.039
2727.58027 18.770 0.045
2727.59096 18.887 0.034
2727.60551 18.908 0.036
2727.61618 18.913 0.033
2727.62686 18.970 0.033
2727.63752 19.091 0.036
2727.64820 19.251 0.042
2727.65890 19.330 0.041
2727.66952 19.334 0.043
2727.68682 19.190 0.040
2727.69752 19.025 0.032
2727.70819 18.925 0.030
2727.71888 18.860 0.027
2727.72961 18.847 0.028
2727.74030 18.835 0.026
2727.75156 18.771 0.025
2727.76224 18.781 0.025
2727.77290 18.861 0.026
2727.78353 18.891 0.026
2727.79425 18.932 0.027
2727.80494 19.025 0.030
2728.52986 19.480 0.087
2728.54103 19.274 0.064
2728.55171 19.149 0.057
2728.56241 19.009 0.056
2728.57363 18.993 0.049
2728.58429 18.939 0.047
2728.59497 18.879 0.043
2728.60657 18.797 0.039
2728.61722 18.825 0.037
2728.62792 18.752 0.035
2728.64663 18.836 0.049
2728.65729 18.957 0.043
2728.66800 18.993 0.036
2728.67874 19.137 0.036
2728.68936 19.295 0.042
2728.70003 19.336 0.042
2728.71111 19.290 0.045
2728.73244 19.054 0.043
2728.74307 18.853 0.033
2728.75377 18.801 0.032
2728.76441 18.860 0.032
2728.77567 18.831 0.030
2728.78637 18.786 0.026
2728.79710 18.778 0.027
2728.81246 18.815 0.034
2729.54872 19.150 0.072
2729.56304 19.518 0.093
2729.57496 19.226 0.071
2729.58640 19.078 0.059
2729.59776 19.050 0.051
2729.60961 18.945 0.046
2729.62028 18.882 0.042
2729.63099 18.820 0.039
2729.64172 18.851 0.038
2729.65665 18.819 0.037
2729.66732 18.787 0.032
2729.67801 18.909 0.031
2729.68871 18.887 0.029
2729.69938 18.946 0.034
2729.71001 19.088 0.034
2729.72064 19.183 0.036
2729.73237 19.355 0.043
2729.74307 19.405 0.043
2729.75375 19.224 0.035
2729.76445 19.106 0.033
2729.77719 18.968 0.029
2729.78787 18.892 0.030
2729.79851 18.833 0.030
2729.80922 18.792 0.029
2730.52956 18.787 0.040
2730.54085 18.820 0.037
2730.55206 18.924 0.040
2730.56325 18.939 0.040
2730.57630 19.179 0.047
2730.58703 19.173 0.044
2730.59780 19.298 0.048
2730.60851 19.365 0.047
2730.61924 19.248 0.043
2730.62995 19.140 0.037
2730.64139 18.970 0.030
2730.65213 18.880 0.028
2730.66325 18.828 0.027
2730.67401 18.819 0.025
2730.69048 18.834 0.025
2730.70121 18.815 0.025
2730.71252 18.834 0.025
2730.72397 18.861 0.025
2730.73515 18.957 0.027
2730.74641 19.046 0.029
2730.76458 19.303 0.038
2730.77530 19.393 0.040
2730.78718 19.326 0.036
2730.79792 19.123 0.031
2731.54878 18.803 0.037
2731.55951 18.751 0.034
2731.57024 18.866 0.036
2731.58102 18.778 0.035
2731.59174 18.863 0.037
2731.60714 18.996 0.041
2731.61832 19.141 0.042
2731.62960 19.365 0.054
2731.64160 19.473 0.050
2731.65234 19.297 0.041
2731.66374 19.220 0.039
2731.67447 19.030 0.036
2731.68527 18.955 0.033
2731.69650 18.933 0.030
2731.70720 18.855 0.027
2731.71793 18.836 0.026
2731.72925 18.827 0.026
2731.74001 18.821 0.026
2731.75074 18.811 0.026
2731.76207 18.855 0.028
2731.77318 18.974 0.030
2731.78392 19.052 0.034
2731.79463 19.183 0.039
2732.52280 19.312 0.083
2732.53418 19.107 0.076
2732.54570 18.886 0.058
2732.55708 18.880 0.057
2732.56862 18.814 0.056
2732.58033 18.907 0.057
2732.59143 18.882 0.048
2732.60266 18.898 0.050
2732.61349 18.827 0.045
2732.62548 18.852 0.042
2732.63624 18.937 0.040
2732.64735 18.948 0.042
2732.66236 19.133 0.044
2732.67366 19.331 0.054
2732.68447 19.377 0.057
2732.69558 19.245 0.045
2732.70628 19.116 0.043
2732.71699 18.930 0.036
2732.72776 18.913 0.033
2732.73906 18.909 0.033
2732.74975 18.794 0.030
2732.76050 18.792 0.031
2732.77122 18.759 0.027
2732.78603 18.847 0.031
2732.79675 18.876 0.031
2733.52135 19.122 0.057
2733.53241 19.217 0.061
2733.54314 19.486 0.067
2733.55423 19.400 0.065
2733.56493 19.250 0.050
2733.57611 19.032 0.043
2733.58687 18.939 0.036
2733.59847 18.952 0.036
2733.60953 18.887 0.032
2733.62096 18.860 0.032
2733.63234 18.801 0.028
2733.64465 18.807 0.030
2733.65988 18.888 0.033
2733.67062 18.887 0.029
2733.68131 19.015 0.036
2733.69266 19.087 0.035
2733.70381 19.304 0.040
2733.71457 19.345 0.040
2733.72988 19.326 0.042
2733.74063 19.133 0.035
2733.75326 19.006 0.034
2733.76401 18.873 0.033
2733.77475 18.852 0.040
2733.78551 18.839 0.036
2734.52504 18.860 0.054
2734.55174 19.142 0.074
2734.56247 19.096 0.059
2734.58753 19.376 0.059
2734.59877 19.209 0.051
2734.60953 19.090 0.042
2734.62024 19.018 0.040
2734.63148 18.957 0.037
2734.64219 18.839 0.034
2734.65290 18.816 0.029
2734.66435 18.794 0.028
2734.67506 18.794 0.027
2734.68582 18.807 0.027
2734.69696 18.905 0.029
2734.70770 18.892 0.029
2734.71843 18.896 0.027
2734.72963 19.069 0.031
2734.74037 19.168 0.033
2734.75116 19.357 0.039
2734.76190 19.349 0.039
2734.77262 19.279 0.037
2734.78331 19.087 0.032
2735.52260 18.803 0.036
2735.53377 18.781 0.036
2735.54509 18.841 0.037
2735.55624 18.863 0.037
2735.56760 18.921 0.036
2735.57902 18.961 0.039
2735.58972 19.048 0.040
2735.60413 19.186 0.042
2735.61520 19.303 0.045
2735.62592 19.371 0.046
2735.63729 19.206 0.041
2735.64895 19.104 0.037
2735.66029 19.006 0.033
2735.67159 18.895 0.030
2735.68272 18.906 0.031
2735.69342 18.757 0.025
2735.70580 18.800 0.028
2735.71655 18.829 0.028
2735.72812 18.852 0.028
2735.73964 18.861 0.027
2735.75098 18.919 0.028
2735.76172 19.011 0.031
2735.77247 19.096 0.032
2735.78857 19.378 0.041
2735.79929 19.287 0.040
2743.52406 18.853 0.042
2743.53480 18.947 0.044
2743.54550 18.998 0.046
2743.55626 19.057 0.049
2743.56696 19.191 0.050
2743.57769 19.295 0.057
2743.58842 19.364 0.058
2743.59967 19.183 0.057
2743.61041 19.042 0.044
2743.67290 18.777 0.031
2743.68360 18.730 0.029
2743.69435 18.883 0.031
2743.70508 18.889 0.032
2743.71583 18.943 0.033
2743.72654 19.074 0.034
2743.73846 19.223 0.043
2743.74919 19.341 0.043
2743.75996 19.359 0.045
2744.48864 18.781 0.047
2744.52025 18.887 0.053
2744.53035 18.796 0.050
2744.54048 18.790 0.047
2744.55061 18.821 0.043
2744.56071 18.796 0.046
2744.57079 18.909 0.047
2744.58125 18.925 0.045
2744.59134 18.990 0.045
2744.60145 19.131 0.049
2744.61150 19.162 0.049
2744.62159 19.405 0.055
2744.63173 19.314 0.053
2744.64636 19.111 0.043
2744.65642 18.964 0.038
2744.66651 18.901 0.035
2744.70629 18.845 0.029
2744.71642 18.800 0.028
2744.72654 18.865 0.030
2744.73663 18.885 0.032
2744.74672 18.888 0.031
2744.76345 19.018 0.030
2745.49964 19.312 0.085
2745.51040 19.267 0.090
2745.52113 19.068 0.089
2745.53190 18.922 0.081
2745.55333 18.813 0.059
2745.58002 18.770 0.048
2745.59076 18.819 0.043
2745.60152 18.906 0.049
2745.61227 18.793 0.039
2745.62305 18.871 0.041
2745.63894 19.092 0.053
2745.64968 19.322 0.061
2745.66041 19.256 0.062
2745.67109 19.208 0.059
2745.68184 19.150 0.063
2748.52247 18.747 0.055
2748.55463 18.894 0.055
2748.56540 19.015 0.064
2748.59763 19.398 0.104
2748.60838 19.332 0.074
2748.61910 19.332 0.086
2748.62983 19.009 0.055
2748.64054 18.971 0.061
2748.65128 18.880 0.048
2748.66524 18.849 0.038
2748.67596 18.767 0.039
2748.68671 18.819 0.040
2748.69740 18.821 0.035
2748.70818 18.871 0.037
2748.71889 18.925 0.038
2748.73277 18.930 0.044
2748.74353 19.012 0.051
2748.75426 19.073 0.053
2748.76494 19.220 0.059
2748.77565 19.214 0.064
2749.48592 19.114 0.068
2749.49668 19.039 0.047
2749.50745 18.972 0.040
2749.51819 18.894 0.035
2749.52898 18.891 0.031
2749.53971 18.829 0.032
2749.55087 18.774 0.028
2749.56164 18.843 0.035
2749.57241 18.912 0.038
2749.58310 18.881 0.033
2749.59385 18.943 0.035
2749.60461 18.976 0.034
2749.61570 19.111 0.043
2749.62642 19.320 0.050
2749.63717 19.408 0.051
2749.64794 19.316 0.052
2749.65869 19.169 0.043
2749.66944 19.051 0.040
2749.68091 18.961 0.036
2749.69165 18.891 0.032
2749.70235 18.865 0.031
2749.72134 18.853 0.033
2749.73207 18.835 0.032
2749.74284 18.834 0.031
2749.75350 18.859 0.031
2749.76422 18.914 0.038
2749.77497 18.946 0.040
2749.79027 19.206 0.056
2749.80099 19.324 0.061
2749.81939 19.387 0.072
2749.83007 19.245 0.070
2749.84082 18.980 0.056
2749.85159 19.051 0.060
2749.86226 18.976 0.063
2750.53614 19.068 0.054
2750.54687 18.960 0.047
2750.56863 18.720 0.035
2750.57934 18.865 0.035
2750.59002 18.875 0.036
2750.60081 18.800 0.031
2750.61721 18.836 0.032
2750.62794 18.882 0.032
2750.63866 18.928 0.032
2750.64940 19.047 0.036
2750.66013 19.188 0.041
2750.67475 19.313 0.044
2750.68545 19.305 0.046
2750.69619 19.223 0.041
2750.70752 19.026 0.034
2750.72102 18.952 0.032
2750.73173 18.930 0.035
2750.74244 18.870 0.032
2750.75317 18.845 0.030
2750.76391 18.772 0.027
2750.77466 18.872 0.031
2750.78604 18.859 0.032
2750.79674 18.892 0.033
2750.80743 18.999 0.042
2750.82982 19.162 0.049
2750.84052 19.287 0.057
2750.85131 19.341 0.066
2750.86203 19.226 0.052
2750.87275 19.113 0.055
2751.48139 18.919 0.055
2751.49213 18.850 0.046
2751.50291 18.928 0.043
2751.51362 19.018 0.042
2751.52435 19.126 0.047
2751.53509 19.236 0.045
2751.54627 19.301 0.049
2751.55705 19.197 0.047
2751.56779 19.114 0.040
2751.57853 18.981 0.038
2751.59669 18.907 0.035
2751.60748 18.923 0.039
2751.61823 18.833 0.033
2751.62895 18.815 0.037
2751.63972 18.731 0.031
2751.65045 18.893 0.039
2751.68233 18.940 0.034
2751.69306 19.096 0.044
2751.70379 19.288 0.050
2751.71452 19.399 0.057
2751.72523 19.437 0.057
2751.73592 19.117 0.048
2751.74014 19.076 0.044
2751.75584 18.987 0.045
2751.77137 18.794 0.036
2751.78212 18.775 0.040
2751.79287 18.751 0.043
2751.80362 18.838 0.038
2751.81436 18.828 0.037
2751.82509 18.758 0.041
2751.84057 18.931 0.060
2751.85134 18.992 0.054
2751.86210 19.274 0.070
2751.87284 19.234 0.078
2751.88356 19.370 0.077
2752.47801 18.919 0.063
2752.48876 18.772 0.061
2752.49950 18.861 0.052
2752.51026 18.881 0.047
2752.52097 18.954 0.053
2752.53172 19.011 0.049
2752.54313 18.984 0.045
2752.55385 19.161 0.062
2752.56461 19.112 0.056
2752.57535 19.383 0.065
2752.58609 19.330 0.063
2752.59684 19.247 0.055
2752.60958 19.113 0.047
2752.62031 18.879 0.033
2752.63100 18.940 0.041
2752.64172 18.973 0.049
2752.65248 18.821 0.042
2752.66322 18.845 0.041
2752.68428 18.866 0.043
2752.71853 18.966 0.052
2752.72915 19.224 0.053
2752.74304 19.325 0.065
2753.71368 18.860 0.030
2753.72376 18.763 0.030
2753.73388 18.883 0.035
2753.74395 18.915 0.035
2753.75406 18.952 0.037
2753.76417 19.059 0.044
2753.77465 19.124 0.054
2753.79034 19.242 0.051
2753.80096 19.310 0.056
2753.81160 19.176 0.048
2753.82220 19.065 0.042
2753.83279 18.985 0.043
2754.49560 19.396 0.078
2754.50636 19.135 0.055
2754.51715 18.992 0.043
2754.52788 18.882 0.038
2754.53861 18.871 0.038
2754.54937 18.856 0.035
2754.56040 18.823 0.033
2754.57113 18.794 0.031
2754.58187 18.832 0.032
2754.59259 18.908 0.032
2754.60334 18.888 0.032
2754.61833 18.963 0.030
2754.62897 19.053 0.036
2754.63973 18.994 0.035
2754.65047 19.251 0.041
2754.66126 19.325 0.043
2754.67200 19.229 0.042
2754.68272 19.124 0.045
2754.69480 18.964 0.036
2754.70555 18.887 0.036
2754.71627 18.944 0.033
2754.72700 18.900 0.033
2754.73777 18.831 0.031
2754.74845 18.809 0.032
2755.49755 19.101 0.065
2755.51425 19.269 0.065
2755.52496 19.352 0.061
2755.53569 19.370 0.078
2755.54637 19.131 0.048
2755.55708 19.047 0.050
2755.56784 18.992 0.049
2755.57921 18.879 0.034
2755.58996 18.773 0.033
2755.60068 18.805 0.034
2755.61866 18.822 0.031
2755.62936 18.843 0.030
2755.64010 18.860 0.029
2755.65080 18.969 0.031
2755.66153 19.011 0.031
2755.67230 19.159 0.038
2755.68303 19.161 0.037
2755.69436 19.429 0.048
2755.70503 19.352 0.041
2755.71575 19.226 0.041
2755.72647 19.145 0.034
2755.73718 18.892 0.031
2755.74795 18.948 0.038
2756.52315 18.942 0.051
2756.53792 19.071 0.049
2756.55664 19.401 0.067
2756.57204 19.311 0.078
2756.58673 19.284 0.079
2756.60141 18.990 0.050
2756.61611 18.870 0.037
2756.63082 18.821 0.032
2756.64551 18.792 0.029
2756.67308 18.819 0.032
2756.68778 18.895 0.033
2756.70249 19.064 0.036
2756.71717 19.332 0.049
2756.73183 19.290 0.053
2756.74661 19.297 0.041
2756.76372 19.069 0.040
2756.77845 18.942 0.036
2756.79325 18.926 0.037
2756.80806 18.876 0.043
2757.49174 18.848 0.045
2757.50244 18.836 0.042
2757.51314 18.811 0.035
2757.52384 18.834 0.040
2757.53454 18.892 0.036
2757.54531 18.886 0.040
2757.55606 18.868 0.035
2757.57968 19.155 0.042
2757.59045 19.217 0.041
2757.65294 18.879 0.028
2757.67458 18.856 0.026
2757.68524 18.815 0.027
2757.69596 18.799 0.027
2757.70665 18.908 0.031
2757.71737 18.800 0.029
2757.73202 18.958 0.035
2757.74266 19.011 0.039
2757.75347 19.163 0.042
2759.49728 19.120 0.069
2759.62350 18.902 0.038
2759.63425 18.940 0.040
2759.64502 19.102 0.045
2759.65576 19.054 0.040
2759.66656 19.261 0.045
2759.67729 19.424 0.051
2759.68861 19.333 0.048
2759.69935 19.078 0.040
2759.71006 19.087 0.046
2759.72078 18.839 0.042
2759.73545 18.910 0.038
2759.74619 18.856 0.038
2759.75687 18.757 0.034
2759.76761 18.848 0.036
2760.49656 18.976 0.048
2760.50731 18.961 0.044
2760.51807 19.014 0.049
2760.52877 19.302 0.057
2760.53946 19.415 0.054
2760.55082 19.255 0.058
2760.56151 19.166 0.045
2760.57221 19.098 0.038
2760.58295 19.013 0.035
2760.59365 18.938 0.035
2760.60440 18.845 0.031
2760.61994 18.797 0.030
2760.63068 18.768 0.028
2760.64142 18.830 0.030
2760.66047 18.858 0.031
2760.67113 18.932 0.033
2760.68188 18.923 0.033
2760.69264 19.085 0.038
2760.70835 19.379 0.051
2760.71903 19.237 0.041
2760.73947 19.207 0.046
2760.75014 18.999 0.041
2760.76089 18.965 0.040
2760.77168 18.866 0.039
2761.50364 18.809 0.039
2761.51440 18.823 0.037
2761.52516 18.852 0.034
2761.53588 18.980 0.038
2761.54661 19.018 0.037
2761.55734 19.079 0.037
2761.56910 19.221 0.041
2761.57983 19.388 0.043
2761.59054 19.336 0.041
2761.60126 19.205 0.040
2761.61197 19.083 0.036
2761.62271 18.945 0.035
2761.63378 18.868 0.035
2761.64449 18.827 0.030
2761.65524 18.815 0.029
2761.66623 18.806 0.028
2761.67693 18.803 0.028
2761.68767 18.899 0.031
2761.69838 18.876 0.034
2761.70913 18.903 0.031
2761.71987 18.945 0.032
2761.74804 19.393 0.051
2761.75873 19.380 0.048
2761.76948 19.208 0.040
2762.49223 18.865 0.040
2762.50295 18.929 0.038
2762.51373 18.770 0.039
2762.52444 18.824 0.035
2762.53515 18.678 0.036
2762.55715 18.838 0.037
2762.56787 18.912 0.041
2762.57862 18.987 0.042
2762.58937 19.072 0.043
2762.60098 19.165 0.041
2762.61170 19.336 0.053
2762.62237 19.307 0.051
2762.63309 19.714 0.093
2762.64382 19.174 0.046
2762.65451 19.002 0.037
2762.66608 18.889 0.031
2762.67677 18.863 0.033
2762.69633 18.692 0.035
2762.70699 18.677 0.034
2762.71774 18.896 0.039
2762.73601 18.908 0.040
2762.74675 18.956 0.047
2763.52014 18.961 0.048
2763.53081 18.904 0.049
2763.54156 18.840 0.041
2763.55234 18.786 0.037
2763.56310 18.872 0.035
2763.57382 18.788 0.031
2763.59144 18.791 0.033
2763.60218 18.823 0.038
2763.61293 18.962 0.036
2763.62414 19.032 0.039
2763.63486 19.176 0.040
2763.64554 19.255 0.043
2763.66700 19.221 0.042
2763.67773 19.130 0.041
2763.68940 19.066 0.046
2763.70015 18.976 0.032
2763.71086 18.921 0.032
2763.73600 18.888 0.032
2763.74675 18.790 0.029
2763.75750 18.854 0.034
2764.49029 18.939 0.043
2764.50105 19.142 0.047
2764.51180 19.252 0.052
2764.52259 19.347 0.055
2764.53329 19.269 0.059
2764.54405 19.256 0.051
2764.55580 19.048 0.041
2764.56841 18.861 0.039
2764.57915 18.878 0.035
2764.58989 18.834 0.030
2764.60062 18.834 0.034
2764.61135 18.781 0.033
2764.62640 18.858 0.034
2764.63705 18.870 0.032
2764.64779 18.862 0.028
2764.65852 18.977 0.032
2764.68550 19.289 0.044
2764.69618 19.387 0.060
2764.70690 19.311 0.051
2764.71759 19.224 0.044
2764.72830 19.130 0.041
2764.73997 18.883 0.034
2764.75069 18.866 0.035
2765.49089 18.813 0.043
2765.50163 18.861 0.045
2765.51237 18.920 0.049
2765.52311 18.939 0.046
2765.53385 19.108 0.050
2765.54456 19.201 0.046
2765.55582 19.297 0.046
2765.56656 19.429 0.051
2765.57727 19.241 0.040
2765.58798 19.075 0.036
2765.59875 18.959 0.034
2765.60950 18.929 0.031
2765.62478 18.872 0.029
2765.63553 18.819 0.028
2765.64628 18.824 0.030
2765.65703 18.840 0.030
2765.67914 18.803 0.033
2765.68986 18.880 0.036
2765.72453 19.292 0.049
2765.73530 19.257 0.055
2765.74605 19.304 0.063
2765.75683 19.057 0.048
2766.49880 18.803 0.038
2766.50952 18.906 0.039
2766.52031 18.812 0.036
2766.53101 18.884 0.037
2766.54178 18.870 0.034
2766.55254 18.861 0.031
2766.56365 19.001 0.034
2766.57440 19.050 0.033
2766.58514 19.265 0.038
2766.59587 19.368 0.040
2766.60982 19.287 0.037
2766.62054 19.176 0.034
2766.63129 19.050 0.031
2766.64200 18.952 0.032
2766.65722 18.907 0.030
2766.66790 18.860 0.029
2766.67864 18.842 0.034
2766.68939 18.866 0.031
2766.70459 18.889 0.028
2766.71526 18.901 0.030
2766.72601 18.980 0.032
2766.73677 18.934 0.029
2766.74752 19.061 0.033
2766.75832 19.232 0.040
2766.76903 19.330 0.048
2767.48979 19.129 0.065
2767.50054 18.985 0.056
2767.51132 18.965 0.056
2767.52205 18.899 0.051
2767.53274 18.883 0.045
2767.54348 18.770 0.036
2767.55497 18.818 0.037
2767.56566 18.829 0.040
2767.57641 18.791 0.035
2767.58719 18.920 0.037
2767.59795 18.854 0.032
2767.61504 19.097 0.045
2767.62575 19.160 0.046
2767.67013 19.009 0.036
2767.68081 18.976 0.041
2767.69153 18.887 0.039
2767.70227 18.948 0.039
2767.71298 18.775 0.033
2767.72366 18.844 0.037
2767.73439 18.899 0.043
2767.74558 18.803 0.038
2767.75627 18.851 0.046
2767.76698 18.942 0.054
2768.49613 19.615 0.110
2768.50688 19.387 0.071
2768.51765 19.269 0.063
2768.52837 19.171 0.056
2768.53913 18.898 0.042
2768.54989 18.954 0.047
2768.56149 18.914 0.039
2768.57224 18.849 0.037
2768.58298 18.856 0.039
2768.59371 18.757 0.032
2768.60443 18.846 0.030
2768.61559 18.796 0.032
2768.62622 18.917 0.038
2768.63689 18.999 0.038
2768.64765 19.088 0.033
2768.65938 19.122 0.033
2768.67016 19.441 0.045
2768.68089 19.426 0.045
2768.69158 19.249 0.042
2768.70232 19.143 0.041
2768.71304 18.997 0.043
2768.72803 18.935 0.034
2768.73876 18.842 0.032
2768.74953 18.837 0.035
2768.76027 18.786 0.040
2768.77163 18.820 0.035
2775.49170 18.885 0.075
2775.50244 18.799 0.069
2775.51317 18.888 0.070
2775.52386 18.819 0.055
2775.53894 18.860 0.054
2776.77638 19.012 0.066
2776.78710 19.121 0.070
2776.79786 19.236 0.090
2776.80862 19.522 0.116
2776.81936 19.236 0.092
2776.83012 19.204 0.091
2777.48359 19.146 0.064
2777.49434 19.194 0.065
2777.50505 19.384 0.066
2777.51580 19.198 0.055
2777.53233 19.081 0.044
2777.54305 18.947 0.051
2777.55382 18.955 0.047
2777.56455 18.791 0.048
2777.57529 18.845 0.048
2777.59080 18.838 0.039
2777.60147 18.835 0.037
2777.61222 18.794 0.034
2777.62293 18.924 0.038
2777.63364 18.998 0.038
2777.64435 19.057 0.043
2777.65506 19.175 0.047
2777.67696 19.436 0.063
2777.68765 19.154 0.054
2777.69839 19.082 0.044
2777.70917 18.956 0.042
2777.71986 18.995 0.039
2777.73058 18.911 0.036
2777.74130 18.856 0.034
2777.75387 18.727 0.035
2777.76458 18.757 0.038
2777.77528 18.843 0.042
2777.78601 18.818 0.050
2777.79682 18.956 0.050
2777.80753 18.993 0.053
2777.81932 19.134 0.071
2777.83005 19.206 0.089
2783.55982 19.391 0.048
2784.51603 18.848 0.035
2785.50278 18.926 0.044
2785.51783 18.896 0.040
2785.52852 18.892 0.044
2785.53927 18.768 0.037
2785.55005 18.818 0.038
2785.56077 18.838 0.038
2785.57150 18.857 0.036
2786.48860 19.280 0.094
2786.49932 19.224 0.082
2786.51002 19.310 0.077
2786.52262 19.153 0.077
2787.58155 18.936 0.034
2793.47806 18.829 0.052
2793.48815 18.860 0.054
2793.49826 18.723 0.044
2793.50990 18.772 0.046
2793.51999 18.814 0.046
2793.53394 18.865 0.043
2794.48824 19.063 0.065
2794.49832 19.020 0.055
2794.51848 18.918 0.057
2794.52908 18.880 0.043
2795.53375 18.806 0.026
2795.54726 19.253 0.043
2796.48527 18.899 0.030
2796.50023 18.990 0.032
2796.51092 19.056 0.032
2796.52169 19.241 0.036
2796.53244 19.290 0.035
2797.50326 18.804 0.025
2797.51403 18.856 0.025
2797.52475 18.901 0.028
2797.53556 18.947 0.030
2803.50313 18.816 0.076
2803.52458 18.732 0.058
2804.47216 19.150 0.090
2804.48292 19.070 0.097
2804.49364 19.290 0.110
2804.50647 19.287 0.102
2804.51717 19.071 0.091
2804.53276 19.038 0.066
2804.54345 19.011 0.065
2804.55422 18.969 0.066
2804.56492 18.822 0.044
2804.57567 18.867 0.055
2804.58641 18.851 0.052
2804.59715 18.755 0.045
2804.61127 18.894 0.053
2804.62200 18.971 0.065
2804.63271 19.007 0.074
2804.64346 19.152 0.092
2804.65736 19.240 0.079
2804.66810 19.194 0.070
2804.67882 19.592 0.114
2804.68963 19.259 0.110
2804.70034 19.131 0.074
2804.71548 18.947 0.061
2804.72615 18.853 0.061
2804.73689 18.806 0.053
2804.74763 18.892 0.092
2804.76917 18.714 0.063
2809.49925 19.135 0.049
2809.50999 19.313 0.056
2809.52072 19.399 0.056
2809.53144 19.186 0.047
2809.54219 19.074 0.042
2810.47954 18.772 0.031
2810.49031 18.911 0.034
2810.50101 18.914 0.032
2810.51180 18.893 0.033
2810.52248 19.001 0.034
2810.53320 19.136 0.045
2811.49877 18.785 0.040
2811.50950 18.846 0.039
2811.52023 18.843 0.034
2811.53101 18.797 0.029
2812.48780 19.086 0.038
2812.49852 18.955 0.030
2812.50929 18.849 0.032
2812.52002 18.848 0.034
2813.48248 19.249 0.063
2813.49320 19.424 0.067
2813.50396 19.364 0.064
2813.51468 19.195 0.051
2813.52980 19.001 0.044
2814.48028 18.944 0.038
2814.49097 18.904 0.039
2814.50169 18.953 0.045
2814.51245 19.126 0.048
2814.52317 19.313 0.052
2815.46509 18.812 0.042
2815.47582 18.766 0.038
2815.48657 18.794 0.037
2815.49726 18.879 0.044
2815.50798 18.902 0.045
2815.52349 18.865 0.041
2816.47816 19.045 0.039
2816.49085 18.883 0.030
2816.50149 18.955 0.032
2816.51223 18.786 0.027
2816.52302 18.823 0.030
2817.47865 19.315 0.067
2817.48941 19.341 0.068
2817.50015 19.103 0.054
2817.51083 19.092 0.046
2817.52160 18.957 0.043
2818.46801 18.857 0.036
2818.47878 18.916 0.038
2818.48953 19.007 0.040
2818.50026 19.255 0.047
2818.51099 19.326 0.045
2819.47799 18.692 0.037
2819.51062 18.853 0.037
2819.52135 18.985 0.041
2820.47627 18.913 0.040
2820.48699 18.811 0.034
2820.49770 18.831 0.036
2821.47076 19.245 0.048
2821.48150 19.142 0.049
2821.49220 19.000 0.037
2821.50294 18.926 0.035
2830.47776 19.098 0.066
2830.53151 18.844 0.048
2831.47691 19.181 0.053
2831.49622 19.454 0.055
2831.50739 19.236 0.046
2831.52593 19.072 0.049
2831.53709 18.925 0.048
2831.55039 18.838 0.051
2831.56176 18.845 0.044
2831.57250 18.802 0.038
2831.59124 18.897 0.046
2831.60242 18.878 0.046
2831.61314 18.888 0.044
2831.62387 18.904 0.049
2831.63463 19.035 0.057
2831.64538 19.131 0.063
2831.65616 19.170 0.065
2831.66868 19.375 0.071
2831.67941 19.182 0.060
2831.69061 19.122 0.064
2831.70137 19.163 0.065
2831.71209 18.924 0.073
2832.47931 18.908 0.035
2832.49008 18.897 0.036
2832.50082 19.035 0.041
2832.51153 19.171 0.052
2832.52228 19.351 0.069
2832.53299 19.306 0.069
2832.54934 19.211 0.055
2832.56636 18.989 0.046
2832.58325 18.857 0.039
2832.59400 18.834 0.037
2832.60534 18.930 0.045
2832.61653 18.830 0.045
2832.63134 18.796 0.048
2832.64207 18.772 0.046
2832.65279 18.802 0.051
2832.66351 18.947 0.053
2832.67423 18.994 0.053
2832.68608 19.007 0.053
2832.69681 19.359 0.078
2832.70754 19.315 0.070
2832.71828 19.226 0.067
2833.49362 18.759 0.057
2833.57149 19.196 0.084
2833.67746 18.841 0.060
2833.69219 18.846 0.053
2833.70295 18.967 0.057
2833.71364 18.915 0.058
2845.47762 19.024 0.066
2845.48834 19.149 0.069
2845.49906 19.291 0.075
2845.50981 19.341 0.065
2845.52050 19.414 0.072
2845.53123 19.231 0.067
3078.71245 18.794 0.029
3078.72316 18.834 0.026
3078.73386 18.895 0.028
3078.74455 18.848 0.025
3078.75528 18.912 0.027
3078.77010 19.052 0.033
3078.78077 19.241 0.038
3078.79145 19.389 0.040
3078.80217 19.282 0.034
3078.81288 19.165 0.031
3078.82358 19.039 0.030
3079.73430 18.838 0.022
3079.74501 18.788 0.021
3079.75573 18.783 0.021
3079.76646 18.846 0.022
3079.77720 18.860 0.023
3080.72870 19.011 0.031
3080.73942 19.029 0.031
3080.75016 18.937 0.030
3080.76091 18.855 0.030
3081.69911 18.968 0.028
3081.71039 19.054 0.028
3081.72112 19.155 0.034
3081.73242 19.347 0.041
3081.74507 19.330 0.045
3082.72660 18.890 0.023
3082.73764 18.963 0.023
3082.74835 19.100 0.028
3082.75908 19.206 0.030
3083.71328 18.817 0.024
3083.72398 18.767 0.022
3083.73468 18.802 0.022
3084.70485 19.035 0.030
3084.71556 18.941 0.029
3084.72627 18.897 0.025
3084.73695 18.834 0.024
3085.69902 19.148 0.038
3085.70969 19.299 0.039
3085.72040 19.355 0.040
3086.67871 18.808 0.027
3086.68977 18.830 0.025
3086.70046 18.905 0.027
3086.71119 18.952 0.029
3086.72191 18.993 0.028
3087.69552 18.889 0.029
3087.70620 18.802 0.026
3087.71689 18.852 0.030
3088.69218 19.130 0.037
3088.70288 18.887 0.027
3088.71407 18.935 0.027
3088.72475 18.828 0.025
3089.68223 19.156 0.035
3089.69294 19.362 0.040
3089.70364 19.360 0.040
3089.71479 19.161 0.033
3090.68897 18.895 0.029
3090.69971 18.949 0.029
3090.71040 19.127 0.033
3090.72111 19.184 0.035
3091.68957 18.782 0.026
3091.70025 18.891 0.028
3091.71094 18.861 0.027
3091.72604 18.899 0.026
3092.65779 19.137 0.059
3092.66851 19.046 0.042
3092.67922 18.906 0.032
3092.68997 18.834 0.029
3092.70065 18.850 0.028
3092.71642 18.745 0.025
3092.72842 18.801 0.024
3096.64121 19.003 0.049
3096.65190 19.234 0.062
3096.66264 18.918 0.042
3096.67336 18.991 0.048
3096.68403 18.683 0.036
3096.69474 18.815 0.035
3096.70658 18.827 0.032
3096.71730 18.810 0.030
3096.72800 18.814 0.030
3096.73872 18.856 0.030
3097.65692 19.400 0.052
3097.67314 19.252 0.045
3097.68385 19.116 0.037
3097.69457 19.015 0.037
3097.70527 18.934 0.033
3098.66450 18.983 0.031
3098.67524 19.079 0.035
3098.68592 19.270 0.038
3098.69662 19.329 0.038
3099.65552 18.776 0.050
3099.66619 18.822 0.037
3100.67768 18.789 0.035
3100.68840 18.835 0.036
3100.69914 18.831 0.037
3101.61918 19.105 0.054
3101.62985 19.253 0.062
3101.64060 19.534 0.090
3101.65584 19.134 0.060
3101.66656 19.188 0.077
3101.67727 18.958 0.048
3101.68793 18.893 0.048
3101.69867 18.815 0.040
3102.66641 19.277 0.052
3102.67714 19.324 0.049
3102.68904 19.211 0.042
3103.65630 18.754 0.043
3103.66698 18.959 0.043
3103.67768 18.883 0.036
3103.69258 19.129 0.040
3104.65196 18.901 0.035
3104.66268 18.916 0.034
3104.67336 18.789 0.029
3104.68408 18.870 0.026
3105.64281 19.083 0.038
3105.65352 18.978 0.031
3105.66423 18.894 0.029
3105.67495 18.894 0.029
3105.68563 18.815 0.026
3105.69629 18.853 0.029
3105.71257 18.809 0.029
3105.72326 18.813 0.028
3106.64605 19.226 0.034
3106.65862 19.361 0.039
3106.66934 19.246 0.035
3106.68158 19.127 0.030
3106.69232 19.013 0.029
3107.65813 18.910 0.033
3107.66921 19.120 0.034
3107.68034 19.260 0.041
3107.69107 19.383 0.044
3108.65004 18.749 0.024
3108.66075 18.812 0.025
3108.67146 18.867 0.026
3109.63030 19.013 0.030
3109.65290 18.905 0.027
3109.66363 18.836 0.028
3109.67432 18.806 0.025
3110.64266 19.309 0.062
3110.65340 19.223 0.050
3111.62153 18.878 0.041
3111.63223 18.975 0.041
3111.64292 19.072 0.056
3111.65361 19.014 0.056
3112.62759 18.854 0.028
3112.63834 18.840 0.027
3112.65318 18.847 0.026
3112.66385 18.961 0.027
3113.60716 19.112 0.045
3113.61789 19.010 0.039
3113.62858 18.901 0.035
3113.63926 18.967 0.039
3113.64993 18.805 0.034
3113.66065 18.846 0.031
3114.63114 19.241 0.033
3114.64183 19.054 0.030
3114.65248 18.962 0.027
3116.61376 18.785 0.034
3116.62446 18.783 0.035
3116.63520 18.946 0.041
3116.64592 18.900 0.038
3118.68021 18.830 0.035
3118.69704 18.916 0.041
3122.53609 19.062 0.067
3122.55424 19.205 0.061
3122.56525 19.133 0.069
3122.57637 19.419 0.070
3122.59345 19.305 0.064
3122.60892 19.109 0.054
3122.62011 18.940 0.038
3122.63165 18.904 0.044
3124.59609 18.997 0.055
3124.60681 18.926 0.049
3124.61795 18.946 0.043
3124.62864 19.060 0.047
3124.63933 19.100 0.051
3125.57468 18.910 0.045
3125.58558 18.844 0.042
3125.59665 18.736 0.041
3125.60777 18.728 0.033
3128.56830 18.782 0.029
3128.57904 18.813 0.031
3128.58973 18.877 0.032
3128.60043 18.981 0.033
3130.54810 19.270 0.080
3130.55930 19.153 0.067
3130.57001 19.173 0.062
3130.58113 19.100 0.053
3130.59238 18.919 0.044
3130.60358 18.842 0.039
3131.56332 19.294 0.076
3131.57449 19.255 0.072
3131.58558 19.250 0.083
3131.59675 19.070 0.055
3132.57426 18.962 0.036
3132.58499 19.010 0.036
3132.59601 19.239 0.044
3132.60671 19.253 0.047
3132.61741 19.277 0.050
3132.62809 19.307 0.053
3132.63880 19.173 0.042
3132.64952 19.024 0.038
3132.66536 18.958 0.033
3132.71056 18.867 0.032
3132.72128 18.783 0.030
3132.73197 18.920 0.042
3132.74271 18.829 0.043
3132.76543 19.038 0.058
3132.77616 19.149 0.047
3132.78684 19.409 0.071
3132.79764 19.317 0.057
3132.80833 19.201 0.050
3132.82401 18.937 0.043
3132.83470 18.895 0.048
3132.84541 18.994 0.052
3132.85612 18.839 0.043
3132.87199 18.782 0.050
3132.88271 18.817 0.050
3132.89342 18.835 0.051
3133.58278 18.792 0.026
3133.59381 18.881 0.028
3133.60451 18.899 0.027
3133.61520 19.025 0.030
3133.62585 19.042 0.029
3133.63653 19.157 0.032
3133.64876 19.322 0.038
3133.67686 19.151 0.035
3133.68756 19.015 0.032
3133.69825 18.924 0.030
3133.70899 18.881 0.030
3133.73895 18.801 0.035
3133.74966 18.704 0.031
3133.76035 18.780 0.032
3133.77106 18.878 0.042
3133.78179 18.862 0.035
3133.79254 19.025 0.043
3133.80370 18.977 0.043
3133.81442 19.171 0.053
3133.82513 19.321 0.062
3133.83585 19.296 0.066
3133.84716 19.180 0.057
3133.85790 19.041 0.051
3133.86893 19.012 0.055
3133.87994 18.796 0.042
3135.51990 19.023 0.059
3135.53065 18.968 0.053
3135.54136 19.249 0.061
3135.55209 19.475 0.082
3135.57830 19.115 0.050
3135.58901 18.992 0.042
3135.59971 18.972 0.046
3135.61043 18.858 0.035
3135.62114 18.827 0.033
3137.47951 19.291 0.075
3137.49024 19.203 0.065
3137.50091 18.962 0.047
3137.51691 18.819 0.044
3137.52757 18.927 0.044
3137.53828 18.757 0.039
3137.55442 18.732 0.029
3137.56514 18.792 0.041
3137.57585 18.934 0.046
3137.59656 18.853 0.042
3137.61503 19.110 0.061
3138.51339 19.284 0.050
3138.52412 19.050 0.040
3138.54794 18.967 0.037
3138.55862 18.923 0.031
3138.56936 18.878 0.028
3138.58001 18.875 0.028
3139.50171 18.974 0.040
3139.51246 19.007 0.040
3139.52319 18.991 0.049
3139.53389 19.407 0.077
3139.54463 19.585 0.091
3139.56683 19.144 0.039
3139.58148 18.894 0.028
3139.62197 18.854 0.029
3139.63264 18.800 0.031
3140.55755 19.159 0.043
3140.56864 19.395 0.057
3140.57934 19.284 0.053
3141.57070 18.891 0.035
3141.58141 18.904 0.035
3141.59216 18.979 0.042
3142.48525 19.361 0.061
3142.49597 19.199 0.046
3142.50666 19.004 0.036
3142.51739 18.969 0.036
3142.54088 18.847 0.034
3142.55196 18.888 0.033
3142.56273 18.771 0.028
3142.57347 18.884 0.028
3144.54402 19.149 0.035
3144.55474 19.345 0.046
3144.56548 19.232 0.044
3144.57616 18.599 0.026
3144.58690 19.143 0.044
3145.54835 18.854 0.047
3145.55905 18.873 0.043
3145.56974 19.083 0.058
3145.58047 19.365 0.070
3145.59326 19.251 0.061
3145.60392 19.199 0.061
3145.61465 19.195 0.052
3145.62599 18.976 0.042
3145.63666 18.934 0.036
3145.64739 18.859 0.031
3145.65812 18.928 0.031
3146.54958 18.737 0.032
3146.56027 18.827 0.031
3146.57096 18.870 0.035
3146.60181 18.986 0.038
3146.61250 19.082 0.042
3147.51639 19.066 0.050
3147.52760 19.095 0.048
3147.53976 19.002 0.043
3147.55042 18.967 0.040
3147.56116 18.878 0.047
3147.57191 18.890 0.042
3147.58261 18.781 0.036
3147.59330 18.794 0.033
3147.60456 18.743 0.035
3147.61525 18.964 0.041
3151.48941 19.442 0.062
3151.50042 19.033 0.041
3151.51110 19.053 0.037
3151.52179 18.930 0.035
3151.53250 18.932 0.035
3151.54322 18.838 0.029
3151.55463 18.845 0.031
3152.53631 19.263 0.047
3152.55427 18.957 0.033
3152.56500 18.937 0.034
3153.50083 18.931 0.042
3153.52032 18.951 0.041
3153.53102 19.117 0.052
3153.54176 19.075 0.054
3153.55246 19.330 0.058
3153.56313 19.384 0.056
3154.53308 18.833 0.047
3154.54378 18.847 0.047
3154.57117 19.061 0.052
3154.58188 19.432 0.079
3154.59263 19.404 0.081
3154.60338 19.243 0.058
3156.48740 19.228 0.066
3156.49874 19.366 0.069
3156.50945 19.321 0.067
3156.52072 19.283 0.064
3156.53142 19.027 0.046
3156.54216 18.904 0.038
3158.47661 18.790 0.071
3158.48836 18.865 0.065
3158.49934 18.881 0.055
3158.51005 18.765 0.055
3158.52078 18.839 0.061
3158.53148 19.098 0.113
3159.46025 19.186 0.072
3159.47150 18.996 0.053
3159.48430 18.836 0.046
3159.49543 18.989 0.064
3159.51242 18.827 0.042
3159.52365 18.868 0.041
3159.63430 19.017 0.058
3159.64561 19.047 0.054
3159.65629 18.926 0.051
3159.66756 18.902 0.053
3159.67825 18.851 0.055
3160.50898 19.026 0.042
3160.52009 18.911 0.041
3160.53081 18.829 0.036
3160.54180 18.882 0.038
3160.55254 18.875 0.040
3160.56325 18.776 0.036
3160.61252 18.898 0.038
3160.63995 19.255 0.053
3160.69693 18.904 0.037
3160.70787 18.869 0.037
3162.46536 18.823 0.039
3162.48836 18.844 0.034
3162.49967 18.916 0.034
3162.51041 18.886 0.031
3162.52111 18.914 0.035
3162.53211 18.997 0.037
3163.46735 18.987 0.034
3163.47926 18.888 0.032
3163.49064 18.804 0.027
3163.50180 18.831 0.028
3163.51249 18.774 0.027
3164.46063 19.304 0.048
3164.47161 19.282 0.041
3164.49054 19.011 0.032
3164.50299 18.984 0.031
3164.51371 18.965 0.029
3165.45612 18.934 0.052
3165.46853 19.121 0.045
3165.47977 19.162 0.042
3165.49081 19.307 0.046
3165.50192 19.362 0.045
3165.51265 19.274 0.044
3167.48315 18.716 0.045
3167.49427 18.764 0.040
3167.50521 18.849 0.039
3168.46120 19.071 0.035
3168.47191 19.022 0.032
3168.48260 18.860 0.030
3168.49335 18.888 0.030
3168.50407 18.892 0.031
3169.46668 19.200 0.051
3169.47743 19.319 0.061
3169.50019 19.085 0.039
3171.46748 18.899 0.029
3171.47818 18.810 0.028
3171.48885 18.821 0.025
3171.49951 18.868 0.026
3172.49264 18.802 0.029
3174.46001 18.932 0.033
3174.47070 19.060 0.033
3174.48139 19.217 0.037
3174.49211 19.361 0.047
3175.46456 18.809 0.035
3175.47532 18.894 0.032
3175.48601 18.822 0.029
3176.46718 18.834 0.051
3178.45993 19.195 0.052
3178.47062 19.523 0.071
3178.48276 19.330 0.057
3179.47179 18.940 0.032
3179.48266 18.993 0.033
3179.49333 19.169 0.032
3180.46415 18.781 0.030
3180.47482 18.776 0.028
3183.46931 19.027 0.043
3184.46320 18.813 0.034
3185.46156 18.817 0.036
3215.48973 19.168 0.071
3215.50041 19.154 0.070
3215.51116 19.340 0.086
3216.47563 18.875 0.046
3216.48633 18.866 0.047
3216.49697 18.899 0.052
3216.50767 18.826 0.047
3216.51840 19.046 0.057
3216.52909 19.097 0.062
3216.54244 19.415 0.080
3216.55316 19.505 0.087
3216.56385 19.252 0.066
3216.57452 19.039 0.058
3216.58524 19.035 0.056
3216.59599 18.931 0.052
3216.61167 18.934 0.055
3216.62290 18.815 0.051
3216.63432 18.883 0.055
3515.68722 18.912 0.047
3515.69795 18.841 0.042
3515.70872 18.882 0.041
3516.63431 19.429 0.055
3516.64503 19.400 0.044
3516.65571 19.106 0.038
3516.66644 18.889 0.033
3516.67715 18.923 0.048
3516.68789 18.938 0.049
3516.70364 18.896 0.056
3516.71438 18.666 0.045
3516.72511 18.737 0.029
3516.73582 18.751 0.042
3516.74656 18.890 0.038
3516.75730 18.971 0.055
3516.76890 18.905 0.039
3516.77967 19.066 0.054
3516.79041 19.254 0.078
3516.80114 19.559 0.116
3543.64020 19.262 0.061
3543.65094 19.060 0.064
3543.66168 19.038 0.072
3543.67241 18.895 0.072
3543.68314 19.036 0.081
3543.70498 18.998 0.073
3570.47380 19.286 0.048
3570.48483 19.006 0.042
3570.49553 18.978 0.041
3570.50625 18.888 0.042
3570.51702 18.888 0.042
3570.53031 18.804 0.036
3570.54235 18.777 0.031
3570.55304 18.857 0.040
3570.56378 18.938 0.040
3570.57473 18.955 0.040
3570.58542 19.004 0.042
3570.59616 18.974 0.053
3570.61492 19.223 0.046
3570.62627 19.440 0.065
3570.63725 19.429 0.072
3570.64846 19.271 0.070
3571.50983 19.229 0.056
3571.52191 19.081 0.048
3571.53297 18.947 0.043
3571.54371 18.919 0.043
3571.55612 18.856 0.051
3571.56686 18.889 0.059
3571.57760 18.715 0.052
3571.58835 18.671 0.045
3571.60370 18.709 0.048
3571.61485 18.940 0.061
3571.62703 18.944 0.055
3870.72246 19.418 0.083
3870.73323 19.111 0.056
3870.74396 18.976 0.048
3870.79804 18.948 0.058
4835.86085 19.282 0.049
4837.86531 18.936 0.047
4838.86152 18.888 0.029
4838.87229 18.871 0.043
4839.86631 18.988 0.034
4840.86626 19.375 0.047
4841.86828 18.904 0.034
4843.86911 18.849 0.035
4844.87242 19.289 0.052
4846.87097 18.861 0.027
4848.86208 18.977 0.035
4848.87327 18.920 0.040
4851.87779 18.754 0.036
4852.87154 18.774 0.026
4853.86761 19.106 0.030
4853.87836 19.205 0.047
4854.86844 19.162 0.034
4854.87936 19.268 0.052
4855.86195 18.799 0.026
4855.87268 18.891 0.030
4855.88351 18.989 0.052
4856.86196 18.863 0.023
4856.87276 18.813 0.021
4856.88362 18.893 0.028
4857.84820 19.171 0.037
4857.86792 19.008 0.028
4857.87878 18.876 0.030
4858.85012 19.214 0.034
4858.86084 19.317 0.040
4858.87165 19.563 0.047
4861.82369 19.216 0.040
4861.83427 19.024 0.035
4861.84490 19.070 0.039
4861.87387 18.823 0.028
4861.88442 18.814 0.034
4863.81226 18.880 0.025
4863.82283 18.907 0.027
4863.83342 19.034 0.032
4863.84401 18.980 0.030
4863.85459 19.055 0.030
4863.86541 19.133 0.033
4863.87599 19.207 0.038
4863.88660 19.303 0.049
4865.82374 19.057 0.033
4865.83436 18.939 0.029
4865.84504 18.966 0.036
4865.85561 18.904 0.035
4866.82170 19.339 0.048
4866.83231 19.363 0.049
4866.84291 19.243 0.042
4867.81134 18.940 0.033
4867.82194 18.972 0.034
4867.83250 19.032 0.035
4868.83486 18.845 0.023
4868.84547 18.880 0.024
4868.85732 18.914 0.026
4869.81221 18.908 0.032
4869.82281 18.938 0.031
4869.83339 18.870 0.033
4869.84397 18.764 0.025
4869.85457 18.820 0.026
4870.80900 19.431 0.053
4870.81958 19.216 0.045
4870.83018 19.115 0.038
4870.84074 19.074 0.037
4870.85133 18.942 0.033
4871.81391 18.927 0.044
4871.82632 19.146 0.057
4871.84392 19.298 0.062
4871.85577 19.148 0.056
4871.89123 19.006 0.049
4872.80332 18.882 0.042
4872.81390 18.855 0.039
4872.82449 18.852 0.041
4872.83524 18.766 0.036
4872.84582 19.003 0.043
4873.80233 18.929 0.031
4873.81292 18.878 0.033
4873.82348 18.831 0.030
4873.83412 18.792 0.029
4873.84465 18.855 0.030
4874.79624 19.403 0.055
4874.80674 19.400 0.053
4874.81732 19.141 0.041
4874.82790 19.095 0.040
4874.83850 18.977 0.040
4875.79995 19.119 0.036
4875.81054 19.217 0.042
4875.82110 19.320 0.043
4875.83168 19.439 0.050
4875.84220 19.255 0.040
4876.79682 18.825 0.028
4876.80741 18.859 0.028
4876.81798 18.940 0.032
4876.82857 19.028 0.036
4876.83916 19.109 0.036
4877.78221 18.959 0.033
4877.79278 18.915 0.031
4877.80339 18.873 0.029
4877.81397 18.873 0.030
4877.82459 18.881 0.029
4877.83528 18.814 0.028
4878.78025 19.271 0.046
4878.79125 19.188 0.040
4878.80184 19.027 0.038
4878.81246 18.928 0.040
4878.82303 18.995 0.040
4879.77102 19.097 0.043
4879.78184 19.137 0.043
4879.79243 19.224 0.044
4879.80301 19.513 0.058
4879.81362 19.369 0.061
4879.82466 19.147 0.047
4879.84402 19.109 0.045
4879.86392 18.848 0.036
4880.80498 18.935 0.028
4880.81587 19.101 0.035
4880.82648 19.165 0.049
4880.84245 19.358 0.047
4880.85302 19.530 0.048
4880.86362 19.304 0.047
4880.87422 19.108 0.039
4880.88502 18.969 0.033
4880.89561 18.886 0.034
4881.78565 18.878 0.026
4881.79628 18.852 0.026
4881.80686 18.859 0.029
4881.81745 18.919 0.029
4881.82798 18.863 0.026
4881.83862 18.967 0.029
4881.84922 19.031 0.031
4881.85981 19.143 0.039
4881.87042 19.252 0.038
4881.88098 19.416 0.048
4881.89196 19.309 0.044
4881.90255 19.072 0.058
4882.77668 19.100 0.028
4882.78728 18.990 0.028
4882.79785 18.906 0.028
4882.80841 18.885 0.025
4882.81897 18.857 0.025
4882.82959 18.843 0.023
4882.84013 18.807 0.021
4882.85074 18.896 0.024
4882.86129 18.878 0.024
4882.87187 18.935 0.027
4882.88261 18.949 0.029
4882.89317 19.052 0.032
4882.90374 19.089 0.046
4883.70585 18.676 0.025
4883.71642 18.803 0.029
4883.72700 18.869 0.035
4883.73756 18.987 0.032
4883.74815 18.941 0.034
4883.75971 19.054 0.034
4883.77025 19.265 0.042
4883.78085 19.407 0.048
4883.79185 19.401 0.057
4883.80243 19.263 0.046
4883.81301 19.169 0.039
4883.82380 18.987 0.039
4883.83481 18.882 0.038
4884.71163 18.877 0.026
4884.72222 18.797 0.027
4884.73279 18.756 0.025
4884.74335 18.810 0.026
4884.75391 18.911 0.031
4884.76544 18.789 0.023
4884.77603 18.927 0.028
4885.73560 18.931 0.030
4885.74616 18.836 0.027
4885.75678 18.936 0.028
4885.76738 18.781 0.026
4885.77796 18.831 0.027
4885.78905 18.801 0.026
4885.79963 18.843 0.028
4886.72319 19.300 0.040
4886.73376 19.367 0.044
4886.74435 19.267 0.035
4886.75493 19.159 0.033
4886.76549 19.013 0.031
4886.77761 18.893 0.027
4887.67756 18.873 0.028
4887.68837 18.792 0.023
4887.69896 18.859 0.027
4887.70959 18.890 0.026
4887.72016 19.044 0.028
4887.73126 18.988 0.027
4887.74184 20.508 0.103
4887.76173 19.396 0.039
4887.77363 19.449 0.039
4887.78440 19.304 0.033
4888.68572 18.960 0.031
4888.69629 18.888 0.029
4888.70690 18.872 0.025
4888.71753 18.843 0.024
4888.72810 18.805 0.025
4888.73912 18.927 0.025
4888.74969 18.899 0.029
4888.76080 18.913 0.027
4888.77179 18.937 0.025
4889.67938 19.305 0.041
4889.68996 19.248 0.042
4890.69181 19.161 0.040
4890.70236 19.354 0.043
4890.71297 19.382 0.043
4890.72358 19.311 0.037
4890.73417 19.116 0.028
4890.74521 18.995 0.028
4890.75607 18.894 0.027
4890.76795 18.873 0.026
4891.67946 18.815 0.038
4891.69000 18.865 0.041
4891.70058 18.890 0.037
4891.71119 18.910 0.032
4891.72180 19.016 0.036
4891.73329 19.245 0.041
4891.74517 19.432 0.042
4891.75675 19.304 0.042
4892.69016 18.844 0.035
4892.70076 18.860 0.034
4892.71133 18.828 0.030
4892.72188 18.844 0.031
4892.73247 18.820 0.029
4892.74368 18.841 0.031
4892.75634 19.104 0.042
4894.67696 19.213 0.053
4894.69813 19.501 0.079
4894.76946 18.802 0.039
4895.69406 18.973 0.031
4895.70462 19.225 0.037
4895.71523 19.239 0.038
4895.72579 19.345 0.050
4895.73640 19.365 0.048
4895.74808 19.222 0.041
4896.69799 18.801 0.032
4896.70862 18.922 0.031
4896.71921 18.992 0.046
4896.72987 18.842 0.033
4896.74046 19.050 0.034
4896.75154 19.133 0.034
4896.76215 19.353 0.041
4897.67188 18.995 0.050
4897.72187 18.847 0.036
4897.73274 18.964 0.034
4897.74333 18.882 0.030
4898.68540 19.336 0.057
4898.69656 19.197 0.050
4898.70719 19.010 0.048
4898.71776 18.907 0.035
4898.72839 18.756 0.034
4898.73900 18.904 0.036
4898.75282 18.753 0.031
4899.67888 18.948 0.036
4899.68947 19.192 0.044
4899.70009 19.340 0.049
4900.72107 19.115 0.043
4900.73168 19.204 0.047
4900.74225 19.393 0.058
4900.75284 19.408 0.058
4900.76344 19.285 0.050
4900.77431 19.173 0.048
4900.78493 19.020 0.040
4901.69959 18.853 0.038
4901.71019 18.838 0.036
4901.72076 18.829 0.035
4901.73135 18.945 0.042
4901.74195 18.911 0.040
4901.75291 18.937 0.039
4901.76351 19.133 0.045
4901.77410 19.297 0.050
4902.70896 18.952 0.038
4902.71953 18.849 0.036
4902.73008 18.790 0.034
4902.74069 18.800 0.033
4902.75128 18.789 0.034
4902.76205 18.920 0.035
4902.77262 18.912 0.034
4902.78320 18.950 0.036
4903.69428 19.173 0.061
4903.70487 19.348 0.055
4903.71549 19.115 0.045
4903.72607 19.001 0.044
4903.73662 19.034 0.042
4903.74750 18.887 0.037
4903.75807 18.817 0.030
4903.76866 18.823 0.029
4903.77924 18.795 0.030
4904.67764 18.827 0.046
4904.68824 18.993 0.049
4904.69884 19.071 0.040
4904.70944 19.109 0.048
4904.72002 19.241 0.060
4904.73095 19.479 0.069
4904.74153 19.259 0.060
4904.75211 19.093 0.043
4904.76265 19.093 0.044
4904.77328 18.971 0.033
4905.68554 18.818 0.047
4905.78360 19.308 0.052
4905.79420 19.179 0.048
4905.80481 18.949 0.044
4905.81542 18.851 0.043
4905.82599 18.807 0.036
4907.66565 19.362 0.051
4907.67622 19.505 0.051
4907.68680 19.257 0.045
4907.69740 19.150 0.038
4907.70798 19.047 0.033
4907.71889 18.935 0.032
4907.72948 18.950 0.033
4907.74009 18.912 0.031
4907.75069 18.782 0.036
4907.76126 18.890 0.036
4907.77238 18.854 0.034
4907.78296 18.859 0.036
4907.79353 18.918 0.031
4907.81458 19.215 0.055
4907.82517 19.039 0.057
4907.83582 19.438 0.077
4907.85701 19.273 0.070
4907.86810 18.991 0.038
4907.87867 19.104 0.053
4907.88925 18.971 0.044
4907.89985 18.984 0.046
4907.91042 18.988 0.065
4908.69832 19.353 0.047
4908.70892 19.328 0.049
4908.71949 19.335 0.044
4908.73010 19.221 0.038
4908.74070 19.047 0.040
4908.75160 18.996 0.034
4908.76216 17.433 0.010
4908.77279 18.838 0.026
4908.78339 18.866 0.032
4908.79401 18.860 0.029
4908.80485 18.841 0.030
4908.81541 18.994 0.037
4908.83673 19.030 0.038
4908.84736 18.984 0.034
4908.86853 19.220 0.044
4908.87909 19.277 0.043
4909.66900 18.840 0.031
4909.67960 18.759 0.033
4909.69019 18.860 0.038
4909.70080 18.928 0.034
4909.71137 19.055 0.037
4909.72210 19.084 0.035
4909.73268 19.201 0.038
4909.74325 19.384 0.052
4909.75386 19.320 0.050
4909.76449 19.187 0.044
4909.77536 18.981 0.038
4909.78597 18.989 0.039
4909.79654 19.039 0.047
4909.80711 18.873 0.040
4909.81771 18.884 0.040
4909.82861 18.840 0.036
4909.83918 18.834 0.034
4909.84977 18.890 0.032
4909.86038 18.848 0.030
4909.87546 18.949 0.036
4909.88645 19.013 0.045
4909.89703 19.186 0.047
4909.90762 19.128 0.058
4909.91822 19.449 0.079
4910.62534 19.199 0.053
4910.63591 19.153 0.044
4910.64779 19.118 0.039
4910.65891 18.942 0.031
4910.66950 18.930 0.031
4910.68012 18.842 0.026
4910.69069 18.879 0.028
4910.70129 18.790 0.028
4910.71693 18.856 0.025
4910.72756 18.935 0.026
4910.73814 18.921 0.025
4910.74875 19.024 0.027
4910.75938 18.977 0.025
4910.77027 19.223 0.031
4911.70106 18.844 0.024
4912.60032 18.878 0.044
4912.61097 18.830 0.030
4912.62154 18.894 0.038
4912.63214 18.920 0.030
4912.64274 18.902 0.028
4912.65368 19.049 0.029
4912.66427 19.105 0.029
4912.67481 19.149 0.030
4912.68540 19.359 0.035
4912.69595 19.220 0.032
4913.60700 18.894 0.032
4913.61759 18.818 0.030
4913.62818 18.838 0.030
4913.63874 18.798 0.028
4913.64933 18.904 0.029
4913.66012 18.878 0.027
4913.67066 18.967 0.032
4913.68125 18.953 0.028
4913.69186 19.048 0.038
4913.70243 19.116 0.039
4914.67251 18.812 0.025
4914.68305 18.823 0.023
4914.69365 18.856 0.022
4914.70422 18.914 0.026
4915.68496 18.871 0.026
4915.69557 18.859 0.026
4915.70614 18.843 0.029
4915.72036 18.807 0.028
4915.73090 18.809 0.027
4916.62279 18.907 0.033
4916.63639 18.944 0.031
4916.64695 19.154 0.034
4916.65756 19.381 0.040
4916.66818 19.465 0.043
4916.67889 19.311 0.036
4916.68949 19.189 0.032
4916.70007 19.154 0.029
4917.63687 18.812 0.026
4917.65168 18.953 0.027
4917.66223 18.873 0.025
4917.67281 18.982 0.026
4917.68342 19.111 0.030
4917.72153 19.214 0.034
4918.61707 18.902 0.030
4918.62766 18.938 0.030
4918.63826 18.817 0.026
4918.64888 18.823 0.025
4918.65947 18.831 0.024
4918.67002 18.805 0.029
4919.67821 18.856 0.023
4919.68880 18.846 0.023
4919.69938 18.841 0.023
4919.70994 18.802 0.022
4919.72055 18.814 0.023
4920.67421 19.194 0.028
4920.68422 18.983 0.025
4920.69427 19.000 0.029
4920.70427 18.889 0.023
4920.71426 18.846 0.026
4921.65953 19.161 0.050
4921.66956 19.154 0.044
4921.67956 19.223 0.058
4921.68955 19.342 0.052
4921.69957 19.300 0.042
4921.70957 19.233 0.050
4921.71972 19.009 0.034
4924.65978 19.087 0.031
4924.66989 18.987 0.030
4924.68001 18.921 0.027
4924.69010 18.913 0.026
4924.70023 18.905 0.026
4924.71064 18.838 0.025
4925.66237 19.345 0.037
4925.67247 19.358 0.038
4925.68259 19.381 0.036
4925.69269 19.122 0.031
4925.70279 19.046 0.028
4926.60395 18.829 0.034
4926.61405 18.819 0.028
4926.62412 18.908 0.032
4926.63421 18.837 0.031
4926.64430 18.803 0.028
4926.65442 18.846 0.032
4926.66452 18.977 0.036
4926.67463 19.043 0.043
4926.68473 19.189 0.035
4926.69516 19.272 0.039
4926.70527 19.431 0.049
4927.64935 18.864 0.037
4927.65946 18.748 0.032
4927.66960 18.803 0.037
4927.67970 18.919 0.032
4927.68982 18.796 0.027
4927.70020 18.865 0.031
4928.64429 19.110 0.036
4928.65440 18.942 0.032
4928.66450 18.924 0.029
4928.67460 18.865 0.028
4928.68472 18.893 0.028
4928.69482 18.721 0.027
4929.62959 19.142 0.053
4929.63968 19.261 0.055
4929.64979 19.527 0.065
4929.65990 19.450 0.061
4930.64334 18.955 0.039
4930.65341 18.960 0.036
4930.66348 19.117 0.040
4930.67359 19.315 0.047
4930.68368 19.373 0.047
4930.69383 19.274 0.045
4931.64351 18.839 0.039
4931.65363 18.853 0.037
4931.66373 18.915 0.042
4931.67385 18.988 0.039
4931.68396 18.904 0.039
4932.63153 18.954 0.035
4932.64163 18.994 0.038
4932.65173 18.947 0.036
4932.66184 18.824 0.039
4932.67193 18.840 0.037
4932.68204 18.805 0.031
4933.63016 19.483 0.070
4933.64025 19.382 0.064
4933.65032 19.150 0.047
4933.66040 19.152 0.049
4933.67053 19.013 0.044
4933.68061 18.929 0.041
4934.62692 18.924 0.036
4934.63702 19.020 0.038
4934.64715 19.216 0.053
4934.65724 19.342 0.047
4934.66733 19.432 0.056
4934.67744 19.341 0.047
4934.69375 19.103 0.037
4934.70385 19.043 0.033
4934.73908 18.848 0.041
4934.74919 18.878 0.038
4935.61413 18.861 0.031
4935.62425 18.765 0.027
4935.63437 18.750 0.030
4935.64447 18.867 0.029
4935.65459 18.896 0.027
4935.66469 19.034 0.033
4935.67481 19.026 0.033
4935.68489 19.280 0.045
4935.69499 19.221 0.039
4935.70513 19.366 0.043
4935.71523 19.380 0.041
4935.72533 19.223 0.035
4935.73543 19.095 0.035
4935.74555 19.061 0.037
4935.75561 19.085 0.040
4935.78031 18.852 0.033
4935.79039 18.826 0.034
4935.80049 18.759 0.029
4935.81060 18.855 0.029
4935.82070 18.864 0.028
4935.83083 18.957 0.031
4935.84131 18.997 0.033
4935.85141 19.128 0.045
4935.86451 19.218 0.050
4935.87461 19.406 0.074
4935.88471 19.307 0.064
4935.89481 19.304 0.074
4935.90502 18.992 0.057
4936.61425 18.966 0.036
4936.62439 18.886 0.030
4936.63448 18.885 0.032
4936.64455 18.842 0.028
4936.65465 18.901 0.030
4936.66477 18.807 0.026
4936.67485 18.823 0.029
4936.68498 18.877 0.030
4936.69502 18.903 0.028
4936.70513 18.925 0.033
4936.71526 19.034 0.041
4936.74684 19.389 0.056
4936.78487 18.923 0.032
4936.79499 18.860 0.032
4936.80510 18.846 0.042
4936.81519 18.940 0.032
4936.82528 18.879 0.030
4936.83538 18.859 0.032
4936.84666 18.833 0.033
4936.85677 18.852 0.033
4936.86686 18.890 0.036
4936.87695 18.972 0.041
4936.88706 19.001 0.043
4936.89714 19.283 0.053
4936.90767 19.314 0.053
4937.61636 19.318 0.034
4937.62646 19.233 0.031
4937.63657 19.089 0.030
4937.64666 18.986 0.026
4937.65675 18.970 0.027
4937.66685 18.960 0.029
4937.67692 18.812 0.025
4937.68701 18.704 0.023
4937.69711 18.813 0.025
4937.70723 18.802 0.022
4937.71733 18.812 0.025
4937.72742 18.897 0.027
4937.73751 18.895 0.027
4937.74761 19.038 0.034
4937.76356 19.138 0.029
4937.77373 19.317 0.033
4937.78383 19.282 0.034
4937.79392 19.302 0.033
4937.80405 19.232 0.033
4937.81417 19.024 0.029
4937.82425 18.974 0.027
4937.83434 18.935 0.029
4937.84447 18.863 0.026
4937.85458 18.832 0.027
4937.86468 18.804 0.025
4937.87479 18.878 0.030
4937.88487 18.823 0.026
4937.89498 18.896 0.030
4937.90509 18.924 0.031
4938.61146 19.182 0.047
4938.62157 18.946 0.039
4938.63167 19.146 0.046
4938.64177 19.335 0.050
4938.66201 19.350 0.045
4939.61896 18.781 0.031
4939.62908 18.900 0.029
4939.63915 18.928 0.030
4939.64930 18.980 0.029
4939.65943 19.126 0.037
4939.66953 19.197 0.036
4940.62622 18.905 0.030
4940.63634 18.866 0.028
4940.64643 18.858 0.027
4940.65654 18.879 0.027
4940.66666 18.888 0.028
4940.88463 19.295 0.057
4940.89476 19.199 0.056
4941.60222 19.317 0.046
4941.61234 19.302 0.051
4941.62244 19.156 0.042
4941.63253 19.045 0.035
4941.64264 18.883 0.027
4941.65277 18.899 0.028
4941.66311 18.923 0.029
4942.61563 19.327 0.039
4942.62572 19.436 0.042
4942.63585 19.424 0.043
4942.64595 19.216 0.042
4942.65607 19.094 0.036
4943.60277 18.800 0.025
4943.61285 18.926 0.026
4943.62295 18.944 0.028
4943.63305 19.010 0.030
4943.64315 19.053 0.031
4943.65327 19.340 0.040
4944.61056 18.826 0.023
4944.62066 18.853 0.023
4944.63076 18.831 0.022
4944.64088 18.801 0.026
4944.65100 18.868 0.027
4945.59173 19.147 0.032
4945.60184 18.988 0.028
4945.61195 18.990 0.028
4945.62202 18.941 0.027
4945.63215 18.898 0.026
4945.64226 18.841 0.028
4945.89070 19.018 0.040
4946.60824 19.345 0.039
4946.61833 19.302 0.037
4946.62843 19.176 0.033
4946.63854 19.085 0.031
4946.64864 19.013 0.028
4946.88374 18.804 0.032
4947.60874 19.040 0.028
4947.61887 19.077 0.029
4947.62897 19.164 0.030
4947.63908 19.402 0.038
4947.88841 18.839 0.037
4948.60708 18.869 0.029
4948.61719 18.891 0.028
4948.62728 18.916 0.029
4948.63741 19.073 0.036
4948.88411 19.138 0.047
4949.59106 19.016 0.028
4949.60114 18.986 0.027
4949.61121 18.889 0.025
4949.62128 18.808 0.021
4949.63139 18.807 0.022
4949.86364 19.058 0.035
4949.87374 19.081 0.038
4949.88384 19.192 0.042
4950.58891 19.561 0.056
4950.59900 19.347 0.041
4950.60908 19.274 0.038
4950.61920 19.086 0.031
4950.62933 18.985 0.029
4951.57089 18.859 0.037
4951.58101 18.994 0.035
4951.59111 19.009 0.032
4951.60121 19.062 0.032
4951.61132 19.208 0.034
4951.62145 19.331 0.040
4951.63178 19.380 0.039
4951.87494 18.912 0.062
4952.57977 18.850 0.025
4952.58984 18.862 0.026
4952.59995 18.855 0.025
4952.61004 18.827 0.027
4952.62017 18.877 0.023
4952.63027 18.948 0.027
4952.86688 19.032 0.039
4952.87698 19.045 0.043
4953.58310 18.931 0.027
4953.59320 18.809 0.026
4953.60329 18.918 0.028
4953.61339 18.787 0.026
4953.62346 18.797 0.026
4953.86905 19.337 0.055
4953.87577 19.415 0.067
4954.57383 19.497 0.048
4954.58394 19.228 0.039
4954.59405 19.037 0.035
4954.60413 19.004 0.035
4954.61425 18.991 0.032
4954.62435 18.882 0.030
4954.87139 19.036 0.039
4955.57843 19.012 0.038
4955.58852 19.182 0.039
4955.59862 19.330 0.050
4955.60874 19.377 0.050
4955.61885 19.300 0.046
4964.60082 19.371 0.048
4964.61125 19.395 0.046
4964.62611 19.166 0.035
4964.63642 19.008 0.029
4964.64643 18.977 0.030
4964.65643 18.901 0.032
4964.66709 18.907 0.033
4964.67709 18.786 0.029
4965.60098 18.970 0.035
4965.61127 19.008 0.044
4965.62128 19.077 0.046
4965.63128 19.186 0.047
4965.64129 19.422 0.066
4965.65173 19.417 0.064
4965.66175 19.361 0.061
4965.67175 18.988 0.048
4965.68173 18.909 0.044
4966.53216 19.195 0.047
4966.54268 19.137 0.045
4966.55269 18.988 0.043
4966.56269 18.965 0.035
4966.57296 18.886 0.034
4966.58298 18.914 0.032
4966.59301 18.778 0.029
4966.60356 18.852 0.030
4966.61356 18.869 0.027
4966.62362 18.872 0.028
4966.63398 18.996 0.037
4966.64395 18.978 0.035
4966.65398 19.058 0.038
4966.66429 19.074 0.038
4967.57183 19.110 0.033
4967.58236 19.049 0.028
4967.60263 18.885 0.025
4967.61264 18.876 0.023
4967.62262 18.867 0.026
4967.63322 18.852 0.028
4967.64324 18.833 0.027
4967.65718 18.876 0.030
4967.66719 18.918 0.030
4967.67719 18.879 0.029
4967.68719 19.003 0.038
4968.52410 18.772 0.034
4968.53409 18.795 0.032
4968.56947 19.294 0.045
4968.57949 19.429 0.050
4968.58949 19.484 0.047
4968.59949 19.260 0.037
4968.60951 19.126 0.032
4968.63404 18.952 0.030
4968.64405 18.869 0.026
4968.65408 18.952 0.028
4968.66408 18.827 0.025
4969.62645 19.441 0.039
4969.63682 19.378 0.040
4969.66719 18.914 0.035
4970.57088 18.847 0.032
4970.58232 18.795 0.026
4970.59232 18.846 0.027
4970.60231 18.875 0.028
4970.61233 18.855 0.026
4970.62233 18.994 0.030
4970.63261 19.024 0.029
4970.64259 19.125 0.035
4970.65257 19.328 0.043
4970.66254 19.299 0.037
4970.67673 19.317 0.035
4972.50353 18.859 0.033
4972.51408 18.952 0.033
4972.52433 18.961 0.032
4972.53482 19.057 0.036
4972.54481 19.204 0.040
4972.55481 19.207 0.038
4972.56543 19.315 0.042
4972.57548 19.334 0.046
4972.58548 19.281 0.045
4972.59962 19.040 0.031
4972.61312 18.929 0.028
4972.63489 18.833 0.026
4972.64487 18.897 0.032
4972.65487 18.816 0.028
4972.66888 18.770 0.027
4973.47935 18.903 0.033
4973.48973 18.796 0.033
4973.50430 18.850 0.031
4973.51480 18.889 0.034
4973.52479 18.854 0.030
4973.53480 18.767 0.027
4973.54480 18.864 0.028
4973.56004 18.962 0.030
4973.57004 19.023 0.034
4973.58009 19.081 0.031
4973.59006 19.228 0.031
4973.60737 19.366 0.033
4973.61825 19.301 0.031
4973.62821 19.123 0.029
4973.63826 19.069 0.027
4973.64882 19.044 0.027
4973.65882 18.948 0.028
4973.66880 18.923 0.028
4973.68378 18.925 0.026
4974.51890 18.946 0.044
4974.53056 18.807 0.036
4974.56426 18.802 0.035
4974.57425 18.835 0.033
4974.58427 18.799 0.034
4974.59468 18.936 0.033
4974.60469 18.983 0.035
4974.61471 19.055 0.037
4974.62981 19.159 0.035
4974.64005 19.162 0.037
4974.65005 19.425 0.047
4974.66004 19.291 0.041
4974.67045 19.146 0.038
4974.68089 19.017 0.030
4975.49752 19.381 0.080
4975.50812 19.314 0.057
4975.51856 19.645 0.085
4975.52857 19.167 0.051
4975.53856 19.056 0.045
4975.54886 19.075 0.047
4975.55890 18.949 0.038
4975.56894 18.902 0.032
4975.57958 18.873 0.035
4975.58957 18.697 0.030
4975.59959 18.782 0.027
4975.61011 18.827 0.030
4975.62011 18.806 0.031
4975.63011 18.932 0.034
4975.64041 18.906 0.035
4975.65042 19.078 0.036
4977.50291 18.892 0.043
4977.51333 18.778 0.033
4977.52372 18.868 0.032
4977.53436 18.969 0.034
