3782.78314 19.707 0.081
3783.68859 19.797 0.107
3783.69994 19.552 0.077
3783.71130 19.459 0.070
3783.72270 19.471 0.075
3783.73401 19.450 0.075
3783.74537 19.365 0.063
3783.75914 19.658 0.080
3783.77054 19.746 0.089
3783.78193 19.846 0.094
3783.79595 20.121 0.126
3783.80733 19.959 0.101
3783.81869 19.766 0.085
3783.83006 19.587 0.072
3783.84139 19.586 0.074
3784.67614 19.944 0.114
3784.68747 19.544 0.080
3784.69882 19.675 0.098
3784.71035 19.613 0.080
3784.72172 19.560 0.075
3784.73304 19.596 0.073
3784.74627 19.536 0.069
3784.75761 19.620 0.081
3784.76892 19.796 0.083
3784.78025 19.814 0.088
3784.79282 19.940 0.105
3784.80420 20.007 0.117
3784.81558 19.962 0.111
3784.82695 19.744 0.089
3784.83825 19.816 0.121
3785.64764 20.055 0.131
3785.65905 19.989 0.123
3785.67041 19.849 0.099
3785.68181 19.786 0.095
3785.69316 19.497 0.074
3785.70449 19.408 0.064
3785.71614 19.679 0.090
3785.72754 19.497 0.073
3785.73890 19.361 0.062
3785.75026 19.495 0.072
3785.76217 19.519 0.073
3785.77355 19.543 0.072
3785.78492 19.663 0.086
3785.79629 19.646 0.084
3785.80762 19.878 0.103
3785.81943 19.968 0.106
3785.83089 19.562 0.076
3786.63235 19.651 0.095
3786.64371 19.706 0.101
3786.65505 19.778 0.106
3786.66652 19.528 0.081
3786.67802 19.821 0.103
3786.68941 19.848 0.099
3786.70080 19.560 0.075
3786.71220 19.654 0.084
3786.72356 19.518 0.073
3786.73608 19.687 0.082
3786.74744 19.478 0.060
3786.75877 19.646 0.069
3786.77013 19.572 0.068
3786.78210 19.583 0.068
3786.79350 19.764 0.082
3786.80486 19.931 0.104
3786.81629 19.987 0.115
3786.82764 19.801 0.104
3787.63599 19.661 0.090
3787.65343 19.848 0.102
3787.66506 19.860 0.100
3787.67645 19.875 0.104
3787.68778 19.727 0.086
3787.69913 19.502 0.078
3787.71049 19.360 0.065
3787.72184 19.438 0.065
3787.73394 19.489 0.063
3787.74573 19.488 0.062
3787.75708 19.602 0.068
3787.76839 19.451 0.063
3787.77972 19.637 0.072
3787.79110 19.782 0.084
3787.80355 19.692 0.077
3787.81498 19.804 0.086
3787.82642 19.701 0.088
3788.63316 19.801 0.087
3788.64451 19.805 0.085
3788.65585 19.901 0.102
3788.67258 19.917 0.098
3788.68391 19.886 0.104
3788.69526 19.571 0.078
3788.70663 19.543 0.069
3788.71800 19.451 0.066
3788.72936 19.611 0.073
3788.74101 19.626 0.071
3788.75238 19.530 0.072
3788.76373 19.650 0.081
3788.77697 19.544 0.074
3788.78832 19.807 0.095
3788.79971 19.953 0.105
3788.81106 19.905 0.110
3788.82243 19.899 0.101
3789.64407 19.765 0.082
3789.65542 19.694 0.079
3789.66696 19.908 0.089
3789.67828 19.739 0.072
3789.68962 19.777 0.083
3789.70132 19.598 0.065
3789.71271 19.575 0.066
3789.72408 19.496 0.058
3789.73544 19.428 0.053
3789.74679 19.377 0.052
3789.75818 19.562 0.063
3789.77022 19.647 0.068
3789.78161 19.483 0.061
3789.79300 19.672 0.069
3789.80469 20.020 0.098
3789.81609 19.938 0.101
3789.82746 19.808 0.102
3789.84104 19.646 0.079
3789.85234 19.432 0.072
3789.86373 19.682 0.094
3789.87513 19.405 0.074
3789.89154 19.500 0.075
3789.90289 19.465 0.093
3790.61470 19.468 0.088
3790.62601 19.909 0.170
3790.63732 19.639 0.089
3790.64893 19.608 0.079
3790.66027 19.838 0.096
3790.67159 19.723 0.084
3790.68297 19.744 0.095
3790.69433 19.713 0.091
3790.70563 19.552 0.069
3790.71739 19.703 0.068
3790.72931 19.399 0.056
3790.74065 19.528 0.062
3790.75197 19.530 0.068
3790.76332 19.542 0.075
3790.77471 19.631 0.081
3790.78599 19.669 0.079
3790.79760 19.720 0.089
3790.80897 20.099 0.118
3790.82031 19.823 0.091
3791.62561 19.499 0.082
3791.63697 19.711 0.094
3791.64833 19.836 0.097
3791.65972 19.795 0.098
3791.67107 19.872 0.102
3791.68242 19.755 0.095
3791.69392 19.760 0.094
3791.70538 19.470 0.071
3791.71678 19.450 0.067
3791.72815 19.376 0.065
3791.73951 19.261 0.060
3791.75081 19.483 0.077
3791.76237 19.500 0.080
3791.77374 19.498 0.071
3791.78512 19.628 0.082
3791.79645 19.770 0.105
3791.80884 19.804 0.094
3791.82019 19.976 0.133
3792.61146 19.397 0.080
3792.62278 19.547 0.085
3792.63565 19.541 0.084
3792.64700 19.553 0.082
3792.65837 19.752 0.108
3792.66977 19.886 0.114
3792.68109 19.930 0.106
3792.69273 19.729 0.095
3792.70426 19.720 0.102
3792.71572 19.713 0.080
3792.72709 19.524 0.071
3792.73852 19.585 0.072
3792.74987 19.632 0.076
3792.76124 19.740 0.074
3792.77293 19.798 0.103
3792.78431 19.711 0.101
3792.79565 19.766 0.094
3792.80703 20.034 0.108
3792.81843 19.883 0.098
3792.82981 19.564 0.078
3792.84254 19.788 0.080
3792.85489 19.444 0.059
3793.60521 19.538 0.081
3793.61660 19.477 0.074
3793.62792 19.540 0.079
3793.63962 19.773 0.101
3793.65097 19.794 0.103
3793.66229 19.756 0.094
3793.67362 19.940 0.103
3793.68498 19.862 0.100
3793.69652 19.670 0.076
3793.70787 19.442 0.064
3793.71926 19.697 0.082
3793.73059 19.524 0.067
3793.74194 19.453 0.067
3793.75331 19.525 0.072
3793.76552 19.540 0.070
3793.77689 19.427 0.065
3793.78831 19.610 0.074
3793.80249 19.845 0.091
3793.81382 19.813 0.094
3794.60562 19.611 0.096
3794.61696 19.468 0.082
3794.62833 19.516 0.084
3794.63973 19.590 0.080
3794.65110 19.710 0.092
3794.66246 19.767 0.089
3794.67419 19.827 0.091
3794.68571 19.834 0.087
3794.69707 19.988 0.107
3794.70844 19.762 0.081
3794.71977 19.560 0.064
3794.73158 19.591 0.065
3794.74291 19.640 0.067
3794.75528 19.435 0.061
3794.76666 19.578 0.066
3794.77805 19.623 0.068
3794.78939 19.559 0.072
3794.80073 19.841 0.091
3794.81210 19.938 0.110
3795.59777 19.599 0.105
3795.60914 19.691 0.112
3795.62047 19.650 0.114
3795.63184 19.546 0.097
3795.64320 19.744 0.121
3795.65449 19.773 0.135
3795.66624 19.872 0.104
3795.67761 19.796 0.100
3795.68896 19.616 0.084
3795.70028 19.672 0.084
3795.71167 19.616 0.084
3795.72308 19.552 0.073
3795.73738 19.361 0.067
3795.74874 19.369 0.067
3795.76010 19.457 0.070
3795.77150 19.612 0.079
3795.78287 19.604 0.074
3795.79422 19.613 0.077
3795.80574 19.776 0.093
3796.60516 19.593 0.083
3796.61650 19.600 0.082
3796.62789 19.434 0.069
3796.63922 19.663 0.093
3796.65055 19.591 0.079
3796.66191 19.732 0.088
3796.67366 19.919 0.100
3796.68520 19.815 0.092
3796.69657 19.753 0.082
3796.70796 19.694 0.084
3796.72045 19.546 0.071
3796.73179 19.582 0.073
3796.74317 19.550 0.074
3796.75457 19.537 0.074
3796.76591 19.597 0.067
3796.77727 19.562 0.062
3796.78901 19.647 0.068
3796.80036 19.682 0.066
3796.81170 19.815 0.084
3797.59752 19.584 0.086
3797.60886 19.705 0.094
3797.62020 19.497 0.072
3797.63152 19.580 0.076
3797.64284 19.554 0.066
3797.65422 19.749 0.077
3797.66599 19.795 0.081
3797.67738 19.773 0.077
3797.68877 19.844 0.081
3797.70010 19.578 0.065
3797.71141 19.591 0.066
3797.72280 19.530 0.063
3797.73460 19.431 0.061
3797.74597 19.493 0.069
3797.75730 19.435 0.068
3797.76862 19.463 0.071
3797.77994 19.439 0.071
3797.79130 19.559 0.077
3798.59822 19.497 0.071
3798.60958 19.493 0.067
3798.62091 19.558 0.067
3798.63229 19.471 0.060
3798.64363 19.603 0.067
3798.65500 19.679 0.074
3798.66662 19.665 0.072
3798.67802 19.988 0.101
3798.68940 19.887 0.103
3798.70074 19.814 0.084
3798.71210 19.729 0.071
3798.72347 19.622 0.060
3798.73503 19.537 0.063
3798.74641 19.593 0.057
3798.75775 19.447 0.054
3798.76910 19.554 0.064
3798.78050 19.659 0.076
3799.64032 19.699 0.126
3799.65167 19.527 0.086
3799.66302 19.833 0.123
3799.67437 19.789 0.106
3799.68570 20.235 0.154
3799.69704 19.707 0.100
3799.70837 19.724 0.105
3799.72006 19.716 0.103
3799.73141 19.576 0.082
3799.74274 19.563 0.089
3799.75411 19.549 0.081
3799.76545 19.453 0.078
3799.77681 19.449 0.073
3800.59383 19.542 0.084
3800.60518 19.693 0.127
3800.61660 19.515 0.091
3800.62796 19.307 0.087
3800.64739 19.615 0.111
3800.66600 19.741 0.121
3800.67761 19.942 0.109
3800.68942 19.966 0.122
3800.70094 19.954 0.109
3800.71252 19.723 0.098
3800.72456 19.685 0.079
3800.73687 19.426 0.069
3800.74823 19.521 0.086
3800.75961 19.820 0.107
3800.77098 19.569 0.081
3800.78235 19.652 0.099
3800.79368 19.639 0.103
3801.58334 20.061 0.137
3801.59469 19.423 0.076
3801.60604 19.474 0.074
3801.61741 19.488 0.075
3801.62878 19.607 0.086
3801.64015 19.622 0.081
3801.65188 19.538 0.080
3801.66325 19.573 0.080
3801.67463 19.603 0.074
3801.68595 20.002 0.116
3801.69730 19.879 0.099
3801.70864 19.620 0.071
3801.72029 19.519 0.073
3801.73170 19.365 0.064
3801.74307 19.408 0.065
3801.75449 19.383 0.062
3801.76588 19.435 0.064
3801.77727 19.468 0.068
3802.58746 19.653 0.137
3802.59880 19.686 0.107
3802.61017 19.459 0.078
3802.62157 19.408 0.078
3802.63295 19.409 0.073
3802.64429 19.545 0.081
3802.65587 19.794 0.096
3802.66716 19.778 0.088
3802.67853 19.869 0.097
3802.68983 19.771 0.081
3802.70121 19.831 0.079
3802.71255 19.754 0.077
3802.72418 19.770 0.087
3802.73558 19.589 0.066
3802.74686 19.458 0.059
3802.75822 19.725 0.078
3802.76956 19.703 0.078
3802.78168 19.556 0.065
3803.58143 19.659 0.105
3803.59273 19.573 0.089
3803.60411 19.697 0.099
3803.61550 19.700 0.090
3803.62694 19.558 0.087
3803.63830 19.798 0.110
3803.64990 19.550 0.098
3803.66125 19.662 0.085
3803.67261 19.700 0.095
3803.68398 19.773 0.097
3803.69533 19.813 0.093
3803.70668 19.651 0.081
3803.71834 19.590 0.075
3803.72975 19.471 0.069
3803.74108 19.519 0.070
3803.75246 19.646 0.078
3803.76382 19.462 0.071
3803.77519 19.464 0.073
3804.58084 19.744 0.149
3804.59216 19.596 0.114
3804.60353 19.619 0.121
3804.61486 19.629 0.111
3804.62633 19.595 0.104
3804.63765 19.487 0.104
3804.65075 19.719 0.129
3804.66211 19.853 0.132
3804.67349 19.647 0.096
3804.68491 19.859 0.112
3804.69630 20.020 0.119
3804.70762 19.878 0.091
3804.73515 19.443 0.063
3804.74662 19.737 0.076
3804.75800 19.738 0.091
3804.76937 19.674 0.077
3805.57789 19.656 0.109
3805.58929 19.691 0.105
3805.60060 19.636 0.087
3805.61191 19.395 0.068
3805.62328 19.452 0.073
3805.63462 19.526 0.071
3805.64624 19.475 0.063
3805.65757 19.629 0.076
3805.66898 19.565 0.065
3805.68037 19.841 0.087
3805.69169 19.835 0.080
3805.70304 19.799 0.088
3805.71501 19.591 0.067
3805.72634 19.572 0.081
3805.73773 19.387 0.082
3805.74912 19.292 0.059
3805.76051 19.504 0.074
3805.77189 19.560 0.087
3806.58355 19.614 0.127
3806.59497 19.749 0.130
3806.60635 19.527 0.088
3806.61768 19.437 0.077
3806.62903 19.302 0.065
3806.64040 19.400 0.067
3806.65179 19.591 0.076
3806.66804 19.607 0.083
3806.67944 19.570 0.076
3806.69079 19.922 0.100
3806.70217 19.831 0.089
3806.71350 19.811 0.096
3806.72489 19.559 0.086
3806.73666 19.708 0.090
3806.74802 19.465 0.102
3806.75942 19.554 0.073
3807.56620 19.896 0.182
3807.57753 19.585 0.125
3807.59369 19.838 0.146
3807.60505 19.667 0.116
3807.61641 19.737 0.121
3807.62780 19.622 0.118
3807.63918 19.654 0.139
3807.65050 19.787 0.145
3807.66212 19.863 0.141
3807.67343 19.654 0.102
3807.68480 19.705 0.099
3807.69614 19.971 0.146
3807.70750 19.894 0.144
3807.71887 19.756 0.129
3807.73051 19.603 0.102
3807.74190 19.490 0.116
3807.75321 19.621 0.109
3807.76455 19.585 0.116
3808.56152 20.132 0.182
3808.57291 19.942 0.164
3808.58428 19.602 0.106
3808.59562 19.460 0.089
3808.60705 19.633 0.110
3808.61842 19.778 0.136
3808.63479 19.576 0.087
3808.64616 19.563 0.084
3808.65751 19.683 0.091
3808.66894 19.514 0.075
3808.68357 19.816 0.099
3808.69492 19.896 0.109
3808.70625 20.033 0.138
3808.71755 19.642 0.104
3808.72894 19.576 0.088
3808.74033 19.838 0.151
3809.56453 20.032 0.234
3809.57594 19.752 0.152
3809.58734 19.684 0.129
3809.59873 19.674 0.144
3809.61007 19.405 0.100
3809.62145 19.610 0.124
3809.63306 19.458 0.106
3809.64437 19.578 0.119
3809.65571 19.570 0.101
3809.66707 19.522 0.097
3809.67846 19.803 0.127
3809.68980 19.589 0.113
3809.70141 19.665 0.112
3809.71276 19.974 0.159
3809.72413 19.633 0.119
3809.73549 19.513 0.093
3809.74688 19.544 0.098
3809.75822 19.415 0.087
3810.56969 19.647 0.136
3810.58099 19.692 0.134
3810.59234 19.587 0.128
3810.60368 19.446 0.125
3810.61504 19.584 0.113
3810.62643 19.460 0.100
3810.63886 19.436 0.102
3810.65025 19.484 0.108
3810.66159 19.411 0.091
3810.67297 19.640 0.098
3810.68433 19.543 0.099
3810.69567 19.900 0.128
3810.70718 19.797 0.114
3810.71864 19.959 0.134
3810.72998 19.629 0.101
3810.74134 19.495 0.077
3810.75268 19.428 0.068
3811.55616 20.021 0.191
3811.56749 20.377 0.237
3811.57891 19.958 0.150
3811.59026 19.756 0.117
3811.60160 19.480 0.096
3811.61299 19.635 0.107
3811.62686 19.583 0.087
3811.63823 19.575 0.100
3811.64958 19.580 0.117
3811.66098 19.493 0.103
3811.67239 19.641 0.100
3811.68375 19.757 0.111
3811.69530 19.937 0.140
3811.70664 20.227 0.205
3811.71801 19.615 0.094
3811.72937 19.578 0.089
3811.74077 19.715 0.103
3811.75215 19.697 0.106
3812.55665 20.106 0.152
3812.56797 20.044 0.142
3812.57935 19.707 0.110
3812.59074 19.432 0.078
3812.60208 19.546 0.079
3812.61340 19.602 0.083
3812.62492 19.427 0.074
3812.63628 19.494 0.079
3812.64764 19.402 0.068
3812.65897 19.541 0.075
3812.67034 19.625 0.098
3812.68174 19.658 0.083
3812.69336 19.731 0.084
3812.70475 19.807 0.098
3812.71614 19.670 0.087
3812.72756 19.505 0.074
3812.73894 19.748 0.099
3812.75029 19.453 0.070
3813.55496 19.871 0.129
3813.56633 20.038 0.141
3813.57772 19.805 0.111
3813.58907 19.649 0.091
3813.60043 19.773 0.097
3813.61176 19.654 0.083
3813.62335 19.643 0.077
3813.63469 19.585 0.071
3813.64603 19.499 0.066
3813.65740 19.629 0.074
3813.66876 19.657 0.069
3813.68007 19.563 0.069
3813.69168 19.810 0.081
3813.70302 19.846 0.088
3813.71440 19.703 0.080
3813.72573 19.748 0.091
3813.73708 19.582 0.074
3813.74846 19.429 0.064
3814.54819 19.735 0.102
3814.55955 20.251 0.176
3814.57088 19.921 0.139
3814.58222 19.822 0.120
3814.59359 19.626 0.099
3814.60496 19.558 0.092
3814.62560 19.391 0.070
3814.63691 19.394 0.075
3814.64828 19.636 0.094
3814.65969 19.417 0.077
3814.67108 19.536 0.085
3814.68243 19.756 0.104
3814.69397 19.705 0.103
3814.70532 19.918 0.124
3814.71665 20.118 0.162
3814.72798 20.095 0.132
3814.73936 19.696 0.094
3815.54618 19.984 0.149
3815.55755 19.857 0.125
3815.56888 20.025 0.142
3815.58021 19.825 0.121
3815.59159 19.768 0.104
3815.60293 19.899 0.113
3815.61455 19.481 0.076
3815.62587 19.519 0.074
3815.63718 19.440 0.076
3815.64853 19.453 0.073
3815.65989 19.740 0.093
3815.67123 19.516 0.069
3815.68293 19.653 0.074
3815.69424 19.863 0.092
3815.70559 19.804 0.083
3815.71693 19.879 0.094
3815.72828 19.671 0.075
3815.73969 19.663 0.076
3816.54756 19.720 0.112
3816.55891 20.050 0.173
3816.57030 20.004 0.146
3816.58167 19.802 0.122
3816.59299 19.623 0.096
3816.60437 19.531 0.100
3816.61624 19.371 0.089
3816.62759 19.479 0.096
3816.63893 19.352 0.087
3816.65023 19.491 0.090
3816.66159 19.387 0.078
3816.67298 19.449 0.082
3816.68456 19.532 0.086
3816.69594 19.733 0.110
3816.70727 19.976 0.119
3816.71864 19.921 0.110
3816.72998 19.843 0.101
3816.74141 19.641 0.079
3816.75297 19.636 0.076
3816.76435 19.532 0.070
3816.77565 19.376 0.062
3816.78702 19.390 0.063
3816.79842 19.731 0.088
3816.83724 19.996 0.133
3816.84862 19.873 0.130
3816.86047 19.824 0.126
3816.87217 19.666 0.130
3817.54584 19.859 0.153
3817.55977 21.007 0.472
3817.57590 19.599 0.108
3817.58756 20.007 0.138
3817.59885 19.724 0.102
3817.61022 19.499 0.080
3817.62186 19.515 0.087
3817.63325 19.516 0.081
3817.64464 19.488 0.084
3817.65626 19.437 0.072
3817.66765 19.474 0.072
3817.67906 19.692 0.084
3817.69073 19.728 0.082
3817.70211 19.565 0.078
3817.71346 19.870 0.088
3817.72617 19.561 0.069
3817.73755 19.617 0.070
3817.74896 19.553 0.066
3817.76117 19.574 0.070
3817.77283 19.394 0.063
3817.78437 19.328 0.054
3818.54721 19.933 0.177
3818.55900 19.859 0.142
3818.57075 20.109 0.195
3818.58257 19.825 0.123
3818.59399 19.559 0.099
3818.60538 19.862 0.118
3818.61676 19.502 0.088
3818.62814 19.308 0.068
3818.63946 19.357 0.073
3818.65203 19.540 0.083
3818.66338 19.372 0.067
3818.67477 19.550 0.076
3818.68615 19.633 0.081
3818.69749 19.761 0.078
3818.70895 19.669 0.069
3818.72060 19.786 0.081
3818.73221 19.732 0.077
3818.74397 19.546 0.064
3819.53628 19.626 0.090
3819.54805 19.697 0.088
3819.56237 19.666 0.094
3819.57421 20.055 0.124
3819.58556 20.019 0.121
3819.59695 19.664 0.085
3819.60834 19.613 0.075
3819.61967 19.601 0.077
3819.63099 19.516 0.061
3819.64333 19.562 0.062
3819.65467 19.533 0.061
3819.66600 19.496 0.059
3819.67736 19.580 0.058
3819.68879 19.636 0.066
3819.70015 19.756 0.072
3819.71188 19.943 0.082
3819.72325 19.928 0.078
3819.73500 19.643 0.061
3819.74687 19.495 0.053
3820.53778 19.662 0.111
3820.54947 19.917 0.123
3820.56120 19.907 0.128
3820.57254 19.875 0.121
3820.58386 20.182 0.185
3820.59520 20.084 0.144
3820.60657 19.586 0.088
3820.61796 19.413 0.069
3820.62968 19.441 0.072
3820.64108 19.317 0.064
3820.65241 19.456 0.066
3820.66377 19.440 0.063
3820.67514 19.452 0.063
3820.68652 19.495 0.064
3820.69864 19.680 0.077
3820.70997 19.810 0.083
3820.72135 20.005 0.099
3820.73270 20.024 0.088
3821.52810 19.414 0.068
3821.54636 19.690 0.087
3821.55817 19.754 0.095
3821.56957 19.923 0.105
3821.58095 19.809 0.089
3821.59270 19.844 0.085
3821.60407 19.822 0.077
3821.61542 19.662 0.070
3821.62713 19.520 0.058
3821.63843 19.504 0.059
3821.64976 19.544 0.058
3821.66560 19.589 0.058
3821.67690 19.573 0.059
3821.68825 19.621 0.066
3821.70005 19.695 0.070
3821.71141 19.929 0.076
3821.72273 19.873 0.072
3821.73450 19.878 0.079
3822.54081 19.419 0.094
3822.55262 19.624 0.102
3822.56432 19.922 0.131
3822.57607 19.905 0.122
3822.58810 19.741 0.099
3822.59976 19.895 0.119
3822.61113 19.605 0.096
3822.62252 19.436 0.083
3822.63427 19.537 0.112
3822.65037 19.621 0.126
3822.66299 19.549 0.088
3822.67481 19.563 0.092
3822.68615 20.016 0.138
3822.69751 19.732 0.107
3822.70887 19.851 0.121
3822.72073 20.045 0.128
3822.73206 20.269 0.157
3823.53919 19.470 0.086
3823.55434 19.680 0.095
3823.60462 19.723 0.079
3823.61618 19.738 0.079
3823.62756 19.532 0.068
3823.63892 19.602 0.077
3823.65088 19.558 0.073
3823.66285 19.637 0.077
3823.67536 19.559 0.067
3823.68673 19.666 0.071
3823.69800 19.602 0.070
3823.70934 19.705 0.079
3823.72131 19.813 0.079
3823.73264 19.793 0.084
3824.52625 19.602 0.115
3824.53905 19.399 0.101
3824.55513 19.761 0.127
3824.56683 19.910 0.145
3824.57872 19.737 0.105
3824.59078 20.050 0.166
3824.60259 19.724 0.105
3824.61450 19.469 0.080
3824.62584 19.428 0.074
3824.63716 19.652 0.080
3824.64851 19.478 0.072
3824.66031 19.343 0.060
3824.67168 19.518 0.071
3824.68305 19.422 0.059
3824.69439 19.565 0.073
3824.70626 20.028 0.126
3824.71758 19.968 0.109
3824.72895 19.913 0.097
3825.51156 20.196 0.201
3825.52376 19.514 0.113
3825.53553 19.402 0.089
3825.54722 19.477 0.090
3825.55894 19.629 0.100
3825.57027 19.675 0.104
3825.58192 20.179 0.167
3825.59331 19.814 0.106
3825.60502 20.121 0.184
3825.61639 19.520 0.102
3825.62774 19.499 0.100
3825.63935 19.493 0.082
3825.65074 19.578 0.079
3825.66210 19.353 0.066
3825.67474 19.558 0.086
3825.68611 19.811 0.117
3825.76392 19.552 0.105
3826.52120 19.574 0.106
3826.53364 19.842 0.139
3826.54548 19.420 0.092
3826.55731 19.617 0.102
3826.56870 20.062 0.148
3826.58013 19.823 0.118
3826.59147 19.910 0.131
3826.60314 19.444 0.080
3826.61449 19.711 0.089
3826.62586 19.401 0.067
3826.63722 19.554 0.080
3826.64918 19.406 0.068
3826.66052 19.495 0.059
3826.67186 19.524 0.063
3826.68321 19.517 0.069
3826.69509 19.567 0.070
3826.70653 20.015 0.130
3826.71794 19.919 0.131
3827.60729 19.449 0.087
3827.61937 19.644 0.105
3827.63129 19.626 0.111
3827.64581 19.421 0.070
3827.65713 19.522 0.090
3827.66844 19.532 0.084
3827.67981 19.440 0.083
3827.69151 19.647 0.110
3827.70284 19.686 0.091
3827.74419 20.105 0.147
3828.52004 19.554 0.108
3828.53168 19.516 0.096
3828.54394 19.404 0.089
3828.55527 19.550 0.090
3828.56728 19.961 0.126
3828.57860 19.787 0.104
3828.59001 19.758 0.104
3828.60138 19.648 0.092
3828.61275 19.649 0.086
3828.62410 19.564 0.078
3828.63668 19.525 0.076
3828.64806 19.529 0.071
3828.65937 19.577 0.073
3828.67073 19.361 0.072
3828.68210 19.477 0.072
3828.69364 19.462 0.077
3828.70495 19.615 0.075
3828.71628 19.845 0.099
3829.51924 19.620 0.105
3829.53312 19.593 0.088
3829.54506 19.455 0.082
3829.55643 19.522 0.091
3829.56918 19.816 0.096
3829.58057 19.888 0.101
3829.59189 19.804 0.106
3829.60323 19.654 0.086
3829.61458 19.662 0.083
3829.62594 19.526 0.072
3829.63760 19.489 0.068
3829.64900 19.585 0.072
3829.66037 19.487 0.062
3829.67173 19.601 0.071
3829.68318 19.536 0.070
3829.69452 19.530 0.068
3829.71123 19.710 0.075
3830.50904 19.703 0.111
3830.52078 19.900 0.155
3830.53242 19.597 0.096
3830.54380 19.629 0.090
3830.55572 19.694 0.095
3830.56700 19.730 0.091
3830.57836 19.969 0.112
3830.58974 19.786 0.089
3830.60117 19.909 0.102
3830.61249 19.599 0.079
3830.62555 19.508 0.066
3830.63691 19.479 0.066
3830.64823 19.499 0.066
3830.65962 19.404 0.061
3830.67100 19.350 0.058
3830.68542 19.549 0.073
3831.52054 19.522 0.088
3831.53234 19.556 0.089
3831.55186 19.695 0.090
3831.56362 19.630 0.089
3831.57564 19.725 0.092
3831.58909 20.059 0.125
3831.60050 19.994 0.119
3831.61186 19.857 0.105
3831.62322 19.742 0.089
3831.63457 19.532 0.070
3831.64595 19.606 0.076
3831.65799 19.598 0.070
3831.66932 19.620 0.072
3831.68075 19.556 0.067
3832.50930 19.998 0.186
3832.52139 19.619 0.116
3832.53501 19.865 0.133
3832.54690 19.507 0.097
3832.55830 19.664 0.101
3832.56966 19.800 0.125
3832.58587 19.980 0.136
3832.59722 19.877 0.138
3832.60854 19.591 0.093
3832.61989 19.576 0.088
3832.63128 19.620 0.091
3832.64268 19.455 0.075
3832.65731 19.520 0.077
3832.66867 19.482 0.074
3832.68001 19.536 0.073
3833.49199 19.472 0.100
3833.50349 19.578 0.117
3833.51673 19.339 0.087
3833.52907 19.551 0.090
3833.54042 19.709 0.105
3833.55209 19.395 0.074
3833.56344 19.615 0.082
3833.57482 19.544 0.082
3833.58619 19.970 0.131
3833.59752 20.238 0.151
3833.60893 19.910 0.107
3833.62111 19.759 0.090
3833.63245 19.678 0.079
3833.64378 19.604 0.072
3833.65516 19.597 0.088
3833.66658 19.610 0.070
3833.67790 19.537 0.065
3834.48866 20.070 0.199
3834.50001 19.658 0.116
3834.51131 19.615 0.113
3834.53122 19.651 0.107
3834.54750 19.542 0.090
3834.55938 19.743 0.119
3834.57074 19.706 0.097
3834.58206 19.838 0.107
3834.59344 19.744 0.093
3834.60482 20.240 0.134
3834.61617 19.700 0.078
3834.63431 19.685 0.083
3834.64615 19.659 0.080
3834.65750 19.504 0.075
3834.66889 19.409 0.065
3834.68020 19.482 0.072
3835.49789 19.587 0.113
3835.50950 19.333 0.088
3835.52150 19.586 0.106
3835.53678 19.503 0.092
3835.54877 19.592 0.094
3835.56014 19.499 0.081
3835.57148 19.568 0.095
3835.58283 19.445 0.076
3835.59423 19.954 0.108
3835.60560 20.146 0.125
3835.61735 20.013 0.120
3835.62869 19.899 0.105
3835.64006 19.849 0.094
3835.65146 19.528 0.076
3835.66280 19.430 0.066
3835.67417 19.588 0.087
3835.69162 19.567 0.083
3836.49025 19.770 0.132
3836.50188 19.565 0.109
3836.51360 19.430 0.096
3836.52522 19.624 0.102
3836.53653 19.610 0.099
3836.54789 19.990 0.141
3836.55997 19.533 0.090
3836.57135 19.710 0.095
3836.58272 19.810 0.107
3836.59414 19.768 0.094
3836.60546 19.698 0.099
3836.61733 19.801 0.102
3836.62871 19.475 0.083
3836.64003 19.497 0.087
3836.65396 19.528 0.083
3836.66855 19.615 0.107
3836.67987 19.554 0.090
3836.69122 19.526 0.092
3837.49728 19.591 0.113
3837.50901 19.228 0.083
3837.52070 19.431 0.102
3837.53404 19.861 0.147
3837.54826 19.408 0.088
3837.55964 19.664 0.100
3837.57097 19.626 0.101
3837.58234 19.919 0.142
3837.61969 19.862 0.120
3837.63105 19.572 0.092
3837.64244 19.535 0.084
3837.65378 19.486 0.087
3837.66513 19.526 0.094
3837.67653 19.514 0.095
3837.68825 19.514 0.103
3838.49351 19.579 0.145
3838.50530 19.399 0.118
3838.51729 19.574 0.131
3838.52921 19.494 0.121
3838.54083 19.789 0.143
3838.55257 19.577 0.122
3838.56399 19.661 0.125
3838.57533 19.693 0.128
3838.58665 19.908 0.169
3838.59799 19.992 0.163
3838.60938 19.806 0.129
3838.62100 19.666 0.123
3838.63234 19.841 0.128
3838.64372 19.669 0.106
3838.65507 19.304 0.082
3838.66647 19.330 0.098
3838.67784 19.467 0.108
3839.49696 19.773 0.182
3839.50887 19.713 0.149
3839.52057 19.240 0.095
3839.53232 19.364 0.089
3839.54402 19.388 0.107
3839.55535 19.808 0.215
3839.56671 19.492 0.141
3839.58668 19.766 0.142
3839.59867 20.489 0.339
3839.61034 20.434 0.237
3839.62218 19.947 0.170
3839.63397 19.556 0.112
3839.64590 19.511 0.109
3839.65764 19.646 0.103
3839.66896 19.650 0.096
3839.68033 19.490 0.085
3839.69167 19.690 0.108
3840.48951 19.932 0.204
3840.50118 19.620 0.116
3840.51299 19.474 0.086
3840.52488 19.539 0.094
3840.53628 19.501 0.086
3840.54762 19.633 0.095
3840.55901 19.496 0.088
3840.57040 19.534 0.091
3840.58179 19.525 0.086
3840.59335 19.837 0.114
3840.60467 20.116 0.141
3840.61596 20.045 0.141
3840.63053 19.550 0.087
3840.64187 19.560 0.079
3840.65331 19.443 0.086
3840.66464 19.541 0.091
3840.67603 19.372 0.081
3840.68743 19.628 0.102
3841.49467 19.562 0.092
3841.51323 19.435 0.089
3841.52489 19.518 0.093
3841.53672 19.501 0.087
3841.54854 19.597 0.099
3841.56032 19.481 0.079
3841.57169 19.347 0.068
3841.58308 19.508 0.085
3841.59437 19.829 0.095
3841.60565 19.985 0.113
3841.61699 19.885 0.108
3841.62861 19.813 0.100
3841.63993 19.650 0.086
3841.65125 19.557 0.076
3841.66260 19.554 0.078
3841.67400 19.555 0.089
3842.48376 19.965 0.188
3842.49550 19.721 0.140
3842.50737 19.853 0.177
3842.52311 19.640 0.122
3842.53492 19.506 0.125
3842.54675 19.615 0.120
3842.55837 19.375 0.098
3842.56973 19.612 0.143
3842.58107 19.557 0.097
3842.59246 19.782 0.116
3842.60390 19.875 0.144
3842.61528 19.746 0.096
3842.62700 19.690 0.088
3842.63837 19.577 0.087
3842.64969 19.786 0.120
3842.66104 19.500 0.084
3842.67239 19.483 0.080
3842.68377 19.417 0.081
3843.50847 19.388 0.092
3843.52973 19.757 0.114
3843.54148 19.479 0.078
3843.55304 19.443 0.078
3843.56470 19.533 0.084
3843.57657 19.685 0.099
3843.58826 19.742 0.114
3843.60280 19.813 0.101
3843.61443 20.128 0.114
3843.62576 19.810 0.093
3843.64507 19.809 0.098
3843.65716 19.638 0.087
3843.66853 19.546 0.075
3843.68555 19.486 0.079
3843.69721 19.571 0.086
3843.70856 19.473 0.093
3843.72959 19.934 0.146
3843.74097 19.659 0.111
3843.75234 20.159 0.174
3843.76369 19.737 0.127
3843.77504 19.761 0.145
3843.78715 19.409 0.098
3843.79900 19.569 0.116
3844.48220 20.253 0.204
3844.49405 19.642 0.102
3844.50564 19.647 0.095
3844.51733 19.499 0.093
3844.52900 19.657 0.101
3844.54066 19.529 0.074
3844.55707 19.582 0.082
3844.56871 19.486 0.070
3844.58045 19.637 0.091
3844.59177 19.583 0.085
3844.60314 19.902 0.097
3844.61445 19.636 0.081
3844.62583 19.716 0.086
3844.63720 19.619 0.082
3844.64885 19.643 0.108
3844.66026 19.397 0.070
3844.67162 19.684 0.098
3844.68297 19.467 0.083
3844.69434 19.421 0.094
3844.70563 19.550 0.111
3844.71721 19.548 0.112
3844.72865 19.925 0.163
3844.74004 19.613 0.108
3844.75138 19.689 0.105
3844.76277 19.968 0.138
3844.78369 19.576 0.145
3845.48896 19.797 0.107
3845.50063 19.625 0.090
3845.51224 19.520 0.100
3845.52405 19.488 0.076
3845.53665 19.569 0.079
3845.54841 19.477 0.074
3845.55973 19.529 0.081
3845.58077 19.567 0.083
3845.59211 19.672 0.086
3845.60344 19.784 0.093
3845.61477 20.322 0.156
3845.62615 19.843 0.109
3845.63751 19.763 0.107
3845.64916 19.369 0.070
3845.66056 19.685 0.090
3845.67189 19.580 0.091
3846.48639 19.715 0.129
3846.49809 19.618 0.100
3846.51000 19.562 0.096
3846.52310 19.485 0.085
3846.53574 19.842 0.129
3846.54747 19.679 0.108
3846.55882 19.862 0.125
3846.57222 19.671 0.100
3846.58354 19.701 0.101
3846.59491 19.668 0.117
3846.60625 20.068 0.138
3846.61791 20.256 0.136
3846.62930 19.949 0.109
3846.64063 19.734 0.099
3846.65199 19.303 0.069
3846.66337 19.502 0.083
3847.52391 19.452 0.110
3847.53562 19.675 0.133
3847.54717 19.825 0.155
3847.56026 19.513 0.098
3847.65690 19.688 0.117
3847.66863 19.520 0.102
3848.70709 19.698 0.116
3849.48587 20.275 0.234
3849.49771 19.643 0.117
3849.50947 19.428 0.099
3849.52122 19.692 0.110
3849.53306 19.497 0.091
3849.54899 19.522 0.088
3849.56036 19.228 0.063
3849.57169 19.497 0.070
3849.58311 19.569 0.076
3849.59453 19.577 0.077
3849.60582 19.932 0.097
3849.61744 19.870 0.096
3849.62877 19.818 0.096
3849.64016 19.841 0.090
3849.65155 19.915 0.103
3849.66289 19.613 0.068
3850.48009 20.313 0.200
3850.49792 19.869 0.149
3850.50964 19.553 0.123
3850.52095 19.924 0.141
3850.53230 19.546 0.092
3850.54371 19.513 0.080
3850.55504 19.621 0.101
3850.56641 19.634 0.099
3850.57820 19.484 0.075
3850.59255 19.467 0.079
3850.61003 19.788 0.106
3850.62500 20.035 0.119
3850.63791 19.705 0.098
3850.64962 19.571 0.076
3851.47415 20.166 0.232
3851.48592 20.190 0.176
3851.49763 19.672 0.096
3851.50962 19.584 0.090
3851.52138 19.478 0.081
3851.53276 19.686 0.087
3851.54416 19.492 0.068
3851.55551 19.487 0.067
3851.56693 19.492 0.072
3851.57825 19.516 0.071
3851.58996 19.682 0.087
3851.60133 19.861 0.082
3851.61262 19.793 0.095
3851.62404 20.094 0.132
3851.63773 19.781 0.112
3851.65695 20.140 0.228
3852.48271 19.828 0.127
3852.49448 19.985 0.160
3852.50586 19.769 0.126
3852.51729 20.055 0.148
3852.52866 19.587 0.123
3852.54004 19.690 0.114
3852.55140 19.473 0.093
3852.56302 19.412 0.103
3852.57435 19.735 0.124
3852.58571 19.643 0.117
3852.59701 19.517 0.087
3852.60836 19.749 0.117
3852.61968 20.093 0.162
3852.63147 20.409 0.217
3852.64287 19.863 0.117
3852.65421 19.848 0.128
3853.47341 19.841 0.129
3853.48507 20.074 0.146
3853.49807 19.956 0.119
3853.50943 19.657 0.097
3853.52073 19.759 0.109
3853.53209 19.413 0.089
3853.54345 19.253 0.066
3853.55477 19.327 0.065
3853.56649 19.457 0.072
3853.57779 19.429 0.065
3853.58916 19.590 0.072
3853.60050 19.640 0.085
3853.61191 19.978 0.122
3853.62331 19.793 0.084
3853.63491 19.845 0.084
3853.64628 19.783 0.074
3854.49034 20.513 0.287
3854.50590 19.417 0.102
3854.51768 19.735 0.115
3854.52931 19.759 0.106
3854.54073 19.889 0.113
3854.55205 19.589 0.080
3854.56342 19.548 0.080
3854.57678 19.606 0.078
3854.58805 19.527 0.079
3854.59941 19.787 0.100
3854.61072 19.946 0.111
3854.62203 19.756 0.105
3854.64269 19.753 0.138
3855.57160 19.503 0.066
3855.58403 19.601 0.076
3856.50400 20.130 0.149
3856.51681 19.900 0.112
3856.52826 19.681 0.095
3856.53962 19.605 0.092
3856.55093 19.453 0.071
3856.56232 19.523 0.074
3856.57979 19.429 0.066
3856.59111 19.612 0.078
3856.60609 19.589 0.089
3856.62413 20.415 0.193
3856.63587 20.093 0.132
3858.47190 19.719 0.098
3858.48377 19.725 0.095
3858.49723 19.926 0.102
3858.50858 19.671 0.086
3858.51992 19.581 0.080
3858.53131 19.574 0.072
3858.54270 19.636 0.081
3858.55403 19.781 0.095
3858.56565 19.588 0.071
3858.57699 19.691 0.074
3858.58838 19.800 0.085
3858.59974 19.652 0.071
3858.61468 19.783 0.095
3858.64062 20.492 0.160
3859.60987 19.630 0.091
3860.47587 19.960 0.154
3860.48721 20.043 0.151
3860.49866 20.095 0.194
3860.50996 19.651 0.122
3860.52136 19.759 0.122
3860.53270 19.702 0.143
3860.54440 19.644 0.136
3860.55575 19.852 0.150
3860.56712 19.522 0.123
3860.57847 19.797 0.148
3860.59488 19.647 0.136
3860.61114 19.995 0.180
3860.64433 19.991 0.171
3861.46952 20.055 0.184
3861.48087 20.053 0.148
3861.49225 19.866 0.120
3861.50363 19.700 0.110
3861.51498 19.482 0.112
3861.52631 19.572 0.126
3861.54258 19.560 0.097
3861.55393 19.843 0.140
3861.56529 19.724 0.115
3861.57664 19.642 0.108
3861.58794 19.493 0.100
3861.59933 19.506 0.095
3861.61242 19.690 0.092
3861.62379 19.820 0.104
3862.46717 19.573 0.105
3862.47847 20.183 0.201
3862.48985 19.923 0.135
3862.50123 19.982 0.140
3862.51257 19.838 0.122
3862.52394 19.759 0.096
3862.53690 19.667 0.087
3862.54829 19.582 0.079
3862.55962 19.527 0.073
3862.57145 19.551 0.072
3862.58275 19.400 0.064
3862.59419 19.675 0.088
3862.60554 19.708 0.091
3862.61687 19.537 0.080
3863.47905 20.314 0.204
3863.49077 20.007 0.141
3863.50215 19.999 0.141
3863.51406 19.586 0.097
3863.52543 19.644 0.099
3863.53678 19.692 0.096
3863.54814 19.673 0.100
3863.55951 19.545 0.081
3863.57090 19.366 0.081
3863.58380 19.513 0.100
3863.59514 19.486 0.075
3863.60650 19.649 0.089
3863.61786 19.679 0.082
3864.46708 19.662 0.140
3864.47881 19.790 0.125
3864.49012 20.115 0.181
3864.50149 20.081 0.151
3864.51282 19.892 0.127
3864.52421 19.683 0.100
3864.53557 19.869 0.115
3864.54789 19.615 0.084
3864.55921 19.934 0.119
3864.57338 19.567 0.085
3864.58469 19.586 0.089
3864.59602 20.005 0.158
3864.60743 19.455 0.086
3864.61879 19.609 0.102
3865.46711 19.552 0.110
3865.48005 19.835 0.118
3865.49393 20.316 0.189
3865.50525 19.819 0.115
3865.51657 19.707 0.090
3865.52787 19.735 0.089
3865.53925 19.666 0.080
3865.55059 19.583 0.077
3865.56228 19.582 0.077
3865.57363 19.536 0.069
3865.58498 19.335 0.062
3865.59635 19.424 0.065
3865.60771 19.481 0.067
3866.46755 19.805 0.132
3866.48154 19.778 0.133
3866.49415 19.505 0.081
3866.50551 19.805 0.113
3866.51684 19.883 0.109
3866.52814 19.641 0.089
3866.53949 19.702 0.097
3866.55084 19.703 0.101
3866.56408 19.653 0.095
3866.57841 19.676 0.092
3866.59281 19.517 0.080
3866.60781 19.535 0.082
3867.46562 19.709 0.122
3867.47700 19.907 0.164
3867.48875 19.586 0.114
3867.50131 19.792 0.141
3867.51272 19.801 0.119
3867.52405 19.722 0.100
3867.53538 19.828 0.102
3867.54735 19.457 0.082
3867.56662 19.398 0.083
3867.57798 19.475 0.079
3867.58986 19.430 0.079
3867.60159 19.407 0.126
3867.61340 19.455 0.083
3868.46752 19.523 0.081
3868.48163 19.490 0.074
3868.49373 19.759 0.099
3868.50508 20.085 0.125
3868.51642 19.767 0.103
3868.52773 19.680 0.085
3868.53962 19.902 0.138
3868.55098 19.559 0.130
3868.56234 19.574 0.095
3868.57407 19.798 0.145
3868.58605 19.471 0.096
3868.59785 19.521 0.087
3868.60980 19.628 0.101
3869.46726 19.388 0.114
3869.47858 20.246 0.231
3869.49034 19.636 0.133
3869.50168 19.821 0.142
3869.51346 19.891 0.134
3869.52480 20.049 0.155
3869.53616 20.074 0.160
3869.54752 19.877 0.124
3869.55885 19.680 0.101
3869.57020 19.579 0.089
3869.58182 19.306 0.072
3869.59317 19.505 0.088
3869.60494 19.485 0.078
3870.46588 19.472 0.088
3870.48122 19.997 0.154
3870.49258 19.968 0.173
3870.50393 19.847 0.136
3870.51523 19.844 0.122
3870.52807 19.832 0.129
3870.54005 19.587 0.097
3870.55274 19.689 0.116
3870.56417 19.466 0.092
3870.57551 19.426 0.097
3870.58686 19.468 0.093
3870.59884 19.387 0.106
3870.61630 19.870 0.162
3870.63374 20.198 0.230
3870.69878 19.683 0.171
3871.46466 19.481 0.089
3871.47602 19.874 0.133
3871.48739 20.114 0.159
3871.49873 20.106 0.168
3871.51126 20.046 0.156
3871.52264 19.613 0.102
3871.53471 19.640 0.102
3871.54726 19.611 0.089
3871.55863 19.513 0.078
3871.56995 19.333 0.071
3871.58131 19.489 0.083
3871.59266 19.611 0.087
3871.60552 19.759 0.106
3871.61878 19.513 0.088
3871.63075 19.531 0.085
3871.64207 19.660 0.094
3871.65341 19.882 0.118
3871.66480 19.882 0.141
3871.67613 19.732 0.123
3871.68755 19.529 0.122
3871.70029 19.668 0.156
3871.71216 19.823 0.204
3871.72407 20.171 0.279
3872.46557 19.379 0.072
3872.47693 19.562 0.081
3872.48831 19.523 0.074
3872.50046 19.815 0.098
3872.51307 20.328 0.163
3872.52442 20.077 0.130
3872.53577 19.806 0.098
3872.54707 19.809 0.097
3872.55841 19.562 0.077
3872.57032 19.566 0.069
3872.58164 19.565 0.067
3872.59679 19.688 0.079
3872.60812 19.649 0.080
3872.61945 19.672 0.079
3872.63290 19.714 0.086
3872.64429 19.988 0.124
3872.65620 20.398 0.200
3872.66757 20.016 0.129
3872.67898 19.607 0.094
3872.69032 19.822 0.130
3872.70167 19.306 0.086
3872.71298 19.440 0.108
3872.72534 19.272 0.085
3873.46390 19.481 0.087
3873.47679 19.771 0.100
3873.48814 19.570 0.086
3873.49948 19.644 0.081
3873.51081 19.763 0.105
3873.52266 19.720 0.088
3873.53400 19.579 0.081
3873.54536 19.673 0.083
3873.55670 19.645 0.079
3873.56804 19.525 0.068
3873.57937 19.662 0.084
3873.59099 19.538 0.075
3875.46410 19.397 0.073
3875.47818 19.851 0.102
3875.48953 19.896 0.094
3875.50087 19.864 0.097
3875.51217 19.985 0.102
3875.52621 19.996 0.107
3875.53759 19.694 0.086
3875.54903 19.466 0.064
3875.56037 19.461 0.063
3875.57226 19.451 0.059
3875.58366 19.392 0.058
3876.45926 19.452 0.107
3876.47060 19.691 0.106
3876.48244 19.674 0.095
3876.49377 19.726 0.102
3876.50522 19.920 0.101
3876.51661 20.046 0.116
3876.52796 19.840 0.096
3876.53979 19.682 0.084
3876.55117 19.646 0.079
3876.56257 19.897 0.093
3876.57392 19.572 0.069
3876.58563 19.544 0.067
3877.46157 19.507 0.088
3877.47335 19.501 0.076
3877.48471 19.653 0.086
3877.49600 19.645 0.088
3877.50734 19.682 0.082
3877.51873 19.980 0.102
3877.53051 19.888 0.085
3877.54248 19.604 0.067
3877.55430 19.731 0.075
3877.56573 19.460 0.058
3877.57769 19.525 0.062
3881.46484 19.590 0.083
3881.47618 19.430 0.066
3881.48759 19.506 0.063
3881.49895 19.768 0.075
3881.51027 19.872 0.087
3881.52163 19.794 0.071
3881.53339 19.953 0.095
3881.54472 19.555 0.073
3882.47024 19.321 0.073
3882.48161 19.671 0.099
3882.49303 19.617 0.079
3882.50438 20.020 0.109
3882.51575 19.763 0.099
3882.52710 20.058 0.120
3882.54004 19.843 0.156
3882.55140 20.187 0.173
3883.47495 19.738 0.079
3883.48632 19.600 0.072
3883.49765 19.660 0.072
3883.50899 19.761 0.079
3883.52039 19.887 0.080
3883.53173 19.867 0.109
3883.54355 19.954 0.120
3883.55492 19.838 0.107
3883.56631 19.518 0.094
3886.45426 19.411 0.078
3886.46561 19.596 0.082
3886.47697 19.468 0.076
3886.48834 19.665 0.105
3886.49970 19.582 0.095
3886.51103 19.521 0.084
3886.52275 19.793 0.107
3886.53419 19.638 0.097
3886.54606 19.874 0.101
3887.46183 19.606 0.089
3887.47324 19.701 0.102
3887.48462 19.948 0.134
3887.49596 20.274 0.171
3887.50731 19.650 0.089
3887.51868 19.861 0.105
3887.53031 19.948 0.113
3887.54166 20.685 0.236
3887.55345 19.825 0.095
3890.46654 19.281 0.091
3890.47785 19.817 0.136
3890.48921 19.370 0.095
3890.50059 19.659 0.112
3890.51190 19.484 0.086
3890.52327 19.748 0.120
3890.53521 19.850 0.120
3890.54715 19.672 0.106
3891.45991 19.679 0.111
3891.47123 19.488 0.089
3891.48255 19.484 0.091
3891.49393 19.661 0.092
3891.50534 19.430 0.084
3891.51673 19.707 0.100
3891.52845 19.980 0.118
3892.48273 19.569 0.121
3892.49413 19.644 0.124
3892.50549 19.701 0.129
3892.51683 19.571 0.121
3892.52818 20.068 0.151
3892.53955 20.499 0.237
3896.47336 19.563 0.131
3896.48473 19.455 0.111
3896.49611 19.459 0.094
3896.50747 19.405 0.092
3896.51925 19.719 0.122
3896.53088 19.710 0.123
3900.45961 19.530 0.078
3900.47095 19.752 0.081
3901.45492 19.623 0.096
3901.46627 19.770 0.091
3901.47762 19.511 0.067
3901.48900 19.539 0.083
3902.49066 19.472 0.060
3902.50776 19.719 0.088
3903.47569 19.657 0.090
3903.49580 19.689 0.099
3904.45592 19.610 0.084
3904.47273 19.579 0.067
3904.48411 19.538 0.070
3904.49547 19.517 0.059
3904.50682 19.840 0.129
3905.45291 19.586 0.119
3905.46422 19.459 0.076
3905.47561 19.678 0.092
3905.48700 19.717 0.093
3905.49834 19.565 0.079
3906.45774 19.730 0.133
3906.46908 19.461 0.106
3906.48046 19.361 0.094
3906.49185 19.590 0.117
3907.45728 19.689 0.112
3907.46865 19.841 0.120
3907.47998 19.919 0.147
3908.45328 19.748 0.143
3908.46465 19.424 0.079
3908.47602 19.552 0.080
3908.48737 19.406 0.070
3909.45479 19.738 0.134
3909.46615 19.658 0.100
3909.47756 19.488 0.085
3909.48893 19.574 0.096
3910.45409 19.741 0.125
3912.45279 19.756 0.114
3912.46425 19.537 0.065
3912.47590 19.486 0.061
3913.45721 19.884 0.108
3913.46878 19.717 0.083
3914.49200 19.479 0.090
3916.46270 19.778 0.113
3916.47408 19.765 0.107
3917.47171 19.729 0.097
3919.47003 19.664 0.135
3921.45850 19.843 0.136
4096.79608 19.375 0.055
4096.80728 19.398 0.061
4096.81847 19.613 0.075
4096.82970 19.665 0.077
4096.84708 19.731 0.076
4096.85828 19.699 0.076
4120.83310 19.474 0.052
4120.84424 19.585 0.050
4120.85546 19.509 0.042
4120.86664 19.619 0.047
4120.87777 19.630 0.072
4121.82783 19.546 0.107
4121.83937 19.542 0.098
4121.85052 19.577 0.103
4121.86171 19.477 0.078
4121.87335 19.789 0.119
4122.84183 19.489 0.050
4122.85300 19.450 0.048
4122.86414 19.610 0.057
4122.87532 19.738 0.075
4124.85077 19.478 0.050
4124.86317 19.566 0.050
4124.87472 19.694 0.062
4124.88632 19.654 0.073
4125.80935 20.148 0.148
4125.82102 19.766 0.108
4125.83255 19.579 0.094
4125.84420 19.413 0.089
4125.86397 19.550 0.086
4125.87535 19.487 0.104
4126.80789 19.821 0.081
4126.81932 19.823 0.086
4126.83083 19.683 0.075
4126.84201 19.596 0.065
4126.85315 19.458 0.064
4126.86453 19.501 0.056
4126.87575 19.702 0.080
4126.88693 19.798 0.118
4128.81943 19.590 0.069
4128.83090 19.528 0.053
4128.84210 19.430 0.046
4128.85336 19.557 0.054
4128.86481 19.548 0.059
4128.87595 19.816 0.075
4128.88706 19.793 0.118
4129.81873 19.511 0.054
4129.83037 19.531 0.056
4129.84193 19.556 0.055
4129.85311 19.409 0.056
4129.86425 19.841 0.078
4129.87597 19.736 0.065
4129.88791 19.669 0.100
4141.83452 19.619 0.080
4144.82742 19.857 0.110
4144.84315 19.646 0.099
4144.85438 19.710 0.105
4145.75563 19.547 0.091
4145.77278 19.750 0.100
4145.80850 19.835 0.105
4145.81965 19.876 0.122
4145.83088 19.930 0.153
4145.84209 19.660 0.120
4146.76571 19.524 0.058
4146.77972 19.674 0.074
4146.79088 19.833 0.088
