2682.79657 17.147 0.012
2682.80742 17.120 0.011
2682.81822 17.095 0.010
2682.83229 17.043 0.009
2682.84316 17.036 0.009
2682.85403 17.007 0.010
2682.86492 16.989 0.010
2682.87578 16.969 0.009
2682.88666 16.941 0.009
2683.67309 17.005 0.011
2683.68393 17.003 0.011
2683.69483 16.980 0.010
2683.70567 16.942 0.009
2683.72171 16.932 0.008
2683.73259 16.925 0.008
2683.74347 16.955 0.008
2683.75436 16.951 0.008
2683.76598 16.987 0.009
2683.78298 17.013 0.009
2683.79384 17.029 0.010
2683.80468 17.075 0.010
2683.81553 17.125 0.011
2683.82638 17.128 0.011
2683.83731 17.108 0.011
2683.85172 17.112 0.011
2683.86258 17.042 0.010
2683.87345 17.049 0.010
2683.88429 17.007 0.010
2683.89515 16.973 0.011
2684.68062 17.109 0.011
2684.69146 17.076 0.010
2684.71390 17.003 0.009
2684.72471 16.969 0.009
2684.73561 16.950 0.008
2684.74648 16.963 0.008
2684.75910 16.949 0.008
2684.76993 16.924 0.008
2684.78076 16.947 0.008
2684.79163 16.945 0.008
2684.80250 16.976 0.008
2684.81338 17.009 0.008
2684.82693 17.020 0.008
2684.83781 17.050 0.008
2684.85398 17.116 0.009
2684.86480 17.142 0.009
2684.87570 17.145 0.009
2684.88654 17.124 0.010
2685.66843 17.053 0.011
2685.67927 17.101 0.011
2685.69013 17.123 0.011
2685.70100 17.129 0.010
2685.71181 17.108 0.010
2685.72264 17.097 0.009
2685.73607 17.036 0.009
2685.74689 17.017 0.009
2685.75777 16.988 0.009
2685.76866 16.979 0.009
2685.77952 16.965 0.008
2685.79036 16.960 0.009
2685.80468 16.941 0.009
2685.81557 16.946 0.009
2685.83814 16.979 0.009
2685.85577 17.019 0.009
2685.86665 17.040 0.010
2685.87749 17.088 0.010
2685.88834 17.096 0.010
2685.89924 17.113 0.013
2686.69445 17.019 0.011
2686.70780 17.077 0.011
2686.71866 17.120 0.011
2686.72952 17.108 0.011
2686.74038 17.122 0.012
2686.75124 17.110 0.011
2686.77551 17.063 0.011
2686.78634 17.015 0.010
2686.79725 16.977 0.010
2686.80929 16.984 0.013
2686.82014 16.927 0.012
2686.83097 16.956 0.010
2686.84184 16.947 0.010
2686.85269 16.948 0.010
2686.86353 16.971 0.010
2686.87660 16.976 0.010
2686.88748 16.993 0.010
2687.65685 16.948 0.011
2687.66769 16.940 0.011
2687.68062 16.941 0.011
2687.69143 16.944 0.011
2687.70229 16.971 0.011
2687.71316 16.991 0.011
2687.72438 16.990 0.011
2687.73523 17.050 0.012
2687.74610 17.113 0.012
2687.75957 17.125 0.013
2687.77043 17.145 0.012
2687.78129 17.133 0.012
2687.79217 17.113 0.011
2687.80300 17.076 0.011
2687.81387 17.057 0.010
2687.82563 17.003 0.010
2687.83650 16.984 0.009
2687.85266 16.947 0.009
2687.86356 16.937 0.009
2687.87448 16.940 0.010
2687.88534 16.946 0.011
2687.89627 16.952 0.010
2688.66481 16.966 0.010
2688.67572 16.966 0.013
2688.68659 16.971 0.012
2688.69748 16.945 0.011
2688.70834 16.934 0.011
2688.71917 16.955 0.010
2688.73086 16.950 0.010
2688.74171 16.961 0.009
2688.75251 16.998 0.010
2688.76336 17.019 0.009
2688.77420 17.033 0.009
2688.78503 17.081 0.009
2688.79764 17.092 0.010
2688.80846 17.118 0.010
2688.81936 17.116 0.011
2688.83022 17.097 0.010
2688.84350 17.078 0.011
2688.85743 17.015 0.013
2688.87302 16.969 0.012
2688.88387 16.994 0.012
2688.89471 16.958 0.012
2689.65851 17.095 0.012
2689.67263 17.064 0.012
2689.68351 17.057 0.011
2689.69874 16.986 0.011
2689.70957 16.967 0.011
2689.72043 16.953 0.010
2689.73127 16.951 0.010
2689.74211 16.937 0.009
2689.75300 16.940 0.010
2689.76417 16.946 0.009
2689.77504 16.966 0.010
2689.78697 16.970 0.010
2689.79780 17.036 0.011
2689.80871 17.046 0.011
2689.82173 17.087 0.011
2689.83258 17.099 0.011
2689.84346 17.138 0.012
2689.85807 17.159 0.011
2689.86893 17.098 0.011
2689.87979 17.047 0.010
2689.89067 17.020 0.011
2690.65580 17.100 0.013
2690.66665 17.111 0.012
2690.67752 17.135 0.011
2690.68942 17.143 0.012
2690.70028 17.092 0.012
2690.71117 17.077 0.011
2690.72205 17.025 0.011
2690.73291 17.007 0.011
2690.74378 17.022 0.012
2690.75505 16.985 0.012
2690.76590 16.968 0.012
2690.77671 16.945 0.011
2690.78755 16.952 0.011
2690.79842 16.954 0.011
2690.81731 16.973 0.011
2690.82817 17.000 0.013
2690.83906 17.023 0.014
2690.84993 17.068 0.013
2690.86083 17.101 0.013
2690.87165 17.132 0.014
2690.88289 17.142 0.014
2690.89379 17.133 0.013
2691.64656 16.986 0.013
2691.65743 16.980 0.013
2691.66824 17.038 0.013
2691.67905 17.085 0.012
2691.68991 17.081 0.012
2691.70076 17.116 0.013
2691.71230 17.080 0.012
2691.72316 17.121 0.013
2691.73407 17.106 0.013
2691.74494 17.062 0.012
2691.75582 17.041 0.011
2691.76670 16.987 0.010
2691.77790 16.992 0.010
2691.78871 16.977 0.011
2691.79957 16.942 0.012
2691.81050 16.943 0.011
2691.82132 16.921 0.011
2692.65526 16.956 0.012
2692.66612 16.961 0.011
2692.67697 16.981 0.012
2692.76609 17.133 0.014
2692.78131 17.083 0.012
2692.79214 17.059 0.011
2692.80299 17.031 0.012
2692.81381 16.994 0.011
2692.82471 16.971 0.012
2692.83556 16.938 0.013
2693.65094 16.967 0.008
2693.66180 16.955 0.008
2693.67267 16.953 0.009
2693.68350 16.947 0.009
2693.69435 16.949 0.008
2693.70583 16.967 0.010
2693.71669 16.961 0.008
2693.72756 17.000 0.009
2693.73959 17.006 0.008
2693.75044 17.045 0.009
2693.76130 17.086 0.010
2693.77215 17.086 0.009
2693.78302 17.120 0.009
2693.79703 17.128 0.010
2693.80790 17.087 0.009
2693.82113 17.047 0.009
2693.83202 17.020 0.009
2693.84756 16.995 0.009
2693.86044 16.974 0.009
2693.87137 16.950 0.009
2693.88224 16.929 0.010
2694.63107 17.110 0.011
2694.64196 17.085 0.010
2694.65282 17.042 0.009
2694.66585 17.011 0.009
2694.67669 16.985 0.009
2694.68759 16.958 0.008
2694.69841 16.940 0.008
2694.71446 16.934 0.008
2694.72528 16.939 0.008
2694.73613 16.942 0.008
2694.74712 16.949 0.008
2694.75795 16.976 0.008
2694.76884 16.990 0.008
2694.78379 17.024 0.008
2694.79461 17.060 0.009
2694.80549 17.106 0.009
2694.81632 17.121 0.009
2694.83049 17.141 0.009
2694.84129 17.109 0.010
2694.85820 17.069 0.009
2694.86903 17.030 0.009
2694.87994 17.020 0.009
2694.89079 16.998 0.010
2695.65452 17.132 0.011
2695.66536 17.130 0.012
2695.67670 17.098 0.011
2695.68758 17.061 0.009
2695.69845 17.045 0.008
2695.71075 17.007 0.008
2695.72222 16.988 0.008
2695.73307 16.971 0.008
2695.74439 16.965 0.009
2695.75525 16.946 0.008
2695.76613 16.965 0.008
2695.77701 16.970 0.009
2695.79110 16.975 0.008
2695.80441 17.001 0.009
2695.81929 17.022 0.009
2695.83303 17.085 0.009
2695.84388 17.111 0.010
2695.85472 17.116 0.009
2695.86556 17.133 0.009
2695.87737 17.132 0.009
2695.88824 17.096 0.009
2696.64928 17.025 0.010
2696.66015 17.069 0.010
2696.67101 17.112 0.011
2696.68186 17.126 0.010
2696.69275 17.119 0.009
2696.70825 17.126 0.010
2696.71907 17.101 0.009
2696.72990 17.058 0.010
2696.74074 17.025 0.009
2696.75156 17.005 0.008
2696.76246 16.974 0.008
2696.78456 16.935 0.008
2696.79540 16.966 0.008
2696.80627 16.942 0.008
2696.81717 16.957 0.008
2696.82799 16.960 0.008
2696.84075 16.990 0.008
2696.85158 17.007 0.008
2696.86240 17.051 0.009
2696.87323 17.067 0.010
2696.88409 17.102 0.010
2696.89497 17.144 0.011
2697.63151 16.960 0.011
2697.64238 16.962 0.011
2697.66413 16.967 0.011
2697.68069 17.006 0.010
2697.69155 17.042 0.009
2697.70242 17.076 0.009
2697.71549 17.117 0.009
2697.72636 17.127 0.009
2697.73719 17.134 0.009
2697.74802 17.125 0.009
2697.75887 17.069 0.009
2697.76969 17.025 0.009
2697.78086 17.020 0.009
2697.79169 16.998 0.008
2697.80468 16.973 0.008
2697.81555 16.950 0.008
2697.82644 16.941 0.008
2697.83729 16.937 0.008
2697.84817 16.941 0.007
2697.85898 16.951 0.008
2697.87025 16.963 0.008
2697.88110 17.009 0.008
2697.89196 17.018 0.008
2697.90283 17.048 0.009
2698.62028 17.017 0.009
2698.63115 16.965 0.008
2698.64201 16.946 0.009
2698.65283 16.963 0.009
2698.66365 16.958 0.009
2698.67450 16.937 0.009
2698.68566 16.945 0.009
2698.69654 16.976 0.009
2698.70741 16.993 0.009
2698.71828 17.008 0.009
2698.72912 17.068 0.010
2698.73994 17.062 0.009
2698.75119 17.102 0.009
2698.76204 17.146 0.012
2698.77286 17.143 0.010
2698.78369 17.131 0.010
2698.79458 17.085 0.009
2698.80544 17.056 0.009
2698.81662 17.026 0.009
2698.83576 16.962 0.008
2698.84362 16.966 0.009
2698.85445 16.943 0.008
2698.86531 16.949 0.009
2698.87614 16.950 0.009
2699.61409 17.104 0.011
2699.62495 17.095 0.010
2699.63582 17.049 0.010
2699.64670 16.998 0.009
2699.65755 17.021 0.010
2699.66840 16.971 0.009
2699.67955 16.949 0.009
2699.69043 16.940 0.008
2699.70124 16.941 0.008
2699.71209 16.942 0.008
2699.72296 16.955 0.008
2699.73378 16.974 0.008
2699.74501 16.991 0.008
2699.75586 17.017 0.009
2699.76669 17.058 0.009
2699.77750 17.079 0.009
2699.78833 17.122 0.010
2699.79924 17.132 0.010
2699.81049 17.142 0.010
2699.82126 17.121 0.010
2699.83206 17.087 0.010
2699.84291 17.098 0.010
2699.85377 17.021 0.010
2699.86557 17.002 0.010
2700.60213 17.056 0.012
2700.61295 17.092 0.011
2700.62383 17.123 0.011
2700.63469 17.162 0.012
2700.64560 17.147 0.012
2700.65321 17.149 0.014
2700.66408 17.074 0.011
2700.67490 17.038 0.010
2700.68579 17.020 0.009
2700.69663 17.004 0.009
2700.70748 16.973 0.008
2700.71862 16.967 0.008
2700.72946 16.948 0.009
2700.74033 16.956 0.008
2700.75118 16.954 0.008
2700.76205 16.956 0.008
2700.77295 16.984 0.008
2700.78428 16.979 0.008
2700.79514 17.019 0.009
2700.80595 17.035 0.009
2700.81679 17.076 0.009
2700.82770 17.101 0.009
2700.83859 17.149 0.010
2700.85023 17.124 0.009
2700.86104 17.117 0.010
2700.87194 17.091 0.010
2701.61519 17.007 0.010
2701.62603 17.031 0.010
2701.63692 17.057 0.011
2701.64781 17.095 0.011
2701.65867 17.106 0.011
2701.66954 17.151 0.012
2701.68079 17.112 0.010
2701.69164 17.128 0.011
2701.70247 17.084 0.010
2701.71329 17.045 0.010
2701.72417 17.022 0.010
2701.73170 16.982 0.009
2701.74256 16.972 0.010
2701.75342 16.971 0.009
2701.76430 16.944 0.009
2701.77515 16.950 0.009
2701.78598 16.956 0.010
2701.79712 16.958 0.010
2701.80800 16.994 0.011
2701.81886 17.004 0.011
2701.82973 16.989 0.011
2701.84062 17.037 0.011
2701.85149 17.077 0.011
2701.86372 17.111 0.011
2701.87457 17.132 0.012
2702.61981 16.968 0.011
2702.62760 16.968 0.011
2702.63848 16.961 0.010
2702.64937 16.980 0.010
2702.66023 17.014 0.010
2702.67105 17.032 0.010
2702.68191 17.093 0.010
2702.69307 17.113 0.010
2702.70395 17.112 0.011
2702.71478 17.143 0.010
2702.72563 17.123 0.010
2702.73647 17.100 0.011
2702.74733 17.076 0.010
2702.75851 17.032 0.009
2702.76940 16.997 0.009
2702.78031 16.978 0.009
2702.79113 16.961 0.009
2702.80201 16.969 0.010
2702.81284 16.954 0.009
2702.82409 16.957 0.009
2702.83497 16.956 0.009
2702.84579 16.975 0.009
2702.85669 16.990 0.009
2702.86753 17.023 0.009
2702.87837 17.059 0.010
2703.59735 17.016 0.011
2703.60820 17.044 0.013
2703.62232 16.974 0.013
2703.63318 16.960 0.011
2703.64400 16.946 0.010
2703.65483 16.953 0.011
2703.66890 16.972 0.012
2703.67975 17.032 0.013
2703.70153 17.035 0.011
2703.71238 17.074 0.012
2703.72324 17.102 0.012
2703.74168 17.132 0.011
2703.75251 17.125 0.011
2703.76337 17.130 0.011
2703.77421 17.118 0.012
2703.78508 17.059 0.012
2703.79602 17.010 0.010
2703.80689 16.997 0.010
2703.82116 16.962 0.009
2703.83201 16.953 0.009
2703.84287 16.941 0.010
2703.85375 16.945 0.010
2703.86462 16.968 0.011
2703.87547 16.958 0.009
2704.60772 17.077 0.010
2704.61858 17.035 0.009
2704.62949 17.006 0.009
2704.64031 16.955 0.009
2704.65117 16.942 0.009
2704.66201 16.934 0.008
2704.67317 16.926 0.008
2704.68403 16.936 0.008
2704.69487 16.940 0.008
2704.70575 16.972 0.008
2704.71665 16.974 0.008
2704.72752 16.990 0.008
2704.73865 17.006 0.009
2704.74956 17.068 0.010
2704.76042 17.103 0.009
2704.77128 17.132 0.010
2704.79298 17.143 0.010
2704.80416 17.097 0.010
2704.81503 17.093 0.010
2704.82587 17.043 0.009
2704.83673 17.022 0.009
2704.84760 16.984 0.009
2704.85851 16.976 0.009
2705.60754 17.125 0.010
2705.61843 17.132 0.011
2705.62929 17.125 0.011
2705.64021 17.085 0.010
2705.65107 17.070 0.010
2705.66191 17.027 0.010
2705.67327 17.025 0.010
2705.68415 16.997 0.010
2705.69501 16.974 0.010
2705.70584 16.939 0.010
2705.71671 16.951 0.010
2705.72758 17.002 0.012
2705.73874 16.989 0.011
2705.74960 17.004 0.010
2705.76045 16.994 0.010
2705.77134 17.005 0.009
2705.78226 17.056 0.010
2705.79308 17.094 0.010
2705.80452 17.121 0.011
2705.81542 17.133 0.011
2706.61061 17.052 0.012
2706.62148 17.078 0.011
2706.63235 17.095 0.010
2706.64320 17.122 0.012
2706.65402 17.167 0.012
2706.66486 17.124 0.011
2706.67590 17.105 0.010
2706.68678 17.053 0.010
2706.69761 17.038 0.009
2706.70845 17.008 0.009
2706.71936 16.970 0.009
2706.73020 16.966 0.009
2706.74131 16.958 0.010
2706.75219 16.955 0.010
2706.76307 16.944 0.010
2706.77393 16.956 0.010
2706.78480 16.961 0.011
2706.79568 17.013 0.012
2706.80688 17.065 0.013
2706.83117 17.070 0.011
2706.84205 17.128 0.012
2707.58355 16.936 0.009
2707.59437 16.938 0.009
2707.60524 16.962 0.009
2707.61611 16.953 0.009
2707.62693 16.992 0.009
2707.63775 17.016 0.009
2707.65133 17.043 0.009
2707.66218 17.077 0.009
2707.67304 17.121 0.009
2707.68389 17.120 0.010
2707.69478 17.135 0.009
2707.70565 17.114 0.009
2707.71683 17.077 0.009
2707.72765 17.056 0.009
2707.73852 17.020 0.009
2707.74938 17.004 0.009
2707.76026 16.981 0.009
2707.77114 16.964 0.009
2707.78249 16.956 0.009
2707.79338 16.930 0.008
2707.80426 16.944 0.009
2707.81512 16.948 0.009
2707.82599 16.979 0.009
2707.83683 16.984 0.010
2708.59008 16.976 0.009
2708.60089 16.947 0.009
2708.61176 16.951 0.008
2708.62265 16.944 0.009
2708.63355 16.919 0.008
2708.64441 16.952 0.008
2708.66014 16.984 0.008
2708.67101 17.006 0.008
2708.68678 17.057 0.009
2708.69765 17.080 0.008
2708.70856 17.106 0.009
2708.71940 17.139 0.009
2708.73026 17.123 0.009
2708.74109 17.136 0.009
2708.75190 17.097 0.009
2708.77668 17.034 0.011
2708.79847 16.978 0.009
2708.81540 16.948 0.008
2708.82626 16.952 0.008
2708.83708 16.952 0.008
2709.58283 17.076 0.010
2709.59371 17.035 0.009
2709.60457 17.035 0.010
2709.61543 16.986 0.009
2709.62626 16.912 0.008
2709.63710 16.961 0.009
2709.64796 16.931 0.009
2709.65933 16.952 0.008
2709.67019 16.940 0.008
2709.68106 16.930 0.008
2709.69192 16.979 0.008
2709.70278 16.990 0.008
2709.71363 17.016 0.008
2709.72472 17.051 0.008
2709.73560 17.057 0.008
2709.74645 17.095 0.009
2709.75733 17.103 0.009
2709.76818 17.125 0.008
2709.77907 17.109 0.008
2709.79059 17.069 0.008
2709.80147 17.060 0.008
2709.81234 17.022 0.008
2709.82322 16.999 0.008
2709.83406 16.961 0.008
2709.84487 16.953 0.008
2710.57231 17.096 0.012
2710.58320 17.124 0.012
2710.59400 17.138 0.012
2710.60483 17.137 0.013
2710.61572 17.096 0.012
2710.62658 17.069 0.012
2710.63778 17.036 0.013
2710.64861 17.031 0.012
2710.65949 16.979 0.009
2710.67030 16.983 0.010
2710.68118 16.968 0.008
2710.69201 16.943 0.008
2710.70316 16.954 0.008
2710.71406 16.950 0.008
2710.72491 16.960 0.008
2710.73579 16.979 0.008
2710.74665 17.011 0.008
2710.75753 17.026 0.008
2710.76868 17.055 0.008
2710.77953 17.098 0.009
2710.79038 17.112 0.009
2710.80122 17.164 0.010
2710.81213 17.113 0.009
2710.82299 17.100 0.010
2711.58295 17.028 0.010
2711.59379 17.068 0.010
2711.60465 17.087 0.010
2711.61548 17.110 0.010
2711.62637 17.125 0.010
2711.63723 17.151 0.010
2711.65311 17.111 0.010
2711.66393 17.070 0.010
2711.67478 17.020 0.009
2711.68564 16.998 0.008
2711.69647 16.959 0.008
2711.70729 16.963 0.008
2711.71862 16.953 0.007
2711.72946 16.941 0.007
2711.74031 16.939 0.007
2711.75115 16.944 0.007
2711.77031 16.979 0.008
2711.78116 16.995 0.008
2711.79194 17.033 0.008
2711.80277 17.046 0.008
2711.81360 17.077 0.008
2711.82445 17.093 0.008
2712.57640 16.947 0.010
2712.58724 16.924 0.010
2712.59805 16.976 0.010
2712.60889 16.961 0.011
2712.61973 16.992 0.010
2712.63060 17.046 0.011
2712.64186 17.083 0.011
2712.65268 17.135 0.014
2712.66354 17.134 0.012
2712.67446 17.126 0.011
2712.68962 17.089 0.010
2712.70045 17.079 0.011
2712.71130 17.051 0.012
2712.72218 17.016 0.011
2712.73302 16.989 0.010
2712.74387 16.970 0.010
2712.75919 16.917 0.009
2712.77007 16.939 0.009
2712.78095 16.937 0.008
2712.79181 16.951 0.008
2712.80267 16.968 0.009
2712.81353 16.988 0.009
2712.82521 17.000 0.010
2712.83604 17.063 0.012
2713.58380 16.951 0.012
2713.59466 16.964 0.011
2713.60560 16.952 0.011
2713.61641 16.933 0.011
2713.62728 16.968 0.010
2713.63814 16.960 0.010
2713.64937 17.012 0.010
2713.66023 17.019 0.011
2713.67111 17.077 0.011
2713.68193 17.095 0.010
2713.69284 17.116 0.010
2713.70365 17.118 0.010
2713.71487 17.116 0.012
2713.72573 17.127 0.014
2713.73659 17.077 0.011
2713.74744 17.034 0.010
2713.75829 17.002 0.009
2713.76912 16.982 0.011
2713.78468 16.958 0.011
2713.80004 16.967 0.012
2713.81544 16.944 0.010
2713.82626 16.942 0.010
2714.56908 17.047 0.011
2714.57989 17.029 0.011
2714.59505 16.975 0.010
2714.60589 16.962 0.009
2714.61673 16.945 0.010
2714.62761 16.947 0.009
2714.63849 16.942 0.009
2714.64934 16.944 0.009
2714.66066 16.954 0.009
2714.67150 16.966 0.009
2714.68237 16.991 0.009
2714.69322 17.018 0.009
2714.70405 17.057 0.009
2714.71493 17.077 0.009
2714.72601 17.108 0.009
2714.73684 17.105 0.009
2714.74768 17.116 0.009
2714.75852 17.117 0.009
2714.76938 17.082 0.010
2714.78020 17.047 0.010
2714.79136 17.022 0.008
2714.80220 17.000 0.009
2714.81305 16.979 0.009
2714.82389 16.976 0.008
2715.54461 17.122 0.016
2715.55543 17.142 0.018
2715.56625 17.148 0.017
2715.57711 17.130 0.016
2715.58795 17.131 0.017
2715.59882 17.062 0.014
2715.61408 17.031 0.013
2715.62492 17.006 0.011
2715.63578 17.012 0.011
2715.64666 16.982 0.011
2715.65751 16.943 0.010
2715.66837 16.931 0.009
2715.67922 16.940 0.009
2715.69055 16.939 0.010
2715.70143 16.960 0.009
2715.71230 16.975 0.009
2715.72313 17.000 0.010
2715.73398 17.014 0.010
2715.74482 17.056 0.010
2715.75603 17.069 0.011
2715.76688 17.111 0.010
2715.77771 17.133 0.011
2715.78857 17.132 0.011
2715.79941 17.092 0.010
2715.81029 17.063 0.011
2719.56197 17.007 0.013
2719.57285 16.986 0.012
2719.58371 16.958 0.011
2719.59458 16.956 0.011
2719.62739 16.924 0.010
2719.63826 16.940 0.010
2719.65261 16.967 0.010
2719.66346 16.973 0.010
2719.67435 17.010 0.010
2719.68521 17.031 0.010
2719.69609 17.064 0.010
2719.71595 17.121 0.011
2719.72679 17.118 0.011
2719.73767 17.088 0.011
2719.75169 17.066 0.010
2719.76251 17.029 0.010
2719.77337 17.021 0.010
2719.78419 16.999 0.010
2719.79501 16.978 0.010
2719.81022 16.958 0.010
2719.82108 16.939 0.010
2720.62696 16.966 0.011
2720.70763 17.015 0.009
2720.71850 17.016 0.010
2720.72935 17.073 0.010
2720.75013 17.134 0.011
2720.76100 17.137 0.011
2720.77339 17.102 0.011
2720.78427 17.076 0.011
2720.79951 17.025 0.011
2720.81038 16.992 0.011
2720.82125 16.971 0.010
2720.83210 16.955 0.010
2720.84298 16.958 0.010
2721.55177 17.061 0.013
2721.58012 17.097 0.012
2721.60408 17.106 0.012
2721.61928 17.058 0.013
2721.70296 16.938 0.010
2721.71384 16.944 0.009
2721.72466 16.960 0.010
2721.73549 16.972 0.010
2721.75038 17.008 0.009
2721.76125 17.031 0.010
2721.77217 17.084 0.010
2721.79198 17.142 0.011
2721.80784 17.126 0.012
2721.82342 17.074 0.011
2722.72336 16.958 0.010
2722.73421 16.944 0.012
2722.74761 16.945 0.012
2722.75848 16.980 0.011
2722.76932 17.012 0.012
2722.78925 17.037 0.012
2722.80012 17.063 0.012
2722.81096 17.093 0.013
2722.82182 17.130 0.015
2722.83272 17.159 0.017
2722.84357 17.141 0.018
2723.65671 17.122 0.010
2723.67968 17.129 0.010
2724.54788 17.005 0.011
2724.55871 16.982 0.010
2724.57173 16.949 0.009
2724.58259 16.925 0.009
2724.59343 16.931 0.009
2724.60429 16.929 0.009
2724.61810 16.959 0.009
2724.62897 16.964 0.009
2724.63982 16.986 0.009
2724.65069 17.020 0.009
2724.66150 17.027 0.009
2724.67235 17.057 0.009
2724.68367 17.101 0.009
2724.69451 17.106 0.010
2724.70543 17.137 0.009
2724.71631 17.093 0.009
2724.72722 17.079 0.009
2724.73810 17.046 0.009
2724.74986 17.014 0.010
2724.76073 16.985 0.009
2724.77162 16.974 0.009
2724.78443 16.957 0.009
2724.79528 16.944 0.010
2724.80612 16.952 0.010
2783.57223 17.004 0.009
2784.47703 17.073 0.010
2786.54442 17.089 0.011
2787.54255 17.095 0.011
