3782.81814 13.886 0.003
3783.69150 13.875 0.003
3783.70285 13.880 0.003
3783.71422 13.885 0.003
3783.72560 13.881 0.003
3783.73692 13.880 0.003
3783.74828 13.881 0.003
3783.76207 13.881 0.003
3783.77343 13.880 0.003
3783.78483 13.877 0.003
3783.79885 13.877 0.003
3783.81024 13.879 0.003
3783.82159 13.877 0.003
3783.83295 13.876 0.003
3783.84429 13.883 0.003
3784.67903 13.881 0.003
3784.69036 13.885 0.003
3784.70174 13.883 0.003
3784.71328 13.883 0.003
3784.72460 13.877 0.003
3784.73595 13.879 0.003
3784.74917 13.880 0.003
3784.76051 13.878 0.003
3784.77183 13.876 0.003
3784.78317 13.882 0.003
3784.79574 13.880 0.003
3784.80711 13.878 0.003
3784.81848 13.882 0.003
3784.82987 13.884 0.003
3784.84115 13.880 0.003
3785.65055 13.885 0.003
3785.66195 13.879 0.003
3785.67332 13.883 0.003
3785.68471 13.878 0.003
3785.69606 13.874 0.003
3785.70741 13.874 0.003
3785.71904 13.881 0.003
3785.73045 13.881 0.003
3785.74181 13.880 0.003
3785.75317 13.878 0.003
3785.76508 13.880 0.003
3785.77646 13.880 0.003
3785.78782 13.880 0.003
3785.79919 13.875 0.003
3785.81051 13.880 0.003
3785.82233 13.879 0.003
3785.83380 13.878 0.003
3786.63526 13.885 0.003
3786.64661 13.885 0.003
3786.65797 13.881 0.003
3786.66942 13.881 0.003
3786.68093 13.882 0.003
3786.69231 13.883 0.003
3786.70371 13.882 0.003
3786.71511 13.882 0.003
3786.72648 13.882 0.003
3786.73898 13.883 0.003
3786.75033 13.878 0.003
3786.76169 13.877 0.003
3786.77305 13.874 0.003
3786.78500 13.882 0.003
3786.79640 13.882 0.003
3786.80778 13.882 0.003
3786.81920 13.887 0.003
3786.83056 13.883 0.003
3787.63889 13.889 0.003
3787.65633 13.889 0.003
3787.66798 13.887 0.003
3787.67934 13.892 0.003
3787.69070 13.884 0.003
3787.70204 13.888 0.003
3787.71340 13.889 0.003
3787.72474 13.885 0.003
3787.73686 13.882 0.003
3787.74864 13.881 0.003
3787.75998 13.885 0.003
3787.77132 13.884 0.003
3787.78261 13.883 0.003
3787.79400 13.882 0.003
3787.80647 13.887 0.003
3787.81789 13.883 0.003
3787.82934 13.885 0.003
3788.63609 13.889 0.003
3788.64741 13.887 0.003
3788.65874 13.883 0.003
3788.67549 13.889 0.003
3788.68682 13.887 0.003
3788.69816 13.886 0.003
3788.70955 13.887 0.003
3788.72093 13.890 0.003
3788.73227 13.887 0.003
3788.74393 13.890 0.003
3788.75526 13.887 0.003
3788.76663 13.888 0.003
3788.77988 13.893 0.003
3788.79123 13.891 0.003
3788.80261 13.888 0.003
3788.81396 13.889 0.003
3788.82533 13.889 0.003
3789.64697 13.890 0.003
3789.65832 13.904 0.003
3789.66986 13.891 0.003
3789.68119 13.929 0.003
3789.69251 13.885 0.003
3789.70423 13.887 0.003
3789.71562 13.892 0.003
3789.72699 13.887 0.003
3789.73835 13.886 0.003
3789.74971 13.887 0.003
3789.76110 13.889 0.003
3789.77312 13.885 0.003
3789.78452 13.887 0.003
3789.79590 13.889 0.003
3789.80760 13.888 0.003
3789.81898 13.890 0.003
3789.83036 13.891 0.003
3789.84391 13.892 0.003
3789.85526 13.884 0.003
3789.86665 13.887 0.003
3789.87804 13.881 0.003
3789.89444 13.888 0.003
3789.90579 13.892 0.003
3790.61760 13.883 0.003
3790.62891 13.888 0.003
3790.64023 13.890 0.003
3790.65184 13.888 0.003
3790.66317 13.893 0.003
3790.67450 13.889 0.003
3790.68587 13.891 0.003
3790.69724 13.888 0.003
3790.70854 13.887 0.003
3790.72029 13.885 0.003
3790.73220 13.887 0.003
3790.74354 13.886 0.003
3790.75488 13.886 0.003
3790.76623 13.893 0.003
3790.77759 13.891 0.003
3790.78889 13.888 0.003
3790.80050 13.890 0.003
3790.81187 13.892 0.003
3790.82320 13.889 0.003
3791.62850 13.883 0.003
3791.63988 13.883 0.003
3791.65126 13.887 0.003
3791.66262 13.881 0.003
3791.67399 13.887 0.003
3791.68532 13.882 0.003
3791.69684 13.881 0.003
3791.70829 13.882 0.003
3791.71968 13.886 0.003
3791.73106 13.886 0.003
3791.74240 13.890 0.003
3791.75372 13.885 0.003
3791.76528 13.887 0.003
3791.77663 13.885 0.003
3791.78801 13.883 0.003
3791.79934 13.887 0.003
3791.81175 13.891 0.003
3791.82308 13.889 0.003
3792.61436 13.885 0.003
3792.62568 13.887 0.003
3792.63854 13.888 0.003
3792.64992 13.888 0.003
3792.66131 13.882 0.003
3792.67267 13.885 0.003
3792.68399 13.886 0.003
3792.69565 13.888 0.003
3792.70719 13.887 0.003
3792.71864 13.884 0.003
3792.73003 13.887 0.003
3792.74143 13.885 0.003
3792.75277 13.881 0.003
3792.76414 13.888 0.003
3792.77585 13.887 0.003
3792.78723 13.886 0.003
3792.79859 13.887 0.003
3792.80995 13.880 0.003
3792.82134 13.885 0.003
3792.83270 13.884 0.003
3792.84546 13.880 0.003
3792.85781 13.886 0.003
3793.60814 13.882 0.003
3793.61950 13.883 0.003
3793.63084 13.884 0.003
3793.64253 13.883 0.003
3793.65388 13.884 0.003
3793.66518 13.881 0.003
3793.67654 13.884 0.003
3793.68789 13.879 0.003
3793.69941 13.881 0.003
3793.71078 13.880 0.003
3793.72217 13.881 0.003
3793.73350 13.881 0.003
3793.74486 13.881 0.003
3793.75621 13.876 0.003
3793.76843 13.884 0.003
3793.77981 13.878 0.003
3793.79120 13.883 0.003
3793.80539 13.881 0.003
3793.81672 13.880 0.003
3794.60852 13.878 0.003
3794.61987 13.885 0.003
3794.63126 13.884 0.003
3794.64263 13.885 0.003
3794.65402 13.884 0.003
3794.66538 13.883 0.003
3794.67709 13.886 0.003
3794.68860 13.881 0.003
3794.69997 13.884 0.003
3794.71134 13.879 0.003
3794.72266 13.878 0.003
3794.73447 13.883 0.003
3794.74580 13.878 0.003
3794.75818 13.880 0.003
3794.76957 13.883 0.003
3794.78096 13.883 0.003
3794.79229 13.879 0.003
3794.80365 13.880 0.003
3794.81500 13.884 0.003
3795.60068 13.881 0.003
3795.61205 13.883 0.003
3795.62338 13.882 0.003
3795.63474 13.883 0.003
3795.64610 13.888 0.003
3795.65741 13.883 0.003
3795.66915 13.880 0.003
3795.68051 13.884 0.003
3795.69189 13.886 0.003
3795.70320 13.885 0.003
3795.71458 13.874 0.003
3795.72599 13.880 0.003
3795.74029 13.882 0.003
3795.75167 13.878 0.003
3795.76299 13.885 0.003
3795.77441 13.886 0.003
3795.78577 13.885 0.003
3795.79711 13.886 0.003
3795.80864 13.879 0.003
3796.60808 13.884 0.003
3796.61943 13.882 0.003
3796.63078 13.882 0.003
3796.64211 13.883 0.003
3796.65345 13.885 0.003
3796.66482 13.879 0.003
3796.67658 13.882 0.003
3796.68812 13.885 0.003
3796.69951 13.886 0.003
3796.71086 13.880 0.003
3796.72336 13.885 0.003
3796.73470 13.883 0.003
3796.74608 13.882 0.003
3796.75748 13.885 0.003
3796.76881 13.882 0.003
3796.78017 13.880 0.003
3796.79192 13.887 0.003
3796.80326 13.881 0.003
3796.81458 13.882 0.003
3797.60042 13.885 0.003
3797.61178 13.888 0.003
3797.62310 13.884 0.003
3797.63441 13.886 0.003
3797.64574 13.887 0.003
3797.65712 13.883 0.003
3797.66892 13.886 0.003
3797.68029 13.888 0.003
3797.69167 13.888 0.003
3797.70300 13.886 0.003
3797.71432 13.881 0.003
3797.72571 13.884 0.003
3797.73753 13.889 0.003
3797.74886 13.886 0.003
3797.76022 13.884 0.003
3797.77151 13.886 0.003
3797.78283 13.885 0.003
3797.79420 13.889 0.003
3798.60113 13.884 0.003
3798.61250 13.892 0.003
3798.62382 13.884 0.003
3798.63518 13.878 0.003
3798.64652 13.883 0.003
3798.65790 13.890 0.003
3798.66953 13.888 0.003
3798.68093 13.892 0.003
3798.69231 13.885 0.003
3798.70365 13.888 0.003
3798.71503 13.889 0.003
3798.72636 13.884 0.003
3798.73792 13.890 0.003
3798.74931 13.887 0.003
3798.76067 13.887 0.003
3798.77200 13.886 0.003
3798.78340 13.886 0.003
3799.64323 13.891 0.003
3799.65457 13.893 0.003
3799.66592 13.889 0.003
3799.67727 13.890 0.003
3799.68863 13.892 0.003
3799.69995 13.890 0.003
3799.71127 13.886 0.003
3799.72297 13.886 0.003
3799.73430 13.888 0.003
3799.74563 13.885 0.003
3799.75701 13.891 0.003
3799.76837 13.889 0.003
3799.77971 13.887 0.003
3800.59673 13.880 0.003
3800.60811 13.889 0.003
3800.61949 13.888 0.003
3800.63085 13.887 0.003
3800.65688 13.890 0.003
3800.66889 13.895 0.003
3800.68052 13.885 0.003
3800.69233 13.885 0.003
3800.70385 13.886 0.003
3800.71545 13.885 0.003
3800.72747 13.885 0.003
3800.73978 13.886 0.003
3800.75114 13.882 0.003
3800.76251 13.888 0.003
3800.77389 13.882 0.003
3800.78524 13.887 0.003
3800.79657 13.888 0.003
3801.58625 13.880 0.003
3801.59761 13.892 0.003
3801.60896 13.884 0.003
3801.62032 13.883 0.003
3801.63169 13.880 0.003
3801.64305 13.883 0.003
3801.65480 13.885 0.003
3801.66617 13.884 0.003
3801.67752 13.883 0.003
3801.68882 13.883 0.003
3801.70020 13.881 0.003
3801.71155 13.882 0.003
3801.72321 13.884 0.003
3801.73461 13.882 0.003
3801.74599 13.882 0.003
3801.75740 13.882 0.003
3801.76880 13.884 0.003
3801.78017 13.881 0.003
3802.59036 13.882 0.003
3802.60171 13.891 0.003
3802.61308 13.894 0.003
3802.62448 13.882 0.003
3802.63586 13.880 0.003
3802.64720 13.884 0.003
3802.65876 13.882 0.003
3802.67007 13.879 0.003
3802.68144 13.885 0.003
3802.69275 13.878 0.003
3802.70412 13.883 0.003
3802.71546 13.882 0.003
3802.72708 13.881 0.003
3802.73847 13.881 0.003
3802.74976 13.885 0.003
3802.76112 13.885 0.003
3802.77245 13.883 0.003
3802.78459 13.885 0.003
3803.58432 13.884 0.003
3803.59564 13.886 0.003
3803.60702 13.887 0.003
3803.61841 13.887 0.003
3803.62985 13.886 0.003
3803.64120 13.887 0.003
3803.65280 13.889 0.003
3803.66414 13.890 0.003
3803.67551 13.882 0.003
3803.68688 13.880 0.003
3803.69823 13.883 0.003
3803.70959 13.883 0.003
3803.72125 13.884 0.003
3803.73265 13.886 0.003
3803.74397 13.886 0.003
3803.75536 13.881 0.003
3803.76673 13.882 0.003
3803.77808 13.886 0.003
3804.58373 13.886 0.003
3804.59510 13.894 0.003
3804.60643 13.893 0.003
3804.61777 13.885 0.003
3804.62922 13.885 0.003
3804.64054 13.889 0.003
3804.65366 13.890 0.003
3804.66503 13.892 0.003
3804.67640 13.883 0.003
3804.68782 13.883 0.003
3804.69919 13.881 0.003
3804.71052 13.884 0.003
3804.73807 13.884 0.003
3804.74953 13.886 0.003
3804.76092 13.881 0.003
3804.77226 13.883 0.003
3805.58080 13.881 0.003
3805.59219 13.887 0.003
3805.60350 13.881 0.003
3805.61482 13.880 0.003
3805.62620 13.880 0.003
3805.63752 13.881 0.003
3805.64914 13.881 0.003
3805.66046 13.878 0.003
3805.67188 13.881 0.003
3805.68328 13.882 0.003
3805.69458 13.881 0.003
3805.70596 13.884 0.003
3805.71790 13.877 0.003
3805.72926 13.883 0.003
3805.74063 13.885 0.003
3805.75202 13.880 0.003
3805.76341 13.883 0.003
3805.77480 13.882 0.003
3806.58648 13.882 0.003
3806.59788 13.880 0.003
3806.60925 13.889 0.003
3806.62058 13.888 0.003
3806.63194 13.884 0.003
3806.64332 13.889 0.003
3806.65469 13.885 0.003
3806.67093 13.888 0.003
3806.68233 13.886 0.003
3806.69371 13.880 0.003
3806.70507 13.883 0.003
3806.71641 13.882 0.003
3806.72783 13.883 0.003
3806.73959 13.885 0.003
3806.75094 13.886 0.003
3806.76233 13.880 0.003
3807.56910 13.890 0.003
3807.58045 13.891 0.003
3807.59660 13.885 0.003
3807.60796 13.883 0.003
3807.61932 13.882 0.003
3807.63072 13.887 0.003
3807.64207 13.891 0.003
3807.65341 13.896 0.003
3807.66502 13.889 0.003
3807.67634 13.886 0.003
3807.68769 13.891 0.003
3807.69904 13.885 0.003
3807.71041 13.889 0.003
3807.72178 13.893 0.003
3807.73342 13.888 0.003
3807.74479 13.887 0.003
3807.75611 13.891 0.003
3807.76746 13.886 0.003
3808.56443 13.889 0.003
3808.57581 13.891 0.003
3808.58716 13.883 0.003
3808.59853 13.882 0.003
3808.60997 13.895 0.003
3808.62133 13.887 0.003
3808.63769 13.885 0.003
3808.64906 13.884 0.003
3808.66046 13.888 0.003
3808.67185 13.884 0.003
3808.67511 13.884 0.003
3808.68648 13.883 0.003
3808.69782 13.878 0.003
3808.70913 13.885 0.003
3808.72045 13.883 0.003
3808.73186 13.886 0.003
3808.74322 13.880 0.003
3809.56742 13.879 0.003
3809.57886 13.883 0.003
3809.59026 13.888 0.003
3809.60164 13.887 0.003
3809.61298 13.880 0.003
3809.62435 13.879 0.003
3809.63595 13.885 0.003
3809.64727 13.878 0.003
3809.65862 13.883 0.003
3809.66998 13.880 0.003
3809.68137 13.883 0.003
3809.69270 13.879 0.003
3809.70430 13.884 0.003
3809.71567 13.882 0.003
3809.72702 13.883 0.003
3809.73839 13.884 0.003
3809.74978 13.889 0.003
3809.76113 13.881 0.003
3810.57258 13.890 0.003
3810.58386 13.884 0.003
3810.59525 13.886 0.003
3810.60659 13.885 0.003
3810.61794 13.888 0.003
3810.62932 13.884 0.003
3810.64177 13.883 0.003
3810.65316 13.888 0.003
3810.66449 13.890 0.003
3810.67587 13.886 0.003
3810.68723 13.885 0.003
3810.69855 13.882 0.003
3810.71010 13.883 0.003
3810.72155 13.885 0.003
3810.73288 13.887 0.003
3810.74424 13.885 0.003
3810.75558 13.881 0.003
3811.55905 13.882 0.003
3811.57040 13.882 0.003
3811.58181 13.886 0.003
3811.59317 13.892 0.003
3811.60449 13.883 0.003
3811.61590 13.892 0.003
3811.62977 13.882 0.003
3811.64115 13.886 0.003
3811.65248 13.883 0.003
3811.66390 13.885 0.003
3811.67529 13.885 0.003
3811.68665 13.887 0.003
3811.69820 13.891 0.003
3811.70954 13.884 0.003
3811.72088 13.885 0.003
3811.73228 13.886 0.003
3811.74366 13.890 0.003
3811.75546 13.889 0.003
3812.55956 13.880 0.003
3812.57088 13.885 0.003
3812.58226 13.884 0.003
3812.59363 13.875 0.003
3812.60498 13.884 0.003
3812.61632 13.886 0.003
3812.62780 13.881 0.003
3812.63919 13.882 0.003
3812.65054 13.882 0.003
3812.66188 13.881 0.003
3812.67326 13.880 0.003
3812.68463 13.882 0.003
3812.69624 13.879 0.003
3812.70764 13.881 0.003
3812.71905 13.884 0.003
3812.73047 13.880 0.003
3812.74182 13.879 0.003
3812.75319 13.883 0.003
3813.55786 13.883 0.003
3813.56926 13.884 0.003
3813.58062 13.883 0.003
3813.59197 13.890 0.003
3813.60335 13.879 0.003
3813.61465 13.879 0.003
3813.62626 13.888 0.003
3813.63758 13.883 0.003
3813.64893 13.890 0.003
3813.66030 13.884 0.003
3813.67167 13.883 0.003
3813.68297 13.885 0.003
3813.69458 13.885 0.003
3813.70593 13.882 0.003
3813.71730 13.890 0.003
3813.72864 13.886 0.003
3813.73999 13.885 0.003
3813.75136 13.886 0.003
3814.55110 13.880 0.003
3814.56245 13.889 0.003
3814.57379 13.886 0.003
3814.58514 13.884 0.003
3814.59650 13.880 0.003
3814.60785 13.882 0.003
3814.62849 13.881 0.003
3814.63981 13.885 0.003
3814.65118 13.882 0.003
3814.66261 13.890 0.003
3814.67400 13.889 0.003
3814.68534 13.891 0.003
3814.69686 13.883 0.003
3814.70821 13.891 0.003
3814.71953 13.889 0.003
3814.73089 13.890 0.003
3814.74224 13.897 0.003
3815.54910 13.888 0.003
3815.56044 13.890 0.003
3815.57179 13.888 0.003
3815.58312 13.888 0.003
3815.59451 13.889 0.003
3815.60584 13.886 0.003
3815.61746 13.889 0.003
3815.62877 13.884 0.003
3815.64009 13.887 0.003
3815.65143 13.890 0.003
3815.66280 13.889 0.003
3815.67414 13.883 0.003
3815.68582 13.880 0.003
3815.69716 13.882 0.003
3815.70849 13.885 0.003
3815.71982 13.883 0.003
3815.73119 13.887 0.003
3815.74260 13.888 0.003
3816.55044 13.891 0.003
3816.56181 13.887 0.003
3816.57320 13.885 0.003
3816.58458 13.884 0.003
3816.59590 13.889 0.003
3816.60725 13.891 0.003
3816.61914 13.891 0.003
3816.63048 13.885 0.003
3816.64179 13.892 0.003
3816.65313 13.886 0.003
3816.66450 13.887 0.003
3816.67589 13.888 0.003
3816.68746 13.886 0.003
3816.69884 13.889 0.003
3816.71017 13.889 0.003
3816.72154 13.890 0.003
3816.73289 13.888 0.003
3816.74430 13.885 0.003
3816.75588 13.885 0.003
3816.76724 13.884 0.003
3816.77855 13.895 0.003
3816.78993 13.892 0.003
3816.80133 13.890 0.003
3816.84014 13.886 0.003
3816.85150 13.890 0.003
3816.86337 13.882 0.003
3816.87506 13.887 0.003
3817.54874 13.886 0.003
3817.56266 13.893 0.003
3817.57881 13.886 0.003
3817.59047 13.889 0.003
3817.60175 13.886 0.003
3817.61313 13.889 0.003
3817.62477 13.882 0.003
3817.63615 13.887 0.003
3817.64754 13.898 0.003
3817.65916 13.918 0.003
3817.67056 13.951 0.003
3817.68197 13.981 0.003
3817.69365 14.009 0.003
3817.70501 14.031 0.003
3817.71635 14.024 0.003
3817.72906 14.016 0.003
3817.74047 13.992 0.003
3817.75187 13.956 0.003
3817.76410 13.926 0.003
3817.77570 13.896 0.003
3817.78728 13.880 0.003
3818.55012 13.887 0.003
3818.56190 13.890 0.003
3818.57362 13.883 0.003
3818.58551 13.881 0.003
3818.59688 13.885 0.003
3818.60829 13.883 0.003
3818.61965 13.886 0.003
3818.63104 13.879 0.003
3818.64235 13.882 0.003
3818.65493 13.876 0.003
3818.66630 13.884 0.003
3818.67766 13.882 0.003
3818.68903 13.883 0.003
3818.70040 13.874 0.003
3818.71184 13.881 0.003
3818.72351 13.877 0.003
3818.73512 13.875 0.003
3818.74688 13.879 0.003
3819.53919 13.880 0.003
3819.55097 13.880 0.003
3819.56526 13.882 0.003
3819.57712 13.884 0.003
3819.58846 13.882 0.003
3819.59986 13.885 0.003
3819.61124 13.883 0.003
3819.62258 13.885 0.003
3819.63390 13.888 0.003
3819.64624 13.885 0.003
3819.65756 13.885 0.003
3819.66891 13.881 0.003
3819.68027 13.883 0.003
3819.69169 13.882 0.003
3819.70303 13.882 0.003
3819.71478 13.883 0.003
3819.72616 13.888 0.003
3819.73791 13.885 0.003
3819.74978 13.888 0.003
3820.54068 13.883 0.003
3820.55238 13.886 0.003
3820.56410 13.881 0.003
3820.57544 13.882 0.003
3820.58674 13.887 0.003
3820.59810 13.883 0.003
3820.60946 13.881 0.003
3820.62085 13.887 0.003
3820.63258 13.886 0.003
3820.64396 13.886 0.003
3820.65531 13.884 0.003
3820.66667 13.886 0.003
3820.67805 13.884 0.003
3820.68942 13.884 0.003
3820.70155 13.885 0.003
3820.71289 13.885 0.003
3820.72424 13.880 0.003
3820.73560 13.883 0.003
3821.53099 13.877 0.003
3821.54927 13.880 0.003
3821.56108 13.882 0.003
3821.57245 13.886 0.003
3821.58383 13.888 0.003
3821.59560 13.880 0.003
3821.60698 13.885 0.003
3821.61832 13.886 0.003
3821.63004 13.889 0.003
3821.64132 13.886 0.003
3821.65264 13.886 0.003
3821.66849 13.882 0.003
3821.67979 13.882 0.003
3821.69114 13.883 0.003
3821.70295 13.886 0.003
3821.71431 13.884 0.003
3821.72562 13.882 0.003
3821.73740 13.886 0.003
3822.54372 13.884 0.003
3822.55553 13.886 0.003
3822.56720 13.882 0.003
3822.57895 13.888 0.003
3822.59099 13.885 0.003
3822.60265 13.885 0.003
3822.61403 13.885 0.003
3822.62541 13.883 0.003
3822.63715 13.892 0.003
3822.65414 13.891 0.003
3822.66589 13.890 0.003
3822.67772 13.888 0.003
3822.68905 13.891 0.003
3822.70039 13.886 0.003
3822.71178 13.888 0.003
3822.72362 13.891 0.003
3822.73495 13.884 0.003
3823.54208 13.883 0.003
3823.55722 13.886 0.003
3823.60751 13.888 0.003
3823.61907 13.877 0.003
3823.63045 13.885 0.003
3823.64181 13.885 0.003
3823.65379 13.882 0.003
3823.66574 13.886 0.003
3823.67824 13.885 0.003
3823.68961 13.882 0.003
3823.70090 13.874 0.003
3823.71225 13.884 0.003
3823.72423 13.881 0.003
3823.73553 13.884 0.003
3824.52915 13.888 0.003
3824.54196 13.886 0.003
3824.55802 13.889 0.003
3824.56973 13.891 0.003
3824.58161 13.889 0.003
3824.59367 13.886 0.003
3824.60549 13.884 0.003
3824.61739 13.886 0.003
3824.62872 13.885 0.003
3824.64005 13.884 0.003
3824.65139 13.882 0.003
3824.66321 13.880 0.003
3824.67459 13.885 0.003
3824.68594 13.884 0.003
3824.69729 13.883 0.003
3824.70916 13.884 0.003
3824.72048 13.886 0.003
3824.73186 13.886 0.003
3825.51446 13.892 0.003
3825.52667 13.885 0.003
3825.53846 13.886 0.003
3825.55010 13.890 0.003
3825.56184 13.891 0.003
3825.57318 13.883 0.003
3825.58482 13.885 0.003
3825.59621 13.889 0.003
3825.60791 13.889 0.003
3825.61929 13.887 0.003
3825.63062 13.894 0.003
3825.64225 13.880 0.003
3825.65363 13.879 0.003
3825.66500 13.888 0.003
3825.67765 13.890 0.003
3825.68901 13.892 0.003
3825.76732 13.892 0.003
3826.52409 13.881 0.003
3826.53655 13.889 0.003
3826.54838 13.889 0.003
3826.56022 13.886 0.003
3826.57161 13.880 0.003
3826.58301 13.882 0.003
3826.59437 13.882 0.003
3826.60603 13.883 0.003
3826.61743 13.881 0.003
3826.62876 13.884 0.003
3826.64011 13.885 0.003
3826.65206 13.881 0.003
3826.66342 13.881 0.003
3826.67476 13.885 0.003
3826.68611 13.884 0.003
3826.69800 13.883 0.003
3826.70943 13.887 0.003
3826.72083 13.883 0.003
3827.61020 13.888 0.003
3827.62226 13.881 0.003
3827.63420 13.884 0.003
3827.64869 13.881 0.003
3827.66001 13.885 0.003
3827.67133 13.886 0.003
3827.68270 13.881 0.003
3827.69440 13.887 0.003
3827.70573 13.891 0.003
3828.52293 13.883 0.003
3828.53459 13.883 0.003
3828.54683 13.883 0.003
3828.55816 13.886 0.003
3828.57016 13.881 0.003
3828.58149 13.883 0.003
3828.59291 13.882 0.003
3828.60429 13.886 0.003
3828.61565 13.882 0.003
3828.62700 13.881 0.003
3828.63958 13.882 0.003
3828.65095 13.880 0.003
3828.66226 13.885 0.003
3828.67364 13.889 0.003
3828.68499 13.892 0.003
3828.69653 13.888 0.003
3828.70784 13.885 0.003
3828.71917 13.893 0.003
3829.52212 13.886 0.003
3829.53601 13.883 0.003
3829.54795 13.883 0.003
3829.55933 13.887 0.003
3829.57206 13.883 0.003
3829.58346 13.882 0.003
3829.59476 13.883 0.003
3829.60613 13.882 0.003
3829.61747 13.871 0.003
3829.62884 13.881 0.003
3829.64052 13.883 0.003
3829.65188 13.880 0.003
3829.66326 13.883 0.003
3829.67461 13.886 0.003
3829.68607 13.882 0.003
3829.69740 13.875 0.003
3829.71411 13.881 0.003
3830.51193 13.886 0.003
3830.52366 13.884 0.003
3830.53532 13.888 0.003
3830.54669 13.884 0.003
3830.55860 13.882 0.003
3830.56988 13.883 0.003
3830.58126 13.883 0.003
3830.59264 13.883 0.003
3830.60405 13.884 0.003
3830.61537 13.886 0.003
3830.62844 13.883 0.003
3830.63981 13.880 0.003
3830.65112 13.885 0.003
3830.66251 13.882 0.003
3830.67391 13.889 0.003
3830.68832 13.883 0.003
3831.52345 13.997 0.003
3831.53524 14.025 0.003
3831.55476 14.029 0.003
3831.56650 14.013 0.003
3831.57851 13.982 0.003
3831.59199 13.946 0.003
3831.60340 13.911 0.003
3831.61475 13.888 0.003
3831.62612 13.887 0.003
3831.63747 13.885 0.003
3831.64887 13.883 0.003
3831.66087 13.888 0.003
3831.67224 13.886 0.003
3831.68365 13.883 0.003
3832.51220 13.889 0.003
3832.52429 13.888 0.003
3832.53790 13.886 0.003
3832.54977 13.891 0.003
3832.56119 13.887 0.003
3832.57257 13.884 0.003
3832.58878 13.883 0.003
3832.60010 13.886 0.003
3832.61144 13.886 0.003
3832.62279 13.888 0.003
3832.63418 13.884 0.003
3832.64558 13.881 0.003
3832.66020 13.887 0.003
3832.67155 13.882 0.003
3832.68289 13.884 0.003
3833.49489 13.885 0.003
3833.50640 13.889 0.003
3833.51961 13.891 0.003
3833.53197 13.886 0.003
3833.54331 13.889 0.003
3833.55499 13.882 0.003
3833.56634 13.882 0.003
3833.57772 13.885 0.003
3833.58909 13.887 0.003
3833.60042 13.886 0.003
3833.61182 13.879 0.003
3833.62398 13.886 0.003
3833.63534 13.883 0.003
3833.64668 13.887 0.003
3833.65806 13.885 0.003
3833.66947 13.886 0.003
3833.68079 13.884 0.003
3834.49155 13.888 0.003
3834.50290 13.888 0.003
3834.51420 13.888 0.003
3834.53411 13.891 0.003
3834.55038 13.888 0.003
3834.56227 13.891 0.003
3834.57362 13.888 0.003
3834.58496 13.888 0.003
3834.59633 13.884 0.003
3834.60772 13.888 0.003
3834.61905 13.883 0.003
3834.63721 13.882 0.003
3834.64904 13.887 0.003
3834.66039 13.884 0.003
3834.67177 13.891 0.003
3834.68309 13.887 0.003
3835.50079 13.892 0.003
3835.51241 13.888 0.003
3835.52439 13.885 0.003
3835.53968 13.892 0.003
3835.55167 13.888 0.003
3835.56304 13.886 0.003
3835.57437 13.888 0.003
3835.58573 13.884 0.003
3835.59713 13.886 0.003
3835.60851 13.890 0.003
3835.62023 13.888 0.003
3835.63157 13.885 0.003
3835.64295 13.887 0.003
3835.65436 13.888 0.003
3835.66570 13.890 0.003
3835.67706 13.886 0.003
3835.69449 13.888 0.003
3836.49313 13.887 0.003
3836.50478 13.888 0.003
3836.51648 13.893 0.003
3836.52811 13.889 0.003
3836.53943 13.886 0.003
3836.55077 13.891 0.003
3836.56287 13.889 0.003
3836.57424 13.889 0.003
3836.58561 13.890 0.003
3836.59701 13.892 0.003
3836.60835 13.890 0.003
3836.62024 13.889 0.003
3836.63161 13.888 0.003
3836.64289 13.889 0.003
3836.65685 13.892 0.003
3836.67141 13.889 0.003
3836.68275 13.889 0.003
3836.69411 13.891 0.003
3837.50016 13.891 0.003
3837.51191 13.882 0.003
3837.52360 13.894 0.003
3837.53693 13.888 0.003
3837.55115 13.890 0.003
3837.56252 13.888 0.003
3837.57385 13.893 0.003
3837.58523 13.889 0.003
3837.62257 13.889 0.003
3837.63392 13.889 0.003
3837.64532 13.887 0.003
3837.65668 13.891 0.003
3837.66802 13.887 0.003
3837.67942 13.888 0.003
3837.69115 13.892 0.003
3838.49639 13.890 0.003
3838.50818 13.893 0.003
3838.52018 13.892 0.003
3838.53209 13.892 0.003
3838.54372 13.894 0.003
3838.55547 13.891 0.003
3838.56688 13.885 0.003
3838.57823 13.890 0.003
3838.58952 13.889 0.003
3838.60090 13.884 0.003
3838.61226 13.894 0.003
3838.62387 13.891 0.003
3838.63522 13.887 0.003
3838.64660 13.888 0.003
3838.65794 13.886 0.003
3838.66937 13.893 0.003
3838.68072 13.888 0.003
3839.49984 13.892 0.003
3839.51177 13.890 0.003
3839.52349 13.891 0.003
3839.53521 13.886 0.003
3839.54689 13.894 0.003
3839.55824 13.894 0.003
3839.56958 13.891 0.003
3839.58957 13.892 0.003
3839.60155 13.889 0.003
3839.61325 13.891 0.003
3839.62505 13.890 0.003
3839.63685 13.890 0.003
3839.64878 13.879 0.003
3839.66052 13.886 0.003
3839.67186 13.886 0.003
3839.68322 13.887 0.003
3839.69457 13.891 0.003
3840.49238 13.894 0.003
3840.50407 13.886 0.003
3840.51589 13.884 0.003
3840.52779 13.880 0.003
3840.53916 13.875 0.003
3840.55053 13.884 0.003
3840.56191 13.884 0.003
3840.57330 13.889 0.003
3840.58467 13.885 0.003
3840.59622 13.887 0.003
3840.60755 13.886 0.003
3840.61884 13.892 0.003
3840.63341 13.883 0.003
3840.64479 13.884 0.003
3840.65619 13.885 0.003
3840.66753 13.885 0.003
3840.67892 13.890 0.003
3840.69032 13.888 0.003
3841.49757 13.885 0.003
3841.51612 13.886 0.003
3841.52777 13.884 0.003
3841.53960 13.887 0.003
3841.55142 13.885 0.003
3841.56319 13.888 0.003
3841.57457 13.887 0.003
3841.58596 13.885 0.003
3841.59724 13.888 0.003
3841.60853 13.886 0.003
3841.61989 13.886 0.003
3841.63149 13.883 0.003
3841.64281 13.888 0.003
3841.65413 13.889 0.003
3841.66549 13.887 0.003
3841.67691 13.892 0.003
3842.48663 13.895 0.003
3842.49839 13.888 0.003
3842.51025 13.895 0.003
3842.52600 13.898 0.003
3842.53781 13.897 0.003
3842.54963 13.898 0.003
3842.56126 13.890 0.003
3842.57261 13.901 0.003
3842.58397 13.888 0.003
3842.59534 13.894 0.003
3842.60679 13.886 0.003
3842.61817 13.881 0.003
3842.62989 13.894 0.003
3842.64125 13.892 0.003
3842.65257 13.894 0.003
3842.66391 13.889 0.003
3842.67529 13.894 0.003
3842.68666 13.889 0.003
3843.51215 13.892 0.003
3843.53261 13.895 0.003
3843.54435 13.891 0.003
3843.55594 13.891 0.003
3843.56757 13.891 0.003
3843.57946 13.892 0.003
3843.59114 13.893 0.003
3843.60569 13.891 0.003
3843.61732 13.891 0.003
3843.62865 13.892 0.003
3843.64796 13.892 0.003
3843.66004 13.894 0.003
3843.67143 13.896 0.003
3843.68843 13.886 0.003
3843.70010 13.887 0.003
3843.71147 13.899 0.003
3843.73248 13.895 0.003
3843.74385 13.892 0.003
3843.75523 13.896 0.003
3843.76657 13.891 0.003
3843.77794 13.893 0.003
3843.79003 13.892 0.003
3843.80188 13.892 0.003
3844.48509 13.886 0.003
3844.49694 13.890 0.003
3844.50854 13.887 0.003
3844.52024 13.888 0.003
3844.53189 13.890 0.003
3844.54357 13.888 0.003
3844.55996 13.886 0.003
3844.57160 13.888 0.003
3844.58333 13.893 0.003
3844.59467 13.887 0.003
3844.60601 13.891 0.003
3844.61734 13.886 0.003
3844.62871 13.887 0.003
3844.64007 13.891 0.003
3844.65175 13.887 0.003
3844.66314 13.887 0.003
3844.67451 13.878 0.003
3844.68585 13.889 0.003
3844.69720 13.889 0.003
3844.70854 13.889 0.003
3844.72010 13.886 0.003
3844.73153 13.889 0.003
3844.74292 13.890 0.003
3844.75426 13.890 0.003
3844.76564 13.888 0.003
3844.78656 13.899 0.003
3845.49185 13.882 0.003
3845.50351 13.884 0.003
3845.51515 13.884 0.003
3845.52692 13.884 0.003
3845.53953 13.886 0.003
3845.55128 13.882 0.003
3845.56262 13.888 0.003
3845.58365 13.888 0.003
3845.59498 13.885 0.003
3845.60632 13.889 0.003
3845.61764 13.890 0.003
3845.62904 13.884 0.003
3845.64040 13.883 0.003
3845.65204 13.887 0.003
3845.66345 13.886 0.003
3845.67477 13.892 0.003
3846.48928 13.887 0.003
3846.50097 13.885 0.003
3846.51289 13.890 0.003
3846.52599 13.893 0.003
3846.53862 13.886 0.003
3846.55033 13.886 0.003
3846.56216 13.893 0.003
3846.57511 13.892 0.003
3846.58642 13.892 0.003
3846.59779 13.894 0.003
3846.60912 13.887 0.003
3846.62081 13.886 0.003
3846.63217 13.891 0.003
3846.64352 13.890 0.003
3846.65488 13.889 0.003
3846.66624 13.892 0.003
3847.52679 13.887 0.003
3847.53850 13.888 0.003
3847.55006 13.882 0.003
3847.56315 13.885 0.003
3847.65979 13.886 0.003
3847.67151 13.888 0.003
3848.70998 13.891 0.003
3849.48874 13.888 0.003
3849.50058 13.888 0.003
3849.51234 13.891 0.003
3849.52408 13.891 0.003
3849.53592 13.890 0.003
3849.55187 13.888 0.003
3849.56325 13.889 0.003
3849.57459 13.884 0.003
3849.58600 13.885 0.003
3849.59740 13.889 0.003
3849.60869 13.888 0.003
3849.62032 13.889 0.003
3849.63167 13.892 0.003
3849.64304 13.891 0.003
3849.65440 13.891 0.003
3849.66575 13.890 0.003
3850.48296 13.896 0.003
3850.50081 13.891 0.003
3850.51250 13.893 0.003
3850.52383 13.896 0.003
3850.53517 13.894 0.003
3850.54662 13.890 0.003
3850.55791 13.889 0.003
3850.56929 13.887 0.003
3850.58107 13.894 0.003
3850.59544 13.889 0.003
3850.61290 13.893 0.003
3850.62789 13.893 0.003
3850.64078 13.890 0.003
3850.65251 13.889 0.003
3851.47704 13.892 0.003
3851.48879 13.890 0.003
3851.50050 13.889 0.003
3851.51249 13.890 0.003
3851.52427 13.887 0.003
3851.53565 13.890 0.003
3851.54705 13.887 0.003
3851.55840 13.888 0.003
3851.56979 13.887 0.003
3851.58112 13.889 0.003
3851.59284 13.888 0.003
3851.60419 13.888 0.003
3851.61549 13.886 0.003
3851.62689 13.885 0.003
3851.67346 13.882 0.003
3852.48558 13.894 0.003
3852.49737 13.892 0.003
3852.50874 13.890 0.003
3852.52017 13.887 0.003
3852.53154 13.895 0.003
3852.54291 13.885 0.003
3852.55429 13.891 0.003
3852.56591 13.893 0.003
3852.57723 13.895 0.003
3852.58857 13.892 0.003
3852.59990 13.890 0.003
3852.61121 13.888 0.003
3852.62254 13.891 0.003
3852.63434 13.893 0.003
3852.64574 13.890 0.003
3853.47628 13.887 0.003
3853.48796 13.886 0.003
3853.50094 13.885 0.003
3853.51231 13.890 0.003
3853.52362 13.890 0.003
3853.53497 13.887 0.003
3853.54633 13.889 0.003
3853.55766 13.885 0.003
3853.56936 13.882 0.003
3853.58065 13.884 0.003
3853.59202 13.880 0.003
3853.60341 13.885 0.003
3853.61481 13.887 0.003
3853.62620 13.884 0.003
3853.63778 13.882 0.003
3853.64914 13.888 0.003
3854.49670 13.896 0.003
3854.50877 13.890 0.003
3854.52053 13.885 0.003
3854.53221 13.882 0.003
3854.54362 13.890 0.003
3854.55494 13.892 0.003
3854.56629 13.891 0.003
3854.57964 13.893 0.003
3854.59093 13.891 0.003
3854.60230 13.892 0.003
3854.61357 13.892 0.003
3854.63366 13.893 0.003
3854.64556 13.893 0.003
3855.57452 13.898 0.003
3855.58692 13.889 0.003
3856.50762 13.894 0.003
3856.51972 13.884 0.003
3856.53114 13.891 0.003
3856.54251 13.886 0.003
3856.55381 13.885 0.003
3856.56518 13.886 0.003
3856.58266 13.889 0.003
3856.59399 13.884 0.003
3856.60923 13.888 0.003
3856.62701 13.891 0.003
3856.63874 13.888 0.003
3858.47476 13.892 0.003
3858.48663 13.890 0.003
3858.50009 13.903 0.003
3858.51144 13.886 0.003
3858.52281 13.884 0.003
3858.53419 13.884 0.003
3858.54556 13.885 0.003
3858.55690 13.888 0.003
3858.56852 13.888 0.003
3858.57990 13.889 0.003
3858.59126 13.891 0.003
3858.60260 13.887 0.003
3858.62573 13.895 0.003
3858.64347 13.882 0.003
3859.61274 13.896 0.003
3860.47875 13.891 0.003
3860.49009 13.893 0.003
3860.50151 13.902 0.003
3860.51285 13.894 0.003
3860.52423 13.894 0.003
3860.53556 13.896 0.003
3860.54725 13.890 0.003
3860.55862 13.892 0.003
3860.56998 13.893 0.003
3860.58134 13.890 0.003
3860.59775 13.899 0.003
3860.63109 13.891 0.003
3860.64718 13.892 0.003
3861.47239 13.888 0.003
3861.48373 13.886 0.003
3861.49513 13.884 0.003
3861.50651 13.893 0.003
3861.51784 13.895 0.003
3861.52920 13.891 0.003
3861.54544 13.889 0.003
3861.55681 13.896 0.003
3861.56816 13.891 0.003
3861.57950 13.887 0.003
3861.59081 13.887 0.003
3861.60221 13.890 0.003
3861.61528 13.893 0.003
3861.62665 13.890 0.003
3862.47003 13.888 0.003
3862.48134 13.888 0.003
3862.49273 13.892 0.003
3862.50409 13.891 0.003
3862.51542 13.886 0.003
3862.52681 13.888 0.003
3862.53976 13.889 0.003
3862.55114 13.887 0.003
3862.56248 13.886 0.003
3862.57430 13.881 0.003
3862.58563 13.888 0.003
3862.59707 13.885 0.003
3862.60843 13.887 0.003
3862.61975 13.892 0.003
3863.48190 13.894 0.003
3863.49365 13.888 0.003
3863.50502 13.892 0.003
3863.51694 13.894 0.003
3863.52831 13.891 0.003
3863.53965 13.888 0.003
3863.55101 13.893 0.003
3863.56238 13.884 0.003
3863.57375 13.884 0.003
3863.58669 13.890 0.003
3863.59801 13.885 0.003
3863.60937 13.886 0.003
3863.62073 13.886 0.003
3864.46996 13.890 0.003
3864.48165 13.891 0.003
3864.49299 13.890 0.003
3864.50436 13.893 0.003
3864.51569 13.892 0.003
3864.52709 13.892 0.003
3864.53844 13.891 0.003
3864.55077 13.887 0.003
3864.56206 13.897 0.003
3864.57623 13.896 0.003
3864.58754 13.893 0.003
3864.59890 13.894 0.003
3864.61030 13.888 0.003
3864.62166 13.895 0.003
3865.47106 13.888 0.003
3865.48292 13.888 0.003
3865.49679 13.889 0.003
3865.50810 13.890 0.003
3865.51943 13.883 0.003
3865.53077 13.886 0.003
3865.54211 13.887 0.003
3865.55346 13.886 0.003
3865.56516 13.883 0.003
3865.57650 13.890 0.003
3865.58785 13.890 0.003
3865.59922 13.883 0.003
3865.61057 13.884 0.003
3866.47042 13.892 0.003
3866.48440 13.891 0.003
3866.49705 13.890 0.003
3866.50837 13.894 0.003
3866.51969 13.892 0.003
3866.53100 13.887 0.003
3866.54236 13.895 0.003
3866.55371 13.894 0.003
3866.56890 13.892 0.003
3866.58129 13.894 0.003
3866.59665 13.888 0.003
3866.61114 13.890 0.003
3867.46848 13.893 0.003
3867.47985 13.897 0.003
3867.49279 13.891 0.003
3867.50418 13.889 0.003
3867.51561 13.891 0.003
3867.52693 13.895 0.003
3867.53824 13.897 0.003
3867.55022 13.895 0.003
3867.56949 13.897 0.003
3867.58084 13.892 0.003
3867.59271 13.889 0.003
3867.60445 13.895 0.003
3867.61628 13.900 0.003
3868.47040 13.895 0.003
3868.48524 13.889 0.003
3868.49659 13.890 0.003
3868.50794 13.889 0.003
3868.51926 13.894 0.003
3868.53060 13.897 0.003
3868.54248 13.895 0.003
3868.55385 13.891 0.003
3868.56521 13.894 0.003
3868.57694 13.894 0.003
3868.58893 13.894 0.003
3868.60133 13.892 0.003
3869.47013 13.899 0.003
3869.48145 13.896 0.003
3869.49318 13.893 0.003
3869.50453 13.888 0.003
3869.51632 13.896 0.003
3869.52766 13.893 0.003
3869.53900 13.892 0.003
3869.55036 13.887 0.003
3869.56171 13.892 0.003
3869.57305 13.886 0.003
3869.58469 13.890 0.003
3869.59603 13.888 0.003
3869.60781 13.885 0.003
3870.46874 13.888 0.003
3870.48410 13.888 0.003
3870.49545 13.889 0.003
3870.50678 13.892 0.003
3870.51808 13.890 0.003
3870.53093 13.884 0.003
3870.54292 13.895 0.003
3870.55559 13.885 0.003
3870.56704 13.889 0.003
3870.57837 13.891 0.003
3870.58973 13.889 0.003
3870.60169 13.896 0.003
3870.62136 13.892 0.003
3870.63764 13.901 0.003
3870.70162 13.901 0.003
3871.46752 13.888 0.003
3871.47889 13.882 0.003
3871.49025 13.888 0.003
3871.50160 13.887 0.003
3871.51413 13.892 0.003
3871.52551 13.894 0.003
3871.53818 13.891 0.003
3871.55012 13.887 0.003
3871.56149 13.887 0.003
3871.57279 13.890 0.003
3871.58417 13.889 0.003
3871.59553 13.893 0.003
3871.60840 13.886 0.003
3871.62164 13.889 0.003
3871.63359 13.880 0.003
3871.64494 13.886 0.003
3871.65628 13.890 0.003
3871.66766 13.895 0.003
3871.67899 13.892 0.003
3871.69041 13.889 0.003
3871.70313 13.883 0.003
3871.71502 13.886 0.003
3871.72690 13.902 0.003
3872.46843 13.886 0.003
3872.47979 13.887 0.003
3872.49118 13.881 0.003
3872.50333 13.885 0.003
3872.51593 13.882 0.003
3872.52728 13.885 0.003
3872.53862 13.885 0.003
3872.54991 13.884 0.003
3872.56128 13.889 0.003
3872.57319 13.888 0.003
3872.58450 13.888 0.003
3872.59964 13.900 0.003
3872.61098 13.890 0.003
3872.62233 13.883 0.003
3872.63575 13.889 0.003
3872.64713 13.885 0.003
3872.65907 13.882 0.003
3872.67042 13.883 0.003
3872.68183 13.888 0.003
3872.69317 13.893 0.003
3872.70453 13.887 0.003
3872.71585 13.885 0.003
3872.72820 13.887 0.003
3873.46677 13.890 0.003
3873.47966 13.880 0.003
3873.49098 13.893 0.003
3873.50234 13.889 0.003
3873.51365 13.884 0.003
3873.52550 13.888 0.003
3873.53686 13.893 0.003
3873.54820 13.889 0.003
3873.55955 13.887 0.003
3873.57088 13.890 0.003
3873.58224 13.887 0.003
3873.59385 13.886 0.003
3875.46697 13.891 0.003
3875.48104 13.886 0.003
3875.49238 13.890 0.003
3875.50371 13.887 0.003
3875.51503 13.888 0.003
3875.52906 13.887 0.003
3875.54046 13.889 0.003
3875.55188 13.885 0.003
3875.56324 13.883 0.003
3875.57512 13.886 0.003
3875.58652 13.888 0.003
3876.46211 13.895 0.003
3876.47348 13.887 0.003
3876.48529 13.891 0.003
3876.49666 13.889 0.003
3876.50809 13.893 0.003
3876.51946 13.890 0.003
3876.53081 13.890 0.003
3876.54265 13.883 0.003
3876.55403 13.889 0.003
3876.56543 13.888 0.003
3876.57677 13.889 0.003
3876.58848 13.889 0.003
3877.46443 13.895 0.003
3877.47620 13.892 0.003
3877.48756 13.892 0.003
3877.49885 13.887 0.003
3877.51019 13.887 0.003
3877.52159 13.884 0.003
3877.53336 13.884 0.003
3877.54535 13.885 0.003
3877.55716 13.886 0.003
3877.56861 13.890 0.003
3877.58054 13.887 0.003
3881.46766 13.882 0.003
3881.47903 13.884 0.003
3881.49044 13.890 0.003
3881.50178 13.878 0.003
3881.51311 13.880 0.003
3881.52448 13.879 0.003
3881.53625 13.886 0.003
3881.54757 13.880 0.003
3882.47308 13.896 0.003
3882.48447 13.883 0.003
3882.49587 13.887 0.003
3882.50724 13.891 0.003
3882.51861 13.893 0.003
3882.52996 13.891 0.003
3882.54288 13.895 0.003
3882.55424 13.890 0.003
3883.47781 13.886 0.003
3883.48916 13.885 0.003
3883.50048 13.889 0.003
3883.51187 13.889 0.003
3883.52324 13.887 0.003
3883.53459 13.893 0.003
3883.54640 13.887 0.003
3883.55778 13.891 0.003
3883.56916 13.901 0.003
3886.45711 13.887 0.003
3886.46847 13.887 0.003
3886.47980 13.887 0.003
3886.49120 13.885 0.003
3886.50253 13.885 0.003
3886.51388 13.886 0.003
3886.52562 13.888 0.003
3886.53703 13.888 0.003
3886.54892 13.888 0.003
3887.46470 13.890 0.003
3887.47607 13.888 0.003
3887.48747 13.889 0.003
3887.49880 13.889 0.003
3887.51018 13.896 0.003
3887.52151 13.893 0.003
3887.53316 13.901 0.003
3887.54452 13.891 0.003
3887.55629 13.890 0.003
3890.46936 13.895 0.003
3890.48070 13.893 0.003
3890.49207 13.886 0.003
3890.50342 13.888 0.003
3890.51475 13.889 0.003
3890.52612 13.887 0.003
3890.53805 13.885 0.003
3890.54997 13.880 0.003
3891.46274 13.898 0.003
3891.47408 13.891 0.003
3891.48540 13.893 0.003
3891.49679 13.892 0.003
3891.50819 13.891 0.003
3891.51957 13.891 0.003
3891.53128 13.890 0.003
3892.48558 13.896 0.003
3892.49698 13.896 0.003
3892.50831 13.900 0.003
3892.51968 13.895 0.003
3892.53104 13.891 0.003
3892.54238 13.891 0.003
3896.47621 13.896 0.003
3896.48757 13.897 0.003
3896.49894 13.893 0.003
3896.51029 13.893 0.003
3896.52209 13.888 0.003
3896.53372 13.891 0.003
3900.46244 13.890 0.003
3900.47378 13.889 0.003
3901.45774 13.897 0.003
3901.46911 13.891 0.003
3901.48045 13.891 0.003
3901.49184 13.894 0.003
3902.49346 13.891 0.003
3902.51058 13.888 0.003
3903.47851 13.894 0.003
3903.49864 13.891 0.003
3904.45875 13.889 0.003
3904.47554 13.884 0.003
3904.48694 13.891 0.003
3904.49829 13.886 0.003
3904.50967 13.892 0.003
3905.45573 13.889 0.003
3905.46706 13.887 0.003
3905.47846 13.885 0.003
3905.48980 13.886 0.003
3905.50118 13.887 0.003
3906.46055 13.894 0.003
3906.47192 13.889 0.003
3906.48330 13.894 0.003
3906.49467 13.893 0.003
3907.46010 13.889 0.003
3907.47144 13.882 0.003
3907.48280 13.895 0.003
3908.45609 13.889 0.003
3908.46749 13.887 0.003
3908.47885 13.888 0.003
3908.49019 13.891 0.003
3909.45760 13.897 0.003
3909.46898 13.891 0.003
3909.48039 13.889 0.003
3909.49174 13.894 0.003
3910.45691 13.889 0.003
3912.45560 13.888 0.003
3912.46708 13.884 0.003
3912.47873 13.886 0.003
3913.46002 13.887 0.003
3913.47161 13.894 0.003
3914.49480 13.893 0.003
3916.46555 13.894 0.003
3916.47690 13.896 0.003
3917.47452 13.892 0.003
3919.47284 13.892 0.003
3921.46134 13.899 0.003
4096.79891 13.889 0.003
4096.81013 13.891 0.003
4096.82131 13.895 0.003
4096.84991 13.892 0.003
4096.86110 13.887 0.003
4120.83593 13.884 0.003
4120.84713 13.883 0.003
4120.85831 13.886 0.003
4120.86949 13.885 0.003
4120.88061 13.885 0.003
4121.83067 13.892 0.003
4121.84220 13.887 0.003
4121.85338 13.895 0.003
4121.86455 13.891 0.003
4121.87621 13.893 0.003
4122.84469 13.884 0.003
4122.85583 13.883 0.003
4122.86700 13.892 0.003
4122.87816 13.888 0.003
4124.85363 13.881 0.003
4124.86603 13.884 0.003
4124.87757 13.889 0.003
4124.88916 13.887 0.003
4125.81224 13.884 0.003
4125.82386 13.890 0.003
4125.83539 13.882 0.003
4125.84708 13.890 0.003
4125.86681 13.889 0.003
4125.87820 13.881 0.003
4126.81074 13.887 0.003
4126.82219 13.878 0.003
4126.83369 13.885 0.003
4126.84487 13.885 0.003
4126.85602 13.880 0.003
4126.86737 13.885 0.003
4126.87862 13.885 0.003
4126.88979 13.885 0.003
4128.82228 13.886 0.003
4128.83376 13.878 0.003
4128.84495 13.883 0.003
4128.85619 13.882 0.003
4128.86767 13.885 0.003
4128.87880 13.885 0.003
4128.88993 13.889 0.003
4129.82158 13.885 0.003
4129.83326 13.889 0.003
4129.84481 13.884 0.003
4129.85597 13.884 0.003
4129.86710 13.891 0.003
4129.87886 13.886 0.003
4129.89078 13.891 0.003
4141.83740 13.883 0.003
4144.83029 13.876 0.003
4144.84604 13.873 0.003
4144.85726 13.875 0.003
4145.75849 13.877 0.003
4145.77562 13.877 0.003
4145.81138 13.874 0.003
4145.82251 13.873 0.003
4145.83375 13.879 0.003
4145.84493 13.877 0.003
4146.76860 13.870 0.003
4146.78257 13.876 0.003
4146.79376 13.880 0.003
