3782.77845 14.958 0.003
3783.68577 15.116 0.004
3783.69709 15.224 0.004
3783.70847 15.406 0.004
3783.71985 15.562 0.005
3783.73118 15.549 0.005
3783.74252 15.397 0.004
3783.75631 15.187 0.004
3783.76768 15.089 0.004
3783.77906 15.033 0.004
3783.79310 14.972 0.003
3783.80446 14.959 0.003
3783.81586 14.961 0.003
3783.82720 14.966 0.003
3783.83856 15.004 0.003
3784.67328 14.964 0.004
3784.68460 14.983 0.004
3784.69598 15.026 0.004
3784.70752 15.091 0.004
3784.71887 15.190 0.004
3784.73021 15.349 0.004
3784.74341 15.560 0.005
3784.75476 15.548 0.005
3784.76607 15.426 0.004
3784.77743 15.251 0.004
3784.78996 15.114 0.004
3784.80136 15.048 0.004
3784.81273 14.997 0.004
3784.82411 14.962 0.003
3784.83543 14.952 0.004
3785.64480 15.109 0.004
3785.65620 15.039 0.004
3785.66757 14.999 0.004
3785.67897 14.973 0.004
3785.69031 14.961 0.003
3785.70166 14.969 0.003
3785.71329 14.999 0.003
3785.72467 15.038 0.004
3785.73604 15.112 0.004
3785.74740 15.236 0.004
3785.75932 15.419 0.005
3785.77070 15.560 0.005
3785.78206 15.561 0.005
3785.79343 15.389 0.004
3785.80480 15.214 0.004
3785.81659 15.105 0.004
3785.82803 15.030 0.004
3786.62949 15.571 0.005
3786.64085 15.516 0.005
3786.65222 15.320 0.005
3786.66368 15.160 0.004
3786.67516 15.079 0.004
3786.68658 15.022 0.004
3786.69794 14.981 0.004
3786.70934 14.966 0.004
3786.72074 14.964 0.003
3786.73324 15.001 0.003
3786.74459 15.028 0.003
3786.75594 15.076 0.004
3786.76728 15.172 0.004
3786.77926 15.337 0.004
3786.79063 15.534 0.005
3786.80202 15.547 0.005
3786.81343 15.488 0.005
3786.82479 15.291 0.004
3787.63316 15.320 0.004
3787.64891 15.563 0.005
3787.66220 15.561 0.005
3787.67359 15.386 0.005
3787.68495 15.218 0.004
3787.69627 15.116 0.004
3787.70765 15.057 0.004
3787.71900 14.996 0.004
3787.73108 14.976 0.003
3787.74288 14.968 0.003
3787.75424 14.975 0.003
3787.76554 15.009 0.004
3787.77689 15.060 0.004
3787.78824 15.137 0.004
3787.80070 15.281 0.004
3787.81212 15.483 0.005
3787.82355 15.564 0.005
3788.63032 15.042 0.004
3788.64169 15.115 0.004
3788.65299 15.231 0.004
3788.66970 15.513 0.005
3788.68107 15.566 0.005
3788.69243 15.486 0.005
3788.70380 15.294 0.004
3788.71515 15.156 0.004
3788.72653 15.069 0.004
3788.73816 15.020 0.004
3788.74953 14.976 0.004
3788.76087 14.972 0.004
3788.77411 14.973 0.004
3788.78547 15.000 0.004
3788.79684 15.038 0.004
3788.80819 15.102 0.004
3788.81958 15.199 0.004
3789.64122 14.990 0.004
3789.65255 15.032 0.004
3789.66411 15.093 0.004
3789.67543 15.201 0.004
3789.68679 15.366 0.004
3789.69841 15.547 0.005
3789.70984 15.559 0.005
3789.72126 15.415 0.004
3789.73259 15.238 0.004
3789.74395 15.119 0.004
3789.75532 15.053 0.004
3789.76735 15.008 0.003
3789.77873 14.967 0.003
3789.79016 14.961 0.003
3789.80181 14.969 0.003
3789.81322 15.004 0.003
3789.82464 15.057 0.004
3789.83822 15.129 0.004
3789.84949 15.264 0.004
3789.86089 15.462 0.005
3789.87228 15.576 0.005
3789.88868 15.500 0.005
3789.90004 15.301 0.004
3790.61185 15.049 0.004
3790.62318 15.000 0.004
3790.63449 14.966 0.004
3790.64607 14.958 0.004
3790.65742 14.965 0.003
3790.66876 15.006 0.004
3790.68011 15.050 0.004
3790.69149 15.117 0.004
3790.70281 15.234 0.004
3790.71455 15.417 0.004
3790.72642 15.559 0.005
3790.73782 15.556 0.005
3790.74916 15.384 0.004
3790.76049 15.216 0.004
3790.77182 15.112 0.004
3790.78314 15.049 0.004
3790.79476 15.004 0.004
3790.80613 14.978 0.004
3790.81746 14.973 0.003
3791.62274 15.124 0.004
3791.63411 15.056 0.004
3791.64549 15.011 0.004
3791.65688 14.972 0.004
3791.66822 14.951 0.004
3791.67956 14.962 0.004
3791.69107 14.990 0.004
3791.70247 15.023 0.004
3791.71392 15.097 0.004
3791.72531 15.187 0.004
3791.73666 15.353 0.004
3791.74797 15.543 0.005
3791.75954 15.574 0.005
3791.77089 15.440 0.005
3791.78226 15.261 0.004
3791.79361 15.134 0.004
3791.80597 15.044 0.004
3791.81732 15.004 0.004
3792.60864 15.565 0.005
3792.61995 15.522 0.005
3792.63278 15.315 0.004
3792.64416 15.168 0.004
3792.65553 15.074 0.004
3792.66690 15.031 0.004
3792.67825 14.984 0.004
3792.68986 14.964 0.004
3792.70143 14.964 0.004
3792.71281 14.972 0.004
3792.72424 15.013 0.004
3792.73563 15.067 0.004
3792.74702 15.159 0.004
3792.75838 15.295 0.004
3792.77009 15.510 0.005
3792.78147 15.581 0.005
3792.79281 15.481 0.004
3792.80418 15.299 0.004
3792.81558 15.165 0.004
3792.82693 15.066 0.003
3792.83969 15.018 0.003
3792.85204 14.975 0.003
3793.60236 15.175 0.004
3793.61373 15.335 0.004
3793.62507 15.543 0.005
3793.63674 15.558 0.005
3793.64813 15.500 0.005
3793.65944 15.284 0.004
3793.67079 15.150 0.004
3793.68214 15.069 0.004
3793.69365 15.014 0.003
3793.70502 14.981 0.003
3793.71639 14.956 0.003
3793.72773 14.953 0.003
3793.73908 14.975 0.003
3793.75045 15.018 0.004
3793.76266 15.057 0.004
3793.77403 15.170 0.004
3793.78543 15.326 0.004
3793.79962 15.555 0.005
3793.81096 15.566 0.005
3794.60275 15.019 0.004
3794.61411 15.070 0.004
3794.62549 15.168 0.004
3794.63686 15.306 0.004
3794.64825 15.498 0.005
3794.65960 15.578 0.005
3794.67133 15.522 0.005
3794.68285 15.317 0.004
3794.69423 15.175 0.004
3794.70558 15.080 0.004
3794.71691 15.018 0.003
3794.72873 14.967 0.003
3794.74006 14.953 0.003
3794.75242 14.944 0.003
3794.76379 14.974 0.003
3794.77517 15.010 0.003
3794.78655 15.064 0.004
3794.79789 15.167 0.004
3794.80923 15.318 0.004
3795.59493 14.961 0.004
3795.60627 14.963 0.004
3795.61759 14.977 0.004
3795.62897 15.018 0.004
3795.64033 15.081 0.004
3795.65165 15.164 0.004
3795.66339 15.327 0.004
3795.67476 15.537 0.005
3795.68609 15.560 0.005
3795.69744 15.510 0.005
3795.70880 15.310 0.004
3795.72021 15.158 0.004
3795.73453 15.055 0.004
3795.74589 14.999 0.004
3795.75723 14.958 0.004
3795.76857 14.956 0.004
3795.78002 14.956 0.003
3795.79134 14.970 0.003
3795.80287 15.015 0.004
3796.60233 14.991 0.004
3796.61363 14.964 0.004
3796.62503 14.964 0.004
3796.63638 14.971 0.004
3796.64769 15.005 0.004
3796.65903 15.041 0.004
3796.67079 15.108 0.004
3796.68234 15.231 0.004
3796.69370 15.416 0.004
3796.70509 15.560 0.005
3796.71760 15.573 0.005
3796.72894 15.392 0.004
3796.74030 15.216 0.004
3796.75170 15.104 0.004
3796.76308 15.027 0.003
3796.77437 14.994 0.003
3796.78614 14.964 0.003
3796.79750 14.957 0.003
3796.80885 14.953 0.003
3797.59467 15.212 0.004
3797.60600 15.105 0.004
3797.61737 15.056 0.004
3797.62866 15.003 0.004
3797.64001 14.971 0.003
3797.65133 14.971 0.003
3797.66313 14.968 0.003
3797.67450 15.009 0.003
3797.68590 15.059 0.004
3797.69724 15.122 0.004
3797.70856 15.253 0.004
3797.71993 15.428 0.004
3797.73173 15.562 0.005
3797.74312 15.547 0.005
3797.75444 15.383 0.004
3797.76580 15.227 0.004
3797.77709 15.105 0.004
3797.78844 15.042 0.004
3798.59537 15.553 0.005
3798.60674 15.414 0.004
3798.61806 15.230 0.004
3798.62942 15.122 0.004
3798.64078 15.046 0.003
3798.65212 15.006 0.003
3798.66375 14.974 0.003
3798.67516 14.962 0.004
3798.68652 14.984 0.004
3798.69790 15.002 0.004
3798.70924 15.042 0.004
3798.72060 15.108 0.004
3798.73217 15.225 0.004
3798.74353 15.402 0.004
3798.75492 15.567 0.005
3798.76624 15.557 0.005
3798.77760 15.426 0.004
3798.78903 15.229 0.004
3799.64881 15.192 0.005
3799.66017 15.089 0.004
3799.67151 15.035 0.004
3799.68284 14.987 0.004
3799.69419 14.962 0.004
3799.70551 14.974 0.004
3799.71720 14.995 0.004
3799.72855 15.024 0.004
3799.73990 15.078 0.004
3799.75125 15.153 0.004
3799.76258 15.305 0.004
3799.77393 15.501 0.005
3800.59096 15.034 0.004
3800.60231 15.116 0.004
3800.61373 15.237 0.004
3800.62509 15.415 0.005
3800.63642 15.573 0.006
3800.66314 15.318 0.005
3800.67476 15.175 0.004
3800.68656 15.080 0.004
3800.69809 15.030 0.004
3800.70965 14.999 0.004
3800.72170 14.962 0.004
3800.73398 14.967 0.004
3800.74534 14.990 0.004
3800.75672 15.044 0.004
3800.76812 15.092 0.004
3800.77948 15.194 0.004
3800.79084 15.370 0.005
3801.58048 14.942 0.004
3801.59184 14.953 0.003
3801.60318 14.986 0.004
3801.61456 15.035 0.004
3801.62593 15.100 0.004
3801.63729 15.208 0.004
3801.64903 15.389 0.004
3801.66037 15.554 0.005
3801.67174 15.554 0.005
3801.68309 15.405 0.004
3801.69444 15.228 0.004
3801.70579 15.113 0.004
3801.71744 15.045 0.004
3801.72883 15.006 0.004
3801.74021 14.979 0.004
3801.75160 14.965 0.003
3801.76302 14.979 0.003
3801.77439 15.010 0.004
3802.58461 14.991 0.004
3802.59595 14.951 0.004
3802.60730 14.946 0.004
3802.61870 14.965 0.004
3802.63008 14.994 0.004
3802.64145 15.043 0.004
3802.65302 15.121 0.004
3802.66432 15.234 0.004
3802.67567 15.410 0.004
3802.68699 15.558 0.005
3802.69835 15.547 0.005
3802.70970 15.379 0.004
3802.72132 15.210 0.004
3802.73269 15.113 0.004
3802.74401 15.050 0.004
3802.75534 15.008 0.003
3802.76668 14.982 0.003
3802.77805 14.971 0.003
3803.57858 15.176 0.004
3803.58987 15.091 0.004
3803.60125 15.020 0.004
3803.61264 14.982 0.004
3803.62409 14.959 0.004
3803.63545 14.959 0.004
3803.64704 14.974 0.004
3803.65841 15.007 0.004
3803.66974 15.067 0.004
3803.68111 15.146 0.004
3803.69244 15.278 0.004
3803.70381 15.477 0.005
3803.71546 15.561 0.005
3803.72682 15.528 0.005
3803.73824 15.324 0.004
3803.74961 15.184 0.004
3803.76095 15.080 0.004
3803.77232 15.041 0.004
3804.57797 15.569 0.006
3804.58930 15.413 0.006
3804.60068 15.222 0.005
3804.61201 15.117 0.004
3804.62345 15.049 0.004
3804.63480 14.997 0.004
3804.64788 14.961 0.004
3804.65923 14.969 0.004
3804.67063 14.976 0.004
3804.68204 15.002 0.004
3804.69342 15.048 0.004
3804.70478 15.132 0.004
3804.73229 15.526 0.005
3804.74368 15.559 0.005
3804.75515 15.473 0.005
3804.76650 15.282 0.004
3804.77785 15.156 0.004
3805.57505 15.337 0.005
3805.58641 15.526 0.005
3805.59773 15.553 0.005
3805.60907 15.483 0.005
3805.62041 15.280 0.004
3805.63175 15.129 0.004
3805.64336 15.051 0.003
3805.65471 15.000 0.003
3805.66609 14.972 0.003
3805.67749 14.955 0.003
3805.68881 14.955 0.003
3805.70019 14.968 0.003
3805.71214 15.016 0.003
3805.72348 15.072 0.004
3805.73487 15.165 0.004
3805.74624 15.339 0.004
3805.75762 15.529 0.005
3805.76901 15.566 0.005
3806.59209 15.211 0.004
3806.60349 15.413 0.005
3806.61481 15.552 0.005
3806.62619 15.559 0.005
3806.63754 15.436 0.005
3806.64891 15.229 0.004
3806.66519 15.091 0.004
3806.67656 15.037 0.004
3806.68793 14.984 0.004
3806.69931 14.962 0.003
3806.71065 14.960 0.004
3806.72204 14.966 0.004
3806.73377 15.003 0.003
3806.74516 15.052 0.004
3806.75659 15.144 0.004
3807.56331 14.966 0.004
3807.57469 14.974 0.004
3807.59083 15.032 0.004
3807.60218 15.083 0.004
3807.61353 15.180 0.004
3807.62493 15.331 0.005
3807.63632 15.555 0.006
3807.64763 15.574 0.006
3807.65924 15.507 0.005
3807.67056 15.297 0.005
3807.68194 15.148 0.004
3807.69328 15.066 0.004
3807.70466 15.020 0.004
3807.71598 14.983 0.004
3807.72764 14.960 0.004
3807.73901 14.956 0.004
3807.75035 14.982 0.004
3807.76172 15.020 0.004
3808.55864 15.022 0.004
3808.57002 14.976 0.004
3808.58139 14.967 0.004
3808.59274 14.967 0.004
3808.60420 14.987 0.004
3808.61556 15.030 0.004
3808.63192 15.115 0.004
3808.64328 15.232 0.004
3808.65464 15.418 0.004
3808.66608 15.560 0.005
3808.68071 15.551 0.005
3808.69206 15.357 0.004
3808.70338 15.191 0.004
3808.71468 15.092 0.004
3808.72605 15.031 0.004
3808.73745 14.982 0.004
3809.56166 15.152 0.005
3809.57304 15.061 0.004
3809.58445 15.020 0.004
3809.59585 14.982 0.004
3809.60720 14.963 0.004
3809.61856 14.971 0.004
3809.63018 14.992 0.004
3809.64153 15.034 0.004
3809.65286 15.077 0.004
3809.66418 15.182 0.004
3809.67557 15.348 0.005
3809.68692 15.547 0.005
3809.69853 15.556 0.005
3809.70989 15.490 0.006
3809.72126 15.297 0.005
3809.73261 15.151 0.004
3809.74402 15.063 0.004
3809.75534 15.011 0.004
3810.56682 15.448 0.005
3810.57814 15.250 0.005
3810.58943 15.132 0.004
3810.60081 15.058 0.004
3810.61215 15.018 0.004
3810.62356 14.979 0.004
3810.63593 14.966 0.004
3810.64739 14.979 0.004
3810.65873 15.000 0.004
3810.67007 15.056 0.004
3810.68145 15.121 0.004
3810.69278 15.233 0.004
3810.70432 15.404 0.005
3810.71575 15.564 0.005
3810.72711 15.575 0.005
3810.73847 15.422 0.005
3810.74982 15.235 0.004
3811.55329 15.290 0.005
3811.56461 15.490 0.006
3811.57600 15.571 0.005
3811.58739 15.526 0.005
3811.59874 15.333 0.005
3811.61011 15.198 0.004
3811.62398 15.075 0.004
3811.63536 15.029 0.004
3811.64673 14.988 0.004
3811.65810 14.965 0.004
3811.66952 14.981 0.004
3811.68087 15.002 0.004
3811.69243 15.046 0.004
3811.70376 15.102 0.004
3811.71512 15.201 0.004
3811.72648 15.358 0.005
3811.73790 15.552 0.005
3811.74927 15.565 0.005
3812.55379 15.040 0.004
3812.56510 15.137 0.004
3812.57648 15.258 0.004
3812.58785 15.450 0.005
3812.59920 15.567 0.005
3812.61054 15.536 0.005
3812.62206 15.353 0.004
3812.63339 15.195 0.004
3812.64476 15.099 0.004
3812.65612 15.048 0.004
3812.66746 15.001 0.004
3812.67886 14.958 0.003
3812.69049 14.958 0.003
3812.70185 14.979 0.003
3812.71324 15.013 0.004
3812.72469 15.064 0.004
3812.73606 15.148 0.004
3812.74743 15.274 0.004
3813.55208 14.951 0.004
3813.56346 14.981 0.004
3813.57486 15.029 0.004
3813.58621 15.101 0.004
3813.59753 15.202 0.004
3813.60890 15.379 0.004
3813.62049 15.555 0.005
3813.63180 15.572 0.005
3813.64317 15.425 0.004
3813.65450 15.241 0.004
3813.66590 15.132 0.004
3813.67722 15.055 0.003
3813.68882 15.010 0.003
3813.70015 14.977 0.003
3813.71153 14.966 0.003
3813.72288 14.975 0.004
3813.73421 14.999 0.003
3813.74557 15.052 0.004
3814.54530 14.986 0.004
3814.55667 14.965 0.004
3814.56802 14.953 0.004
3814.57936 14.958 0.004
3814.59074 14.996 0.004
3814.60209 15.042 0.004
3814.62274 15.194 0.004
3814.63404 15.376 0.004
3814.64540 15.553 0.005
3814.65679 15.563 0.005
3814.66819 15.433 0.005
3814.67957 15.254 0.004
3814.69110 15.122 0.004
3814.70245 15.059 0.004
3814.71377 15.008 0.004
3814.72513 14.983 0.004
3814.73646 14.966 0.004
3815.54327 15.148 0.004
3815.55467 15.067 0.004
3815.56601 15.017 0.004
3815.57736 14.979 0.004
3815.58870 14.961 0.004
3815.60007 14.962 0.004
3815.61167 14.984 0.004
3815.62301 15.015 0.004
3815.63433 15.080 0.004
3815.64566 15.173 0.004
3815.65701 15.342 0.004
3815.66837 15.531 0.005
3815.68006 15.572 0.005
3815.69138 15.467 0.004
3815.70272 15.271 0.004
3815.71404 15.140 0.004
3815.72539 15.075 0.004
3815.73680 15.020 0.003
3816.54467 15.490 0.005
3816.55602 15.294 0.005
3816.56742 15.152 0.004
3816.57879 15.070 0.004
3816.59012 15.021 0.004
3816.60150 14.979 0.004
3816.61339 14.960 0.004
3816.62474 14.968 0.004
3816.63605 14.978 0.004
3816.64735 15.015 0.004
3816.65870 15.076 0.004
3816.67009 15.171 0.004
3816.68170 15.334 0.005
3816.69306 15.544 0.005
3816.70440 15.573 0.005
3816.71575 15.481 0.005
3816.72710 15.294 0.004
3816.73850 15.157 0.004
3816.75013 15.071 0.004
3816.76144 15.023 0.003
3816.77280 14.989 0.003
3816.78417 14.973 0.003
3816.79553 14.961 0.003
3816.83439 15.128 0.004
3816.84573 15.249 0.005
3816.85762 15.454 0.005
3816.86927 15.584 0.006
3817.54297 15.480 0.005
3817.55690 15.571 0.006
3817.57302 15.450 0.005
3817.58468 15.252 0.004
3817.59601 15.130 0.004
3817.60735 15.052 0.004
3817.61901 15.001 0.004
3817.63039 14.969 0.004
3817.64176 14.957 0.004
3817.65336 14.957 0.004
3817.66477 14.986 0.004
3817.67617 15.036 0.004
3817.68786 15.102 0.004
3817.69921 15.217 0.004
3817.71059 15.394 0.004
3817.72329 15.571 0.005
3817.73467 15.568 0.005
3817.74606 15.390 0.004
3817.75831 15.214 0.004
3817.76995 15.118 0.004
3817.78148 15.044 0.004
3818.54433 15.127 0.004
3818.55612 15.276 0.005
3818.56786 15.465 0.005
3818.57970 15.548 0.005
3818.59111 15.553 0.005
3818.60249 15.369 0.005
3818.61390 15.198 0.004
3818.62525 15.085 0.004
3818.63658 15.030 0.004
3818.64916 14.988 0.004
3818.66051 14.956 0.003
3818.67189 14.949 0.003
3818.68323 14.967 0.003
3818.69460 14.993 0.003
3818.70601 15.042 0.003
3818.71774 15.139 0.004
3818.72934 15.282 0.004
3818.74109 15.473 0.004
3819.53340 14.966 0.003
3819.54517 14.991 0.004
3819.55950 15.056 0.004
3819.57133 15.140 0.004
3819.58267 15.300 0.004
3819.59405 15.481 0.005
3819.60546 15.560 0.005
3819.61682 15.557 0.005
3819.62815 15.355 0.004
3819.64046 15.179 0.004
3819.65182 15.086 0.004
3819.66314 15.028 0.003
3819.67451 15.002 0.003
3819.68584 14.959 0.003
3819.69725 14.959 0.003
3819.70898 14.976 0.003
3819.72037 15.007 0.003
3819.73213 15.049 0.003
3819.74402 15.158 0.004
3820.53489 14.972 0.004
3820.54662 14.964 0.003
3820.55833 14.963 0.004
3820.56968 14.996 0.004
3820.58101 15.042 0.004
3820.59233 15.112 0.004
3820.60369 15.225 0.004
3820.61506 15.416 0.005
3820.62680 15.570 0.005
3820.63817 15.571 0.005
3820.64955 15.427 0.004
3820.66089 15.238 0.004
3820.67225 15.118 0.004
3820.68363 15.044 0.004
3820.69577 14.998 0.003
3820.70711 14.967 0.003
3820.71848 14.953 0.003
3820.72980 14.957 0.003
3820.74173 14.988 0.003
3821.52523 15.118 0.004
3821.54349 15.015 0.003
3821.55528 14.982 0.003
3821.56669 14.955 0.003
3821.57808 14.953 0.003
3821.58979 14.974 0.003
3821.60117 15.014 0.003
3821.61255 15.071 0.003
3821.62425 15.158 0.004
3821.63557 15.331 0.004
3821.64689 15.528 0.004
3821.66271 15.560 0.004
3821.67403 15.432 0.004
3821.68537 15.246 0.004
3821.69718 15.117 0.004
3821.70853 15.040 0.003
3821.71986 15.009 0.003
3821.73161 14.964 0.003
3822.53794 15.262 0.004
3822.54973 15.138 0.004
3822.56143 15.050 0.004
3822.57315 15.002 0.004
3822.58522 14.969 0.004
3822.59686 14.956 0.003
3822.60825 14.966 0.004
3822.61962 15.001 0.004
3822.63137 15.044 0.004
3822.64271 15.112 0.004
3822.66011 15.325 0.005
3822.67194 15.536 0.005
3822.68327 15.571 0.005
3822.69462 15.516 0.005
3822.70597 15.331 0.005
3822.71783 15.173 0.004
3822.72921 15.080 0.004
3823.53632 15.571 0.005
3823.55144 15.459 0.005
3823.60173 14.996 0.003
3823.61331 14.971 0.003
3823.62465 14.953 0.003
3823.63604 14.976 0.004
3823.64801 15.011 0.004
3823.65996 15.052 0.004
3823.67248 15.151 0.004
3823.68383 15.298 0.004
3823.69515 15.492 0.005
3823.70645 15.559 0.005
3823.71841 15.547 0.005
3823.72977 15.331 0.004
3824.52336 15.106 0.004
3824.53618 15.246 0.005
3824.55222 15.520 0.005
3824.56395 15.570 0.005
3824.57586 15.478 0.005
3824.58791 15.270 0.004
3824.59969 15.142 0.004
3824.61162 15.060 0.004
3824.62297 15.007 0.004
3824.63428 14.970 0.003
3824.64564 14.954 0.003
3824.65742 14.971 0.003
3824.66880 14.998 0.003
3824.68017 15.035 0.004
3824.69150 15.100 0.004
3824.70335 15.208 0.004
3824.71470 15.387 0.004
3824.72607 15.563 0.005
3825.50867 14.954 0.004
3825.52088 14.968 0.004
3825.53264 15.009 0.004
3825.54436 15.066 0.004
3825.55605 15.173 0.004
3825.56741 15.336 0.004
3825.57906 15.529 0.005
3825.59042 15.558 0.005
3825.60212 15.458 0.005
3825.61351 15.275 0.005
3825.62487 15.151 0.004
3825.63646 15.068 0.004
3825.64784 15.021 0.004
3825.65923 14.979 0.003
3825.67183 14.959 0.004
3825.68325 14.979 0.004
3825.69455 15.009 0.004
3826.51830 14.962 0.004
3826.53077 14.952 0.004
3826.54263 14.966 0.004
3826.55443 15.000 0.004
3826.56581 15.045 0.004
3826.57717 15.132 0.004
3826.58858 15.272 0.004
3826.60028 15.464 0.005
3826.61162 15.572 0.005
3826.62298 15.541 0.005
3826.63432 15.332 0.004
3826.64627 15.175 0.004
3826.65761 15.089 0.004
3826.66897 15.037 0.003
3826.68031 14.985 0.003
3826.69222 14.977 0.003
3826.70363 14.975 0.004
3826.71502 14.990 0.004
3827.58533 15.022 0.004
3827.61650 15.317 0.005
3827.62840 15.532 0.005
3827.64291 15.570 0.005
3827.65424 15.435 0.005
3827.66556 15.254 0.004
3827.67690 15.138 0.004
3827.68863 15.066 0.004
3827.69995 15.019 0.004
3827.73326 14.967 0.004
3828.51716 15.295 0.004
3828.52878 15.151 0.004
3828.54106 15.063 0.004
3828.55242 15.011 0.004
3828.56434 14.975 0.004
3828.57571 14.954 0.004
3828.58707 14.953 0.003
3828.59850 14.978 0.004
3828.60987 15.010 0.004
3828.62119 15.083 0.004
3828.63382 15.192 0.004
3828.64516 15.365 0.004
3828.65649 15.558 0.005
3828.66784 15.572 0.005
3828.67920 15.438 0.005
3828.69074 15.255 0.004
3828.70207 15.147 0.004
3828.71342 15.077 0.004
3829.51634 15.553 0.005
3829.53020 15.487 0.005
3829.54219 15.285 0.004
3829.55354 15.147 0.004
3829.56629 15.054 0.004
3829.57767 15.011 0.003
3829.58900 14.977 0.003
3829.60036 14.952 0.003
3829.61169 14.949 0.003
3829.62304 14.986 0.004
3829.63471 15.012 0.004
3829.64610 15.083 0.004
3829.65747 15.176 0.004
3829.66883 15.343 0.004
3829.68029 15.544 0.005
3829.69163 15.566 0.005
3829.70835 15.357 0.004
3830.50614 15.136 0.004
3830.51786 15.268 0.005
3830.52951 15.499 0.005
3830.54091 15.581 0.005
3830.55285 15.537 0.005
3830.56413 15.350 0.004
3830.57548 15.178 0.004
3830.58686 15.090 0.004
3830.59828 15.022 0.004
3830.60961 14.971 0.003
3830.62268 14.950 0.003
3830.63401 14.951 0.003
3830.64537 14.967 0.003
3830.65672 15.000 0.003
3830.66811 15.056 0.004
3830.68251 15.184 0.004
3831.51767 15.050 0.004
3831.52946 15.124 0.004
3831.54896 15.387 0.004
3831.56071 15.562 0.005
3831.57274 15.560 0.005
3831.58617 15.392 0.004
3831.59760 15.215 0.004
3831.60896 15.112 0.004
3831.62035 15.045 0.004
3831.63171 14.992 0.003
3831.64307 14.963 0.003
3831.65509 14.955 0.003
3831.66641 14.957 0.003
3831.67781 14.993 0.003
3832.50644 14.966 0.004
3832.51852 14.982 0.004
3832.53212 15.018 0.004
3832.54395 15.068 0.004
3832.55539 15.139 0.004
3832.56678 15.269 0.005
3832.58300 15.534 0.005
3832.59435 15.549 0.006
3832.60567 15.511 0.005
3832.61703 15.316 0.004
3832.62837 15.164 0.004
3832.63983 15.089 0.004
3832.65443 15.005 0.004
3832.66575 14.980 0.004
3832.67711 14.962 0.004
3832.68906 14.959 0.004
3833.48911 15.121 0.004
3833.50060 15.053 0.004
3833.51380 14.986 0.004
3833.52617 14.977 0.004
3833.53753 14.974 0.004
3833.54918 14.998 0.004
3833.56055 15.031 0.004
3833.57191 15.065 0.004
3833.58332 15.157 0.004
3833.59465 15.303 0.004
3833.60603 15.492 0.005
3833.61820 15.570 0.005
3833.62957 15.523 0.005
3833.64089 15.329 0.004
3833.65225 15.173 0.004
3833.66364 15.068 0.004
3833.67504 15.025 0.004
3834.48576 15.492 0.006
3834.49713 15.306 0.005
3834.50844 15.157 0.004
3834.52831 15.049 0.004
3834.54461 14.986 0.004
3834.55646 14.970 0.004
3834.56785 14.981 0.004
3834.57918 14.998 0.004
3834.59055 15.042 0.004
3834.60191 15.102 0.004
3834.61329 15.211 0.004
3834.63139 15.503 0.005
3834.64322 15.553 0.005
3834.65460 15.540 0.005
3834.66599 15.331 0.004
3834.67732 15.171 0.004
3834.68869 15.078 0.004
3835.49500 15.582 0.006
3835.50660 15.551 0.006
3835.51861 15.353 0.005
3835.53391 15.158 0.004
3835.54588 15.073 0.004
3835.55723 15.015 0.004
3835.56860 14.981 0.004
3835.57996 14.967 0.004
3835.59133 14.968 0.004
3835.60270 14.989 0.004
3835.61443 15.028 0.004
3835.62579 15.090 0.004
3835.63716 15.183 0.004
3835.64858 15.355 0.004
3835.65992 15.542 0.005
3835.67130 15.564 0.005
3835.68874 15.369 0.004
3836.48733 15.146 0.004
3836.49901 15.280 0.005
3836.51071 15.483 0.005
3836.52235 15.575 0.005
3836.53367 15.538 0.005
3836.54499 15.334 0.005
3836.55709 15.180 0.004
3836.56844 15.091 0.004
3836.57982 15.046 0.004
3836.59123 14.998 0.004
3836.60258 14.974 0.004
3836.61445 14.967 0.004
3836.62581 14.988 0.004
3836.63714 15.028 0.004
3836.65105 15.095 0.004
3836.66558 15.244 0.005
3836.67698 15.418 0.005
3836.68831 15.566 0.005
3837.49436 15.030 0.004
3837.50611 15.099 0.004
3837.51781 15.199 0.005
3837.53115 15.399 0.005
3837.54538 15.561 0.005
3837.55674 15.560 0.005
3837.56809 15.367 0.005
3837.57944 15.215 0.005
3837.61681 15.000 0.004
3837.62816 14.980 0.004
3837.63952 14.977 0.004
3837.65090 15.004 0.004
3837.66224 15.033 0.004
3837.67362 15.085 0.004
3837.68537 15.166 0.004
3838.49061 14.963 0.004
3838.50243 14.986 0.004
3838.51439 15.004 0.004
3838.52632 15.066 0.004
3838.53792 15.142 0.004
3838.54970 15.288 0.005
3838.56105 15.477 0.005
3838.57243 15.578 0.006
3838.58377 15.548 0.006
3838.59510 15.340 0.005
3838.60647 15.185 0.004
3838.61809 15.091 0.004
3838.62946 15.031 0.004
3838.64081 14.994 0.004
3838.65218 14.984 0.004
3838.66356 14.976 0.004
3838.67493 15.004 0.004
3839.49406 14.994 0.004
3839.50595 14.950 0.004
3839.51769 14.947 0.004
3839.52945 14.971 0.004
3839.54111 15.014 0.004
3839.55246 15.070 0.005
3839.56380 15.153 0.005
3839.59577 15.567 0.006
3839.60746 15.563 0.006
3839.61930 15.367 0.005
3839.63108 15.197 0.005
3839.64302 15.104 0.004
3839.65475 15.044 0.004
3839.66610 14.998 0.004
3839.67743 14.970 0.003
3839.68879 14.975 0.004
3840.48661 15.193 0.005
3840.49828 15.074 0.004
3840.51008 15.019 0.004
3840.52199 14.977 0.004
3840.53337 14.959 0.004
3840.54474 14.956 0.004
3840.55611 14.971 0.004
3840.56750 15.005 0.004
3840.57889 15.069 0.004
3840.59048 15.152 0.004
3840.60176 15.301 0.004
3840.61308 15.512 0.005
3840.62767 15.565 0.005
3840.63896 15.440 0.004
3840.65039 15.271 0.004
3840.66173 15.151 0.004
3840.67312 15.071 0.004
3840.68451 15.025 0.004
3841.49181 15.484 0.005
3841.51033 15.196 0.004
3841.52203 15.097 0.004
3841.53385 15.028 0.004
3841.54566 14.995 0.004
3841.55741 14.963 0.004
3841.56878 14.956 0.004
3841.58020 14.973 0.004
3841.59149 15.009 0.004
3841.60277 15.062 0.004
3841.61412 15.147 0.004
3841.62569 15.284 0.004
3841.63705 15.481 0.005
3841.64837 15.567 0.005
3841.65974 15.538 0.005
3841.67109 15.339 0.004
3842.48087 15.320 0.005
3842.49259 15.533 0.006
3842.50449 15.573 0.006
3842.52020 15.447 0.005
3842.53201 15.259 0.005
3842.54384 15.132 0.005
3842.55548 15.059 0.004
3842.56683 15.004 0.004
3842.57820 14.975 0.004
3842.58955 14.955 0.004
3842.60094 14.975 0.004
3842.61238 14.993 0.004
3842.62408 15.051 0.004
3842.63547 15.113 0.004
3842.64680 15.247 0.004
3842.65812 15.429 0.005
3842.66949 15.572 0.005
3842.68085 15.576 0.005
3843.48420 15.087 0.004
3843.52682 15.566 0.005
3843.53858 15.546 0.005
3843.55018 15.353 0.004
3843.56182 15.189 0.004
3843.57368 15.083 0.004
3843.58536 15.035 0.004
3843.59990 14.981 0.004
3843.61153 14.970 0.004
3843.62286 14.964 0.003
3843.64217 15.019 0.004
3843.65429 15.081 0.004
3843.66562 15.174 0.004
3843.67746 15.316 0.004
3843.69432 15.565 0.005
3843.70567 15.581 0.005
3843.72670 15.259 0.005
3843.73805 15.145 0.004
3843.74945 15.067 0.004
3843.76078 15.027 0.004
3843.77216 14.998 0.004
3843.78429 14.977 0.004
3843.79562 14.987 0.004
3844.47928 14.975 0.004
3844.49115 15.011 0.004
3844.50274 15.051 0.004
3844.51442 15.119 0.004
3844.52610 15.249 0.004
3844.53776 15.441 0.005
3844.55419 15.563 0.005
3844.56580 15.513 0.005
3844.57755 15.316 0.004
3844.58887 15.163 0.004
3844.60026 15.075 0.004
3844.61155 15.020 0.004
3844.62292 14.984 0.003
3844.63427 14.960 0.003
3844.64595 14.967 0.003
3844.65736 14.979 0.003
3844.66870 15.017 0.003
3844.68006 15.070 0.004
3844.69142 15.170 0.004
3844.70276 15.308 0.004
3844.71433 15.524 0.005
3844.72574 15.583 0.005
3844.73712 15.497 0.005
3844.74846 15.321 0.004
3844.75986 15.177 0.004
3844.78079 15.057 0.004
3845.48599 14.971 0.004
3845.49772 14.969 0.004
3845.50934 14.981 0.004
3845.52117 15.016 0.004
3845.53375 15.081 0.004
3845.54551 15.168 0.004
3845.55684 15.327 0.004
3845.57786 15.573 0.005
3845.58921 15.550 0.005
3845.60053 15.347 0.004
3845.61186 15.197 0.004
3845.62323 15.090 0.004
3845.63462 15.034 0.004
3845.64624 14.991 0.004
3845.65765 14.969 0.003
3845.66903 14.961 0.004
3846.48349 15.068 0.004
3846.49518 15.018 0.004
3846.50710 14.978 0.004
3846.52020 14.965 0.004
3846.53192 14.981 0.004
3846.54456 15.022 0.004
3846.55591 15.063 0.004
3846.56931 15.149 0.004
3846.58065 15.312 0.004
3846.59201 15.513 0.005
3846.60336 15.572 0.005
3846.61502 15.547 0.005
3846.62637 15.341 0.004
3846.63776 15.191 0.004
3846.64909 15.091 0.004
3846.66047 15.046 0.004
3847.52100 15.004 0.004
3847.53270 14.975 0.004
3847.54426 14.963 0.004
3847.55731 14.972 0.004
3847.65399 15.296 0.005
3847.66572 15.150 0.004
3848.67669 15.354 0.005
3849.48298 15.258 0.005
3849.49478 15.453 0.005
3849.50659 15.577 0.006
3849.51832 15.568 0.005
3849.53014 15.347 0.005
3849.54607 15.158 0.004
3849.55744 15.070 0.004
3849.56879 15.021 0.004
3849.58018 14.987 0.004
3849.59162 14.975 0.004
3849.60293 14.976 0.003
3849.61456 15.002 0.004
3849.62588 15.040 0.004
3849.63724 15.103 0.004
3849.64865 15.202 0.004
3849.65999 15.365 0.004
3849.67394 15.586 0.005
3850.47719 15.028 0.004
3850.49502 15.128 0.004
3850.50673 15.236 0.005
3850.51806 15.417 0.005
3850.52940 15.568 0.005
3850.54081 15.574 0.005
3850.55215 15.420 0.005
3850.56348 15.240 0.004
3850.57530 15.121 0.004
3850.58966 15.046 0.004
3850.60711 14.992 0.004
3850.62208 14.979 0.004
3850.63501 14.996 0.004
3850.64672 15.018 0.004
3851.47126 14.963 0.004
3851.48303 14.973 0.004
3851.49473 15.001 0.004
3851.50672 15.031 0.004
3851.51846 15.091 0.004
3851.52986 15.202 0.004
3851.54127 15.372 0.004
3851.55259 15.549 0.005
3851.56401 15.569 0.005
3851.57536 15.432 0.004
3851.58706 15.253 0.004
3851.59842 15.131 0.004
3851.60974 15.057 0.004
3851.62111 15.009 0.004
3851.63484 14.987 0.004
3851.64796 14.966 0.004
3852.47982 15.001 0.004
3852.49159 14.963 0.004
3852.50294 14.968 0.004
3852.51438 14.981 0.004
3852.52574 15.010 0.004
3852.53712 15.066 0.004
3852.54847 15.137 0.004
3852.56012 15.276 0.005
3852.57146 15.478 0.005
3852.58279 15.579 0.006
3852.59413 15.549 0.005
3852.60544 15.358 0.005
3852.61676 15.214 0.005
3852.62859 15.098 0.004
3852.63997 15.038 0.004
3852.65130 14.996 0.004
3853.47050 15.210 0.004
3853.48217 15.104 0.004
3853.49519 15.034 0.004
3853.50652 14.994 0.004
3853.51785 14.969 0.004
3853.52917 14.978 0.004
3853.54056 14.980 0.004
3853.55189 15.019 0.004
3853.56357 15.061 0.004
3853.57491 15.144 0.004
3853.58624 15.282 0.004
3853.59760 15.483 0.005
3853.60901 15.590 0.005
3853.62040 15.529 0.005
3853.63202 15.327 0.004
3853.64336 15.172 0.004
3854.48064 15.461 0.005
3854.50299 15.151 0.004
3854.51475 15.067 0.004
3854.52643 15.027 0.004
3854.53782 14.981 0.004
3854.54914 14.961 0.004
3854.56050 14.980 0.003
3854.57390 15.012 0.004
3854.58515 15.055 0.004
3854.59651 15.131 0.004
3854.60785 15.239 0.004
3854.61915 15.429 0.005
3854.63976 15.566 0.005
3855.56869 14.974 0.003
3855.58114 14.969 0.003
3856.50108 15.485 0.005
3856.51391 15.572 0.005
3856.52534 15.542 0.005
3856.53669 15.352 0.004
3856.54805 15.184 0.004
3856.55940 15.104 0.004
3856.57686 14.999 0.003
3856.58822 14.983 0.004
3856.60320 14.967 0.004
3856.61535 14.978 0.004
3856.63294 15.050 0.004
3858.46897 14.974 0.004
3858.48085 14.945 0.003
3858.49433 14.966 0.003
3858.50565 15.007 0.003
3858.51703 15.052 0.004
3858.52838 15.132 0.004
3858.53977 15.276 0.004
3858.55111 15.464 0.004
3858.56274 15.571 0.005
3858.57411 15.557 0.005
3858.58545 15.371 0.004
3858.59683 15.195 0.004
3858.60818 15.097 0.003
3858.63773 14.970 0.003
3859.50448 14.961 0.003
3859.61836 15.256 0.004
3860.47297 15.239 0.005
3860.48432 15.124 0.004
3860.49568 15.063 0.004
3860.50705 15.010 0.004
3860.51844 14.980 0.004
3860.52977 14.962 0.004
3860.54148 14.969 0.004
3860.55284 15.008 0.004
3860.56421 15.050 0.004
3860.57554 15.117 0.004
3860.59197 15.312 0.005
3860.60334 15.529 0.006
3860.64140 15.296 0.005
3861.46660 15.566 0.006
3861.47795 15.564 0.005
3861.48933 15.372 0.005
3861.50071 15.201 0.004
3861.51208 15.106 0.004
3861.52340 15.050 0.005
3861.53968 14.997 0.004
3861.55103 14.972 0.004
3861.56236 14.971 0.004
3861.57373 14.992 0.004
3861.58507 15.024 0.004
3861.59639 15.095 0.004
3861.60951 15.198 0.004
3861.62087 15.369 0.004
3862.46428 15.192 0.004
3862.47558 15.337 0.005
3862.48693 15.537 0.005
3862.49833 15.578 0.005
3862.50966 15.457 0.005
3862.52101 15.282 0.004
3862.53400 15.138 0.004
3862.54537 15.063 0.004
3862.55670 15.014 0.003
3862.56851 14.976 0.003
3862.57986 14.963 0.003
3862.59126 14.977 0.003
3862.60265 14.995 0.003
3862.61399 15.045 0.004
3862.62531 15.110 0.004
3863.47616 15.081 0.004
3863.48785 15.174 0.004
3863.49923 15.321 0.005
3863.51114 15.542 0.005
3863.52251 15.577 0.005
3863.53388 15.476 0.005
3863.54522 15.288 0.004
3863.55659 15.163 0.004
3863.56796 15.074 0.004
3863.58090 15.006 0.003
3863.59226 14.985 0.004
3863.60358 14.969 0.004
3863.61496 14.973 0.004
3864.46416 14.967 0.004
3864.47591 14.981 0.004
3864.48719 15.015 0.004
3864.49857 15.066 0.004
3864.50993 15.150 0.004
3864.52129 15.278 0.004
3864.53264 15.473 0.005
3864.54497 15.557 0.005
3864.55632 15.537 0.005
3864.56763 15.326 0.004
3864.58178 15.167 0.004
3864.59309 15.082 0.004
3864.60450 15.041 0.004
3864.61586 15.005 0.004
3864.62723 14.971 0.004
3865.46418 15.004 0.004
3865.47714 14.970 0.004
3865.49103 14.967 0.004
3865.50235 14.978 0.004
3865.51367 15.019 0.004
3865.52499 15.063 0.004
3865.53634 15.137 0.004
3865.54766 15.292 0.004
3865.55935 15.480 0.004
3865.57073 15.564 0.005
3865.58208 15.514 0.005
3865.59346 15.321 0.004
3865.60480 15.166 0.004
3866.46467 15.131 0.004
3866.47817 15.054 0.004
3866.49125 14.999 0.004
3866.50259 14.971 0.004
3866.51396 14.961 0.004
3866.52526 14.970 0.004
3866.53659 15.012 0.004
3866.54792 15.046 0.004
3866.55960 15.127 0.004
3866.57549 15.313 0.004
3866.58887 15.554 0.005
3866.60488 15.544 0.005
3867.46271 15.523 0.005
3867.47408 15.320 0.005
3867.48584 15.164 0.004
3867.49840 15.083 0.004
3867.50977 15.035 0.004
3867.52117 14.992 0.004
3867.53247 14.968 0.003
3867.54444 14.971 0.004
3867.55683 14.995 0.004
3867.57506 15.080 0.004
3867.58695 15.158 0.004
3867.59867 15.307 0.004
3867.61046 15.507 0.005
3868.46462 15.520 0.005
3868.47871 15.568 0.005
3868.49083 15.463 0.005
3868.50218 15.274 0.004
3868.51351 15.149 0.004
3868.52485 15.072 0.004
3868.53669 15.020 0.004
3868.54806 15.001 0.004
3868.55943 14.976 0.004
3868.57115 14.999 0.005
3868.58315 15.005 0.004
3868.59492 15.049 0.004
3868.60689 15.113 0.004
3869.46432 15.144 0.005
3869.47568 15.288 0.005
3869.48743 15.500 0.006
3869.49879 15.582 0.006
3869.51056 15.565 0.006
3869.52187 15.370 0.005
3869.53326 15.199 0.004
3869.54461 15.103 0.004
3869.55595 15.042 0.004
3869.56728 14.993 0.004
3869.57892 14.966 0.004
3869.59026 14.963 0.004
3869.60202 14.961 0.004
3870.46299 15.005 0.004
3870.47432 15.048 0.004
3870.48968 15.150 0.004
3870.50102 15.292 0.005
3870.51236 15.487 0.005
3870.52516 15.572 0.005
3870.53712 15.538 0.005
3870.54982 15.317 0.005
3870.56123 15.179 0.004
3870.57259 15.085 0.004
3870.58394 15.031 0.004
3870.59593 14.989 0.004
3870.61338 14.970 0.004
3870.63081 14.982 0.004
3870.64323 15.037 0.005
3871.46175 14.964 0.004
3871.47312 14.971 0.004
3871.48446 15.000 0.004
3871.49583 15.046 0.004
3871.50830 15.106 0.004
3871.51973 15.211 0.004
3871.53109 15.379 0.005
3871.54434 15.576 0.005
3871.55572 15.587 0.005
3871.56705 15.461 0.005
3871.57838 15.263 0.004
3871.58975 15.144 0.004
3871.60258 15.062 0.004
3871.61582 15.007 0.004
3871.62785 14.969 0.004
3871.63916 14.964 0.004
3871.65052 14.972 0.004
3871.66189 15.008 0.004
3871.67323 15.060 0.004
3871.68463 15.124 0.004
3871.69736 15.265 0.005
3871.70926 15.472 0.006
3871.72117 15.559 0.007
3872.46267 15.029 0.004
3872.47401 14.995 0.004
3872.48539 14.972 0.004
3872.49753 14.975 0.003
3872.51014 14.996 0.004
3872.52151 15.034 0.004
3872.53286 15.098 0.004
3872.54418 15.198 0.004
3872.55550 15.360 0.004
3872.56741 15.565 0.005
3872.57874 15.577 0.005
3872.59389 15.419 0.004
3872.60522 15.234 0.004
3872.61654 15.112 0.004
3872.62998 15.042 0.004
3872.64137 15.000 0.004
3872.65329 14.966 0.004
3872.66465 14.956 0.004
3872.67604 14.970 0.003
3872.68741 15.011 0.004
3872.69877 15.044 0.004
3872.71009 15.121 0.004
3872.72239 15.261 0.004
3873.46097 15.221 0.004
3873.47287 15.108 0.004
3873.48522 15.033 0.004
3873.49656 14.998 0.003
3873.50791 14.969 0.003
3873.51973 14.971 0.004
3873.53109 14.981 0.004
3873.54242 15.017 0.004
3873.55377 15.072 0.004
3873.56515 15.154 0.004
3873.57647 15.305 0.005
3873.58809 15.492 0.005
3875.46120 15.329 0.005
3875.47307 15.531 0.005
3875.48661 15.567 0.005
3875.49796 15.424 0.004
3875.50929 15.233 0.004
3875.52329 15.108 0.004
3875.53468 15.048 0.004
3875.54610 15.002 0.003
3875.55746 14.984 0.003
3875.56936 14.965 0.003
3875.58074 14.986 0.003
3876.45632 15.037 0.004
3876.46769 15.104 0.004
3876.47952 15.230 0.004
3876.49087 15.409 0.005
3876.50229 15.559 0.005
3876.51369 15.553 0.004
3876.52505 15.393 0.004
3876.53690 15.211 0.004
3876.54824 15.103 0.004
3876.55965 15.041 0.004
3876.57101 14.996 0.003
3876.58274 14.976 0.003
3877.45862 14.956 0.004
3877.47000 14.982 0.004
3877.48178 15.025 0.004
3877.49310 15.101 0.004
3877.50442 15.218 0.004
3877.51581 15.403 0.004
3877.52762 15.543 0.005
3877.53956 15.553 0.005
3877.55138 15.364 0.004
3877.56281 15.207 0.004
3877.57416 15.091 0.004
3881.46191 15.564 0.005
3881.47328 15.521 0.005
3881.48468 15.321 0.004
3881.49605 15.158 0.004
3881.50739 15.074 0.004
3881.51871 15.016 0.003
3881.53048 14.964 0.003
3881.54183 14.949 0.003
3882.46732 15.370 0.005
3882.47869 15.568 0.005
3882.49006 15.567 0.005
3882.50146 15.468 0.005
3882.51283 15.281 0.004
3882.52418 15.146 0.004
3882.53715 15.056 0.004
3882.54848 15.018 0.004
3883.47202 15.112 0.004
3883.48341 15.237 0.004
3883.49475 15.414 0.004
3883.50608 15.564 0.005
3883.51747 15.563 0.005
3883.52884 15.433 0.004
3883.54064 15.232 0.004
3883.55200 15.112 0.004
3883.56340 15.045 0.004
3886.45133 15.172 0.004
3886.46270 15.085 0.004
3886.47405 15.032 0.004
3886.48542 15.002 0.004
3886.49677 14.977 0.004
3886.50813 14.968 0.004
3886.51984 15.003 0.004
3886.53127 15.035 0.004
3886.54312 15.095 0.003
3887.45893 15.413 0.004
3887.47031 15.236 0.004
3887.48169 15.133 0.003
3887.49307 15.065 0.003
3887.50441 15.002 0.003
3887.51579 14.982 0.003
3887.52742 14.973 0.003
3887.53878 14.979 0.003
3887.55053 15.005 0.003
3890.46363 15.027 0.004
3890.47495 15.080 0.005
3890.48630 15.185 0.004
3890.49767 15.343 0.005
3890.50900 15.529 0.005
3890.52034 15.577 0.005
3890.53230 15.464 0.005
3890.54424 15.276 0.004
3891.45697 14.958 0.004
3891.46833 14.960 0.004
3891.47966 14.994 0.004
3891.49101 15.034 0.004
3891.50240 15.099 0.004
3891.51384 15.207 0.004
3891.52553 15.386 0.004
3892.47982 14.961 0.004
3892.49121 14.962 0.004
3892.50259 14.992 0.004
3892.51394 15.026 0.004
3892.52528 15.087 0.004
3892.53663 15.170 0.004
3896.47043 15.267 0.005
3896.48180 15.446 0.006
3896.49320 15.601 0.006
3896.50454 15.587 0.005
3896.51633 15.419 0.005
3896.52798 15.241 0.004
3900.45667 15.252 0.004
3900.46804 15.140 0.004
3901.45200 15.577 0.006
3901.46333 15.552 0.005
3901.47473 15.350 0.004
3901.48606 15.208 0.004
3902.48773 15.561 0.005
3902.50484 15.268 0.004
3903.47277 15.169 0.004
3903.49290 15.516 0.005
3903.50422 15.570 0.005
3904.45302 14.947 0.004
3904.46986 15.001 0.003
3904.48118 15.041 0.003
3904.49255 15.123 0.004
3904.50391 15.258 0.004
3905.45000 14.998 0.004
3905.46133 14.962 0.004
3905.47270 14.948 0.003
3905.48407 14.960 0.003
3905.49544 14.995 0.004
3906.45482 15.094 0.004
3906.46618 15.030 0.004
3906.47756 14.980 0.004
3906.48892 14.972 0.004
3907.45433 15.377 0.005
3907.46571 15.209 0.004
3907.47707 15.110 0.004
3908.45034 15.584 0.006
3908.46172 15.589 0.005
3908.47311 15.499 0.005
3908.48447 15.287 0.004
3909.45188 15.211 0.005
3909.46322 15.369 0.005
3909.47467 15.562 0.005
3909.48601 15.594 0.005
3910.45119 15.046 0.004
3910.46249 15.085 0.004
3912.44989 15.030 0.004
3912.46134 14.989 0.003
3912.47301 14.983 0.003
3913.45431 15.138 0.004
3913.46590 15.068 0.004
3914.48911 15.075 0.004
3916.45978 15.197 0.004
3916.47119 15.356 0.005
3917.46877 15.055 0.003
3919.46713 14.952 0.003
3921.45563 15.555 0.006
4096.79330 15.150 0.004
4096.80452 15.065 0.003
4096.81572 15.021 0.003
4096.82693 14.981 0.003
4096.84426 14.953 0.003
4096.85552 14.968 0.003
4096.86668 14.989 0.003
4120.83031 15.380 0.004
4120.84149 15.539 0.004
4120.85270 15.560 0.004
4120.86384 15.452 0.004
4120.87501 15.270 0.004
4121.82504 15.043 0.004
4121.83658 15.124 0.004
4121.84777 15.249 0.004
4121.85891 15.434 0.004
4121.87058 15.573 0.005
4121.88202 15.563 0.006
4122.83904 14.997 0.003
4122.85021 15.048 0.003
4122.86137 15.119 0.003
4122.87252 15.242 0.004
4122.88370 15.430 0.005
4124.84802 14.981 0.003
4124.86040 14.962 0.003
4124.87192 14.956 0.003
4124.88354 14.979 0.003
4125.80660 15.589 0.005
4125.81822 15.485 0.005
4125.82979 15.294 0.004
4125.84142 15.157 0.004
4125.86119 15.029 0.004
4125.87260 14.990 0.004
4125.88407 14.976 0.004
4126.80511 15.314 0.004
4126.81657 15.520 0.004
4126.82806 15.580 0.004
4126.83923 15.559 0.004
4126.85037 15.363 0.004
4126.86173 15.209 0.004
4126.87295 15.105 0.004
4126.88416 15.050 0.004
4128.81666 15.023 0.003
4128.82810 15.056 0.003
4128.83931 15.112 0.003
4128.85056 15.223 0.003
4128.86205 15.422 0.004
4128.87318 15.578 0.004
4128.88429 15.587 0.005
4129.81593 14.970 0.003
4129.82760 14.988 0.003
4129.83915 15.007 0.003
4129.85035 15.058 0.003
4129.86150 15.096 0.003
4129.87321 15.207 0.003
4129.88511 15.341 0.004
4141.83170 15.169 0.005
4144.82461 15.048 0.004
4144.84036 14.992 0.004
4144.85159 14.979 0.004
4145.75284 15.073 0.004
4145.76671 15.194 0.004
4145.80573 15.548 0.006
4145.81687 15.350 0.005
4145.82808 15.200 0.005
4145.83928 15.108 0.005
4146.73491 14.946 0.004
4146.77693 15.063 0.004
4146.78808 15.158 0.004
