2695.90043 20.557 0.128
2723.85033 20.458 0.150
2723.86759 20.424 0.127
2723.87823 20.409 0.130
2723.88893 20.257 0.117
2723.89961 20.314 0.133
2723.91032 20.226 0.120
2723.92103 20.189 0.169
2724.82434 20.707 0.154
2724.83502 20.539 0.145
2724.84571 20.314 0.120
2724.85637 20.527 0.139
2724.86881 20.368 0.116
2724.88269 20.591 0.123
2724.89336 20.393 0.101
2724.90401 20.362 0.101
2725.53534 20.265 0.166
2725.54603 20.609 0.226
2725.56565 20.242 0.146
2725.58049 20.161 0.124
2725.59531 20.639 0.181
2725.61038 20.066 0.123
2725.62508 20.752 0.204
2725.63974 20.496 0.146
2725.65439 20.675 0.139
2725.66901 20.724 0.142
2725.68363 20.748 0.148
2725.72344 20.235 0.085
2725.73811 20.290 0.086
2725.75273 20.215 0.077
2725.76736 20.506 0.091
2725.78204 20.588 0.096
2725.79675 20.566 0.105
2725.81770 20.964 0.144
2725.83239 20.717 0.119
2726.53158 20.423 0.156
2726.54225 20.246 0.126
2726.55294 20.057 0.107
2726.56361 20.199 0.101
2726.57432 20.112 0.103
2726.59062 20.333 0.111
2726.60132 20.566 0.142
2726.61201 20.584 0.136
2726.62266 20.747 0.154
2726.63332 20.829 0.160
2726.64402 20.987 0.191
2726.65866 20.850 0.160
2726.66935 20.665 0.128
2726.67998 20.297 0.108
2726.69067 20.313 0.104
2726.70869 20.456 0.109
2726.71937 20.092 0.087
2726.73006 20.348 0.105
2726.74072 20.379 0.101
2726.75140 20.249 0.094
2726.76205 20.296 0.108
2726.77610 20.421 0.123
2726.78765 20.704 0.149
2726.79831 20.960 0.164
2726.80901 20.684 0.132
2726.81970 20.804 0.162
2726.83036 20.701 0.132
2726.84105 20.519 0.119
2727.53345 20.348 0.190
2727.54413 20.537 0.188
2727.55478 20.307 0.163
2727.56599 20.535 0.197
2727.57666 20.334 0.167
2727.58735 20.251 0.117
2727.60194 20.351 0.122
2727.61258 20.260 0.111
2727.62328 20.628 0.136
2727.63393 20.770 0.144
2727.64460 20.586 0.122
2727.65531 20.683 0.135
2727.66597 20.684 0.139
2727.68324 20.552 0.123
2727.69391 20.353 0.109
2727.70461 20.620 0.121
2727.71529 20.354 0.105
2727.72599 20.283 0.092
2727.73671 20.235 0.093
2727.74796 20.371 0.098
2727.75867 20.420 0.100
2727.76932 20.536 0.115
2727.77994 20.426 0.104
2727.79065 20.433 0.102
2727.80137 20.598 0.117
2728.52626 20.648 0.242
2728.53743 20.026 0.160
2728.54812 20.262 0.166
2728.55884 20.001 0.136
2728.57003 20.437 0.166
2728.58071 20.537 0.190
2728.59137 20.765 0.241
2728.60300 20.272 0.157
2728.61362 20.488 0.164
2728.62433 20.648 0.191
2728.69644 20.338 0.113
2729.54512 20.954 0.367
2729.55944 20.041 0.161
2729.57134 20.034 0.145
2729.58280 20.230 0.164
2729.59414 20.328 0.170
2729.61667 20.497 0.176
2729.64880 21.315 0.359
2729.67442 20.966 0.194
2730.52598 20.580 0.187
2730.53726 20.433 0.153
2730.54846 20.272 0.131
2730.55967 20.620 0.171
2730.59414 20.589 0.145
2730.60487 20.313 0.104
2730.61560 20.611 0.137
2730.62630 20.425 0.108
2731.54514 20.551 0.167
2731.55587 20.229 0.120
2731.56662 20.587 0.159
2732.51915 20.883 0.343
2732.53055 20.277 0.188
2732.54205 20.150 0.180
2732.55342 20.727 0.277
2732.56498 20.563 0.280
2732.58777 20.329 0.170
2732.59901 20.307 0.173
2732.60982 20.363 0.178
2732.62184 20.176 0.133
2732.63259 20.456 0.153
2732.64370 20.179 0.135
2732.65873 20.706 0.169
2732.66940 20.579 0.150
2732.68079 20.587 0.165
2732.69191 20.302 0.119
2732.70264 20.397 0.128
2732.71336 20.562 0.149
2732.72410 20.394 0.122
2732.73538 20.230 0.100
2732.74611 20.448 0.122
2732.75684 20.172 0.094
2732.76757 20.336 0.110
2732.78239 20.407 0.136
2732.79312 20.359 0.123
2733.51771 20.772 0.249
2733.52876 20.891 0.272
2733.53949 20.481 0.168
2733.55058 20.035 0.122
2733.56128 20.092 0.097
2733.57244 20.400 0.151
2733.58322 20.176 0.101
2733.59482 20.261 0.103
2733.60588 20.389 0.117
2733.61733 20.165 0.097
2733.66698 21.247 0.229
2733.68900 20.626 0.141
2733.71093 20.389 0.100
2734.52137 20.573 0.244
2734.54808 20.436 0.214
2734.55880 20.723 0.250
2734.58391 20.311 0.157
2734.60589 20.292 0.121
2734.61659 20.209 0.108
2734.63854 20.430 0.127
2734.64927 20.952 0.193
2734.66070 20.731 0.149
2734.67143 21.018 0.190
2734.68216 20.625 0.137
2734.77968 20.581 0.114
2735.51894 20.647 0.179
2735.53010 20.861 0.221
2735.54145 20.485 0.159
2735.56394 20.205 0.108
2743.52039 21.213 0.376
2743.53115 20.260 0.139
2743.54186 20.588 0.182
2743.55259 20.079 0.110
2743.56332 20.321 0.136
2743.66923 20.781 0.173
2743.67996 20.754 0.172
2743.69069 20.687 0.161
2743.70143 20.190 0.098
2743.71215 20.356 0.116
2743.72289 20.476 0.129
2743.73484 20.399 0.111
2743.74554 20.315 0.103
2743.75631 20.263 0.107
2744.48500 20.690 0.291
2744.51682 20.569 0.229
2744.52692 20.506 0.233
2744.53705 20.398 0.186
2744.54715 20.653 0.222
2744.55728 20.637 0.237
2744.56737 20.372 0.179
2744.59803 20.490 0.173
2744.60809 20.214 0.115
2744.61817 20.458 0.140
2745.48157 20.134 0.251
2745.49599 20.439 0.266
2745.50674 20.658 0.284
2745.51747 20.598 0.322
2745.53897 20.859 0.459
2745.54968 20.461 0.238
2745.56557 20.596 0.319
2745.57635 20.479 0.216
2745.59784 20.523 0.207
2745.60860 20.364 0.156
2745.64602 20.355 0.181
2745.66744 20.499 0.184
2745.67819 20.734 0.212
2748.51879 20.086 0.196
2748.52954 20.494 0.290
2748.54025 20.280 0.202
2748.55097 20.784 0.346
2748.56169 20.310 0.226
2748.60471 20.411 0.210
2748.61544 20.801 0.304
2748.62617 20.569 0.236
2749.48225 20.844 0.316
2749.49301 21.077 0.312
2749.50381 20.616 0.187
2749.54723 20.771 0.166
2749.71768 20.599 0.162
2749.72841 20.457 0.135
2749.73915 20.275 0.119
2749.74985 20.233 0.107
2749.76056 20.205 0.121
2749.77130 20.233 0.122
2749.78661 20.227 0.136
2749.79733 20.321 0.168
2749.80800 20.238 0.144
2749.81571 20.350 0.168
2749.82641 20.508 0.216
2749.83715 20.939 0.356
2749.84792 20.416 0.200
2749.85863 20.222 0.200
2750.71735 20.553 0.144
2750.72807 20.290 0.129
2750.73878 20.397 0.122
2750.74952 20.322 0.124
2750.76024 20.304 0.108
2750.77099 20.173 0.093
2750.78239 20.485 0.138
2750.79306 20.061 0.101
2750.80378 20.510 0.151
2750.81449 20.283 0.131
2750.82618 20.775 0.220
2750.83688 20.302 0.159
2750.84761 21.121 0.285
2750.85835 20.848 0.262
2750.86910 20.279 0.170
2751.47771 20.640 0.278
2751.48844 20.839 0.277
2751.49922 20.310 0.156
2751.52069 20.674 0.181
2751.55336 20.835 0.184
2751.75216 20.167 0.125
2751.76767 20.231 0.123
2751.77845 20.453 0.186
2751.78921 20.156 0.158
2751.79994 20.178 0.132
2751.81069 20.282 0.152
2751.82139 20.447 0.185
2751.83689 20.680 0.301
2751.84766 20.674 0.293
2751.85842 20.783 0.301
2751.86915 20.470 0.245
2751.87989 21.050 0.449
2752.47430 20.160 0.190
2752.48509 20.533 0.266
2752.49582 20.473 0.201
2752.51732 21.067 0.361
2752.60590 20.419 0.133
2752.61662 20.564 0.156
2752.62736 20.265 0.145
2752.63806 20.204 0.118
2752.64881 20.706 0.246
2752.65954 20.615 0.227
2752.67477 20.788 0.247
2752.69097 20.585 0.244
2752.71493 20.531 0.228
2752.72554 20.519 0.200
2752.73944 20.393 0.141
2753.71024 20.754 0.158
2753.72034 20.585 0.145
2753.73045 20.587 0.171
2753.74052 20.419 0.124
2753.75064 20.403 0.123
2753.76072 20.169 0.120
2753.77124 20.384 0.153
2753.78675 20.281 0.140
2753.79734 20.319 0.145
2753.80799 20.275 0.147
2753.81857 20.236 0.142
2753.82922 20.659 0.234
2754.49191 20.453 0.231
2754.50268 20.736 0.234
2754.51344 21.319 0.395
2754.52420 20.788 0.214
2754.53497 20.492 0.155
2754.54568 20.448 0.156
2754.55674 20.670 0.176
2754.56747 20.312 0.120
2754.57819 20.488 0.140
2754.58893 20.277 0.108
2754.59966 20.213 0.099
2754.61467 20.141 0.087
2754.62531 20.368 0.102
2754.63605 20.455 0.117
2754.64681 20.525 0.126
2754.65758 20.203 0.095
2754.66834 20.732 0.151
2754.67906 20.604 0.141
2754.69112 20.712 0.165
2754.70188 21.122 0.275
2754.71262 20.952 0.222
2754.72333 20.476 0.133
2754.73408 20.376 0.129
2754.74480 20.299 0.129
2755.47698 20.568 0.286
2755.49390 20.276 0.174
2755.51058 20.321 0.182
2755.52130 20.308 0.143
2755.53203 20.910 0.257
2755.54273 20.421 0.156
2755.55343 20.405 0.156
2755.56418 20.436 0.125
2755.57555 20.042 0.094
2755.72282 20.706 0.135
2756.51944 23.506 3.387
2756.53423 21.515 0.507
2756.56833 20.567 0.202
2756.58304 20.467 0.194
2756.59775 20.133 0.142
2756.61242 20.394 0.132
2756.62714 20.785 0.186
2756.64184 20.603 0.134
2756.66940 20.590 0.148
2756.68411 21.456 0.347
2756.69878 20.979 0.199
2756.71350 20.977 0.266
2756.72817 20.277 0.117
2756.74295 20.386 0.113
2756.76005 20.372 0.137
2756.77478 20.564 0.148
2756.78958 20.386 0.134
2756.80435 20.620 0.210
2757.48246 20.588 0.229
2757.49877 20.766 0.215
2757.50947 20.823 0.208
2757.52018 20.428 0.152
2757.53088 21.077 0.238
2757.54161 20.565 0.188
2757.55236 20.939 0.227
2757.57601 20.468 0.139
2757.58679 20.579 0.141
2757.63853 20.307 0.099
2757.64926 20.426 0.109
2757.65998 20.224 0.085
2757.68158 20.341 0.103
2757.69230 20.656 0.131
2757.70300 20.711 0.143
2757.71371 20.950 0.186
2757.72840 20.290 0.119
2757.73901 20.591 0.157
2757.74979 20.361 0.132
2759.49362 22.016 0.885
2759.61984 20.456 0.164
2759.63058 20.394 0.151
2759.64132 20.089 0.108
2759.65207 20.572 0.148
2759.66286 20.411 0.136
2759.67360 20.562 0.152
2759.69566 21.147 0.267
2759.70640 20.853 0.250
2759.71712 20.839 0.235
2759.73177 20.419 0.175
2759.74251 20.460 0.165
2759.75323 20.711 0.211
2760.49288 20.486 0.199
2760.50364 20.840 0.252
2760.51440 20.751 0.197
2760.52512 21.214 0.359
2760.53580 20.924 0.213
2760.54713 20.530 0.178
2760.55784 20.736 0.220
2760.56852 20.408 0.118
2760.57925 20.455 0.117
2760.58999 20.248 0.105
2760.60073 20.073 0.090
2760.61628 20.395 0.116
2760.62702 20.415 0.112
2760.63776 20.242 0.097
2760.65687 20.373 0.123
2760.66743 20.339 0.136
2760.67820 20.386 0.133
2760.68896 21.109 0.229
2760.71536 21.675 0.386
2760.74645 20.217 0.117
2760.75721 20.218 0.130
2761.49997 21.179 0.330
2761.51070 20.568 0.166
2761.52146 20.458 0.136
2761.53221 20.653 0.180
2761.54292 20.886 0.207
2761.55365 20.869 0.181
2761.56541 20.643 0.140
2761.57614 20.330 0.109
2761.58688 20.189 0.094
2761.59760 20.374 0.107
2761.60831 20.399 0.133
2761.61902 20.437 0.124
2761.63008 20.200 0.103
2761.65158 20.478 0.130
2761.66262 20.542 0.123
2761.67325 21.272 0.259
2761.75503 20.462 0.129
2762.48854 20.503 0.177
2762.49930 20.322 0.132
2762.51001 20.616 0.186
2762.52077 20.781 0.217
2762.53150 20.803 0.257
2762.54272 21.290 0.349
2762.55348 20.337 0.130
2762.56419 20.849 0.229
2762.57493 19.938 0.094
2762.58569 20.326 0.137
2762.59730 19.797 0.074
2762.60802 19.995 0.094
2762.61871 20.641 0.175
2762.62941 20.590 0.225
2762.64013 19.997 0.100
2762.65086 20.132 0.115
2762.66239 20.420 0.128
2762.67309 20.108 0.166
2762.68385 20.576 0.162
2762.70329 20.585 0.213
2762.71406 20.815 0.230
2762.73234 20.953 0.250
2762.74307 19.830 0.100
2763.51647 20.674 0.213
2763.52715 20.599 0.190
2763.53787 21.070 0.295
2763.54865 20.186 0.142
2763.55942 20.535 0.163
2763.57014 20.189 0.115
2763.58771 20.284 0.133
2763.59849 20.273 0.154
2763.60925 20.381 0.129
2763.62045 20.299 0.116
2763.63118 20.289 0.108
2763.64188 20.274 0.109
2763.65263 20.023 0.133
2763.66334 20.393 0.141
2763.67405 20.373 0.118
2763.68571 20.788 0.248
2763.69646 20.966 0.198
2763.70719 20.760 0.156
2763.73231 20.568 0.136
2763.74305 20.215 0.108
2763.75381 20.355 0.132
2764.48660 20.358 0.187
2764.49736 20.540 0.174
2764.50811 20.234 0.123
2764.51888 20.380 0.137
2764.54036 20.845 0.194
2764.55210 20.732 0.192
2764.56473 20.760 0.220
2764.57546 20.176 0.122
2764.58620 20.632 0.168
2764.59695 20.310 0.115
2764.60766 20.434 0.156
2764.62277 20.445 0.138
2764.63338 20.365 0.108
2764.64411 20.436 0.107
2764.65483 20.343 0.108
2764.68189 20.756 0.173
2764.69249 20.413 0.157
2764.70322 21.394 0.366
2764.71393 20.554 0.171
2764.72465 20.426 0.134
2764.73628 20.668 0.166
2764.74702 20.330 0.138
2765.48723 20.329 0.172
2765.49795 20.270 0.163
2765.50867 20.427 0.185
2765.51944 20.520 0.197
2765.53018 20.833 0.232
2765.54088 20.599 0.167
2765.55214 20.460 0.125
2765.56288 20.690 0.152
2765.57360 20.715 0.146
2765.58430 20.350 0.107
2765.59508 20.238 0.097
2765.60581 20.486 0.114
2765.62110 20.320 0.097
2765.63184 20.213 0.092
2765.64258 20.222 0.098
2765.65334 20.444 0.126
2765.66473 20.820 0.193
2765.67545 20.511 0.147
2765.68618 20.482 0.143
2766.49510 20.208 0.131
2766.50584 20.342 0.138
2766.51663 20.676 0.185
2766.52733 20.704 0.181
2766.53810 20.637 0.156
2766.54885 20.625 0.143
2766.55997 20.456 0.119
2766.57071 20.531 0.127
2766.58146 20.500 0.114
2766.59218 20.485 0.106
2766.60620 20.387 0.097
2766.61686 20.245 0.085
2766.62759 20.133 0.079
2766.63833 20.168 0.094
2766.65361 20.461 0.114
2766.66423 20.448 0.116
2766.67496 20.540 0.147
2766.68570 20.173 0.103
2766.70094 20.381 0.105
2766.71158 21.031 0.194
2766.72234 20.495 0.120
2766.73309 20.692 0.145
2766.74383 20.501 0.118
2766.75464 20.407 0.120
2766.76538 20.522 0.139
2767.48611 20.162 0.154
2767.49686 20.262 0.181
2767.50762 21.129 0.415
2767.51837 20.607 0.230
2767.52907 20.725 0.251
2767.53982 20.446 0.153
2767.55127 20.675 0.193
2767.56198 20.842 0.225
2767.57273 20.805 0.210
2767.58350 20.447 0.163
2767.59427 20.520 0.161
2767.61137 20.366 0.142
2767.62208 20.301 0.128
2767.66651 20.379 0.117
2767.67713 20.460 0.151
2767.68785 20.828 0.232
2767.69859 20.518 0.188
2767.70930 20.541 0.176
2767.71999 21.221 0.401
2767.73071 20.494 0.199
2767.74191 20.409 0.182
2767.75263 20.832 0.280
2767.76332 20.557 0.207
2768.49244 19.946 0.171
2768.50319 20.274 0.169
2768.51395 20.269 0.147
2768.52469 20.753 0.256
2768.53545 20.455 0.172
2768.54619 20.610 0.178
2768.55782 21.346 0.403
2768.56856 20.514 0.150
2768.57930 20.504 0.175
2768.59005 20.373 0.127
2768.60074 20.387 0.118
2768.61152 20.278 0.117
2768.62256 20.236 0.119
2768.63325 20.246 0.118
2768.64396 20.243 0.102
2768.65570 20.518 0.114
2768.66645 20.692 0.150
2768.67718 20.503 0.118
2768.68791 20.430 0.118
2768.69862 20.431 0.124
2768.70936 20.543 0.163
2768.72434 21.150 0.292
2768.73508 21.225 0.296
2768.74585 21.007 0.265
2768.75659 20.162 0.151
2775.47725 20.256 0.237
2775.48802 20.701 0.368
2775.49873 20.099 0.230
2775.50948 20.009 0.201
2775.52018 20.314 0.218
2775.53522 20.702 0.324
2775.54599 20.481 0.219
2776.78344 20.106 0.193
2776.79417 20.801 0.368
2776.80495 20.059 0.172
2776.81568 20.074 0.187
2776.82642 20.253 0.237
2777.47988 20.482 0.228
2777.49066 20.469 0.195
2777.50137 20.215 0.140
2777.51210 20.154 0.130
2777.52870 20.454 0.153
2777.53936 20.221 0.163
2777.55012 21.119 0.376
2777.56086 20.892 0.302
2777.57160 20.621 0.226
2777.58715 20.673 0.223
2777.59779 20.164 0.132
2777.60851 20.165 0.131
2777.61927 20.370 0.140
2777.62997 20.188 0.123
2777.64067 20.377 0.138
2777.65140 20.440 0.166
2777.66826 20.493 0.181
2777.68395 20.270 0.144
2777.69471 20.285 0.139
2777.70547 20.471 0.160
2777.71619 20.321 0.134
2777.72690 20.571 0.160
2777.73761 20.854 0.207
2777.75018 20.636 0.200
2777.76089 20.343 0.162
2777.77162 20.230 0.163
2777.78234 20.678 0.251
2777.79313 20.365 0.185
2777.80385 20.800 0.320
2777.81564 20.622 0.261
2777.82635 20.605 0.256
2783.55613 20.270 0.108
2784.51233 20.239 0.116
2785.49909 20.356 0.146
2785.51421 20.175 0.127
2785.52482 20.401 0.162
2785.53557 20.273 0.136
2785.54633 20.514 0.172
2785.55709 20.180 0.125
2785.56780 20.452 0.137
2786.48492 20.360 0.257
2786.50635 20.350 0.247
2786.51893 20.323 0.189
2787.57787 20.501 0.131
2793.47463 20.451 0.200
2793.48469 20.798 0.265
2793.49481 20.720 0.292
2793.50648 20.458 0.220
2793.51654 20.378 0.204
2793.53048 20.538 0.214
2794.48480 19.761 0.121
2794.49488 20.166 0.161
2794.50495 20.510 0.269
2795.52299 20.488 0.132
2795.54073 20.261 0.105
2796.48162 20.420 0.114
2796.49661 20.304 0.097
2796.50722 20.256 0.088
2796.51799 20.367 0.090
2796.52874 20.349 0.092
2796.53948 20.363 0.087
2797.49959 20.341 0.092
2797.51032 20.248 0.083
2797.52106 20.283 0.087
2797.53183 20.322 0.100
2803.51018 20.376 0.283
2804.46849 21.350 0.663
2804.47921 20.193 0.223
2804.48995 20.441 0.352
2804.50071 19.996 0.188
2804.51349 21.066 0.625
2804.52421 20.437 0.258
2804.53973 20.559 0.277
2804.55053 19.948 0.154
2804.56122 20.552 0.230
2804.57201 20.313 0.177
2804.58275 20.517 0.231
2804.59345 20.706 0.281
2804.60756 20.237 0.209
2804.61831 20.253 0.262
2804.62901 20.719 0.304
2804.63976 20.613 0.264
2804.65366 20.559 0.269
2804.66440 20.774 0.354
2804.67515 20.202 0.213
2804.68593 19.959 0.187
2804.69667 20.753 0.326
2804.71178 20.242 0.210
2804.72249 19.912 0.147
2804.73322 20.250 0.197
2804.74394 20.300 0.244
2804.75468 21.135 0.644
2804.76546 20.559 0.300
2809.49556 20.135 0.107
2809.50631 20.138 0.096
2809.51704 20.135 0.102
2809.53852 20.437 0.149
2810.47586 20.634 0.173
2810.48661 20.270 0.122
2810.49735 20.554 0.131
2810.50809 20.407 0.110
2810.51880 20.398 0.123
2810.52950 20.494 0.145
2811.48437 20.498 0.174
2811.49510 20.502 0.177
2811.50582 20.342 0.129
2811.51655 20.264 0.131
2811.52730 20.392 0.131
2812.48410 20.727 0.160
2812.49486 20.728 0.152
2812.50561 20.484 0.118
2812.51635 20.260 0.111
2813.47880 20.859 0.286
2813.48954 20.494 0.164
2813.50027 20.220 0.167
2813.51101 20.237 0.137
2813.52176 20.690 0.196
2814.46797 20.692 0.181
2814.48729 20.535 0.190
2814.49801 20.666 0.183
2814.50877 20.110 0.122
2814.51950 20.050 0.107
2815.46140 20.789 0.245
2815.47214 20.522 0.168
2815.48287 20.716 0.210
2815.49359 20.745 0.242
2815.50431 20.385 0.154
2815.51943 20.037 0.110
2816.47449 20.604 0.169
2816.48723 20.568 0.125
2816.49781 20.604 0.132
2816.50856 20.420 0.111
2816.51931 20.136 0.115
2817.47495 20.722 0.242
2817.48569 20.637 0.216
2817.49647 20.496 0.187
2817.50717 20.265 0.149
2817.51790 20.563 0.173
2818.46433 20.909 0.253
2818.47507 21.153 0.278
2818.48586 20.539 0.157
2818.49658 20.321 0.131
2818.50732 20.547 0.149
2819.47429 20.609 0.204
2820.47259 21.131 0.274
2820.48331 20.922 0.244
2820.49402 20.801 0.206
2821.46709 20.687 0.173
2821.47781 20.752 0.195
2821.48852 20.460 0.148
2830.47407 21.535 0.586
2830.52783 20.846 0.313
2831.47321 20.592 0.211
2831.49253 20.744 0.205
2831.50373 20.664 0.177
2831.52225 20.482 0.169
2831.53340 20.365 0.166
2831.54613 20.280 0.170
2831.55810 20.241 0.167
2831.56882 20.300 0.151
2831.58756 19.993 0.136
2831.59875 20.231 0.168
2831.60947 20.383 0.188
2831.62020 20.235 0.162
2831.63096 20.407 0.199
2831.64171 20.665 0.249
2831.65247 20.627 0.231
2831.66502 20.623 0.242
2831.67574 20.613 0.206
2831.68695 20.273 0.163
2831.69768 20.269 0.210
2831.70843 20.182 0.220
2832.47565 20.773 0.195
2832.48639 20.931 0.225
2832.49715 20.850 0.216
2832.50788 21.194 0.295
2832.51862 20.900 0.246
2832.52930 20.368 0.169
2832.54565 20.182 0.150
2832.55640 20.726 0.249
2832.57958 20.284 0.147
2832.59032 20.164 0.129
2832.60167 20.262 0.155
2832.61286 20.400 0.184
2832.62765 20.449 0.216
2832.63843 21.071 0.354
2832.65985 21.241 0.449
2832.67058 20.714 0.303
2832.69314 20.270 0.176
2832.70389 20.407 0.181
2832.71459 20.458 0.195
2833.68852 20.232 0.159
2833.69928 20.374 0.198
2833.70998 20.609 0.258
2845.47397 20.357 0.198
2845.48467 20.292 0.225
2845.49540 20.905 0.324
2845.50614 20.513 0.226
2845.51687 20.515 0.199
2845.52759 20.434 0.190
3078.70880 20.482 0.133
3078.71955 20.580 0.126
3078.73025 20.710 0.129
3078.74096 20.968 0.159
3078.75166 20.537 0.106
3078.76650 20.519 0.119
3078.77716 20.230 0.084
3078.78783 20.601 0.124
3078.79853 20.354 0.086
3078.80928 20.224 0.083
3078.81995 20.310 0.093
3079.73069 20.684 0.108
3079.74139 20.941 0.130
3079.75214 20.745 0.107
3079.76284 20.612 0.096
3079.77359 20.456 0.089
3080.72508 20.680 0.142
3080.73579 21.046 0.199
3080.74654 20.681 0.138
3080.75727 20.799 0.172
3081.69548 20.145 0.077
3081.70677 20.379 0.092
3081.71750 20.444 0.105
3081.72880 20.714 0.138
3081.74148 20.576 0.123
3082.72296 20.487 0.088
3082.73400 20.716 0.102
3082.74471 20.745 0.106
3082.75544 20.357 0.075
3083.70966 20.579 0.101
3083.72037 20.535 0.096
3083.73106 20.705 0.111
3084.70123 20.493 0.106
3084.71193 20.354 0.095
3084.72267 20.580 0.107
3084.73334 20.772 0.116
3085.69538 20.462 0.121
3085.70610 20.422 0.110
3085.71677 20.221 0.083
3086.67512 20.417 0.114
3086.68616 20.013 0.076
3086.69683 20.087 0.073
3086.70756 20.476 0.099
3086.71829 20.551 0.104
3087.69188 20.298 0.108
3087.70258 20.268 0.090
3087.71327 20.490 0.123
3088.68854 20.202 0.091
3088.69924 20.184 0.082
3088.71047 20.581 0.120
3088.72115 20.421 0.097
3089.67858 20.297 0.089
3089.68931 20.199 0.076
3089.69999 20.374 0.102
3089.71116 20.616 0.115
3090.68532 20.091 0.074
3090.69606 20.477 0.107
3090.71749 20.409 0.098
3091.68596 20.214 0.085
3091.69664 20.085 0.075
3091.70730 20.272 0.090
3091.72241 20.447 0.101
3092.65415 20.205 0.132
3092.66487 20.112 0.108
3092.67556 20.255 0.107
3092.68632 20.138 0.104
3092.69703 20.145 0.082
3092.71279 20.249 0.098
3092.72479 20.361 0.105
3096.63754 20.352 0.170
3096.64828 20.782 0.230
3096.65898 20.626 0.205
3096.66974 20.223 0.135
3096.68041 20.327 0.162
3096.69112 20.239 0.146
3096.70297 20.398 0.142
3096.71364 20.264 0.113
3096.72436 20.410 0.123
3096.73509 20.451 0.120
3097.65330 20.070 0.086
3097.66889 20.247 0.102
3097.68020 20.152 0.085
3097.69094 20.407 0.130
3097.70162 20.314 0.109
3098.66089 20.521 0.122
3098.67158 20.437 0.106
3098.68228 20.216 0.082
3098.69297 20.221 0.084
3099.65189 20.579 0.249
3099.66256 20.726 0.216
3100.67403 20.400 0.126
3100.68475 20.412 0.157
3100.69546 20.144 0.115
3101.61553 21.096 0.332
3101.62621 20.278 0.172
3101.63695 20.241 0.156
3101.64767 20.251 0.165
3101.66291 20.752 0.361
3101.67359 20.679 0.242
3101.68430 20.062 0.115
3101.69503 20.520 0.196
3102.66276 20.465 0.157
3102.67350 20.345 0.130
3102.68541 20.743 0.176
3103.65266 20.065 0.133
3103.66333 20.435 0.180
3103.67403 20.192 0.125
3103.68892 20.422 0.152
3104.64828 20.691 0.153
3104.65903 20.361 0.113
3104.66972 20.553 0.128
3104.68044 20.229 0.094
3104.69111 20.327 0.092
3105.63917 20.483 0.113
3105.64988 20.429 0.107
3105.66060 20.675 0.132
3105.67128 20.254 0.087
3105.68201 20.128 0.083
3105.69266 20.352 0.118
3105.70890 20.442 0.124
3105.71959 20.171 0.096
3106.64241 20.935 0.160
3106.65498 20.278 0.091
3106.66569 20.466 0.096
3106.67795 20.362 0.087
3106.68867 20.222 0.080
3107.65446 20.306 0.106
3107.66556 20.579 0.143
3107.67668 20.320 0.104
3107.68740 20.164 0.086
3108.64639 20.470 0.087
3108.65712 20.572 0.112
3108.66781 20.416 0.102
3109.62663 20.936 0.158
3109.63739 20.455 0.113
3109.64926 20.413 0.103
3109.65999 20.290 0.098
3109.67069 20.487 0.098
3110.63901 20.393 0.160
3110.64973 20.485 0.150
3111.61784 20.600 0.208
3111.62860 20.470 0.148
3111.64996 20.843 0.280
3112.62395 20.833 0.159
3112.63466 20.888 0.172
3112.64950 20.977 0.170
3112.66020 20.772 0.138
3113.60350 20.589 0.168
3113.61423 20.725 0.186
3113.62492 20.517 0.161
3113.63561 20.963 0.223
3113.64627 20.747 0.173
3113.65701 20.246 0.108
3114.62749 20.703 0.120
3114.63818 20.962 0.149
3114.64885 20.491 0.100
3115.64044 20.468 0.152
3116.61010 20.529 0.153
3118.66785 20.663 0.195
3118.68952 20.428 0.167
3122.53242 19.903 0.139
3122.56158 19.934 0.119
3122.57271 20.161 0.156
3122.58977 20.040 0.131
3122.60082 20.451 0.164
3122.61645 20.706 0.201
3122.62800 20.594 0.188
3124.58776 20.385 0.174
3124.60312 20.734 0.238
3124.61427 20.293 0.166
3124.62498 20.219 0.134
3124.63566 20.908 0.276
3125.57099 20.308 0.170
3125.58193 20.155 0.146
3125.59298 20.610 0.223
3125.60410 20.621 0.205
3128.56463 20.423 0.121
3128.57536 20.629 0.137
3128.58608 20.215 0.095
3128.59675 20.358 0.110
3130.54443 20.428 0.196
3130.55563 20.384 0.202
3130.56635 20.150 0.149
3130.57743 20.787 0.226
3130.58872 20.157 0.136
3130.59988 20.356 0.152
3131.55967 20.426 0.232
3131.57083 20.431 0.214
3131.58190 19.682 0.127
3131.59304 20.155 0.143
3132.57058 20.378 0.129
3132.58131 20.345 0.118
3132.59233 20.220 0.101
3132.60305 20.839 0.175
3132.61374 20.654 0.161
3132.62443 20.305 0.138
3132.63514 20.529 0.165
3132.64584 21.015 0.234
3132.66168 20.851 0.182
3132.70691 20.282 0.115
3132.71759 20.549 0.154
3132.72829 20.335 0.133
3132.73903 20.128 0.135
3132.76177 20.303 0.175
3132.77250 20.438 0.159
3132.78316 21.117 0.397
3132.79395 20.695 0.214
3132.80465 20.583 0.176
3132.82032 20.380 0.164
3132.83104 20.848 0.255
3132.84174 20.523 0.234
3132.85245 20.448 0.183
3132.86377 20.584 0.248
3132.87903 20.537 0.272
3132.88972 20.810 0.301
3133.57913 20.240 0.089
3133.59014 20.424 0.098
3133.60082 20.536 0.112
3133.61152 20.409 0.096
3133.62220 20.261 0.089
3133.63285 20.499 0.104
3133.64358 20.461 0.108
3133.66180 20.995 0.185
3133.67321 20.941 0.178
3133.68389 20.321 0.100
3133.69458 20.596 0.143
3133.70532 20.634 0.139
3133.73529 20.205 0.107
3133.74598 20.087 0.096
3133.75670 20.399 0.140
3133.76740 20.445 0.158
3133.77811 20.319 0.132
3133.78884 20.426 0.145
3133.80002 20.333 0.134
3133.81072 21.003 0.267
3133.82145 20.956 0.294
3133.83217 21.148 0.422
3133.84349 20.781 0.261
3133.85423 20.357 0.192
3133.86523 20.417 0.219
3133.87624 20.163 0.152
3135.51624 20.422 0.216
3135.52698 20.190 0.156
3135.53770 20.920 0.287
3135.54843 20.316 0.177
3135.57462 20.046 0.117
3135.58533 20.200 0.118
3135.59604 20.625 0.181
3135.60674 20.027 0.107
3135.61746 20.670 0.164
3137.47583 19.956 0.128
3137.48654 20.568 0.206
3137.49725 21.271 0.403
3137.51323 21.511 0.494
3137.52389 20.748 0.260
3137.53461 20.883 0.247
3137.55075 20.285 0.119
3137.56146 20.618 0.235
3137.57217 20.172 0.162
3137.59290 20.463 0.186
3137.61134 20.730 0.249
3138.50972 20.502 0.148
3138.52043 20.917 0.201
3138.53115 20.366 0.122
3138.54424 20.782 0.177
3138.55495 20.307 0.109
3138.56569 20.543 0.114
3138.57636 20.143 0.079
3139.49803 20.940 0.247
3139.50878 20.386 0.142
3139.51951 20.993 0.239
3139.53020 21.887 0.702
3139.54094 20.438 0.193
3139.56314 20.272 0.111
3139.57781 20.217 0.101
3139.58850 20.232 0.097
3139.61828 20.903 0.219
3139.62895 20.527 0.154
3140.55388 20.123 0.124
3140.56496 20.510 0.157
3140.57566 20.480 0.137
3141.56704 20.356 0.133
3141.57772 20.033 0.094
3141.58847 20.238 0.114
3142.48156 20.237 0.124
3142.49227 20.477 0.129
3142.50300 20.693 0.160
3142.51370 20.948 0.183
3142.53717 20.281 0.113
3142.54830 20.288 0.109
3142.55901 20.701 0.170
3142.56978 20.273 0.093
3144.54035 20.468 0.104
3144.56178 20.538 0.128
3144.57247 20.616 0.178
3144.58322 20.502 0.141
3145.54468 21.129 0.369
3145.55538 20.047 0.119
3145.56607 20.879 0.280
3145.57678 20.601 0.225
3145.58960 20.064 0.139
3145.60027 20.122 0.131
3145.61097 20.271 0.165
3145.62228 20.345 0.145
3145.63302 20.788 0.193
3145.64369 20.539 0.136
3145.65443 21.004 0.193
3146.54592 20.569 0.152
3146.55658 20.500 0.133
3146.56729 20.820 0.197
3146.59813 20.034 0.086
3146.60884 20.428 0.128
3147.51271 20.275 0.149
3147.52392 20.580 0.169
3147.54674 20.241 0.139
3147.55746 20.358 0.163
3147.57893 20.521 0.156
3147.58961 20.446 0.149
3147.60085 20.113 0.132
3147.61156 20.175 0.125
3151.48573 20.256 0.113
3151.49672 20.537 0.148
3151.50740 20.558 0.143
3151.51814 21.264 0.263
3151.52884 21.218 0.240
3151.53955 20.460 0.120
3151.55093 20.462 0.126
3152.53264 20.567 0.154
3152.55060 20.375 0.134
3152.56131 20.663 0.154
3153.49716 19.937 0.125
3153.51666 20.218 0.125
3153.52734 20.533 0.156
3153.53807 23.117 2.186
3153.54879 20.282 0.124
3153.55947 20.464 0.163
3154.51870 20.050 0.155
3154.52941 20.889 0.290
3154.54010 20.391 0.178
3154.55677 20.566 0.230
3154.56750 20.448 0.205
3154.57820 20.212 0.162
3154.58894 20.543 0.208
3154.59969 20.054 0.126
3156.48375 20.351 0.169
3156.49503 20.519 0.183
3156.50576 21.520 0.488
3156.51704 20.545 0.193
3156.52774 20.679 0.190
3156.53848 20.380 0.142
3158.47293 20.392 0.240
3158.48470 20.241 0.167
3158.49566 20.476 0.298
3158.50637 20.749 0.294
3158.51711 20.350 0.255
3158.52778 20.056 0.223
3159.45657 20.966 0.382
3159.46784 20.357 0.180
3159.48063 19.880 0.114
3159.49173 20.213 0.158
3159.50873 20.285 0.163
3159.63060 20.067 0.156
3159.64191 20.702 0.260
3159.65262 20.086 0.151
3159.66388 20.913 0.326
3159.67460 20.178 0.183
3160.50532 20.549 0.170
3160.51644 20.144 0.114
3160.52713 20.992 0.250
3160.53812 21.257 0.327
3160.54884 20.831 0.229
3160.55956 20.520 0.167
3160.60885 19.897 0.097
3160.61955 20.098 0.117
3160.63629 20.536 0.187
3160.69327 20.901 0.233
3160.70419 21.404 0.391
3160.71541 20.303 0.137
3162.46166 20.178 0.127
3162.47291 20.463 0.145
3162.48468 20.438 0.134
3162.49598 20.831 0.182
3162.50671 20.542 0.141
3162.51742 20.632 0.152
3162.52841 20.851 0.217
3163.46366 20.270 0.113
3163.47558 20.260 0.102
3163.48697 20.404 0.110
3163.49810 20.383 0.107
3163.50880 20.382 0.110
3163.51950 20.266 0.099
3164.45696 20.217 0.118
3164.46792 20.384 0.104
3164.48686 20.422 0.114
3165.45244 19.851 0.135
3165.46485 20.296 0.125
3165.47607 20.526 0.136
3165.48711 20.153 0.092
3165.49822 20.154 0.100
3165.50894 20.214 0.095
3167.47948 20.010 0.137
3167.49056 20.285 0.169
3167.50156 20.024 0.114
3167.51376 20.670 0.219
3168.45754 20.068 0.090
3168.46822 20.274 0.100
3168.47891 20.313 0.104
3168.48965 20.217 0.101
3168.50038 20.522 0.131
3168.51110 20.387 0.115
3169.46299 20.068 0.106
3169.47374 19.813 0.091
3169.49649 20.263 0.111
3169.50745 20.743 0.169
3171.46381 20.226 0.093
3171.47449 20.296 0.088
3171.49585 20.422 0.105
3171.50654 20.401 0.097
3174.45632 20.139 0.105
3174.46699 20.158 0.091
3174.47773 20.445 0.113
3174.48841 20.448 0.133
3175.46089 19.981 0.088
3175.47162 20.365 0.114
3175.48231 20.194 0.090
3175.49304 20.326 0.098
3176.46351 20.148 0.157
3176.48336 20.093 0.135
3178.45625 20.720 0.222
3178.46696 19.995 0.115
3178.47907 20.655 0.190
3178.48980 19.954 0.108
3179.46259 20.526 0.148
3179.47900 20.076 0.083
3179.48967 20.418 0.110
3180.46048 20.309 0.133
3180.47116 20.330 0.108
3183.46169 20.379 0.140
3184.45953 20.564 0.182
3185.45788 20.300 0.147
3215.48609 20.407 0.225
3215.49678 19.876 0.138
3215.52336 20.561 0.276
3216.47202 20.989 0.353
3216.48268 20.964 0.356
3216.49334 20.836 0.302
3216.50402 20.386 0.199
3216.51474 20.137 0.181
3216.52546 20.299 0.184
3216.53877 20.482 0.235
3216.54949 20.210 0.170
3216.56020 19.960 0.137
3216.57087 20.211 0.181
3216.58159 20.589 0.250
3216.59235 20.134 0.182
3216.60806 20.386 0.213
3216.61926 20.886 0.321
3216.63067 21.037 0.464
3515.68353 20.178 0.153
3515.69427 20.271 0.171
3515.70501 20.438 0.186
3516.63062 21.075 0.263
3516.64133 20.581 0.137
3516.65204 20.500 0.118
3516.66276 20.495 0.139
3516.67346 20.408 0.167
3516.68421 20.162 0.120
3516.71068 21.013 0.353
3516.72142 20.401 0.165
3516.73214 20.845 0.257
3516.74289 19.993 0.122
3516.75362 19.961 0.142
3516.76521 20.407 0.152
3516.77595 20.917 0.294
3516.78672 23.798 5.373
3516.79744 20.459 0.237
3543.63650 20.395 0.182
3543.64726 21.244 0.429
3543.65798 21.004 0.475
3543.66873 19.739 0.175
3543.69021 20.228 0.263
3543.70129 20.111 0.207
3570.47016 20.780 0.208
3570.48118 20.200 0.117
3570.51337 20.709 0.213
3570.52667 20.431 0.192
3570.54939 19.892 0.120
3570.62259 20.743 0.219
3570.63359 19.947 0.124
3570.64480 20.880 0.302
3570.65591 20.108 0.171
3571.50616 20.171 0.125
3571.51825 20.465 0.170
3571.52931 20.763 0.263
3571.54004 21.492 0.411
3571.55247 20.119 0.180
3571.56320 20.921 0.373
3571.57394 20.337 0.236
3571.58469 19.549 0.096
3571.60004 21.297 0.492
3571.61119 20.338 0.193
3571.62339 20.422 0.212
3571.63450 20.169 0.195
3870.71877 20.699 0.233
3870.72952 20.207 0.154
3870.74027 20.805 0.263
3870.79438 20.478 0.231
3870.80513 20.423 0.229
4835.85738 20.907 0.175
4837.86185 20.647 0.178
4838.85802 20.680 0.125
4838.86883 20.776 0.197
4839.86282 21.141 0.212
4840.86278 20.664 0.129
4841.86478 21.047 0.204
4843.86565 20.627 0.172
4844.86895 21.190 0.253
4846.86749 20.556 0.115
4848.85858 20.547 0.145
4848.86978 20.878 0.196
4850.87460 20.998 0.241
4851.87429 20.741 0.167
4852.86664 20.960 0.170
4852.87889 20.711 0.218
4853.86410 20.375 0.100
4853.87487 21.192 0.222
4854.86491 20.796 0.147
4854.87577 20.687 0.151
4855.85846 20.601 0.135
4855.86918 20.840 0.166
4855.88000 20.646 0.185
4856.85847 20.318 0.090
4856.86927 20.638 0.109
4856.88011 20.778 0.135
4857.84470 20.306 0.095
4857.85548 20.537 0.104
4857.86442 20.672 0.121
4857.87527 20.400 0.105
4858.84664 20.676 0.132
4858.85734 20.468 0.103
4858.86814 20.465 0.115
4858.87886 20.704 0.140
4858.88971 21.584 0.667
4861.82019 20.449 0.110
4861.83076 20.457 0.114
4861.84139 20.213 0.108
4861.85198 20.383 0.110
4861.85967 20.500 0.114
4861.87037 20.593 0.126
4861.88092 20.747 0.155
4863.80873 20.303 0.090
4863.81933 20.512 0.114
4863.82994 20.203 0.086
4863.84052 20.157 0.081
4863.85109 20.548 0.117
4863.86191 20.629 0.123
4863.87248 20.598 0.124
4863.88307 20.997 0.205
4863.89367 20.453 0.225
4865.82024 20.551 0.132
4865.83083 20.460 0.127
4865.84149 20.166 0.094
4865.85213 20.531 0.129
4866.81821 20.163 0.109
4866.82879 20.322 0.120
4866.83939 20.382 0.121
4867.80782 20.309 0.109
4867.81842 20.296 0.104
4867.82899 20.271 0.100
4868.83136 20.398 0.089
4868.84194 20.309 0.078
4868.85380 20.302 0.082
4869.80872 20.373 0.112
4869.81928 20.308 0.105
4869.82988 20.162 0.093
4870.80549 20.291 0.119
4870.81609 20.680 0.178
4870.82664 20.380 0.115
4870.83722 20.469 0.137
4871.81008 20.946 0.314
4871.82256 20.596 0.216
4871.84005 20.099 0.149
4871.85118 20.214 0.151
4871.86313 20.894 0.267
4871.87636 20.599 0.191
4871.88772 20.711 0.204
4872.79980 20.089 0.143
4872.81038 20.201 0.136
4872.82097 20.131 0.128
4873.79881 20.498 0.131
4873.80940 20.063 0.091
4873.81995 20.369 0.116
4873.83056 20.442 0.120
4873.84114 20.758 0.157
4874.79270 20.360 0.156
4874.80325 20.164 0.104
4874.81378 20.330 0.121
4874.82438 20.555 0.152
4875.79642 20.273 0.103
4875.80703 20.261 0.098
4875.81756 20.261 0.104
4875.82816 20.608 0.139
4876.79329 20.443 0.124
4876.80387 20.182 0.085
4876.81445 20.285 0.105
4876.82505 20.206 0.102
4876.83564 20.691 0.145
4877.77866 20.587 0.144
4877.78926 20.080 0.087
4878.77673 20.830 0.208
4878.78771 20.515 0.135
4878.79831 20.555 0.157
4879.76517 20.818 0.183
4879.77831 20.932 0.244
4879.78891 20.515 0.142
4879.79949 20.369 0.113
4879.81007 20.473 0.156
4879.82115 20.130 0.107
4879.84048 20.279 0.135
4879.85110 20.060 0.114
4879.86036 20.087 0.115
4880.80144 20.600 0.137
4880.81233 20.101 0.088
4880.82292 20.256 0.120
4880.83891 20.361 0.130
4880.84948 20.333 0.107
4880.86008 20.306 0.116
4880.87068 20.408 0.121
4880.88150 20.682 0.141
4880.89208 20.374 0.116
4880.90265 21.154 0.415
4881.78211 20.604 0.128
4881.79273 20.379 0.099
4881.80331 20.492 0.127
4882.77315 21.083 0.172
4882.78373 20.437 0.101
4882.79432 20.451 0.110
4882.80487 20.646 0.109
4883.70230 20.192 0.102
4884.70808 20.413 0.097
4885.73205 20.267 0.086
4885.74263 20.216 0.095
4885.75321 20.499 0.109
4886.71966 20.240 0.087
4886.73020 20.449 0.103
4887.75821 20.559 0.108
4887.77012 20.941 0.146
4887.78086 20.795 0.113
4888.68215 20.180 0.088
4889.67581 20.159 0.100
4890.68829 20.397 0.115
4891.67592 20.331 0.144
4892.68660 20.252 0.106
4894.67340 20.227 0.148
4894.69457 20.164 0.136
4895.69051 20.237 0.092
4895.70108 20.216 0.085
4895.71168 20.253 0.087
4895.72222 20.569 0.123
4895.73284 20.651 0.130
4895.74452 20.746 0.153
4896.69443 20.258 0.139
4896.70506 20.103 0.096
4896.71564 20.389 0.134
4896.72632 20.438 0.153
4896.73689 20.248 0.118
4896.74798 20.563 0.126
4897.66830 20.284 0.157
4897.70012 20.326 0.170
4897.72919 20.246 0.102
4897.73977 20.380 0.113
4898.69302 20.745 0.195
4898.70361 20.634 0.217
4898.71419 20.552 0.166
4899.67530 20.366 0.125
4899.68592 20.427 0.122
4899.69651 20.247 0.113
4900.71750 20.293 0.116
4900.72812 20.428 0.134
4900.73870 20.430 0.135
4900.74927 19.984 0.092
4900.75988 20.602 0.151
4900.77076 20.689 0.183
4900.78136 20.706 0.169
4900.79196 21.173 0.260
4901.69602 20.644 0.192
4901.70663 20.942 0.231
4901.71720 20.181 0.117
4901.72777 20.645 0.180
4901.73837 20.455 0.159
4901.74932 20.295 0.125
4901.75992 20.111 0.112
4901.77054 20.327 0.131
4901.78112 20.793 0.206
4902.70538 20.317 0.125
4902.71596 20.176 0.112
4902.72653 20.298 0.125
4902.73712 20.156 0.105
4902.74771 20.640 0.166
4902.75850 20.544 0.147
4902.76908 20.159 0.093
4902.77964 21.173 0.241
4903.69071 20.391 0.173
4903.70129 20.622 0.186
4903.71191 20.347 0.138
4903.72251 20.923 0.231
4903.73306 20.833 0.197
4903.74394 20.333 0.135
4903.75451 20.520 0.144
4903.76510 20.283 0.101
4903.77568 20.276 0.106
4904.67408 20.170 0.168
4904.68468 20.543 0.202
4904.69528 20.285 0.130
4904.70584 20.450 0.148
4904.71646 20.061 0.119
4904.72737 20.039 0.130
4904.73795 20.718 0.223
4904.74855 21.310 0.321
4904.75908 20.354 0.148
4904.76971 20.283 0.103
4905.68198 20.051 0.121
4905.78002 20.450 0.178
4905.80123 21.067 0.258
4905.81184 20.988 0.265
4907.66208 20.699 0.197
4907.67264 20.644 0.156
4907.68322 20.408 0.128
4907.69382 20.347 0.109
4907.70440 20.230 0.089
4907.71532 20.381 0.108
4907.72592 20.352 0.117
4907.73650 20.243 0.102
4907.74711 20.342 0.147
4907.81102 21.383 0.301
4907.82158 20.553 0.153
4907.83221 20.144 0.169
4907.84287 20.104 0.131
4907.85344 21.239 0.350
4907.86454 20.409 0.161
4907.87511 20.130 0.113
4907.88568 20.347 0.149
4907.89628 19.723 0.097
4907.90684 20.681 0.215
4908.69475 20.425 0.126
4908.70535 20.593 0.141
4908.71592 20.294 0.104
4908.72652 20.428 0.104
4908.73713 20.706 0.169
4908.74802 20.433 0.113
4908.75859 20.285 0.109
4908.76921 20.533 0.117
4908.77982 20.593 0.118
4908.79043 20.732 0.138
4908.80130 21.058 0.196
4908.81182 20.719 0.159
4908.82243 20.898 0.189
4908.83316 20.634 0.133
4908.84379 20.801 0.164
4909.66543 21.001 0.234
4909.67601 21.226 0.295
4909.68660 20.389 0.158
4909.69720 20.365 0.123
4909.70779 20.145 0.093
4909.71856 20.047 0.080
4909.72911 20.176 0.087
4909.73967 20.271 0.111
4909.75027 20.192 0.106
4910.62179 20.402 0.161
4910.63232 20.656 0.177
4910.64290 20.562 0.146
4910.65533 20.647 0.155
4910.66593 20.539 0.114
4910.67656 20.658 0.146
4910.68711 20.749 0.143
4910.69770 20.684 0.157
4910.73456 20.220 0.073
4911.69750 20.396 0.096
4912.59672 20.176 0.129
4912.60736 20.380 0.122
4912.61796 20.209 0.098
4912.62853 20.199 0.085
4912.63917 20.791 0.136
4912.65009 20.908 0.143
4912.66067 20.956 0.147
4912.67124 20.532 0.093
4912.68183 20.479 0.090
4912.69238 20.229 0.068
4912.70333 20.461 0.089
4913.60341 20.038 0.089
4913.61401 20.184 0.094
4913.62460 20.621 0.138
4913.63517 20.617 0.136
4913.64573 20.926 0.164
4913.65654 21.007 0.193
4913.66709 21.030 0.169
4913.67767 20.764 0.142
4913.68827 20.395 0.109
4914.66890 20.526 0.112
4914.67948 20.365 0.090
4914.69007 20.747 0.110
4914.70066 20.329 0.080
4915.68139 20.420 0.102
4915.69199 20.430 0.104
4915.70257 20.500 0.115
4915.71677 20.402 0.110
4915.72734 20.419 0.112
4916.61920 20.229 0.112
4916.63281 20.359 0.107
4916.64337 20.604 0.130
4916.65398 20.588 0.117
4916.66457 20.714 0.129
4916.67531 20.711 0.126
4916.68587 20.445 0.100
4916.69647 20.593 0.103
4917.63327 20.678 0.141
4917.64806 20.969 0.150
4917.65865 20.885 0.143
4917.66920 20.828 0.121
4917.67984 20.465 0.093
4917.71795 20.195 0.077
4918.61347 20.517 0.127
4918.62408 20.835 0.158
4918.63468 20.360 0.102
4918.64527 20.618 0.114
4918.65588 20.566 0.112
4918.66643 20.586 0.140
4919.67463 20.615 0.108
4919.68518 20.625 0.109
4919.69580 20.484 0.097
4919.70637 20.600 0.107
4919.71695 20.199 0.074
4920.67081 20.541 0.097
4920.68084 20.778 0.113
4920.69089 20.650 0.138
4920.70092 20.720 0.110
4920.71089 20.189 0.088
4921.65616 20.982 0.230
4921.66618 21.638 0.388
4921.67619 20.851 0.224
4921.68618 20.828 0.219
4921.69621 20.498 0.152
4921.70622 20.362 0.117
4921.71636 20.278 0.105
4924.65635 21.052 0.172
4924.66648 20.722 0.131
4924.67661 20.933 0.152
4924.68670 20.391 0.096
4924.69682 20.491 0.099
4924.70722 20.627 0.109
4925.65895 20.627 0.128
4925.66908 20.971 0.170
4925.67917 20.813 0.134
4925.68927 20.450 0.101
4925.69940 20.477 0.104
4926.60055 20.415 0.140
4926.61063 20.158 0.097
4926.62072 20.726 0.152
4926.63080 20.595 0.161
4926.64091 20.807 0.178
4926.65101 21.128 0.229
4926.66112 20.720 0.155
4926.67122 20.856 0.183
4926.68133 20.953 0.190
4926.69174 20.643 0.128
4926.70184 20.285 0.102
4927.64594 20.191 0.139
4927.65604 20.292 0.137
4927.66617 20.869 0.250
4927.67629 20.490 0.140
4927.68640 21.440 0.327
4927.69678 20.491 0.144
4928.64089 20.778 0.167
4928.65097 21.585 0.376
4928.66108 20.795 0.158
4928.67119 20.875 0.174
4928.68130 20.893 0.181
4928.69140 20.717 0.163
4929.62619 20.891 0.273
4929.63627 20.611 0.199
4929.64638 20.496 0.167
4929.65648 20.401 0.148
4930.63992 20.283 0.140
4930.64999 20.646 0.167
4930.66006 21.164 0.268
4930.67018 20.990 0.247
4930.68026 21.206 0.269
4930.69040 20.623 0.155
4931.64009 20.287 0.174
4931.65020 20.946 0.259
4931.66030 20.519 0.186
4931.67043 20.992 0.253
4931.68053 20.730 0.217
4932.62811 20.473 0.149
4932.63822 20.414 0.146
4932.64832 20.509 0.161
4932.65843 20.853 0.236
4932.66851 20.626 0.213
4932.67862 20.794 0.218
4933.62673 20.322 0.185
4933.63683 20.317 0.150
4933.64691 20.552 0.151
4933.65700 20.384 0.160
4933.66710 20.754 0.232
4933.67719 20.951 0.278
4934.62349 20.306 0.134
4934.63361 20.489 0.152
4934.64371 20.799 0.212
4934.65383 20.907 0.221
4934.66391 21.028 0.245
4934.67402 20.856 0.187
4934.69033 21.128 0.242
4934.70044 20.331 0.110
4934.73565 20.188 0.136
4934.74575 20.506 0.161
4935.61070 20.166 0.099
4935.62080 20.313 0.108
4935.63093 20.346 0.120
4935.64105 20.505 0.125
4935.65116 20.587 0.122
4935.66126 20.508 0.111
4935.67137 20.804 0.160
4935.68146 20.681 0.164
4935.69157 20.759 0.158
4935.70172 20.572 0.114
4935.71180 20.625 0.134
4935.72189 20.413 0.104
4935.73202 20.473 0.108
4935.74212 20.324 0.102
4935.75222 20.310 0.111
4936.61083 20.402 0.120
4936.62095 20.126 0.092
4936.63105 20.460 0.126
4936.64113 20.749 0.155
4936.65121 20.231 0.103
4936.66134 20.363 0.104
4936.67144 20.630 0.131
4936.68154 20.868 0.162
4936.69162 21.071 0.204
4936.70171 20.591 0.131
4936.71182 20.865 0.203
4936.74343 20.237 0.113
4937.61295 20.224 0.073
4937.62305 20.137 0.069
4937.63315 20.358 0.085
4937.64324 20.177 0.072
4937.65332 20.632 0.113
4937.66342 20.623 0.127
4937.67350 20.612 0.124
4937.68358 20.462 0.090
4937.69370 21.023 0.168
4937.70380 20.640 0.106
4937.71390 20.507 0.098
4937.72400 20.552 0.113
4937.73409 20.364 0.097
4937.74419 20.879 0.163
4938.60801 20.235 0.121
4938.61815 20.323 0.133
4938.62824 19.926 0.091
4938.63835 20.116 0.105
4938.64848 20.545 0.139
4938.65858 20.643 0.149
4939.61553 20.413 0.118
4939.62563 20.378 0.104
4939.63574 20.569 0.126
4939.64587 20.423 0.106
4939.65599 20.313 0.116
4939.66610 20.673 0.148
4940.62279 20.846 0.202
4940.63292 20.375 0.107
4940.64301 20.577 0.124
4940.65311 20.486 0.118
4940.66324 20.340 0.108
4941.59880 20.313 0.112
4941.60890 20.150 0.106
4941.61902 20.293 0.113
4941.62910 20.640 0.139
4941.63920 20.427 0.111
4941.64932 20.495 0.104
4941.65967 20.346 0.094
4942.61218 20.244 0.087
4942.62229 20.196 0.088
4942.63240 20.254 0.084
4942.64253 20.152 0.092
4942.65262 20.216 0.107
4943.59932 20.341 0.096
4943.60941 20.596 0.119
4943.61953 20.439 0.105
4943.62961 20.247 0.093
4943.63974 20.327 0.093
4943.64984 20.677 0.135
4944.60712 20.295 0.081
4944.61722 20.462 0.093
4944.62732 20.118 0.073
4944.63744 20.147 0.072
4944.64757 20.425 0.095
4945.58832 20.577 0.119
4945.59841 20.299 0.091
4945.60852 20.389 0.096
4945.61861 20.354 0.087
4945.62871 20.429 0.096
4945.63883 20.551 0.113
4946.60481 20.619 0.132
4946.61489 20.475 0.107
4946.62499 20.379 0.103
4946.63511 20.364 0.099
4946.64519 20.516 0.107
4946.88029 21.017 0.218
4947.60530 20.510 0.105
4947.61542 20.361 0.085
4947.62556 20.392 0.082
4947.63565 20.426 0.092
4948.60365 20.494 0.132
4948.61377 20.258 0.103
4948.62385 20.478 0.129
4948.63397 20.258 0.093
4949.58762 20.552 0.107
4949.59771 20.225 0.086
4949.60778 20.255 0.085
4949.61785 20.204 0.073
4949.62795 20.312 0.080
4949.63805 20.393 0.092
4949.85289 20.267 0.104
4949.86022 20.683 0.149
4949.87032 20.910 0.190
4949.88040 20.592 0.148
4950.58546 20.157 0.100
4950.59558 20.500 0.127
4950.60565 20.240 0.094
4950.61576 20.327 0.095
4950.62590 20.478 0.111
4951.56746 20.821 0.236
4951.57756 20.694 0.181
4951.58767 20.304 0.115
4951.59776 20.327 0.099
4951.60789 20.135 0.077
4951.61802 20.372 0.092
4951.62835 20.142 0.076
4951.87148 22.732 1.914
4952.57635 20.200 0.091
4952.58640 20.134 0.084
4952.59651 20.603 0.116
4952.60661 20.494 0.107
4952.61673 20.277 0.079
4952.62684 20.164 0.088
4953.57966 20.338 0.101
4953.58974 20.592 0.131
4953.59986 20.196 0.088
4953.60996 20.102 0.085
4953.62002 20.417 0.111
4953.86563 20.782 0.209
4954.57039 20.639 0.146
4954.58050 20.943 0.182
4954.59060 20.523 0.126
4954.60069 20.198 0.108
4954.61082 20.421 0.112
4954.62090 20.180 0.087
4955.57497 20.960 0.208
4955.58509 20.715 0.158
4955.59518 20.759 0.165
4955.60530 20.383 0.123
4955.61541 20.715 0.164
4964.59742 20.822 0.199
4964.60782 20.128 0.092
4964.62269 20.419 0.118
4964.63300 20.321 0.107
4964.64303 20.513 0.120
4964.65302 20.204 0.090
4964.66370 20.237 0.105
4964.67369 20.365 0.126
4965.59759 20.685 0.173
4965.60786 20.572 0.165
4965.61786 19.917 0.127
4965.62788 20.242 0.133
4965.63788 19.983 0.116
4965.64833 20.232 0.130
4965.65833 20.029 0.101
4965.66833 19.964 0.116
4965.67832 20.496 0.199
4966.52872 20.513 0.158
4966.53927 20.159 0.134
4966.54927 20.522 0.161
4966.55927 21.492 0.360
4966.56954 21.190 0.267
4966.57954 21.210 0.266
4966.58958 20.478 0.129
4967.56840 21.503 0.308
4967.57894 20.890 0.153
4967.58895 20.634 0.124
4968.52070 20.711 0.214
4968.53069 20.819 0.208
4969.62301 20.320 0.094
4969.63341 20.232 0.091
4969.66378 20.154 0.107
4970.56745 20.516 0.143
4970.57890 20.960 0.187
4970.58891 20.905 0.166
4970.59889 20.870 0.166
4970.60890 20.669 0.131
4970.61891 20.706 0.127
4970.62920 20.623 0.126
4970.63918 20.072 0.091
4970.64917 20.423 0.112
4970.65914 20.222 0.086
4970.67331 20.407 0.096
4972.50012 20.225 0.111
4972.51066 20.262 0.102
4972.52092 20.145 0.092
4972.53139 20.258 0.107
4972.54139 20.340 0.117
4972.55137 21.768 0.401
4973.47593 20.195 0.109
4973.48632 20.403 0.124
4973.50090 20.669 0.169
4974.51548 20.450 0.163
4975.49410 19.884 0.122
4975.50470 20.358 0.136
4975.51515 20.121 0.118
4975.52516 20.528 0.217
4977.49949 20.157 0.115
4977.50992 20.477 0.141
4977.52030 20.031 0.084
4977.53095 20.360 0.118
