2162.87556 18.626 0.046
2171.84219 18.877 0.050
2183.80152 19.148 0.104
2184.80107 18.885 0.066
2188.85166 18.582 0.052
2200.78375 18.992 0.048
2206.71887 18.932 0.068
2216.84299 18.815 0.046
2223.70766 18.520 0.042
2226.68378 18.775 0.060
2228.72752 18.635 0.040
2230.63910 19.053 0.063
2232.66085 18.916 0.052
2238.59811 18.836 0.063
2240.72462 18.700 0.046
2242.73553 18.458 0.040
2244.78625 18.994 0.083
2249.65455 19.043 0.052
2251.85191 18.987 0.066
2253.63852 18.566 0.039
2256.64702 19.008 0.062
2259.64156 18.520 0.038
2262.64674 19.008 0.063
2264.63043 18.774 0.044
2272.61263 18.473 0.036
2276.62339 18.814 0.051
2279.61788 18.893 0.042
2281.66526 18.895 0.042
2283.70094 18.774 0.038
2288.68644 18.938 0.046
2290.72435 18.670 0.039
2292.69442 18.801 0.059
2294.66496 18.873 0.055
2296.68388 18.760 0.055
2298.70546 18.340 0.032
2300.65711 18.919 0.052
2302.63070 18.681 0.042
2315.55867 18.545 0.050
2322.52912 19.069 0.066
2325.54958 18.751 0.052
2330.55831 18.890 0.070
2337.51009 18.860 0.074
2353.50022 18.918 0.078
2370.50496 18.503 0.050
2403.48345 18.877 0.087
2518.90949 18.526 0.050
2526.83918 18.797 0.039
2540.84741 18.709 0.060
2544.76754 18.977 0.064
2550.88541 18.968 0.062
2554.85075 18.590 0.036
2558.86185 18.837 0.054
2562.87808 19.027 0.063
2571.80847 18.677 0.051
2577.74712 18.730 0.052
2580.77593 18.967 0.054
2588.81251 18.879 0.046
2593.80165 18.975 0.059
2599.72154 18.852 0.059
2607.67978 18.694 0.042
2617.66923 18.868 0.063
2620.61279 18.483 0.036
2622.78852 18.451 0.043
2624.78318 18.959 0.054
2626.59684 18.346 0.050
2629.59347 18.880 0.060
2631.77717 18.874 0.070
2634.54769 18.903 0.044
2637.58555 18.733 0.048
2640.62517 19.070 0.063
2642.62339 18.827 0.044
2644.61362 18.586 0.042
2649.63646 18.823 0.043
2651.68531 18.591 0.043
2654.63760 18.905 0.070
2656.71262 18.817 0.063
2658.69830 18.400 0.051
2661.71773 18.998 0.062
2663.62137 18.493 0.038
2665.64527 19.052 0.052
2667.61185 18.823 0.044
2669.65399 18.639 0.044
2671.58113 19.045 0.054
2673.58935 18.868 0.062
2675.58892 18.596 0.036
2677.58677 19.058 0.084
2679.61224 18.905 0.059
2681.63469 18.665 0.046
2685.57435 18.839 0.063
2690.52860 18.941 0.071
2694.52092 18.805 0.056
2698.58811 18.788 0.054
2704.57064 18.705 0.051
2711.52578 18.650 0.055
2730.50946 18.574 0.050
2872.88165 18.600 0.055
2879.87271 19.092 0.052
2884.81864 18.843 0.047
2888.85135 18.665 0.039
2893.84280 18.861 0.055
2897.80441 19.018 0.084
2903.85039 18.987 0.042
2906.79910 18.732 0.035
2910.77216 18.943 0.051
2915.77621 19.055 0.047
2921.77804 18.855 0.047
2924.86780 18.873 0.058
2927.88586 18.547 0.056
2941.80965 18.952 0.043
2943.68485 18.697 0.052
2946.71158 18.957 0.062
2949.69463 18.687 0.043
2952.68619 18.898 0.056
2955.74789 18.746 0.052
2957.68044 18.889 0.050
2960.70137 18.900 0.052
2963.68810 18.589 0.051
2966.65362 18.773 0.043
2968.81661 18.726 0.040
2971.82394 18.928 0.051
2975.62227 18.893 0.050
2977.71336 18.894 0.062
2979.75043 18.819 0.046
2983.65811 18.902 0.059
2985.83917 18.919 0.055
2988.60222 18.962 0.052
2990.79015 19.060 0.052
2992.61221 18.568 0.040
2994.72062 18.382 0.028
2997.60356 18.757 0.040
2999.62313 18.468 0.034
3001.60107 18.973 0.044
3003.63005 18.779 0.042
3005.65942 18.605 0.055
3007.61205 18.943 0.046
3009.60985 18.733 0.059
3011.64204 18.630 0.050
3013.61755 19.053 0.052
3016.61800 18.656 0.046
3018.60313 18.566 0.043
3020.64427 19.024 0.042
3022.67627 18.858 0.040
3024.65832 18.519 0.034
3026.62735 18.961 0.040
3028.63279 18.742 0.035
3030.66805 18.578 0.032
3032.77182 18.491 0.028
3034.82133 18.994 0.047
3037.59891 18.909 0.044
3040.57448 18.857 0.059
3042.55948 18.417 0.060
3045.57141 18.860 0.046
3047.52321 18.672 0.072
3049.52872 19.078 0.060
3051.52228 18.923 0.064
3053.51480 18.485 0.060
3055.51692 19.032 0.068
3057.51295 19.055 0.075
3059.51548 18.677 0.059
3060.50910 18.418 0.054
3061.51018 18.960 0.070
3064.51306 18.852 0.067
3067.52020 18.815 0.052
3069.50448 18.818 0.058
3074.68825 18.446 0.048
3077.58933 18.846 0.058
3081.58056 19.052 0.058
3083.58762 18.875 0.067
3086.52352 19.006 0.084
3089.51086 18.716 0.047
3092.49347 19.003 0.090
3098.49049 19.014 0.090
3101.51200 19.000 0.086
3104.48344 18.889 0.059
3108.48048 18.766 0.056
3112.47579 19.013 0.086
3115.50250 18.674 0.063
3123.48129 18.977 0.076
3132.47745 18.817 0.068
3230.85382 18.783 0.036
3238.85270 18.383 0.038
3246.86973 18.968 0.056
3251.90053 18.448 0.030
3254.85742 18.783 0.051
3261.89035 18.816 0.044
3272.87009 18.843 0.052
3275.86890 18.577 0.046
3280.86847 18.747 0.040
3283.80875 18.958 0.039
3289.72176 18.829 0.040
3294.72844 19.051 0.062
3296.67685 18.871 0.043
3298.75721 18.640 0.031
3300.81384 18.597 0.034
3303.72115 18.767 0.047
3306.72263 19.088 0.058
3308.73924 18.818 0.046
3310.77175 18.714 0.042
3314.69297 18.903 0.055
3321.61355 18.673 0.036
3328.82274 18.809 0.036
3335.82676 18.748 0.071
3336.69100 18.721 0.048
3340.81221 18.790 0.044
3349.63501 19.043 0.046
3353.62781 18.454 0.031
3356.62148 18.962 0.046
3360.63468 18.472 0.031
3369.65336 18.766 0.047
3377.61433 18.619 0.039
3381.61283 18.898 0.043
3386.62469 19.072 0.040
3390.62765 18.630 0.039
3398.60516 19.076 0.062
3400.59064 18.843 0.058
3403.59936 18.626 0.042
3406.52890 18.753 0.050
3410.55252 18.996 0.040
3415.52844 18.719 0.059
3421.59788 18.456 0.034
3429.54909 18.953 0.048
3434.53796 18.872 0.040
3442.50967 19.037 0.070
3450.51148 18.767 0.052
3568.94315 18.447 0.039
3592.87351 18.488 0.026
3608.88036 18.775 0.038
3614.86322 18.892 0.042
3621.89571 18.813 0.039
3628.87519 18.756 0.047
3639.75193 18.699 0.030
3641.74584 18.691 0.040
3646.80689 18.590 0.046
3652.85864 18.852 0.035
3656.79723 18.974 0.044
3661.73259 18.985 0.067
3665.73599 18.468 0.040
3671.70190 18.567 0.032
3683.73986 18.624 0.030
3686.78594 19.024 0.044
3689.70286 18.545 0.034
3692.62446 18.867 0.051
3695.68994 18.622 0.034
3697.72210 18.759 0.054
3700.68704 18.899 0.044
3702.77321 18.639 0.028
3704.86285 18.544 0.052
3707.64672 18.646 0.038
3712.86172 19.063 0.102
3716.65543 18.865 0.052
3720.63819 18.356 0.031
3724.66986 18.918 0.047
3727.60470 19.105 0.072
3731.60631 18.695 0.030
3736.61692 18.762 0.034
3739.59153 18.857 0.039
3742.64215 18.874 0.058
3745.73085 18.575 0.032
3748.59120 18.941 0.080
3750.61703 18.594 0.050
3752.57167 19.238 0.074
3755.58351 18.854 0.058
3758.58752 19.151 0.062
3760.72295 18.905 0.048
3762.60017 18.688 0.036
3766.58170 18.901 0.044
3769.58268 18.611 0.034
3772.60558 18.901 0.040
3775.57852 18.535 0.039
3778.57919 18.872 0.051
3781.59021 18.495 0.043
3785.56276 19.014 0.067
3790.53158 18.885 0.063
3796.57201 19.042 0.052
3804.50772 18.739 0.059
3816.51282 18.800 0.059
3934.93895 18.585 0.042
3960.85732 18.998 0.048
3967.88676 19.018 0.040
3973.88220 19.007 0.048
3979.83171 19.045 0.047
3987.81238 18.892 0.048
3994.86503 18.879 0.054
4001.74473 18.459 0.030
4004.74742 18.927 0.042
4008.70247 18.936 0.034
4011.86565 18.946 0.048
4016.87424 19.111 0.068
4021.82096 18.528 0.032
4025.83294 18.719 0.039
4028.74291 18.908 0.044
4030.81460 18.882 0.043
4036.87343 19.031 0.056
4040.70917 18.878 0.048
4042.72548 18.844 0.048
4045.82485 18.555 0.044
4048.68852 18.853 0.048
4053.73076 19.061 0.058
4057.65932 19.100 0.070
4060.59423 18.665 0.038
4065.61585 18.940 0.039
4068.63154 18.617 0.028
4070.62801 18.934 0.048
4073.78733 18.922 0.052
4077.64075 18.825 0.047
4080.62264 18.616 0.036
4084.65430 18.933 0.043
4092.73108 18.801 0.035
4100.79137 18.699 0.031
4107.63374 18.971 0.056
4117.59921 18.322 0.036
4121.60017 18.882 0.050
4123.56176 18.536 0.030
4125.68828 18.574 0.043
4129.66073 18.673 0.040
4144.53199 18.904 0.056
4153.51547 18.584 0.062
4160.57553 18.607 0.059
4174.54855 19.001 0.072
4310.93805 18.839 0.058
4345.82232 18.975 0.062
4349.88337 18.686 0.046
4355.79743 18.638 0.044
4361.78326 18.592 0.058
4368.86673 18.726 0.071
4371.73022 18.794 0.054
4376.74951 19.023 0.054
4378.89683 18.954 0.092
4379.75528 18.742 0.055
4383.76011 18.882 0.051
4387.85507 18.619 0.036
4391.86076 18.826 0.047
4397.73246 18.704 0.042
4402.81106 18.950 0.062
4406.76133 18.849 0.048
4409.83046 18.896 0.044
4416.69770 18.622 0.038
4420.81024 19.043 0.055
4424.82992 18.553 0.042
4428.79792 18.784 0.066
4431.73319 18.987 0.064
4435.69816 18.604 0.043
4438.82708 18.968 0.076
4441.80121 18.791 0.060
4444.64371 18.897 0.059
4450.65738 18.872 0.067
4453.64081 18.559 0.039
4456.64483 18.870 0.060
4458.62926 18.771 0.051
4462.64393 18.931 0.059
4467.62596 19.110 0.064
4471.61434 18.595 0.032
4474.79845 18.479 0.039
4478.65360 18.567 0.047
4482.67837 18.855 0.067
4485.66012 18.358 0.038
4487.65705 18.903 0.071
4492.71906 18.611 0.050
4497.61002 18.577 0.040
4499.66077 18.737 0.052
4502.59169 18.542 0.038
4507.56319 18.689 0.040
4509.56077 18.666 0.059
4515.52658 18.709 0.072
4520.51540 18.591 0.060
4523.53900 18.981 0.062
4525.51114 18.748 0.067
4531.50823 18.729 0.060
4537.50204 18.844 0.072
