2695.89697 20.785 0.132
2723.84684 20.855 0.208
2723.86408 21.190 0.238
2723.87475 20.569 0.143
2723.88543 20.356 0.121
2723.89609 20.557 0.171
2723.90682 20.936 0.236
2723.91752 20.591 0.193
2724.82085 21.076 0.213
2724.83151 20.870 0.168
2724.84223 20.570 0.134
2724.85285 20.382 0.107
2724.86531 21.124 0.231
2724.87916 20.336 0.092
2724.88987 20.768 0.128
2724.90052 20.954 0.145
2725.53182 20.704 0.227
2725.54253 20.627 0.201
2725.55320 20.875 0.237
2725.56216 20.496 0.188
2725.57697 20.725 0.187
2725.59179 20.701 0.192
2725.60686 21.098 0.267
2725.62156 21.021 0.252
2725.63623 21.221 0.283
2725.65090 21.037 0.184
2725.66553 20.891 0.151
2725.68014 20.802 0.151
2725.71994 20.696 0.129
2725.73461 20.707 0.127
2725.74921 20.983 0.137
2725.76387 21.099 0.149
2725.77851 21.345 0.179
2725.79326 21.027 0.146
2725.81421 20.670 0.106
2725.82889 20.805 0.114
2726.52806 20.468 0.146
2726.53875 20.767 0.202
2726.54942 20.854 0.203
2726.56011 20.800 0.176
2726.57082 20.847 0.179
2726.58711 20.925 0.182
2726.59781 20.993 0.208
2726.60849 21.313 0.239
2726.61916 20.792 0.142
2726.62984 20.968 0.162
2726.64050 20.837 0.148
2726.65515 20.772 0.148
2726.66584 20.480 0.109
2726.67650 20.615 0.117
2726.68715 20.733 0.146
2726.70516 20.791 0.151
2726.71587 20.706 0.145
2726.72655 21.038 0.189
2726.73722 21.457 0.291
2726.74786 21.005 0.178
2726.75856 21.068 0.202
2726.77258 20.644 0.146
2726.78416 20.565 0.127
2726.79480 20.691 0.126
2726.80548 20.644 0.100
2726.81619 20.513 0.091
2726.82685 20.717 0.124
2726.83753 20.641 0.109
2727.52994 20.386 0.177
2727.54060 21.009 0.272
2727.55130 20.738 0.213
2727.56251 20.443 0.194
2727.57316 21.148 0.366
2727.58384 21.659 0.485
2727.59455 20.701 0.160
2727.60906 20.530 0.143
2727.61976 20.616 0.136
2727.63043 20.895 0.161
2727.64110 20.719 0.138
2727.65179 20.751 0.140
2727.66246 20.540 0.114
2727.67972 20.811 0.137
2727.69042 20.994 0.187
2727.70109 21.136 0.193
2727.71178 21.074 0.188
2727.72246 21.729 0.333
2727.73321 20.631 0.120
2727.74445 20.827 0.143
2727.75515 20.888 0.146
2727.76582 20.884 0.148
2727.77644 20.782 0.134
2727.78713 20.642 0.117
2727.79785 20.441 0.098
2728.52275 21.082 0.395
2728.53392 21.028 0.365
2728.54461 21.634 0.493
2728.55531 20.661 0.217
2728.56651 20.637 0.202
2728.57718 20.812 0.215
2728.58787 20.722 0.237
2728.59948 20.642 0.189
2728.61014 20.848 0.250
2728.62081 20.577 0.175
2728.63948 20.559 0.149
2728.65019 21.107 0.263
2728.66088 21.384 0.296
2728.67159 20.809 0.153
2728.68230 20.979 0.176
2728.69293 21.067 0.172
2728.70400 20.740 0.146
2728.71469 21.036 0.257
2728.72536 20.645 0.158
2728.73601 20.884 0.233
2728.74665 20.377 0.113
2728.75735 20.630 0.140
2728.76856 20.592 0.132
2728.77925 20.571 0.118
2728.78994 21.110 0.238
2728.80069 21.020 0.182
2729.54159 21.636 0.661
2729.55593 20.318 0.196
2729.56783 20.652 0.233
2729.57930 20.638 0.239
2729.59065 20.785 0.255
2729.60247 20.920 0.265
2729.61317 20.773 0.222
2729.62387 21.097 0.292
2729.63458 21.209 0.286
2729.64528 21.257 0.298
2729.66020 21.430 0.368
2729.67089 20.981 0.199
2729.68161 20.915 0.178
2729.69229 20.668 0.133
2729.70294 20.811 0.147
2729.71357 20.378 0.096
2729.72526 20.661 0.127
2729.73596 20.823 0.152
2729.74665 20.743 0.134
2729.76802 20.890 0.155
2729.78076 21.081 0.193
2729.79141 21.417 0.277
2729.80212 21.063 0.213
2730.52247 20.642 0.195
2730.53375 20.668 0.188
2730.54496 20.774 0.206
2730.55616 20.621 0.164
2730.56915 20.541 0.142
2730.57987 20.390 0.117
2730.59064 20.791 0.166
2730.60137 20.816 0.181
2730.61211 21.064 0.206
2730.62280 21.659 0.341
2730.63423 20.768 0.153
2730.64497 20.726 0.130
2730.65608 20.766 0.142
2730.66682 20.767 0.136
2730.68330 20.683 0.121
2730.69404 20.585 0.107
2730.70536 20.772 0.137
2730.71678 20.539 0.105
2730.72798 20.829 0.131
2730.73925 20.798 0.126
2730.75743 20.711 0.120
2730.76814 21.255 0.195
2730.77998 21.031 0.165
2730.79075 20.968 0.141
2731.54161 20.730 0.201
2731.55236 20.538 0.158
2731.56312 20.730 0.176
2731.57386 21.658 0.418
2731.58459 20.843 0.202
2731.61115 21.018 0.226
2731.62241 20.851 0.181
2731.63366 20.723 0.175
2731.64517 20.299 0.092
2731.65658 20.562 0.115
2731.66732 20.700 0.140
2731.67809 20.848 0.163
2731.68935 20.831 0.174
2731.70006 20.919 0.162
2731.71080 20.875 0.146
2731.72210 21.515 0.257
2731.73285 20.976 0.161
2731.74358 21.073 0.181
2731.75491 20.872 0.147
2731.76600 20.539 0.111
2731.77676 20.770 0.140
2731.78748 20.599 0.132
2732.51562 20.513 0.264
2732.52704 20.769 0.299
2732.53853 20.723 0.271
2732.54990 20.690 0.249
2732.56146 22.076 1.036
2732.57312 20.780 0.320
2732.58427 21.288 0.435
2732.59550 20.881 0.264
2732.60631 20.845 0.267
2732.61832 20.616 0.199
2732.62905 20.643 0.206
2732.64017 20.492 0.160
2732.65524 20.608 0.153
2732.66590 20.654 0.157
2732.67725 20.794 0.186
2732.68840 21.350 0.295
2732.69913 21.151 0.247
2732.70988 20.791 0.187
2732.72058 21.402 0.283
2732.73187 20.708 0.153
2732.74262 20.525 0.140
2732.75333 20.397 0.117
2732.76407 20.683 0.161
2732.77886 20.777 0.171
2732.78961 20.652 0.145
2732.80032 20.903 0.176
2733.51417 21.049 0.294
2733.52524 21.669 0.558
2733.53597 20.659 0.213
2733.54707 20.653 0.191
2733.55778 20.587 0.166
2733.56892 21.042 0.225
2733.57969 20.598 0.145
2733.59129 20.723 0.161
2733.60237 20.412 0.117
2733.61383 20.467 0.117
2733.62514 20.444 0.113
2733.63639 20.859 0.150
2733.64820 20.881 0.163
2733.66345 20.854 0.167
2733.67417 21.381 0.234
2733.68546 21.552 0.336
2733.69666 20.655 0.132
2733.70740 20.710 0.135
2733.71814 20.667 0.131
2733.73346 20.459 0.102
2733.74610 20.722 0.134
2733.75684 20.669 0.150
2733.76759 20.507 0.138
2733.77834 21.039 0.253
2734.51784 20.626 0.253
2734.52896 20.416 0.197
2734.55529 20.906 0.331
2734.58037 20.830 0.202
2734.59162 20.718 0.181
2734.60233 20.894 0.204
2734.61308 20.904 0.201
2734.62430 21.496 0.339
2734.63502 21.928 0.488
2734.64577 20.878 0.185
2734.65715 21.190 0.218
2734.66791 20.772 0.145
2734.67862 20.563 0.121
2734.68977 20.643 0.125
2734.70053 20.719 0.131
2734.71127 20.721 0.136
2734.72246 20.710 0.135
2734.73319 20.728 0.125
2734.74396 20.707 0.116
2734.75471 20.985 0.151
2734.76547 20.805 0.132
2734.77618 21.088 0.174
2735.51543 20.915 0.219
2735.52656 20.657 0.172
2735.53793 20.419 0.140
2735.54909 20.413 0.137
2735.56043 20.622 0.145
2735.57185 20.879 0.180
2735.58256 20.755 0.175
2735.59695 21.228 0.245
2735.60803 21.054 0.206
2735.61875 20.963 0.185
2735.63014 20.689 0.143
2735.64179 20.603 0.125
2735.65312 20.378 0.100
2735.66442 20.636 0.135
2735.67554 20.497 0.105
2735.68626 20.721 0.135
2735.69796 20.541 0.114
2735.70935 20.714 0.133
2735.72095 20.779 0.138
2735.73242 20.934 0.158
2735.74318 21.429 0.233
2735.75457 21.452 0.240
2735.76529 20.975 0.157
2735.77605 20.743 0.137
2735.79213 20.642 0.130
2743.51161 20.914 0.256
2743.52760 20.832 0.232
2743.53832 20.616 0.191
2743.54904 20.378 0.142
2743.55978 20.525 0.165
2743.57051 20.708 0.180
2743.58120 20.985 0.235
2743.59244 20.661 0.195
2743.60321 20.868 0.222
2743.66572 21.056 0.218
2743.67645 20.420 0.130
2743.68715 20.641 0.148
2743.69789 21.171 0.226
2743.70862 20.523 0.129
2743.71938 20.715 0.145
2743.73060 20.641 0.121
2743.74202 20.711 0.143
2743.75274 20.823 0.159
2744.48154 22.291 1.353
2744.51344 20.701 0.253
2744.52355 20.645 0.240
2744.53367 20.331 0.188
2744.54379 20.850 0.281
2744.55393 20.487 0.186
2744.56402 20.697 0.236
2744.57449 20.504 0.183
2744.58456 20.612 0.182
2744.59466 20.972 0.256
2744.60476 21.142 0.279
2744.61481 21.374 0.347
2744.62491 20.725 0.190
2744.63959 20.938 0.228
2744.64966 20.963 0.223
2744.65974 20.749 0.182
2744.69950 20.355 0.116
2744.70963 20.682 0.143
2744.71976 20.872 0.163
2744.72985 20.969 0.189
2744.73994 20.868 0.183
2744.75667 21.303 0.238
2745.47760 20.953 0.513
2745.49247 21.712 1.036
2745.50319 20.560 0.264
2745.51393 20.820 0.468
2745.53545 20.980 0.403
2745.54617 20.200 0.265
2745.56202 20.919 0.337
2745.57282 21.171 0.490
2745.58355 20.307 0.224
2745.59429 20.782 0.219
2745.60505 20.868 0.247
2745.61582 20.644 0.197
2745.63173 20.462 0.195
2745.64249 20.935 0.278
2745.65321 20.424 0.171
2745.66392 20.480 0.176
2745.67464 20.339 0.154
2748.51525 20.677 0.259
2748.52599 20.321 0.220
2748.53674 20.718 0.316
2748.56895 20.543 0.260
2748.59042 20.539 0.268
2748.60115 20.590 0.255
2748.61191 21.211 0.385
2748.62261 21.170 0.394
2748.63334 21.061 0.340
2748.64406 20.663 0.262
2748.65806 20.270 0.182
2748.66876 20.833 0.222
2748.67949 20.519 0.171
2748.69022 20.726 0.217
2748.70095 20.751 0.200
2748.71170 20.718 0.168
2748.72557 20.925 0.229
2748.73632 20.811 0.258
2748.74704 20.366 0.186
2748.75777 21.303 0.355
2748.76846 21.218 0.340
2749.47872 21.044 0.342
2749.48945 21.399 0.516
2749.50025 20.751 0.201
2749.51098 20.966 0.205
2749.52172 20.597 0.136
2749.53251 20.615 0.133
2749.54366 20.569 0.134
2749.55440 20.659 0.139
2749.56518 21.142 0.250
2749.57592 20.917 0.194
2749.58662 21.216 0.250
2749.59740 21.077 0.208
2749.60850 20.956 0.195
2749.61924 20.969 0.197
2749.62998 20.543 0.150
2749.64070 20.667 0.150
2749.65147 20.409 0.130
2749.66223 20.510 0.131
2749.67369 20.617 0.152
2749.68443 20.803 0.175
2749.69516 20.823 0.173
2749.71414 20.899 0.183
2749.72486 21.388 0.286
2749.73560 21.518 0.328
2749.74633 21.326 0.264
2749.75704 20.893 0.230
2749.76774 20.748 0.201
2749.78308 20.745 0.188
2749.79380 20.853 0.239
2749.80449 20.676 0.210
2749.81219 20.783 0.236
2749.82288 21.099 0.365
2749.83359 20.650 0.269
2749.84438 21.462 0.591
2749.85509 21.157 0.438
2750.52894 20.579 0.198
2750.53965 20.969 0.291
2750.55615 21.315 0.317
2750.57212 21.424 0.355
2750.58284 20.499 0.147
2750.59356 20.628 0.164
2750.60998 20.583 0.156
2750.62071 20.599 0.139
2750.63144 20.697 0.142
2750.64217 20.692 0.140
2750.65291 20.728 0.144
2750.66750 20.907 0.179
2750.67826 20.737 0.151
2750.68898 21.059 0.201
2750.69973 20.951 0.175
2750.71382 20.910 0.185
2750.72453 21.077 0.225
2750.73524 20.938 0.192
2750.74597 20.443 0.120
2750.75668 20.645 0.146
2750.76743 20.764 0.156
2750.77884 20.770 0.166
2750.78955 21.005 0.201
2750.80025 20.886 0.190
2750.81095 20.878 0.189
2750.82264 20.911 0.208
2750.83332 21.481 0.372
2750.84406 20.842 0.205
2750.85483 21.516 0.392
2750.86554 20.688 0.198
2751.47416 20.652 0.290
2751.48490 20.977 0.333
2751.49564 20.723 0.235
2751.50644 20.787 0.203
2751.51714 21.016 0.251
2751.52785 20.732 0.175
2751.53905 21.334 0.276
2751.54980 21.390 0.293
2751.56055 20.731 0.182
2751.57130 20.800 0.160
2751.58945 21.020 0.238
2751.60021 20.445 0.147
2751.61100 21.099 0.259
2751.62173 20.743 0.177
2751.63247 21.005 0.249
2751.64326 20.841 0.187
2751.67510 21.391 0.272
2751.68584 21.338 0.255
2751.69657 20.722 0.179
2751.70730 21.096 0.273
2751.71804 20.840 0.200
2751.72875 20.890 0.211
2751.74861 20.929 0.237
2751.76412 20.496 0.142
2751.77489 21.006 0.266
2751.78566 21.019 0.307
2751.79640 21.221 0.335
2751.80714 20.658 0.209
2751.81786 20.940 0.265
2751.83335 20.667 0.235
2751.84408 20.895 0.406
2751.85487 20.866 0.275
2751.86561 19.969 0.126
2751.87635 20.142 0.188
2752.47075 21.527 0.722
2752.48155 21.227 0.497
2752.49227 22.201 1.103
2752.50302 21.392 0.429
2752.51379 21.344 0.442
2752.52449 21.217 0.378
2752.53589 21.171 0.338
2752.54664 20.307 0.149
2752.55739 20.727 0.229
2752.56809 20.502 0.174
2752.57884 20.452 0.165
2752.58962 20.487 0.149
2752.60234 20.735 0.198
2752.61309 20.700 0.169
2752.62381 20.615 0.167
2752.63451 21.044 0.251
2752.64525 21.093 0.297
2752.65600 21.151 0.330
2752.67120 20.564 0.178
2752.68760 20.842 0.280
2752.72197 21.130 0.358
2752.73588 20.601 0.153
2753.70688 20.735 0.145
2753.71697 21.359 0.261
2753.72706 21.007 0.209
2753.73715 20.587 0.143
2753.74725 21.773 0.384
2753.75735 20.838 0.203
2753.76788 20.690 0.165
2753.78320 20.762 0.193
2753.79380 20.719 0.187
2753.80446 20.422 0.145
2753.81503 20.896 0.222
2753.82569 20.422 0.152
2754.48834 20.743 0.300
2754.49911 20.740 0.270
2754.50986 20.911 0.248
2754.52066 20.818 0.204
2754.53142 20.881 0.216
2754.54210 20.943 0.231
2754.55322 20.557 0.155
2754.56393 20.737 0.172
2754.57465 20.844 0.188
2754.58540 21.055 0.231
2754.59609 20.761 0.166
2754.60683 20.719 0.149
2754.62179 20.800 0.150
2754.63247 20.401 0.109
2754.64325 20.672 0.151
2754.65402 20.466 0.109
2754.66476 20.680 0.144
2754.67550 20.686 0.140
2754.68756 20.885 0.191
2754.69834 20.796 0.166
2754.70906 20.998 0.210
2754.71978 20.967 0.191
2754.73051 20.906 0.194
2754.74126 21.078 0.213
2755.47341 20.932 0.414
2755.49036 20.835 0.271
2755.50700 20.634 0.208
2755.51775 20.847 0.265
2755.52847 21.322 0.361
2755.53919 20.774 0.220
2755.54987 20.723 0.190
2755.56060 20.857 0.216
2755.57199 20.681 0.184
2755.58273 20.446 0.138
2755.59347 20.682 0.164
2755.60420 20.568 0.135
2755.62213 20.606 0.147
2755.63288 20.700 0.159
2755.64360 20.573 0.129
2755.65429 20.612 0.114
2755.66504 20.878 0.165
2755.67581 20.899 0.167
2755.68712 21.109 0.228
2755.69786 21.001 0.191
2755.70853 20.817 0.152
2755.71925 20.667 0.113
2755.72998 20.702 0.131
2755.74070 20.841 0.159
2756.51586 22.210 1.010
2756.53069 20.441 0.176
2756.54541 21.258 0.354
2756.56477 20.735 0.241
2756.57948 20.520 0.175
2756.59417 20.992 0.302
2756.60886 20.850 0.193
2756.62358 20.752 0.180
2756.63829 20.782 0.165
2756.66583 20.925 0.181
2756.68054 20.963 0.201
2756.69523 21.028 0.242
2756.70996 20.856 0.170
2756.72460 20.716 0.184
2756.73939 20.492 0.125
2756.75651 20.287 0.109
2756.77125 20.832 0.181
2756.78604 21.116 0.238
2756.80082 21.632 0.427
2757.47891 21.239 0.389
2757.49520 21.198 0.351
2757.50591 20.596 0.173
2757.51663 20.670 0.190
2757.52732 20.688 0.168
2757.53806 20.449 0.137
2757.54880 20.825 0.198
2757.57245 20.753 0.174
2757.58321 20.563 0.137
2757.63499 21.029 0.196
2757.64570 21.068 0.167
2757.65641 20.780 0.127
2757.67803 20.841 0.141
2757.68872 20.556 0.113
2757.69943 20.521 0.107
2757.71016 20.907 0.159
2757.72085 20.776 0.172
2757.73546 20.814 0.184
2757.74619 20.671 0.167
2759.49003 19.699 0.104
2759.50082 20.180 0.152
2759.61625 20.894 0.236
2759.62699 20.856 0.207
2759.63774 20.740 0.188
2759.64851 20.654 0.170
2759.65926 20.934 0.191
2759.67004 21.009 0.193
2759.68136 20.622 0.154
2759.69211 20.214 0.102
2759.70284 21.291 0.265
2759.71358 20.926 0.221
2759.72822 21.776 0.515
2759.73893 20.946 0.230
2759.74969 20.824 0.216
2759.76035 20.504 0.165
2760.48934 20.684 0.236
2760.50007 20.973 0.263
2760.51082 20.638 0.184
2760.52156 21.087 0.286
2760.53226 21.101 0.245
2760.54355 21.234 0.273
2760.55428 22.237 0.793
2760.56498 21.238 0.263
2760.57567 20.748 0.150
2760.58644 20.597 0.149
2760.59715 20.483 0.132
2760.61272 20.858 0.158
2760.62344 20.714 0.146
2760.63420 20.814 0.147
2760.64494 20.889 0.186
2760.66390 21.370 0.279
2760.67464 21.326 0.277
2760.68538 21.204 0.234
2760.69611 21.067 0.217
2760.71179 20.662 0.150
2760.72253 21.035 0.213
2760.74291 20.812 0.195
2760.75366 20.590 0.166
2760.76439 21.196 0.306
2761.49639 21.039 0.313
2761.50714 21.599 0.444
2761.51791 20.884 0.211
2761.52866 20.753 0.170
2761.53935 20.786 0.183
2761.55009 20.549 0.135
2761.56184 20.640 0.140
2761.57258 20.593 0.145
2761.58332 20.552 0.116
2761.59403 20.610 0.115
2761.60475 20.445 0.140
2761.61545 20.844 0.166
2761.62652 20.750 0.170
2761.63726 21.467 0.363
2761.64798 21.062 0.191
2761.65873 20.715 0.144
2761.66968 20.473 0.117
2761.68044 20.612 0.127
2761.69115 20.669 0.132
2761.70185 20.669 0.157
2761.71262 20.594 0.146
2761.72336 20.622 0.133
2761.75147 21.065 0.219
2761.76221 21.184 0.237
2762.48498 21.211 0.339
2762.49572 21.177 0.275
2762.50646 20.658 0.179
2762.51722 21.307 0.361
2762.52794 20.759 0.222
2762.53915 20.652 0.195
2762.54991 20.447 0.154
2762.56064 20.259 0.127
2762.57137 20.373 0.141
2762.58213 19.980 0.090
2762.59374 20.978 0.214
2762.60447 20.972 0.205
2762.61516 20.916 0.217
2762.62586 21.013 0.256
2762.63656 20.450 0.157
2762.64730 21.684 0.486
2762.65883 20.238 0.106
2762.66954 21.692 0.635
2762.68026 21.596 0.378
2762.69975 20.964 0.259
2762.71050 20.775 0.233
2762.72879 21.832 0.501
2762.73949 20.186 0.119
2763.51287 20.718 0.224
2763.52361 20.716 0.206
2763.53431 20.909 0.267
2763.54507 20.784 0.232
2763.55585 21.162 0.282
2763.56656 20.984 0.231
2763.58413 21.206 0.278
2763.59490 20.935 0.226
2763.60568 20.723 0.165
2763.61688 20.675 0.133
2763.62761 20.694 0.165
2763.63833 20.643 0.146
2763.64904 20.559 0.134
2763.65979 20.844 0.227
2763.67048 21.035 0.202
2763.68214 20.931 0.213
2763.69288 21.095 0.266
2763.70362 20.857 0.153
2763.72874 20.978 0.161
2763.73949 21.042 0.193
2763.75024 21.074 0.222
2764.48306 20.651 0.238
2764.49379 20.714 0.192
2764.50457 21.092 0.268
2764.51532 20.506 0.144
2764.52605 20.394 0.138
2764.53679 21.014 0.232
2764.54852 21.232 0.259
2764.56117 21.018 0.256
2764.57189 20.948 0.226
2764.58263 20.917 0.174
2764.59336 20.741 0.167
2764.60411 20.671 0.165
2764.61484 20.480 0.117
2764.62983 20.592 0.151
2764.64054 20.809 0.150
2764.65127 20.741 0.142
2764.66200 20.678 0.130
2764.68893 21.525 0.387
2764.69965 20.864 0.210
2764.71038 21.101 0.247
2764.72107 20.494 0.133
2764.73271 20.569 0.143
2764.74344 20.914 0.192
2765.48366 20.732 0.246
2765.49436 20.947 0.277
2765.50509 22.873 1.656
2765.51586 21.596 0.474
2765.52661 21.138 0.285
2765.53733 20.760 0.199
2765.54855 21.063 0.210
2765.55931 20.835 0.176
2765.57004 20.754 0.148
2765.58073 20.595 0.123
2765.59148 20.646 0.135
2765.60223 20.737 0.143
2765.61754 20.749 0.140
2765.62825 21.051 0.192
2765.63898 20.761 0.139
2765.64978 21.298 0.238
2765.66115 21.193 0.255
2765.67189 20.933 0.201
2765.68263 21.000 0.204
2765.71732 20.380 0.120
2765.72801 20.703 0.180
2765.73882 20.872 0.236
2765.74953 20.877 0.246
2766.49151 21.612 0.497
2766.50229 21.022 0.244
2766.51302 20.635 0.175
2766.52378 20.700 0.173
2766.53451 20.737 0.170
2766.54527 20.534 0.127
2766.55640 20.909 0.173
2766.56714 20.646 0.134
2766.57790 20.605 0.117
2766.58859 20.879 0.145
2766.59936 21.169 0.183
2766.61326 21.190 0.177
2766.62402 21.288 0.212
2766.63475 21.084 0.179
2766.64547 20.954 0.165
2766.66066 20.904 0.162
2766.67137 20.693 0.143
2766.68210 20.881 0.189
2766.69287 20.792 0.168
2766.70801 20.516 0.112
2766.71876 20.809 0.142
2766.72951 20.750 0.144
2766.74023 20.734 0.146
2766.75101 21.223 0.222
2766.76180 21.073 0.222
2767.48253 20.927 0.308
2767.49328 20.390 0.178
2767.50404 20.707 0.259
2767.51480 21.137 0.388
2767.52552 20.354 0.207
2767.53624 20.873 0.232
2767.55841 20.731 0.186
2767.56914 20.663 0.173
2767.57991 20.910 0.227
2767.59068 21.031 0.233
2767.60777 21.369 0.325
2767.61852 20.938 0.221
2767.62922 20.788 0.180
2767.67354 20.587 0.171
2767.68428 20.404 0.128
2767.69501 20.180 0.129
2767.70573 21.592 0.393
2767.71641 21.878 0.599
2767.72712 21.123 0.296
2767.73835 21.392 0.426
2767.74905 21.020 0.291
2767.75976 20.618 0.213
2768.48886 21.246 0.565
2768.49961 20.406 0.179
2768.51036 20.619 0.234
2768.52113 21.120 0.365
2768.53186 20.790 0.259
2768.54261 21.185 0.314
2768.55424 21.579 0.436
2768.56495 21.459 0.348
2768.57573 20.927 0.207
2768.58646 20.785 0.172
2768.59718 20.748 0.158
2768.60791 20.984 0.213
2768.61900 21.096 0.253
2768.62968 20.628 0.153
2768.64039 20.612 0.137
2768.65211 20.471 0.109
2768.66287 20.695 0.138
2768.67363 20.824 0.149
2768.68434 21.112 0.192
2768.69505 21.046 0.199
2768.70579 21.318 0.282
2768.72077 20.522 0.177
2768.73151 20.985 0.228
2768.75300 21.201 0.322
2768.76372 20.750 0.218
2775.48440 20.842 0.441
2775.49515 20.809 0.406
2775.50590 20.952 0.436
2775.51661 21.078 0.448
2775.53166 20.617 0.239
2775.54240 20.763 0.363
2776.77983 20.609 0.285
2776.79056 20.797 0.376
2776.80134 20.469 0.243
2776.81208 20.194 0.222
2776.82283 20.516 0.253
2777.47630 20.886 0.298
2777.48705 20.804 0.261
2777.49780 20.533 0.176
2777.50851 20.508 0.176
2777.51986 20.728 0.213
2777.53578 20.849 0.247
2777.54651 20.817 0.259
2777.55727 20.985 0.306
2777.56800 20.799 0.272
2777.57875 21.243 0.399
2777.59419 20.798 0.222
2777.60493 20.317 0.146
2777.61566 20.507 0.144
2777.62639 20.452 0.137
2777.63709 20.546 0.151
2777.64780 20.348 0.134
2777.66469 20.549 0.160
2777.68036 21.032 0.252
2777.69109 21.642 0.443
2777.70187 21.307 0.338
2777.71261 21.461 0.357
2777.72331 21.147 0.291
2777.73402 20.840 0.207
2777.74660 20.841 0.181
2777.75731 20.514 0.169
2777.76803 20.466 0.172
2777.77873 20.930 0.319
2777.78949 21.379 0.535
2777.80028 21.020 0.389
2777.81202 20.660 0.262
2777.82277 20.910 0.362
2783.55253 20.739 0.163
2784.50873 21.136 0.262
2785.49549 20.996 0.265
2785.50622 20.870 0.228
2785.52121 21.120 0.293
2785.53198 20.422 0.160
2785.54271 20.876 0.233
2785.55349 20.805 0.207
2785.56420 20.705 0.181
2786.48132 20.477 0.288
2786.50277 20.387 0.218
2786.51533 20.770 0.264
2787.57426 21.171 0.258
2793.47120 20.956 0.339
2793.48127 20.719 0.250
2793.49138 20.976 0.349
2793.50303 21.960 0.727
2793.51312 20.696 0.239
2793.52705 20.694 0.220
2794.48138 20.524 0.222
2794.49146 20.875 0.284
2794.50152 20.750 0.230
2794.52218 20.576 0.168
2795.55775 20.724 0.143
2796.47799 20.778 0.144
2796.48870 20.568 0.120
2796.50359 20.729 0.124
2796.51438 20.802 0.131
2796.52511 20.786 0.130
2796.53586 21.296 0.198
2797.49597 21.039 0.162
2797.50669 21.266 0.203
2797.51745 20.990 0.154
2797.52820 20.754 0.127
2804.46485 20.513 0.276
2804.47558 20.168 0.204
2804.48631 20.717 0.528
2804.49709 20.106 0.243
2804.50984 20.945 0.492
2804.52061 20.630 0.386
2804.53611 20.828 0.324
2804.54688 20.277 0.243
2804.55762 21.113 0.390
2804.56837 21.033 0.318
2804.57910 21.223 0.496
2804.58983 21.079 0.413
2804.60395 20.795 0.287
2804.61471 21.152 0.546
2804.62539 20.409 0.219
2804.63613 20.382 0.226
2804.65005 20.946 0.367
2804.66080 20.412 0.253
2804.67154 20.670 0.284
2804.68229 21.087 0.407
2804.69303 20.415 0.249
2804.70815 23.188 2.722
2804.71889 21.719 0.924
2804.72960 21.133 0.573
2804.74034 20.931 0.426
2804.75106 20.714 0.448
2804.76180 20.357 0.300
2809.49190 20.612 0.152
2809.50267 20.783 0.168
2809.51341 20.918 0.210
2809.52412 20.589 0.160
2809.53489 21.115 0.248
2810.47224 20.758 0.172
2810.48295 20.546 0.136
2810.49371 20.689 0.138
2810.50445 20.855 0.171
2810.51517 21.299 0.269
2810.52589 20.831 0.173
2811.48074 20.801 0.194
2811.49146 21.000 0.245
2811.50220 21.132 0.267
2811.51291 20.938 0.236
2811.52365 20.850 0.205
2812.48048 20.921 0.184
2812.49121 20.733 0.151
2812.50194 20.872 0.156
2812.51270 20.737 0.154
2813.47515 20.510 0.237
2813.48590 20.749 0.206
2813.49661 20.586 0.234
2813.50737 20.795 0.228
2813.51811 21.033 0.239
2814.46434 20.845 0.252
2814.48365 20.668 0.168
2814.49438 20.930 0.225
2814.50511 20.698 0.194
2814.51584 20.941 0.235
2815.45778 20.442 0.201
2815.46850 20.786 0.230
2815.47924 21.379 0.372
2815.48999 20.762 0.228
2815.50069 21.019 0.270
2815.51138 22.770 1.415
2816.47087 20.946 0.231
2816.48159 21.109 0.221
2816.49421 21.275 0.221
2816.50493 21.033 0.176
2816.51567 21.022 0.190
2817.47129 21.009 0.284
2817.48206 21.018 0.311
2817.49283 20.495 0.197
2817.50356 20.441 0.163
2817.51428 20.700 0.186
2818.46069 20.792 0.236
2818.47145 20.750 0.175
2818.48220 20.877 0.196
2818.49294 20.563 0.165
2818.50369 20.809 0.176
2819.47067 20.481 0.180
2819.48139 20.647 0.204
2819.50326 20.414 0.144
2819.51405 21.576 0.404
2820.46894 20.641 0.189
2820.47967 20.919 0.208
2820.49040 21.267 0.313
2821.46345 20.871 0.202
2821.47417 21.361 0.313
2821.48488 21.228 0.286
2821.49562 21.003 0.199
2830.47041 21.491 0.469
2830.52420 20.693 0.260
2831.46957 20.923 0.267
2831.48292 20.509 0.151
2831.48889 20.833 0.229
2831.50009 20.284 0.114
2831.51861 20.418 0.153
2831.52973 20.851 0.262
2831.54049 20.955 0.333
2831.55447 21.671 0.589
2831.56518 20.911 0.238
2831.58064 21.013 0.280
2831.59508 21.168 0.342
2831.60584 20.877 0.270
2831.61654 20.832 0.259
2831.62732 20.813 0.256
2831.63804 20.678 0.271
2831.64882 20.338 0.174
2831.66135 21.018 0.326
2831.67210 21.165 0.367
2831.68332 21.139 0.328
2831.69404 21.093 0.415
2831.70479 20.953 0.358
2832.47199 20.409 0.133
2832.48275 20.932 0.199
2832.49352 20.603 0.167
2832.50423 20.730 0.177
2832.51498 20.755 0.211
2832.52566 20.973 0.264
2832.54200 21.407 0.412
2832.55274 21.465 0.426
2832.57596 20.777 0.210
2832.58666 20.733 0.202
2832.59803 20.820 0.223
2832.60924 20.497 0.188
2832.62399 20.536 0.207
2832.63476 20.401 0.198
2832.64550 20.665 0.243
2832.65622 20.858 0.329
2832.66695 20.866 0.308
2832.67872 21.155 0.389
2832.68950 20.934 0.301
2832.70026 20.748 0.285
2832.71095 20.584 0.219
2833.48629 20.685 0.274
2833.68488 20.769 0.336
2833.69563 20.736 0.287
2833.70636 20.850 0.333
2845.47032 20.489 0.209
2845.49176 20.543 0.226
2845.50249 20.310 0.169
2845.51323 20.665 0.214
2845.52394 20.414 0.178
3078.70531 20.500 0.114
3078.71609 20.776 0.143
3078.72676 20.671 0.120
3078.73748 20.738 0.121
3078.74818 21.048 0.159
3078.76303 21.133 0.196
3078.77370 21.657 0.305
3078.78439 20.918 0.147
3078.79506 20.636 0.103
3078.80579 20.822 0.122
3078.81648 20.585 0.101
3079.72721 21.235 0.165
3079.73793 21.157 0.148
3079.74863 21.079 0.136
3079.75935 20.946 0.124
3079.77009 21.036 0.137
3080.72161 21.401 0.261
3080.73232 20.496 0.117
3080.74304 20.789 0.150
3080.75380 20.509 0.128
3081.69201 21.164 0.178
3081.70329 20.862 0.132
3081.71402 20.551 0.115
3081.72532 20.629 0.125
3081.73796 20.796 0.134
3082.71946 20.678 0.099
3082.73053 20.703 0.095
3082.74124 20.609 0.086
3082.75197 20.667 0.097
3083.70619 20.741 0.114
3083.71689 20.710 0.113
3083.72756 20.904 0.131
3084.69777 20.755 0.137
3084.70846 21.286 0.205
3084.71915 21.386 0.220
3084.72986 21.413 0.221
3085.69188 21.253 0.221
3085.70261 21.264 0.220
3085.71330 21.049 0.186
3086.67163 20.813 0.155
3086.68265 20.939 0.161
3086.69336 20.671 0.111
3086.70407 20.622 0.114
3086.71479 20.740 0.117
3087.68838 20.784 0.172
3087.69910 20.824 0.143
3087.70978 20.720 0.132
3088.68502 20.826 0.162
3088.69577 20.776 0.133
3088.70696 20.929 0.152
3088.71768 21.369 0.216
3089.67509 21.263 0.212
3089.68581 21.040 0.168
3089.69653 20.843 0.144
3089.70766 21.188 0.183
3090.68183 20.921 0.171
3090.69256 21.217 0.197
3090.70330 20.666 0.117
3090.71398 20.513 0.105
3091.68249 20.626 0.116
3091.69315 20.527 0.108
3091.70383 20.636 0.116
3091.71452 20.869 0.145
3092.65065 22.247 0.907
3092.66136 20.564 0.161
3092.67208 20.834 0.162
3092.68281 20.741 0.174
3092.69353 20.604 0.126
3092.70423 20.771 0.164
3092.72128 21.218 0.203
3096.63309 21.194 0.311
3096.64478 21.122 0.297
3096.65547 20.351 0.157
3096.66620 20.496 0.157
3096.67692 20.845 0.264
3096.68759 20.924 0.253
3096.69832 20.533 0.144
3096.71014 20.923 0.236
3096.72086 21.215 0.247
3096.73159 20.672 0.147
3097.64978 20.434 0.120
3097.66047 20.516 0.129
3097.67669 20.717 0.146
3097.68741 20.493 0.108
3097.69813 20.783 0.153
3097.70884 20.941 0.179
3098.65739 20.808 0.154
3098.66807 20.809 0.141
3098.67877 20.941 0.161
3098.68949 20.968 0.163
3098.70019 21.462 0.249
3099.64838 21.453 0.492
3099.65907 21.121 0.348
3099.66973 20.999 0.262
3100.67052 20.470 0.139
3100.68124 20.710 0.185
3100.69193 20.819 0.213
3101.61204 21.644 0.597
3101.62270 20.746 0.224
3101.63343 20.675 0.229
3101.64416 20.749 0.237
3101.65939 20.555 0.203
3101.67008 20.946 0.329
3101.68081 20.538 0.166
3101.69151 20.734 0.239
3102.65581 20.635 0.161
3102.66997 21.119 0.247
3102.68191 20.623 0.149
3103.64917 20.862 0.198
3103.65983 20.944 0.325
3103.67051 20.893 0.222
3103.68123 22.180 0.669
3104.64474 21.042 0.207
3104.65551 21.093 0.209
3104.66622 20.837 0.160
3104.67693 21.077 0.194
3104.68762 20.654 0.115
3105.63567 21.152 0.201
3105.64635 20.964 0.176
3105.65706 21.146 0.193
3105.66775 20.821 0.153
3105.67848 20.709 0.136
3105.68915 20.710 0.134
3105.70099 20.640 0.125
3105.71610 20.826 0.165
3106.63889 20.692 0.115
3106.65145 20.613 0.125
3106.66217 20.476 0.093
3106.67442 20.795 0.126
3106.68512 20.530 0.097
3107.65094 20.672 0.153
3107.66204 20.684 0.152
3107.67317 20.746 0.141
3107.68388 20.776 0.140
3108.64003 20.587 0.109
3108.65357 20.980 0.157
3108.66428 20.944 0.155
3109.62311 20.801 0.136
3109.63386 20.954 0.168
3109.64571 21.304 0.216
3109.65645 21.043 0.162
3109.66715 20.881 0.158
3110.63547 20.914 0.238
3110.64619 20.538 0.149
3110.65693 20.677 0.186
3111.61431 20.723 0.198
3111.62504 20.598 0.165
3111.63575 20.660 0.200
3111.64644 20.827 0.216
3112.62040 20.320 0.095
3112.63110 20.798 0.147
3112.64598 20.498 0.114
3112.65669 20.566 0.109
3113.59999 20.460 0.135
3113.61068 20.730 0.177
3113.62139 20.532 0.137
3113.63208 20.570 0.144
3113.64276 20.770 0.182
3113.65345 21.284 0.298
3114.62393 21.163 0.186
3114.63463 20.950 0.141
3114.64533 20.743 0.131
3114.65599 20.804 0.130
3115.63044 20.722 0.165
3116.60655 20.700 0.172
3116.61727 20.523 0.145
3116.62796 20.737 0.176
3116.63874 21.046 0.250
3116.64942 20.584 0.162
3118.67258 21.700 0.455
3118.68594 20.575 0.172
3122.52888 21.049 0.341
3122.54703 21.652 0.614
3122.55804 20.498 0.181
3122.56917 20.365 0.170
3122.58622 20.314 0.151
3122.59728 20.704 0.222
3122.61290 20.466 0.146
3122.62446 20.970 0.250
3124.58420 21.224 0.378
3124.59957 21.117 0.337
3124.61070 21.006 0.294
3124.62143 20.862 0.233
3124.63210 20.924 0.243
3125.56743 20.786 0.200
3125.57838 22.112 0.727
3125.58942 20.661 0.211
3125.60053 20.719 0.230
3128.56107 20.461 0.120
3128.57180 20.505 0.130
3128.58253 21.232 0.243
3128.59320 20.723 0.151
3130.54086 20.844 0.285
3130.55207 21.374 0.555
3130.56278 21.787 0.693
3130.57386 21.076 0.297
3130.58516 22.608 1.241
3130.59631 20.623 0.184
3131.55610 21.041 0.416
3131.56725 21.025 0.365
3131.57835 20.941 0.342
3131.58944 20.499 0.193
3132.56700 20.539 0.145
3132.57772 20.807 0.182
3132.58876 20.527 0.127
3132.59948 20.678 0.148
3132.61016 20.705 0.166
3132.62087 20.842 0.195
3132.63154 21.199 0.274
3132.64228 20.702 0.150
3132.65810 20.656 0.147
3132.70332 20.684 0.155
3132.71405 20.668 0.166
3132.72475 20.794 0.183
3132.73543 20.828 0.211
3132.74619 20.689 0.215
3132.76891 21.597 0.496
3132.77961 20.854 0.238
3132.79036 20.967 0.285
3132.80110 20.986 0.255
3132.81183 20.601 0.186
3132.82747 20.342 0.148
3132.83817 20.437 0.201
3132.84888 20.678 0.206
3132.86020 20.479 0.213
3132.87545 20.337 0.219
3132.88617 20.524 0.245
3133.57556 20.618 0.121
3133.58658 21.204 0.189
3133.59727 21.780 0.319
3133.60797 21.056 0.170
3133.61866 21.416 0.228
3133.62931 20.926 0.144
3133.63999 20.997 0.155
3133.65822 20.710 0.131
3133.66963 20.617 0.125
3133.68033 21.067 0.187
3133.69102 20.860 0.158
3133.70173 20.921 0.175
3133.73173 20.908 0.192
3133.74241 20.699 0.174
3133.75313 21.172 0.271
3133.76383 20.898 0.202
3133.77454 20.865 0.221
3133.78526 20.579 0.168
3133.79644 20.769 0.206
3133.80716 20.721 0.215
3133.81787 20.654 0.210
3133.82860 20.623 0.219
3133.83991 20.481 0.190
3133.85065 21.363 0.463
3133.86167 20.260 0.193
3133.87269 22.050 0.831
3135.51268 20.644 0.227
3135.52340 21.205 0.384
3135.53412 22.168 0.913
3135.54483 21.503 0.507
3135.55554 21.031 0.296
3135.57104 21.201 0.364
3135.58177 20.466 0.158
3135.59245 20.785 0.210
3135.60317 20.932 0.229
3135.61389 20.646 0.150
3137.47225 21.166 0.376
3137.48297 20.694 0.219
3137.49368 20.864 0.257
3137.50966 20.377 0.164
3137.52034 20.595 0.199
3137.53104 20.850 0.258
3137.54716 20.551 0.145
3137.55789 20.594 0.180
3137.56859 20.514 0.195
3137.58934 21.456 0.455
3137.60775 20.778 0.257
3138.50615 20.685 0.184
3138.51684 20.666 0.169
3138.52757 20.629 0.138
3138.54062 20.653 0.139
3138.55137 20.641 0.136
3138.56210 21.000 0.170
3138.57280 20.724 0.131
3138.58345 21.220 0.218
3139.49445 20.815 0.210
3139.50519 20.810 0.194
3139.51590 20.272 0.129
3139.52661 20.651 0.230
3139.53738 21.272 0.376
3139.55954 21.771 0.401
3139.57025 21.255 0.238
3139.57423 21.164 0.226
3139.58494 20.830 0.144
3139.61469 20.886 0.182
3139.62539 20.336 0.117
3140.55030 20.524 0.155
3140.56140 20.723 0.175
3140.57207 20.249 0.112
3141.56347 20.626 0.175
3141.57414 20.812 0.190
3141.58488 20.880 0.199
3142.47794 20.764 0.194
3142.48870 21.029 0.224
3142.49943 20.559 0.128
3142.51012 20.669 0.140
3142.53358 20.558 0.141
3142.54472 20.666 0.148
3142.55542 20.796 0.169
3142.56618 20.962 0.184
3144.53675 21.393 0.243
3144.54746 20.957 0.171
3144.55816 21.007 0.200
3144.56890 20.673 0.164
3144.57962 20.339 0.103
3145.54109 20.894 0.297
3145.55180 20.721 0.231
3145.56248 20.597 0.188
3145.57320 20.860 0.268
3145.58604 20.378 0.162
3145.59667 20.271 0.144
3145.60738 20.311 0.141
3145.61870 20.528 0.161
3145.62944 20.695 0.169
3145.64012 21.290 0.285
3145.65083 21.138 0.215
3145.66162 21.032 0.217
3146.54236 20.811 0.169
3146.55302 20.936 0.205
3146.56371 21.348 0.300
3146.59453 21.546 0.359
3146.60524 21.065 0.209
3146.61593 21.989 0.456
3147.50909 20.535 0.196
3147.52033 20.202 0.126
3147.53252 20.538 0.173
3147.54319 20.598 0.180
3147.55385 20.384 0.153
3147.56463 21.998 0.686
3147.57534 20.543 0.190
3147.58603 20.911 0.216
3147.59728 21.411 0.358
3147.60798 21.755 0.487
3151.48212 21.205 0.273
3151.49312 20.642 0.165
3151.50383 20.676 0.154
3151.51454 20.728 0.146
3151.52522 20.758 0.164
3151.53596 20.673 0.145
3151.54736 20.463 0.115
3152.52904 21.022 0.216
3152.54701 20.710 0.169
3152.55771 21.588 0.308
3153.49354 20.369 0.164
3153.51308 20.404 0.151
3153.52374 20.384 0.131
3153.53445 20.521 0.226
3153.54520 21.569 0.435
3153.55588 20.904 0.184
3154.51510 20.556 0.226
3154.53651 20.655 0.219
3154.55316 20.839 0.287
3154.57462 20.812 0.255
3154.58532 20.954 0.280
3156.47906 20.619 0.216
3156.49143 20.568 0.197
3156.50216 20.572 0.193
3156.51347 20.618 0.185
3156.52413 20.516 0.166
3156.53487 20.687 0.181
3158.46934 20.042 0.189
3158.48113 20.927 0.337
3158.49204 20.783 0.309
3158.50275 20.968 0.431
3158.51349 21.085 0.439
3158.52418 20.025 0.176
3159.45294 20.511 0.296
3159.46424 20.388 0.192
3159.47704 20.657 0.211
3159.48814 20.485 0.180
3159.50514 20.928 0.282
3159.51637 21.178 0.352
3159.62699 21.186 0.369
3159.64902 20.794 0.245
3159.66027 20.754 0.241
3159.67099 22.635 1.527
3160.50170 20.901 0.226
3160.51284 20.673 0.169
3160.52353 20.846 0.196
3160.53450 20.514 0.143
3160.54522 20.534 0.165
3160.55594 20.751 0.211
3160.59801 21.251 0.288
3160.60523 21.586 0.416
3160.61595 21.148 0.267
3160.63268 20.956 0.225
3160.68968 21.063 0.242
3160.70059 21.048 0.254
3160.71181 21.133 0.273
3162.45805 20.578 0.200
3162.46931 20.628 0.172
3162.48107 20.458 0.138
3162.49238 20.589 0.145
3162.50309 20.778 0.178
3162.51382 20.749 0.153
3162.52476 20.629 0.169
3163.46006 20.609 0.163
3163.47196 20.739 0.152
3163.48335 20.587 0.129
3163.49446 20.929 0.162
3163.50520 20.945 0.182
3163.51590 20.797 0.167
3164.45335 20.146 0.144
3164.46431 20.895 0.166
3164.47539 20.772 0.136
3164.48326 21.399 0.264
3164.49488 21.330 0.229
3164.50640 21.163 0.189
3164.51840 20.799 0.124
3165.44882 21.554 0.873
3165.46121 20.740 0.199
3165.47245 20.768 0.173
3165.48351 20.834 0.167
3165.49461 20.701 0.132
3165.50532 21.098 0.198
3165.51666 20.987 0.175
3167.47587 20.860 0.278
3167.48697 20.832 0.271
3167.49793 20.833 0.247
3167.51013 22.814 1.451
3168.45390 20.555 0.184
3168.46461 20.580 0.127
3168.47530 20.670 0.147
3168.48602 21.489 0.295
3168.49677 21.208 0.219
3168.50747 20.878 0.162
3169.45938 21.212 0.328
3169.47011 20.592 0.167
3169.49285 21.187 0.278
3169.50383 20.726 0.165
3171.46018 20.557 0.134
3171.47087 20.506 0.105
3171.48157 20.584 0.119
3171.49225 20.602 0.107
3171.50292 20.832 0.131
3172.48533 20.536 0.142
3172.49602 20.933 0.178
3174.45269 22.329 0.930
3174.46339 21.632 0.317
3174.47410 20.856 0.150
3174.48479 20.559 0.128
3175.45727 20.689 0.211
3175.46800 20.546 0.134
3175.47869 20.465 0.115
3175.48943 20.576 0.116
3176.45989 20.639 0.248
3176.47058 20.905 0.299
3176.47974 21.333 0.377
3178.45260 21.204 0.414
3178.46332 20.933 0.273
3178.48618 21.175 0.304
3179.45898 20.389 0.154
3179.47536 20.712 0.145
3179.48604 20.839 0.152
3180.45682 20.718 0.214
3180.46755 20.786 0.161
3183.45809 21.991 0.681
3184.45589 21.200 0.380
3185.45423 21.082 0.370
3215.48247 20.335 0.193
3215.49314 20.515 0.211
3215.50386 20.352 0.188
3215.51459 21.131 0.377
3215.51973 20.116 0.156
3216.46838 20.583 0.220
3216.47905 21.551 0.489
3216.48973 21.150 0.344
3216.50041 20.464 0.193
3216.51112 20.595 0.207
3216.52184 21.068 0.346
3216.53513 21.222 0.447
3216.54587 21.700 0.573
3216.55658 21.883 0.771
3216.56726 20.914 0.320
3216.57798 20.857 0.307
3216.58868 20.654 0.249
3216.60442 20.793 0.309
3216.61562 21.065 0.372
3216.62705 21.447 0.533
3515.67993 20.677 0.228
3515.69067 21.413 0.456
3515.70138 21.017 0.305
3516.63774 21.929 0.493
3516.64845 21.013 0.177
3516.65916 21.432 0.290
3516.66984 20.842 0.180
3516.68062 21.313 0.339
3516.69629 20.555 0.250
3516.71782 20.274 0.158
3516.72853 20.448 0.134
3516.73929 20.867 0.192
3516.74999 21.153 0.384
3516.76160 21.399 0.432
3516.77234 22.577 1.152
3516.78310 20.174 0.164
3543.63288 21.364 0.443
3543.64364 20.849 0.282
3543.65434 21.009 0.399
3543.66509 21.301 0.590
3543.67586 22.575 2.271
3543.68656 20.577 0.335
3543.69765 20.685 0.337
3570.46652 20.471 0.155
3570.47755 20.820 0.179
3570.48824 20.639 0.199
3570.49895 21.129 0.292
3570.50970 21.320 0.366
3570.52304 21.259 0.317
3570.53505 20.751 0.204
3570.54577 21.128 0.249
3570.55648 20.668 0.203
3570.56743 21.563 0.447
3570.57814 20.511 0.155
3570.58883 20.913 0.223
3570.60760 21.262 0.300
3570.61893 20.474 0.188
3570.62992 21.239 0.403
3570.65229 20.900 0.388
3571.50253 21.213 0.333
3571.51458 20.443 0.162
3571.52569 22.811 1.379
3571.53639 20.581 0.184
3571.54886 20.732 0.268
3571.55954 20.710 0.281
3571.57028 21.741 0.714
3571.58106 20.482 0.254
3571.59640 20.003 0.163
3571.60756 21.162 0.393
3571.61976 22.221 1.058
3571.63085 21.618 0.652
3870.71521 20.940 0.287
3870.72589 20.892 0.308
3870.73667 22.277 0.993
3870.74740 21.518 0.491
3870.80152 21.301 0.470
4835.85397 20.934 0.149
4835.86488 20.697 0.200
4837.85845 20.732 0.190
4838.85462 21.568 0.271
4838.86543 21.236 0.215
4839.85944 20.798 0.139
4840.85938 20.605 0.109
4840.87016 20.981 0.255
4841.86140 20.976 0.172
4843.86222 20.832 0.198
4844.86558 20.731 0.136
4846.86409 20.991 0.140
4848.85519 21.138 0.212
4848.86638 20.974 0.197
4850.87120 21.028 0.178
4851.86837 21.338 0.245
4852.86324 20.762 0.132
4852.87551 21.151 0.261
4853.86073 21.363 0.225
4853.87149 20.691 0.120
4853.88229 20.620 0.223
4854.86147 20.625 0.115
4854.87235 20.825 0.145
4855.85506 20.370 0.098
4855.86579 20.519 0.109
4855.87661 20.813 0.171
4856.85509 21.575 0.238
4856.86587 21.425 0.200
4856.87672 20.925 0.130
4857.84132 20.709 0.129
4857.85209 21.111 0.180
4857.86103 20.929 0.129
4857.87188 20.302 0.097
4858.84322 20.959 0.151
4858.85394 20.702 0.130
4858.86474 20.969 0.152
4858.87549 20.696 0.129
4858.88630 20.553 0.179
4861.81680 20.767 0.144
4861.82738 21.330 0.220
4861.83798 20.713 0.140
4861.84858 21.307 0.249
4861.85627 21.343 0.228
4861.86696 21.153 0.199
4861.87753 20.560 0.117
4861.88809 20.850 0.293
4863.80535 20.815 0.121
4863.81593 20.410 0.098
4863.82653 20.796 0.143
4863.83711 20.616 0.113
4863.84769 20.558 0.116
4863.85851 20.570 0.110
4863.86910 20.422 0.102
4863.87965 20.857 0.169
4863.89028 21.030 0.286
4865.81688 20.683 0.138
4865.82744 21.026 0.177
4865.83805 20.921 0.179
4865.84872 21.052 0.204
4866.81482 21.080 0.224
4866.82538 20.861 0.200
4866.83600 21.889 0.453
4866.85103 20.619 0.160
4867.80441 22.024 0.433
4867.81502 20.557 0.120
4867.82560 20.864 0.176
4868.82795 20.642 0.101
4868.83854 20.706 0.105
4868.85038 20.724 0.110
4869.80532 20.644 0.125
4869.81589 20.954 0.184
4869.82649 20.871 0.166
4869.83706 20.679 0.136
4869.84763 20.868 0.155
4870.80208 20.634 0.151
4870.81268 20.960 0.206
4870.82323 20.525 0.130
4870.83385 20.781 0.154
4870.84439 21.515 0.304
4871.80669 21.219 0.338
4871.81917 21.437 0.423
4871.83664 20.269 0.167
4871.84778 20.993 0.313
4871.87295 20.731 0.192
4871.88433 20.512 0.159
4871.89490 20.448 0.223
4872.79640 20.766 0.259
4872.80698 21.149 0.325
4872.81756 21.229 0.312
4872.82833 20.460 0.154
4872.83891 20.319 0.135
4873.79541 21.088 0.198
4873.80599 20.477 0.124
4873.81656 20.490 0.133
4873.82716 20.840 0.165
4873.83774 20.742 0.158
4874.78930 20.710 0.198
4874.79988 20.774 0.185
4874.81039 20.664 0.152
4874.82099 20.641 0.150
4874.83158 21.414 0.347
4875.79301 20.226 0.096
4875.80363 20.642 0.125
4875.81418 20.941 0.178
4875.82477 20.919 0.177
4875.83531 21.128 0.211
4876.78990 21.405 0.281
4876.80046 22.602 0.766
4876.81107 21.497 0.279
4876.82165 20.583 0.138
4876.83225 20.526 0.140
4877.77524 21.160 0.230
4877.78586 21.096 0.220
4877.79644 20.834 0.166
4877.80708 20.903 0.165
4877.81762 20.408 0.113
4877.82837 20.504 0.118
4878.77332 20.729 0.168
4878.78432 20.694 0.145
4878.79491 20.665 0.150
4878.80549 20.822 0.192
4878.81611 20.473 0.156
4879.76176 21.036 0.224
4879.78549 20.612 0.155
4879.79609 21.203 0.241
4879.80667 21.278 0.324
4879.81775 20.639 0.179
4879.83709 21.190 0.247
4879.84768 21.410 0.327
4879.85695 23.112 1.708
4880.79662 20.613 0.127
4880.80892 21.083 0.188
4880.81951 20.953 0.196
4880.83550 20.845 0.178
4880.84608 20.801 0.144
4880.85667 20.822 0.161
4880.86728 20.515 0.124
4880.87807 20.513 0.130
4880.88865 20.655 0.134
4880.89925 20.893 0.238
4881.76976 21.262 0.253
4881.77869 21.256 0.210
4881.78931 20.841 0.140
4881.79992 21.078 0.175
4881.81049 20.960 0.157
4881.82109 20.856 0.149
4881.83165 20.355 0.091
4881.84229 20.747 0.130
4881.85287 20.304 0.110
4881.86347 20.190 0.086
4881.87406 20.601 0.123
4881.88500 20.960 0.193
4881.89561 20.704 0.155
4882.76975 21.328 0.220
4882.78032 20.694 0.112
4882.79092 20.701 0.121
4882.80149 20.652 0.110
4882.81202 20.221 0.082
4882.82263 20.719 0.116
4882.83322 20.759 0.127
4882.84378 20.727 0.111
4882.85435 20.713 0.117
4882.86495 20.731 0.122
4882.87570 21.319 0.223
4882.88625 20.763 0.147
4882.89682 21.437 0.263
4883.69888 20.828 0.165
4883.70946 20.719 0.141
4883.72003 21.535 0.326
4883.73062 20.892 0.183
4883.74120 20.677 0.159
4883.75276 20.501 0.130
4883.76332 21.034 0.184
4883.77390 20.788 0.148
4883.78493 20.752 0.154
4883.79550 20.778 0.177
4883.80605 21.060 0.201
4883.81685 20.757 0.160
4883.82787 20.481 0.130
4884.70466 21.473 0.247
4884.71527 20.803 0.126
4884.72587 20.915 0.159
4884.73644 20.860 0.148
4884.74699 21.276 0.221
4884.75849 20.991 0.190
4884.76907 20.874 0.137
4885.72863 20.570 0.110
4885.73922 20.604 0.116
4885.74981 20.768 0.131
4885.76041 20.789 0.134
4885.77101 20.675 0.126
4885.78210 20.813 0.142
4885.79269 20.955 0.181
4886.71622 20.827 0.141
4886.72680 20.539 0.110
4886.73739 20.687 0.120
4886.74798 20.874 0.140
4886.75854 21.230 0.184
4886.77066 20.927 0.144
4887.67060 20.376 0.109
4887.68143 20.652 0.125
4887.69201 20.267 0.086
4887.70259 20.409 0.096
4887.71319 20.862 0.147
4887.72425 20.965 0.152
4887.73487 21.116 0.180
4887.75482 20.985 0.151
4887.76670 20.714 0.112
4887.77748 20.781 0.115
4888.67875 20.869 0.151
4888.68933 21.253 0.226
4888.69990 20.565 0.113
4888.71055 21.058 0.158
4888.72115 21.339 0.211
4888.73216 21.140 0.177
4888.74276 20.519 0.105
4888.75381 20.782 0.132
4888.76483 20.745 0.126
4889.67239 20.958 0.187
4889.68299 21.069 0.204
4889.69359 20.591 0.125
4890.68488 20.747 0.157
4890.69542 20.778 0.160
4890.70598 20.594 0.125
4890.71658 20.848 0.149
4890.72719 20.642 0.114
4890.73823 20.629 0.108
4890.74908 21.103 0.183
4890.76098 20.579 0.118
4891.67248 21.516 0.346
4891.68306 20.644 0.175
4891.69362 20.608 0.161
4891.70422 20.787 0.175
4891.71481 20.909 0.156
4891.72633 21.265 0.239
4891.73820 20.791 0.149
4891.74978 20.982 0.166
4892.68319 20.795 0.167
4892.69377 20.656 0.160
4892.70436 20.777 0.153
4892.71492 21.247 0.232
4892.72548 21.050 0.208
4892.73672 21.081 0.210
4892.74935 20.789 0.145
4894.66996 21.396 0.356
4894.69114 20.222 0.134
4894.76248 20.504 0.178
4895.68708 20.513 0.113
4895.69766 20.911 0.163
4895.70823 20.798 0.147
4895.71881 20.701 0.133
4895.72941 20.753 0.148
4895.74111 20.573 0.123
4896.69099 20.502 0.141
4896.70163 20.913 0.180
4896.71222 20.855 0.157
4896.72282 20.636 0.176
4896.73345 20.777 0.176
4896.74455 21.000 0.184
4896.75516 21.328 0.221
4897.66486 20.332 0.154
4897.69668 21.282 0.365
4897.72578 21.764 0.418
4897.73634 20.833 0.163
4897.74693 20.410 0.109
4898.64454 20.850 0.264
4898.68957 21.067 0.237
4898.70016 20.864 0.230
4898.71076 20.868 0.249
4898.72134 20.333 0.113
4898.73200 20.527 0.145
4898.74580 20.623 0.155
4899.67187 20.814 0.166
4899.68247 20.855 0.185
4899.69307 20.545 0.137
4899.70369 20.765 0.169
4900.71406 20.674 0.166
4900.72468 21.042 0.226
4900.73527 20.693 0.171
4900.74584 20.666 0.164
4900.75644 20.815 0.186
4900.76734 20.700 0.170
4900.77793 21.713 0.450
4900.78852 20.701 0.166
4901.69261 21.587 0.443
4901.70320 20.714 0.183
4901.71379 20.908 0.210
4901.72434 21.240 0.281
4901.73493 21.106 0.273
4901.74591 21.016 0.239
4901.75650 20.752 0.180
4901.76712 20.772 0.187
4901.77769 20.247 0.113
4902.70196 21.362 0.313
4902.71253 20.908 0.206
4902.72313 20.859 0.216
4902.73369 21.049 0.234
4902.74430 20.786 0.178
4902.75511 20.388 0.128
4902.76564 20.561 0.141
4902.77621 20.868 0.183
4902.78676 20.738 0.176
4903.68726 21.401 0.417
4903.69788 21.505 0.447
4903.70844 20.545 0.175
4903.71907 20.728 0.186
4903.72965 20.992 0.255
4903.74051 20.835 0.210
4903.75107 20.950 0.232
4903.76167 20.550 0.128
4903.77224 20.746 0.160
4904.67064 21.391 0.412
4904.68124 20.824 0.254
4904.69183 20.952 0.256
4904.70240 20.711 0.164
4904.71301 20.338 0.135
4904.72393 20.349 0.181
4904.73451 20.543 0.176
4904.74511 20.890 0.236
4904.75568 20.991 0.222
4904.76621 21.096 0.233
4905.67857 20.530 0.148
4905.77659 21.509 0.433
4905.78720 20.931 0.264
4905.79778 20.410 0.133
4905.80841 20.877 0.226
4905.81900 20.693 0.182
4907.65865 20.713 0.175
4907.66922 20.868 0.191
4907.67978 20.378 0.112
4907.69038 22.145 0.598
4907.70096 20.636 0.131
4907.71186 20.694 0.137
4907.72247 20.556 0.126
4907.73305 20.268 0.100
4907.74366 20.708 0.149
4907.75424 21.042 0.262
4907.76536 20.580 0.144
4907.77595 20.575 0.163
4907.78651 20.800 0.177
4907.80757 20.446 0.145
4907.82876 21.070 0.328
4907.83940 20.534 0.184
4907.85000 20.928 0.301
4907.86109 20.662 0.228
4907.87167 20.296 0.130
4907.88225 20.476 0.170
4907.89284 20.483 0.177
4907.90343 21.282 0.360
4907.91476 20.963 0.410
4908.69132 20.505 0.144
4908.70190 20.793 0.151
4908.71250 20.511 0.131
4908.72307 20.672 0.131
4908.73366 20.597 0.131
4908.74458 20.739 0.155
4908.75514 20.551 0.127
4908.76577 20.682 0.142
4908.77636 21.367 0.233
4908.78699 20.655 0.132
4908.79788 20.851 0.157
4908.80840 20.819 0.183
4908.81901 20.697 0.167
4908.82972 20.806 0.165
4908.84032 20.369 0.117
4908.85091 20.959 0.204
4908.86148 20.932 0.181
4908.87208 20.779 0.168
4908.88301 20.475 0.114
4908.89358 20.566 0.129
4908.90417 20.719 0.149
4908.91494 21.973 0.650
4909.66201 21.020 0.219
4909.67257 20.451 0.137
4909.68316 20.412 0.140
4909.69377 20.537 0.142
4909.70437 20.513 0.125
4909.71511 20.715 0.154
4909.72564 20.555 0.122
4909.73625 21.053 0.188
4909.74682 22.046 0.570
4909.75745 21.585 0.359
4909.76834 20.958 0.207
4909.77894 20.689 0.181
4909.78954 20.735 0.190
4909.80009 20.740 0.195
4909.81067 20.433 0.156
4909.82157 20.631 0.175
4909.83216 20.468 0.133
4909.84277 21.024 0.213
4909.85333 20.319 0.111
4909.86394 20.814 0.174
4909.87942 20.860 0.212
4909.89004 21.037 0.243
4909.90058 22.315 1.117
4910.61835 21.208 0.328
4910.62889 20.841 0.214
4910.63946 20.923 0.212
4910.65188 20.747 0.158
4910.66250 20.554 0.112
4910.67307 20.415 0.109
4910.68365 20.662 0.124
4910.69428 20.698 0.138
4910.70991 21.702 0.350
4910.72053 21.318 0.228
4910.73112 21.015 0.147
4910.74171 21.002 0.142
4910.75233 20.802 0.119
4910.76323 20.689 0.105
4911.69405 21.130 0.177
4911.70462 21.231 0.173
4912.59326 20.469 0.177
4912.60390 20.714 0.184
4912.61450 20.913 0.177
4912.62507 20.959 0.185
4912.63570 20.624 0.117
4912.64665 20.897 0.143
4912.65723 21.015 0.152
4912.66780 21.249 0.177
4912.67838 21.157 0.167
4912.68895 21.094 0.156
4912.69990 20.704 0.104
4913.59995 20.441 0.120
4913.61057 21.046 0.192
4913.62116 21.355 0.248
4913.63174 21.118 0.207
4913.64228 20.945 0.169
4913.65310 20.578 0.119
4913.66365 20.668 0.132
4913.67423 20.582 0.120
4913.68481 20.657 0.131
4913.69541 20.748 0.157
4913.70640 20.738 0.146
4914.66546 20.356 0.087
4914.67604 20.603 0.106
4914.68660 20.640 0.103
4914.69720 20.520 0.088
4915.67794 20.678 0.130
4915.68853 21.079 0.178
4915.69912 21.117 0.202
4915.71333 20.862 0.155
4915.72389 21.079 0.196
4916.61577 20.764 0.175
4916.62933 20.975 0.168
4916.63993 20.496 0.110
4916.65052 20.550 0.112
4916.66111 20.742 0.122
4916.67189 20.833 0.125
4916.68241 21.428 0.235
4916.69302 20.922 0.145
4916.70440 21.522 0.233
4917.62982 21.375 0.267
4917.64460 20.839 0.137
4917.65523 21.257 0.198
4917.66575 21.444 0.215
4917.67638 20.646 0.103
4917.71448 20.836 0.145
4918.60999 21.176 0.226
4918.62061 21.441 0.269
4918.63122 20.937 0.173
4918.64181 20.687 0.119
4918.65239 20.867 0.142
4918.66298 20.441 0.097
4919.67117 20.595 0.095
4919.68173 20.597 0.096
4919.69236 20.885 0.129
4919.70292 20.937 0.136
4919.71349 20.929 0.146
4920.65920 20.623 0.120
4920.66752 20.697 0.100
4920.67755 21.290 0.173
4920.68757 21.193 0.166
4920.69761 21.007 0.144
4920.70761 21.357 0.186
4921.65287 20.997 0.245
4921.66287 21.352 0.313
4921.67289 20.982 0.206
4921.68288 21.474 0.392
4921.69290 20.943 0.253
4921.70289 21.465 0.330
4921.71305 20.668 0.144
4924.65303 20.739 0.117
4924.66314 20.457 0.100
4924.67326 20.809 0.134
4924.68336 20.871 0.146
4924.69346 21.267 0.209
4924.70389 21.499 0.240
4925.65563 20.682 0.116
4925.66572 20.834 0.132
4925.67582 21.186 0.182
4925.68594 21.206 0.187
4925.69604 20.805 0.133
4926.59720 20.768 0.197
4926.60729 20.909 0.193
4926.61738 20.681 0.137
4926.62746 20.844 0.178
4926.63756 20.628 0.146
4926.64765 21.311 0.241
4926.65776 21.160 0.219
4926.66787 21.494 0.351
4926.67798 20.994 0.233
4926.68841 20.639 0.118
4926.69851 20.586 0.116
4927.64257 20.365 0.142
4927.65270 20.588 0.169
4927.66281 20.493 0.145
4927.67295 21.179 0.264
4927.68305 20.474 0.129
4927.69342 20.732 0.165
4928.63754 20.759 0.148
4928.64763 20.658 0.150
4928.65774 21.319 0.264
4928.66784 20.812 0.155
4928.67795 20.798 0.148
4928.68804 20.852 0.173
4929.62285 20.602 0.211
4929.63292 20.570 0.203
4929.64301 20.835 0.217
4929.65314 20.462 0.146
4929.66322 20.468 0.141
4930.63658 20.701 0.178
4930.64666 20.928 0.202
4930.65673 22.136 0.636
4930.66682 21.577 0.374
4930.67691 21.072 0.230
4930.68702 21.056 0.216
4931.63670 21.111 0.308
4931.64684 21.779 0.544
4931.65696 21.572 0.420
4931.66706 21.018 0.250
4931.67719 21.517 0.456
4932.62478 21.172 0.262
4932.63486 21.078 0.239
4932.64499 21.251 0.273
4932.65507 20.602 0.158
4932.66516 20.674 0.206
4932.67527 20.218 0.124
4933.62339 20.537 0.171
4933.63348 20.675 0.219
4933.64357 20.665 0.185
4933.65364 20.567 0.171
4933.66373 20.151 0.106
4933.67386 20.391 0.160
4934.62013 20.903 0.225
4934.63022 21.168 0.270
4934.64034 21.317 0.286
4934.65046 21.191 0.289
4934.66056 20.977 0.246
4934.67066 21.063 0.248
4934.68697 21.871 0.499
4934.69707 21.327 0.273
4934.73227 21.655 0.513
4934.74241 20.532 0.169
4935.60734 20.893 0.179
4935.61745 20.476 0.119
4935.62758 21.160 0.215
4935.63769 20.462 0.126
4935.64780 20.788 0.153
4935.65791 21.192 0.206
4935.66802 21.282 0.240
4935.67812 20.877 0.186
4935.68821 20.778 0.160
4935.69834 20.589 0.116
4935.70845 20.545 0.126
4935.71854 21.119 0.207
4935.72866 21.365 0.274
4935.73877 20.288 0.110
4935.74885 20.561 0.139
4935.77353 21.159 0.222
4935.78362 21.628 0.383
4935.79371 20.897 0.199
4935.80382 20.561 0.152
4935.81392 20.444 0.115
4935.82405 21.276 0.259
4935.83454 20.966 0.192
4935.84461 20.589 0.131
4935.85774 20.518 0.164
4935.86784 21.291 0.295
4935.87793 20.952 0.236
4935.88802 20.406 0.163
4935.89823 21.153 0.309
4935.90835 21.319 0.399
4936.60745 20.832 0.171
4936.61759 21.308 0.273
4936.62770 20.911 0.177
4936.63779 21.322 0.266
4936.64786 21.211 0.234
4936.65799 20.600 0.133
4936.66809 20.837 0.154
4936.67817 20.494 0.117
4936.68828 20.801 0.160
4936.69835 20.612 0.131
4936.70845 20.529 0.138
4936.74008 21.215 0.266
4936.77808 21.108 0.224
4936.78819 23.280 1.595
4936.79831 20.963 0.202
4936.80840 20.670 0.193
4936.81851 20.514 0.124
4936.82859 20.468 0.120
4936.83985 20.534 0.163
4936.84996 20.718 0.186
4936.86008 20.679 0.183
4936.87018 20.865 0.248
4936.88025 21.017 0.269
4936.89035 20.733 0.211
4936.90091 20.939 0.243
4936.91099 20.472 0.173
4937.60959 20.971 0.140
4937.61968 20.828 0.124
4937.62977 20.681 0.104
4937.63988 20.741 0.124
4937.64997 20.595 0.099
4937.66006 20.617 0.118
4937.67014 20.633 0.123
4937.68022 21.161 0.193
4937.69033 21.085 0.181
4937.70045 20.720 0.121
4937.71053 20.852 0.135
4937.72063 21.026 0.180
4937.73072 21.157 0.213
4937.74083 21.232 0.230
4937.75677 20.927 0.146
4937.76689 20.647 0.106
4937.77704 20.813 0.135
4937.78716 20.594 0.107
4937.79724 20.724 0.108
4937.80737 20.615 0.112
4937.81746 20.566 0.113
4937.82755 20.685 0.115
4937.83766 20.739 0.137
4937.84780 20.646 0.128
4937.85789 22.103 0.504
4937.86800 21.080 0.186
4937.87811 21.120 0.203
4937.88819 21.067 0.189
4937.89831 20.926 0.180
4938.60466 20.260 0.112
4938.61477 20.431 0.142
4938.62490 20.764 0.197
4938.63498 20.268 0.119
4938.64509 20.526 0.145
4938.65520 20.551 0.141
4939.61215 20.780 0.152
4939.62228 20.558 0.126
4939.63238 20.715 0.129
4939.64249 21.191 0.207
4939.65261 21.643 0.325
4939.66274 21.209 0.221
4940.61943 20.812 0.158
4940.62953 21.353 0.268
4940.63964 21.578 0.308
4940.64974 21.248 0.233
4940.65987 21.209 0.226
4940.87783 21.267 0.363
4940.88793 20.810 0.226
4940.89807 21.162 0.364
4941.59542 21.242 0.238
4941.60552 21.063 0.213
4941.61564 20.859 0.199
4941.62574 21.022 0.222
4941.63584 21.290 0.246
4941.64595 21.051 0.188
4941.65631 20.845 0.150
4942.60881 21.070 0.166
4942.61892 20.650 0.126
4942.62901 20.648 0.123
4942.63914 20.383 0.101
4942.64924 20.622 0.166
4943.59595 20.816 0.141
4943.60606 20.667 0.119
4943.61615 20.386 0.095
4943.62624 20.615 0.117
4943.63636 20.589 0.122
4943.64645 20.743 0.135
4944.60375 20.559 0.097
4944.61383 20.712 0.113
4944.62394 21.043 0.162
4944.63406 20.776 0.115
4944.64418 20.923 0.138
4945.58495 20.645 0.124
4945.59503 20.877 0.136
4945.60512 20.854 0.139
4945.61523 20.801 0.126
4945.62532 20.876 0.141
4945.63545 21.276 0.201
4945.88390 21.087 0.260
4946.60143 23.454 1.653
4946.61153 20.881 0.143
4946.62162 20.593 0.109
4946.63173 20.740 0.128
4946.64182 20.792 0.137
4946.87689 20.987 0.223
4947.60193 21.041 0.152
4947.61202 20.284 0.079
4947.62216 20.939 0.136
4947.63227 20.635 0.109
4947.88160 20.431 0.168
4948.60027 21.268 0.233
4948.61039 21.183 0.243
4948.62048 20.417 0.112
4948.63059 20.525 0.127
4948.64070 21.110 0.198
4948.87730 20.472 0.149
4949.58422 20.611 0.102
4949.59432 20.744 0.124
4949.60441 20.572 0.106
4949.61448 21.059 0.165
4949.62458 21.083 0.152
4949.63466 21.269 0.179
4949.84948 20.850 0.179
4949.85684 21.017 0.198
4949.86693 20.665 0.144
4949.87702 20.371 0.116
4950.58207 21.007 0.205
4950.59218 21.273 0.255
4950.60229 20.869 0.162
4950.61238 21.056 0.172
4950.62248 20.835 0.143
4950.63260 20.932 0.164
4951.56407 21.119 0.276
4951.57419 21.645 0.459
4951.58429 21.131 0.209
4951.59439 21.357 0.238
4951.60449 21.032 0.170
4951.61460 20.922 0.147
4951.62494 20.662 0.109
4951.86809 21.300 0.456
4952.57296 20.824 0.159
4952.58303 21.311 0.249
4952.59312 20.895 0.163
4952.60321 20.726 0.125
4952.61333 20.636 0.108
4952.62343 20.490 0.095
4952.86006 20.811 0.201
4952.87018 20.779 0.203
4953.57627 20.494 0.116
4953.58636 20.832 0.153
4953.59649 20.483 0.117
4953.60656 20.878 0.158
4953.61665 20.749 0.146
4954.56700 20.494 0.124
4954.57710 20.721 0.142
4954.58722 20.752 0.156
4954.59730 20.575 0.131
4954.60740 21.287 0.254
4954.61752 21.247 0.240
4955.57160 21.162 0.221
4955.58169 21.732 0.386
4955.59178 20.736 0.146
4955.61202 21.054 0.214
4964.59404 20.923 0.188
4964.60444 20.839 0.186
4964.61930 21.438 0.279
4964.62964 21.407 0.244
4964.63966 20.950 0.162
4964.64965 20.573 0.129
4964.66033 20.991 0.217
4964.67033 20.832 0.180
4965.59421 21.640 0.394
4965.60451 20.773 0.173
4965.61449 20.578 0.223
4965.62450 20.206 0.121
4965.63450 21.173 0.285
4965.64495 21.224 0.304
4965.65495 20.812 0.212
4965.66494 20.219 0.117
4965.67494 22.375 1.261
4966.52535 20.801 0.191
4966.53589 22.084 0.704
4966.54591 20.739 0.166
4966.55591 20.988 0.213
4966.56615 21.171 0.252
4966.57617 20.414 0.122
4966.58620 20.847 0.178
4966.59677 20.469 0.118
4966.60677 20.443 0.112
4966.61680 20.767 0.151
4966.62720 20.659 0.151
4966.63717 21.249 0.281
4966.64717 20.770 0.182
4966.65747 21.030 0.217
4967.56502 20.734 0.147
4967.57558 20.625 0.122
4967.58557 20.734 0.116
4967.59583 20.951 0.155
4967.60584 20.841 0.133
4967.61583 20.794 0.124
4967.62640 20.862 0.146
4967.63645 21.106 0.220
4967.64645 21.123 0.234
4967.65039 21.443 0.301
4967.66042 20.977 0.184
4967.67040 20.964 0.170
4967.68040 21.128 0.224
4967.69040 21.100 0.227
4968.51733 21.407 0.443
4968.52731 20.249 0.130
4968.56268 20.908 0.193
4968.57268 20.821 0.170
4968.58269 20.565 0.131
4968.59270 20.998 0.183
4968.60269 21.196 0.185
4968.62725 21.438 0.248
4968.63724 20.713 0.141
4968.64726 20.869 0.156
4968.65729 20.815 0.139
4969.61962 20.776 0.130
4969.63001 21.122 0.185
4969.66039 20.449 0.121
4970.56407 20.686 0.145
4970.57552 20.623 0.167
4970.58552 21.179 0.200
4970.59552 21.611 0.314
4970.60551 20.951 0.168
4970.61554 20.828 0.134
4970.62581 20.630 0.123
4970.63580 20.875 0.159
4970.64579 20.574 0.129
4970.65577 20.787 0.139
4970.66995 20.913 0.143
4972.49673 21.106 0.236
4972.50727 20.959 0.188
4972.51756 20.703 0.142
4972.52798 20.888 0.181
4972.53801 21.293 0.269
4972.54800 20.623 0.149
4972.55863 20.695 0.142
4972.56866 20.634 0.121
4972.57869 20.895 0.179
4972.59280 20.461 0.105
4972.60631 20.755 0.147
4972.62809 21.672 0.313
4972.63809 21.742 0.383
4972.64808 21.376 0.266
4972.66207 20.611 0.139
4973.47253 21.320 0.288
4973.48293 21.036 0.228
4973.49752 20.841 0.187
4973.50800 20.615 0.139
4973.51799 20.525 0.144
4973.52799 20.558 0.128
4973.53800 20.576 0.129
4973.55325 20.971 0.165
4973.56324 20.707 0.143
4973.57326 20.304 0.100
4973.58329 21.203 0.203
4973.60059 22.099 0.409
4973.61142 21.142 0.148
4973.62142 20.883 0.122
4973.63143 20.779 0.132
4973.64200 21.099 0.163
4973.65201 20.589 0.093
4973.66200 21.010 0.159
4973.67698 20.860 0.141
4974.51208 20.822 0.217
4974.52376 20.508 0.169
4974.55744 23.082 1.829
4974.56745 21.338 0.310
4974.57744 21.576 0.402
4974.58788 21.663 0.415
4974.59788 21.174 0.224
4974.60788 21.108 0.220
4974.62300 20.482 0.124
4974.63325 20.727 0.146
4974.64325 20.857 0.175
4974.65323 20.688 0.137
4974.66366 20.574 0.130
4974.67405 21.075 0.196
4974.68508 21.028 0.192
4975.49067 20.040 0.147
4975.50132 21.175 0.313
4975.51178 20.596 0.170
4975.52175 21.823 0.549
4975.53177 21.354 0.446
4975.54207 21.515 0.430
4975.55206 20.522 0.162
4975.56209 20.779 0.171
4975.57275 21.377 0.305
4975.58278 21.077 0.230
4975.59276 20.996 0.211
4975.60328 20.767 0.166
4975.61331 20.692 0.152
4975.62331 21.048 0.232
4975.63363 20.823 0.197
4975.64361 20.763 0.172
4977.49611 21.257 0.273
4977.50655 20.468 0.136
4977.51692 20.473 0.134
4977.52755 20.388 0.109
