3402.86095 19.567 0.104
3403.81690 19.375 0.070
3403.82811 19.468 0.085
3403.83930 19.429 0.079
3403.85057 19.519 0.092
3403.86670 19.550 0.087
3403.87826 19.551 0.099
3403.88947 19.663 0.157
3404.73044 19.443 0.088
3404.74525 19.488 0.083
3404.76004 19.646 0.089
3404.77126 19.662 0.088
3404.78246 19.486 0.077
3404.79763 19.703 0.094
3404.80884 19.453 0.073
3404.82160 19.441 0.073
3404.83284 19.447 0.075
3404.84405 19.513 0.072
3404.85527 19.436 0.068
3404.86646 19.322 0.061
3404.87765 19.422 0.073
3404.88944 19.337 0.087
3405.69717 19.515 0.085
3405.70979 19.287 0.068
3405.72100 19.365 0.077
3405.73530 19.426 0.089
3405.74651 19.334 0.066
3405.75772 19.387 0.064
3405.76889 19.465 0.071
3405.78008 19.508 0.077
3405.79127 19.559 0.081
3405.80275 19.392 0.069
3405.81395 19.530 0.076
3405.82514 19.593 0.099
3405.84255 19.561 0.088
3405.85378 19.643 0.106
3405.87056 19.323 0.072
3405.88177 19.497 0.088
3405.89300 19.360 0.161
3406.70150 19.633 0.085
3406.71270 19.611 0.081
3406.72387 19.358 0.070
3406.73524 19.456 0.082
3406.74640 19.375 0.078
3406.75758 19.561 0.085
3406.76878 19.343 0.063
3406.77998 19.353 0.067
3406.79122 19.358 0.066
3406.80260 19.417 0.071
3406.81384 19.602 0.109
3406.82509 19.765 0.117
3406.83631 19.653 0.102
3406.84754 19.486 0.079
3406.85876 19.681 0.104
3406.87412 19.482 0.079
3406.88825 19.473 0.093
3407.70805 19.478 0.082
3407.71928 19.745 0.108
3407.73051 19.761 0.131
3407.74172 19.700 0.114
3407.75312 19.542 0.085
3407.76433 19.540 0.086
3407.77554 19.400 0.079
3407.78677 19.781 0.122
3407.79799 19.452 0.097
3407.80924 19.446 0.095
3407.82176 19.525 0.099
3407.83302 19.639 0.103
3407.84423 19.432 0.078
3407.85548 19.494 0.091
3407.86667 19.541 0.081
3407.87785 19.544 0.079
3407.88923 19.547 0.083
3408.71627 19.500 0.079
3408.72749 19.755 0.106
3408.73874 19.570 0.090
3408.75009 19.583 0.089
3408.76132 19.580 0.085
3408.77250 19.680 0.095
3408.78367 19.543 0.087
3408.79485 19.505 0.086
3408.80783 19.672 0.090
3408.81904 19.577 0.090
3408.83188 19.424 0.084
3408.84316 19.410 0.085
3408.85438 19.462 0.088
3408.86557 19.594 0.094
3408.87678 19.666 0.098
3409.67898 19.392 0.076
3409.69018 19.371 0.072
3409.70142 19.426 0.078
3409.71264 19.436 0.084
3409.72384 19.253 0.070
3409.73500 19.680 0.092
3409.74654 19.387 0.069
3409.75777 19.698 0.090
3409.76900 19.571 0.077
3409.78020 19.437 0.062
3409.79135 19.429 0.070
3409.80263 19.530 0.069
3409.81680 19.505 0.064
3409.83919 19.403 0.062
3409.85039 19.304 0.059
3409.86155 19.542 0.075
3410.69775 19.503 0.088
3410.70899 19.461 0.085
3410.72019 19.561 0.116
3410.73218 19.340 0.088
3410.74337 19.393 0.081
3410.76147 19.450 0.082
3410.77625 19.571 0.087
3410.79106 19.359 0.071
3410.80580 19.459 0.075
3410.82574 19.929 0.143
3410.84063 19.594 0.099
3410.85199 19.719 0.114
3410.86330 19.614 0.095
3411.71579 19.692 0.131
3411.72701 19.643 0.111
3411.75716 19.636 0.127
3411.76833 19.562 0.106
3411.81927 19.459 0.101
3411.83050 19.651 0.115
3411.84171 19.518 0.096
3411.85293 19.867 0.149
3411.86411 19.544 0.092
3412.67694 19.790 0.184
3412.71664 19.472 0.133
3412.75678 19.390 0.107
3412.79589 19.541 0.122
3412.80712 19.586 0.137
3412.82537 19.285 0.096
3412.84116 19.192 0.086
3412.85235 19.358 0.088
3412.86355 19.321 0.090
3413.66803 19.321 0.085
3413.67930 19.342 0.087
3413.69048 19.510 0.100
3413.70169 19.320 0.080
3413.72409 19.733 0.132
3413.73563 19.521 0.093
3413.74682 19.437 0.086
3413.76599 19.478 0.082
3413.77718 19.395 0.083
3413.78841 19.493 0.098
3413.79961 19.651 0.106
3413.81078 19.279 0.077
3413.82203 19.704 0.115
3413.83372 19.770 0.126
3413.84576 19.385 0.085
3413.85694 19.595 0.108
3414.65274 19.918 0.166
3414.66396 19.623 0.122
3414.67519 19.661 0.138
3414.68638 19.585 0.109
3414.69756 19.371 0.099
3414.71257 19.274 0.085
3414.72382 19.368 0.089
3414.73504 19.498 0.100
3414.74618 19.481 0.095
3414.75737 19.441 0.091
3414.77200 19.559 0.085
3414.79950 19.566 0.088
3414.81076 19.573 0.090
3414.82613 19.470 0.081
3414.83733 19.639 0.098
3414.84858 19.432 0.072
3414.85980 19.634 0.098
3415.66069 19.712 0.101
3415.67190 19.711 0.102
3415.68308 19.683 0.093
3415.70141 19.561 0.088
3415.71263 19.382 0.062
3415.72384 19.456 0.067
3415.73506 19.491 0.076
3415.75292 19.360 0.062
3415.76413 19.453 0.060
3415.77830 19.375 0.056
3415.78948 19.507 0.060
3415.83159 19.600 0.070
3415.85006 19.518 0.059
3416.64104 19.422 0.102
3416.65224 19.475 0.098
3416.66344 19.540 0.096
3416.67472 19.544 0.098
3416.68590 19.430 0.085
3416.71243 19.565 0.105
3416.72362 19.713 0.114
3416.73481 19.710 0.114
3416.74601 19.417 0.083
3416.75720 19.559 0.096
3416.76839 19.465 0.081
3416.77998 19.596 0.116
3416.79122 19.352 0.094
3416.80568 19.343 0.075
3416.81692 19.535 0.092
3416.82815 19.554 0.089
3416.83932 19.373 0.078
3416.85055 19.380 0.086
3417.64654 19.421 0.100
3417.65770 19.375 0.090
3417.67287 19.369 0.082
3417.68404 19.373 0.077
3417.69527 19.495 0.103
3417.70647 19.444 0.085
3417.71767 19.520 0.079
3417.73503 19.429 0.074
3417.74627 19.477 0.079
3417.75744 19.725 0.104
3417.76865 19.565 0.083
3417.77986 19.513 0.082
3417.79107 19.465 0.073
3417.81854 19.470 0.077
3417.82976 19.439 0.067
3417.84098 19.451 0.065
3417.85221 19.391 0.068
3418.65117 19.638 0.125
3418.66238 19.725 0.137
3418.67354 19.473 0.101
3418.68473 19.387 0.104
3418.69597 19.749 0.143
3418.70719 19.485 0.108
3418.71874 19.361 0.100
3418.72997 19.526 0.102
3418.75062 19.208 0.093
3418.76182 19.729 0.104
3418.77552 19.756 0.115
3419.64127 19.631 0.115
3419.65249 19.574 0.107
3419.66372 19.635 0.116
3419.67486 19.478 0.099
3419.68608 19.411 0.093
3419.69728 19.389 0.091
3419.70882 19.672 0.115
3419.72004 19.861 0.137
3419.73121 19.514 0.096
3419.74245 19.318 0.067
3419.75369 19.480 0.090
3419.77459 19.456 0.072
3419.78578 19.484 0.077
3419.79697 19.594 0.084
3419.80816 19.456 0.077
3419.82865 19.448 0.070
3419.83982 19.581 0.079
3420.64642 19.180 0.076
3420.65765 19.662 0.136
3420.67883 19.696 0.117
3420.69007 19.702 0.116
3420.70126 19.530 0.108
3420.74463 19.625 0.104
3420.75584 19.472 0.080
3420.76705 19.487 0.086
3420.77824 19.385 0.070
3420.78940 19.403 0.073
3420.80064 19.608 0.087
3420.81244 19.428 0.080
3420.82361 19.582 0.090
3420.83484 19.227 0.082
3420.84604 19.435 0.091
3421.62984 19.526 0.101
3421.64100 19.399 0.083
3421.65557 19.191 0.075
3421.66678 19.420 0.090
3421.67796 19.464 0.087
3421.68923 19.493 0.093
3421.70045 19.566 0.094
3421.70922 19.524 0.093
3421.74719 20.034 0.239
3421.76266 19.392 0.074
3421.77390 19.422 0.082
3421.78508 19.500 0.082
3421.79634 19.553 0.088
3421.80757 19.667 0.091
3421.82383 19.530 0.077
3421.84205 19.433 0.075
3422.62739 19.730 0.183
3422.68729 19.597 0.126
3422.70210 19.229 0.070
3422.73746 19.612 0.088
3422.75704 19.669 0.150
3422.77626 19.928 0.140
3422.79546 19.367 0.103
3422.81032 19.655 0.102
3422.82517 19.543 0.079
3423.64317 19.548 0.122
3423.65435 19.566 0.175
3423.67408 19.923 0.276
3423.75265 19.473 0.106
3423.76385 19.778 0.145
3423.77505 19.511 0.094
3423.78624 20.086 0.265
3423.81038 20.493 0.417
3424.63466 19.544 0.139
3424.64587 19.610 0.117
3424.65708 19.973 0.170
3424.66826 19.578 0.117
3424.69557 19.574 0.119
3424.70678 19.602 0.118
3424.71801 19.292 0.090
3424.72918 19.361 0.082
3424.74436 19.344 0.086
3424.76654 19.306 0.088
3424.79791 19.372 0.099
3424.80912 19.715 0.136
3424.82031 19.493 0.118
3424.83152 19.446 0.107
3425.62235 19.381 0.123
3425.64360 19.570 0.165
3425.65476 19.708 0.189
3425.66597 19.804 0.170
3425.67718 19.602 0.126
3425.69249 19.462 0.124
3425.70366 19.554 0.122
3425.71485 19.699 0.160
3425.72607 19.414 0.116
3425.74573 19.664 0.128
3425.75691 19.534 0.123
3425.76806 19.313 0.105
3425.77928 19.585 0.133
3425.79053 19.235 0.110
3425.81233 19.402 0.111
3425.82354 19.613 0.129
3426.61701 19.650 0.135
3426.62820 19.490 0.119
3426.63938 19.677 0.137
3426.66614 19.284 0.094
3426.68686 19.377 0.101
3426.69807 19.661 0.127
3426.70929 19.363 0.103
3426.72047 19.591 0.117
3426.73162 19.624 0.116
3426.74284 19.471 0.102
3426.75831 19.386 0.098
3426.78432 19.476 0.096
3426.79552 19.350 0.095
3426.80798 19.444 0.105
3426.81915 19.349 0.103
3427.63261 19.761 0.166
3427.64378 19.637 0.141
3427.66310 19.390 0.116
3427.67428 19.613 0.114
3427.68785 19.238 0.081
3427.70195 19.358 0.087
3427.71321 19.537 0.099
3427.72861 19.379 0.081
3427.73983 19.508 0.092
3427.75797 19.529 0.095
3427.76916 19.738 0.118
3427.79201 19.903 0.144
3427.80319 19.796 0.126
3427.81437 19.721 0.121
3427.82557 19.634 0.115
3428.62064 19.647 0.147
3428.64308 19.515 0.096
3428.66666 19.560 0.098
3428.67783 19.566 0.096
3428.68904 19.639 0.103
3428.70025 19.566 0.091
3428.71144 19.452 0.085
3428.72266 19.610 0.097
3428.73547 19.415 0.079
3428.74769 19.443 0.080
3428.75888 19.379 0.089
3428.77353 19.741 0.126
3428.78474 19.619 0.128
3428.81169 19.722 0.141
3428.82286 19.515 0.115
3429.61599 19.453 0.117
3429.63447 19.024 0.119
3429.67914 19.312 0.094
3429.70293 19.755 0.136
3429.75636 19.438 0.091
3429.77078 19.309 0.118
3429.79493 19.463 0.111
3429.81735 19.590 0.114
3430.61426 19.574 0.117
3430.62548 19.561 0.115
3430.64297 19.415 0.126
3430.65846 19.364 0.111
3430.66971 19.498 0.115
3430.68091 19.588 0.115
3430.69208 19.356 0.095
3430.70331 19.525 0.098
3430.71452 19.746 0.125
3430.72608 19.693 0.105
3430.73977 19.544 0.107
3430.75094 19.576 0.108
3430.76215 19.460 0.088
3430.77491 19.454 0.077
3430.78610 19.440 0.092
3430.81600 19.464 0.089
3431.61284 19.473 0.089
3431.62620 19.494 0.090
3431.63744 19.465 0.090
3431.65229 19.461 0.084
3431.66762 19.249 0.066
3431.67919 19.464 0.082
3431.69032 19.445 0.080
3431.70151 19.517 0.079
3431.71271 19.355 0.073
3431.72392 19.458 0.077
3431.73510 19.551 0.102
3431.74656 19.854 0.129
3431.75778 19.799 0.110
3431.76893 19.663 0.104
3431.78015 19.656 0.099
3431.79135 19.562 0.092
3431.80251 19.563 0.101
3431.81449 19.529 0.091
3432.60674 19.548 0.101
3432.61823 19.536 0.087
3432.63355 19.711 0.092
3432.64504 19.539 0.084
3432.65626 19.583 0.077
3432.66745 19.410 0.074
3432.67860 19.423 0.085
3432.68983 19.500 0.077
3432.70205 19.504 0.084
3432.71328 19.447 0.073
3432.72452 19.535 0.087
3432.74697 19.471 0.081
3432.75819 19.609 0.093
3432.76996 19.532 0.079
3432.78116 19.517 0.077
3432.79235 19.536 0.076
3432.80350 19.729 0.090
3432.81475 19.490 0.076
3433.64414 19.732 0.114
3433.66457 19.543 0.096
3433.67611 19.621 0.086
3433.68731 19.506 0.087
3433.69854 19.403 0.067
3433.70975 19.420 0.080
3433.71610 19.586 0.095
3433.72734 19.390 0.064
3433.73853 19.442 0.069
3433.74967 19.409 0.078
3433.76087 19.358 0.072
3433.77207 19.612 0.085
3433.78950 19.474 0.077
3433.80069 19.458 0.073
3433.81237 19.475 0.077
3433.82363 19.766 0.102
3433.83526 19.549 0.077
3433.84642 19.706 0.088
3433.86012 19.669 0.085
3433.87176 19.425 0.071
3433.88295 19.445 0.078
3433.89447 19.401 0.077
3433.90564 19.486 0.098
3434.62397 19.348 0.069
3434.64017 19.385 0.064
3434.65175 19.420 0.068
3434.66297 19.437 0.071
3434.67417 19.579 0.077
3434.68337 19.656 0.079
3434.69454 19.549 0.070
3434.70574 19.576 0.072
3434.71694 19.576 0.070
3434.72813 19.466 0.064
3434.73448 19.443 0.062
3434.74568 19.417 0.055
3434.75685 19.515 0.063
3434.77135 19.342 0.058
3434.78675 19.445 0.068
3434.79789 19.570 0.089
3434.81008 19.439 0.074
3434.82235 19.397 0.072
3434.83384 19.714 0.124
3436.61940 19.507 0.106
3436.63171 19.623 0.108
3436.64354 19.729 0.136
3436.65626 19.602 0.094
3436.66743 19.450 0.102
3436.67862 19.391 0.092
3436.69194 19.438 0.104
3436.71135 19.473 0.085
3436.72749 19.549 0.097
3436.75178 19.568 0.124
3436.76344 19.521 0.106
3436.77463 19.495 0.081
3436.78585 19.587 0.099
3436.79704 19.408 0.088
3436.80827 19.595 0.109
3437.60664 19.363 0.080
3437.61820 19.644 0.090
3438.65231 19.591 0.088
3438.68435 19.802 0.106
3438.69601 19.526 0.102
3438.70753 19.588 0.119
3438.71879 19.639 0.113
3438.73000 19.868 0.188
3438.74168 19.642 0.114
3438.75289 19.712 0.158
3438.76412 19.374 0.100
3438.77561 19.708 0.140
3438.78773 19.572 0.127
3438.79918 19.571 0.135
3438.81127 19.518 0.125
3439.60752 19.569 0.101
3439.62310 19.349 0.082
3439.63433 19.550 0.102
3439.64550 19.715 0.116
3439.65707 19.347 0.072
3439.66830 19.336 0.067
3439.67953 19.536 0.086
3439.69109 19.565 0.092
3439.70228 19.687 0.098
3439.71348 19.635 0.093
3439.72508 19.615 0.102
3439.73630 19.593 0.093
3439.74753 19.524 0.083
3439.75926 19.511 0.078
3439.77044 19.545 0.101
3440.57758 19.623 0.108
3440.58874 19.669 0.108
3440.59993 19.907 0.144
3440.61113 19.590 0.112
3440.62234 19.559 0.113
3442.58864 19.720 0.135
3442.60031 19.542 0.104
3442.61187 19.508 0.099
3442.62307 19.667 0.111
3442.63437 19.503 0.098
3442.64589 19.729 0.119
3442.65709 19.845 0.122
3442.66834 19.558 0.091
3442.67987 19.537 0.091
3442.69111 19.583 0.097
3442.70232 19.369 0.073
3442.71435 19.596 0.110
3442.72559 19.680 0.125
3442.73683 19.410 0.083
3442.74861 19.516 0.108
3442.75985 19.309 0.074
3442.77108 19.337 0.079
3442.78264 19.674 0.125
3443.57282 19.503 0.109
3443.58584 19.572 0.105
3443.60830 19.429 0.088
3443.61952 19.718 0.122
3443.63075 19.468 0.082
3443.64603 19.532 0.085
3443.65807 19.553 0.086
3443.66970 19.622 0.084
3443.68125 19.637 0.082
3443.69249 19.637 0.080
3443.70375 19.673 0.084
3443.71526 19.407 0.067
3443.72649 19.400 0.063
3443.73770 19.495 0.065
3443.74959 19.479 0.065
3443.76081 19.418 0.059
3443.77201 19.436 0.062
3444.55933 19.476 0.089
3444.57081 19.720 0.119
3444.58272 19.601 0.110
3444.60150 19.456 0.088
3444.61327 19.666 0.107
3444.62449 19.654 0.093
3444.63578 19.682 0.098
3444.64701 19.460 0.084
3444.65826 19.506 0.080
3444.66952 19.406 0.072
3444.68527 19.554 0.092
3444.69644 19.577 0.097
3444.70774 19.664 0.122
3444.71892 19.506 0.085
3444.73711 19.743 0.109
3444.74833 19.664 0.106
3444.76263 19.685 0.118
3444.77752 19.502 0.092
3445.57535 19.604 0.099
3445.58657 19.528 0.096
3445.59776 19.629 0.108
3445.60901 19.666 0.112
3445.62613 19.410 0.078
3445.63798 19.488 0.077
3445.64987 19.516 0.087
3445.66143 19.538 0.074
3445.67263 19.392 0.064
3445.68388 19.430 0.068
3445.69553 19.433 0.060
3445.70678 19.520 0.070
3445.71805 19.412 0.064
3445.72986 19.465 0.069
3445.74106 19.638 0.074
3445.75231 19.651 0.084
3445.76387 19.567 0.080
3446.55939 19.402 0.093
3446.57091 19.514 0.105
3446.58215 19.391 0.093
3446.59398 19.591 0.121
3446.60519 19.563 0.102
3446.61691 19.547 0.109
3446.62994 19.571 0.100
3446.64564 19.673 0.116
3446.65716 19.669 0.099
3446.66841 19.501 0.088
3446.68433 19.424 0.072
3446.69554 19.599 0.090
3446.70675 19.457 0.080
3446.72103 19.454 0.089
3446.73227 19.689 0.108
3446.74354 19.492 0.116
3446.75542 19.607 0.105
3446.76709 19.550 0.086
3447.56510 19.539 0.138
3447.62304 19.395 0.096
3447.63481 19.464 0.108
3447.64604 19.584 0.096
3447.65728 19.434 0.093
3447.66842 19.806 0.120
3447.67963 19.709 0.103
3447.69088 19.853 0.123
3447.70268 19.600 0.122
3447.71433 19.700 0.133
3447.72556 19.615 0.115
3447.73683 19.437 0.089
3447.74872 19.352 0.098
3447.75992 19.448 0.108
3447.78059 19.531 0.121
3448.57168 19.392 0.108
3448.58398 19.667 0.163
3448.59522 19.470 0.112
3448.60648 19.546 0.112
3448.61773 19.377 0.089
3448.62896 19.463 0.098
3448.64448 19.632 0.097
3448.65576 19.433 0.090
3448.66698 19.454 0.093
3448.67819 19.603 0.098
3448.68943 19.764 0.109
3448.70982 19.731 0.103
3448.72141 19.684 0.104
3448.73265 19.501 0.090
3448.74383 19.705 0.102
3448.75508 19.622 0.099
3448.76673 19.547 0.091
3449.56302 19.532 0.109
3449.57478 19.571 0.107
3449.59430 19.444 0.092
3449.60580 19.609 0.101
3449.61702 19.646 0.103
3449.62823 19.526 0.089
3449.63947 19.445 0.076
3449.65116 19.348 0.068
3449.66238 19.447 0.073
3449.67358 19.371 0.065
3449.68481 19.396 0.067
3449.70322 19.518 0.073
3449.71443 19.589 0.078
3449.72566 19.622 0.092
3449.73691 19.520 0.083
3449.74948 19.710 0.096
3449.76104 19.656 0.090
3450.56608 19.680 0.136
3450.57780 19.511 0.104
3450.58966 19.572 0.107
3450.60487 19.503 0.091
3450.61668 19.746 0.123
3450.62791 19.559 0.087
3450.63919 19.485 0.078
3450.65085 19.420 0.075
3450.66209 19.422 0.071
3450.67330 19.355 0.066
3450.68454 19.496 0.072
3450.69586 19.391 0.069
3450.70899 19.402 0.070
3450.72021 19.436 0.076
3450.73146 19.448 0.074
3450.74510 19.469 0.069
3450.75669 19.562 0.078
3452.54718 19.685 0.115
3452.55838 19.598 0.091
3452.56962 19.599 0.095
3452.58084 19.409 0.075
3452.59203 19.601 0.116
3452.60331 19.443 0.084
3452.61519 19.336 0.073
3452.62638 19.379 0.074
3452.63763 19.411 0.074
3452.64882 19.431 0.080
3452.66002 19.713 0.117
3452.67120 19.723 0.111
3452.68312 19.665 0.101
3452.69436 19.507 0.092
3452.70557 19.707 0.098
3452.71681 19.614 0.095
3452.72802 19.568 0.097
3452.73923 19.580 0.094
3452.75350 19.464 0.084
3453.56744 19.633 0.119
3453.57910 19.551 0.111
3453.59082 19.454 0.096
3453.60228 19.347 0.083
3453.61349 19.293 0.083
3453.62472 19.530 0.095
3453.63625 19.388 0.082
3453.66210 19.407 0.082
3453.67331 19.736 0.117
3453.68485 19.419 0.095
3453.69607 19.528 0.108
3453.70729 19.832 0.187
3453.71753 19.594 0.131
3453.72917 19.613 0.141
3453.74146 19.499 0.138
3453.75410 19.612 0.153
3454.55252 19.455 0.116
3454.56372 19.495 0.116
3454.57496 19.779 0.155
3454.58621 19.711 0.145
3454.59742 19.673 0.117
3454.60861 19.557 0.111
3454.62041 19.364 0.096
3454.63164 19.713 0.131
3454.64287 19.522 0.097
3454.65412 19.824 0.142
3454.66533 19.419 0.099
3454.67653 19.552 0.110
3454.68810 19.373 0.095
3454.69930 19.530 0.103
3454.71050 19.533 0.117
3454.72171 19.423 0.108
3454.73296 19.633 0.147
3454.74417 19.672 0.135
3454.75559 19.810 0.191
3454.76684 19.892 0.288
3454.79057 19.661 0.201
3455.61591 19.512 0.134
3455.62718 19.546 0.127
3455.63841 19.556 0.122
3455.64967 19.531 0.129
3455.66088 19.684 0.141
3455.67210 19.708 0.139
3455.68360 19.531 0.127
3455.69477 19.380 0.121
3455.70601 19.408 0.117
3455.71733 19.379 0.106
3455.72854 19.789 0.192
3455.73976 19.371 0.148
3455.75157 19.512 0.162
3455.76282 19.622 0.188
3455.77403 19.760 0.193
3455.78523 19.359 0.144
3456.56012 19.549 0.125
3456.57134 19.549 0.140
3456.58256 19.728 0.152
3456.59379 19.408 0.109
3456.60504 19.262 0.092
3456.61632 19.888 0.194
3456.62793 19.612 0.133
3456.63918 19.529 0.101
3456.65037 19.344 0.086
3456.66155 19.877 0.145
3456.67273 19.507 0.100
3456.68400 19.883 0.144
3456.69566 19.611 0.119
3456.70688 19.393 0.098
3456.71811 19.414 0.111
3456.72931 19.373 0.108
3456.74048 19.506 0.125
3456.75162 19.528 0.140
3457.54232 19.480 0.146
3457.59284 19.606 0.145
3457.60408 19.586 0.113
3457.61529 19.317 0.086
3457.62652 19.364 0.091
3457.63776 19.464 0.104
3457.64897 19.342 0.083
3457.66537 19.635 0.098
3457.67663 19.633 0.091
3457.68786 19.524 0.084
3457.69909 19.582 0.092
3457.71029 19.602 0.104
3457.72157 19.770 0.130
3457.73306 19.557 0.109
3457.74429 19.499 0.101
3458.54572 19.869 0.170
3458.55696 20.158 0.222
3458.56825 19.497 0.110
3458.57945 19.628 0.116
3458.59066 19.643 0.097
3458.60188 19.356 0.080
3458.61334 19.450 0.083
3458.62453 19.596 0.098
3458.63577 19.688 0.116
3458.64703 19.482 0.108
3458.65818 19.458 0.108
3458.66943 19.597 0.124
3458.68099 19.412 0.112
3458.69222 19.598 0.126
3458.70340 19.415 0.093
3458.71464 19.830 0.148
3458.72584 19.378 0.090
3458.73706 19.561 0.106
3459.54595 19.437 0.097
3459.55719 19.737 0.144
3459.56844 19.596 0.121
3459.57968 19.203 0.081
3459.59093 19.596 0.120
3459.60212 19.596 0.115
3459.61372 19.664 0.127
3459.62494 19.553 0.116
3459.63618 19.672 0.130
3459.64742 19.574 0.113
3459.65862 19.661 0.117
3459.66980 19.475 0.104
3459.68146 19.529 0.114
3459.69271 19.313 0.085
3459.70391 19.413 0.090
3459.71514 19.560 0.116
3459.72636 19.476 0.087
3459.73759 19.332 0.075
3460.53367 19.405 0.091
3460.54492 19.508 0.101
3460.55614 19.600 0.097
3460.56735 19.450 0.078
3460.58174 19.442 0.078
3460.59297 19.586 0.081
3460.60420 19.487 0.081
3460.61543 19.556 0.088
3460.62666 19.773 0.091
3460.63789 19.629 0.089
3460.64961 19.581 0.087
3460.66086 19.488 0.085
3460.68334 19.528 0.095
3460.69452 19.432 0.078
3460.70577 19.435 0.087
3460.71731 19.397 0.083
3460.72855 19.330 0.082
3460.73980 19.560 0.098
3460.75108 19.506 0.095
3461.54286 19.498 0.099
3461.55410 19.537 0.089
3461.56532 19.412 0.080
3461.57653 19.490 0.089
3461.58770 19.449 0.077
3461.59889 19.334 0.067
3461.61880 19.478 0.078
3461.63003 19.462 0.082
3461.64121 19.467 0.078
3461.65238 19.554 0.093
3461.66363 19.542 0.079
3461.67487 19.586 0.092
3461.69209 19.553 0.082
3461.70329 19.637 0.096
3461.71453 19.352 0.077
3461.72574 19.441 0.081
3461.73694 19.430 0.086
3461.74821 19.429 0.083
3461.76030 19.211 0.070
3462.53872 19.504 0.099
3462.54995 19.826 0.139
3462.56120 19.447 0.094
3462.57248 19.642 0.102
3462.58378 19.461 0.087
3462.59501 19.588 0.107
3462.60694 19.564 0.106
3462.61818 19.281 0.069
3462.62940 19.433 0.074
3462.64069 19.444 0.067
3462.65189 19.612 0.075
3462.66309 19.479 0.069
3462.67490 19.456 0.065
3462.68616 19.414 0.067
3462.69740 19.509 0.078
3462.70860 19.672 0.110
3462.71981 19.727 0.101
3462.73100 19.645 0.094
3462.74279 19.517 0.079
3462.76744 19.426 0.086
3462.77868 19.350 0.081
3462.78988 19.461 0.083
3462.80112 19.349 0.083
3462.81233 19.231 0.086
3462.82361 19.722 0.141
3467.52024 19.577 0.151
3467.53149 19.447 0.110
3467.54274 19.601 0.118
3467.55401 19.829 0.154
3467.56517 19.493 0.099
3467.57679 19.414 0.092
3467.58797 19.602 0.093
3467.59919 19.541 0.112
3467.61039 19.574 0.091
3467.62161 19.404 0.090
3467.63285 19.501 0.097
3467.64470 19.525 0.099
3467.65595 19.417 0.091
3467.66716 19.519 0.103
3467.67836 19.671 0.111
3467.68953 19.543 0.106
3467.70073 19.626 0.107
3468.52322 19.474 0.101
3468.53446 19.236 0.081
3468.54572 19.479 0.115
3468.55688 19.538 0.112
3468.56814 19.764 0.116
3468.57937 19.501 0.095
3468.59081 19.763 0.146
3468.60203 19.672 0.113
3468.61322 19.642 0.108
3468.62446 19.459 0.083
3468.63567 19.362 0.071
3468.64689 19.430 0.078
3468.65847 19.529 0.080
3468.66969 19.406 0.085
3468.68097 19.521 0.093
3468.69219 19.435 0.079
3468.70341 19.652 0.103
3468.71468 19.534 0.099
3468.72905 19.642 0.131
3469.51638 19.411 0.083
3469.52762 19.487 0.077
3469.53889 19.513 0.081
3469.55013 19.520 0.080
3469.56654 19.536 0.074
3469.57780 19.452 0.079
3469.58904 19.616 0.090
3469.60029 19.574 0.083
3469.61153 19.575 0.086
3469.62271 19.581 0.083
3469.63422 19.747 0.107
3469.68901 19.489 0.080
3469.70490 19.328 0.066
3469.71614 19.312 0.068
3469.72736 19.435 0.074
3470.48332 19.897 0.181
3470.50176 19.700 0.143
3470.52662 19.433 0.095
3470.54593 19.413 0.088
3470.56429 19.441 0.075
3470.58265 19.327 0.065
3470.60113 19.457 0.073
3470.61950 19.355 0.067
3470.63787 19.583 0.075
3470.65668 19.537 0.076
3470.67156 19.689 0.081
3470.68640 19.724 0.085
3470.70126 19.567 0.078
3470.71609 19.478 0.073
3471.52074 19.891 0.198
3471.53195 19.896 0.186
3471.54315 20.055 0.217
3471.55434 19.789 0.167
3471.56560 19.669 0.137
3471.57682 19.708 0.144
3471.58923 19.502 0.115
3471.60050 19.334 0.093
3471.62090 19.569 0.115
3471.63213 19.654 0.132
3471.64337 19.590 0.113
3471.65461 19.763 0.153
3471.66943 19.624 0.123
3471.68062 19.873 0.167
3471.69185 19.578 0.115
3471.70308 19.793 0.139
3472.64825 19.397 0.083
3472.65944 19.455 0.088
3472.67069 19.507 0.122
3472.68186 19.815 0.152
3472.69311 19.583 0.107
3472.70429 19.458 0.106
3472.71582 19.404 0.087
3472.72702 19.682 0.109
3473.50687 19.495 0.125
3473.51808 19.396 0.114
3473.52933 19.568 0.127
3473.54054 19.345 0.090
3473.55178 19.389 0.090
3473.56301 19.427 0.087
3473.58148 19.455 0.081
3473.59271 19.603 0.106
3473.60390 19.537 0.087
3473.61516 19.521 0.079
3473.62636 19.686 0.094
3473.63757 19.513 0.079
3473.64896 19.670 0.102
3473.66017 19.586 0.091
3473.67143 19.384 0.083
3473.68294 19.553 0.092
3473.69414 19.391 0.088
3473.70539 19.324 0.079
3474.50850 19.707 0.143
3474.53501 19.429 0.109
3474.55332 19.538 0.124
3474.57181 19.158 0.088
3474.59048 19.478 0.101
3474.60887 19.412 0.095
3474.62728 19.671 0.123
3474.64571 19.579 0.119
3474.66460 19.841 0.128
3474.67941 19.527 0.092
3474.69427 19.951 0.196
3474.70977 19.356 0.110
3475.50471 19.566 0.102
3475.51595 19.638 0.107
3475.52718 19.541 0.087
3475.53843 19.600 0.092
3475.55521 19.541 0.108
3475.56647 19.482 0.107
3475.58279 19.382 0.063
3475.59401 19.573 0.089
3475.60523 19.519 0.077
3475.61648 19.579 0.093
3475.62775 19.582 0.089
3475.63898 19.557 0.090
3475.65056 19.485 0.086
3475.66174 19.600 0.089
3475.67294 19.746 0.092
3475.68418 19.558 0.083
3475.69540 19.502 0.089
3476.47919 19.461 0.131
3476.49045 19.269 0.099
3476.50168 20.480 0.318
3476.51287 19.339 0.104
3476.52411 19.383 0.091
3476.53536 19.636 0.112
3476.54687 19.496 0.103
3476.55808 19.636 0.108
3476.56932 19.536 0.091
3476.58056 19.390 0.075
3476.59177 19.360 0.067
3476.60295 19.550 0.082
3476.61453 19.452 0.073
3476.62576 19.457 0.075
3476.63849 19.365 0.070
3476.64973 19.387 0.063
3476.66096 19.517 0.075
3476.67220 19.288 0.057
3476.68346 19.500 0.069
3476.69471 19.473 0.061
3477.51056 19.790 0.140
3477.52180 19.406 0.096
3477.53299 19.415 0.093
3477.54425 19.622 0.109
3477.55549 19.516 0.090
3477.56675 19.454 0.087
3477.58250 19.516 0.092
3477.59373 19.622 0.099
3477.60496 19.683 0.102
3477.61852 19.409 0.076
3477.63463 19.559 0.096
3477.64589 19.498 0.085
3477.65714 19.485 0.091
3477.66839 19.487 0.088
3477.67963 19.539 0.090
3477.69276 19.382 0.082
3477.70397 19.629 0.104
3478.50665 19.580 0.116
3478.52501 19.499 0.107
3478.54342 19.388 0.090
3478.56486 19.677 0.113
3478.58329 19.769 0.112
3478.60166 19.785 0.137
3478.62001 19.592 0.097
3478.63841 19.405 0.080
3478.65681 19.333 0.073
3478.67556 19.343 0.083
3478.69037 19.478 0.086
3479.52726 19.544 0.163
3479.53847 19.434 0.162
3479.55383 19.571 0.130
3479.56506 19.455 0.109
3479.57629 19.710 0.166
3479.58748 19.479 0.117
3479.59875 19.445 0.107
3479.60998 19.651 0.147
3479.62149 19.836 0.171
3479.63274 19.639 0.120
3480.48366 19.581 0.135
3480.49491 19.689 0.125
3480.50613 19.543 0.120
3480.51735 19.663 0.111
3480.52856 19.464 0.092
3480.53981 19.439 0.090
3480.55150 19.434 0.075
3480.56273 19.438 0.087
3480.57398 19.468 0.079
3480.58520 19.517 0.083
3480.59638 19.336 0.067
3480.60996 19.313 0.065
3480.62118 19.399 0.066
3480.63244 19.471 0.075
3480.64366 19.417 0.070
3480.65491 19.430 0.078
3480.66632 19.527 0.073
3481.49571 19.731 0.183
3481.50699 19.928 0.217
3481.51825 19.777 0.164
3481.53133 20.203 0.245
3481.54254 19.405 0.104
3481.55377 19.372 0.103
3481.56502 19.735 0.145
3481.57627 19.605 0.119
3481.59018 19.601 0.109
3481.60140 19.374 0.088
3481.61261 19.400 0.086
3481.62383 19.404 0.076
3481.63507 19.403 0.086
3481.64628 19.434 0.086
3481.65783 19.426 0.076
3482.48154 19.721 0.223
3482.49874 19.309 0.163
3482.61868 19.732 0.121
3482.63703 19.479 0.103
3482.65680 19.523 0.100
3483.47720 19.678 0.169
3483.48845 19.683 0.130
3483.49967 19.325 0.092
3483.51090 19.586 0.108
3483.52214 19.710 0.126
3483.53341 19.342 0.093
3483.54502 19.374 0.153
3483.55625 19.568 0.125
3483.56751 20.304 0.465
3483.57873 19.448 0.093
3483.58994 19.279 0.085
3483.60114 19.813 0.152
3483.62075 19.721 0.110
3483.63199 19.722 0.109
3483.64660 19.741 0.099
3483.65783 19.577 0.089
3484.55524 19.632 0.168
3484.56649 19.271 0.116
3484.57767 19.910 0.193
3484.58890 19.628 0.161
3484.60012 19.404 0.127
3484.61431 19.381 0.131
3484.62555 19.421 0.144
3484.63680 19.269 0.132
3484.64802 19.364 0.158
3484.65919 19.147 0.135
3495.48557 19.654 0.168
3495.49679 19.808 0.169
3495.50800 19.438 0.116
3495.51924 19.626 0.148
3495.53048 19.429 0.124
3495.54171 19.472 0.128
3495.55329 19.547 0.153
3495.56451 19.711 0.174
3495.57572 19.408 0.128
3495.58881 19.585 0.129
3495.60011 19.454 0.102
3495.61137 19.923 0.160
3495.62258 19.563 0.116
3495.63381 19.608 0.118
3496.57832 19.641 0.130
3496.58957 19.693 0.119
3496.60083 19.559 0.118
3496.61205 19.588 0.121
3496.62330 19.529 0.109
3496.63452 19.563 0.123
3497.46220 19.803 0.215
3497.47341 19.445 0.131
3497.48468 19.658 0.146
3497.49592 19.581 0.152
3497.51979 19.570 0.160
3497.53303 19.334 0.112
3497.54423 19.447 0.104
3497.55547 19.696 0.136
3497.56672 19.461 0.098
3497.57796 19.475 0.097
3497.58920 19.538 0.104
3497.60092 19.512 0.105
3497.61215 19.437 0.095
3497.62334 19.492 0.099
3499.47780 19.615 0.121
3499.48900 19.447 0.095
3499.50261 19.394 0.085
3499.51492 19.542 0.108
3499.52654 19.586 0.096
3499.53777 19.500 0.084
3499.54897 19.908 0.126
3499.56019 19.666 0.103
3499.57141 19.543 0.111
3499.58263 19.414 0.083
3499.59680 19.686 0.107
3499.60804 19.487 0.080
3499.61927 19.310 0.063
3500.48597 19.365 0.080
3500.49718 19.560 0.093
3500.50842 19.241 0.069
3500.51964 19.257 0.090
3500.53083 19.374 0.079
3500.54760 19.625 0.091
3500.55885 19.628 0.088
3500.57007 19.702 0.094
3500.58549 19.349 0.074
3500.59827 20.155 0.172
3500.60950 19.617 0.095
3501.50922 19.856 0.212
3501.52042 19.542 0.147
3501.53164 19.653 0.158
3501.54287 19.605 0.132
3501.55405 19.363 0.133
3501.56646 19.691 0.148
3501.57886 19.489 0.117
3501.59010 19.460 0.117
3501.60133 19.673 0.142
3501.61258 19.735 0.162
3501.62379 20.738 0.465
3502.46422 19.939 0.202
3502.47544 19.727 0.136
3502.48666 19.776 0.147
3502.49787 19.910 0.173
3502.50906 19.590 0.127
3502.52023 19.547 0.121
3502.53355 19.431 0.087
3502.54481 19.396 0.097
3502.55604 19.444 0.089
3502.56719 19.441 0.085
3502.57841 19.355 0.076
3502.58967 19.473 0.089
3502.60189 19.398 0.081
3503.46410 19.616 0.136
3503.47635 19.547 0.116
3503.48764 19.473 0.101
3503.50106 19.742 0.124
3503.51228 19.837 0.140
3503.52349 19.860 0.179
3503.53474 19.485 0.095
3503.54767 19.556 0.100
3503.55889 19.594 0.097
3503.57510 19.438 0.086
3503.58806 19.368 0.072
3503.59929 19.648 0.108
3504.46506 19.677 0.172
3504.48951 19.565 0.157
3504.50299 19.807 0.208
3504.51420 19.827 0.146
3504.52542 19.762 0.140
3504.53667 19.457 0.112
3504.54780 19.951 0.164
3504.55900 19.966 0.153
3504.57128 19.736 0.137
3504.58356 19.847 0.155
3504.59476 19.772 0.142
3504.60596 19.585 0.131
3504.61719 19.894 0.200
3506.45929 19.689 0.156
3506.47053 18.953 0.099
3506.56186 19.360 0.102
3506.57308 19.476 0.099
3506.58572 19.519 0.117
3506.59691 19.407 0.092
3506.60810 19.692 0.151
3509.45878 19.255 0.110
3509.47047 19.451 0.115
3509.48290 19.460 0.125
3509.49416 19.089 0.085
3509.50710 19.303 0.094
3509.51833 19.566 0.128
3509.52956 19.442 0.122
3509.54073 19.661 0.153
3509.55198 19.670 0.159
3509.56319 19.657 0.119
3509.57523 19.489 0.098
3509.58645 19.681 0.120
3511.46004 19.558 0.116
3511.47128 19.509 0.099
3511.48249 19.505 0.094
3511.49374 19.505 0.103
3511.50495 19.694 0.118
3511.51614 19.473 0.102
3511.52931 19.307 0.092
3511.54055 19.383 0.095
3511.55176 19.420 0.094
3511.56301 19.628 0.118
3511.57421 19.370 0.094
3512.45926 19.687 0.149
3512.47100 19.570 0.134
3512.48218 19.377 0.107
3512.49345 19.584 0.150
3512.50468 19.527 0.133
3512.51588 19.654 0.142
3512.52709 19.584 0.137
3512.53861 19.592 0.126
3512.55432 19.321 0.100
3512.56559 19.644 0.144
3512.57681 19.462 0.106
3513.46176 19.944 0.279
3513.47301 19.857 0.227
3513.48425 19.439 0.163
3513.49548 19.378 0.149
3513.50672 19.682 0.176
3513.51800 19.316 0.205
3517.47360 19.543 0.106
3517.48483 19.637 0.110
3517.49608 19.542 0.093
3517.50733 19.568 0.102
3517.51857 19.781 0.132
3517.52976 19.434 0.103
3517.54263 19.913 0.175
3517.55385 19.690 0.146
3520.48240 19.660 0.109
3520.49359 19.648 0.108
3520.50483 19.481 0.096
3520.51605 19.406 0.085
3520.52726 19.678 0.122
3520.53847 19.493 0.103
3521.48365 19.272 0.090
3521.49484 19.636 0.125
3521.50610 19.849 0.154
3521.51733 19.630 0.114
3521.52853 19.720 0.146
3521.53974 19.654 0.125
3521.55209 19.613 0.131
3521.56332 19.563 0.115
3521.57455 19.447 0.100
3522.48511 19.266 0.081
3522.49634 19.479 0.097
3522.50759 19.422 0.092
3522.51880 19.570 0.104
3522.53003 19.494 0.099
3522.54124 19.805 0.130
3523.48808 19.429 0.116
3523.49932 19.512 0.124
3523.51056 19.363 0.095
3523.52176 19.591 0.121
3523.53304 19.469 0.100
3524.51779 19.546 0.112
3524.52897 19.766 0.127
3524.54014 19.344 0.092
3524.55137 19.376 0.093
3524.56260 19.466 0.100
3525.49275 19.531 0.136
3525.50395 19.669 0.143
3525.51518 19.521 0.118
3525.52645 19.641 0.132
3525.53769 19.415 0.094
3525.54893 19.418 0.096
3527.52960 19.554 0.085
3527.54085 19.582 0.079
3527.55207 19.547 0.109
3527.56330 19.759 0.115
3528.48417 19.493 0.126
3528.49539 19.385 0.105
3528.50657 19.520 0.126
3528.51779 19.488 0.121
3528.52898 19.614 0.131
3528.54022 19.501 0.125
3529.50254 19.401 0.072
3529.51376 19.381 0.094
3529.52497 19.342 0.100
3530.47813 19.428 0.084
3530.48938 19.735 0.125
3530.50061 19.792 0.130
3530.51178 19.554 0.098
3530.52301 19.666 0.108
3530.53418 19.520 0.093
3542.52709 19.640 0.159
3543.47359 19.546 0.150
3544.57666 19.377 0.119
3748.85003 19.454 0.099
3748.86189 19.487 0.096
3748.87466 19.626 0.142
3750.85901 19.425 0.083
3750.87022 19.454 0.095
3751.85484 19.674 0.116
3751.86610 19.687 0.119
3751.87735 19.536 0.118
3753.85066 19.287 0.076
3753.86190 19.256 0.095
3753.87341 19.359 0.111
3754.85121 19.446 0.099
3754.86241 19.554 0.116
3754.87364 19.273 0.096
3755.84756 19.578 0.116
3755.85879 19.825 0.144
3755.87000 19.529 0.121
3756.85046 19.856 0.173
3756.86273 19.520 0.127
3756.87424 19.695 0.135
3757.85916 19.530 0.075
3757.87074 19.579 0.084
3757.88197 19.681 0.111
3758.82630 19.302 0.097
3758.83751 19.388 0.103
3758.84877 19.674 0.137
3758.85995 19.394 0.097
3758.87236 19.590 0.131
3758.88364 19.378 0.133
3759.84754 19.398 0.068
3759.85879 19.605 0.089
3759.87125 19.591 0.088
3760.81824 19.510 0.096
3760.82948 19.530 0.105
3760.84073 19.602 0.112
3760.85194 19.503 0.108
3760.86309 19.643 0.127
3760.87435 19.685 0.116
3760.88598 19.322 0.134
3761.82909 19.402 0.061
3761.84035 19.467 0.064
3761.85158 19.666 0.078
3761.86283 19.631 0.078
3761.87404 19.485 0.072
3761.88530 19.792 0.164
3762.82838 19.340 0.066
3762.83958 19.404 0.073
3762.85082 19.681 0.101
3762.86200 19.406 0.088
3762.87321 19.538 0.096
3762.88442 19.540 0.112
3763.82212 19.458 0.075
3763.83610 19.434 0.081
3763.84729 19.374 0.068
3763.85850 19.448 0.070
3763.86975 19.719 0.099
3763.88101 19.655 0.129
3764.81655 19.672 0.087
3764.82779 19.465 0.068
3764.83903 19.452 0.067
3764.85027 19.702 0.082
3764.86153 19.500 0.071
3764.87279 19.429 0.066
3764.88417 19.341 0.075
3765.78684 19.399 0.057
3765.79812 19.488 0.064
3765.80936 19.592 0.080
3765.82327 19.468 0.067
3765.83452 19.572 0.066
3765.84578 19.600 0.074
3765.85701 19.626 0.072
3765.86967 19.610 0.068
3765.88091 19.521 0.062
3766.80039 19.314 0.071
3766.81157 19.366 0.074
3766.82282 19.356 0.075
3766.83399 19.218 0.070
3766.84522 19.608 0.096
3766.85642 19.431 0.078
3766.86928 19.574 0.090
3766.88047 19.638 0.091
3767.80706 19.535 0.109
3767.82304 19.326 0.086
3767.83423 19.496 0.086
3767.84543 19.661 0.160
3767.85236 19.452 0.113
3767.86360 19.669 0.115
3767.87488 19.557 0.141
3769.79736 19.400 0.071
3769.81039 19.638 0.090
3769.82168 19.659 0.086
3769.83295 19.481 0.070
3769.84417 19.553 0.074
3769.85539 19.553 0.075
3769.86665 19.566 0.082
3769.87820 19.503 0.079
3769.88941 19.550 0.112
3770.77694 19.512 0.096
3770.78815 19.318 0.100
3770.79936 19.436 0.092
3770.81054 19.426 0.096
3770.82181 19.501 0.101
3770.83307 19.775 0.124
3770.84665 19.605 0.100
3770.85785 19.278 0.073
3770.86908 21.317 0.495
3770.88028 19.555 0.093
3770.89151 19.500 0.127
3772.79232 19.484 0.088
3772.80354 19.652 0.091
3772.81481 19.680 0.095
3772.82607 19.660 0.093
3772.83727 19.623 0.106
3772.84845 19.471 0.109
3773.77806 19.539 0.102
3773.78923 19.455 0.092
3773.80044 19.579 0.101
3773.81166 19.674 0.131
3773.82288 19.597 0.106
3773.83413 19.477 0.080
3774.77949 19.413 0.071
3774.79108 19.508 0.077
3774.80233 19.369 0.079
3774.81352 19.479 0.087
3774.82470 19.542 0.085
3775.76896 19.314 0.068
3775.78017 19.335 0.071
3775.79144 19.485 0.081
3775.80261 19.370 0.084
3775.81381 19.273 0.090
3775.82503 19.379 0.087
3776.75385 19.731 0.165
3776.76507 19.676 0.135
3776.77632 19.537 0.113
3776.78753 19.592 0.123
3776.79877 19.691 0.120
3776.80998 19.478 0.107
3776.82201 19.468 0.135
3776.83612 19.573 0.130
3777.76636 19.492 0.092
3777.77763 19.570 0.103
3777.78889 19.763 0.143
3777.80009 19.710 0.124
3777.81133 19.429 0.096
3777.82255 19.398 0.089
3778.78014 19.440 0.079
3778.79134 19.578 0.100
3778.80256 19.692 0.099
3778.81379 19.702 0.121
3778.82502 19.530 0.093
3779.74871 19.875 0.215
3779.75992 19.523 0.103
3779.77111 19.587 0.110
3779.78234 19.422 0.092
3779.79354 19.556 0.104
3779.80479 19.665 0.120
3779.81708 19.248 0.089
3780.73252 19.776 0.146
3780.74376 19.720 0.129
3780.75499 19.581 0.108
3780.76622 19.479 0.095
3780.77748 19.621 0.117
3780.78874 19.490 0.101
3780.80057 19.491 0.107
3780.81217 19.368 0.097
3781.78026 19.580 0.101
3781.79148 19.418 0.088
3781.80274 19.544 0.124
3781.81861 19.769 0.154
3781.82984 19.530 0.126
3781.84108 19.502 0.146
3782.78754 19.711 0.110
3782.80398 19.607 0.095
3782.82130 19.555 0.094
3782.83251 19.661 0.102
