2682.79300 18.312 0.027
2682.80382 18.244 0.029
2682.81463 18.188 0.022
2682.82868 18.093 0.020
2682.83954 18.047 0.020
2682.85043 18.033 0.021
2682.86133 17.963 0.018
2682.87217 18.001 0.019
2682.88305 18.010 0.018
2683.66948 18.123 0.024
2683.68033 18.235 0.025
2683.69120 18.258 0.027
2683.70208 18.261 0.024
2683.71811 18.139 0.019
2683.72899 18.052 0.018
2683.73987 18.017 0.017
2683.75074 18.025 0.016
2683.76235 18.004 0.017
2683.77935 17.994 0.018
2683.79023 18.004 0.018
2683.80109 18.057 0.020
2683.82279 18.159 0.024
2683.83369 18.233 0.024
2683.84811 18.264 0.025
2683.85899 18.210 0.024
2683.86986 18.126 0.023
2683.88069 18.057 0.020
2683.89157 18.057 0.024
2684.67700 17.991 0.018
2684.68787 18.006 0.018
2684.71029 18.083 0.019
2684.72113 18.222 0.020
2684.73200 18.258 0.019
2684.74285 18.271 0.020
2684.75549 18.224 0.019
2684.76633 18.169 0.018
2684.77716 18.135 0.018
2684.78801 18.065 0.017
2684.79888 18.039 0.017
2684.80977 18.035 0.016
2684.82332 17.969 0.015
2684.83418 18.011 0.016
2684.85038 18.069 0.016
2684.86119 18.126 0.016
2684.87208 18.192 0.018
2684.88295 18.285 0.021
2684.89384 18.283 0.027
2685.66481 18.189 0.023
2685.67567 18.086 0.019
2685.68652 18.047 0.021
2685.69740 18.001 0.017
2685.70821 18.055 0.018
2685.71903 18.040 0.017
2685.73246 18.054 0.018
2685.74328 18.056 0.019
2685.75415 18.113 0.020
2685.76504 18.172 0.020
2685.77591 18.237 0.022
2685.78677 18.323 0.022
2685.80107 18.247 0.021
2685.81195 18.210 0.022
2685.83452 18.063 0.019
2685.85216 17.994 0.018
2685.86302 17.965 0.020
2685.87390 17.970 0.019
2685.88473 18.013 0.018
2685.89562 18.031 0.021
2686.69084 18.288 0.026
2686.70418 18.243 0.026
2686.71505 18.142 0.023
2686.72589 18.052 0.021
2686.73677 18.051 0.023
2686.74762 18.034 0.021
2686.75847 17.957 0.021
2686.77185 17.971 0.020
2686.78275 17.985 0.020
2686.79363 18.048 0.021
2686.80568 18.009 0.025
2686.81653 18.016 0.033
2686.82738 18.246 0.025
2686.83822 18.158 0.029
2686.84907 18.248 0.026
2686.85991 18.183 0.025
2686.87297 18.101 0.023
2686.88384 18.087 0.021
2686.89474 18.062 0.023
2687.65323 18.001 0.022
2687.66407 17.981 0.022
2687.67701 17.986 0.021
2687.68783 18.064 0.022
2687.69868 18.089 0.024
2687.70954 18.111 0.025
2687.72073 18.152 0.025
2687.73159 18.265 0.028
2687.74250 18.290 0.030
2687.75595 18.177 0.026
2687.76683 18.123 0.026
2687.77764 18.080 0.025
2687.78853 18.050 0.022
2687.79940 18.056 0.022
2687.81026 18.000 0.021
2687.82202 18.027 0.021
2687.83288 18.033 0.021
2687.84903 18.085 0.022
2687.85993 18.166 0.024
2687.87084 18.267 0.026
2687.88172 18.248 0.026
2687.89264 18.354 0.031
2688.66119 18.155 0.023
2688.67208 18.095 0.026
2688.68295 18.042 0.023
2688.69383 18.021 0.025
2688.70470 17.989 0.021
2688.71558 18.012 0.021
2688.72720 18.025 0.022
2688.73807 18.071 0.020
2688.74891 18.103 0.021
2688.75971 18.151 0.021
2688.77059 18.225 0.022
2688.78143 18.310 0.023
2688.79403 18.260 0.023
2688.80485 18.259 0.024
2688.81570 18.129 0.023
2688.82657 18.112 0.023
2688.83985 18.019 0.020
2688.85378 18.044 0.026
2688.86938 18.016 0.026
2688.88024 17.998 0.025
2688.89109 18.046 0.027
2689.65490 18.205 0.025
2689.66900 18.191 0.026
2689.67987 18.306 0.026
2689.69511 18.302 0.027
2689.70596 18.188 0.024
2689.71680 18.079 0.025
2689.72763 18.070 0.021
2689.73849 18.050 0.021
2689.74935 18.016 0.020
2689.76054 17.993 0.020
2689.77139 18.012 0.020
2689.78335 18.022 0.022
2689.79417 18.061 0.024
2689.80505 18.078 0.022
2689.81809 18.116 0.026
2689.82895 18.243 0.028
2689.83984 18.238 0.028
2689.85442 18.140 0.024
2689.86530 18.148 0.024
2689.87615 18.082 0.022
2689.88702 18.059 0.022
2689.89792 18.023 0.024
2690.65216 17.949 0.022
2690.66303 18.028 0.021
2690.67388 18.021 0.021
2690.68577 18.032 0.020
2690.69664 18.067 0.022
2690.70753 18.120 0.024
2690.71841 18.164 0.025
2690.72929 18.201 0.026
2690.74012 18.243 0.034
2690.75142 18.178 0.031
2690.76222 18.200 0.029
2690.77310 18.062 0.028
2690.78394 18.071 0.026
2690.79478 18.032 0.027
2690.81369 17.980 0.026
2690.82454 18.078 0.028
2690.83543 18.040 0.028
2690.84626 18.087 0.030
2690.85717 18.142 0.029
2690.86802 18.180 0.031
2690.87920 18.255 0.032
2690.89015 18.270 0.033
2691.64288 18.220 0.031
2691.65381 18.206 0.031
2691.66461 18.061 0.026
2691.68629 18.054 0.022
2691.69711 18.015 0.022
2691.70865 18.033 0.024
2691.71950 18.042 0.023
2691.73040 18.041 0.026
2691.74128 18.091 0.023
2691.75217 18.084 0.025
2691.76306 18.217 0.026
2691.77424 18.241 0.026
2691.78509 18.271 0.029
2691.79590 18.283 0.034
2691.80684 18.125 0.030
2691.81769 18.144 0.029
2691.82854 18.193 0.045
2692.65161 18.021 0.024
2692.66248 18.086 0.025
2692.67332 18.229 0.027
2692.76246 17.972 0.025
2692.77765 17.932 0.024
2692.78850 18.012 0.025
2692.79936 18.058 0.024
2692.81018 18.120 0.025
2692.82105 18.113 0.031
2692.83190 18.165 0.033
2693.64727 18.028 0.015
2693.65815 18.020 0.017
2693.66899 17.986 0.017
2693.67986 18.013 0.016
2693.69070 18.063 0.018
2693.70215 18.120 0.018
2693.71303 18.162 0.018
2693.72388 18.240 0.022
2693.73594 18.248 0.019
2693.74678 18.206 0.021
2693.75765 18.158 0.019
2693.76852 18.102 0.018
2693.77938 18.018 0.015
2693.79338 18.044 0.017
2693.80424 18.005 0.017
2693.81744 18.022 0.018
2693.82837 18.039 0.019
2693.84390 18.082 0.020
2693.85679 18.087 0.020
2693.86768 18.112 0.023
2693.87858 18.233 0.027
2694.62739 18.245 0.021
2694.63829 18.231 0.023
2694.64916 18.234 0.019
2694.66219 18.148 0.020
2694.67304 18.093 0.018
2694.68390 18.007 0.016
2694.69476 17.995 0.016
2694.71080 18.009 0.015
2694.72163 18.046 0.017
2694.73249 18.061 0.017
2694.74348 18.082 0.017
2694.75432 18.137 0.016
2694.76517 18.254 0.019
2694.78012 18.337 0.021
2694.79096 18.259 0.019
2694.80184 18.187 0.020
2694.81267 18.136 0.019
2694.82683 18.051 0.018
2694.83765 18.018 0.017
2694.85452 18.003 0.018
2694.86537 18.003 0.019
2694.87625 18.027 0.020
2694.88717 18.048 0.023
2695.65085 18.115 0.020
2695.66171 18.227 0.022
2695.67305 18.233 0.025
2695.68392 18.309 0.025
2695.69478 18.239 0.019
2695.70707 18.138 0.018
2695.71858 18.098 0.016
2695.72938 18.074 0.018
2695.74072 18.030 0.017
2695.75160 18.021 0.017
2695.76243 18.019 0.016
2695.77331 18.022 0.017
2695.78745 18.053 0.018
2695.80076 18.117 0.018
2695.81564 18.222 0.020
2695.82937 18.271 0.020
2695.84023 18.275 0.022
2695.85106 18.169 0.019
2695.86192 18.107 0.017
2695.87370 18.102 0.017
2695.88456 18.032 0.015
2696.64559 17.961 0.018
2696.65649 18.002 0.017
2696.66731 17.947 0.017
2696.67820 18.024 0.019
2696.68908 18.037 0.017
2696.70459 18.120 0.019
2696.71541 18.150 0.019
2696.72622 18.287 0.020
2696.73709 18.266 0.019
2696.74789 18.273 0.019
2696.75879 18.158 0.017
2696.77001 18.075 0.017
2696.78091 18.053 0.016
2696.79173 18.029 0.016
2696.80259 18.014 0.016
2696.81347 18.013 0.015
2696.82434 18.035 0.017
2696.83707 18.108 0.017
2696.84792 18.113 0.018
2696.85875 18.189 0.019
2696.86957 18.215 0.021
2696.88041 18.264 0.022
2696.89130 18.178 0.022
2697.62783 17.994 0.024
2697.63870 18.147 0.025
2697.64955 18.114 0.026
2697.66044 18.114 0.022
2697.67701 18.078 0.019
2697.68782 18.004 0.018
2697.69873 18.008 0.017
2697.71182 18.005 0.016
2697.72266 18.035 0.018
2697.73352 18.059 0.015
2697.74434 18.082 0.016
2697.75519 18.169 0.019
2697.76602 18.232 0.022
2697.77718 18.317 0.022
2697.78802 18.276 0.020
2697.80102 18.193 0.019
2697.81187 18.139 0.018
2697.82275 18.070 0.016
2697.83363 18.030 0.016
2697.84447 18.000 0.015
2697.85530 17.983 0.015
2697.86659 18.017 0.016
2697.87740 18.036 0.017
2697.88827 18.056 0.016
2697.89915 18.118 0.018
2698.61659 17.947 0.021
2698.62744 18.063 0.017
2698.63831 18.055 0.017
2698.64917 18.121 0.019
2698.65998 18.231 0.022
2698.67084 18.279 0.021
2698.68194 18.295 0.022
2698.69285 18.235 0.022
2698.70373 18.165 0.019
2698.71459 18.145 0.018
2698.72545 18.023 0.019
2698.73627 18.019 0.018
2698.74752 18.022 0.016
2698.75836 17.967 0.016
2698.76919 17.979 0.017
2698.78002 18.014 0.019
2698.79088 18.042 0.018
2698.80176 18.116 0.019
2698.81295 18.169 0.018
2698.82380 18.223 0.021
2698.83990 18.278 0.023
2698.85076 18.166 0.019
2698.86163 18.087 0.018
2698.87248 18.057 0.017
2698.88330 18.055 0.018
2699.61040 18.105 0.020
2699.62126 18.050 0.020
2699.63213 18.066 0.020
2699.64298 18.004 0.017
2699.65387 17.945 0.018
2699.66470 17.994 0.017
2699.67588 18.031 0.018
2699.68673 18.065 0.017
2699.69756 18.120 0.017
2699.70839 18.173 0.018
2699.71925 18.221 0.018
2699.73010 18.267 0.019
2699.74131 18.232 0.019
2699.75219 18.148 0.017
2699.76300 18.090 0.018
2699.77382 18.097 0.019
2699.78465 18.046 0.018
2699.79555 18.036 0.017
2699.80677 17.990 0.018
2699.81762 18.027 0.018
2699.82839 18.061 0.018
2699.83922 18.082 0.018
2699.85006 18.120 0.022
2699.86098 18.200 0.022
2700.59845 18.092 0.022
2700.60927 18.171 0.022
2700.62013 18.192 0.022
2700.63101 18.239 0.025
2700.64190 18.178 0.025
2700.64951 18.127 0.021
2700.66037 18.067 0.022
2700.67124 18.057 0.018
2700.68209 18.059 0.019
2700.69294 18.005 0.017
2700.70378 18.011 0.017
2700.71491 18.006 0.017
2700.72578 18.101 0.018
2700.73664 18.093 0.017
2700.74749 18.123 0.017
2700.75835 18.202 0.019
2700.76925 18.252 0.021
2700.78058 18.278 0.020
2700.79146 18.218 0.020
2700.80226 18.169 0.020
2700.81311 18.102 0.018
2700.82398 18.050 0.016
2700.83486 18.020 0.017
2700.84655 18.026 0.017
2700.85738 17.985 0.017
2700.86822 18.043 0.019
2701.61148 17.981 0.022
2701.62234 18.015 0.020
2701.63322 18.047 0.020
2701.64411 18.150 0.021
2701.65497 18.173 0.022
2701.66582 18.258 0.024
2701.67709 18.299 0.024
2701.68792 18.248 0.022
2701.69877 18.170 0.021
2701.70961 18.079 0.020
2701.72046 18.068 0.021
2701.72799 18.045 0.019
2701.73885 18.031 0.019
2701.74973 18.008 0.019
2701.76059 18.003 0.019
2701.77142 18.010 0.020
2701.78227 18.036 0.020
2701.79345 18.110 0.021
2701.80428 18.130 0.023
2701.81514 18.242 0.025
2701.82605 18.219 0.024
2701.83693 18.171 0.025
2701.84778 18.145 0.023
2701.86002 18.057 0.024
2701.87090 18.059 0.021
2702.60854 18.091 0.022
2702.62391 18.041 0.020
2702.63476 17.985 0.020
2702.64566 17.968 0.019
2702.65654 18.027 0.019
2702.66736 17.999 0.020
2702.67821 18.040 0.020
2702.68938 18.051 0.021
2702.70022 18.158 0.022
2702.71110 18.224 0.022
2702.72191 18.320 0.023
2702.73279 18.267 0.022
2702.74362 18.213 0.023
2702.75478 18.157 0.022
2702.76567 18.112 0.021
2702.77657 18.081 0.020
2702.78743 18.034 0.020
2702.79831 18.022 0.020
2702.80913 17.985 0.021
2702.82035 18.048 0.020
2702.83126 18.080 0.020
2702.84210 18.084 0.019
2702.85295 18.200 0.022
2702.86383 18.273 0.023
2702.87466 18.309 0.025
2703.59362 17.985 0.025
2703.60449 18.152 0.025
2703.62945 18.219 0.026
2703.64029 18.169 0.025
2703.65111 18.052 0.023
2703.66518 18.021 0.025
2703.67604 17.980 0.025
2703.69781 18.012 0.023
2703.70868 17.977 0.025
2703.71953 18.002 0.023
2703.73329 17.982 0.023
2703.74880 18.188 0.023
2703.75967 18.190 0.028
2703.77052 18.199 0.029
2703.78138 18.265 0.029
2703.79227 18.136 0.029
2703.80317 18.125 0.024
2703.81741 18.072 0.021
2703.82829 18.040 0.019
2703.83912 17.996 0.020
2703.85003 17.990 0.020
2703.87178 18.003 0.023
2703.88403 18.025 0.025
2704.61486 18.021 0.018
2704.62575 18.052 0.019
2704.63662 18.129 0.019
2704.64745 18.137 0.020
2704.65830 18.225 0.023
2704.66944 18.282 0.020
2704.68032 18.282 0.019
2704.69116 18.237 0.019
2704.70203 18.157 0.017
2704.71289 18.068 0.017
2704.72381 18.067 0.017
2704.73493 18.006 0.018
2704.74581 17.962 0.018
2704.75672 17.986 0.017
2704.76756 18.018 0.017
2704.77841 18.026 0.019
2704.78926 17.957 0.021
2704.80043 18.158 0.020
2704.81132 18.188 0.020
2704.82216 18.247 0.021
2704.83302 18.211 0.021
2704.84388 18.184 0.023
2704.85478 18.116 0.021
2705.60383 18.112 0.018
2705.61470 18.100 0.019
2705.62557 18.047 0.018
2705.63645 17.994 0.018
2705.64734 17.980 0.018
2705.65818 18.013 0.019
2705.66954 17.995 0.019
2705.68042 18.060 0.020
2705.69127 18.084 0.021
2705.70213 18.137 0.023
2705.71298 18.124 0.022
2705.72385 18.216 0.024
2705.73499 18.110 0.026
2705.74587 18.143 0.023
2705.75672 18.098 0.021
2705.76762 18.080 0.020
2705.77852 18.020 0.019
2705.78935 17.994 0.018
2705.80080 18.020 0.019
2705.81167 17.993 0.020
2706.60690 18.091 0.024
2706.61777 18.243 0.023
2706.62861 18.192 0.022
2706.63946 18.075 0.022
2706.65030 18.082 0.020
2706.66113 18.057 0.021
2706.67219 18.027 0.018
2706.68305 17.994 0.018
2706.69389 18.018 0.018
2706.70472 18.019 0.017
2706.71560 18.008 0.019
2706.72647 18.015 0.020
2706.73760 18.062 0.020
2706.74844 18.120 0.024
2706.75936 18.199 0.026
2706.77020 18.221 0.026
2706.78107 18.151 0.028
2706.79196 18.149 0.025
2706.82745 17.986 0.023
2706.83834 17.956 0.023
2707.57979 17.981 0.019
2707.59063 18.003 0.019
2707.60150 18.038 0.018
2707.61236 18.021 0.016
2707.62320 18.082 0.018
2707.63404 18.104 0.018
2707.64758 18.160 0.018
2707.65846 18.289 0.020
2707.66931 18.251 0.019
2707.68015 18.269 0.020
2707.69102 18.187 0.019
2707.70190 18.154 0.017
2707.71308 18.053 0.016
2707.72391 18.050 0.016
2707.73479 18.052 0.017
2707.74565 17.999 0.017
2707.75650 17.965 0.017
2707.76740 18.007 0.018
2707.77877 18.051 0.019
2707.78963 18.110 0.019
2707.80051 18.144 0.020
2707.81138 18.223 0.023
2707.82224 18.237 0.022
2707.83311 18.163 0.022
2708.58633 18.183 0.020
2708.59717 18.125 0.020
2708.60803 18.090 0.017
2708.61892 18.054 0.017
2708.62981 18.017 0.016
2708.64067 18.007 0.015
2708.65643 18.015 0.015
2708.66727 18.035 0.015
2708.67816 18.074 0.017
2708.69390 18.143 0.016
2708.70479 18.193 0.017
2708.71568 18.271 0.019
2708.72653 18.234 0.019
2708.73736 18.191 0.017
2708.74818 18.140 0.017
2708.75942 17.882 0.023
2708.77294 17.881 0.022
2708.79473 17.972 0.020
2708.81167 18.027 0.018
2708.82252 18.066 0.017
2708.83335 18.101 0.018
2709.57617 18.055 0.018
2709.58995 18.158 0.018
2709.60082 18.199 0.022
2709.61169 18.211 0.022
2709.62254 18.250 0.019
2709.63336 18.202 0.019
2709.64423 18.154 0.019
2709.65556 18.113 0.018
2709.66646 18.077 0.016
2709.67734 17.982 0.016
2709.68817 18.001 0.015
2709.69904 17.992 0.015
2709.70989 18.025 0.015
2709.72097 18.056 0.016
2709.73182 18.110 0.016
2709.74270 18.158 0.017
2709.75359 18.256 0.018
2709.76443 18.257 0.017
2709.77531 18.333 0.018
2709.78684 18.201 0.018
2709.79769 18.110 0.016
2709.80857 18.057 0.015
2709.81946 18.019 0.015
2709.83033 18.017 0.015
2709.84115 17.998 0.015
2710.56858 18.009 0.021
2710.57944 18.008 0.022
2710.59027 18.010 0.020
2710.60108 18.021 0.022
2710.61197 18.014 0.022
2710.62283 18.080 0.023
2710.63402 18.054 0.025
2710.64484 18.119 0.025
2710.65574 18.181 0.026
2710.66657 18.286 0.022
2710.67744 18.288 0.020
2710.68827 18.209 0.018
2710.69938 18.129 0.018
2710.71030 18.100 0.017
2710.72117 18.054 0.016
2710.73202 18.019 0.016
2710.74290 18.026 0.017
2710.75377 18.013 0.015
2710.76493 18.020 0.015
2710.77577 18.065 0.016
2710.78664 18.108 0.018
2710.79749 18.125 0.018
2710.80836 18.253 0.021
2710.81926 18.246 0.020
2711.57920 18.253 0.022
2711.59005 18.178 0.021
2711.60089 18.065 0.019
2711.61171 18.074 0.019
2711.62261 18.014 0.017
2711.63349 17.985 0.018
2711.64938 17.980 0.018
2711.66020 18.009 0.018
2711.67103 18.030 0.018
2711.68187 18.064 0.018
2711.69272 18.022 0.016
2711.70355 18.190 0.019
2711.71488 18.254 0.018
2711.72571 18.246 0.016
2711.73658 18.226 0.017
2711.74740 18.131 0.016
2711.76304 18.073 0.015
2711.76656 18.015 0.015
2711.77741 18.023 0.015
2711.78820 17.999 0.014
2711.79902 18.012 0.015
2711.80986 18.071 0.016
2711.82071 18.103 0.018
2712.57265 18.049 0.022
2712.58348 18.087 0.022
2712.59430 18.103 0.022
2712.60514 18.210 0.024
2712.61598 18.250 0.025
2712.62683 18.227 0.025
2712.63810 18.209 0.024
2712.64895 18.103 0.023
2712.65980 18.047 0.023
2712.67067 18.059 0.022
2712.68586 17.991 0.021
2712.69670 18.010 0.021
2712.70752 17.988 0.020
2712.71840 18.063 0.022
2712.72927 18.151 0.023
2712.74012 18.170 0.023
2712.76630 18.269 0.027
2712.77719 18.266 0.024
2712.78806 18.218 0.021
2712.79890 18.091 0.019
2712.80977 18.062 0.018
2712.82146 18.036 0.020
2712.83230 17.979 0.023
2713.58006 17.969 0.025
2713.59089 17.960 0.022
2713.60176 18.016 0.022
2713.61265 18.024 0.023
2713.62352 18.075 0.022
2713.63437 18.088 0.023
2713.64561 18.197 0.023
2713.65646 18.215 0.028
2713.66734 18.273 0.027
2713.67817 18.250 0.025
2713.68907 18.142 0.020
2713.69989 18.155 0.021
2713.71108 18.047 0.024
2713.72199 17.978 0.023
2713.73282 17.995 0.024
2713.74370 18.013 0.019
2713.75451 18.005 0.020
2713.76538 18.028 0.020
2713.77672 18.058 0.023
2713.79626 18.056 0.027
2713.81165 18.165 0.023
2713.82251 18.131 0.024
2714.56531 18.261 0.025
2714.57614 18.180 0.023
2714.59127 18.166 0.022
2714.60214 18.099 0.019
2714.61297 18.077 0.019
2714.62384 18.018 0.019
2714.63470 18.014 0.019
2714.64558 18.008 0.018
2714.65689 17.974 0.017
2714.66773 18.035 0.018
2714.67860 18.076 0.019
2714.68943 18.122 0.019
2714.70030 18.189 0.020
2714.71117 18.256 0.020
2714.72224 18.256 0.019
2714.73308 18.222 0.019
2714.74391 18.119 0.019
2714.75475 18.064 0.019
2714.76563 18.021 0.017
2714.77643 18.003 0.017
2714.78757 17.999 0.017
2714.79844 18.001 0.018
2714.80930 18.010 0.017
2714.82014 18.049 0.018
2715.53192 17.918 0.030
2715.55167 17.862 0.027
2715.56249 17.910 0.031
2715.57334 18.024 0.031
2715.58417 18.090 0.030
2715.59502 18.134 0.034
2715.60591 18.138 0.031
2715.62116 18.240 0.029
2715.63200 18.183 0.026
2715.64286 18.095 0.025
2715.65372 18.033 0.022
2715.66459 18.094 0.022
2715.67542 18.024 0.021
2715.68677 18.008 0.020
2715.69766 18.010 0.020
2715.70851 18.017 0.019
2715.71936 18.077 0.021
2715.73022 18.130 0.024
2715.74104 18.153 0.024
2715.75225 18.274 0.027
2715.76310 18.263 0.027
2715.77393 18.232 0.024
2715.78479 18.195 0.024
2715.79563 18.105 0.023
2715.80653 18.079 0.023
2719.55815 17.969 0.027
2719.56906 18.012 0.025
2719.57994 18.023 0.023
2719.59078 18.010 0.024
2719.61267 18.056 0.023
2719.63447 18.158 0.025
2719.64883 18.238 0.024
2719.65968 18.309 0.025
2719.67055 18.250 0.024
2719.68137 18.185 0.021
2719.69227 18.118 0.019
2719.71215 18.035 0.020
2719.72303 18.027 0.019
2719.73389 18.016 0.020
2719.74790 17.979 0.018
2719.75871 18.031 0.020
2719.76958 18.053 0.021
2719.78039 18.095 0.022
2719.79124 18.135 0.023
2719.80643 18.220 0.024
2719.81729 18.210 0.024
2720.62316 18.022 0.021
2720.70384 18.258 0.023
2720.71469 18.235 0.022
2720.72553 18.200 0.023
2720.74633 18.095 0.021
2720.75721 18.022 0.019
2720.76956 17.989 0.019
2720.78045 17.975 0.019
2720.79132 18.009 0.022
2720.80656 18.034 0.023
2720.81743 18.087 0.022
2720.82832 18.124 0.023
2720.83919 18.195 0.024
2721.54795 17.936 0.025
2721.57629 18.051 0.022
2721.60027 18.239 0.025
2721.61546 18.275 0.025
2721.62743 18.179 0.023
2721.69914 18.001 0.021
2721.71003 18.064 0.021
2721.72088 18.102 0.022
2721.73169 18.148 0.022
2721.74659 18.275 0.023
2721.75744 18.313 0.024
2721.76833 18.276 0.024
2721.78818 18.114 0.022
2721.80402 18.055 0.021
2721.81961 18.009 0.021
2722.71956 18.029 0.023
2722.73039 17.988 0.024
2722.74381 17.931 0.025
2722.75465 18.008 0.023
2722.76551 18.038 0.026
2722.78548 18.175 0.028
2722.79632 18.164 0.030
2722.80717 18.251 0.031
2722.81803 18.144 0.033
2722.82890 18.059 0.035
2723.65292 18.024 0.019
2723.67588 18.124 0.020
2724.54402 18.000 0.018
2724.55490 18.040 0.018
2724.56792 18.090 0.020
2724.57878 18.147 0.021
2724.58961 18.197 0.020
2724.61429 18.250 0.020
2724.62514 18.167 0.019
2724.63601 18.101 0.018
2724.64685 18.078 0.017
2724.65768 18.036 0.019
2724.66855 18.014 0.017
2724.67982 17.940 0.015
2724.69067 18.027 0.017
2724.70159 18.057 0.017
2724.71246 18.111 0.017
2724.72340 18.145 0.018
2724.73427 18.220 0.019
2724.74605 18.332 0.027
2724.75692 18.318 0.023
2724.76778 18.295 0.023
2724.78059 18.165 0.023
2724.79146 18.093 0.022
2724.80230 18.061 0.022
2783.56828 17.995 0.018
2784.47307 17.995 0.020
2786.54044 18.072 0.024
2787.53860 18.228 0.025
4142.77071 18.273 0.026
4142.77416 18.292 0.027
4142.77755 18.275 0.026
4142.78092 18.294 0.026
4142.78430 18.294 0.027
4142.78775 18.290 0.025
4142.79330 18.228 0.027
4142.79674 18.253 0.026
4142.80012 18.230 0.024
4142.80351 18.223 0.024
4142.80695 18.159 0.024
4142.81039 18.162 0.024
4142.81378 18.173 0.026
4142.81724 18.129 0.026
4142.82061 18.101 0.026
4142.82407 18.061 0.024
4142.83011 18.050 0.025
4142.83350 18.025 0.025
4142.83695 18.025 0.024
4142.84041 18.028 0.026
4142.84387 18.024 0.023
4142.84724 17.983 0.024
4142.85070 17.953 0.023
4142.85415 18.014 0.023
4142.85759 17.997 0.022
4142.86095 18.039 0.024
4142.86442 18.023 0.023
4174.56569 18.249 0.025
4174.58049 18.123 0.024
4174.59492 18.073 0.020
4174.60936 18.023 0.018
4174.62554 18.005 0.017
4174.63998 18.054 0.017
4174.65442 18.065 0.018
4174.66958 18.115 0.018
4174.68400 18.194 0.020
4174.69845 18.315 0.021
4174.71566 18.271 0.021
4174.73012 18.164 0.019
4174.74455 18.077 0.019
4174.75935 18.024 0.019
4219.46799 18.011 0.030
4219.47431 18.075 0.026
4219.48062 18.087 0.027
4219.48698 18.178 0.028
4219.49321 18.216 0.027
4219.49950 18.257 0.027
4219.50577 18.291 0.027
4219.51213 18.301 0.025
4219.51843 18.317 0.025
4219.52476 18.297 0.024
4219.53106 18.228 0.022
4219.53745 18.163 0.022
4219.54368 18.130 0.021
4219.55003 18.136 0.022
4219.55630 18.100 0.021
4219.56267 18.094 0.021
4219.56893 18.029 0.021
4219.57524 18.022 0.020
4219.58152 18.061 0.022
4219.58791 18.011 0.019
4219.59417 18.022 0.019
4219.60049 18.011 0.019
4219.60680 18.060 0.020
4219.61317 18.024 0.020
4219.62027 18.081 0.022
4219.62654 18.142 0.024
4219.63280 18.126 0.023
4219.63918 18.181 0.026
4219.64547 18.288 0.030
4219.65175 18.300 0.031
4219.65801 18.225 0.033
