2682.79300 18.682 0.042
2682.80382 18.667 0.047
2682.81463 18.640 0.037
2682.82868 18.637 0.036
2682.83954 18.565 0.037
2682.85043 18.683 0.043
2682.86133 18.621 0.039
2682.87217 18.568 0.036
2682.88305 18.658 0.037
2683.66948 18.641 0.042
2683.68033 18.734 0.043
2683.69120 18.754 0.047
2683.70208 18.740 0.041
2683.71811 18.726 0.034
2683.72899 18.692 0.034
2683.73987 18.648 0.031
2683.75074 18.675 0.029
2683.76235 18.625 0.031
2683.77935 18.575 0.035
2683.79023 18.548 0.034
2683.80109 18.583 0.035
2683.82279 18.534 0.040
2683.83369 18.638 0.042
2683.84811 18.650 0.041
2683.85899 18.521 0.037
2683.86986 18.698 0.044
2683.88069 18.576 0.037
2683.89157 18.559 0.044
2684.67700 18.736 0.037
2684.68787 18.720 0.038
2684.71029 18.780 0.038
2684.72113 18.809 0.036
2684.73200 18.707 0.031
2684.74285 18.741 0.032
2684.75549 18.633 0.028
2684.76633 18.677 0.030
2684.77716 18.611 0.028
2684.78801 18.616 0.028
2684.79888 18.702 0.033
2684.80977 18.710 0.032
2684.82332 18.614 0.029
2684.83418 18.596 0.030
2684.85038 18.578 0.029
2684.86119 18.670 0.031
2684.87208 18.657 0.033
2684.88295 18.598 0.034
2684.89384 18.562 0.042
2685.66481 18.706 0.042
2685.67567 18.733 0.038
2685.68652 18.794 0.046
2685.69740 18.706 0.036
2685.70821 18.742 0.038
2685.71903 18.742 0.036
2685.73246 18.759 0.037
2685.74328 18.637 0.035
2685.75415 18.688 0.038
2685.76504 18.597 0.033
2685.77591 18.682 0.038
2685.78677 18.608 0.035
2685.80107 18.615 0.035
2685.81195 18.650 0.038
2685.83452 18.591 0.036
2685.85216 18.633 0.037
2685.86302 18.636 0.044
2685.87390 18.653 0.041
2685.88473 18.666 0.040
2685.89562 18.638 0.045
2686.70418 18.807 0.047
2686.71505 18.744 0.041
2686.72589 18.650 0.038
2686.73677 18.625 0.040
2686.74762 18.567 0.035
2686.75847 18.714 0.044
2686.77185 18.603 0.038
2686.78275 18.650 0.039
2686.79363 18.548 0.037
2686.80568 18.601 0.049
2686.81653 18.569 0.064
2686.82738 18.600 0.040
2686.83822 18.746 0.057
2686.84907 18.546 0.039
2686.85991 18.662 0.045
2686.87297 18.732 0.047
2686.88384 18.632 0.040
2686.89474 18.658 0.045
2687.65323 18.573 0.042
2687.66407 18.747 0.050
2687.67701 18.759 0.047
2687.68783 18.744 0.044
2687.69868 18.894 0.054
2687.70954 18.869 0.053
2687.72073 18.760 0.046
2687.73159 18.705 0.043
2687.74250 18.749 0.045
2687.75595 18.680 0.045
2687.76683 18.705 0.048
2687.77764 18.614 0.044
2687.78853 18.601 0.039
2687.79940 18.695 0.042
2687.81026 18.642 0.041
2687.82202 18.613 0.041
2687.83288 18.663 0.042
2687.84903 18.520 0.037
2687.85993 18.710 0.045
2687.87084 18.639 0.043
2687.88172 18.600 0.043
2687.89264 18.634 0.047
2688.66119 18.685 0.041
2688.68295 18.643 0.045
2688.75971 18.648 0.036
2688.79403 18.608 0.035
2688.80485 18.646 0.038
2688.81570 18.622 0.040
2688.82657 18.517 0.038
2688.83985 18.652 0.040
2688.85378 18.559 0.050
2688.86938 18.515 0.048
2688.88024 18.624 0.054
2688.89109 18.603 0.053
2689.65490 18.629 0.042
2689.66900 18.643 0.045
2689.67987 18.816 0.046
2689.69511 18.799 0.048
2689.70596 18.787 0.047
2689.71680 18.817 0.051
2689.72763 18.809 0.041
2689.73849 18.521 0.033
2689.74935 18.759 0.041
2689.76054 18.721 0.037
2689.77139 18.725 0.041
2689.78335 18.601 0.038
2689.79417 18.724 0.046
2689.80505 18.616 0.040
2689.81809 18.677 0.049
2689.82895 18.536 0.043
2689.83984 18.750 0.050
2689.85442 18.623 0.044
2689.86530 18.580 0.039
2689.87615 18.662 0.043
2689.88702 18.657 0.042
2689.89792 18.616 0.045
2690.65216 18.479 0.041
2690.66303 18.666 0.042
2690.67388 18.715 0.043
2690.68577 18.745 0.041
2690.69664 18.745 0.044
2690.70753 18.765 0.046
2690.71841 18.748 0.044
2690.72929 18.819 0.047
2690.74012 18.780 0.058
2690.75142 18.683 0.051
2690.76222 18.690 0.047
2690.77310 18.705 0.055
2690.78394 18.626 0.048
2690.79478 18.664 0.048
2690.81369 18.774 0.061
2690.82454 18.783 0.062
2690.83543 18.658 0.057
2690.84626 18.450 0.049
2690.85717 18.686 0.055
2690.86802 18.823 0.064
2690.87920 18.700 0.056
2690.89015 18.765 0.057
2691.64288 18.695 0.054
2691.65381 18.656 0.052
2691.66461 18.670 0.051
2691.68629 18.773 0.046
2691.69711 18.690 0.045
2691.70865 18.896 0.057
2691.71950 18.733 0.046
2691.73040 18.843 0.060
2691.74128 18.816 0.048
2691.75217 18.807 0.051
2691.76306 18.668 0.044
2691.77424 18.728 0.044
2691.78509 18.688 0.047
2691.79590 18.576 0.051
2691.80684 18.615 0.052
2691.81769 18.687 0.055
2691.82854 18.376 0.063
2692.65161 18.640 0.047
2692.66248 18.680 0.048
2692.67332 18.720 0.048
2692.76246 18.791 0.059
2692.77765 18.778 0.058
2692.78850 18.709 0.052
2692.79936 18.621 0.045
2692.81018 18.741 0.048
2692.82105 18.605 0.056
2692.83190 18.775 0.066
2693.64727 18.626 0.027
2693.65815 18.636 0.032
2693.66899 18.688 0.033
2693.67986 18.667 0.030
2693.69070 18.738 0.035
2693.70215 18.754 0.033
2693.71303 18.779 0.033
2693.72388 18.790 0.039
2693.73594 18.770 0.034
2693.74678 18.712 0.036
2693.75765 18.726 0.035
2693.76852 18.686 0.034
2693.77938 18.647 0.030
2693.79338 18.657 0.033
2693.80424 18.607 0.033
2693.81744 18.655 0.036
2693.82837 18.735 0.038
2693.84390 18.644 0.038
2693.85679 18.645 0.037
2693.86768 18.706 0.045
2693.87858 18.622 0.044
2694.62739 18.567 0.032
2694.63829 18.613 0.036
2694.64916 18.675 0.031
2694.66219 18.756 0.038
2694.67304 18.670 0.034
2694.68390 18.709 0.032
2694.69476 18.651 0.031
2694.71080 18.703 0.029
2694.72163 18.693 0.031
2694.73249 18.763 0.033
2694.74348 18.784 0.033
2694.75432 18.735 0.031
2694.76517 18.820 0.036
2694.78012 18.682 0.032
2694.79096 18.635 0.031
2694.80184 18.697 0.036
2694.81267 18.659 0.033
2694.82683 18.571 0.033
2694.83765 18.654 0.035
2694.85452 18.644 0.036
2694.86537 18.613 0.036
2694.87625 18.721 0.039
2694.88717 18.617 0.043
2695.65085 18.608 0.035
2695.66171 18.648 0.036
2695.67305 18.788 0.046
2695.68392 18.760 0.040
2695.69478 18.678 0.029
2695.70707 18.719 0.029
2695.71858 18.708 0.027
2695.72938 18.796 0.034
2695.74072 18.771 0.034
2695.75160 18.792 0.035
2695.76243 18.731 0.034
2695.77331 18.765 0.035
2695.78745 18.802 0.038
2695.80076 18.674 0.033
2695.81564 18.712 0.036
2695.82937 18.658 0.031
2695.84023 18.568 0.035
2695.85106 18.681 0.033
2695.86192 18.585 0.029
2695.87370 18.570 0.030
2695.88456 18.671 0.030
2696.64559 18.573 0.033
2696.65649 18.743 0.037
2696.66731 18.711 0.036
2696.67820 18.745 0.039
2696.68908 18.657 0.032
2696.70459 18.798 0.036
2696.71541 18.676 0.033
2696.72622 18.770 0.032
2696.73709 18.708 0.031
2696.74789 18.763 0.033
2696.75879 18.828 0.034
2696.77001 18.723 0.033
2696.78091 18.622 0.030
2696.79173 18.707 0.032
2696.80259 18.705 0.032
2696.81347 18.662 0.029
2696.82434 18.660 0.032
2696.83707 18.697 0.031
2696.84792 18.603 0.032
2696.85875 18.633 0.032
2696.86957 18.600 0.034
2696.88041 18.645 0.035
2696.89130 18.658 0.038
2697.62783 18.576 0.046
2697.63870 18.240 0.032
2697.64955 18.627 0.047
2697.66044 18.626 0.038
2697.67701 18.757 0.039
2697.68782 18.641 0.031
2697.69873 18.629 0.030
2697.71182 18.613 0.027
2697.72266 18.665 0.033
2697.73352 18.731 0.029
2697.74434 18.675 0.029
2697.75519 18.775 0.036
2697.76602 18.859 0.043
2697.77718 18.744 0.036
2697.78802 18.715 0.034
2697.80102 18.710 0.034
2697.81187 18.647 0.030
2697.82275 18.618 0.029
2697.83363 18.600 0.028
2697.84447 18.625 0.027
2697.85530 18.665 0.030
2697.86659 18.617 0.030
2697.87740 18.684 0.032
2697.88827 18.650 0.028
2697.89915 18.648 0.030
2698.61659 18.599 0.041
2698.62744 18.636 0.030
2698.63831 18.689 0.032
2698.64917 18.641 0.033
2698.65998 18.681 0.035
2698.67084 18.637 0.031
2698.68194 18.709 0.034
2698.69285 18.654 0.034
2698.70373 18.723 0.033
2698.71459 18.646 0.029
2698.72545 18.734 0.036
2698.73627 18.714 0.034
2698.74752 18.771 0.032
2698.75836 18.678 0.032
2698.76919 18.760 0.036
2698.78002 18.781 0.041
2698.79088 18.790 0.037
2698.80176 18.686 0.034
2698.81295 18.718 0.033
2698.82380 18.663 0.037
2698.83990 18.673 0.038
2698.85076 18.650 0.033
2698.86163 18.590 0.031
2698.87248 18.617 0.032
2698.88330 18.686 0.035
2699.61040 18.624 0.036
2699.62126 18.662 0.039
2699.63213 18.682 0.038
2699.64298 18.703 0.037
2699.65387 18.628 0.037
2699.66470 18.667 0.035
2699.67588 18.705 0.036
2699.68673 18.679 0.031
2699.69756 18.705 0.031
2699.70839 18.576 0.027
2699.71925 18.672 0.030
2699.73010 18.707 0.031
2699.74131 18.684 0.030
2699.75219 18.771 0.034
2699.76300 18.789 0.038
2699.77382 18.725 0.038
2699.78465 18.738 0.038
2699.79555 18.750 0.036
2699.80677 18.790 0.040
2699.81762 18.780 0.039
2699.82839 18.699 0.036
2699.83922 18.654 0.035
2699.85006 18.602 0.039
2699.86098 18.622 0.038
2700.59845 18.653 0.041
2700.60927 18.618 0.037
2700.62013 18.572 0.035
2700.63101 18.749 0.044
2700.64190 18.662 0.044
2700.64951 18.557 0.035
2700.66037 18.563 0.042
2700.67124 18.569 0.032
2700.68209 18.641 0.035
2700.69294 18.643 0.033
2700.70378 18.588 0.031
2700.71491 18.562 0.029
2700.72578 18.639 0.031
2700.73664 18.700 0.033
2700.74749 18.801 0.035
2700.75835 18.741 0.033
2700.76925 18.731 0.037
2700.78058 18.715 0.032
2700.79146 18.685 0.033
2700.80226 18.697 0.035
2700.81311 18.760 0.036
2700.82398 18.697 0.031
2700.83486 18.612 0.031
2700.84655 18.689 0.033
2700.85738 18.724 0.037
2700.86822 18.664 0.038
2701.61148 18.526 0.042
2701.62234 18.721 0.043
2701.63322 18.593 0.038
2701.64411 18.655 0.037
2701.65497 18.596 0.036
2701.66582 18.635 0.039
2701.67709 18.671 0.038
2701.68792 18.658 0.035
2701.69877 18.584 0.033
2701.70961 18.477 0.032
2701.72046 18.546 0.036
2701.72799 18.687 0.038
2701.73885 18.708 0.038
2701.74973 18.658 0.038
2701.76059 18.757 0.040
2701.77142 18.753 0.041
2701.78227 18.759 0.045
2701.79345 18.769 0.045
2701.80428 18.745 0.046
2701.81514 18.693 0.044
2701.82605 18.650 0.042
2701.83693 18.720 0.048
2701.84778 18.757 0.047
2701.86002 18.683 0.049
2701.87090 18.613 0.039
2702.60854 18.564 0.038
2702.62391 18.631 0.037
2702.63476 18.618 0.038
2702.64566 18.674 0.038
2702.66736 18.674 0.040
2702.67821 18.664 0.044
2702.68938 18.684 0.038
2702.70022 18.607 0.035
2702.71110 18.685 0.041
2702.72191 18.594 0.032
2702.73279 18.748 0.037
2702.74362 18.693 0.039
2702.75478 18.751 0.042
2702.76567 18.738 0.042
2702.77657 18.753 0.041
2702.78743 18.876 0.047
2702.79831 18.766 0.043
2702.80913 18.836 0.050
2702.82035 18.719 0.040
2702.83126 18.692 0.039
2702.84210 18.674 0.035
2702.85295 18.648 0.037
2702.86383 18.646 0.036
2702.87466 18.651 0.038
2703.59362 18.646 0.049
2703.60449 18.669 0.043
2703.62945 18.594 0.039
2703.64029 18.564 0.038
2703.65111 18.723 0.045
2703.66518 18.606 0.046
2703.67604 18.590 0.048
2703.69781 18.585 0.039
2703.70868 18.551 0.043
2703.71953 18.493 0.039
2703.73329 18.800 0.049
2703.74880 18.663 0.035
2703.75967 18.678 0.045
2703.77052 18.770 0.052
2703.78138 18.715 0.046
2703.79227 18.749 0.055
2703.80317 18.749 0.046
2703.81741 18.711 0.041
2703.82829 18.785 0.039
2703.83912 18.674 0.038
2703.85003 18.659 0.040
2703.87178 18.601 0.043
2703.88403 18.625 0.046
2704.61486 18.604 0.032
2704.62575 18.618 0.034
2704.63662 18.723 0.034
2704.64745 18.684 0.035
2704.65830 18.719 0.039
2704.66944 18.665 0.029
2704.68032 18.694 0.029
2704.69116 18.619 0.028
2704.70203 18.666 0.030
2704.71289 18.726 0.031
2704.72381 18.594 0.030
2704.73493 18.669 0.035
2704.74581 18.692 0.037
2704.75672 18.677 0.034
2704.76756 18.691 0.034
2704.77841 18.764 0.039
2704.78926 18.825 0.053
2704.80043 18.806 0.040
2704.81132 18.709 0.035
2704.82216 18.826 0.039
2704.83302 18.783 0.040
2704.84388 18.750 0.044
2704.85478 18.743 0.042
2705.60383 18.714 0.034
2705.61470 18.725 0.036
2705.62557 18.661 0.036
2705.63645 18.676 0.035
2705.64734 18.759 0.041
2705.65818 18.596 0.035
2705.66954 18.599 0.036
2705.68042 18.673 0.039
2705.69127 18.586 0.037
2705.70213 18.482 0.036
2705.71298 18.611 0.038
2705.72385 18.611 0.040
2705.73499 18.503 0.043
2705.74587 18.605 0.038
2705.75672 18.781 0.043
2705.76762 18.660 0.039
2705.77852 18.675 0.038
2705.78935 18.716 0.040
2705.80080 18.768 0.043
2705.81167 18.766 0.046
2705.82258 18.571 0.036
2706.60690 18.666 0.044
2706.61777 18.629 0.036
2706.62861 18.619 0.035
2706.63946 18.636 0.040
2706.65030 18.643 0.036
2706.66113 18.681 0.039
2706.67219 18.598 0.032
2706.68305 18.593 0.033
2706.69389 18.587 0.031
2706.70472 18.616 0.031
2706.71560 18.678 0.037
2706.72647 18.711 0.039
2706.73760 18.722 0.039
2706.74844 18.650 0.041
2706.75936 18.723 0.047
2706.77020 18.707 0.046
2706.78107 18.811 0.059
2706.79196 18.751 0.049
2706.82745 18.877 0.057
2706.83834 18.788 0.052
2707.57979 18.745 0.042
2707.59063 18.605 0.035
2707.60150 18.627 0.032
2707.61236 18.666 0.030
2707.62320 18.685 0.033
2707.63404 18.705 0.034
2707.64758 18.662 0.030
2707.65846 18.592 0.030
2707.66931 18.625 0.030
2707.68015 18.709 0.033
2707.69102 18.618 0.030
2707.70190 18.579 0.026
2707.71308 18.636 0.028
2707.72391 18.656 0.030
2707.73479 18.649 0.031
2707.74565 18.739 0.035
2707.75650 18.517 0.031
2707.76740 18.675 0.035
2707.77877 18.756 0.039
2707.78963 18.703 0.038
2707.80051 18.828 0.042
2707.81138 18.844 0.047
2707.82224 18.762 0.042
2707.83311 18.689 0.041
2708.58633 18.648 0.034
2708.59717 18.601 0.034
2708.60803 18.668 0.032
2708.61892 18.547 0.030
2708.62981 18.696 0.032
2708.64067 18.646 0.029
2708.65643 18.647 0.029
2708.66727 18.623 0.027
2708.67816 18.607 0.030
2708.69390 18.646 0.028
2708.70479 18.608 0.027
2708.71568 18.690 0.032
2708.72653 18.692 0.033
2708.73736 18.597 0.029
2708.74818 18.611 0.029
2708.75942 18.465 0.046
2708.77294 18.566 0.050
2708.79473 18.659 0.044
2708.81167 18.873 0.043
2708.82252 18.771 0.036
2708.83335 18.779 0.038
2709.57617 18.690 0.034
2709.58995 18.624 0.032
2709.60082 18.611 0.036
2709.61169 18.672 0.036
2709.62254 18.586 0.029
2709.63336 18.646 0.031
2709.64423 18.740 0.037
2709.65556 18.593 0.029
2709.66646 18.649 0.029
2709.67734 18.600 0.030
2709.68817 18.637 0.029
2709.69904 18.659 0.029
2709.70989 18.578 0.027
2709.72097 18.684 0.030
2709.73182 18.694 0.030
2709.74270 18.681 0.031
2709.75359 18.631 0.029
2709.76443 18.658 0.028
2709.77531 18.676 0.029
2709.78684 18.723 0.032
2709.79769 18.745 0.032
2709.80857 18.720 0.030
2709.81946 18.679 0.028
2709.83033 18.736 0.031
2709.84115 18.833 0.035
2710.56858 18.673 0.043
2710.57944 18.642 0.042
2710.59027 18.633 0.038
2710.60108 18.600 0.039
2710.61197 18.657 0.042
2710.62283 18.700 0.044
2710.63402 18.835 0.053
2710.64484 18.676 0.044
2710.65574 18.705 0.043
2710.66657 18.659 0.032
2710.67744 18.622 0.029
2710.68827 18.677 0.029
2710.69938 18.656 0.030
2710.71030 18.683 0.031
2710.72117 18.637 0.028
2710.73202 18.689 0.030
2710.74290 18.620 0.031
2710.75377 18.627 0.028
2710.76493 18.599 0.027
2710.77577 18.618 0.028
2710.78664 18.719 0.036
2710.79749 18.723 0.035
2710.80836 18.817 0.039
2710.81926 18.850 0.039
2711.57920 18.695 0.036
2711.59005 18.666 0.036
2711.60089 18.748 0.037
2711.61171 18.703 0.036
2711.62261 18.597 0.031
2711.63349 18.660 0.033
2711.64938 18.632 0.032
2711.66020 18.561 0.030
2711.67103 18.688 0.032
2711.68187 18.612 0.029
2711.69272 18.668 0.029
2711.70355 18.634 0.030
2711.71488 18.669 0.028
2711.72571 18.673 0.026
2711.73658 18.678 0.027
2711.74740 18.607 0.025
2711.76304 18.694 0.028
2711.76656 18.598 0.027
2711.77741 18.635 0.026
2711.78820 18.688 0.027
2711.79902 18.659 0.028
2711.80986 18.743 0.032
2711.82071 18.732 0.034
2712.57265 18.708 0.043
2712.58348 18.638 0.040
2712.59430 18.669 0.040
2712.60514 18.608 0.039
2712.61598 18.549 0.037
2712.62683 18.508 0.037
2712.65980 18.565 0.041
2712.67067 18.616 0.039
2712.68586 18.695 0.043
2712.69670 18.617 0.038
2712.70752 18.576 0.038
2712.71840 18.612 0.038
2712.72927 18.643 0.040
2712.74012 18.646 0.039
2712.76630 18.666 0.046
2712.77719 18.657 0.038
2712.78806 18.673 0.034
2712.79890 18.725 0.037
2712.80977 18.677 0.035
2712.82146 18.794 0.044
2712.83230 18.734 0.052
2713.58006 18.656 0.049
2713.59089 18.702 0.045
2713.60176 18.607 0.039
2713.61265 18.697 0.043
2713.62352 18.720 0.041
2713.63437 18.636 0.040
2713.64561 18.671 0.037
2713.65646 18.780 0.048
2713.66734 18.599 0.037
2713.67817 18.691 0.038
2713.68907 18.639 0.033
2713.69989 18.652 0.034
2713.71108 18.743 0.048
2713.72199 18.698 0.050
2713.73282 18.701 0.051
2713.74370 18.671 0.037
2713.75451 18.728 0.042
2713.76538 18.668 0.040
2713.77672 18.710 0.049
2713.79626 18.731 0.057
2713.81165 18.897 0.052
2713.82251 18.774 0.049
2714.56531 18.604 0.038
2714.57614 18.625 0.037
2714.59127 18.617 0.037
2714.60214 18.691 0.036
2714.61297 18.642 0.036
2714.62384 18.644 0.035
2714.63470 18.703 0.038
2714.64558 18.748 0.039
2714.65689 18.658 0.033
2714.66773 18.624 0.033
2714.67860 18.660 0.035
2714.68943 18.668 0.033
2714.70030 18.634 0.033
2714.71117 18.651 0.033
2714.72224 18.618 0.030
2714.73308 18.635 0.030
2714.74391 18.666 0.034
2714.75475 18.668 0.037
2714.76563 18.630 0.031
2714.77643 18.623 0.033
2714.78757 18.626 0.032
2714.79844 18.714 0.036
2714.80930 18.720 0.037
2714.82014 18.707 0.035
2715.53192 18.589 0.062
2715.55167 18.670 0.065
2715.56249 18.759 0.076
2715.57334 18.704 0.063
2715.58417 18.867 0.067
2715.59502 18.693 0.066
2715.60591 18.671 0.057
2715.62116 18.593 0.043
2715.63200 18.601 0.042
2715.64286 18.627 0.042
2715.65372 18.641 0.040
2715.66459 18.598 0.036
2715.67542 18.658 0.037
2715.68677 18.738 0.039
2715.69766 18.722 0.040
2715.70851 18.644 0.036
2715.71936 18.665 0.039
2715.73022 18.715 0.046
2715.74104 18.791 0.050
2715.75225 18.735 0.048
2715.76310 18.740 0.048
2715.77393 18.695 0.042
2715.78479 18.580 0.040
2715.79563 18.709 0.044
2715.80653 18.645 0.045
2719.55815 18.752 0.062
2719.56906 18.606 0.049
2719.57994 18.617 0.046
2719.59078 18.666 0.049
2719.61267 18.625 0.044
2719.63447 18.606 0.045
2719.64883 18.622 0.040
2719.65968 18.668 0.040
2719.67055 18.630 0.040
2719.68137 18.621 0.037
2719.69227 18.592 0.036
2719.71215 18.577 0.040
2719.72303 18.626 0.040
2719.73389 18.584 0.041
2719.74790 18.621 0.040
2719.75871 18.625 0.039
2719.76958 18.608 0.042
2719.78039 18.592 0.042
2719.79124 18.588 0.042
2719.80643 18.678 0.046
2719.81729 18.612 0.043
2720.62316 18.589 0.043
2720.70384 18.630 0.038
2720.71469 18.662 0.038
2720.72553 18.597 0.039
2720.76956 18.645 0.039
2720.78045 18.682 0.045
2720.79132 18.619 0.046
2720.80656 18.635 0.047
2720.81743 18.651 0.043
2720.82832 18.579 0.041
2720.83919 18.711 0.046
2721.54795 18.635 0.052
2721.57629 18.669 0.044
2721.60027 18.687 0.043
2721.61546 18.675 0.041
2721.62743 18.698 0.040
2721.69914 18.708 0.044
2721.71003 18.572 0.036
2721.72088 18.643 0.039
2721.73169 18.652 0.037
2721.74659 18.649 0.037
2721.75744 18.582 0.035
2721.76833 18.684 0.040
2721.78818 18.644 0.042
2721.80402 18.650 0.042
2721.81961 18.720 0.049
2722.71956 18.711 0.044
2722.73039 18.684 0.047
2722.74381 18.690 0.053
2722.75465 18.652 0.042
2722.76551 18.697 0.050
2722.78548 18.651 0.046
2722.79632 18.694 0.053
2722.80717 18.727 0.052
2722.81803 18.801 0.064
2722.82890 18.555 0.062
2723.65292 18.641 0.037
2723.67588 18.629 0.035
2724.54402 18.679 0.038
2724.55490 18.648 0.036
2724.56792 18.646 0.037
2724.57878 18.702 0.039
2724.58961 18.618 0.033
2724.61429 18.626 0.032
2724.62514 18.647 0.033
2724.63601 18.675 0.034
2724.64685 18.714 0.033
2724.65768 18.654 0.035
2724.66855 18.662 0.033
2724.67982 18.646 0.029
2724.69067 18.652 0.032
2724.70159 18.646 0.031
2724.71246 18.627 0.028
2724.72340 18.658 0.029
2724.73427 18.638 0.031
2724.74605 18.697 0.044
2724.75692 18.632 0.033
2724.76778 18.618 0.033
2724.78059 18.607 0.037
2724.79146 18.643 0.040
2724.80230 18.764 0.048
2783.56828 18.569 0.033
2784.47307 18.617 0.034
2786.54044 18.586 0.042
2787.53860 18.638 0.038
4142.77071 18.656 0.040
4142.77416 18.658 0.040
4142.77755 18.645 0.038
4142.78092 18.625 0.038
4142.78430 18.648 0.039
4142.78775 18.653 0.037
4142.79330 18.665 0.043
4142.79674 18.642 0.040
4142.80012 18.641 0.037
4142.80351 18.674 0.037
4142.80695 18.676 0.039
4142.81039 18.641 0.038
4142.81378 18.582 0.040
4142.81724 18.646 0.043
4142.82061 18.671 0.045
4142.82407 18.639 0.043
4142.83011 18.654 0.047
4142.83350 18.575 0.057
4142.84041 18.630 0.059
4142.84387 18.712 0.057
4174.56569 18.651 0.041
4174.58049 18.778 0.050
4174.59492 18.699 0.039
4174.60936 18.613 0.033
4174.62554 18.688 0.033
4174.63998 18.629 0.031
4174.65442 18.657 0.032
4174.66958 18.668 0.031
4174.68400 18.640 0.032
4174.69845 18.563 0.029
4174.71566 18.644 0.031
4174.73012 18.599 0.030
4174.74455 18.678 0.034
4174.75935 18.592 0.033
4219.46799 18.525 0.055
4219.47431 18.645 0.049
4219.48062 18.713 0.053
4219.48698 18.643 0.048
4219.49321 18.638 0.045
4219.49950 18.659 0.043
4219.50577 18.628 0.042
4219.51213 18.666 0.039
4219.51843 18.758 0.042
4219.52476 18.641 0.036
4219.53106 18.649 0.036
4219.53745 18.595 0.035
4219.54368 18.640 0.039
4219.55003 18.548 0.036
4219.56893 18.500 0.041
