2695.89697 20.066 0.066
2723.84684 20.104 0.101
2723.86408 19.896 0.072
2723.87475 19.928 0.078
2723.88543 19.945 0.081
2723.89609 20.242 0.126
2723.90682 20.343 0.132
2723.91752 20.485 0.166
2724.82085 19.791 0.064
2724.83151 19.852 0.065
2724.84223 20.148 0.087
2724.85285 20.290 0.093
2724.86531 20.259 0.100
2724.87916 20.220 0.080
2724.88987 20.163 0.072
2724.90052 19.964 0.059
2725.53182 20.426 0.169
2725.54253 20.335 0.145
2725.55320 20.200 0.123
2725.56216 19.833 0.097
2725.57697 19.981 0.089
2725.59179 19.941 0.091
2725.60686 19.991 0.092
2725.62156 20.014 0.096
2725.63623 20.077 0.094
2725.65090 20.341 0.092
2725.66553 20.286 0.082
2725.68014 20.150 0.080
2725.71994 19.988 0.066
2725.73461 19.975 0.064
2725.74921 19.956 0.053
2725.76387 19.987 0.053
2725.77851 20.066 0.057
2725.79326 20.260 0.071
2725.81421 20.240 0.071
2725.82889 20.066 0.058
2726.52806 19.870 0.081
2726.53875 19.947 0.091
2726.54942 19.944 0.084
2726.56011 20.138 0.092
2726.57082 20.089 0.086
2726.58711 20.164 0.087
2726.59781 20.313 0.109
2726.60849 20.297 0.092
2726.61916 20.364 0.094
2726.62984 20.302 0.087
2726.64050 20.224 0.081
2726.65515 19.932 0.068
2726.66584 20.069 0.072
2726.67650 19.837 0.057
2726.68715 19.886 0.064
2726.70516 19.883 0.063
2726.71587 20.078 0.077
2726.72655 20.283 0.091
2726.73722 20.359 0.103
2726.74786 20.391 0.097
2726.75856 20.346 0.100
2726.77258 20.190 0.092
2726.78416 20.036 0.076
2726.79480 19.929 0.060
2726.80548 19.890 0.049
2726.81619 19.925 0.052
2726.82685 19.848 0.055
2726.83753 19.901 0.055
2727.52994 20.256 0.150
2727.54060 20.313 0.135
2727.55130 20.367 0.143
2727.56251 20.341 0.167
2727.57316 20.249 0.154
2727.58384 20.101 0.111
2727.59455 20.108 0.089
2727.60906 19.944 0.080
2727.61976 19.957 0.073
2727.63043 19.954 0.067
2727.64110 19.960 0.067
2727.65179 20.073 0.074
2727.66246 19.960 0.067
2727.67972 20.177 0.075
2727.69042 20.443 0.109
2727.70109 20.271 0.085
2727.71178 20.228 0.085
2727.72246 19.967 0.066
2727.73321 19.912 0.061
2727.74445 19.918 0.061
2727.75515 19.926 0.060
2727.76582 19.937 0.062
2727.77644 19.992 0.064
2727.78713 19.921 0.060
2727.79785 20.153 0.073
2728.52275 20.426 0.205
2728.53392 20.168 0.161
2728.54461 20.043 0.110
2728.55531 19.866 0.099
2728.56651 19.864 0.095
2728.57718 19.895 0.091
2728.58787 19.708 0.091
2728.59948 20.248 0.127
2728.61014 20.245 0.138
2728.62081 20.272 0.128
2728.63948 20.294 0.112
2728.65019 19.881 0.083
2728.66088 20.030 0.083
2728.67159 20.156 0.082
2728.68230 19.936 0.066
2728.69293 20.034 0.066
2728.70400 20.020 0.073
2728.71469 20.075 0.103
2728.72536 20.009 0.085
2728.73601 20.478 0.155
2728.74665 20.347 0.104
2728.75735 20.724 0.145
2728.76856 20.482 0.114
2728.77925 20.297 0.088
2728.78994 20.070 0.088
2728.80069 19.944 0.066
2729.54159 20.776 0.286
2729.55593 20.369 0.195
2729.56783 20.967 0.298
2729.57930 20.664 0.235
2729.59065 20.093 0.130
2729.60247 20.438 0.163
2729.61317 20.133 0.120
2729.62387 19.916 0.097
2729.63458 19.885 0.083
2729.64528 19.952 0.089
2729.66020 19.980 0.096
2729.67089 19.867 0.071
2729.68161 20.269 0.096
2729.69229 20.300 0.093
2729.70294 20.150 0.079
2729.71357 20.308 0.088
2729.72526 20.171 0.080
2729.73596 20.189 0.084
2729.74665 20.044 0.070
2729.76802 19.936 0.065
2729.78076 20.049 0.075
2729.79141 20.044 0.079
2729.80212 20.137 0.089
2730.52247 20.270 0.133
2730.53375 20.332 0.132
2730.54496 20.367 0.136
2730.55616 20.066 0.095
2730.56915 19.908 0.078
2730.57987 19.796 0.066
2730.59064 19.895 0.072
2730.60137 19.957 0.081
2730.61211 20.027 0.078
2730.62280 20.056 0.077
2730.63423 20.141 0.084
2730.64497 20.444 0.096
2730.65608 20.229 0.084
2730.66682 20.239 0.082
2730.68330 20.034 0.065
2730.69404 20.046 0.064
2730.70536 20.042 0.069
2730.71678 19.882 0.057
2730.72798 19.979 0.060
2730.73925 19.891 0.055
2730.75743 20.105 0.068
2730.76814 20.275 0.078
2730.77998 20.334 0.085
2730.79075 20.272 0.073
2731.54161 19.987 0.097
2731.55236 20.026 0.094
2731.56312 19.982 0.086
2731.57386 20.213 0.107
2731.58459 20.453 0.135
2731.61115 20.320 0.115
2731.62241 20.196 0.097
2731.63366 20.025 0.089
2731.64517 19.921 0.063
2731.65658 19.966 0.066
2731.66732 19.920 0.067
2731.67809 19.967 0.072
2731.68935 20.075 0.086
2731.70006 20.189 0.083
2731.71080 20.439 0.097
2731.72210 20.304 0.084
2731.73285 20.215 0.081
2731.74358 20.247 0.084
2731.75491 19.997 0.066
2731.76600 19.958 0.064
2731.77676 19.911 0.064
2731.78748 19.993 0.073
2732.51562 20.969 0.380
2732.52704 20.863 0.311
2732.53853 21.460 0.504
2732.54990 20.359 0.176
2732.56146 20.410 0.212
2732.57312 20.163 0.174
2732.58427 20.130 0.143
2732.59550 20.011 0.115
2732.60631 19.957 0.113
2732.61832 19.914 0.100
2732.62905 20.074 0.116
2732.64017 20.186 0.115
2732.65524 20.705 0.158
2732.66590 20.483 0.128
2732.67725 20.264 0.108
2732.68840 20.345 0.113
2732.69913 20.238 0.104
2732.70988 19.861 0.078
2732.72058 19.965 0.075
2732.73187 19.933 0.074
2732.74262 19.817 0.072
2732.75333 19.861 0.070
2732.76407 20.205 0.100
2732.77886 20.045 0.085
2732.78961 20.371 0.107
2732.80032 20.302 0.099
2733.51417 20.132 0.122
2733.52524 19.990 0.113
2733.53597 20.184 0.132
2733.54707 20.072 0.109
2733.55778 19.935 0.090
2733.56892 19.902 0.078
2733.57969 20.182 0.096
2733.59129 20.025 0.083
2733.60237 20.259 0.098
2733.61383 20.305 0.098
2733.62514 20.181 0.085
2733.63639 20.077 0.071
2733.64820 19.935 0.066
2733.66345 20.013 0.075
2733.67417 20.197 0.078
2733.68546 19.832 0.068
2733.69666 19.926 0.066
2733.70740 20.062 0.072
2733.71814 20.079 0.074
2733.73346 20.200 0.077
2733.74610 20.254 0.083
2733.75684 20.150 0.089
2733.76759 20.075 0.088
2733.77834 19.932 0.088
2734.51784 20.086 0.147
2734.52896 20.329 0.174
2734.55529 20.131 0.156
2734.58037 20.252 0.115
2734.59162 19.932 0.086
2734.60233 19.842 0.076
2734.61308 20.214 0.104
2734.62430 20.003 0.084
2734.63502 19.866 0.072
2734.64577 20.160 0.093
2734.65715 20.176 0.084
2734.66791 20.352 0.095
2734.67862 20.313 0.092
2734.68977 20.421 0.096
2734.70053 20.278 0.083
2734.71127 20.084 0.073
2734.72246 20.000 0.067
2734.73319 19.935 0.059
2734.74396 19.974 0.058
2734.75471 19.942 0.057
2734.76547 19.842 0.053
2734.77618 19.854 0.056
2735.51543 20.217 0.113
2735.52656 20.022 0.093
2735.53793 19.993 0.093
2735.54909 20.005 0.092
2735.56043 19.972 0.079
2735.57185 19.974 0.076
2735.58256 19.929 0.080
2735.59695 20.138 0.088
2735.60803 20.103 0.085
2735.61875 20.439 0.111
2735.63014 20.206 0.089
2735.64179 20.336 0.094
2735.65312 20.022 0.071
2735.66442 20.086 0.079
2735.67554 19.887 0.059
2735.68626 19.886 0.061
2735.69796 19.899 0.062
2735.70935 20.033 0.071
2735.72095 20.200 0.079
2735.73242 20.062 0.069
2735.74318 20.273 0.079
2735.75457 20.347 0.085
2735.76529 20.187 0.074
2735.77605 20.206 0.081
2735.79213 19.946 0.066
2743.51161 19.963 0.105
2743.52760 19.852 0.092
2743.53832 20.086 0.113
2743.54904 20.223 0.119
2743.55978 20.420 0.145
2743.57051 20.312 0.121
2743.58120 20.638 0.163
2743.59244 20.081 0.110
2743.60321 19.944 0.092
2743.66572 20.084 0.086
2743.67645 20.293 0.111
2743.68715 20.407 0.114
2743.69789 20.248 0.093
2743.70862 20.207 0.092
2743.71938 20.193 0.086
2743.73060 20.032 0.068
2743.74202 19.994 0.073
2743.75274 19.991 0.072
2744.48154 20.261 0.200
2744.51344 20.450 0.193
2744.52355 20.436 0.189
2744.53367 20.083 0.144
2744.54379 19.878 0.111
2744.55393 20.056 0.121
2744.56402 20.000 0.120
2744.57449 19.990 0.110
2744.58456 19.861 0.090
2744.59466 20.003 0.102
2744.60476 19.971 0.093
2744.61481 20.068 0.102
2744.62491 20.116 0.105
2744.63959 20.342 0.127
2744.64966 20.195 0.107
2744.65974 20.161 0.102
2744.69950 19.988 0.080
2744.70963 19.943 0.071
2744.71976 19.915 0.067
2744.72985 19.916 0.070
2744.73994 19.925 0.075
2744.75667 19.999 0.071
2745.47760 19.953 0.192
2745.49247 20.667 0.375
2745.50319 20.465 0.231
2745.51393 20.314 0.276
2745.53545 19.951 0.149
2745.54617 20.726 0.405
2745.56202 20.238 0.172
2745.57282 20.269 0.204
2745.58355 20.076 0.172
2745.59429 20.009 0.104
2745.60505 20.224 0.133
2745.61582 20.036 0.108
2745.63173 19.919 0.114
2745.64249 19.952 0.110
2745.65321 19.924 0.105
2745.66392 19.807 0.093
2745.67464 19.914 0.102
2748.51525 19.906 0.123
2748.52599 20.583 0.271
2748.53674 20.322 0.209
2748.56895 20.259 0.190
2748.59042 19.993 0.157
2748.60115 19.906 0.131
2748.61191 19.971 0.121
2748.62261 19.952 0.125
2748.63334 19.860 0.110
2748.64406 20.011 0.140
2748.65806 20.051 0.145
2748.66876 20.393 0.144
2748.67949 20.151 0.117
2748.69022 20.332 0.147
2748.70095 20.064 0.103
2748.71170 19.910 0.077
2748.72557 20.025 0.097
2748.73632 20.311 0.156
2748.74704 19.676 0.094
2748.75777 19.943 0.096
2748.76846 19.972 0.105
2749.47872 20.384 0.180
2749.48945 20.865 0.308
2749.50025 20.337 0.135
2749.51098 20.079 0.089
2749.52172 20.036 0.080
2749.53251 19.976 0.073
2749.54366 19.931 0.073
2749.55440 19.962 0.072
2749.56518 19.928 0.080
2749.57592 20.012 0.082
2749.58662 20.133 0.090
2749.59740 20.067 0.080
2749.60850 20.270 0.099
2749.61924 20.237 0.096
2749.62998 20.389 0.124
2749.64070 20.043 0.081
2749.65147 20.006 0.084
2749.66223 20.024 0.079
2749.67369 19.979 0.080
2749.68443 20.071 0.084
2749.69516 19.911 0.071
2749.71414 20.018 0.078
2749.72486 20.156 0.089
2749.73560 20.262 0.099
2749.74633 20.419 0.109
2749.75704 20.503 0.152
2749.76774 20.528 0.155
2749.78308 19.982 0.089
2749.79380 19.972 0.103
2749.80449 19.994 0.108
2749.81219 19.879 0.098
2749.82288 19.990 0.123
2749.83359 20.209 0.167
2749.84438 19.862 0.129
2749.85509 20.090 0.155
2750.52894 20.000 0.114
2750.53965 20.317 0.156
2750.55615 20.409 0.136
2750.57212 20.271 0.121
2750.58284 20.138 0.103
2750.59356 20.012 0.091
2750.60998 20.026 0.091
2750.62071 19.924 0.073
2750.63144 19.931 0.069
2750.64217 19.939 0.068
2750.65291 20.113 0.078
2750.66750 20.023 0.077
2750.67826 20.281 0.095
2750.68898 20.196 0.088
2750.69973 20.337 0.096
2750.71382 20.181 0.091
2750.72453 19.995 0.080
2750.73524 19.944 0.074
2750.74597 19.904 0.070
2750.75668 19.948 0.073
2750.76743 20.017 0.075
2750.77884 20.020 0.079
2750.78955 20.028 0.078
2750.80025 19.961 0.077
2750.81095 20.006 0.080
2750.82264 20.251 0.107
2750.83332 20.258 0.113
2750.84406 20.087 0.096
2750.85483 20.056 0.097
2750.86554 20.156 0.114
2751.47416 20.362 0.212
2751.48490 20.367 0.183
2751.49564 20.246 0.149
2751.50644 20.100 0.106
2751.51714 20.083 0.104
2751.52785 20.104 0.096
2751.53905 20.042 0.083
2751.54980 19.866 0.072
2751.56055 20.056 0.096
2751.57130 19.992 0.075
2751.58945 20.025 0.093
2751.60021 20.196 0.113
2751.61100 20.101 0.101
2751.62173 20.283 0.112
2751.63247 20.400 0.138
2751.64326 20.689 0.155
2751.67510 19.923 0.069
2751.68584 19.865 0.064
2751.69657 20.029 0.090
2751.70730 20.045 0.099
2751.71804 19.990 0.087
2751.72875 19.984 0.088
2751.74861 20.188 0.113
2751.76412 20.348 0.117
2751.77489 20.429 0.150
2751.78566 20.366 0.160
2751.79640 20.118 0.116
2751.80714 19.775 0.088
2751.81786 19.780 0.086
2751.83335 19.825 0.102
2751.84408 19.969 0.164
2751.85487 19.936 0.111
2751.86561 19.987 0.120
2751.87635 20.072 0.167
2752.47075 20.641 0.303
2752.48155 20.168 0.181
2752.49227 20.069 0.150
2752.50302 19.702 0.088
2752.51379 19.963 0.120
2752.52449 19.736 0.094
2752.53589 20.123 0.124
2752.54664 20.200 0.129
2752.55739 20.258 0.142
2752.56809 20.246 0.131
2752.57884 20.426 0.155
2752.58962 20.380 0.128
2752.60234 20.200 0.117
2752.61309 19.970 0.084
2752.62381 20.088 0.099
2752.63451 19.883 0.085
2752.64525 20.295 0.138
2752.65600 20.115 0.126
2752.67120 20.066 0.110
2752.68760 20.368 0.173
2752.72197 21.108 0.341
2752.73588 20.071 0.091
2753.70688 19.933 0.068
2753.71697 19.831 0.063
2753.72706 19.786 0.067
2753.73715 19.886 0.072
2753.74725 19.853 0.065
2753.75735 20.047 0.095
2753.76788 20.180 0.098
2753.78320 20.299 0.120
2753.79380 20.047 0.096
2753.80446 20.001 0.095
2753.81503 20.134 0.104
2753.82569 20.016 0.100
2754.48834 20.188 0.171
2754.49911 20.075 0.145
2754.50986 19.949 0.100
2754.52066 19.823 0.081
2754.53142 19.967 0.091
2754.54210 20.020 0.096
2754.55322 20.252 0.114
2754.56393 19.927 0.080
2754.57465 20.299 0.111
2754.58540 20.273 0.111
2754.59609 20.310 0.107
2754.60683 20.110 0.084
2754.62179 19.978 0.070
2754.63247 19.978 0.073
2754.64325 20.019 0.081
2754.65402 19.753 0.056
2754.66476 19.782 0.062
2754.67550 19.964 0.071
2754.68756 20.036 0.085
2754.69834 20.019 0.079
2754.70906 20.249 0.102
2754.71978 20.191 0.091
2754.73051 20.480 0.126
2754.74126 20.131 0.086
2755.47341 20.107 0.176
2755.49036 19.981 0.121
2755.50700 20.190 0.135
2755.51775 20.264 0.152
2755.52847 20.095 0.113
2755.53919 20.434 0.157
2755.54987 20.107 0.104
2755.56060 20.186 0.113
2755.57199 19.971 0.093
2755.58273 20.014 0.091
2755.59347 20.006 0.086
2755.60420 19.925 0.073
2755.62213 20.048 0.085
2755.63288 20.151 0.094
2755.64360 19.945 0.071
2755.65429 20.214 0.078
2755.66504 20.498 0.114
2755.67581 20.238 0.088
2755.68712 20.097 0.088
2755.69786 20.104 0.083
2755.70853 19.994 0.071
2755.71925 19.975 0.059
2755.72998 19.964 0.066
2755.74070 19.820 0.062
2756.51586 20.159 0.146
2756.53069 19.982 0.110
2756.54541 19.742 0.084
2756.56477 20.037 0.121
2756.57948 20.146 0.118
2756.59417 20.426 0.172
2756.60886 20.679 0.159
2756.62358 20.215 0.107
2756.63829 20.246 0.097
2756.66583 19.819 0.064
2756.68054 19.941 0.076
2756.69523 20.112 0.101
2756.70996 20.061 0.080
2756.72460 20.088 0.100
2756.73939 20.281 0.099
2756.75651 20.251 0.101
2756.77125 20.059 0.086
2756.78604 19.969 0.081
2756.80082 19.787 0.076
2757.47891 19.818 0.101
2757.49520 19.869 0.101
2757.50591 20.091 0.106
2757.51663 20.170 0.116
2757.52732 20.091 0.094
2757.53806 20.288 0.114
2757.54880 20.453 0.135
2757.57245 20.162 0.097
2757.58321 20.124 0.089
2757.63499 19.904 0.069
2757.64570 20.025 0.064
2757.65641 20.146 0.069
2757.67803 20.307 0.083
2757.68872 20.430 0.095
2757.69943 20.375 0.089
2757.71016 20.123 0.074
2757.72085 19.959 0.077
2757.73546 20.010 0.084
2757.74619 19.955 0.081
2759.49003 20.961 0.322
2759.50082 19.857 0.110
2759.61625 20.012 0.103
2759.62699 20.087 0.100
2759.63774 19.992 0.092
2759.64851 20.130 0.102
2759.65926 19.835 0.068
2759.67004 19.955 0.072
2759.68136 20.271 0.108
2759.69211 20.206 0.097
2759.70284 19.954 0.076
2759.71358 20.245 0.114
2759.72822 20.264 0.123
2759.73893 20.062 0.099
2759.74969 19.946 0.093
2759.76035 20.000 0.099
2760.48934 20.337 0.165
2760.50007 20.306 0.140
2760.51082 20.245 0.126
2760.52156 20.303 0.136
2760.53226 19.961 0.084
2760.54355 19.954 0.083
2760.55428 19.922 0.093
2760.56498 19.967 0.080
2760.57567 19.992 0.074
2760.58644 19.968 0.080
2760.59715 20.044 0.086
2760.61272 20.039 0.073
2760.62344 20.186 0.087
2760.63420 20.290 0.089
2760.64494 20.282 0.105
2760.66390 20.268 0.097
2760.67464 20.145 0.089
2760.68538 19.946 0.072
2760.69611 19.992 0.079
2760.71179 20.036 0.082
2760.72253 19.773 0.065
2760.74291 20.045 0.094
2760.75366 20.171 0.108
2760.76439 20.052 0.103
2761.49639 19.988 0.115
2761.50714 19.953 0.098
2761.51791 20.020 0.096
2761.52866 19.997 0.085
2761.53935 19.976 0.086
2761.55009 19.948 0.077
2761.56184 20.112 0.085
2761.57258 20.513 0.129
2761.58332 20.224 0.084
2761.59403 20.203 0.078
2761.60475 20.086 0.098
2761.61545 20.110 0.083
2761.62652 19.983 0.082
2761.63726 20.156 0.106
2761.64798 19.946 0.067
2761.65873 19.949 0.068
2761.66968 19.956 0.070
2761.68044 20.076 0.074
2761.69115 20.058 0.072
2761.70185 20.256 0.103
2761.71262 20.082 0.087
2761.72336 20.579 0.119
2761.75147 20.121 0.088
2761.76221 20.042 0.080
2762.48498 20.036 0.112
2762.49572 20.266 0.116
2762.50646 20.058 0.101
2762.51722 20.208 0.129
2762.52794 19.748 0.086
2762.53915 20.174 0.122
2762.54991 20.239 0.124
2762.56064 20.108 0.106
2762.57137 19.683 0.072
2762.58213 19.847 0.078
2762.59374 20.150 0.098
2762.60447 19.647 0.060
2762.61516 19.962 0.088
2762.62586 20.401 0.141
2762.63656 19.664 0.075
2762.64730 20.485 0.154
2762.65883 20.627 0.146
2762.66954 21.481 0.507
2762.68026 20.702 0.160
2762.69975 20.173 0.120
2762.71050 19.728 0.085
2762.72879 19.799 0.074
2762.73949 20.155 0.110
2763.51287 20.139 0.128
2763.52361 20.106 0.115
2763.53431 20.110 0.126
2763.54507 19.797 0.092
2763.55585 20.018 0.096
2763.56656 20.080 0.098
2763.58413 20.077 0.096
2763.59490 20.135 0.106
2763.60568 20.603 0.141
2763.61688 20.268 0.090
2763.62761 20.202 0.101
2763.63833 20.058 0.083
2763.64904 19.932 0.073
2763.65979 19.970 0.099
2763.67048 20.013 0.077
2763.68214 19.856 0.077
2763.69288 19.949 0.088
2763.70362 19.908 0.062
2763.72874 20.244 0.079
2763.73949 20.340 0.097
2763.75024 20.187 0.094
2764.48306 19.714 0.098
2764.49379 19.966 0.095
2764.50457 19.978 0.094
2764.51532 20.042 0.092
2764.52605 20.205 0.113
2764.53679 20.230 0.112
2764.54852 20.334 0.111
2764.56117 20.247 0.122
2764.57189 20.227 0.116
2764.58263 20.275 0.095
2764.59336 20.135 0.092
2764.60411 19.915 0.080
2764.61484 20.038 0.075
2764.62983 19.741 0.066
2764.64054 19.853 0.061
2764.65127 20.035 0.072
2764.66200 19.941 0.064
2764.68893 20.391 0.130
2764.69965 20.032 0.094
2764.71038 20.167 0.100
2764.72107 20.052 0.084
2764.73271 19.969 0.079
2764.74344 19.800 0.066
2765.48366 20.238 0.150
2765.49436 20.359 0.156
2765.50509 20.232 0.140
2765.51586 20.328 0.145
2765.52661 20.094 0.108
2765.53733 19.786 0.079
2765.54855 19.918 0.074
2765.55931 19.904 0.075
2765.57004 19.931 0.068
2765.58073 19.923 0.066
2765.59148 20.288 0.096
2765.60223 20.033 0.076
2765.61754 20.174 0.080
2765.62825 20.425 0.106
2765.63898 20.269 0.087
2765.64978 20.099 0.078
2765.66115 19.998 0.082
2765.67189 20.022 0.082
2765.68263 20.096 0.086
2765.71732 20.209 0.098
2765.72801 20.031 0.092
2765.73882 20.144 0.115
2765.74953 20.325 0.142
2766.49151 20.135 0.124
2766.50229 19.887 0.086
2766.51302 20.061 0.101
2766.52378 19.891 0.081
2766.53451 20.012 0.086
2766.54527 20.310 0.101
2766.55640 20.205 0.089
2766.56714 20.280 0.094
2766.57790 20.179 0.079
2766.58859 20.228 0.080
2766.59936 20.083 0.067
2766.61326 20.000 0.060
2766.62402 19.978 0.064
2766.63475 19.797 0.056
2766.64547 19.929 0.064
2766.66066 19.981 0.069
2766.67137 20.033 0.076
2766.68210 19.988 0.081
2766.69287 20.497 0.125
2766.70801 20.461 0.103
2766.71876 20.104 0.074
2766.72951 20.143 0.082
2766.74023 19.950 0.070
2766.75101 19.903 0.066
2766.76180 19.873 0.072
2767.48253 20.036 0.129
2767.49328 20.357 0.166
2767.50404 20.207 0.158
2767.51480 20.957 0.311
2767.52552 20.414 0.206
2767.53624 20.027 0.103
2767.55841 19.885 0.084
2767.56914 19.907 0.084
2767.57991 20.052 0.101
2767.59068 20.001 0.090
2767.60777 20.009 0.092
2767.61852 20.040 0.094
2767.62922 20.149 0.098
2767.67354 20.137 0.110
2767.68428 20.056 0.090
2767.69501 20.276 0.135
2767.70573 19.984 0.087
2767.71641 19.795 0.086
2767.72712 19.960 0.099
2767.73835 20.602 0.198
2767.74905 20.133 0.124
2767.75976 20.265 0.147
2768.48886 20.140 0.194
2768.49961 20.162 0.137
2768.51036 19.973 0.124
2768.52113 19.825 0.107
2768.53186 19.882 0.109
2768.54261 20.116 0.113
2768.55424 20.070 0.105
2768.56495 20.155 0.103
2768.57573 20.685 0.160
2768.58646 20.491 0.127
2768.59718 20.481 0.119
2768.60791 20.132 0.095
2768.61900 20.093 0.098
2768.62968 19.798 0.069
2768.64039 19.861 0.067
2768.65211 19.987 0.068
2768.66287 19.852 0.062
2768.67363 19.963 0.066
2768.68434 19.858 0.060
2768.69505 20.114 0.082
2768.70579 20.225 0.100
2768.72077 20.603 0.181
2768.73151 19.897 0.081
2768.74225 19.990 0.086
2768.75300 19.869 0.090
2768.76372 20.013 0.105
2775.47366 20.621 0.275
2775.48440 20.348 0.269
2775.49515 20.117 0.204
2775.50590 20.001 0.174
2775.51661 19.979 0.158
2775.53166 19.917 0.120
2775.54240 19.943 0.159
2776.77983 20.830 0.330
2776.79056 20.468 0.271
2776.80134 20.406 0.221
2776.81208 20.456 0.272
2776.82283 20.139 0.172
2777.47630 20.416 0.184
2777.48705 20.304 0.157
2777.49780 20.052 0.108
2777.50851 20.072 0.113
2777.51986 20.105 0.114
2777.53578 19.911 0.100
2777.54651 20.015 0.120
2777.55727 20.048 0.124
2777.56800 20.381 0.177
2777.57875 19.949 0.117
2777.59419 20.463 0.154
2777.60493 20.257 0.131
2777.61566 20.186 0.102
2777.62639 19.941 0.081
2777.63709 20.074 0.094
2777.64780 20.018 0.094
2777.66469 19.801 0.077
2777.68036 19.909 0.086
2777.69109 19.935 0.089
2777.70187 20.069 0.104
2777.71261 20.231 0.110
2777.72331 20.599 0.168
2777.73402 20.393 0.130
2777.74660 20.219 0.097
2777.75731 20.194 0.119
2777.76803 20.174 0.126
2777.77873 20.155 0.150
2777.78949 20.078 0.154
2777.80028 19.696 0.110
2777.81202 20.286 0.176
2777.82277 19.996 0.147
2783.55253 19.995 0.082
2784.50873 20.114 0.101
2785.49549 20.328 0.135
2785.50622 20.232 0.122
2785.52121 20.301 0.134
2785.53198 20.506 0.166
2785.54271 20.646 0.183
2785.55349 20.115 0.109
2785.56420 20.271 0.119
2786.48132 21.076 0.468
2786.50277 20.538 0.235
2786.51533 20.114 0.136
2787.57426 20.036 0.089
2793.47120 20.583 0.232
2793.48127 20.607 0.224
2793.49138 20.403 0.202
2793.50303 20.219 0.141
2793.51312 20.195 0.147
2793.52705 20.035 0.116
2794.48138 20.043 0.136
2794.49146 19.922 0.114
2794.50152 20.041 0.116
2794.52218 20.060 0.099
2795.48516 21.139 0.212
2795.53712 19.371 0.040
2795.55775 20.053 0.072
2796.47799 19.967 0.067
2796.48870 19.973 0.068
2796.50359 19.906 0.059
2796.51438 20.046 0.066
2796.52511 20.067 0.067
2796.53586 20.026 0.064
2797.49597 20.119 0.069
2797.50669 20.255 0.080
2797.51745 20.256 0.078
2797.52820 20.119 0.070
2804.46485 20.113 0.183
2804.47558 19.724 0.128
2804.48631 20.438 0.390
2804.49709 19.904 0.191
2804.50984 20.178 0.228
2804.52061 20.074 0.218
2804.53611 20.221 0.175
2804.54688 19.854 0.154
2804.55762 19.987 0.129
2804.56837 20.175 0.136
2804.57910 19.912 0.140
2804.58983 19.933 0.134
2804.60395 19.891 0.117
2804.61471 20.166 0.208
2804.62539 20.537 0.233
2804.63613 20.698 0.284
2804.65005 20.153 0.165
2804.66080 20.254 0.209
2804.67154 19.803 0.119
2804.68229 19.918 0.131
2804.69303 20.053 0.167
2804.70815 19.655 0.100
2804.71889 19.725 0.140
2804.72960 19.739 0.148
2804.74034 19.995 0.170
2804.75106 21.025 0.572
2804.76180 20.180 0.235
2809.49190 20.217 0.103
2809.50267 20.086 0.088
2809.51341 20.068 0.095
2809.52412 19.893 0.083
2809.53489 19.828 0.075
2810.47224 20.042 0.087
2810.48295 19.944 0.078
2810.49371 19.980 0.072
2810.50445 20.001 0.077
2810.51517 20.030 0.083
2810.52589 19.984 0.076
2811.48074 20.003 0.091
2811.49146 19.847 0.084
2811.50220 20.496 0.146
2811.51291 20.217 0.117
2811.52365 20.148 0.105
2812.48048 19.859 0.069
2812.49121 19.941 0.072
2812.50194 19.958 0.067
2812.51270 19.883 0.069
2813.47515 20.568 0.242
2813.48590 20.274 0.130
2813.49661 20.185 0.160
2813.50737 20.459 0.163
2813.51811 20.078 0.097
2814.46434 20.233 0.140
2814.48365 20.071 0.094
2814.49438 20.020 0.094
2814.50511 20.120 0.111
2814.51584 20.065 0.102
2815.45778 19.804 0.108
2815.46850 20.223 0.134
2815.47924 19.976 0.101
2815.48999 20.050 0.117
2815.50069 20.225 0.131
2815.51138 20.097 0.121
2816.47087 20.562 0.162
2816.48159 20.404 0.115
2816.49421 20.176 0.081
2816.50493 20.156 0.079
2816.51567 20.026 0.077
2817.47129 20.168 0.128
2817.48206 20.282 0.155
2817.49283 20.161 0.141
2817.50356 20.037 0.109
2817.51428 20.143 0.107
2818.46069 20.132 0.124
2818.47145 20.003 0.086
2818.48220 20.307 0.113
2818.49294 20.373 0.133
2818.50369 20.030 0.083
2819.47067 20.333 0.155
2819.48139 20.102 0.122
2819.50326 20.034 0.100
2819.51405 20.073 0.102
2820.46894 20.032 0.106
2820.47967 20.203 0.105
2820.49040 20.453 0.144
2821.46345 20.193 0.107
2821.47417 20.078 0.095
2821.48488 20.012 0.093
2821.49562 19.991 0.077
2830.47041 20.557 0.189
2830.52420 19.864 0.117
2831.46957 20.003 0.110
2831.48292 19.944 0.086
2831.48889 19.998 0.101
2831.50009 19.945 0.079
2831.51861 20.349 0.136
2831.52973 20.307 0.150
2831.54049 20.671 0.244
2831.55447 20.125 0.134
2831.56518 20.260 0.124
2831.58064 19.778 0.086
2831.59508 19.911 0.103
2831.60584 19.815 0.096
2831.61654 20.149 0.128
2831.62732 19.929 0.107
2831.63804 20.229 0.164
2831.64882 20.038 0.126
2831.66135 20.109 0.135
2831.67210 20.260 0.151
2831.68332 20.169 0.130
2831.69404 20.139 0.163
2831.70479 20.465 0.219
2832.47199 20.182 0.105
2832.48275 20.253 0.105
2832.49352 20.230 0.113
2832.50423 20.060 0.091
2832.51498 20.145 0.114
2832.52566 19.970 0.101
2832.54200 19.975 0.105
2832.55274 19.840 0.090
2832.57596 19.872 0.087
2832.58666 20.003 0.097
2832.59803 20.219 0.121
2832.60924 19.987 0.109
2832.62399 20.612 0.208
2832.63476 20.149 0.148
2832.64550 20.040 0.132
2832.65622 20.088 0.157
2832.66695 19.730 0.106
2832.67872 19.863 0.116
2832.68950 19.862 0.109
2832.70026 19.896 0.127
2832.71095 20.011 0.125
2833.48629 20.048 0.148
2833.68488 19.875 0.144
2833.69563 20.495 0.224
2833.70636 20.094 0.161
2845.47032 19.963 0.123
2845.49176 20.282 0.171
2845.50249 20.200 0.145
2845.51323 20.632 0.197
2845.52394 20.509 0.184
3078.70531 20.004 0.070
3078.71609 20.014 0.069
3078.72676 19.968 0.061
3078.73748 19.842 0.053
3078.74818 19.915 0.056
3078.76303 19.966 0.066
3078.77370 20.071 0.069
3078.78439 20.071 0.065
3078.79506 20.283 0.071
3078.80579 20.241 0.068
3078.81648 20.091 0.061
3079.72721 20.214 0.065
3079.73793 20.213 0.063
3079.74863 20.278 0.065
3079.75935 20.127 0.058
3079.77009 20.036 0.055
3080.72161 19.876 0.062
3080.73232 20.137 0.081
3080.74304 20.130 0.079
3080.75380 20.102 0.084
3081.69201 19.780 0.051
3081.70329 19.833 0.051
3081.71402 19.924 0.063
3081.72532 19.867 0.061
3081.73796 20.091 0.068
3082.71946 20.168 0.061
3082.73053 20.117 0.056
3082.74124 20.022 0.051
3082.75197 19.985 0.052
3083.70619 19.814 0.049
3083.71689 19.934 0.055
3083.72756 19.868 0.051
3084.69777 20.098 0.073
3084.70846 20.341 0.086
3084.71915 20.390 0.087
3084.72986 20.160 0.070
3085.69188 20.417 0.099
3085.70261 20.009 0.069
3085.71330 20.002 0.070
3086.67163 19.830 0.061
3086.68265 19.860 0.059
3086.69336 19.812 0.051
3086.70407 20.112 0.069
3086.71479 20.164 0.068
3087.68838 20.343 0.112
3087.69910 20.089 0.071
3087.70978 20.067 0.070
3088.68502 20.061 0.078
3088.69577 19.825 0.054
3088.70696 20.052 0.067
3088.71768 19.944 0.058
3089.67509 20.150 0.075
3089.68581 20.226 0.079
3089.69653 20.467 0.100
3089.70766 20.097 0.069
3090.68183 19.997 0.072
3090.69256 20.010 0.065
3090.70330 19.882 0.057
3090.71398 19.882 0.059
3091.68249 19.901 0.059
3091.69315 20.168 0.076
3091.70383 20.241 0.079
3091.71452 20.337 0.088
3092.65065 20.382 0.159
3092.66136 20.513 0.147
3092.67208 20.456 0.111
3092.68281 20.117 0.095
3092.69353 20.117 0.078
3092.70423 20.081 0.085
3092.72128 19.874 0.058
3096.63309 20.018 0.102
3096.64478 19.992 0.101
3096.65547 20.041 0.113
3096.66620 19.953 0.091
3096.67692 20.498 0.187
3096.68759 20.370 0.147
3096.69832 20.267 0.108
3096.71014 20.142 0.110
3096.72086 20.036 0.080
3096.73159 19.920 0.070
3097.64978 20.312 0.103
3097.66047 20.109 0.086
3097.67669 19.877 0.066
3097.68741 19.892 0.062
3097.69813 19.780 0.060
3097.70884 19.911 0.068
3098.65739 19.989 0.072
3098.66807 19.916 0.062
3098.67877 19.912 0.062
3098.68949 20.166 0.077
3098.70019 20.280 0.083
3099.64838 20.668 0.229
3099.65907 20.334 0.161
3099.66973 20.201 0.120
3100.67052 19.878 0.078
3100.68124 20.013 0.094
3100.69193 20.173 0.114
3101.61204 20.078 0.136
3101.62270 19.978 0.106
3101.63343 20.042 0.122
3101.64416 20.443 0.171
3101.65939 20.548 0.191
3101.67008 20.021 0.135
3101.68081 20.209 0.118
3101.69151 20.362 0.164
3102.65581 20.078 0.093
3102.66997 20.028 0.087
3102.68191 19.841 0.070
3103.64917 19.946 0.083
3103.65983 20.249 0.164
3103.67051 20.056 0.101
3103.68123 20.340 0.119
3104.64474 20.172 0.090
3104.65551 20.044 0.078
3104.66622 20.013 0.074
3104.67693 19.920 0.065
3104.68762 19.882 0.056
3105.63567 19.777 0.057
3105.64635 20.057 0.075
3105.65706 19.912 0.062
3105.66775 20.034 0.073
3105.67848 20.133 0.078
3105.68915 20.252 0.086
3105.70099 20.476 0.103
3105.71610 20.386 0.108
3106.63889 20.232 0.075
3106.65145 20.222 0.084
3106.66217 20.235 0.073
3106.67442 20.041 0.063
3106.68512 20.059 0.062
3107.65094 19.756 0.064
3107.66204 19.926 0.075
3107.67317 19.934 0.067
3107.68388 20.037 0.072
3108.64003 19.954 0.059
3108.65357 20.327 0.084
3108.66428 20.561 0.105
3109.62311 20.165 0.074
3109.63386 20.046 0.071
3109.64571 20.175 0.075
3109.65645 19.827 0.052
3109.66715 19.942 0.066
3110.63547 19.914 0.092
3110.64619 20.068 0.094
3110.65693 20.207 0.117
3111.61431 20.205 0.118
3111.62504 20.575 0.154
3111.63575 20.353 0.144
3111.64644 20.022 0.101
3112.62040 20.053 0.070
3112.63110 19.853 0.060
3112.64598 19.820 0.059
3112.65669 19.855 0.054
3113.59999 19.973 0.083
3113.61068 20.012 0.088
3113.62139 20.013 0.081
3113.63208 20.295 0.107
3113.64276 20.393 0.124
3113.65345 20.178 0.107
3114.62393 20.043 0.066
3114.63463 19.877 0.053
3114.64533 19.996 0.064
3114.65599 19.854 0.054
3115.63044 20.246 0.105
3116.60655 20.231 0.111
3116.61727 20.065 0.094
3116.62796 19.802 0.074
3116.63874 20.158 0.110
3116.64942 19.986 0.094
3118.67258 19.987 0.098
3118.68594 20.027 0.106
3122.52888 20.716 0.246
3122.54703 20.284 0.169
3122.55804 20.007 0.112
3122.56917 19.664 0.086
3122.58622 20.138 0.123
3122.59728 20.106 0.122
3122.61290 19.891 0.082
3122.62446 20.133 0.110
3124.58420 19.716 0.091
3124.59957 20.149 0.132
3124.61070 19.990 0.111
3124.62143 20.042 0.106
3124.63210 19.978 0.098
3125.56743 19.987 0.093
3125.57838 20.015 0.103
3125.58942 19.850 0.099
3125.60053 20.144 0.129
3128.56107 20.204 0.092
3128.57180 20.262 0.101
3128.58253 20.252 0.098
3128.59320 20.126 0.086
3130.54086 19.981 0.124
3130.55207 19.912 0.138
3130.56278 19.907 0.116
3130.57386 20.114 0.118
3130.58516 20.420 0.161
3130.59631 20.158 0.117
3131.55610 20.143 0.181
3131.56725 20.163 0.162
3131.57835 20.140 0.158
3131.58944 19.766 0.096
3132.56700 19.963 0.083
3132.57772 20.156 0.097
3132.58876 20.228 0.093
3132.59948 20.236 0.094
3132.61016 20.624 0.148
3132.62087 20.492 0.135
3132.63154 20.004 0.088
3132.64228 19.991 0.077
3132.65810 19.994 0.078
3132.70332 19.903 0.073
3132.71405 19.867 0.077
3132.72475 20.083 0.092
3132.73543 20.048 0.100
3132.74619 20.439 0.162
3132.76891 20.165 0.124
3132.77961 19.987 0.102
3132.79036 19.966 0.109
3132.80110 19.939 0.095
3132.81183 19.938 0.098
3132.82747 19.792 0.087
3132.83817 19.963 0.124
3132.84888 20.242 0.135
3132.86020 20.324 0.180
3132.87545 20.519 0.252
3132.88617 20.058 0.153
3133.57556 20.053 0.070
3133.58658 19.995 0.062
3133.59727 19.827 0.054
3133.60797 19.932 0.060
3133.61866 19.840 0.053
3133.62931 19.816 0.051
3133.63999 19.964 0.058
3133.65822 20.026 0.067
3133.66963 20.101 0.074
3133.68033 20.198 0.082
3133.69102 20.413 0.100
3133.70173 20.314 0.095
3133.73173 19.929 0.075
3133.74241 19.992 0.087
3133.75313 19.876 0.080
3133.76383 19.797 0.073
3133.77454 19.911 0.088
3133.78526 20.041 0.100
3133.79644 20.123 0.112
3133.80716 20.097 0.117
3133.81787 20.296 0.146
3133.82860 20.172 0.141
3133.83991 20.407 0.173
3133.85065 19.923 0.119
3133.86167 20.204 0.173
3133.87269 19.845 0.109
3135.51268 20.219 0.147
3135.52340 20.429 0.181
3135.53412 19.869 0.107
3135.54483 20.236 0.153
3135.55554 20.316 0.149
3135.57104 20.595 0.200
3135.58177 20.378 0.140
3135.59245 20.029 0.102
3135.60317 19.938 0.090
3135.61389 19.993 0.080
3137.47225 19.824 0.105
3137.48297 20.115 0.124
3137.49368 19.943 0.107
3137.50966 19.815 0.094
3137.52034 19.730 0.088
3137.53104 20.090 0.124
3137.54716 20.046 0.089
3137.55789 19.851 0.089
3137.56859 20.319 0.157
3137.58934 20.618 0.198
3137.60775 21.211 0.366
3138.50615 19.963 0.091
3138.51684 20.072 0.094
3138.52757 20.616 0.132
3138.54062 20.161 0.087
3138.55137 20.080 0.080
3138.56210 20.169 0.077
3138.57280 20.012 0.066
3138.58345 19.823 0.060
3139.49445 20.107 0.103
3139.50519 20.024 0.090
3139.51590 20.144 0.109
3139.52661 20.080 0.133
3139.53738 19.922 0.104
3139.55954 19.895 0.069
3139.57025 19.882 0.065
3139.57423 20.113 0.083
3139.58494 20.020 0.066
3139.61469 20.166 0.090
3139.62539 20.152 0.095
3140.55030 20.446 0.139
3140.56140 20.266 0.112
3140.57207 20.392 0.123
3141.56347 20.116 0.104
3141.57414 19.840 0.077
3141.58488 20.008 0.087
3142.47794 19.899 0.085
3142.48870 19.776 0.069
3142.49943 19.916 0.069
3142.51012 19.778 0.060
3142.53358 19.971 0.079
3142.54472 20.016 0.079
3142.55542 20.354 0.109
3142.56618 20.457 0.112
3144.53675 19.925 0.062
3144.54746 19.984 0.069
3144.55816 20.029 0.080
3144.56890 20.336 0.116
3144.57962 20.212 0.089
3145.54109 20.177 0.150
3145.55180 20.357 0.161
3145.56248 19.909 0.097
3145.57320 20.465 0.183
3145.58604 20.394 0.161
3145.59667 19.451 0.067
3145.60738 20.191 0.125
3145.61870 20.083 0.104
3145.62944 20.096 0.096
3145.64012 20.162 0.100
3145.65083 20.639 0.133
3145.66162 20.324 0.112
3146.54236 19.873 0.070
3146.55302 20.035 0.087
3146.56371 20.250 0.106
3146.59453 20.438 0.125
3146.60524 20.453 0.114
3146.61593 20.329 0.097
3147.50909 20.014 0.116
3147.52033 20.255 0.126
3147.53252 20.183 0.119
3147.54319 20.393 0.142
3147.55385 20.503 0.165
3147.56463 19.988 0.107
3147.57534 20.020 0.116
3147.58603 20.060 0.096
3147.59728 19.926 0.090
3147.60798 20.086 0.104
3151.48212 20.025 0.089
3151.49312 19.837 0.077
3151.50383 20.018 0.081
3151.51454 20.010 0.074
3151.52522 19.999 0.078
3151.53596 20.018 0.076
3151.54736 19.905 0.066
3152.52904 20.589 0.140
3152.54701 20.254 0.109
3152.55771 19.977 0.069
3153.49354 19.823 0.094
3153.51308 20.124 0.109
3153.52374 19.731 0.068
3153.53445 20.226 0.164
3153.54520 19.953 0.095
3153.55588 20.124 0.087
3154.51510 20.306 0.173
3154.53651 20.671 0.213
3154.55316 20.760 0.260
3154.57462 20.345 0.162
3154.58532 19.927 0.107
3156.47906 20.073 0.125
3156.49143 19.800 0.094
3156.50216 19.939 0.103
3156.51347 19.968 0.099
3156.52413 20.132 0.112
3156.53487 20.169 0.110
3158.46934 20.293 0.226
3158.48113 20.279 0.176
3158.49204 19.561 0.097
3158.50275 19.939 0.160
3158.51349 19.981 0.150
3158.52418 20.467 0.258
3159.45294 20.575 0.305
3159.46424 19.881 0.118
3159.47704 20.114 0.125
3159.48814 20.208 0.137
3159.50514 20.611 0.203
3159.51637 20.217 0.144
3159.62699 20.264 0.150
3159.63828 20.249 0.157
3159.64902 20.040 0.114
3159.66027 19.886 0.101
3159.67099 19.943 0.121
3160.50170 20.093 0.104
3160.51284 19.880 0.079
3160.52353 19.724 0.068
3160.53450 20.089 0.095
3160.54522 20.002 0.097
3160.55594 19.907 0.093
3160.59801 20.508 0.136
3160.60523 20.284 0.118
3160.61595 20.028 0.091
3160.63268 19.880 0.079
3160.68968 19.821 0.075
3160.70059 19.836 0.080
3160.71181 20.136 0.104
3162.45805 20.596 0.195
3162.46931 20.358 0.131
3162.48107 20.205 0.107
3162.49238 20.108 0.091
3162.50309 20.187 0.101
3162.51382 20.032 0.079
3162.52476 20.032 0.095
3163.46006 19.970 0.088
3163.47196 19.883 0.068
3163.48335 20.002 0.073
3163.49446 19.842 0.059
3163.50520 20.132 0.085
3163.51590 19.941 0.075
3164.45335 19.973 0.119
3164.46431 20.111 0.080
3164.47539 20.216 0.080
3164.48326 20.277 0.094
3164.49488 20.175 0.077
3164.50640 20.170 0.076
3164.51840 19.984 0.059
3165.44882 20.395 0.285
3165.46121 20.100 0.108
3165.47245 20.009 0.084
3165.48351 20.090 0.082
3165.49461 19.858 0.061
3165.50532 19.914 0.067
3165.51666 19.917 0.065
3167.47587 20.276 0.157
3167.48697 20.229 0.152
3167.49793 20.071 0.120
3167.51013 19.991 0.107
3168.45390 19.987 0.102
3168.46461 19.931 0.067
3168.47530 19.951 0.072
3168.48602 20.174 0.082
3168.49677 20.155 0.077
3168.50747 20.231 0.082
3169.45938 21.185 0.306
3169.47011 20.338 0.127
3169.49285 20.172 0.108
3169.50383 19.976 0.083
3171.46018 20.130 0.087
3171.47087 20.076 0.070
3171.48157 20.440 0.101
3171.49225 20.239 0.075
3171.50292 20.208 0.073
3172.48533 19.767 0.070
3172.49602 19.870 0.068
3174.45269 20.568 0.182
3174.46339 20.324 0.096
3174.47410 20.093 0.075
3174.48479 20.020 0.078
3175.45727 20.185 0.129
3175.46800 20.239 0.100
3175.47869 19.877 0.068
3175.48943 19.857 0.061
3176.45989 20.591 0.232
3176.47058 20.730 0.250
3176.47974 20.491 0.173
3178.45260 19.781 0.107
3178.46332 19.927 0.103
3178.47545 20.611 0.175
3178.48618 20.885 0.222
3179.45898 19.828 0.088
3179.47536 19.957 0.069
3179.48604 19.997 0.067
3180.45682 19.784 0.088
3180.46755 20.065 0.083
3183.45809 20.753 0.206
3184.45589 20.143 0.138
3185.45423 20.123 0.151
3215.48247 20.550 0.225
3215.49314 20.459 0.195
3215.50386 20.373 0.182
3215.51459 20.326 0.174
3215.51973 20.151 0.155
3216.46838 19.853 0.104
3216.47905 19.862 0.095
3216.48973 19.936 0.104
3216.50041 19.789 0.097
3216.51112 19.966 0.108
3216.52184 19.969 0.118
3216.53513 20.197 0.163
3216.54587 20.374 0.157
3216.55658 20.592 0.223
3216.56726 20.285 0.168
3216.57798 20.055 0.138
3216.58868 20.007 0.132
3216.60442 19.922 0.130
3216.61562 19.863 0.117
3216.62705 19.905 0.122
3515.67993 20.307 0.154
3515.69067 19.800 0.100
3515.70138 20.287 0.150
3516.62701 20.151 0.115
3516.63774 20.049 0.084
3516.64845 20.064 0.071
3516.65916 20.220 0.093
3516.66984 20.110 0.089
3516.68062 20.332 0.131
3516.69629 20.626 0.254
3516.70710 20.717 0.342
3516.71782 19.932 0.111
3516.72853 19.830 0.073
3516.73929 19.793 0.070
3516.74999 19.871 0.114
3516.76160 19.948 0.109
3516.77234 19.660 0.077
3516.78310 19.848 0.118
3516.79383 20.259 0.189
3543.63288 19.883 0.109
3543.64364 19.844 0.107
3543.65434 19.491 0.092
3543.66509 20.000 0.169
3543.67586 19.681 0.149
3543.68656 20.464 0.281
3543.69765 19.765 0.136
3570.46652 20.263 0.125
3570.47755 20.432 0.121
3570.48824 20.553 0.182
3570.49895 20.364 0.140
3570.50970 19.888 0.095
3570.52304 20.147 0.111
3570.53505 20.264 0.126
3570.54577 19.860 0.076
3570.55648 19.759 0.084
3570.56743 19.632 0.074
3570.57814 19.860 0.082
3570.58883 20.210 0.110
3570.60760 20.139 0.103
3570.61893 20.377 0.164
3570.62992 20.134 0.139
3570.64117 20.258 0.158
3570.65229 20.197 0.196
3571.50253 20.066 0.113
3571.51458 19.947 0.099
3571.52569 20.038 0.103
3571.53639 19.968 0.101
3571.54886 19.888 0.119
3571.55954 20.174 0.165
3571.57028 20.258 0.176
3571.58106 19.735 0.123
3571.59640 19.908 0.143
3571.60756 20.106 0.142
3571.61976 19.904 0.121
3571.63085 19.973 0.139
3870.71521 20.902 0.264
3870.72589 20.209 0.158
3870.73667 20.596 0.204
3870.74740 20.522 0.189
3870.80152 20.084 0.148
4835.85397 20.063 0.065
4835.86488 20.052 0.106
4837.85845 20.986 0.229
4838.85462 20.024 0.064
4838.86543 19.922 0.063
4839.85944 20.466 0.097
4840.85938 20.118 0.069
4840.87016 20.281 0.129
4841.86140 20.124 0.076
4843.86222 20.218 0.109
4844.86558 20.255 0.085
4846.86409 20.323 0.074
4848.85519 20.146 0.080
4848.86638 20.355 0.107
4850.87120 20.235 0.081
4851.86837 20.241 0.083
4852.86324 19.873 0.054
4852.87551 20.052 0.089
4853.86073 20.076 0.064
4853.87149 20.349 0.082
4853.88229 19.985 0.114
4854.86147 19.941 0.058
4854.87235 19.966 0.062
4855.85506 20.335 0.087
4855.86579 20.086 0.069
4855.87661 20.530 0.121
4856.85509 19.947 0.051
4856.86587 19.952 0.050
4856.87672 19.916 0.050
4857.84132 19.941 0.061
4857.85209 19.970 0.062
4857.86103 20.055 0.059
4857.87188 20.145 0.083
4858.84322 20.322 0.079
4858.85394 20.515 0.104
4858.86474 20.193 0.072
4858.87549 20.047 0.068
4858.88630 20.235 0.127
4861.81680 20.117 0.074
4861.82738 20.148 0.072
4861.83798 20.117 0.076
4861.84858 20.152 0.082
4861.85627 20.006 0.064
4861.86696 19.920 0.063
4861.87753 20.076 0.073
4861.88809 19.676 0.094
4863.80535 20.239 0.066
4863.81593 20.077 0.067
4863.82653 20.274 0.082
4863.83711 20.243 0.075
4863.84769 20.233 0.081
4863.85851 19.933 0.058
4863.86910 20.092 0.072
4863.87965 19.952 0.071
4863.89028 19.956 0.103
4865.81688 20.246 0.088
4865.82744 20.175 0.078
4865.83805 20.224 0.095
4865.84872 20.265 0.096
4866.81482 19.988 0.078
4866.82538 19.893 0.077
4866.83600 19.888 0.070
4866.85103 19.874 0.076
4867.80441 19.862 0.057
4867.81502 20.007 0.068
4867.82560 20.155 0.086
4868.82795 20.023 0.056
4868.83854 19.942 0.051
4868.85038 20.089 0.061
4869.80532 19.991 0.065
4869.81589 20.004 0.072
4869.82649 20.076 0.076
4869.83706 19.893 0.064
4869.84763 20.212 0.082
4870.80208 20.110 0.089
4870.81268 20.362 0.114
4870.82323 20.212 0.094
4870.83385 20.162 0.085
4870.84439 20.055 0.078
4871.80669 20.199 0.121
4871.81917 20.021 0.106
4871.83664 20.128 0.136
4871.84778 19.840 0.102
4871.87295 20.269 0.119
4871.88433 20.292 0.122
4871.89490 20.316 0.186
4872.79640 19.766 0.098
4872.80698 20.088 0.115
4872.81756 20.170 0.112
4872.82833 20.277 0.124
4872.83891 20.329 0.130
4873.79541 20.257 0.087
4873.80599 20.197 0.090
4873.81656 20.059 0.084
4873.82716 19.923 0.069
4873.83774 19.998 0.077
4874.78930 19.846 0.084
4874.79988 20.018 0.086
4874.81039 19.960 0.074
4874.82099 19.995 0.076
4874.83158 20.219 0.108
4875.79301 20.294 0.096
4875.80363 20.356 0.091
4875.81418 20.139 0.080
4875.82477 20.112 0.081
4875.83531 19.977 0.071
4876.78990 19.861 0.065
4876.80046 19.946 0.065
4876.81107 19.924 0.061
4876.82165 20.054 0.080
4876.83225 20.007 0.083
4877.77524 19.980 0.073
4877.78586 20.091 0.081
4877.79644 20.080 0.078
4877.80708 20.114 0.076
4877.81762 20.182 0.087
4877.82837 19.958 0.069
4878.77332 20.142 0.089
4878.78432 20.009 0.071
4878.79491 20.111 0.083
4878.80549 19.881 0.075
4878.81611 19.888 0.085
4879.76176 19.981 0.082
4879.78549 19.908 0.076
4879.79609 19.977 0.074
4879.80667 20.411 0.134
4879.81775 20.238 0.115
4879.83709 20.557 0.133
4879.84768 20.248 0.108
4879.85695 19.894 0.085
4880.79662 20.324 0.089
4880.80892 20.098 0.070
4880.81951 20.096 0.083
4880.83550 19.877 0.068
4880.84608 20.022 0.067
4880.85667 20.077 0.077
4880.86728 19.991 0.073
4880.87807 20.018 0.078
4880.88865 20.141 0.081
4880.89925 20.414 0.150
4881.76976 20.141 0.082
4881.77869 20.061 0.069
4881.78931 19.806 0.053
4881.79992 20.025 0.065
4881.81049 19.967 0.062
4881.82109 19.960 0.064
4881.83165 20.387 0.091
4881.84229 20.236 0.080
4881.85287 20.843 0.175
4881.86347 20.236 0.088
4881.87406 20.236 0.088
4881.88500 19.914 0.074
4881.89561 19.980 0.080
4882.76975 20.343 0.087
4882.78032 20.467 0.088
4882.79092 20.290 0.080
4882.80149 20.101 0.065
4882.81202 20.090 0.070
4882.82263 20.031 0.061
4882.83322 19.963 0.061
4882.84378 19.869 0.052
4882.85435 19.804 0.052
4882.86495 19.926 0.059
4882.87570 19.891 0.061
4882.88625 19.880 0.066
4882.89682 19.921 0.067
4883.69888 19.935 0.070
4883.70946 20.245 0.088
4883.72003 20.328 0.104
4883.73062 20.216 0.097
4883.74120 19.968 0.080
4883.75276 20.150 0.092
4883.76332 20.152 0.079
4883.77390 20.113 0.078
4883.78493 19.857 0.067
4883.79550 20.482 0.133
4883.80605 20.156 0.088
4883.81685 20.039 0.083
4883.82787 20.544 0.134
4884.70466 20.048 0.066
4884.71527 19.861 0.053
4884.72587 19.976 0.066
4884.73644 19.954 0.065
4884.74699 19.994 0.069
4884.75849 19.932 0.071
4884.76907 19.921 0.058
4885.72863 20.043 0.066
4885.73922 20.297 0.085
4885.74981 20.386 0.092
4885.76041 20.055 0.068
4885.77101 19.990 0.067
4885.78210 20.054 0.071
4885.79269 20.070 0.080
4886.71622 20.098 0.072
4886.72680 19.878 0.058
4886.73739 20.032 0.065
4886.74798 19.922 0.058
4886.75854 20.259 0.075
4886.77066 19.969 0.059
4887.67060 19.915 0.069
4887.68143 19.694 0.050
4887.69201 19.899 0.058
4887.70259 19.929 0.059
4887.71319 19.956 0.062
4887.72425 19.847 0.053
4887.73487 19.958 0.060
4887.75482 20.212 0.073
4887.76670 20.267 0.073
4887.77748 20.364 0.078
4888.67875 20.271 0.083
4888.68933 20.447 0.102
4888.69990 20.094 0.069
4888.71055 20.362 0.080
4888.72115 20.336 0.080
4888.73216 20.004 0.059
4888.74276 20.020 0.063
4888.75381 19.941 0.059
4888.76483 20.057 0.064
4889.67239 20.257 0.095
4889.68299 19.802 0.062
4889.69359 19.909 0.064
4890.68488 20.072 0.080
4890.69542 20.005 0.076
4890.70598 20.320 0.094
4890.71658 20.154 0.075
4890.72719 20.357 0.085
4890.73823 20.311 0.076
4890.74908 19.972 0.062
4890.76098 19.957 0.065
4891.67248 20.210 0.100
4891.68306 20.157 0.109
4891.69362 20.094 0.095
4891.70422 20.130 0.093
4891.71481 19.949 0.062
4891.72633 19.874 0.064
4891.73820 20.085 0.076
4891.74978 20.141 0.074
4892.68319 19.907 0.073
4892.69377 19.881 0.077
4892.70436 20.231 0.091
4892.71492 20.118 0.081
4892.72548 20.175 0.090
4892.73672 20.529 0.126
4892.74935 20.310 0.091
4894.66996 20.217 0.114
4894.69114 20.207 0.125
4894.76248 20.526 0.173
4895.68708 20.168 0.079
4895.69766 20.525 0.109
4895.70823 20.330 0.092
4895.71881 20.114 0.074
4895.72941 19.810 0.061
4895.74111 20.228 0.086
4896.69099 19.872 0.078
4896.70163 19.907 0.071
4896.71222 20.062 0.076
4896.72282 20.142 0.110
4896.73345 20.059 0.089
4896.74455 19.925 0.068
4896.75516 20.250 0.083
4897.66486 20.116 0.124
4897.67546 19.970 0.138
4897.69668 20.016 0.109
4897.72578 20.321 0.111
4897.73634 20.119 0.084
4897.74693 19.994 0.075
4898.64454 20.932 0.276
4898.68957 20.011 0.088
4898.70016 19.942 0.095
4898.71076 20.088 0.118
4898.72134 19.834 0.070
4898.73200 19.917 0.081
4898.74580 19.798 0.071
4899.67187 19.760 0.059
4899.68247 19.867 0.070
4899.69307 20.208 0.094
4899.70369 20.028 0.082
4900.71406 20.109 0.096
4900.72468 20.098 0.093
4900.73527 19.919 0.082
4900.74584 19.984 0.085
4900.75644 19.873 0.077
4900.76734 19.638 0.064
4900.77793 20.040 0.096
4900.78852 20.424 0.126
4901.69261 19.847 0.084
4901.70320 19.823 0.076
4901.71379 20.158 0.098
4901.72434 19.922 0.080
4901.73493 19.992 0.094
4901.74591 20.480 0.137
4901.75650 19.984 0.085
4901.76712 19.966 0.086
4901.77769 20.093 0.094
4902.70196 20.205 0.105
4902.71253 20.334 0.116
4902.72313 19.968 0.090
4902.73369 19.891 0.080
4902.74430 19.962 0.083
4902.75511 19.892 0.080
4902.76564 20.004 0.082
4902.77621 19.990 0.081
4902.78676 19.874 0.079
4903.68726 20.113 0.121
4903.69788 19.778 0.086
4903.70844 19.777 0.083
4903.71907 19.851 0.078
4903.72965 19.951 0.093
4903.74051 19.937 0.087
4903.75107 20.207 0.112
4903.76167 20.370 0.104
4903.77224 20.398 0.112
4904.67064 19.704 0.084
4904.68124 20.532 0.186
4904.69183 19.945 0.097
4904.70240 20.112 0.090
4904.71301 20.437 0.140
4904.72393 20.467 0.192
4904.73451 20.296 0.132
4904.74511 20.086 0.110
4904.75568 19.923 0.081
4904.76621 19.788 0.070
4905.67857 20.250 0.111
4905.77659 20.050 0.111
4905.78720 20.149 0.127
4905.79778 20.161 0.106
4905.80841 19.781 0.083
4905.81900 20.347 0.132
4907.65865 20.020 0.087
4907.66922 20.248 0.102
4907.67978 20.224 0.090
4907.69038 20.272 0.100
4907.70096 19.999 0.069
4907.71186 20.101 0.075
4907.72247 19.924 0.068
4907.73305 20.147 0.085
4907.74366 19.915 0.069
4907.75424 19.776 0.079
4907.76536 19.977 0.080
4907.77595 19.912 0.085
4907.78651 20.447 0.125
4907.80757 20.214 0.117
4907.81814 20.077 0.132
4907.82876 20.350 0.167
4907.83940 20.231 0.136
4907.85000 19.976 0.123
4907.86109 20.316 0.160
4907.87167 19.896 0.086
4907.88225 19.904 0.096
4907.89284 19.735 0.087
4907.90343 19.904 0.097
4907.91476 20.135 0.175
4908.69132 19.918 0.081
4908.70190 20.011 0.072
4908.71250 19.716 0.061
4908.72307 20.060 0.072
4908.73366 20.018 0.074
4908.74458 20.368 0.107
4908.75514 20.070 0.079
4908.76577 20.508 0.115
4908.77636 19.868 0.059
4908.78699 20.108 0.080
4908.79788 19.893 0.065
4908.80840 20.104 0.095
4908.81901 20.019 0.089
4908.82972 19.794 0.065
4908.84032 19.851 0.072
4908.85091 19.799 0.069
4908.86148 20.286 0.099
4908.87208 20.383 0.113
4908.88301 20.626 0.128
4908.89358 20.305 0.099
4908.90417 19.923 0.071
4908.91494 20.042 0.108
4909.66201 20.276 0.105
4909.67257 19.936 0.081
4909.68316 20.307 0.119
4909.69377 20.269 0.106
4909.70437 20.442 0.110
4909.71511 20.243 0.094
4909.72564 19.963 0.069
4909.73625 19.981 0.069
4909.74682 20.126 0.095
4909.75745 19.875 0.075
4909.76834 20.208 0.101
4909.77894 19.977 0.092
4909.78954 20.130 0.109
4909.80009 20.541 0.159
4909.81067 20.620 0.185
4909.82157 20.480 0.150
4909.83216 20.326 0.116
4909.84277 20.031 0.085
4909.85333 19.972 0.080
4909.86394 20.259 0.105
4909.87942 20.048 0.099
4909.89004 19.756 0.074
4909.90058 20.048 0.133
4909.91120 19.772 0.102
4910.61835 20.085 0.110
4910.62889 20.461 0.138
4910.63946 20.429 0.124
4910.65188 20.341 0.102
4910.66250 20.025 0.066
4910.67307 19.977 0.069
4910.68365 19.870 0.057
4910.69428 19.878 0.063
4910.70991 20.152 0.084
4910.72053 20.057 0.069
4910.73112 20.209 0.069
4910.74171 20.344 0.076
4910.75233 20.199 0.068
4910.76323 20.343 0.076
4911.69405 20.236 0.076
4911.70462 20.388 0.079
4912.59326 20.012 0.111
4912.60390 19.870 0.084
4912.61450 20.137 0.084
4912.62507 20.048 0.078
4912.63570 20.099 0.071
4912.64665 20.509 0.097
4912.65723 20.226 0.073
4912.66780 20.095 0.061
4912.67838 19.964 0.056
4912.68895 20.050 0.059
4912.69990 19.905 0.050
4913.59995 20.197 0.093
4913.61057 20.080 0.077
4913.62116 20.005 0.071
4913.63174 19.977 0.071
4913.64228 19.767 0.056
4913.65310 19.798 0.057
4913.66365 19.807 0.059
4913.67423 20.030 0.070
4913.68481 20.025 0.070
4913.69541 19.834 0.065
4913.70640 20.239 0.088
4914.66546 20.392 0.087
4914.67604 20.442 0.089
4914.68660 20.215 0.070
4914.69720 20.073 0.059
4915.67794 19.870 0.061
4915.68853 20.045 0.067
4915.69912 20.177 0.083
4915.71333 20.110 0.076
4915.72389 20.010 0.073
4916.61577 19.961 0.076
4916.62933 19.908 0.059
4916.63993 19.993 0.064
4916.65052 19.998 0.062
4916.66111 20.041 0.060
4916.67189 20.298 0.071
4916.68241 20.265 0.076
4916.69302 20.448 0.091
4916.70440 20.229 0.069
4917.62982 20.187 0.080
4917.64460 20.386 0.087
4917.65523 20.148 0.070
4917.66575 19.937 0.053
4917.67638 19.948 0.054
4917.71448 20.112 0.074
4918.60999 20.028 0.076
4918.62061 20.015 0.070
4918.63122 19.943 0.067
4918.64181 19.996 0.062
4918.65239 20.125 0.071
4918.66298 19.954 0.061
4919.67117 20.144 0.061
4919.68173 19.926 0.051
4919.69236 19.852 0.050
4919.70292 19.832 0.049
4919.71349 19.863 0.055
4920.65920 20.113 0.068
4920.66752 19.867 0.047
4920.67755 19.916 0.050
4920.68757 20.148 0.063
4920.69761 20.327 0.078
4920.70761 20.171 0.064
4921.65287 20.171 0.111
4921.66287 20.079 0.093
4921.67289 20.168 0.093
4921.68288 20.504 0.160
4921.69290 20.408 0.148
4921.70289 19.993 0.083
4921.71305 19.953 0.073
4924.65303 20.038 0.061
4924.66314 19.781 0.054
4924.67326 19.971 0.062
4924.68336 19.939 0.063
4924.69346 19.847 0.058
4924.70389 20.121 0.068
4925.65563 19.998 0.060
4925.66572 19.868 0.054
4925.67582 20.112 0.067
4925.68594 20.030 0.062
4925.69604 20.332 0.084
4926.59720 19.839 0.079
4926.60729 20.144 0.089
4926.61738 20.174 0.080
4926.62746 20.352 0.107
4926.63756 20.313 0.102
4926.64765 20.304 0.092
4926.65776 20.107 0.080
4926.66787 20.074 0.090
4926.67798 19.954 0.084
4926.68841 19.876 0.057
4926.69851 19.851 0.058
4927.64257 20.013 0.097
4927.65270 20.081 0.101
4927.66281 19.913 0.081
4927.67295 19.803 0.072
4927.68305 20.034 0.082
4927.69342 20.424 0.120
4928.63754 20.012 0.071
4928.64763 20.277 0.098
4928.65774 20.209 0.089
4928.66784 20.246 0.085
4928.67795 20.309 0.091
4928.68804 20.016 0.077
4929.62285 20.012 0.114
4929.63292 20.058 0.118
4929.64301 19.630 0.067
4929.65314 19.998 0.089
4929.66322 19.922 0.080
4930.63658 20.113 0.097
4930.64666 20.086 0.090
4930.65673 20.240 0.104
4930.66682 20.085 0.090
4930.67691 20.452 0.122
4930.68702 20.180 0.092
4931.63670 20.582 0.176
4931.64684 19.821 0.084
4931.65696 20.065 0.098
4931.66706 20.029 0.095
4931.67719 19.745 0.085
4932.62478 19.957 0.077
4932.63486 19.948 0.077
4932.64499 20.010 0.080
4932.65507 20.215 0.102
4932.66516 20.010 0.105
4932.67527 20.152 0.108
4933.62339 20.516 0.158
4933.63348 20.988 0.268
4933.64357 20.218 0.118
4933.65364 20.068 0.103
4933.66373 19.938 0.086
4933.67386 19.885 0.097
4934.62013 20.015 0.092
4934.63022 19.901 0.080
4934.64034 20.048 0.086
4934.65046 20.129 0.104
4934.66056 19.943 0.090
4934.67066 20.116 0.099
4934.68697 20.369 0.121
4934.69707 20.319 0.105
4934.73227 19.931 0.103
4934.74241 20.532 0.166
4935.60734 19.951 0.072
4935.61745 20.051 0.077
4935.62758 20.122 0.080
4935.63769 20.144 0.090
4935.64780 20.336 0.098
4935.65791 20.239 0.085
4935.66802 20.287 0.095
4935.67812 19.974 0.080
4935.68821 20.364 0.106
4935.69834 19.813 0.057
4935.70845 19.985 0.075
4935.71854 19.982 0.073
4935.72866 20.016 0.079
4935.73877 19.955 0.080
4935.74885 19.976 0.082
4935.77353 20.271 0.098
4935.78362 20.253 0.107
4935.79371 20.213 0.104
4935.80382 20.088 0.098
4935.81392 20.274 0.098
4935.82405 20.075 0.088
4935.83454 19.859 0.069
4935.84461 19.888 0.070
4935.85774 19.871 0.088
4935.86784 19.672 0.067
4935.87793 19.929 0.094
4935.88802 20.079 0.121
4935.89823 19.939 0.101
4935.90835 20.101 0.129
4936.60745 20.322 0.104
4936.61759 20.085 0.088
4936.62770 20.133 0.085
4936.63779 19.846 0.069
4936.64786 19.837 0.067
4936.65799 19.937 0.073
4936.66809 20.060 0.076
4936.67817 19.961 0.071
4936.68828 20.052 0.080
4936.69835 20.092 0.081
4936.70845 20.400 0.120
4936.74008 20.208 0.105
4936.77808 20.096 0.089
4936.78819 20.052 0.082
4936.79831 20.100 0.091
4936.80840 20.075 0.111
4936.81851 19.896 0.070
4936.82859 20.241 0.096
4936.83985 20.457 0.147
4936.84996 20.097 0.102
4936.86008 20.352 0.128
4936.87018 20.411 0.165
4936.88025 19.796 0.086
4936.89035 20.058 0.111
4936.90091 20.119 0.114
4936.91099 19.693 0.083
4937.60959 19.930 0.055
4937.61968 20.064 0.061
4937.62977 19.903 0.052
4937.63988 20.034 0.065
4937.64997 20.066 0.062
4937.66006 20.135 0.074
4937.67014 20.450 0.101
4937.68022 20.152 0.076
4937.69033 20.222 0.080
4937.70045 20.086 0.067
4937.71053 20.096 0.067
4937.72063 20.143 0.081
4937.73072 19.927 0.069
4937.74083 19.930 0.071
4937.75677 19.946 0.061
4937.76689 19.967 0.058
4937.77704 19.989 0.064
4937.78716 20.228 0.076
4937.79724 20.190 0.067
4937.80737 20.263 0.080
4937.81746 20.165 0.078
4937.82755 20.061 0.065
4937.83766 20.221 0.086
4937.84780 20.068 0.082
4937.85789 19.958 0.071
4937.86800 19.866 0.062
4937.87811 19.851 0.063
4937.88819 20.031 0.073
4937.89831 20.162 0.088
4938.60466 20.387 0.120
4938.61477 20.457 0.137
4938.62490 19.940 0.088
4938.63498 20.086 0.096
4938.64509 20.235 0.107
4938.65520 19.895 0.075
4939.61215 19.888 0.067
4939.62228 19.781 0.061
4939.63238 19.883 0.061
4939.64249 19.954 0.067
4939.65261 20.003 0.071
4939.66274 20.130 0.081
4940.61943 20.533 0.115
4940.62953 20.367 0.103
4940.63964 20.391 0.099
4940.64974 20.326 0.098
4940.65987 19.928 0.069
4940.87783 19.881 0.100
4940.88793 20.369 0.150
4940.89807 20.629 0.211
4941.59542 20.206 0.091
4941.60552 19.830 0.069
4941.61564 19.904 0.080
4941.62574 19.961 0.082
4941.63584 19.679 0.056
4941.64595 19.747 0.056
4941.65631 20.130 0.077
4942.60881 19.836 0.052
4942.61892 19.950 0.064
4942.62901 20.068 0.070
4942.63914 20.007 0.069
4942.64924 20.363 0.126
4943.59595 20.241 0.080
4943.60606 20.134 0.070
4943.61615 20.029 0.066
4943.62624 20.128 0.072
4943.63636 19.937 0.065
4943.64645 19.972 0.065
4944.60375 19.886 0.051
4944.61383 20.028 0.059
4944.62394 19.925 0.057
4944.63406 20.086 0.060
4944.64418 20.089 0.063
4945.58495 19.943 0.062
4945.59503 20.161 0.067
4945.60512 20.262 0.078
4945.61523 20.149 0.066
4945.62532 20.193 0.073
4945.63545 20.063 0.065
4945.88390 19.800 0.080
4946.60143 19.992 0.066
4946.61153 19.944 0.058
4946.62162 19.731 0.049
4946.63173 19.923 0.058
4946.64182 20.014 0.066
4946.87689 20.058 0.095
4947.60193 20.114 0.063
4947.61202 19.997 0.059
4947.62216 20.498 0.088
4947.63227 20.233 0.074
4947.88160 20.447 0.169
4948.60027 19.980 0.068
4948.61039 20.010 0.077
4948.62048 19.812 0.062
4948.63059 20.003 0.075
4948.64070 19.891 0.063
4948.87730 20.327 0.130
4949.58422 20.083 0.059
4949.59432 19.993 0.059
4949.60441 20.106 0.065
4949.61448 19.949 0.057
4949.62458 19.953 0.053
4949.63466 20.233 0.068
4949.84948 19.916 0.076
4949.85684 19.928 0.071
4949.86693 19.816 0.065
4949.87702 20.110 0.090
4950.58207 20.218 0.093
4950.59218 20.291 0.097
4950.60229 20.131 0.078
4950.61238 20.163 0.073
4950.62248 20.207 0.078
4950.63260 20.222 0.082
4951.56407 20.202 0.113
4951.57419 19.942 0.092
4951.58429 20.013 0.073
4951.59439 20.009 0.067
4951.60449 20.023 0.066
4951.61460 20.030 0.064
4951.62494 19.955 0.056
4951.86809 19.918 0.126
4952.57296 20.015 0.072
4952.58303 18.442 0.018
4952.59312 20.235 0.084
4952.60321 20.323 0.082
4952.61333 20.216 0.070
4952.62343 20.230 0.071
4952.86006 19.968 0.090
4952.87018 19.799 0.082
4953.57627 20.015 0.069
4953.58636 20.005 0.067
4953.59649 20.021 0.072
4953.60656 19.940 0.066
4953.61665 19.724 0.056
4954.56700 20.120 0.085
4954.57710 19.881 0.065
4954.58722 20.034 0.078
4954.59730 20.084 0.081
4954.60740 20.242 0.095
4954.61752 20.284 0.097
4955.57160 20.353 0.101
4955.58169 20.210 0.091
4955.59178 20.189 0.084
4955.60191 19.868 0.070
4955.61202 19.836 0.068
4964.59404 20.059 0.080
4964.60444 19.910 0.076
4964.61930 19.869 0.064
4964.62964 20.022 0.066
4964.63966 20.062 0.069
4964.64965 20.087 0.079
4964.66033 19.866 0.074
4964.67033 20.205 0.096
4965.59421 19.887 0.076
4965.60451 19.888 0.074
4965.61449 20.471 0.195
4965.62450 20.589 0.164
4965.63450 20.416 0.135
4965.64495 20.050 0.100
4965.65495 20.549 0.158
4965.66494 20.098 0.099
4965.67494 21.413 0.496
4966.52535 19.659 0.065
4966.53589 19.923 0.092
4966.54591 19.855 0.071
4966.55591 20.304 0.108
4966.56615 20.107 0.091
4966.57617 20.255 0.100
4966.58620 20.516 0.124
4966.59677 20.477 0.112
4966.60677 20.541 0.115
4966.61680 20.299 0.093
4966.62720 20.146 0.090
4966.63717 19.936 0.079
4966.64717 19.960 0.079
4966.65747 20.030 0.083
4967.56502 20.231 0.087
4967.57558 20.005 0.066
4967.58557 20.036 0.059
4967.59583 19.820 0.052
4967.60584 19.899 0.054
4967.61583 19.915 0.053
4967.62640 19.981 0.063
4967.63645 20.027 0.079
4967.64645 20.253 0.101
4967.65039 20.074 0.083
4967.66042 20.136 0.082
4967.67040 20.242 0.084
4967.68040 20.059 0.080
4967.69040 20.076 0.084
4968.51733 20.339 0.159
4968.52731 20.012 0.101
4968.56268 20.098 0.089
4968.57268 20.010 0.079
4968.58269 20.356 0.106
4968.59270 20.414 0.104
4968.60269 20.376 0.086
4968.62725 20.392 0.091
4968.63724 20.268 0.090
4968.64726 20.221 0.083
4968.65729 19.894 0.057
4969.61962 19.865 0.056
4969.63001 20.045 0.067
4969.66039 20.105 0.084
4970.56407 19.628 0.053
4970.57552 20.002 0.090
4970.58552 19.923 0.061
4970.59552 19.927 0.065
4970.60551 20.029 0.069
4970.61554 20.385 0.085
4970.62581 20.165 0.077
4970.63580 20.052 0.071
4970.64579 20.078 0.078
4970.65577 20.185 0.076
4970.66995 19.890 0.054
4972.49673 20.223 0.099
4972.50727 20.326 0.099
4972.51756 20.151 0.081
4972.52798 20.019 0.077
4972.53801 20.047 0.083
4972.54800 20.096 0.088
4972.55863 19.919 0.066
4972.56866 19.942 0.062
4972.57869 20.011 0.076
4972.59280 19.964 0.064
4972.60631 20.048 0.075
4972.62809 20.126 0.074
4972.63809 20.256 0.094
4972.64808 20.306 0.096
4972.66207 20.260 0.097
4973.47253 20.265 0.106
4973.48293 20.094 0.093
4973.49752 20.169 0.097
4973.50800 20.018 0.078
4973.51799 19.982 0.084
4973.52799 20.022 0.075
4973.53800 20.000 0.074
4973.55325 20.025 0.067
4973.56324 20.014 0.072
4973.57326 20.141 0.080
4973.58329 20.341 0.086
4973.60059 20.130 0.065
4973.61142 20.016 0.052
4973.62142 20.028 0.055
4973.63143 19.995 0.062
4973.64200 19.976 0.057
4973.65201 19.978 0.052
4973.66200 19.978 0.060
4973.67698 19.998 0.062
4974.51208 20.231 0.117
4974.52376 20.266 0.128
4974.55744 19.855 0.088
4974.56745 20.086 0.094
4974.57744 20.014 0.093
4974.58788 19.906 0.081
4974.59788 19.822 0.063
4974.60788 19.968 0.075
4974.62300 19.953 0.073
4974.63325 20.136 0.081
4974.64325 20.079 0.081
4974.65323 20.114 0.077
4974.66366 20.213 0.088
4974.67405 20.410 0.101
4974.68508 20.074 0.075
4975.49067 21.915 0.776
4975.50132 19.945 0.096
4975.51178 20.093 0.101
4975.52175 19.935 0.093
4975.53177 20.302 0.161
4975.54207 19.772 0.082
4975.55206 19.776 0.077
4975.56209 19.961 0.078
4975.57275 20.004 0.082
4975.58278 20.026 0.085
4975.59276 19.881 0.074
4975.60328 20.336 0.107
4975.61331 20.117 0.086
4975.62331 20.588 0.145
4975.63363 20.013 0.090
4975.64361 20.085 0.089
4977.49611 20.222 0.102
4977.50655 19.816 0.071
4977.51692 20.393 0.116
4977.52755 19.937 0.070
