2322.65366 15.301 0.003
2322.67119 15.304 0.003
2322.68206 15.321 0.003
2322.69298 15.327 0.003
2322.70390 15.343 0.003
2322.71475 15.350 0.003
2322.72567 15.349 0.003
2322.73761 15.349 0.003
2322.74847 15.353 0.003
2322.75935 15.345 0.003
2322.77022 15.343 0.003
2322.78111 15.338 0.003
2322.79196 15.338 0.003
2322.80375 15.315 0.003
2322.81467 15.319 0.003
2322.82557 15.315 0.003
2322.83647 15.296 0.003
2322.84742 15.310 0.003
2322.86239 15.305 0.003
2323.65973 15.295 0.003
2323.67064 15.296 0.003
2323.68156 15.293 0.003
2323.69251 15.289 0.003
2323.70343 15.299 0.003
2323.71718 15.302 0.003
2323.72809 15.284 0.003
2323.73895 15.297 0.003
2323.74985 15.296 0.003
2323.76077 15.296 0.003
2323.77591 15.299 0.003
2323.78679 15.298 0.003
2323.79770 15.300 0.003
2323.80862 15.300 0.003
2323.81951 15.305 0.003
2323.83040 15.292 0.003
2323.84258 15.297 0.003
2323.85344 15.298 0.003
2323.86439 15.293 0.003
2324.64072 15.303 0.003
2324.65580 15.298 0.003
2324.67008 15.285 0.003
2324.68097 15.298 0.003
2324.69496 15.297 0.003
2324.70584 15.299 0.003
2324.71672 15.301 0.003
2324.72762 15.295 0.003
2324.73866 15.286 0.003
2324.74959 15.295 0.003
2324.76572 15.294 0.003
2324.77661 15.292 0.003
2324.78749 15.291 0.003
2324.79839 15.294 0.003
2324.80930 15.301 0.003
2324.82295 15.298 0.003
2324.83571 15.296 0.003
2324.84977 15.298 0.003
2324.86069 15.303 0.003
2325.63924 15.304 0.003
2325.65020 15.309 0.003
2325.66548 15.303 0.003
2325.67987 15.299 0.003
2325.69383 15.297 0.003
2325.70480 15.308 0.003
2325.71569 15.303 0.003
2325.72656 15.297 0.003
2325.74128 15.294 0.003
2325.75218 15.293 0.003
2325.76308 15.294 0.003
2325.77515 15.298 0.003
2325.78609 15.300 0.003
2325.79699 15.311 0.003
2325.80792 15.313 0.003
2325.81885 15.325 0.003
2325.82973 15.332 0.003
2326.60550 15.289 0.003
2326.61640 15.292 0.003
2326.62729 15.287 0.003
2326.63819 15.299 0.003
2326.64904 15.286 0.003
2326.65995 15.288 0.003
2326.67124 15.291 0.003
2326.68215 15.286 0.003
2326.69301 15.295 0.003
2326.70389 15.290 0.003
2326.71481 15.290 0.003
2326.72570 15.292 0.003
2326.74589 15.293 0.003
2326.75679 15.288 0.003
2326.76769 15.287 0.003
2326.77862 15.291 0.003
2326.78953 15.289 0.003
2326.80045 15.294 0.003
2327.61235 15.300 0.003
2327.62321 15.301 0.003
2327.63414 15.300 0.003
2327.64507 15.299 0.003
2327.65598 15.307 0.003
2327.66690 15.300 0.003
2327.68165 15.303 0.003
2327.69255 15.304 0.003
2327.70344 15.306 0.003
2327.71434 15.302 0.003
2327.72527 15.294 0.003
2327.73618 15.291 0.003
2327.74736 15.291 0.003
2327.75824 15.298 0.003
2327.76919 15.296 0.003
2327.78006 15.294 0.003
2327.79093 15.297 0.003
2327.80180 15.300 0.003
2328.63116 15.296 0.003
2328.64205 15.295 0.003
2328.65296 15.296 0.003
2328.66381 15.288 0.003
2328.67476 15.296 0.003
2328.68564 15.297 0.003
2328.69693 15.302 0.003
2328.70780 15.304 0.003
2328.71865 15.301 0.003
2328.72952 15.295 0.003
2328.74040 15.289 0.003
2328.75129 15.299 0.003
2328.76257 15.302 0.003
2328.77349 15.299 0.003
2328.78435 15.298 0.003
2328.79528 15.297 0.003
2328.80617 15.302 0.003
2328.81709 15.293 0.003
2329.62086 15.284 0.003
2329.63174 15.292 0.003
2329.64261 15.283 0.003
2329.65356 15.291 0.003
2329.66450 15.286 0.003
2329.67547 15.285 0.003
2329.68753 15.299 0.003
2329.69844 15.282 0.003
2329.70934 15.292 0.003
2329.72025 15.283 0.003
2329.73108 15.289 0.003
2329.74200 15.292 0.003
2329.75339 15.292 0.003
2329.76432 15.291 0.003
2329.77520 15.288 0.003
2329.78610 15.295 0.003
2329.79702 15.293 0.003
2329.81535 15.293 0.003
2329.82627 15.295 0.003
2329.83716 15.290 0.003
2329.84806 15.287 0.003
2330.58985 15.340 0.003
2330.60073 15.334 0.003
2330.61161 15.325 0.003
2330.62249 15.324 0.003
2330.63336 15.315 0.003
2330.64428 15.313 0.003
2330.65535 15.298 0.003
2330.66621 15.309 0.003
2330.67708 15.303 0.003
2330.68797 15.305 0.003
2330.69886 15.306 0.003
2330.70976 15.301 0.003
2330.72725 15.298 0.003
2330.73815 15.297 0.003
2330.74902 15.299 0.003
2330.75993 15.305 0.003
2330.77083 15.303 0.003
2330.78171 15.305 0.003
2330.79291 15.302 0.003
2330.80384 15.310 0.003
2330.81477 15.303 0.003
2330.82562 15.299 0.003
2330.83653 15.302 0.003
2330.84744 15.301 0.003
2331.59007 15.293 0.003
2331.60098 15.300 0.003
2331.61185 15.296 0.003
2331.64555 15.296 0.003
2331.66725 15.298 0.003
2331.68055 15.280 0.003
2331.69145 15.296 0.003
2331.70236 15.290 0.003
2331.71326 15.299 0.003
2331.72414 15.298 0.003
2331.73502 15.304 0.003
2331.74614 15.295 0.003
2331.75701 15.296 0.003
2331.76796 15.299 0.003
2331.77884 15.297 0.003
2331.78971 15.298 0.003
2331.80061 15.305 0.003
2331.80454 15.301 0.003
2331.81544 15.302 0.003
2331.82633 15.292 0.003
2331.83725 15.297 0.003
2332.61767 15.296 0.003
2332.64357 15.294 0.003
2332.65450 15.307 0.003
2332.66536 15.294 0.003
2332.67625 15.287 0.003
2332.68715 15.288 0.003
2332.69807 15.285 0.003
2332.71770 15.280 0.003
2332.72858 15.280 0.003
2332.73942 15.283 0.003
2332.75034 15.285 0.003
2332.76126 15.283 0.003
2332.77216 15.287 0.003
2332.78336 15.284 0.003
2332.79427 15.282 0.003
2332.80518 15.288 0.003
2332.81607 15.299 0.003
2333.62059 15.313 0.003
2333.63149 15.320 0.003
2333.64237 15.330 0.003
2333.65330 15.336 0.003
2333.66418 15.343 0.003
2333.67510 15.349 0.003
2333.68838 15.351 0.003
2333.69929 15.348 0.003
2333.71018 15.346 0.003
2333.72108 15.347 0.003
2333.73201 15.335 0.003
2333.74288 15.333 0.003
2333.75407 15.321 0.003
2333.76499 15.316 0.003
2333.77591 15.310 0.003
2333.78681 15.313 0.003
2333.79770 15.302 0.003
2333.80860 15.303 0.003
2333.82413 15.295 0.003
2333.83501 15.302 0.003
2333.84584 15.296 0.003
2334.60807 15.290 0.003
2334.61896 15.294 0.003
2334.62988 15.290 0.003
2334.64076 15.292 0.003
2334.65164 15.292 0.003
2334.66254 15.292 0.003
2334.67395 15.301 0.003
2334.68485 15.293 0.003
2334.69576 15.292 0.003
2334.70666 15.290 0.003
2334.71758 15.290 0.003
2334.72850 15.287 0.003
2334.74199 15.290 0.003
2334.76034 15.280 0.003
2334.77127 15.289 0.003
2334.78218 15.294 0.003
2334.79306 15.293 0.003
2334.80393 15.295 0.004
2335.57007 15.299 0.003
2335.58100 15.294 0.003
2335.59190 15.294 0.003
2335.60282 15.299 0.003
2335.61375 15.290 0.003
2335.64163 15.295 0.003
2335.65258 15.294 0.003
2335.66351 15.299 0.003
2335.67442 15.301 0.003
2335.68529 15.295 0.003
2335.69615 15.291 0.003
2335.70720 15.285 0.003
2335.71811 15.288 0.003
2335.72900 15.291 0.003
2335.73989 15.291 0.003
2335.75081 15.286 0.003
2337.60230 15.294 0.003
2337.61319 15.287 0.003
2337.62409 15.290 0.003
2337.63498 15.296 0.003
2337.64590 15.289 0.003
2337.65681 15.290 0.003
2337.66787 15.286 0.003
2337.67877 15.289 0.003
2337.68974 15.295 0.003
2337.70063 15.286 0.003
2337.71150 15.295 0.003
2337.72239 15.290 0.003
2337.73354 15.287 0.003
2337.74449 15.295 0.003
2337.75538 15.289 0.003
2337.76630 15.289 0.003
2337.77721 15.286 0.003
2337.78811 15.271 0.003
2338.56962 15.297 0.003
2338.58049 15.297 0.003
2338.59142 15.297 0.003
2338.60232 15.302 0.003
2338.61318 15.303 0.003
2338.62409 15.296 0.003
2338.63710 15.303 0.003
2338.64942 15.294 0.003
2338.66032 15.298 0.003
2338.67121 15.287 0.003
2338.68216 15.290 0.003
2338.69302 15.290 0.003
2338.70388 15.294 0.003
2338.71492 15.295 0.003
2338.72577 15.295 0.003
2338.73667 15.290 0.003
2338.74757 15.295 0.003
2338.75848 15.296 0.003
2338.76941 15.299 0.003
2338.78242 15.302 0.003
2338.79332 15.302 0.003
2338.80423 15.300 0.003
2338.81515 15.292 0.003
2339.58465 15.295 0.003
2339.59551 15.296 0.003
2339.60644 15.296 0.003
2339.61733 15.296 0.003
2339.62819 15.292 0.003
2339.64185 15.296 0.003
2339.65273 15.310 0.003
2339.66366 15.292 0.003
2339.67457 15.292 0.003
2339.68542 15.296 0.003
2339.69628 15.294 0.003
2339.70730 15.294 0.003
2339.71819 15.296 0.003
2339.72908 15.298 0.003
2339.74000 15.295 0.003
2339.75086 15.297 0.003
2339.76179 15.297 0.003
2339.77287 15.301 0.003
2339.78374 15.308 0.003
2339.79464 15.305 0.003
2339.80552 15.305 0.003
2340.59468 15.299 0.003
2340.60555 15.301 0.003
2340.62712 15.299 0.003
2340.63803 15.299 0.003
2340.65427 15.293 0.003
2340.66518 15.295 0.003
2340.67606 15.295 0.003
2340.68695 15.287 0.003
2340.69783 15.287 0.003
2340.70869 15.288 0.003
2340.71981 15.287 0.003
2340.73070 15.292 0.003
2340.74156 15.290 0.003
2340.75249 15.289 0.003
2340.76341 15.286 0.003
2340.77427 15.286 0.003
2340.78533 15.286 0.003
2340.79625 15.283 0.003
2340.80715 15.286 0.003
2340.82398 15.281 0.003
2340.83484 15.285 0.003
2341.59438 15.311 0.003
2341.60527 15.301 0.003
2341.61621 15.298 0.003
2341.63270 15.305 0.003
2341.64356 15.299 0.003
2341.65925 15.290 0.003
2341.67013 15.300 0.003
2341.68100 15.294 0.003
2341.69187 15.294 0.003
2341.70276 15.286 0.003
2341.71365 15.299 0.003
2341.72497 15.296 0.003
2341.73581 15.293 0.003
2341.74673 15.293 0.003
2341.75760 15.294 0.003
2341.76849 15.288 0.003
2341.77941 15.298 0.003
2341.79085 15.288 0.003
2341.80177 15.292 0.003
2341.81262 15.292 0.003
2342.58276 15.298 0.003
2342.65888 15.295 0.003
2342.66972 15.296 0.003
2342.68063 15.290 0.003
2342.69150 15.291 0.003
2342.70235 15.294 0.003
2342.71322 15.289 0.003
2342.72431 15.298 0.003
2342.73518 15.287 0.003
2342.74602 15.294 0.003
2342.75690 15.297 0.003
2342.76776 15.290 0.003
2342.77860 15.289 0.003
2342.78970 15.290 0.003
2342.80056 15.290 0.003
2343.56774 15.295 0.003
2343.57861 15.298 0.003
2343.59678 15.299 0.003
2343.60765 15.294 0.003
2343.61852 15.301 0.003
2343.62938 15.292 0.003
2343.64027 15.291 0.003
2343.65114 15.290 0.003
2343.66246 15.291 0.003
2343.67338 15.290 0.003
2343.68428 15.295 0.003
2343.69517 15.294 0.003
2343.70606 15.284 0.003
2343.71693 15.292 0.003
2343.72802 15.292 0.003
2343.73890 15.294 0.003
2343.74979 15.289 0.003
2343.76072 15.289 0.003
2343.77163 15.296 0.003
2343.78255 15.292 0.003
2343.79358 15.292 0.003
2343.80670 15.291 0.003
2343.81762 15.292 0.003
2343.82852 15.290 0.003
2344.57010 15.305 0.003
2344.58102 15.312 0.003
2344.59190 15.311 0.003
2344.60279 15.321 0.003
2344.61368 15.332 0.003
2344.62460 15.335 0.003
2344.63564 15.334 0.003
2344.64652 15.340 0.003
2344.65745 15.340 0.003
2344.66830 15.339 0.003
2344.67923 15.331 0.003
2344.69012 15.329 0.003
2344.70116 15.319 0.003
2344.71202 15.307 0.003
2344.72291 15.310 0.003
2344.73383 15.305 0.003
2344.74478 15.296 0.003
2344.75567 15.298 0.003
2344.76674 15.294 0.003
2344.77764 15.303 0.003
2344.78854 15.300 0.003
2344.79938 15.300 0.003
2344.81642 15.296 0.003
2344.82731 15.298 0.003
2345.58324 15.298 0.003
2345.59414 15.292 0.003
2345.60501 15.293 0.003
2345.62302 15.285 0.003
2345.63390 15.286 0.003
2345.64483 15.296 0.003
2345.65569 15.293 0.003
2345.66661 15.296 0.003
2345.67752 15.297 0.003
2345.68873 15.296 0.003
2345.69967 15.295 0.003
2345.71058 15.297 0.003
2345.72147 15.288 0.003
2345.73236 15.291 0.003
2345.74323 15.291 0.003
2345.76530 15.294 0.003
2345.77638 15.289 0.003
2345.78726 15.290 0.003
2345.79818 15.295 0.003
2345.80907 15.290 0.003
2346.58414 15.305 0.003
2346.59503 15.298 0.003
2346.60592 15.300 0.003
2346.61681 15.289 0.003
2346.62769 15.291 0.003
2346.63970 15.290 0.003
2346.65063 15.293 0.003
2346.66151 15.288 0.003
2346.67241 15.291 0.003
2346.68332 15.290 0.003
2346.69422 15.289 0.003
2346.70527 15.294 0.003
2346.71621 15.302 0.003
2346.72707 15.295 0.003
2346.73797 15.288 0.003
2346.74879 15.298 0.003
2346.75970 15.295 0.003
2346.77076 15.301 0.003
2346.78165 15.303 0.003
2346.79258 15.289 0.003
2346.80345 15.296 0.003
2347.57625 15.305 0.003
2347.58712 15.296 0.003
2347.59797 15.293 0.003
2347.60882 15.296 0.003
2347.61974 15.285 0.003
2347.63067 15.292 0.003
2347.64289 15.302 0.003
2347.65382 15.299 0.003
2347.66471 15.300 0.003
2347.67559 15.303 0.003
2347.68656 15.306 0.003
2347.69747 15.311 0.003
2347.70857 15.316 0.003
2347.71949 15.325 0.003
2347.73040 15.324 0.003
2347.74129 15.326 0.003
2347.75220 15.342 0.003
2347.76307 15.341 0.003
2347.77439 15.352 0.003
2347.78528 15.354 0.003
2349.58410 15.291 0.003
2349.59501 15.302 0.003
2349.60593 15.301 0.003
2349.61681 15.298 0.003
2349.62766 15.298 0.003
2349.63857 15.293 0.003
2349.65180 15.289 0.003
2349.66271 15.296 0.003
2349.67361 15.292 0.003
2349.68448 15.292 0.003
2349.69536 15.298 0.003
2349.70627 15.288 0.003
2349.71734 15.287 0.003
2349.72822 15.293 0.003
2349.73917 15.289 0.003
2349.75006 15.290 0.003
2349.76099 15.287 0.003
2349.77191 15.291 0.003
2349.78468 15.293 0.003
2349.79557 15.290 0.003
2349.80645 15.290 0.003
2350.56916 15.298 0.003
2350.58009 15.301 0.003
2350.59101 15.296 0.003
2350.60526 15.305 0.003
2350.61614 15.299 0.003
2350.62704 15.291 0.003
2350.63790 15.295 0.003
2350.64881 15.292 0.003
2350.65970 15.291 0.003
2350.67095 15.295 0.003
2350.68185 15.298 0.003
2350.69277 15.294 0.003
2350.70366 15.294 0.003
2350.71455 15.296 0.003
2350.72545 15.297 0.003
2350.73687 15.290 0.003
2350.74780 15.295 0.003
2350.75869 15.294 0.003
2350.76959 15.299 0.003
2350.78047 15.293 0.003
2350.79133 15.296 0.003
2350.80938 15.293 0.003
2351.57019 15.288 0.003
2351.58105 15.290 0.003
2351.59194 15.287 0.003
2351.60326 15.289 0.003
2351.61417 15.297 0.003
2351.62507 15.285 0.003
2351.63599 15.283 0.003
2351.64685 15.291 0.003
2351.65775 15.280 0.003
2351.66908 15.282 0.003
2351.67999 15.283 0.003
2351.69085 15.279 0.003
2351.70367 15.293 0.003
2351.71453 15.292 0.003
2351.72730 15.281 0.003
2351.73814 15.290 0.003
2351.74901 15.282 0.003
2351.76482 15.283 0.003
2351.77601 15.294 0.003
2351.78687 15.287 0.003
2351.80374 15.283 0.003
2352.62420 15.306 0.003
2352.63512 15.298 0.003
2352.64600 15.306 0.003
2352.65691 15.298 0.003
2352.66784 15.305 0.003
2352.68385 15.300 0.003
2352.69469 15.299 0.003
2352.70560 15.297 0.003
2352.71645 15.298 0.003
2352.72737 15.298 0.003
2352.74345 15.298 0.003
2352.75436 15.302 0.003
2352.76599 15.295 0.003
2352.78487 15.302 0.003
2352.79577 15.292 0.003
2352.80666 15.300 0.003
2353.57009 15.295 0.003
2353.58100 15.305 0.003
2353.59188 15.293 0.003
2353.60277 15.287 0.003
2353.61366 15.303 0.003
2353.62452 15.301 0.003
2353.63767 15.294 0.003
2353.64857 15.302 0.003
2353.65945 15.292 0.003
2353.67033 15.300 0.003
2353.68122 15.297 0.003
2353.69208 15.299 0.003
2353.71011 15.301 0.003
2353.72102 15.300 0.003
2353.73188 15.299 0.003
2353.74277 15.307 0.003
2353.75370 15.301 0.003
2353.76457 15.304 0.003
2353.77601 15.303 0.003
2353.79143 15.311 0.003
2353.80233 15.302 0.003
2353.81323 15.299 0.003
2353.82418 15.297 0.003
2354.56925 15.297 0.003
2354.58015 15.287 0.003
2354.59106 15.298 0.003
2354.60196 15.289 0.003
2354.61289 15.288 0.003
2354.62377 15.293 0.003
2354.63484 15.294 0.003
2354.65003 15.290 0.003
2354.66184 15.295 0.003
2354.67274 15.287 0.003
2354.68366 15.288 0.003
2354.71535 15.289 0.003
2354.73077 15.289 0.003
2354.74170 15.287 0.003
2354.75255 15.288 0.003
2354.77079 15.300 0.003
2354.78170 15.292 0.003
2354.79261 15.289 0.003
2354.80348 15.299 0.003
2355.57955 15.342 0.003
2355.59052 15.350 0.003
2355.60247 15.349 0.003
2355.61334 15.345 0.003
2355.62423 15.343 0.003
2355.63606 15.340 0.003
2355.64697 15.335 0.003
2355.65789 15.324 0.003
2355.66882 15.315 0.003
2355.67973 15.308 0.003
2355.69063 15.306 0.003
2355.70196 15.304 0.003
2355.71285 15.302 0.003
2355.72377 15.300 0.003
2355.73468 15.300 0.003
2355.74556 15.299 0.003
2355.75645 15.301 0.003
2355.77133 15.293 0.003
2355.78304 15.302 0.003
2355.79395 15.299 0.003
2356.57826 15.291 0.003
2356.58916 15.290 0.003
2356.60007 15.289 0.003
2356.62685 15.286 0.003
2356.63772 15.290 0.003
2356.64872 15.297 0.003
2356.65962 15.295 0.003
2356.67049 15.302 0.003
2356.68140 15.297 0.003
2356.69890 15.311 0.003
2356.70979 15.309 0.003
2356.72071 15.297 0.003
2356.73160 15.298 0.003
2356.74254 15.297 0.003
2356.75344 15.304 0.003
2356.76925 15.298 0.003
2356.78021 15.296 0.003
2356.79166 15.302 0.003
2356.80399 15.304 0.003
2357.58024 15.307 0.004
2357.58970 15.305 0.004
2357.60059 15.306 0.004
2357.61150 15.299 0.003
2357.62243 15.308 0.003
2357.63332 15.294 0.003
2357.64472 15.286 0.003
2357.65557 15.296 0.003
2357.66650 15.300 0.003
2357.67740 15.294 0.003
2357.68831 15.295 0.003
2357.69918 15.291 0.003
2357.71263 15.287 0.003
2357.72551 15.292 0.003
2357.73642 15.290 0.003
2357.74734 15.294 0.003
2357.75882 15.284 0.003
2357.77037 15.287 0.003
2357.78426 15.288 0.003
2357.79515 15.293 0.003
2358.58008 15.301 0.003
2358.59098 15.300 0.003
2358.60844 15.288 0.003
2358.61934 15.298 0.003
2358.63024 15.307 0.003
2358.64110 15.303 0.003
2358.65200 15.298 0.003
2358.66288 15.308 0.003
2358.67584 15.318 0.003
2358.68677 15.324 0.003
2358.69767 15.335 0.003
2358.70856 15.342 0.003
2358.71949 15.346 0.003
2358.73039 15.348 0.003
2358.74185 15.349 0.003
2358.75348 15.349 0.003
2358.77993 15.338 0.003
2358.79089 15.316 0.003
2358.80182 15.321 0.003
2359.56759 15.293 0.003
2359.57851 15.292 0.003
2359.59041 15.293 0.003
2359.60133 15.291 0.003
2359.61225 15.295 0.003
2359.62314 15.298 0.003
2359.63405 15.295 0.003
2359.64499 15.301 0.003
2359.65618 15.298 0.003
2359.66709 15.300 0.003
2359.67798 15.295 0.003
2359.69044 15.289 0.003
2359.70129 15.295 0.003
2359.71222 15.295 0.003
2359.72313 15.289 0.003
2359.73469 15.299 0.003
2359.75339 15.302 0.003
2359.76427 15.298 0.003
2359.77516 15.304 0.003
2359.78958 15.300 0.003
2359.80046 15.302 0.003
2360.57139 15.302 0.003
2360.58228 15.305 0.003
2360.59371 15.301 0.003
2360.60543 15.294 0.003
2360.62653 15.301 0.003
2360.63738 15.297 0.003
2360.64826 15.294 0.003
2360.65914 15.296 0.003
2360.67005 15.294 0.003
2360.68100 15.287 0.003
2360.69216 15.285 0.003
2360.70307 15.285 0.003
2360.71479 15.290 0.003
2360.72571 15.285 0.003
2360.74021 15.287 0.003
2360.75112 15.290 0.003
2360.76205 15.287 0.003
2360.77296 15.289 0.003
2360.78498 15.296 0.003
2360.81292 15.289 0.003
2361.58734 15.305 0.003
2361.59827 15.302 0.003
2361.60915 15.307 0.003
2361.62002 15.307 0.003
2361.63095 15.300 0.003
2361.64187 15.300 0.003
2361.65406 15.300 0.003
2361.66494 15.301 0.003
2361.67586 15.302 0.003
2361.68683 15.309 0.003
2361.69775 15.303 0.003
2361.70906 15.304 0.003
2361.72100 15.301 0.003
2361.73291 15.303 0.003
2361.75457 15.306 0.003
2361.76550 15.306 0.003
2361.77637 15.307 0.003
2361.78726 15.306 0.003
2362.56506 15.312 0.004
2362.57707 15.309 0.004
2362.58800 15.309 0.004
2362.59889 15.297 0.004
2362.60979 15.299 0.004
2362.62069 15.311 0.004
2362.63155 15.300 0.004
2362.64899 15.295 0.003
2362.65989 15.299 0.003
2362.67082 15.301 0.003
2363.69760 15.297 0.003
2363.70851 15.295 0.003
2363.73018 15.296 0.003
2363.74200 15.302 0.003
2363.75063 15.301 0.003
2363.76689 15.303 0.003
2363.77779 15.295 0.003
2363.78871 15.303 0.004
2363.79957 15.297 0.004
2364.56391 15.290 0.003
2364.57480 15.295 0.003
2364.58571 15.291 0.003
2364.59664 15.298 0.003
2364.61254 15.287 0.003
2364.62341 15.298 0.003
2364.63430 15.302 0.003
2364.64519 15.304 0.003
2364.65604 15.293 0.003
2364.66695 15.295 0.003
2364.67833 15.309 0.003
2364.68922 15.306 0.003
2364.73906 15.313 0.003
2364.74993 15.310 0.003
2364.76088 15.308 0.003
2364.77179 15.311 0.004
2365.55063 15.294 0.003
2365.56154 15.290 0.003
2365.57247 15.300 0.003
2365.58340 15.300 0.003
2365.59577 15.290 0.003
2365.61764 15.287 0.003
2365.62852 15.291 0.003
2365.63943 15.286 0.003
2365.65037 15.289 0.003
2365.66125 15.299 0.003
2365.67215 15.292 0.003
2365.68360 15.295 0.003
2365.69449 15.292 0.003
2365.70540 15.294 0.003
2365.72242 15.295 0.003
2365.73481 15.289 0.003
2365.74570 15.291 0.003
2365.76653 15.297 0.003
2366.56889 15.342 0.003
2366.57978 15.342 0.003
2366.59072 15.335 0.003
2366.60161 15.332 0.003
2366.62912 15.304 0.003
2366.64006 15.259 0.003
2366.65263 15.299 0.003
2366.66351 15.303 0.003
2366.67948 15.301 0.003
2366.69036 15.298 0.003
2366.72417 15.292 0.003
2366.73505 15.300 0.003
2366.74840 15.295 0.003
2366.76339 15.300 0.003
2366.77431 15.309 0.003
2366.78523 15.303 0.003
2367.80040 15.302 0.003
2367.81133 15.302 0.003
2368.55344 15.301 0.003
2368.56436 15.295 0.003
2368.57525 15.294 0.003
2368.58615 15.299 0.003
2368.59704 15.296 0.003
2368.60797 15.306 0.003
2368.62598 15.287 0.003
2368.63690 15.293 0.003
2368.64779 15.288 0.003
2368.65867 15.296 0.003
2368.66958 15.298 0.003
2368.69001 15.293 0.003
2368.70092 15.288 0.003
2368.71178 15.294 0.003
2368.73337 15.296 0.003
2368.74427 15.291 0.003
2368.76300 15.293 0.003
2368.77393 15.293 0.003
2368.78721 15.292 0.003
2368.79812 15.302 0.003
2368.80905 15.288 0.003
2368.81996 15.293 0.003
2369.56918 15.296 0.003
2369.58014 15.297 0.003
2369.59103 15.299 0.003
2369.60259 15.298 0.003
2369.61685 15.308 0.003
2369.63443 15.322 0.003
2369.64536 15.325 0.003
2369.65627 15.334 0.003
2369.66721 15.339 0.003
2369.67816 15.350 0.003
2369.68999 15.345 0.003
2369.70088 15.351 0.003
2369.71174 15.341 0.003
2369.72319 15.334 0.003
2369.73409 15.330 0.003
2369.74767 15.318 0.003
2369.76284 15.318 0.003
2369.77374 15.290 0.003
2369.78462 15.304 0.003
2370.57860 15.306 0.003
2370.59018 15.294 0.003
2370.60875 15.296 0.003
2370.61964 15.288 0.003
2370.63294 15.296 0.003
2370.64385 15.292 0.003
2370.65470 15.293 0.003
2370.66562 15.294 0.003
2370.67653 15.292 0.003
2370.69058 15.300 0.003
2370.70149 15.292 0.003
2370.71241 15.300 0.003
2370.72330 15.296 0.003
2370.73683 15.290 0.003
2370.74774 15.295 0.003
2370.75860 15.301 0.003
2370.76949 15.294 0.003
2370.78042 15.290 0.003
2371.56460 15.295 0.003
2371.57549 15.301 0.003
2371.58642 15.298 0.003
2371.59728 15.299 0.003
2371.60815 15.301 0.003
2371.61905 15.302 0.003
2371.63195 15.293 0.003
2371.64281 15.294 0.003
2371.65598 15.293 0.003
2371.66979 15.302 0.003
2371.68069 15.291 0.003
2371.69157 15.289 0.003
2371.70245 15.299 0.003
2371.71340 15.292 0.003
2371.72431 15.295 0.003
2371.73887 15.292 0.003
2371.74978 15.295 0.003
2371.76417 15.295 0.003
2372.58464 15.303 0.003
2372.59601 15.301 0.003
2372.60749 15.304 0.003
2372.61841 15.300 0.003
2372.62930 15.303 0.003
2372.64020 15.300 0.003
2372.65112 15.298 0.003
2372.66367 15.298 0.003
2372.67455 15.294 0.003
2372.68544 15.299 0.003
2372.69635 15.300 0.003
2372.70726 15.302 0.003
2372.71819 15.302 0.003
2372.73100 15.307 0.003
2372.74401 15.304 0.003
2372.75899 15.326 0.003
2373.56176 15.290 0.003
2373.57268 15.288 0.003
2373.58354 15.295 0.003
2373.60801 15.291 0.003
2373.61895 15.292 0.003
2373.62987 15.291 0.003
2373.64075 15.288 0.003
2373.65162 15.293 0.003
2373.66253 15.278 0.003
2373.67500 15.294 0.003
2373.68589 15.301 0.003
2373.69679 15.295 0.003
2373.70769 15.305 0.003
2373.71858 15.308 0.003
2373.72949 15.297 0.003
2373.74100 15.300 0.003
2373.75440 15.298 0.003
2377.59103 15.307 0.003
2377.59756 15.307 0.003
2377.60848 15.304 0.003
2377.61933 15.318 0.003
2377.63021 15.319 0.003
2377.64113 15.307 0.003
2377.66574 15.316 0.003
2377.72594 15.312 0.003
2377.73685 15.301 0.003
2377.74780 15.301 0.003
2377.75871 15.310 0.003
2377.76965 15.307 0.003
2378.51901 15.294 0.003
2378.52992 15.292 0.003
2378.54183 15.297 0.003
2378.55274 15.297 0.003
2378.56369 15.295 0.003
2378.57456 15.292 0.003
2378.58546 15.288 0.003
2378.59640 15.294 0.003
2378.61081 15.292 0.003
2378.62171 15.295 0.003
2378.63261 15.295 0.003
2378.64348 15.299 0.003
2378.65796 15.299 0.003
2378.66884 15.310 0.003
2378.67985 15.303 0.003
2378.70110 15.306 0.003
2378.71203 15.297 0.003
2378.72289 15.301 0.003
2378.73376 15.306 0.003
2379.53322 15.290 0.003
2379.54415 15.296 0.003
2379.55550 15.294 0.003
2379.56639 15.289 0.003
2379.57729 15.305 0.003
2379.58820 15.296 0.003
2379.60186 15.296 0.003
2379.61490 15.293 0.003
2379.62578 15.295 0.003
2379.63666 15.291 0.003
2379.64751 15.289 0.003
2379.65839 15.300 0.003
2379.66927 15.305 0.003
2379.68372 15.290 0.003
2379.69456 15.285 0.003
2379.70551 15.289 0.003
2379.71643 15.303 0.003
2379.72735 15.292 0.003
2380.69013 15.334 0.003
2380.70107 15.333 0.003
2380.71195 15.325 0.003
2380.74465 15.300 0.003
2381.51623 15.293 0.003
2381.53203 15.285 0.003
2381.54293 15.289 0.003
2381.55386 15.302 0.003
2381.57945 15.295 0.003
2381.59043 15.294 0.003
2381.60131 15.299 0.003
2381.61218 15.293 0.003
2381.62317 15.294 0.003
2381.63970 15.295 0.003
2381.65062 15.292 0.003
2381.66152 15.292 0.003
2381.67240 15.288 0.003
2381.68330 15.292 0.003
2381.69417 15.295 0.003
2381.70779 15.289 0.003
2381.71874 15.290 0.003
2381.73171 15.302 0.003
2381.74261 15.291 0.003
2381.75351 15.298 0.003
2381.76440 15.297 0.003
2381.77531 15.304 0.003
2381.78621 15.297 0.003
2382.52734 15.297 0.003
2382.54497 15.299 0.003
2382.55592 15.299 0.003
2382.56681 15.305 0.003
2382.57772 15.306 0.003
2382.59276 15.300 0.003
2382.60367 15.301 0.003
2382.61455 15.295 0.003
2382.62541 15.292 0.003
2382.63630 15.293 0.003
2382.64713 15.295 0.003
2382.66435 15.292 0.003
2382.67957 15.299 0.003
2382.69050 15.297 0.003
2382.70142 15.297 0.003
2382.71229 15.305 0.003
2382.72321 15.298 0.003
2382.73551 15.295 0.003
2382.74643 15.294 0.003
2382.75735 15.303 0.003
2382.76822 15.301 0.003
2382.77913 15.300 0.003
2384.57964 15.291 0.003
2384.59055 15.296 0.003
2384.60143 15.292 0.003
2384.61232 15.295 0.003
2384.62322 15.293 0.003
2384.63411 15.286 0.003
2384.64700 15.296 0.003
2384.65790 15.294 0.003
2384.66876 15.296 0.003
2384.67965 15.289 0.003
2386.56625 15.304 0.003
2386.57716 15.304 0.003
2386.58805 15.307 0.003
2386.59895 15.304 0.003
2386.62730 15.304 0.003
2386.63819 15.308 0.003
2386.64909 15.300 0.003
2390.56478 15.294 0.003
2390.57563 15.298 0.003
2390.58654 15.286 0.003
2390.59745 15.293 0.003
2390.60831 15.293 0.003
2390.61921 15.294 0.003
2390.63182 15.296 0.003
2390.64274 15.297 0.003
2390.65363 15.287 0.003
2392.57783 15.290 0.003
2392.58875 15.292 0.003
2392.59965 15.293 0.003
2392.61057 15.292 0.003
2392.62145 15.294 0.003
2392.63239 15.320 0.004
2393.70754 15.297 0.003
2393.71845 15.302 0.003
2393.72937 15.306 0.004
2393.74029 15.299 0.003
2393.75114 15.297 0.003
2393.76202 15.290 0.003
2395.60918 15.286 0.003
2395.62013 15.286 0.003
2395.63107 15.291 0.003
2395.64196 15.295 0.003
2395.65284 15.297 0.003
2395.66375 15.295 0.003
2395.67517 15.296 0.003
2395.68606 15.293 0.003
2395.69698 15.297 0.003
2395.70785 15.300 0.003
2395.71880 15.294 0.003
2395.72970 15.299 0.003
2396.57734 15.298 0.003
2396.58365 15.297 0.003
2396.59455 15.295 0.003
2396.60542 15.299 0.003
2396.61634 15.297 0.003
2396.62717 15.289 0.003
2396.63806 15.298 0.003
2396.65159 15.295 0.003
2396.66249 15.299 0.003
2396.67340 15.303 0.003
2396.68430 15.299 0.003
2396.69517 15.299 0.003
2396.70607 15.297 0.003
2397.59593 15.305 0.003
2397.60684 15.297 0.003
2397.61771 15.303 0.003
2397.62863 15.304 0.003
2397.63953 15.307 0.003
2397.65036 15.302 0.003
2400.57307 15.285 0.003
2400.58397 15.299 0.003
2400.59489 15.302 0.003
2400.60579 15.298 0.003
2400.61670 15.304 0.003
2400.62778 15.290 0.003
2400.63870 15.297 0.003
2400.64959 15.300 0.003
2400.66048 15.302 0.003
2400.67142 15.299 0.003
2401.56325 15.286 0.003
2401.57416 15.285 0.003
2401.58499 15.296 0.003
2401.59590 15.289 0.003
2401.60680 15.292 0.003
2401.61765 15.282 0.003
2401.62896 15.286 0.003
2401.63986 15.282 0.003
2402.61725 15.310 0.003
2402.62812 15.308 0.003
2402.63904 15.306 0.003
2402.64991 15.303 0.003
2402.66078 15.304 0.003
2403.55082 15.290 0.003
2403.56175 15.289 0.003
2403.57260 15.291 0.003
2403.58350 15.293 0.003
2403.59442 15.290 0.003
2403.60530 15.291 0.003
2404.53490 15.287 0.003
2404.54582 15.290 0.003
2404.55670 15.284 0.003
2404.56760 15.288 0.003
2404.57853 15.297 0.003
2404.58943 15.294 0.003
2404.60363 15.293 0.003
2404.61456 15.296 0.003
2404.62547 15.292 0.003
2404.63639 15.293 0.003
2404.64731 15.292 0.003
2405.53436 15.302 0.003
2405.55169 15.292 0.003
2405.56255 15.295 0.003
2405.57346 15.301 0.003
2405.58436 15.298 0.003
2405.59525 15.303 0.003
2405.60614 15.312 0.003
2406.52452 15.286 0.003
2406.53540 15.291 0.003
2406.54623 15.298 0.003
2406.55714 15.296 0.003
2406.56806 15.294 0.003
2406.57896 15.293 0.003
2406.59798 15.292 0.003
2406.61448 15.295 0.003
2411.52015 15.300 0.003
2411.53106 15.295 0.003
2411.54198 15.298 0.003
2411.55289 15.299 0.003
2411.56378 15.289 0.003
2411.57472 15.295 0.003
2411.58746 15.297 0.003
2411.59834 15.288 0.003
2411.60925 15.300 0.003
2411.62014 15.293 0.003
2413.52198 15.341 0.003
2413.53291 15.337 0.003
2413.54385 15.334 0.003
2413.55471 15.326 0.003
2413.56561 15.328 0.003
2413.57651 15.322 0.003
2414.49810 15.284 0.003
2414.51073 15.286 0.003
2414.52162 15.293 0.003
2414.53251 15.291 0.003
2414.54337 15.292 0.003
2414.55431 15.287 0.003
2414.56517 15.289 0.003
2415.50572 15.303 0.003
2415.51660 15.302 0.004
2415.52751 15.296 0.003
2415.54931 15.303 0.003
2415.56024 15.304 0.003
2417.51872 15.287 0.003
2417.52960 15.291 0.003
2417.54049 15.291 0.003
2417.55133 15.289 0.003
2417.56221 15.292 0.003
2417.57312 15.293 0.003
2425.51833 15.293 0.003
2428.56398 15.307 0.003
2433.46895 15.298 0.003
2433.47983 15.298 0.003
2433.49069 15.303 0.003
2433.50157 15.295 0.003
2433.51250 15.297 0.003
2433.52341 15.296 0.003
2433.53470 15.300 0.003
2433.54560 15.303 0.003
2437.50444 15.288 0.003
2625.83064 15.292 0.003
2672.83866 15.283 0.003
2672.84875 15.290 0.003
2672.85890 15.295 0.003
2673.83040 15.290 0.003
2673.84048 15.299 0.003
2673.85056 15.295 0.003
2673.86189 15.294 0.003
2673.86994 15.296 0.003
2674.83871 15.347 0.003
2674.84879 15.347 0.003
2674.85887 15.344 0.003
2674.86895 15.343 0.003
2675.85300 15.292 0.003
2675.86809 15.294 0.003
2676.84843 15.290 0.003
2676.85848 15.293 0.003
2677.84622 15.295 0.003
2677.85633 15.306 0.003
2677.86645 15.310 0.003
2678.85974 15.288 0.003
2678.86989 15.293 0.003
2678.87999 15.291 0.003
2679.85217 15.298 0.003
2679.86228 15.299 0.003
2679.87253 15.302 0.003
2681.77535 15.293 0.003
2681.77867 15.296 0.003
2681.78199 15.292 0.003
2681.78530 15.297 0.003
2681.79192 15.294 0.003
2681.79525 15.290 0.003
2681.79856 15.292 0.003
2681.80188 15.292 0.003
2681.80521 15.295 0.003
2681.80852 15.297 0.003
2681.81183 15.297 0.003
2681.81764 15.293 0.003
2681.82195 15.293 0.003
2681.82526 15.294 0.003
2681.82857 15.293 0.003
2681.83191 15.289 0.003
2681.83549 15.297 0.013
2681.83882 15.297 0.013
2681.84215 15.299 0.013
2681.85022 15.301 0.003
2681.85356 15.290 0.003
2681.85688 15.295 0.003
2681.86021 15.297 0.003
2681.86354 15.298 0.003
2681.86686 15.293 0.003
2681.87018 15.298 0.003
2681.87349 15.293 0.003
3026.84984 15.296 0.003
3026.86050 15.298 0.003
3026.87119 15.300 0.003
3028.83006 15.311 0.003
3028.84072 15.305 0.003
3028.85143 15.297 0.003
3028.86216 15.292 0.003
3028.87285 15.302 0.003
3029.84520 15.298 0.003
3029.85589 15.303 0.003
3029.86655 15.298 0.003
3029.87723 15.298 0.003
3030.79923 15.291 0.003
3030.80993 15.290 0.003
3030.82061 15.285 0.003
3030.83131 15.296 0.003
3030.84205 15.291 0.003
3030.85792 15.281 0.003
3030.86859 15.290 0.003
3031.83680 15.302 0.003
3031.84753 15.305 0.003
3031.85825 15.300 0.003
3031.86895 15.285 0.003
3031.87965 15.300 0.003
3032.80431 15.304 0.003
3032.81500 15.300 0.003
3032.82571 15.303 0.003
3032.83640 15.306 0.003
3032.84709 15.296 0.003
3032.86304 15.303 0.003
3032.87371 15.302 0.003
3032.88439 15.300 0.003
3033.84028 15.294 0.003
3033.85137 15.294 0.003
3033.86207 15.298 0.003
3033.87688 15.291 0.003
3034.85778 15.309 0.003
3035.85117 15.302 0.003
3035.86181 15.292 0.003
3035.87251 15.297 0.003
3035.88320 15.296 0.003
3036.85053 15.294 0.003
3036.86125 15.293 0.003
3036.87197 15.301 0.003
3036.88266 15.278 0.003
3038.80806 15.290 0.003
3040.76057 15.293 0.003
3040.77122 15.298 0.003
3040.78190 15.301 0.003
3040.79281 15.302 0.003
3040.80348 15.303 0.003
3040.81413 15.295 0.003
3040.82529 15.299 0.003
3040.83597 15.309 0.003
3040.84663 15.298 0.003
3040.85761 15.297 0.003
3040.86829 15.303 0.003
3041.82023 15.282 0.003
3041.83090 15.288 0.003
3041.84160 15.282 0.003
3042.81170 15.292 0.003
3042.82235 15.297 0.003
3042.83304 15.297 0.003
3042.84407 15.296 0.003
3043.77699 15.303 0.003
3043.79456 15.307 0.003
3043.80525 15.298 0.003
3043.81591 15.297 0.003
3043.82696 15.306 0.003
3043.83762 15.296 0.003
3043.84831 15.296 0.003
3044.78779 15.301 0.003
3044.79846 15.304 0.003
3044.80918 15.294 0.003
3044.82033 15.304 0.003
3044.83102 15.297 0.003
3044.84170 15.306 0.003
3045.80232 15.319 0.003
3045.81301 15.308 0.003
3045.82368 15.300 0.003
3045.83747 15.306 0.003
3045.84814 15.298 0.003
3046.79703 15.295 0.003
3046.80776 15.295 0.003
3046.81843 15.302 0.003
3046.83011 15.299 0.003
3047.78317 15.292 0.003
3047.79389 15.294 0.003
3047.80457 15.296 0.003
3047.81552 15.287 0.003
3047.82619 15.289 0.003
3047.83691 15.291 0.003
3048.78270 15.305 0.003
3048.79340 15.320 0.003
3048.80409 15.327 0.003
3048.80934 15.329 0.003
3048.82004 15.339 0.003
3048.83074 15.338 0.003
3048.84322 15.337 0.003
3049.77294 15.296 0.003
3049.78365 15.290 0.003
3049.79433 15.276 0.003
3049.79837 15.292 0.003
3049.80901 15.302 0.003
3049.81972 15.293 0.003
3049.83074 15.298 0.003
3050.75641 15.304 0.003
3050.76710 15.299 0.003
3050.77777 15.303 0.003
3050.78894 15.307 0.003
3050.79965 15.297 0.003
3050.81037 15.305 0.003
3050.82125 15.294 0.003
3050.83197 15.297 0.003
3051.73481 15.298 0.003
3051.74549 15.311 0.003
3051.75617 15.306 0.003
3051.76719 15.306 0.003
3051.77784 15.310 0.003
3051.78850 15.310 0.003
3051.79952 15.301 0.003
3051.81019 15.317 0.003
3051.82091 15.302 0.003
3051.83239 15.310 0.003
3052.74563 15.300 0.003
3052.75868 15.299 0.003
3052.76937 15.297 0.003
3052.78005 15.291 0.003
3052.78403 15.294 0.003
3052.79473 15.298 0.003
3052.80540 15.293 0.003
3052.81657 15.297 0.003
3052.82769 15.294 0.003
3053.71539 15.309 0.003
3053.72607 15.310 0.003
3053.73676 15.310 0.003
3053.74774 15.312 0.003
3053.75922 15.307 0.003
3053.76987 15.307 0.003
3053.78054 15.305 0.003
3053.79215 15.292 0.003
3053.80285 15.310 0.003
3053.81349 15.304 0.003
3054.75153 15.300 0.003
3054.76225 15.296 0.003
3054.77295 15.300 0.003
3054.77709 15.293 0.003
3054.78781 15.300 0.003
3054.79847 15.308 0.003
3054.80937 15.302 0.003
3054.82010 15.303 0.003
3054.83074 15.303 0.003
3055.72901 15.296 0.003
3055.73974 15.291 0.003
3055.75043 15.295 0.003
3055.76139 15.297 0.003
3055.77205 15.300 0.003
3055.78281 15.297 0.003
3055.79367 15.295 0.003
3055.80437 15.292 0.003
3055.81502 15.289 0.003
3055.82629 15.300 0.003
3056.75566 15.315 0.003
3056.75965 15.308 0.003
3056.77036 15.303 0.003
3056.78102 15.307 0.003
3056.78508 15.304 0.003
3056.79578 15.305 0.003
3056.80648 15.308 0.003
3056.81820 15.308 0.003
3057.76492 15.300 0.003
3057.77667 15.294 0.003
3057.78737 15.293 0.003
3057.79802 15.304 0.003
3057.80921 15.299 0.003
3058.72165 15.301 0.003
3058.73231 15.293 0.003
3058.74301 15.301 0.003
3058.75388 15.295 0.003
3058.76456 15.296 0.003
3058.77524 15.301 0.003
3058.78681 15.296 0.003
3058.79750 15.295 0.003
3058.80820 15.285 0.003
3059.75554 15.316 0.003
3059.76699 15.332 0.003
3059.77771 15.337 0.003
3059.78841 15.348 0.003
3059.79941 15.343 0.003
3059.81011 15.348 0.003
3060.74464 15.294 0.003
3060.75535 15.296 0.003
3060.76067 15.289 0.003
3060.77135 15.299 0.003
3060.78206 15.296 0.003
3060.79303 15.297 0.003
3060.80369 15.300 0.003
3060.81433 15.300 0.003
3061.67044 15.303 0.003
3061.68112 15.299 0.003
3061.69179 15.302 0.003
3061.70267 15.305 0.003
3061.71338 15.303 0.003
3061.72404 15.302 0.003
3061.73721 15.293 0.003
3061.74790 15.295 0.003
3061.75861 15.290 0.003
3061.76954 15.294 0.003
3061.78024 15.303 0.003
3061.79092 15.298 0.003
3061.80121 15.291 0.003
3061.82615 15.296 0.003
3062.62094 15.333 0.003
3062.63165 15.320 0.003
3062.64235 15.310 0.003
3062.65322 15.313 0.003
3062.66388 15.314 0.003
3062.67455 15.315 0.003
3062.68563 15.288 0.003
3062.70700 15.308 0.003
3062.72075 15.293 0.003
3062.73142 15.294 0.003
3062.74212 15.317 0.003
3062.75314 15.309 0.003
3062.76383 15.298 0.003
3062.77450 15.298 0.003
3062.78684 15.298 0.003
3062.79754 15.299 0.003
3063.67715 15.306 0.003
3063.69360 15.291 0.003
3063.70430 15.298 0.003
3063.71500 15.301 0.003
3063.72597 15.293 0.003
3063.73664 15.283 0.003
3064.68289 15.314 0.003
3064.69361 15.299 0.003
3064.70426 15.307 0.003
3064.71597 15.317 0.003
3064.72668 15.314 0.003
3064.73736 15.311 0.003
3064.74904 15.305 0.003
3064.75972 15.304 0.003
3064.77041 15.303 0.003
3064.78130 15.306 0.003
3064.79197 15.297 0.003
3064.80268 15.293 0.003
3066.72865 15.293 0.003
3066.73933 15.295 0.003
3066.75004 15.296 0.003
3066.76163 15.300 0.003
3066.77234 15.298 0.003
3066.78304 15.295 0.003
3067.71044 15.313 0.003
3067.72112 15.312 0.003
3067.73179 15.307 0.003
3067.74264 15.304 0.003
3067.75328 15.313 0.003
3067.76398 15.307 0.003
3067.77502 15.302 0.003
3068.71100 15.297 0.003
3068.72171 15.306 0.003
3068.73241 15.303 0.003
3068.74322 15.300 0.003
3068.75392 15.308 0.003
3068.76462 15.302 0.003
3068.77631 15.297 0.003
3069.71143 15.297 0.003
3069.72208 15.295 0.003
3069.73274 15.293 0.003
3069.74350 15.305 0.003
3069.75421 15.303 0.003
3069.76490 15.300 0.003
3069.77598 15.321 0.003
3069.78669 15.303 0.003
3069.79740 15.302 0.003
3070.70301 15.324 0.003
3070.71368 15.320 0.003
3070.72439 15.335 0.003
3070.73580 15.344 0.003
3070.74650 15.346 0.003
3070.75722 15.347 0.003
3070.76864 15.356 0.003
3071.68713 15.295 0.003
3071.69785 15.307 0.003
3071.70857 15.304 0.003
3071.71967 15.303 0.003
3071.73038 15.304 0.003
3071.74104 15.299 0.003
3071.75680 15.302 0.003
3071.76746 15.308 0.003
3072.71593 15.291 0.003
3072.72660 15.313 0.003
3072.73731 15.298 0.003
3072.74868 15.314 0.003
3072.76447 15.309 0.003
3073.71714 15.304 0.003
3073.72780 15.304 0.003
3073.73847 15.304 0.003
3073.75468 15.304 0.003
3073.76532 15.301 0.003
3073.77604 15.302 0.003
3074.69996 15.293 0.003
3074.71062 15.290 0.003
3074.72130 15.294 0.003
3074.73241 15.298 0.003
3074.74313 15.296 0.003
3074.75381 15.293 0.003
3075.70414 15.305 0.003
3075.71487 15.304 0.003
3075.72556 15.303 0.003
3075.73649 15.302 0.003
3075.74716 15.303 0.003
3075.75788 15.299 0.003
3076.71725 15.303 0.003
3076.72799 15.301 0.003
3076.73871 15.302 0.003
3076.74983 15.308 0.003
3077.68566 15.303 0.003
3077.69633 15.294 0.003
3077.70768 15.296 0.003
3077.71883 15.306 0.003
3077.72956 15.290 0.003
3077.74075 15.289 0.003
3077.75142 15.300 0.003
3077.76212 15.302 0.003
3379.85229 15.296 0.003
3379.86301 15.293 0.003
3380.80118 15.321 0.003
3380.81694 15.307 0.003
3380.82761 15.306 0.003
3380.83832 15.299 0.003
3380.84948 15.291 0.003
3380.86019 15.305 0.003
3380.87088 15.304 0.003
3381.83515 15.302 0.003
3381.84586 15.306 0.003
3381.85661 15.304 0.003
3381.86758 15.299 0.003
3382.78825 15.303 0.003
3382.79892 15.292 0.003
3382.80961 15.293 0.003
3382.82068 15.293 0.003
3382.83136 15.291 0.003
3382.84201 15.288 0.003
3382.85293 15.287 0.003
3382.86363 15.288 0.003
3382.87428 15.290 0.003
3384.79815 15.295 0.003
3385.85765 15.294 0.003
3385.86832 15.304 0.003
3385.87897 15.301 0.003
3386.82965 15.329 0.003
3386.84029 15.336 0.003
3386.85102 15.341 0.003
3386.86202 15.352 0.003
3386.87273 15.345 0.003
3387.81370 15.288 0.003
3387.82440 15.286 0.003
3387.83508 15.295 0.003
3387.84603 15.303 0.003
3387.85677 15.301 0.003
3387.86741 15.291 0.003
3388.82182 15.305 0.003
3388.83250 15.300 0.003
3388.84317 15.301 0.003
3388.85429 15.297 0.003
3388.86493 15.305 0.003
3388.87562 15.296 0.003
3389.81336 15.302 0.003
3389.82402 15.296 0.003
3389.83469 15.295 0.003
3389.84559 15.303 0.003
3389.85626 15.307 0.003
3389.86691 15.307 0.003
3389.87779 15.304 0.003
3390.81722 15.293 0.003
3390.82792 15.290 0.003
3390.83862 15.297 0.003
3390.84953 15.287 0.003
3390.86026 15.293 0.003
3390.87097 15.287 0.003
3391.80982 15.302 0.003
3391.82491 15.312 0.003
3391.83563 15.303 0.003
3391.84631 15.306 0.003
3391.86140 15.296 0.003
3391.87210 15.296 0.003
3392.79871 15.309 0.003
3392.80940 15.298 0.003
3392.82752 15.298 0.003
3392.83421 15.301 0.003
3392.84583 15.294 0.003
3392.85654 15.293 0.003
3392.86720 15.299 0.003
3393.77491 15.297 0.003
3393.78563 15.298 0.003
3393.79631 15.297 0.003
3393.80720 15.295 0.003
3393.81787 15.300 0.003
3393.82856 15.301 0.003
3393.83944 15.297 0.003
3393.85012 15.292 0.003
3393.86086 15.288 0.003
3394.86746 15.293 0.003
3394.87817 15.301 0.003
3395.85369 15.303 0.003
3395.86434 15.308 0.003
3395.87507 15.302 0.003
3396.85691 15.299 0.003
3396.86760 15.289 0.003
3396.87832 15.283 0.003
3397.85085 15.349 0.003
3397.87901 15.331 0.003
3398.85876 15.301 0.003
3398.86943 15.301 0.003
3398.88013 15.295 0.003
3399.85101 15.302 0.003
3399.86172 15.304 0.003
3399.87775 15.293 0.003
3400.82546 15.311 0.003
3400.83621 15.312 0.003
3400.85089 15.307 0.003
3400.86161 15.322 0.003
3400.87230 15.304 0.003
3402.88140 15.311 0.003
3404.71832 15.296 0.003
3410.77309 15.305 0.003
3410.78788 15.301 0.003
3410.80264 15.296 0.003
3410.83743 15.296 0.003
3410.87490 15.303 0.003
3422.66900 15.298 0.003
3422.69891 15.291 0.003
3422.73376 15.293 0.003
3422.75351 15.295 0.003
3422.77268 15.301 0.003
3422.79186 15.298 0.003
3422.80716 15.313 0.003
3422.82200 15.321 0.003
3422.83689 15.325 0.003
3470.48018 15.304 0.003
3470.48936 15.293 0.003
3470.49860 15.305 0.003
3470.50780 15.296 0.003
3470.52348 15.305 0.003
3470.53328 15.295 0.003
3470.54279 15.303 0.003
3470.55193 15.287 0.003
3470.56114 15.301 0.003
3470.57032 15.290 0.003
3470.57952 15.285 0.003
3470.58868 15.290 0.003
3470.59797 15.287 0.003
3470.60716 15.293 0.003
3470.61637 15.285 0.003
3470.62553 15.292 0.003
3470.63473 15.299 0.003
3470.64387 15.289 0.003
3470.65356 15.290 0.003
3470.66841 15.293 0.003
3470.68325 15.288 0.003
3470.69812 15.284 0.003
3470.71296 15.297 0.003
3470.72783 15.286 0.003
3474.50533 15.359 0.003
3474.51581 15.339 0.003
3474.52504 15.341 0.003
3474.53186 15.356 0.003
3474.54101 15.348 0.003
3474.55019 15.342 0.003
3474.55938 15.340 0.003
3474.56865 15.344 0.003
3474.57787 15.321 0.003
3474.58733 15.316 0.003
3474.59649 15.314 0.003
3474.60570 15.309 0.003
3474.61489 15.310 0.003
3474.62413 15.301 0.003
3474.63331 15.304 0.003
3474.64257 15.302 0.003
3474.65173 15.305 0.003
3474.66145 15.305 0.003
3474.67629 15.302 0.003
3474.69111 15.315 0.003
3474.70604 15.306 0.003
3474.72147 15.314 0.003
3478.50351 15.296 0.003
3478.51267 15.302 0.003
3478.52190 15.288 0.003
3478.53106 15.293 0.003
3478.54027 15.305 0.003
3478.54948 15.294 0.003
3478.56172 15.300 0.003
3478.57092 15.305 0.003
3478.58016 15.307 0.003
3478.58931 15.302 0.003
3478.59852 15.301 0.003
3478.60768 15.302 0.003
3478.61690 15.303 0.003
3478.62602 15.299 0.003
3478.63524 15.305 0.003
3478.64443 15.291 0.003
3478.65369 15.304 0.003
3478.66279 15.303 0.003
3478.67244 15.300 0.003
3478.68725 15.301 0.003
3478.70208 15.298 0.003
3482.49510 15.314 0.003
3482.51305 15.309 0.003
3482.61554 15.309 0.003
3482.62469 15.300 0.003
3482.63391 15.296 0.003
3482.64310 15.306 0.003
3482.65365 15.297 0.003
3482.66281 15.293 0.003
