3782.81814 16.235 0.007
3783.69150 16.100 0.007
3783.70285 16.080 0.006
3783.71422 16.082 0.006
3783.72560 16.117 0.007
3783.73692 16.124 0.007
3783.74828 16.156 0.007
3783.76207 16.209 0.007
3783.77343 16.257 0.007
3783.78483 16.307 0.008
3783.79885 16.309 0.007
3783.81024 16.272 0.007
3783.82159 16.240 0.007
3783.83295 16.169 0.007
3783.84429 16.117 0.007
3784.67903 16.124 0.007
3784.69036 16.116 0.006
3784.70174 16.081 0.007
3784.71328 16.091 0.007
3784.72460 16.101 0.007
3784.73595 16.119 0.007
3784.74917 16.157 0.007
3784.76051 16.179 0.007
3784.77183 16.230 0.007
3784.78317 16.297 0.007
3784.79574 16.324 0.008
3784.80711 16.298 0.008
3784.81848 16.257 0.007
3784.82987 16.172 0.007
3784.84115 16.130 0.007
3785.65055 16.222 0.007
3785.66195 16.177 0.007
3785.67332 16.151 0.007
3785.68471 16.128 0.007
3785.69606 16.104 0.007
3785.70741 16.075 0.006
3785.71904 16.080 0.007
3785.73045 16.100 0.006
3785.74181 16.127 0.007
3785.75317 16.153 0.007
3785.76508 16.196 0.007
3785.77646 16.256 0.007
3785.78782 16.314 0.008
3785.79919 16.310 0.008
3785.81051 16.281 0.008
3785.82233 16.204 0.007
3785.83380 16.169 0.007
3786.63526 16.268 0.008
3786.64661 16.230 0.008
3786.65797 16.210 0.008
3786.66942 16.174 0.007
3786.68093 16.135 0.007
3786.69231 16.114 0.007
3786.70371 16.091 0.007
3786.71511 16.063 0.007
3786.72648 16.101 0.007
3786.73898 16.107 0.006
3786.75033 16.146 0.007
3786.76169 16.199 0.007
3786.77305 16.230 0.007
3786.78500 16.272 0.007
3786.79640 16.319 0.008
3786.80778 16.283 0.007
3786.81920 16.215 0.008
3786.83056 16.187 0.007
3787.63889 16.260 0.008
3787.65633 16.202 0.008
3787.66798 16.151 0.007
3787.67934 16.153 0.007
3787.69070 16.107 0.007
3787.70204 16.076 0.007
3787.71340 16.069 0.007
3787.72474 16.094 0.007
3787.73686 16.113 0.007
3787.74864 16.136 0.007
3787.75998 16.190 0.007
3787.77132 16.235 0.007
3787.78261 16.271 0.007
3787.79400 16.308 0.008
3787.80647 16.291 0.007
3787.81789 16.247 0.007
3787.82934 16.203 0.007
3788.63609 16.278 0.007
3788.64741 16.239 0.007
3788.65874 16.190 0.007
3788.67549 16.150 0.007
3788.68682 16.124 0.007
3788.69816 16.080 0.006
3788.70955 16.074 0.006
3788.72093 16.081 0.007
3788.73227 16.077 0.006
3788.74393 16.119 0.007
3788.75526 16.169 0.007
3788.76663 16.191 0.007
3788.77988 16.268 0.007
3788.79123 16.322 0.008
3788.80261 16.320 0.008
3788.81396 16.267 0.008
3788.82533 16.216 0.007
3789.64697 16.247 0.007
3789.65832 16.214 0.007
3789.66986 16.154 0.007
3789.68119 16.134 0.006
3789.69251 16.102 0.007
3789.70423 16.063 0.006
3789.71562 16.082 0.006
3789.72699 16.081 0.006
3789.73835 16.099 0.006
3789.74971 16.152 0.007
3789.76110 16.180 0.007
3789.77312 16.239 0.007
3789.78452 16.275 0.007
3789.79590 16.324 0.007
3789.80760 16.291 0.007
3789.81898 16.248 0.007
3789.83036 16.171 0.007
3789.84391 16.142 0.007
3789.85526 16.106 0.007
3789.86665 16.077 0.007
3789.87804 16.045 0.007
3789.89444 16.065 0.007
3789.90579 16.064 0.008
3790.61760 16.211 0.008
3790.62891 16.282 0.008
3790.64023 16.282 0.008
3790.65184 16.220 0.007
3790.66317 16.178 0.007
3790.67450 16.160 0.007
3790.68587 16.106 0.007
3790.69724 16.087 0.007
3790.70854 16.073 0.006
3790.72029 16.072 0.006
3790.73220 16.085 0.006
3790.74354 16.124 0.007
3790.75488 16.144 0.007
3790.76623 16.199 0.007
3790.77759 16.249 0.007
3790.78889 16.303 0.008
3790.80050 16.313 0.008
3790.81187 16.284 0.008
3790.82320 16.221 0.007
3791.62850 16.269 0.008
3791.63988 16.248 0.008
3791.65126 16.238 0.007
3791.66262 16.194 0.007
3791.67399 16.148 0.007
3791.68532 16.130 0.007
3791.69684 16.100 0.007
3791.70829 16.079 0.007
3791.71968 16.088 0.007
3791.73106 16.095 0.007
3791.74240 16.128 0.007
3791.75372 16.160 0.007
3791.76528 16.204 0.008
3791.77663 16.237 0.007
3791.78801 16.300 0.008
3791.79934 16.318 0.008
3791.81175 16.292 0.008
3791.82308 16.235 0.008
3792.61436 16.216 0.008
3792.62568 16.275 0.008
3792.63854 16.290 0.008
3792.64992 16.252 0.007
3792.66131 16.201 0.007
3792.67267 16.164 0.007
3792.68399 16.132 0.007
3792.69565 16.105 0.007
3792.70719 16.091 0.008
3792.71864 16.090 0.007
3792.73003 16.097 0.007
3792.74143 16.125 0.007
3792.75277 16.160 0.007
3792.76414 16.190 0.007
3792.77585 16.222 0.008
3792.78723 16.286 0.007
3792.79859 16.330 0.008
3792.80995 16.313 0.007
3792.82134 16.255 0.006
3792.83270 16.187 0.007
3792.84546 16.147 0.006
3792.85781 16.108 0.006
3793.60814 16.212 0.007
3793.61950 16.239 0.007
3793.63084 16.268 0.007
3793.64253 16.278 0.008
3793.65388 16.233 0.007
3793.66518 16.185 0.007
3793.67654 16.131 0.007
3793.68789 16.126 0.007
3793.69941 16.114 0.006
3793.71078 16.067 0.006
3793.72217 16.072 0.006
3793.73350 16.098 0.007
3793.74486 16.126 0.007
3793.75621 16.146 0.007
3793.76843 16.188 0.007
3793.77981 16.259 0.007
3793.79120 16.309 0.008
3793.80539 16.315 0.007
3793.81672 16.274 0.007
3794.60852 16.175 0.007
3794.61987 16.242 0.008
3794.63126 16.269 0.008
3794.64263 16.235 0.007
3794.65402 16.238 0.007
3794.66538 16.189 0.007
3794.67709 16.140 0.007
3794.68860 16.123 0.006
3794.69997 16.096 0.007
3794.71134 16.076 0.006
3794.72266 16.086 0.006
3794.73447 16.093 0.006
3794.74580 16.121 0.006
3794.75818 16.157 0.007
3794.76957 16.212 0.007
3794.78096 16.255 0.007
3794.79229 16.305 0.007
3794.80365 16.330 0.008
3794.81500 16.293 0.008
3795.60068 16.160 0.008
3795.61205 16.209 0.008
3795.62338 16.268 0.008
3795.63474 16.283 0.009
3795.64610 16.271 0.009
3795.65741 16.237 0.008
3795.66915 16.185 0.007
3795.68051 16.150 0.007
3795.69189 16.130 0.007
3795.70320 16.097 0.007
3795.71458 16.078 0.007
3795.72599 16.081 0.007
3795.74029 16.114 0.007
3795.75167 16.138 0.007
3795.76299 16.181 0.007
3795.77441 16.222 0.007
3795.78577 16.281 0.008
3795.79711 16.322 0.008
3795.80864 16.320 0.008
3796.60808 16.193 0.007
3796.61943 16.229 0.007
3796.63078 16.286 0.008
3796.64211 16.282 0.008
3796.65345 16.244 0.007
3796.66482 16.201 0.007
3796.67658 16.160 0.007
3796.68812 16.116 0.006
3796.69951 16.116 0.007
3796.71086 16.082 0.007
3796.72336 16.093 0.007
3796.73470 16.106 0.007
3796.74608 16.122 0.007
3796.75748 16.151 0.007
3796.76881 16.195 0.007
3796.78017 16.263 0.007
3796.79192 16.306 0.007
3796.80326 16.315 0.007
3796.81458 16.288 0.007
3797.60042 16.167 0.007
3797.61178 16.196 0.007
3797.62310 16.238 0.007
3797.63441 16.269 0.007
3797.64574 16.257 0.007
3797.65712 16.213 0.007
3797.66892 16.174 0.007
3797.68029 16.145 0.007
3797.69167 16.110 0.006
3797.70300 16.075 0.006
3797.71432 16.077 0.006
3797.72571 16.056 0.006
3797.73753 16.089 0.006
3797.74886 16.116 0.007
3797.76022 16.169 0.007
3797.77151 16.213 0.007
3797.78283 16.253 0.008
3797.79420 16.293 0.008
3798.60113 16.154 0.007
3798.61250 16.191 0.007
3798.62382 16.250 0.007
3798.63518 16.282 0.007
3798.64652 16.271 0.007
3798.65790 16.232 0.007
3798.66953 16.190 0.007
3798.68093 16.140 0.007
3798.69231 16.117 0.007
3798.70365 16.083 0.006
3798.71503 16.083 0.006
3798.72636 16.086 0.006
3798.73792 16.113 0.006
3798.74931 16.121 0.006
3798.76067 16.166 0.006
3798.77200 16.215 0.007
3798.78340 16.253 0.007
3799.64323 16.260 0.009
3799.65457 16.262 0.008
3799.66592 16.195 0.008
3799.67727 16.162 0.007
3799.68863 16.132 0.007
3799.69995 16.097 0.007
3799.71127 16.073 0.007
3799.72297 16.086 0.008
3799.73430 16.091 0.007
3799.74563 16.115 0.007
3799.75701 16.156 0.007
3799.76837 16.191 0.007
3799.77971 16.240 0.008
3800.59673 16.134 0.007
3800.60811 16.181 0.008
3800.61949 16.247 0.008
3800.63085 16.280 0.008
3800.65688 16.237 0.009
3800.66889 16.200 0.008
3800.68052 16.167 0.007
3800.69233 16.119 0.007
3800.70385 16.073 0.008
3800.71545 16.079 0.007
3800.72747 16.090 0.007
3800.73978 16.110 0.007
3800.75114 16.134 0.007
3800.76251 16.178 0.007
3800.77389 16.215 0.008
3800.78524 16.277 0.008
3800.79657 16.341 0.010
3801.58625 16.112 0.007
3801.59761 16.136 0.007
3801.60896 16.177 0.007
3801.62032 16.230 0.007
3801.63169 16.264 0.007
3801.64305 16.273 0.007
3801.65480 16.239 0.007
3801.66617 16.184 0.007
3801.67752 16.160 0.007
3801.68882 16.122 0.007
3801.70020 16.090 0.007
3801.71155 16.070 0.006
3801.72321 16.081 0.006
3801.73461 16.098 0.007
3801.74599 16.117 0.007
3801.75740 16.147 0.007
3801.76880 16.174 0.007
3801.78017 16.238 0.007
3802.59036 16.121 0.008
3802.60171 16.134 0.007
3802.61308 16.164 0.008
3802.62448 16.250 0.008
3802.63586 16.281 0.008
3802.64720 16.264 0.007
3802.65876 16.249 0.007
3802.67007 16.208 0.007
3802.68144 16.149 0.007
3802.69275 16.117 0.007
3802.70412 16.085 0.006
3802.71546 16.077 0.006
3802.72708 16.085 0.007
3802.73847 16.093 0.006
3802.74976 16.127 0.007
3802.76112 16.162 0.007
3802.77245 16.200 0.007
3802.78459 16.259 0.007
3803.58432 16.099 0.007
3803.59564 16.122 0.007
3803.60702 16.159 0.007
3803.61841 16.211 0.008
3803.62985 16.249 0.008
3803.64120 16.285 0.008
3803.65280 16.252 0.008
3803.66414 16.231 0.008
3803.67551 16.166 0.007
3803.68688 16.115 0.007
3803.69823 16.093 0.007
3803.70959 16.071 0.007
3803.72125 16.064 0.007
3803.73265 16.075 0.007
3803.74397 16.103 0.007
3803.75536 16.145 0.007
3803.76673 16.159 0.007
3803.77808 16.220 0.007
3804.58373 16.091 0.009
3804.59510 16.100 0.009
3804.60643 16.145 0.008
3804.61777 16.205 0.009
3804.62922 16.253 0.009
3804.64054 16.291 0.009
3804.65366 16.222 0.010
3804.66503 16.197 0.008
3804.67640 16.167 0.008
3804.68782 16.141 0.007
3804.69919 16.105 0.007
3804.71052 16.097 0.007
3804.73807 16.088 0.006
3804.74953 16.129 0.007
3804.76092 16.158 0.007
3804.77226 16.186 0.007
3805.58080 16.087 0.007
3805.59219 16.114 0.008
3805.60350 16.143 0.007
3805.61482 16.202 0.007
3805.62620 16.242 0.007
3805.63752 16.287 0.007
3805.64914 16.266 0.007
3805.66046 16.212 0.007
3805.67188 16.186 0.006
3805.68328 16.142 0.006
3805.69458 16.118 0.006
3805.70596 16.085 0.006
3805.71790 16.085 0.006
3805.72926 16.079 0.007
3805.74063 16.105 0.007
3805.75202 16.138 0.007
3805.76341 16.173 0.007
3805.77480 16.195 0.008
3806.58648 16.116 0.008
3806.59788 16.123 0.008
3806.60925 16.171 0.007
3806.62058 16.229 0.007
3806.63194 16.267 0.007
3806.64332 16.288 0.008
3806.65469 16.246 0.007
3806.67093 16.194 0.007
3806.68233 16.158 0.007
3806.69371 16.114 0.007
3806.70507 16.089 0.006
3806.71641 16.087 0.007
3806.72783 16.072 0.007
3806.73959 16.104 0.007
3806.75094 16.124 0.008
3806.76233 16.151 0.007
3807.56910 16.059 0.009
3807.58045 16.092 0.009
3807.59660 16.143 0.008
3807.60796 16.153 0.008
3807.61932 16.229 0.008
3807.63072 16.268 0.009
3807.64207 16.290 0.010
3807.65341 16.262 0.009
3807.66502 16.217 0.009
3807.67634 16.183 0.008
3807.68769 16.143 0.007
3807.69904 16.113 0.007
3807.71041 16.077 0.007
3807.72178 16.074 0.007
3807.73342 16.081 0.007
3807.74479 16.128 0.009
3807.75611 16.148 0.008
3807.76746 16.177 0.008
3808.56443 16.061 0.008
3808.57581 16.084 0.008
3808.58716 16.104 0.007
3808.59853 16.136 0.007
3808.60997 16.180 0.008
3808.62133 16.214 0.008
3808.63769 16.284 0.008
3808.64906 16.271 0.008
3808.66046 16.230 0.007
3808.67185 16.191 0.007
3808.67511 16.173 0.007
3808.68648 16.137 0.007
3808.69782 16.113 0.007
3808.70913 16.091 0.007
3808.72045 16.054 0.007
3808.73186 16.078 0.007
3808.74322 16.120 0.008
3809.56742 16.057 0.008
3809.57886 16.081 0.008
3809.59026 16.095 0.008
3809.60164 16.161 0.008
3809.61298 16.192 0.008
3809.62435 16.248 0.008
3809.63595 16.277 0.009
3809.64727 16.275 0.009
3809.65862 16.238 0.008
3809.66998 16.208 0.008
3809.68137 16.160 0.008
3809.69270 16.107 0.007
3809.70430 16.087 0.008
3809.71567 16.089 0.008
3809.72702 16.096 0.008
3809.73839 16.101 0.007
3809.74978 16.111 0.007
3809.76113 16.138 0.007
3810.57258 16.045 0.008
3810.58386 16.083 0.008
3810.59525 16.110 0.008
3810.60659 16.152 0.008
3810.61794 16.214 0.008
3810.62932 16.247 0.009
3810.64177 16.266 0.009
3810.65316 16.261 0.009
3810.66449 16.221 0.008
3810.67587 16.174 0.007
3810.68723 16.136 0.008
3810.69855 16.129 0.007
3810.71010 16.084 0.007
3810.72155 16.090 0.007
3810.73288 16.091 0.007
3810.74424 16.110 0.007
3810.75558 16.148 0.007
3811.55905 16.076 0.008
3811.57040 16.074 0.008
3811.58181 16.069 0.007
3811.59317 16.088 0.007
3811.60449 16.167 0.008
3811.61590 16.194 0.008
3811.62977 16.240 0.008
3811.64115 16.289 0.008
3811.65248 16.295 0.009
3811.66390 16.235 0.009
3811.67529 16.183 0.008
3811.68665 16.144 0.008
3811.69820 16.128 0.008
3811.70954 16.096 0.008
3811.72088 16.086 0.007
3811.73228 16.079 0.007
3811.74366 16.110 0.008
3811.75546 16.131 0.007
3812.55956 16.046 0.007
3812.57088 16.071 0.007
3812.58226 16.066 0.007
3812.59363 16.100 0.007
3812.60498 16.146 0.007
3812.61632 16.193 0.007
3812.62780 16.243 0.007
3812.63919 16.273 0.008
3812.65054 16.282 0.008
3812.66188 16.247 0.008
3812.67326 16.206 0.008
3812.68463 16.157 0.007
3812.69624 16.129 0.007
3812.70764 16.094 0.007
3812.71905 16.084 0.007
3812.73047 16.085 0.007
3812.74182 16.101 0.007
3812.75319 16.122 0.007
3813.55786 16.062 0.007
3813.56926 16.061 0.007
3813.58062 16.066 0.007
3813.59197 16.102 0.007
3813.60335 16.137 0.007
3813.61465 16.171 0.007
3813.62626 16.222 0.007
3813.63758 16.276 0.007
3813.64893 16.291 0.007
3813.66030 16.252 0.007
3813.67167 16.209 0.007
3813.68297 16.172 0.007
3813.69458 16.129 0.006
3813.70593 16.099 0.006
3813.71730 16.086 0.006
3813.72864 16.072 0.006
3813.73999 16.097 0.007
3813.75136 16.122 0.007
3814.55110 16.055 0.007
3814.56245 16.070 0.007
3814.57379 16.077 0.007
3814.58514 16.081 0.007
3814.59650 16.115 0.007
3814.60785 16.137 0.007
3814.62849 16.208 0.007
3814.63981 16.271 0.008
3814.65118 16.272 0.008
3814.66261 16.242 0.008
3814.67400 16.190 0.008
3814.68534 16.167 0.008
3814.69686 16.140 0.008
3814.70821 16.118 0.007
3814.71953 16.087 0.007
3814.73089 16.079 0.007
3814.74224 16.091 0.007
3815.54910 16.083 0.007
3815.56044 16.071 0.007
3815.57179 16.057 0.007
3815.58312 16.070 0.007
3815.59451 16.102 0.007
3815.60584 16.139 0.007
3815.61746 16.172 0.007
3815.62877 16.242 0.007
3815.64009 16.264 0.008
3815.65143 16.279 0.008
3815.66280 16.231 0.007
3815.67414 16.187 0.007
3815.68582 16.157 0.007
3815.69716 16.134 0.007
3815.70849 16.099 0.006
3815.71982 16.079 0.006
3815.73119 16.096 0.006
3815.74260 16.099 0.007
3816.55044 16.079 0.007
3816.56181 16.089 0.007
3816.57320 16.067 0.007
3816.58458 16.085 0.007
3816.59590 16.109 0.007
3816.60725 16.154 0.008
3816.61914 16.191 0.008
3816.63048 16.252 0.008
3816.64179 16.288 0.008
3816.65313 16.263 0.008
3816.66450 16.231 0.008
3816.67589 16.190 0.007
3816.68746 16.151 0.007
3816.69884 16.118 0.007
3816.71017 16.099 0.007
3816.72154 16.090 0.007
3816.73289 16.098 0.007
3816.74430 16.122 0.007
3816.75588 16.142 0.007
3816.76724 16.160 0.007
3816.77855 16.205 0.007
3816.78993 16.262 0.007
3816.80133 16.325 0.008
3816.84014 16.206 0.007
3816.85150 16.182 0.008
3816.86337 16.150 0.008
3816.87506 16.100 0.007
3817.54874 16.050 0.008
3817.56266 16.072 0.008
3817.57881 16.055 0.007
3817.59047 16.111 0.007
3817.60175 16.139 0.007
3817.61313 16.166 0.007
3817.62477 16.209 0.008
3817.63615 16.254 0.008
3817.64754 16.288 0.008
3817.65916 16.250 0.007
3817.67056 16.211 0.007
3817.68197 16.163 0.007
3817.69365 16.141 0.007
3817.70501 16.101 0.007
3817.71635 16.078 0.006
3817.72906 16.092 0.006
3817.74047 16.099 0.006
3817.75187 16.111 0.006
3817.76410 16.143 0.006
3817.77570 16.186 0.007
3817.78728 16.241 0.007
3818.55012 16.075 0.008
3818.56190 16.048 0.007
3818.57362 16.074 0.007
3818.58551 16.084 0.007
3818.59688 16.111 0.007
3818.60829 16.138 0.007
3818.61965 16.186 0.007
3818.63104 16.229 0.007
3818.64235 16.285 0.008
3818.65493 16.265 0.008
3818.66630 16.241 0.007
3818.67766 16.192 0.007
3818.68903 16.160 0.007
3818.70040 16.135 0.006
3818.71184 16.081 0.006
3818.72351 16.076 0.006
3818.73512 16.091 0.006
3818.74688 16.111 0.006
3819.53919 16.111 0.007
3819.55097 16.099 0.007
3819.56526 16.080 0.007
3819.57712 16.072 0.007
3819.58846 16.102 0.006
3819.59986 16.123 0.006
3819.61124 16.157 0.007
3819.62258 16.204 0.007
3819.63390 16.224 0.007
3819.64624 16.272 0.007
3819.65756 16.254 0.007
3819.66891 16.207 0.007
3819.68027 16.181 0.007
3819.69169 16.138 0.006
3819.70303 16.118 0.006
3819.71478 16.093 0.006
3819.72616 16.086 0.006
3819.73791 16.087 0.006
3819.74978 16.122 0.006
3820.54068 16.107 0.007
3820.55238 16.068 0.007
3820.56410 16.077 0.007
3820.57544 16.072 0.007
3820.58674 16.077 0.007
3820.59810 16.097 0.007
3820.60946 16.140 0.007
3820.62085 16.167 0.007
3820.63258 16.235 0.007
3820.64396 16.266 0.008
3820.65531 16.273 0.007
3820.66667 16.236 0.007
3820.67805 16.189 0.007
3820.68942 16.156 0.007
3820.70155 16.136 0.007
3820.71289 16.107 0.006
3820.72424 16.085 0.006
3820.73560 16.100 0.006
3821.53099 16.125 0.007
3821.54927 16.090 0.006
3821.56108 16.074 0.006
3821.57245 16.055 0.006
3821.58383 16.064 0.006
3821.59560 16.105 0.006
3821.60698 16.129 0.006
3821.61832 16.162 0.006
3821.63004 16.218 0.007
3821.64132 16.260 0.007
3821.65264 16.285 0.007
3821.66849 16.228 0.006
3821.67979 16.182 0.006
3821.69114 16.137 0.006
3821.70295 16.116 0.006
3821.71431 16.109 0.006
3821.72562 16.065 0.006
3821.73740 16.076 0.006
3822.54372 16.089 0.007
3822.55553 16.065 0.007
3822.56720 16.048 0.007
3822.57895 16.079 0.007
3822.59099 16.086 0.007
3822.60265 16.109 0.007
3822.61403 16.146 0.007
3822.62541 16.201 0.008
3822.63715 16.266 0.009
3822.65414 16.276 0.009
3822.66589 16.234 0.008
3822.67772 16.197 0.008
3822.68905 16.160 0.007
3822.70039 16.142 0.007
3822.71178 16.097 0.007
3822.72362 16.090 0.007
3822.73495 16.093 0.007
3823.54208 16.086 0.007
3823.55722 16.071 0.007
3823.60751 16.129 0.007
3823.61907 16.160 0.007
3823.63045 16.219 0.007
3823.64181 16.266 0.008
3823.65379 16.275 0.007
3823.66574 16.251 0.007
3823.67824 16.203 0.007
3823.68961 16.159 0.007
3823.70090 16.131 0.007
3823.71225 16.102 0.007
3823.72423 16.081 0.006
3823.73553 16.076 0.006
3824.52915 16.145 0.008
3824.54196 16.106 0.008
3824.55802 16.071 0.007
3824.56973 16.068 0.007
3824.58161 16.043 0.007
3824.59367 16.094 0.007
3824.60549 16.123 0.007
3824.61739 16.160 0.007
3824.62872 16.205 0.007
3824.64005 16.262 0.007
3824.65139 16.272 0.007
3824.66321 16.253 0.007
3824.67459 16.221 0.007
3824.68594 16.176 0.007
3824.69729 16.141 0.007
3824.70916 16.099 0.007
3824.72048 16.097 0.007
3824.73186 16.085 0.007
3825.51446 16.202 0.008
3825.52667 16.167 0.008
3825.53846 16.141 0.007
3825.55010 16.097 0.007
3825.56184 16.073 0.007
3825.57318 16.064 0.007
3825.58482 16.068 0.006
3825.59621 16.090 0.007
3825.60791 16.135 0.008
3825.61929 16.198 0.009
3825.63062 16.228 0.008
3825.64225 16.286 0.008
3825.65363 16.282 0.007
3825.66500 16.263 0.008
3825.67765 16.196 0.008
3825.68901 16.166 0.008
3825.76732 16.146 0.008
3826.52409 16.168 0.008
3826.53655 16.128 0.008
3826.54838 16.096 0.007
3826.56022 16.083 0.007
3826.57161 16.076 0.007
3826.58301 16.071 0.007
3826.59437 16.103 0.007
3826.60603 16.104 0.008
3826.61743 16.157 0.007
3826.62876 16.224 0.007
3826.64011 16.256 0.007
3826.65206 16.289 0.007
3826.66342 16.252 0.007
3826.67476 16.204 0.007
3826.68611 16.191 0.007
3826.69800 16.133 0.007
3826.70943 16.106 0.006
3826.72083 16.087 0.006
3827.61020 16.128 0.008
3827.62226 16.210 0.008
3827.63420 16.256 0.008
3827.64869 16.280 0.008
3827.66001 16.269 0.008
3827.67133 16.263 0.008
3827.68270 16.192 0.008
3827.69440 16.152 0.008
3827.70573 16.122 0.008
3828.52293 16.163 0.009
3828.53459 16.134 0.007
3828.54683 16.098 0.007
3828.55816 16.066 0.007
3828.57016 16.045 0.007
3828.58149 16.080 0.007
3828.59291 16.098 0.007
3828.60429 16.136 0.007
3828.61565 16.158 0.007
3828.62700 16.208 0.007
3828.63958 16.251 0.007
3828.65095 16.277 0.007
3828.66226 16.271 0.007
3828.67364 16.236 0.008
3828.68499 16.191 0.007
3828.69653 16.156 0.008
3828.70784 16.107 0.007
3828.71917 16.096 0.006
3829.52212 16.190 0.007
3829.53601 16.126 0.007
3829.54795 16.110 0.007
3829.55933 16.093 0.007
3829.57206 16.060 0.006
3829.58346 16.057 0.006
3829.59476 16.087 0.006
3829.60613 16.117 0.007
3829.61747 16.163 0.007
3829.62884 16.203 0.007
3829.64052 16.246 0.007
3829.65188 16.280 0.007
3829.66326 16.237 0.007
3829.67461 16.217 0.007
3829.68607 16.179 0.007
3829.69740 16.146 0.006
3829.71411 16.101 0.006
3830.51193 16.246 0.009
3830.52366 16.168 0.008
3830.53532 16.156 0.007
3830.54669 16.110 0.007
3830.55860 16.075 0.007
3830.56988 16.057 0.007
3830.58126 16.063 0.006
3830.59264 16.086 0.007
3830.60405 16.124 0.006
3830.61537 16.148 0.007
3830.62844 16.193 0.007
3830.63981 16.251 0.007
3830.65112 16.287 0.007
3830.66251 16.262 0.007
3830.67391 16.223 0.007
3830.68832 16.165 0.007
3831.52345 16.177 0.007
3831.53524 16.127 0.007
3831.55476 16.082 0.007
3831.56650 16.049 0.006
3831.57851 16.042 0.006
3831.59199 16.083 0.007
3831.60340 16.112 0.007
3831.61475 16.138 0.007
3831.62612 16.198 0.007
3831.63747 16.238 0.007
3831.64887 16.264 0.007
3831.66087 16.263 0.007
3831.67224 16.224 0.007
3831.68365 16.205 0.007
3832.51220 16.208 0.009
3832.52429 16.166 0.008
3832.53790 16.143 0.008
3832.54977 16.107 0.007
3832.56119 16.050 0.007
3832.57257 16.043 0.007
3832.58878 16.081 0.007
3832.60010 16.095 0.007
3832.61144 16.140 0.007
3832.62279 16.157 0.007
3832.63418 16.229 0.008
3832.64558 16.271 0.008
3832.66020 16.268 0.008
3832.67155 16.246 0.008
3832.68289 16.199 0.007
3833.49489 16.332 0.009
3833.50640 16.279 0.009
3833.51961 16.202 0.008
3833.53197 16.156 0.007
3833.54331 16.112 0.007
3833.55499 16.079 0.007
3833.56634 16.063 0.007
3833.57772 16.059 0.007
3833.58909 16.070 0.007
3833.60042 16.102 0.007
3833.61182 16.127 0.007
3833.62398 16.192 0.007
3833.63534 16.211 0.007
3833.64668 16.258 0.007
3833.65806 16.276 0.007
3833.66947 16.249 0.007
3833.68079 16.196 0.007
3834.49155 16.316 0.009
3834.50290 16.296 0.009
3834.51420 16.233 0.009
3834.53411 16.142 0.008
3834.55038 16.086 0.007
3834.56227 16.046 0.007
3834.57362 16.049 0.007
3834.58496 16.059 0.007
3834.59633 16.071 0.007
3834.60772 16.129 0.007
3834.61905 16.149 0.007
3834.63721 16.230 0.007
3834.64904 16.263 0.007
3834.66039 16.257 0.007
3834.67177 16.236 0.007
3834.68309 16.197 0.007
3835.50079 16.306 0.010
3835.51241 16.234 0.008
3835.52439 16.182 0.008
3835.53968 16.135 0.007
3835.55167 16.091 0.007
3835.56304 16.060 0.007
3835.57437 16.049 0.007
3835.58573 16.067 0.007
3835.59713 16.087 0.007
3835.60851 16.110 0.007
3835.62023 16.167 0.007
3835.63157 16.199 0.007
3835.64295 16.257 0.007
3835.65436 16.280 0.007
3835.66570 16.234 0.007
3835.67706 16.221 0.007
3835.69449 16.169 0.007
3836.49313 16.336 0.009
3836.50478 16.287 0.009
3836.51648 16.206 0.008
3836.52811 16.161 0.008
3836.53943 16.135 0.007
3836.55077 16.091 0.007
3836.56287 16.075 0.007
3836.57424 16.054 0.007
3836.58561 16.068 0.007
3836.59701 16.078 0.007
3836.60835 16.114 0.007
3836.62024 16.165 0.007
3836.63161 16.204 0.008
3836.64289 16.256 0.009
3836.65685 16.279 0.008
3836.67141 16.262 0.008
3836.68275 16.194 0.008
3836.69411 16.154 0.007
3837.50016 16.304 0.009
3837.51191 16.230 0.008
3837.52360 16.196 0.009
3837.53693 16.131 0.008
3837.55115 16.088 0.007
3837.56252 16.051 0.007
3837.57385 16.067 0.007
3837.58523 16.054 0.007
3837.62257 16.155 0.007
3837.63392 16.222 0.008
3837.64532 16.257 0.008
3837.65668 16.288 0.009
3837.66802 16.269 0.008
3837.67942 16.218 0.008
3837.69115 16.173 0.008
3838.49639 16.346 0.011
3838.50818 16.268 0.010
3838.52018 16.211 0.009
3838.53209 16.151 0.008
3838.54372 16.122 0.008
3838.55547 16.098 0.008
3838.56688 16.064 0.007
3838.57823 16.045 0.008
3838.58952 16.061 0.008
3838.60090 16.094 0.008
3838.61226 16.126 0.008
3838.62387 16.151 0.008
3838.63522 16.193 0.008
3838.64660 16.261 0.009
3838.65794 16.295 0.009
3838.66937 16.249 0.009
3838.68072 16.211 0.010
3839.49984 16.325 0.011
3839.51177 16.264 0.010
3839.52349 16.173 0.008
3839.53521 16.154 0.009
3839.54689 16.104 0.009
3839.55824 16.073 0.009
3839.56958 16.081 0.008
3839.58957 16.060 0.009
3839.60155 16.098 0.008
3839.61325 16.128 0.008
3839.62505 16.172 0.008
3839.63685 16.205 0.008
3839.64878 16.259 0.008
3839.66052 16.279 0.008
3839.67186 16.245 0.008
3839.68322 16.204 0.007
3839.69457 16.172 0.008
3840.49238 16.381 0.011
3840.50407 16.312 0.009
3840.51589 16.221 0.008
3840.52779 16.167 0.007
3840.53916 16.130 0.007
3840.55053 16.085 0.007
3840.56191 16.051 0.007
3840.57330 16.049 0.007
3840.58467 16.034 0.007
3840.59622 16.078 0.007
3840.60755 16.110 0.007
3840.61884 16.147 0.008
3840.63341 16.202 0.007
3840.64479 16.242 0.008
3840.65619 16.285 0.008
3840.66753 16.266 0.008
3840.67892 16.213 0.008
3840.69032 16.172 0.008
3841.49757 16.343 0.009
3841.51612 16.238 0.008
3841.52777 16.196 0.008
3841.53960 16.142 0.007
3841.55142 16.097 0.007
3841.56319 16.060 0.007
3841.57457 16.051 0.007
3841.58596 16.054 0.007
3841.59724 16.077 0.006
3841.60853 16.108 0.007
3841.61989 16.151 0.007
3841.63149 16.180 0.007
3841.64281 16.243 0.007
3841.65413 16.277 0.007
3841.66549 16.282 0.008
3841.67691 16.222 0.008
3842.48663 16.333 0.010
3842.49839 16.299 0.009
3842.51025 16.250 0.010
3842.52600 16.190 0.009
3842.53781 16.151 0.009
3842.54963 16.123 0.008
3842.56126 16.069 0.007
3842.57261 16.056 0.009
3842.58397 16.058 0.007
3842.59534 16.065 0.008
3842.60679 16.097 0.007
3842.61817 16.132 0.007
3842.62989 16.174 0.007
3842.64125 16.217 0.008
3842.65257 16.250 0.008
3842.66391 16.258 0.008
3842.67529 16.238 0.008
3842.68666 16.193 0.007
3843.51215 16.272 0.008
3843.53261 16.158 0.007
3843.54435 16.121 0.007
3843.55594 16.086 0.007
3843.56757 16.048 0.007
3843.57946 16.053 0.007
3843.59114 16.056 0.007
3843.60569 16.080 0.007
3843.61732 16.123 0.007
3843.62865 16.162 0.007
3843.64796 16.258 0.008
3843.66004 16.277 0.008
3843.67143 16.273 0.008
3843.68843 16.185 0.007
3843.70010 16.166 0.008
3843.71147 16.123 0.008
3843.73248 16.080 0.008
3843.74385 16.093 0.008
3843.75523 16.099 0.008
3843.76657 16.140 0.009
3843.77794 16.152 0.008
3843.79003 16.208 0.008
3843.80188 16.253 0.008
3844.48509 16.314 0.009
3844.49694 16.323 0.009
3844.50854 16.284 0.008
3844.52024 16.219 0.008
3844.53189 16.174 0.007
3844.54357 16.119 0.007
3844.55996 16.073 0.007
3844.57160 16.050 0.006
3844.58333 16.053 0.006
3844.59467 16.060 0.006
3844.60601 16.096 0.006
3844.61734 16.125 0.007
3844.62871 16.154 0.007
3844.64007 16.208 0.007
3844.65175 16.242 0.007
3844.66314 16.265 0.007
3844.67451 16.242 0.007
3844.68585 16.211 0.008
3844.69720 16.175 0.008
3844.70854 16.108 0.007
3844.72010 16.117 0.007
3844.73153 16.084 0.007
3844.74292 16.076 0.007
3844.75426 16.090 0.007
3844.76564 16.106 0.008
3844.78656 16.148 0.008
3845.49185 16.345 0.008
3845.50351 16.319 0.008
3845.51515 16.250 0.008
3845.52692 16.188 0.007
3845.53953 16.139 0.007
3845.55128 16.098 0.007
3845.56262 16.057 0.006
3845.58365 16.041 0.007
3845.59498 16.051 0.006
3845.60632 16.091 0.006
3845.61764 16.117 0.007
3845.62904 16.155 0.007
3845.64040 16.195 0.008
3845.65204 16.259 0.008
3845.66345 16.274 0.008
3845.67477 16.253 0.008
3846.48928 16.334 0.010
3846.50097 16.332 0.009
3846.51289 16.279 0.008
3846.52599 16.189 0.008
3846.53862 16.144 0.008
3846.55033 16.116 0.007
3846.56216 16.082 0.007
3846.57511 16.054 0.007
3846.58642 16.056 0.007
3846.59779 16.058 0.007
3846.60912 16.082 0.007
3846.62081 16.127 0.007
3846.63217 16.166 0.007
3846.64352 16.232 0.008
3846.65488 16.285 0.008
3846.66624 16.274 0.008
3847.52679 16.210 0.010
3847.53850 16.167 0.009
3847.55006 16.092 0.008
3847.56315 16.100 0.007
3847.65979 16.289 0.008
3847.67151 16.267 0.009
3848.70998 16.136 0.008
3849.48874 16.344 0.009
3849.50058 16.320 0.009
3849.51234 16.272 0.009
3849.52408 16.200 0.008
3849.53592 16.152 0.008
3849.55187 16.102 0.007
3849.56325 16.048 0.007
3849.57459 16.041 0.006
3849.58600 16.050 0.006
3849.59740 16.059 0.007
3849.60869 16.085 0.006
3849.62032 16.120 0.007
3849.63167 16.170 0.007
3849.64304 16.206 0.007
3849.65440 16.241 0.007
3849.66575 16.279 0.007
3850.48296 16.313 0.009
3850.50081 16.328 0.009
3850.51250 16.251 0.009
3850.52383 16.222 0.008
3850.53517 16.147 0.007
3850.54662 16.114 0.007
3850.55791 16.088 0.007
3850.56929 16.043 0.007
3850.58107 16.041 0.007
3850.59544 16.052 0.007
3850.61290 16.103 0.007
3850.62789 16.156 0.007
3850.64078 16.188 0.007
3850.65251 16.228 0.007
3851.47704 16.291 0.009
3851.48879 16.321 0.009
3851.50050 16.333 0.008
3851.51249 16.270 0.008
3851.52427 16.233 0.008
3851.53565 16.160 0.007
3851.54705 16.119 0.007
3851.55840 16.067 0.006
3851.56979 16.067 0.007
3851.58112 16.042 0.006
3851.59284 16.044 0.006
3851.60419 16.063 0.006
3851.61549 16.111 0.007
3851.62689 16.124 0.007
3851.67346 16.264 0.008
3852.48558 16.301 0.009
3852.49737 16.346 0.009
3852.50874 16.316 0.009
3852.52017 16.238 0.008
3852.53154 16.166 0.008
3852.54291 16.147 0.007
3852.55429 16.096 0.007
3852.56591 16.059 0.008
3852.57723 16.055 0.008
3852.58857 16.040 0.007
3852.59990 16.074 0.007
3852.61121 16.078 0.008
3852.62254 16.114 0.008
3852.63434 16.151 0.008
3852.64574 16.213 0.008
3853.47628 16.284 0.008
3853.48796 16.331 0.008
3853.50094 16.336 0.008
3853.51231 16.276 0.008
3853.52362 16.213 0.008
3853.53497 16.163 0.008
3853.54633 16.116 0.007
3853.55766 16.074 0.007
3853.56936 16.058 0.006
3853.58065 16.031 0.006
3853.59202 16.056 0.006
3853.60341 16.056 0.007
3853.61481 16.109 0.007
3853.62620 16.138 0.007
3853.63778 16.183 0.007
3853.64914 16.233 0.007
3854.49670 16.335 0.010
3854.50877 16.292 0.009
3854.52053 16.239 0.008
3854.53221 16.162 0.007
3854.54362 16.128 0.007
3854.55494 16.080 0.007
3854.56629 16.057 0.006
3854.57964 16.053 0.006
3854.59093 16.041 0.007
3854.60230 16.046 0.007
3854.61357 16.096 0.007
3854.63366 16.164 0.007
3854.64556 16.212 0.008
3855.57452 16.035 0.006
3855.58692 16.033 0.005
3856.50762 16.321 0.008
3856.51972 16.251 0.007
3856.53114 16.188 0.007
3856.54251 16.136 0.007
3856.55381 16.084 0.007
3856.56518 16.064 0.006
3856.58266 16.045 0.006
3856.59399 16.039 0.006
3856.60923 16.090 0.007
3856.62701 16.129 0.007
3856.63874 16.185 0.007
3858.47476 16.229 0.007
3858.48663 16.302 0.007
3858.50009 16.329 0.007
3858.51144 16.298 0.007
3858.52281 16.243 0.007
3858.53419 16.181 0.007
3858.54556 16.139 0.007
3858.55690 16.086 0.006
3858.56852 16.068 0.006
3858.57990 16.047 0.006
3858.59126 16.039 0.006
3858.60260 16.065 0.006
3858.62573 16.123 0.006
3858.64347 16.209 0.006
3859.61274 16.111 0.007
3860.47875 16.291 0.009
3860.49009 16.300 0.009
3860.50151 16.343 0.010
3860.51285 16.291 0.009
3860.52423 16.241 0.008
3860.53556 16.182 0.009
3860.54725 16.147 0.008
3860.55862 16.082 0.008
3860.56998 16.056 0.008
3860.58134 16.027 0.008
3860.59775 16.060 0.008
3860.63109 16.154 0.009
3860.64718 16.216 0.008
3861.47239 16.227 0.008
3861.48373 16.299 0.008
3861.49513 16.320 0.008
3861.50651 16.315 0.009
3861.51784 16.283 0.010
3861.52920 16.227 0.009
3861.54544 16.141 0.008
3861.55681 16.119 0.008
3861.56816 16.062 0.007
3861.57950 16.032 0.007
3861.59081 16.055 0.007
3861.60221 16.063 0.008
3861.61528 16.091 0.007
3861.62665 16.131 0.007
3862.47003 16.212 0.008
3862.48134 16.292 0.009
3862.49273 16.310 0.009
3862.50409 16.344 0.009
3862.51542 16.283 0.008
3862.52681 16.229 0.007
3862.53976 16.172 0.007
3862.55114 16.136 0.007
3862.56248 16.086 0.006
3862.57430 16.063 0.006
3862.58563 16.035 0.006
3862.59707 16.058 0.006
3862.60843 16.065 0.007
3862.61975 16.098 0.007
3863.48190 16.257 0.008
3863.49365 16.294 0.008
3863.50502 16.341 0.009
3863.51694 16.283 0.008
3863.52831 16.196 0.008
3863.53965 16.169 0.007
3863.55101 16.129 0.007
3863.56238 16.077 0.007
3863.57375 16.055 0.007
3863.58669 16.035 0.006
3863.59801 16.045 0.007
3863.60937 16.083 0.007
3863.62073 16.104 0.007
3864.46996 16.213 0.008
3864.48165 16.271 0.008
3864.49299 16.327 0.009
3864.50436 16.334 0.009
3864.51569 16.292 0.008
3864.52709 16.220 0.008
3864.53844 16.176 0.007
3864.55077 16.124 0.007
3864.56206 16.096 0.007
3864.57623 16.073 0.007
3864.58754 16.030 0.007
3864.59890 16.053 0.008
3864.61030 16.071 0.007
3864.62166 16.105 0.007
3865.47106 16.205 0.008
3865.48292 16.275 0.008
3865.49679 16.333 0.008
3865.50810 16.321 0.008
3865.51943 16.278 0.008
3865.53077 16.208 0.007
3865.54211 16.154 0.007
3865.55346 16.120 0.007
3865.56516 16.087 0.006
3865.57650 16.053 0.006
3865.58785 16.037 0.006
3865.59922 16.047 0.006
3865.61057 16.062 0.006
3866.47042 16.199 0.008
3866.48440 16.268 0.009
3866.49705 16.344 0.009
3866.50837 16.327 0.008
3866.51969 16.278 0.008
3866.53100 16.214 0.007
3866.54236 16.163 0.007
3866.55371 16.130 0.007
3866.56890 16.066 0.007
3866.58129 16.052 0.006
3866.59665 16.055 0.007
3866.61114 16.083 0.007
3867.46848 16.202 0.008
3867.47985 16.255 0.009
3867.49279 16.341 0.009
3867.50418 16.330 0.009
3867.51561 16.291 0.008
3867.52693 16.238 0.008
3867.53824 16.172 0.007
3867.55022 16.117 0.007
3867.56949 16.067 0.007
3867.58084 16.060 0.007
3867.59271 16.044 0.007
3867.60445 16.070 0.008
3867.61628 16.087 0.007
3868.47040 16.189 0.007
3868.48524 16.282 0.008
3868.49659 16.322 0.008
3868.50794 16.332 0.008
3868.51926 16.272 0.008
3868.53060 16.229 0.008
3868.54248 16.174 0.009
3868.55385 16.120 0.008
3868.56521 16.091 0.007
3868.57694 16.058 0.007
3868.58893 16.032 0.007
3868.60133 16.070 0.007
3869.47013 16.198 0.009
3869.48145 16.275 0.010
3869.49318 16.309 0.009
3869.50453 16.341 0.009
3869.51632 16.288 0.009
3869.52766 16.228 0.008
3869.53900 16.170 0.008
3869.55036 16.134 0.007
3869.56171 16.100 0.007
3869.57305 16.073 0.007
3869.58469 16.067 0.007
3869.59603 16.058 0.007
3869.60781 16.071 0.007
3870.46874 16.213 0.008
3870.48410 16.294 0.009
3870.49545 16.310 0.011
3870.50678 16.343 0.009
3870.51808 16.295 0.009
3870.53093 16.247 0.008
3870.54292 16.176 0.008
3870.55559 16.104 0.008
3870.56704 16.100 0.007
3870.57837 16.069 0.007
3870.58973 16.062 0.007
3870.60169 16.060 0.008
3870.62136 16.117 0.008
3870.63764 16.173 0.010
3870.70162 16.170 0.010
3871.46752 16.176 0.008
3871.47889 16.255 0.009
3871.49025 16.303 0.008
3871.50160 16.344 0.009
3871.51413 16.325 0.008
3871.52551 16.270 0.008
3871.53818 16.195 0.007
3871.55012 16.143 0.007
3871.56149 16.098 0.007
3871.57279 16.073 0.007
3871.58417 16.073 0.007
3871.59553 16.051 0.007
3871.60840 16.064 0.007
3871.62164 16.109 0.007
3871.63359 16.149 0.007
3871.64494 16.201 0.008
3871.65628 16.247 0.008
3871.66766 16.299 0.009
3871.67899 16.279 0.009
3871.69041 16.264 0.010
3871.70313 16.224 0.009
3871.71502 16.172 0.010
3871.72690 16.122 0.011
3872.46843 16.198 0.007
3872.47979 16.243 0.007
3872.49118 16.300 0.007
3872.50333 16.343 0.008
3872.51593 16.312 0.008
3872.52728 16.242 0.007
3872.53862 16.201 0.007
3872.54991 16.141 0.007
3872.56128 16.105 0.007
3872.57319 16.057 0.006
3872.58450 16.051 0.006
3872.59964 16.069 0.006
3872.61098 16.078 0.006
3872.62233 16.121 0.006
3872.63575 16.143 0.007
3872.64713 16.197 0.007
3872.65907 16.253 0.007
3872.67042 16.278 0.008
3872.68183 16.270 0.008
3872.69317 16.210 0.008
3872.70453 16.171 0.008
3872.71585 16.151 0.008
3872.72820 16.125 0.007
3873.46677 16.173 0.007
3873.47966 16.248 0.008
3873.49098 16.314 0.008
3873.50234 16.331 0.007
3873.51365 16.311 0.009
3873.52550 16.266 0.008
3873.53686 16.222 0.007
3873.54820 16.156 0.007
3873.55955 16.112 0.007
3873.57088 16.080 0.007
3873.58224 16.063 0.007
3873.59385 16.054 0.006
3875.46697 16.183 0.007
3875.48104 16.218 0.007
3875.49238 16.285 0.007
3875.50371 16.316 0.008
3875.51503 16.322 0.007
3875.52906 16.256 0.008
3875.54046 16.186 0.007
3875.55188 16.138 0.006
3875.56324 16.106 0.006
3875.57512 16.074 0.006
3875.58652 16.061 0.006
3876.46211 16.169 0.009
3876.47348 16.205 0.008
3876.48529 16.273 0.008
3876.49666 16.332 0.008
3876.50809 16.358 0.007
3876.51946 16.309 0.007
3876.53081 16.227 0.006
3876.54265 16.172 0.007
3876.55403 16.139 0.007
3876.56543 16.095 0.006
3876.57677 16.066 0.006
3876.58848 16.063 0.006
3877.46443 16.170 0.008
3877.47620 16.212 0.007
3877.48756 16.280 0.007
3877.49885 16.351 0.008
3877.51019 16.329 0.008
3877.52159 16.290 0.007
3877.53336 16.228 0.007
3877.54535 16.174 0.007
3877.55716 16.124 0.006
3877.56861 16.090 0.006
3877.58054 16.057 0.006
3881.46766 16.168 0.007
3881.47903 16.231 0.007
3881.49044 16.291 0.007
3881.50178 16.331 0.007
3881.51311 16.338 0.007
3881.52448 16.292 0.007
3881.53625 16.215 0.007
3881.54757 16.191 0.007
3882.47308 16.199 0.008
3882.48447 16.234 0.008
3882.49587 16.278 0.008
3882.50724 16.314 0.008
3882.51861 16.282 0.008
3882.52996 16.250 0.008
3882.54288 16.172 0.008
3882.55424 16.147 0.007
3883.47781 16.220 0.007
3883.48916 16.295 0.007
3883.50048 16.321 0.007
3883.51187 16.315 0.007
3883.52324 16.303 0.007
3883.53459 16.238 0.007
3883.54640 16.181 0.007
3883.55778 16.128 0.007
3883.56916 16.102 0.009
3886.45711 16.138 0.007
3886.46847 16.199 0.007
3886.47980 16.226 0.008
3886.49120 16.271 0.007
3886.50253 16.324 0.008
3886.51388 16.332 0.008
3886.52562 16.298 0.008
3886.53703 16.219 0.007
3886.54892 16.167 0.006
3887.46470 16.161 0.007
3887.47607 16.204 0.007
3887.48747 16.231 0.007
3887.49880 16.289 0.007
3887.51018 16.309 0.007
3887.52151 16.304 0.007
3887.53316 16.256 0.008
3887.54452 16.199 0.007
3887.55629 16.148 0.006
3890.46936 16.166 0.009
3890.48070 16.218 0.009
3890.49207 16.267 0.009
3890.50342 16.325 0.009
3890.51475 16.349 0.009
3890.52612 16.315 0.009
3890.53805 16.229 0.008
3890.54997 16.160 0.007
3891.46274 16.150 0.007
3891.47408 16.192 0.007
3891.48540 16.252 0.008
3891.49679 16.296 0.008
3891.50819 16.327 0.008
3891.51957 16.332 0.008
3891.53128 16.278 0.008
3892.48558 16.267 0.009
3892.49698 16.287 0.009
3892.50831 16.342 0.010
3892.51968 16.327 0.011
3892.53104 16.263 0.008
3892.54238 16.210 0.008
3896.47621 16.186 0.010
3896.48757 16.227 0.009
3896.49894 16.305 0.009
3896.51029 16.333 0.009
3896.52209 16.334 0.009
3896.53372 16.289 0.009
3900.46244 16.137 0.007
3900.47378 16.179 0.007
3901.45774 16.127 0.007
3901.46911 16.155 0.007
3901.48045 16.179 0.007
3901.49184 16.245 0.007
3902.49346 16.255 0.007
3902.51058 16.350 0.007
3903.47851 16.188 0.007
3903.49864 16.279 0.007
3904.45875 16.095 0.006
3904.47554 16.152 0.007
3904.48694 16.204 0.007
3904.49829 16.259 0.007
3904.50967 16.311 0.008
3905.45573 16.104 0.008
3905.46706 16.144 0.007
3905.47846 16.187 0.007
3905.48980 16.220 0.007
3905.50118 16.273 0.007
3906.46055 16.117 0.008
3906.47192 16.163 0.009
3906.48330 16.205 0.009
3906.49467 16.229 0.009
3907.46010 16.127 0.007
3907.47144 16.148 0.007
3907.48280 16.191 0.008
3908.45609 16.105 0.007
3908.46749 16.139 0.007
3908.47885 16.169 0.007
3908.49019 16.216 0.007
3909.45760 16.114 0.008
3909.46898 16.131 0.007
3909.48039 16.167 0.007
3909.49174 16.225 0.009
3910.45691 16.124 0.008
3912.45560 16.100 0.007
3912.46708 16.121 0.006
3912.47873 16.161 0.006
3913.46002 16.091 0.006
3913.47161 16.136 0.007
3914.49480 16.246 0.009
3916.46555 16.124 0.007
3916.47690 16.158 0.008
3917.47452 16.126 0.006
3919.47284 16.146 0.008
3921.46134 16.082 0.007
4096.79891 16.223 0.006
4096.81013 16.185 0.007
4096.82131 16.153 0.007
4096.84991 16.079 0.006
4096.86110 16.072 0.006
4120.83593 16.151 0.006
4120.84713 16.121 0.006
4120.85831 16.092 0.005
4120.86949 16.079 0.005
4120.88061 16.108 0.007
4121.83067 16.166 0.007
4121.84220 16.116 0.007
4121.85338 16.111 0.007
4121.86455 16.089 0.006
4121.87621 16.098 0.007
4122.84469 16.106 0.006
4122.85583 16.096 0.005
4122.86700 16.082 0.006
4122.87816 16.088 0.006
4124.85363 16.101 0.006
4124.86603 16.088 0.006
4124.87757 16.083 0.006
4124.88916 16.108 0.007
4125.81224 16.218 0.007
4125.82386 16.189 0.008
4125.83539 16.184 0.008
4125.84708 16.105 0.008
4125.86681 16.074 0.007
4125.87820 16.079 0.007
4126.81074 16.255 0.006
4126.82219 16.192 0.006
4126.83369 16.142 0.006
4126.84487 16.137 0.006
4126.85602 16.111 0.006
4126.86737 16.084 0.006
4126.87862 16.094 0.006
4126.88979 16.095 0.009
4128.82228 16.205 0.007
4128.83376 16.151 0.006
4128.84495 16.129 0.006
4128.85619 16.101 0.006
4128.86767 16.078 0.006
4128.87880 16.074 0.006
4128.88993 16.103 0.008
4129.82158 16.186 0.006
4129.83326 16.165 0.006
4129.84481 16.128 0.006
4129.85597 16.113 0.006
4129.86710 16.068 0.006
4129.87886 16.084 0.006
4129.89078 16.102 0.008
4141.83740 16.173 0.009
4144.83029 16.204 0.009
4144.84604 16.147 0.009
4144.85726 16.118 0.009
4145.75849 16.144 0.009
4145.77562 16.217 0.009
4145.81138 16.268 0.009
4145.82251 16.221 0.009
4145.83375 16.195 0.009
4145.84493 16.149 0.010
4146.76860 16.163 0.007
4146.78257 16.232 0.008
4146.79376 16.282 0.009
