3782.77845 19.651 0.082
3783.68577 19.607 0.102
3783.69709 19.891 0.117
3783.70847 19.798 0.103
3783.71985 19.679 0.097
3783.73118 19.693 0.098
3783.74252 20.078 0.137
3783.75631 19.951 0.121
3783.76768 19.970 0.117
3783.77906 20.149 0.143
3783.79310 19.867 0.105
3783.80446 19.622 0.085
3783.81586 19.646 0.086
3783.82720 19.786 0.098
3783.83856 19.636 0.084
3784.67328 19.891 0.131
3784.68460 19.711 0.103
3784.69598 19.607 0.092
3784.70752 19.553 0.087
3784.71887 19.584 0.083
3784.73021 19.775 0.096
3784.82411 19.690 0.094
3785.64480 19.644 0.098
3785.65620 20.001 0.140
3785.66757 19.787 0.108
3785.67897 20.079 0.142
3785.69031 19.782 0.103
3785.70166 19.741 0.096
3785.71329 19.567 0.083
3786.62949 19.877 0.124
3786.64085 20.058 0.158
3786.65222 19.992 0.154
3786.66368 19.740 0.102
3786.67516 19.812 0.106
3786.68658 20.010 0.127
3786.69794 19.652 0.092
3786.70934 19.616 0.092
3786.73324 19.645 0.091
3786.74459 19.693 0.083
3786.75594 19.642 0.078
3786.76728 19.764 0.095
3786.77926 19.765 0.085
3786.79063 19.985 0.113
3786.80202 19.989 0.125
3786.81343 20.499 0.203
3786.82479 19.884 0.121
3787.63316 19.717 0.105
3787.64891 19.913 0.131
3787.66220 19.648 0.096
3787.67359 19.853 0.117
3787.68495 19.881 0.116
3787.69627 20.056 0.143
3787.70765 19.856 0.115
3788.63032 19.575 0.081
3788.64169 19.604 0.080
3788.65299 19.972 0.113
3788.66970 19.709 0.089
3788.68107 19.745 0.100
3788.69243 19.708 0.098
3788.70380 20.197 0.151
3789.64122 19.593 0.081
3789.65255 19.718 0.086
3789.66411 19.695 0.087
3789.67543 19.705 0.079
3789.68679 19.526 0.072
3789.69841 19.703 0.083
3789.70984 20.105 0.115
3790.61185 19.906 0.131
3790.62318 19.700 0.122
3790.63449 19.621 0.099
3790.64607 19.759 0.111
3790.65742 19.700 0.090
3790.66876 19.691 0.094
3790.68011 19.824 0.106
3790.69149 19.590 0.086
3790.70281 19.760 0.094
3791.62274 19.854 0.123
3791.63411 19.837 0.120
3791.64549 19.861 0.115
3791.65688 19.732 0.103
3791.66822 19.944 0.120
3791.67956 19.448 0.078
3791.69107 19.873 0.122
3791.70247 19.814 0.108
3792.60864 19.737 0.122
3792.61995 20.108 0.156
3792.63278 20.053 0.139
3792.64416 20.084 0.139
3792.65553 19.746 0.108
3792.66690 19.587 0.096
3792.67825 19.706 0.101
3792.68986 19.827 0.114
3793.60236 19.500 0.080
3793.61373 19.929 0.121
3793.62507 19.804 0.108
3793.63674 19.805 0.110
3793.64813 20.100 0.149
3793.65944 19.765 0.108
3793.67079 19.624 0.092
3793.68214 19.876 0.111
3793.69365 19.862 0.103
3794.60275 19.623 0.113
3794.61411 19.613 0.106
3794.62549 19.653 0.108
3794.63686 19.979 0.132
3794.64825 19.749 0.103
3794.65960 19.997 0.128
3794.67133 19.848 0.112
3794.75242 19.678 0.087
3794.76379 19.725 0.086
3794.77517 19.690 0.080
3794.78655 19.939 0.109
3794.79789 19.864 0.106
3794.80923 19.920 0.116
3795.59493 19.493 0.109
3795.60627 19.680 0.126
3795.61759 19.988 0.181
3795.62897 19.599 0.115
3795.64033 19.814 0.147
3795.66339 19.766 0.100
3795.67476 19.989 0.146
3795.73453 19.642 0.099
3795.74589 19.576 0.090
3795.75723 19.576 0.091
3795.76857 19.782 0.111
3795.78002 19.786 0.102
3795.79134 19.750 0.099
3795.80287 19.789 0.106
3796.60233 19.750 0.108
3796.61363 19.710 0.116
3796.62503 19.646 0.100
3796.63638 19.745 0.103
3796.64769 19.573 0.087
3796.65903 19.795 0.099
3796.67079 19.733 0.088
3796.68234 19.853 0.110
3796.71760 19.886 0.110
3796.72894 20.134 0.143
3796.74030 19.660 0.107
3796.75170 19.731 0.096
3796.76308 19.767 0.087
3796.77437 19.548 0.072
3796.78614 19.546 0.073
3796.79750 19.709 0.075
3796.80885 19.737 0.086
3797.59467 19.741 0.116
3797.60600 20.091 0.145
3797.61737 19.808 0.119
3797.62866 19.687 0.097
3797.64001 19.590 0.082
3797.65133 19.790 0.097
3797.66313 19.551 0.073
3797.67450 19.590 0.071
3798.59537 19.786 0.100
3798.60674 20.234 0.145
3798.61806 19.690 0.082
3798.62942 19.520 0.072
3798.64078 19.756 0.085
3798.65212 19.664 0.082
3798.66375 19.804 0.091
3799.64881 19.594 0.125
3799.66017 19.796 0.130
3799.67151 19.671 0.108
3799.68284 19.791 0.122
3800.59096 19.775 0.136
3800.60231 19.753 0.124
3800.61373 19.654 0.114
3800.62509 19.795 0.130
3800.63642 19.747 0.151
3801.58048 19.913 0.139
3801.59184 19.637 0.097
3801.60318 19.560 0.090
3801.61456 19.677 0.095
3801.62593 19.914 0.120
3801.63729 19.721 0.100
3801.64903 19.894 0.107
3802.58461 19.480 0.131
3802.59595 19.638 0.114
3802.60730 19.628 0.099
3802.61870 19.768 0.117
3802.63008 19.916 0.121
3802.64145 19.797 0.115
3802.65302 19.980 0.126
3802.66432 19.943 0.103
3803.57858 19.778 0.131
3803.58987 19.813 0.124
3803.60125 19.474 0.087
3803.61264 19.776 0.114
3803.62409 19.764 0.111
3803.63545 19.661 0.106
3803.64704 19.799 0.130
3803.65841 19.719 0.113
3804.57797 19.853 0.187
3804.58930 19.658 0.159
3804.60068 20.062 0.213
3804.61201 19.726 0.141
3804.62345 19.823 0.144
3804.63480 19.706 0.137
3804.64788 19.632 0.123
3804.65923 19.488 0.115
3804.73229 19.733 0.092
3804.74368 19.683 0.083
3804.75515 19.704 0.091
3804.76650 19.730 0.095
3804.77785 19.529 0.084
3805.57505 19.872 0.147
3805.58641 20.012 0.166
3805.59773 20.227 0.173
3805.60907 19.879 0.113
3805.62041 19.667 0.092
3805.63175 19.595 0.082
3805.64336 19.668 0.079
3805.65471 19.731 0.097
3805.66609 19.770 0.084
3806.59209 19.906 0.164
3806.60349 19.788 0.120
3806.61481 19.820 0.125
3807.56331 19.972 0.193
3807.57469 19.812 0.181
3807.59083 19.687 0.143
3807.60218 19.857 0.149
3807.61353 20.358 0.244
3807.62493 19.702 0.140
3807.63632 19.946 0.205
3807.64763 19.901 0.202
3808.55864 19.651 0.131
3808.57002 19.737 0.144
3808.58139 19.491 0.109
3808.59274 19.623 0.112
3808.60420 20.031 0.175
3808.61556 20.058 0.186
3808.63192 19.942 0.148
3808.64328 20.020 0.132
3808.65464 19.944 0.124
3808.73745 19.751 0.143
3809.56166 19.335 0.134
3809.57304 19.697 0.159
3809.58445 19.831 0.170
3809.59585 19.462 0.128
3809.60720 19.837 0.161
3809.61856 19.587 0.130
3809.63018 19.754 0.145
3809.64153 20.218 0.233
3809.65286 19.983 0.174
3809.74402 19.665 0.124
3809.75534 19.781 0.138
3810.56682 19.790 0.176
3810.57814 19.740 0.153
3810.58943 19.548 0.126
3810.60081 19.619 0.143
3810.61215 19.640 0.130
3810.62356 19.620 0.130
3810.63593 19.874 0.148
3810.64739 19.528 0.138
3810.65873 20.049 0.192
3810.74982 19.683 0.101
3811.55329 19.579 0.134
3811.56461 20.421 0.296
3811.57600 19.964 0.166
3811.58739 20.131 0.185
3811.59874 19.724 0.129
3811.61011 19.571 0.112
3811.62398 19.891 0.131
3811.63536 19.587 0.110
3811.64673 19.543 0.137
3812.55379 19.757 0.122
3812.56510 20.033 0.159
3812.57648 20.333 0.221
3812.58785 19.871 0.132
3812.59920 19.805 0.116
3812.61054 19.566 0.088
3812.62206 19.697 0.103
3812.63339 19.713 0.097
3812.64476 19.791 0.123
3813.55208 20.063 0.169
3813.56346 19.980 0.154
3813.57486 20.059 0.162
3813.58621 19.937 0.138
3813.59753 20.044 0.139
3813.60890 19.789 0.104
3813.62049 19.848 0.109
3813.63180 19.479 0.073
3813.64317 19.723 0.095
3814.54530 19.679 0.112
3814.55667 19.981 0.148
3814.56802 19.841 0.138
3814.57936 19.759 0.130
3814.59074 19.704 0.125
3814.60209 20.048 0.162
3814.62274 19.815 0.114
3814.63404 19.736 0.112
3814.64540 19.575 0.096
3814.65679 19.757 0.119
3814.66819 19.667 0.112
3814.67957 19.618 0.119
3814.69110 19.660 0.122
3814.70245 20.253 0.202
3814.71377 19.871 0.149
3814.72513 19.843 0.121
3814.73646 19.755 0.121
3815.54327 19.668 0.132
3815.55467 19.680 0.117
3815.56601 19.658 0.113
3815.57736 19.738 0.128
3815.58870 19.905 0.139
3815.60007 19.923 0.134
3815.61167 19.810 0.115
3815.62301 19.873 0.116
3815.63433 19.918 0.120
3815.73680 19.821 0.096
3816.54467 19.624 0.116
3816.55602 19.718 0.131
3816.56742 19.753 0.132
3816.57879 20.026 0.173
3816.59012 19.765 0.135
3816.60150 19.986 0.163
3816.61339 19.692 0.125
3816.62474 19.735 0.139
3816.63605 19.593 0.117
3816.72710 19.608 0.095
3816.73850 20.225 0.159
3816.75013 19.745 0.088
3816.76144 19.839 0.104
3816.77280 20.162 0.143
3816.78417 20.101 0.149
3816.83439 19.375 0.087
3816.84573 19.735 0.166
3816.85762 19.346 0.098
3816.86927 19.555 0.134
3817.54297 19.931 0.176
3817.55690 19.696 0.149
3817.57302 19.839 0.158
3817.58468 19.830 0.137
3817.59601 19.992 0.148
3817.60735 20.192 0.175
3817.61901 19.592 0.117
3817.63039 19.664 0.104
3817.72329 19.635 0.085
3817.73467 19.540 0.076
3817.74606 19.778 0.088
3817.75831 20.004 0.125
3817.76995 19.936 0.129
3817.78148 19.778 0.103
3818.54433 20.060 0.208
3818.55612 20.061 0.213
3818.56786 19.557 0.116
3818.57970 19.922 0.156
3818.59111 19.827 0.141
3818.60249 19.670 0.123
3818.61390 19.572 0.102
3818.62525 19.846 0.125
3818.63658 19.596 0.107
3818.64916 19.871 0.130
3818.66051 19.766 0.116
3818.67189 19.781 0.105
3818.68323 20.083 0.143
3818.69460 19.681 0.080
3818.70601 19.977 0.106
3818.71774 19.700 0.082
3818.72934 19.818 0.094
3818.74109 19.832 0.091
3819.53340 19.908 0.124
3819.54517 20.015 0.137
3819.55950 20.038 0.126
3819.57133 19.666 0.092
3819.58267 19.786 0.120
3819.59405 19.797 0.110
3819.60546 19.492 0.078
3819.61682 19.507 0.075
3819.62815 19.578 0.081
3819.72037 19.748 0.076
3819.73213 19.837 0.079
3820.53489 19.685 0.119
3820.54662 19.859 0.128
3820.55833 19.913 0.143
3820.56968 20.156 0.177
3820.58101 20.163 0.199
3820.59233 19.998 0.148
3820.60369 20.152 0.162
3820.61506 19.575 0.098
3820.62680 19.777 0.109
3820.70711 20.049 0.121
3820.71848 19.879 0.100
3820.72980 19.812 0.082
3820.74173 19.777 0.084
3821.52523 19.842 0.112
3821.54349 19.573 0.086
3821.55528 19.814 0.107
3821.56669 19.923 0.113
3821.57808 20.206 0.146
3821.58979 20.078 0.117
3821.60117 19.871 0.093
3821.61255 19.860 0.090
3821.62425 19.825 0.093
3821.70853 19.967 0.096
3821.71986 19.933 0.085
3821.73161 20.056 0.105
3822.53794 19.598 0.121
3822.54973 19.952 0.151
3822.56143 19.842 0.131
3822.57315 19.980 0.148
3822.58522 19.838 0.127
3822.59686 20.020 0.140
3822.60825 19.989 0.154
3822.61962 19.924 0.142
3822.63137 19.846 0.160
3822.64271 20.399 0.290
3822.66011 19.834 0.145
3822.67194 20.040 0.175
3822.68327 19.686 0.115
3822.69462 19.756 0.114
3822.70597 19.924 0.150
3822.71783 19.599 0.105
3822.72921 19.872 0.127
3823.53632 19.726 0.120
3823.55144 19.772 0.127
3823.60173 19.888 0.109
3823.61331 19.817 0.100
3823.62465 19.813 0.098
3823.63604 19.943 0.126
3823.64801 19.968 0.131
3823.65996 19.673 0.089
3823.67248 19.884 0.104
3823.68383 19.675 0.080
3823.69515 19.711 0.087
3823.70645 19.479 0.071
3823.71841 19.771 0.091
3823.72977 19.898 0.095
3824.52336 19.964 0.183
3824.53618 19.941 0.187
3824.55222 19.831 0.157
3824.56395 19.592 0.118
3824.57586 19.547 0.101
3824.58791 19.662 0.111
3824.59969 20.113 0.157
3824.61162 19.798 0.115
3824.69150 19.799 0.101
3824.70335 19.762 0.100
3824.71470 19.733 0.101
3824.72607 19.722 0.095
3825.50867 19.861 0.162
3825.52088 19.879 0.177
3825.53264 19.539 0.106
3825.54436 19.746 0.123
3825.55605 19.659 0.123
3825.56741 19.862 0.136
3825.57906 19.697 0.117
3825.59042 19.531 0.093
3825.60212 19.716 0.127
3825.69455 19.683 0.132
3826.51830 19.866 0.150
3826.53077 19.862 0.155
3826.54263 19.786 0.139
3826.55443 19.951 0.156
3826.56581 19.816 0.128
3826.57717 19.948 0.147
3826.58858 19.608 0.109
3826.60028 19.619 0.111
3826.61162 19.795 0.118
3826.65761 19.872 0.099
3826.68031 20.271 0.150
3826.69222 19.946 0.109
3826.70363 20.073 0.161
3826.71502 19.895 0.117
3827.58533 19.691 0.153
3827.61650 19.672 0.148
3827.62840 19.767 0.125
3827.64291 19.712 0.110
3827.65424 19.599 0.094
3827.66556 20.285 0.180
3827.67690 20.145 0.170
3827.68863 19.717 0.120
3827.69995 19.781 0.119
3827.73326 19.810 0.132
3828.51716 19.482 0.103
3828.52878 19.932 0.158
3828.54106 19.701 0.131
3828.55242 19.671 0.123
3828.56434 20.090 0.149
3828.57571 20.225 0.180
3828.58707 19.764 0.109
3828.59850 19.748 0.112
3828.69074 20.055 0.151
3828.70207 19.829 0.104
3828.71342 20.195 0.151
3829.53020 19.765 0.108
3829.54219 19.587 0.092
3829.55354 19.843 0.125
3830.50614 19.645 0.121
3830.51786 19.676 0.133
3830.52951 19.752 0.134
3830.54091 19.544 0.099
3830.55285 19.653 0.099
3830.56413 19.655 0.095
3830.57548 19.914 0.121
3830.58686 19.835 0.118
3830.59828 19.977 0.127
3830.63401 20.013 0.125
3830.64537 19.770 0.094
3830.66811 19.773 0.097
3830.68251 19.766 0.099
3831.51767 19.572 0.103
3831.52946 19.664 0.110
3831.54896 19.576 0.093
3831.56071 19.717 0.104
3831.57274 19.625 0.089
3831.58617 20.021 0.134
3831.67781 19.654 0.081
3832.50644 19.794 0.169
3832.51852 19.775 0.159
3832.53212 19.475 0.107
3832.54395 19.815 0.140
3832.55539 19.681 0.118
3832.56678 19.652 0.122
3832.58300 19.942 0.149
3832.59435 19.630 0.129
3832.65443 19.938 0.138
3832.67711 19.734 0.102
3832.68906 19.665 0.099
3833.48911 19.743 0.156
3833.50060 20.052 0.206
3833.51380 19.957 0.166
3833.52617 20.249 0.187
3833.53753 19.740 0.123
3833.54918 19.763 0.114
3833.56055 19.848 0.117
3833.57191 19.726 0.101
3833.58332 19.486 0.091
3833.59465 19.604 0.094
3833.62957 19.810 0.106
3833.64089 19.861 0.108
3833.65225 20.011 0.123
3833.66364 20.050 0.112
3833.67504 20.159 0.133
3834.48576 19.672 0.150
3834.49713 20.154 0.208
3834.50844 19.681 0.123
3834.52831 19.926 0.158
3834.54461 20.044 0.170
3834.55646 20.154 0.186
3834.56785 19.935 0.138
3834.57918 19.588 0.097
3834.59055 19.760 0.109
3834.60191 19.703 0.095
3834.61329 19.835 0.113
3834.63139 19.818 0.110
3834.64322 19.703 0.094
3834.65460 19.753 0.105
3834.66599 19.880 0.110
3834.67732 19.950 0.122
3834.68869 19.683 0.097
3835.49500 19.572 0.143
3835.50660 19.559 0.124
3835.51861 19.620 0.140
3835.53391 19.487 0.106
3835.54588 19.595 0.105
3835.55723 20.136 0.158
3835.56860 19.932 0.137
3835.57996 19.828 0.116
3835.59133 19.882 0.122
3835.60270 19.711 0.097
3835.61443 19.578 0.091
3835.62579 19.666 0.101
3835.63716 19.695 0.092
3835.64858 19.900 0.117
3835.65992 19.701 0.094
3835.67130 19.861 0.118
3835.68874 20.084 0.141
3836.48733 19.689 0.153
3836.49901 19.879 0.163
3836.51071 19.753 0.135
3836.52235 19.818 0.146
3836.53367 19.630 0.114
3836.54499 20.149 0.187
3836.55709 19.986 0.146
3836.56844 19.840 0.121
3836.57982 19.963 0.146
3836.59123 20.144 0.156
3836.60258 19.787 0.117
3836.61445 19.753 0.114
3836.62581 19.705 0.116
3836.63714 19.759 0.119
3836.65105 19.701 0.104
3836.66558 19.925 0.163
3836.67698 19.802 0.142
3836.68831 19.928 0.147
3837.49436 19.562 0.121
3837.50611 19.761 0.147
3837.51781 19.525 0.126
3837.53115 19.593 0.119
3837.54538 20.017 0.181
3837.55674 19.833 0.135
3837.56809 19.653 0.116
3837.57944 20.118 0.212
3837.66224 19.689 0.117
3837.67362 19.823 0.136
3837.68537 19.660 0.112
3838.49061 20.097 0.266
3838.50243 19.480 0.147
3838.51439 19.950 0.205
3838.52632 19.520 0.142
3838.53792 19.637 0.148
3838.54970 19.520 0.136
3838.56105 19.560 0.134
3838.57243 19.667 0.142
3838.58377 20.050 0.213
3838.59510 19.745 0.151
3838.60647 19.803 0.156
3838.61809 20.070 0.185
3838.62946 20.044 0.170
3838.64081 19.672 0.117
3838.65218 20.034 0.184
3838.66356 19.768 0.167
3838.67493 19.727 0.165
3839.49406 19.721 0.196
3839.50595 19.679 0.193
3839.51769 19.520 0.143
3839.52945 19.599 0.128
3839.54111 19.920 0.185
3839.55246 19.270 0.124
3839.56380 19.542 0.135
3839.59577 19.953 0.190
3839.60746 20.526 0.343
3839.61930 20.363 0.273
3839.63108 20.011 0.192
3839.64302 19.425 0.109
3839.65475 19.492 0.113
3839.66610 19.598 0.104
3839.67743 19.786 0.111
3839.68879 19.660 0.110
3840.48661 19.573 0.171
3840.49828 20.087 0.200
3840.51008 19.965 0.156
3840.52199 19.426 0.092
3840.53337 20.107 0.166
3840.54474 19.900 0.140
3840.55611 19.742 0.123
3840.56750 19.638 0.112
3840.57889 19.800 0.137
3840.59048 19.988 0.154
3840.60176 19.737 0.109
3840.61308 20.419 0.224
3840.62767 19.792 0.128
3840.63896 19.900 0.118
3840.65039 20.044 0.165
3840.66173 19.790 0.131
3840.67312 19.838 0.134
3840.68451 20.306 0.228
3841.49181 19.747 0.130
3841.51033 19.712 0.129
3841.52203 20.101 0.180
3841.53385 19.820 0.138
3841.54566 19.705 0.120
3841.55741 19.703 0.117
3841.56878 19.672 0.102
3841.58020 19.848 0.118
3841.59149 19.582 0.093
3841.60277 19.686 0.101
3841.61412 19.777 0.102
3841.62569 19.943 0.119
3841.63705 19.706 0.098
3841.64837 19.852 0.111
3841.65974 20.057 0.147
3841.67109 19.778 0.117
3842.48087 19.464 0.121
3842.49259 19.651 0.157
3842.50449 19.560 0.151
3842.52020 19.608 0.124
3842.53201 19.809 0.217
3842.54384 19.809 0.188
3842.55548 19.960 0.211
3842.56683 19.813 0.146
3842.57820 19.786 0.145
3842.58955 19.917 0.152
3842.60094 19.831 0.131
3842.61238 19.622 0.096
3842.62408 19.917 0.123
3842.63547 19.767 0.112
3842.64680 19.624 0.114
3842.65812 19.806 0.124
3842.66949 19.867 0.125
3842.68085 20.679 0.273
3843.48420 19.711 0.154
3843.52682 19.445 0.102
3843.53858 19.701 0.116
3843.55018 20.085 0.149
3843.56182 19.987 0.145
3843.57368 19.826 0.127
3843.58536 19.968 0.155
3843.59990 19.782 0.108
3843.61153 19.640 0.094
3843.62286 19.586 0.085
3843.64217 19.740 0.107
3843.65429 19.687 0.098
3843.66562 19.662 0.091
3843.67746 19.863 0.116
3843.69432 20.061 0.146
3843.70567 19.766 0.124
3843.72670 19.763 0.139
3843.73805 19.549 0.110
3843.74945 19.850 0.142
3843.76078 19.529 0.121
3843.77216 19.695 0.149
3843.78429 19.704 0.148
3843.79562 19.641 0.141
3844.47928 19.473 0.124
3844.49115 19.847 0.152
3844.50274 19.700 0.129
3844.51442 19.683 0.124
3844.52610 19.667 0.113
3844.53776 19.861 0.116
3844.55419 19.749 0.107
3844.56580 19.995 0.128
3844.57755 20.233 0.158
3844.58887 19.983 0.133
3844.60026 19.590 0.084
3844.61155 19.681 0.090
3844.62292 19.557 0.084
3844.63427 19.573 0.087
3844.64595 19.942 0.158
3844.65736 19.758 0.118
3844.66870 19.735 0.111
3844.68006 20.021 0.147
3844.69142 20.014 0.158
3844.70276 20.150 0.231
3844.71433 19.917 0.175
3844.72574 19.967 0.163
3844.73712 20.104 0.178
3844.74846 19.794 0.124
3844.75986 19.702 0.125
3844.78079 19.785 0.180
3845.48599 19.840 0.135
3845.49772 19.912 0.126
3845.50934 19.882 0.159
3845.52117 19.830 0.113
3845.53375 19.669 0.099
3845.54551 20.078 0.146
3845.55684 19.636 0.103
3845.57786 20.000 0.132
3845.58921 19.996 0.129
3845.60053 19.952 0.130
3845.61186 19.923 0.131
3845.62323 19.807 0.110
3845.63462 19.684 0.112
3845.64624 19.755 0.116
3845.65765 19.942 0.123
3845.66903 19.777 0.115
3846.48349 19.398 0.115
3846.49518 19.469 0.131
3846.50710 19.486 0.127
3846.52020 19.785 0.124
3846.53192 19.748 0.157
3846.54456 19.841 0.154
3846.55591 19.836 0.133
3846.56931 19.602 0.098
3846.58065 19.921 0.140
3846.59201 19.558 0.110
3846.60336 19.906 0.114
3846.61502 19.981 0.131
3846.62637 19.843 0.118
3846.63776 19.888 0.130
3846.64909 19.615 0.103
3846.66047 19.836 0.121
3847.52100 19.515 0.136
3847.53270 19.800 0.159
3847.54426 19.799 0.177
3847.55731 19.879 0.162
3847.65399 20.104 0.218
3847.66572 19.640 0.129
3848.67669 19.576 0.114
3849.48298 19.596 0.135
3849.49478 19.963 0.198
3849.50659 20.221 0.237
3849.51832 20.083 0.193
3849.53014 19.989 0.171
3849.54607 19.891 0.143
3849.55744 19.878 0.128
3849.56879 19.635 0.099
3849.58018 19.809 0.107
3849.59162 19.615 0.089
3849.60293 19.677 0.092
3849.61456 19.794 0.107
3849.62588 19.748 0.099
3849.63724 19.794 0.107
3849.64865 20.048 0.124
3849.65999 20.117 0.126
3849.67394 20.246 0.193
3850.47719 19.763 0.143
3850.49502 19.514 0.129
3850.50673 19.460 0.121
3850.51806 20.206 0.235
3850.52940 19.765 0.134
3850.54081 20.080 0.160
3850.55215 20.011 0.175
3850.56348 19.937 0.147
3850.57530 20.081 0.154
3850.58966 19.885 0.134
3850.60711 19.521 0.085
3850.62208 19.639 0.106
3850.63501 19.540 0.091
3850.64672 19.773 0.111
3851.47126 19.773 0.189
3851.48303 19.599 0.145
3851.49473 19.936 0.144
3851.50672 19.805 0.120
3851.51846 19.996 0.146
3851.52986 19.886 0.124
3851.54127 19.735 0.100
3851.55259 20.142 0.139
3851.56401 20.002 0.131
3851.57536 19.814 0.108
3851.58706 19.936 0.122
3851.59842 19.866 0.103
3851.60974 19.768 0.098
3851.62111 19.712 0.120
3851.63484 19.799 0.130
3851.64796 19.633 0.118
3852.47982 19.695 0.132
3852.49159 19.866 0.164
3852.50294 19.747 0.154
3852.51438 19.962 0.160
3852.52574 19.927 0.145
3852.53712 19.812 0.151
3852.54847 19.768 0.138
3852.56012 19.957 0.176
3852.57146 20.231 0.231
3852.58279 20.880 0.382
3852.59413 19.849 0.133
3852.60544 19.974 0.158
3852.61676 20.440 0.273
3852.62859 19.744 0.138
3852.63997 19.503 0.099
3852.65130 19.613 0.119
3853.47050 20.119 0.186
3853.48217 20.040 0.162
3853.49519 19.715 0.101
3853.50652 19.801 0.119
3853.51785 19.841 0.127
3853.52917 19.600 0.107
3853.54056 19.817 0.123
3853.55189 19.763 0.105
3853.56357 19.921 0.122
3853.57491 19.761 0.105
3853.58624 20.238 0.153
3853.59760 19.895 0.122
3853.60901 20.045 0.148
3853.62040 19.901 0.117
3853.63202 19.807 0.092
3853.64336 19.703 0.084
3854.48064 20.097 0.213
3854.50299 19.589 0.141
3854.51475 19.936 0.163
3854.52643 19.856 0.134
3854.53782 19.679 0.110
3854.54914 19.715 0.102
3854.56050 19.865 0.119
3854.57390 19.748 0.105
3854.58515 19.797 0.116
3854.59651 19.885 0.121
3854.60785 20.202 0.162
3854.61915 20.029 0.146
3854.63976 20.235 0.196
3855.56869 19.621 0.087
3855.58114 19.930 0.115
3856.50108 20.059 0.163
3856.51391 20.039 0.137
3856.52534 20.048 0.148
3856.53669 20.057 0.157
3856.54805 19.897 0.125
3856.55940 19.691 0.094
3856.57686 19.737 0.095
3856.58822 19.620 0.091
3856.60320 20.166 0.152
3856.61535 20.177 0.206
3856.63294 20.178 0.165
3858.46897 19.600 0.111
3858.48085 19.600 0.097
3858.49433 19.851 0.106
3858.50565 19.638 0.087
3858.51703 19.809 0.110
3858.52838 19.933 0.113
3858.53977 20.073 0.134
3858.55111 20.067 0.125
3858.56274 19.908 0.124
3858.57411 19.864 0.103
3858.58545 19.791 0.104
3858.59683 19.754 0.089
3858.60818 19.572 0.091
3858.63773 19.658 0.085
3859.50448 19.530 0.106
3859.61836 19.579 0.107
3860.47297 19.665 0.161
3860.48432 19.821 0.151
3860.49568 20.455 0.304
3860.50705 19.977 0.183
3860.51844 19.868 0.146
3860.52977 19.522 0.142
3860.54148 19.576 0.131
3860.55284 20.097 0.230
3860.56421 19.697 0.161
3860.57554 19.360 0.123
3860.59197 19.928 0.203
3860.60334 19.660 0.165
3860.64140 19.658 0.138
3861.46660 20.034 0.218
3861.47795 19.955 0.165
3861.48933 19.619 0.118
3861.50071 20.282 0.217
3861.51208 19.512 0.113
3861.52340 19.826 0.204
3861.53968 19.949 0.156
3861.55103 19.766 0.151
3861.56236 19.766 0.145
3861.57373 19.782 0.141
3861.58507 19.943 0.157
3861.59639 19.889 0.171
3861.60951 19.855 0.139
3861.62087 19.880 0.118
3862.46428 19.633 0.133
3862.47558 19.695 0.134
3862.48693 20.066 0.184
3862.49833 20.288 0.216
3862.50966 19.707 0.124
3862.52101 19.859 0.126
3862.53400 19.607 0.095
3862.54537 19.879 0.117
3862.55670 19.539 0.082
3862.56851 19.662 0.093
3862.57986 19.600 0.088
3862.59126 19.791 0.105
3862.60265 19.893 0.119
3862.61399 20.295 0.169
3862.62531 19.869 0.124
3863.47616 20.182 0.213
3863.48785 20.186 0.205
3863.49923 19.890 0.145
3863.51114 19.598 0.118
3863.52251 19.654 0.110
3863.53388 19.838 0.126
3863.54522 19.787 0.127
3863.55659 19.666 0.110
3863.56796 19.744 0.114
3863.58090 19.890 0.142
3863.59226 19.733 0.105
3863.60358 19.820 0.118
3863.61496 19.883 0.119
3864.46416 19.854 0.197
3864.47591 19.512 0.110
3864.48719 19.873 0.156
3864.49857 19.859 0.144
3864.50993 19.779 0.136
3864.52129 20.078 0.168
3864.53264 19.999 0.148
3864.54497 19.914 0.131
3864.55632 19.767 0.119
3864.56763 19.660 0.110
3864.58178 19.694 0.126
3864.59309 19.743 0.145
3864.60450 19.822 0.131
3864.61586 19.681 0.139
3864.62723 19.768 0.129
3865.46418 19.768 0.153
3865.47714 19.622 0.117
3865.49103 20.047 0.158
3865.50235 20.019 0.157
3865.51367 19.838 0.112
3865.52499 19.873 0.110
3865.53634 19.820 0.105
3865.54766 20.077 0.137
3865.55935 19.772 0.099
3865.57073 19.874 0.111
3865.58208 19.802 0.104
3865.59346 19.586 0.087
3865.60480 19.452 0.074
3866.46467 19.477 0.112
3866.47817 19.951 0.234
3866.49125 19.850 0.144
3866.50259 19.869 0.142
3866.51396 19.833 0.121
3866.52526 20.036 0.140
3866.53659 19.874 0.127
3866.54792 20.074 0.158
3866.55960 19.784 0.120
3866.57549 19.593 0.106
3866.58887 19.574 0.100
3866.60488 19.754 0.115
3867.46271 19.749 0.154
3867.47408 19.472 0.122
3867.48584 19.599 0.129
3867.49840 19.591 0.118
3867.50977 19.647 0.126
3867.52117 19.997 0.154
3867.53247 19.775 0.112
3867.54444 19.674 0.109
3867.55683 19.568 0.140
3867.57506 20.053 0.149
3867.58695 19.672 0.112
3867.59867 19.606 0.110
3867.61046 20.273 0.213
3868.46462 19.742 0.118
3868.47871 19.839 0.118
3868.49083 19.640 0.097
3868.50218 19.777 0.108
3868.51351 19.559 0.098
3868.52485 19.443 0.077
3868.53669 19.640 0.138
3868.54806 20.098 0.262
3868.55943 19.694 0.121
3868.57115 20.496 0.516
3868.58315 20.282 0.230
3868.59492 19.943 0.153
3868.60689 19.980 0.166
3869.46432 20.081 0.257
3869.47568 19.776 0.166
3869.48743 19.829 0.178
3869.49879 19.609 0.126
3869.51056 19.664 0.132
3869.52187 19.732 0.136
3869.53326 19.711 0.128
3869.54461 19.618 0.110
3869.55595 19.836 0.131
3869.56728 19.862 0.137
3869.57892 19.920 0.141
3869.59026 19.798 0.120
3869.60202 19.833 0.124
3870.46299 19.566 0.116
3870.47432 19.753 0.136
3870.48968 19.992 0.187
3870.50102 19.978 0.195
3870.51236 19.749 0.135
3870.52516 19.739 0.135
3870.53712 19.598 0.113
3870.54982 19.570 0.115
3870.56123 19.770 0.148
3870.57259 19.968 0.175
3870.58394 19.749 0.132
3870.59593 19.678 0.153
3870.61338 20.369 0.264
3870.63081 19.919 0.195
3870.64323 19.944 0.238
3871.46175 19.676 0.134
3871.47312 20.210 0.209
3871.48446 20.156 0.182
3871.49583 20.272 0.217
3871.50830 19.880 0.150
3871.51973 19.860 0.152
3871.53109 19.746 0.118
3871.54434 19.463 0.086
3871.55572 19.534 0.095
3871.56705 19.784 0.119
3871.57838 19.541 0.098
3871.58975 19.745 0.113
3871.60258 19.840 0.123
3871.61582 19.942 0.148
3871.62785 20.174 0.167
3871.63916 19.814 0.126
3871.65052 19.745 0.115
3871.66189 19.676 0.147
3871.67323 19.681 0.139
3871.68463 19.635 0.145
3871.69736 19.650 0.165
3871.70926 20.454 0.411
3871.72117 20.367 0.391
3872.46267 19.654 0.112
3872.47401 19.480 0.090
3872.48539 19.892 0.122
3872.49753 19.933 0.117
3872.51014 20.022 0.138
3872.52151 19.806 0.112
3872.53286 20.160 0.151
3872.54418 19.949 0.119
3872.55550 19.977 0.125
3872.56741 19.794 0.105
3872.57874 19.707 0.092
3872.59389 19.658 0.079
3872.60522 19.922 0.117
3872.61654 19.840 0.106
3872.62998 20.132 0.151
3872.64137 20.071 0.146
3872.65329 19.812 0.138
3872.66465 19.786 0.128
3872.67604 19.841 0.121
3872.68741 19.836 0.145
3872.69877 19.917 0.168
3872.71009 19.912 0.165
3872.72239 19.494 0.117
3873.46097 19.871 0.153
3873.47287 19.720 0.109
3873.48522 19.641 0.097
3873.49656 19.828 0.105
3873.50791 19.862 0.113
3873.51973 19.889 0.126
3873.53109 20.323 0.177
3873.54242 20.299 0.171
3873.55377 19.887 0.119
3873.56515 19.924 0.127
3873.57647 19.885 0.136
3873.58809 19.661 0.095
3875.46120 19.718 0.124
3875.47307 19.613 0.100
3875.48661 19.853 0.105
3875.49796 19.563 0.087
3875.50929 19.717 0.092
3875.52329 19.943 0.113
3875.53468 19.918 0.116
3875.54610 20.468 0.183
3875.55746 19.880 0.104
3875.56936 20.041 0.122
3875.58074 20.044 0.115
3876.45632 19.634 0.151
3876.46769 19.789 0.153
3876.47952 19.766 0.125
3876.49087 19.642 0.105
3876.50229 20.009 0.133
3876.51369 19.512 0.079
3876.52505 19.396 0.075
3876.53690 19.488 0.077
3876.54824 19.846 0.117
3876.55965 19.816 0.101
3876.57101 20.120 0.131
3876.58274 19.969 0.118
3877.45862 20.032 0.171
3877.47000 20.000 0.149
3877.48178 19.732 0.109
3877.49310 19.898 0.132
3877.50442 19.696 0.102
3877.51581 19.649 0.093
3877.52762 19.596 0.075
3877.53956 19.579 0.073
3877.55138 19.723 0.082
3877.56281 19.697 0.085
3877.57416 19.931 0.101
3881.46191 19.763 0.106
3881.47328 19.706 0.099
3881.48468 20.009 0.109
3881.49605 19.666 0.086
3881.50739 20.155 0.142
3881.51871 19.917 0.102
3881.53048 19.925 0.105
3881.54183 20.205 0.148
3882.46732 19.686 0.119
3882.47869 19.628 0.099
3882.49006 19.531 0.086
3882.50146 19.900 0.115
3882.51283 19.960 0.142
3882.52418 19.721 0.116
3882.53715 20.163 0.183
3882.54848 19.942 0.150
3883.47202 19.898 0.115
3883.48341 19.609 0.085
3883.49475 19.672 0.082
3883.50608 19.737 0.093
3883.51747 19.699 0.082
3883.52884 19.753 0.096
3883.54064 19.731 0.091
3883.55200 19.816 0.117
3883.56340 20.129 0.204
3886.45133 19.863 0.148
3886.46270 19.938 0.122
3886.47405 20.092 0.158
3886.48542 20.259 0.195
3886.49677 20.176 0.195
3886.50813 19.793 0.129
3886.51984 19.841 0.118
3886.53127 19.724 0.118
3886.54312 19.637 0.093
3887.45893 20.012 0.157
3887.47031 19.648 0.104
3887.48169 20.480 0.225
3887.49307 19.772 0.122
3887.50441 20.352 0.184
3887.51579 19.799 0.118
3887.52742 19.750 0.114
3887.53878 19.747 0.102
3887.55053 19.741 0.101
3890.46363 19.692 0.154
3890.47495 19.366 0.124
3890.48630 19.651 0.138
3890.49767 19.545 0.137
3890.50900 19.770 0.124
3890.52034 20.096 0.185
3890.53230 20.487 0.252
3890.54424 20.092 0.184
3891.45697 19.989 0.170
3891.46833 19.682 0.113
3891.47966 19.960 0.158
3891.49101 19.536 0.090
3891.50240 20.120 0.181
3891.51384 19.550 0.095
3891.52553 19.712 0.106
3892.47982 19.771 0.148
3892.49121 19.925 0.181
3892.50259 19.668 0.144
3892.51394 20.012 0.198
3892.52528 19.935 0.159
3892.53663 19.540 0.106
3896.47043 19.653 0.163
3896.48180 20.101 0.243
3896.49320 19.747 0.146
3896.50454 19.926 0.156
3896.51633 20.323 0.225
3896.52798 19.800 0.146
3900.45667 19.929 0.139
3900.46804 20.008 0.122
3901.45200 20.386 0.274
3901.46333 19.876 0.110
3901.47473 20.014 0.123
3901.48606 19.945 0.119
3902.48773 19.958 0.112
3902.50484 20.175 0.142
3903.47277 19.788 0.109
3903.49290 19.940 0.130
3903.50422 20.103 0.148
3904.45302 19.545 0.109
3904.46986 19.870 0.107
3904.48118 19.857 0.096
3904.49255 19.731 0.090
3904.50391 19.853 0.110
3905.45000 20.079 0.240
3905.46133 19.884 0.128
3905.47270 19.702 0.108
3905.48407 19.588 0.096
3905.49544 19.579 0.095
3906.45482 19.803 0.179
3906.46618 19.642 0.140
3906.47756 19.665 0.127
3906.48892 19.804 0.159
3907.45433 19.685 0.149
3907.46571 19.643 0.108
3907.47707 19.491 0.117
3908.45034 20.141 0.288
3908.46172 20.281 0.194
3908.47311 19.891 0.133
3908.48447 19.820 0.112
3909.45188 20.582 0.367
3909.46322 20.052 0.157
3909.47467 19.697 0.115
3909.48601 19.975 0.164
3910.45119 20.370 0.295
3910.46249 20.272 0.222
3912.44989 19.511 0.128
3912.46134 19.683 0.082
3912.47301 19.807 0.091
3913.45431 19.593 0.106
3913.46590 19.543 0.081
3914.48911 19.671 0.108
3916.45978 19.983 0.174
3916.47119 20.275 0.205
3917.46877 19.996 0.127
3919.46713 19.718 0.114
3921.45563 19.740 0.173
4096.79330 19.904 0.110
4096.80452 19.647 0.081
4096.81572 19.679 0.087
4096.82693 19.847 0.103
4096.84426 19.698 0.077
4096.85552 20.079 0.119
4096.86668 19.972 0.147
4120.83031 19.686 0.067
4121.82504 19.528 0.114
4121.83658 19.360 0.088
4121.84777 20.272 0.207
4121.85891 19.929 0.131
4121.87058 19.616 0.109
4121.88202 20.307 0.276
4122.83904 19.625 0.068
4122.85021 19.583 0.060
4122.86137 19.803 0.075
4122.87252 19.579 0.073
4122.88370 19.670 0.141
4124.84802 19.773 0.073
4124.86040 19.684 0.066
4124.87192 19.662 0.066
4124.88354 19.692 0.072
4125.80660 19.934 0.141
4125.81822 20.317 0.211
4125.82979 20.207 0.195
4125.84142 19.720 0.123
4125.86119 19.801 0.119
4125.87260 19.680 0.118
4125.88407 20.060 0.210
4126.80511 19.769 0.096
4126.81657 19.824 0.088
4126.82806 20.025 0.104
4126.83923 20.072 0.108
4126.85037 19.824 0.095
4126.86173 19.760 0.084
4126.87295 20.296 0.151
4126.88416 20.048 0.159
4128.81666 19.791 0.095
4128.82810 19.503 0.063
4128.83931 19.715 0.070
4128.85056 20.337 0.126
4128.86205 19.674 0.076
4128.87318 20.017 0.106
4128.88429 19.693 0.112
4129.81593 19.598 0.064
4129.82760 19.725 0.082
4129.83915 19.653 0.067
4129.85035 19.857 0.099
4129.86150 19.617 0.062
4129.87321 19.906 0.086
4129.88511 20.046 0.141
4141.83170 19.775 0.108
4144.82461 19.791 0.118
4144.84036 19.808 0.137
4144.85159 19.955 0.147
4145.80573 20.003 0.153
4145.81687 19.617 0.105
4145.82808 19.860 0.142
4145.83928 19.618 0.145
4146.73491 19.748 0.097
4146.77693 19.953 0.110
4146.78808 19.903 0.108
