2682.79994 18.829 0.048
2682.81077 18.828 0.038
2682.82159 18.822 0.036
2682.83567 18.767 0.033
2682.84654 18.841 0.038
2682.85742 18.856 0.036
2682.86827 18.800 0.037
2682.87917 18.809 0.034
2682.89002 18.804 0.037
2683.69823 18.780 0.045
2683.71377 18.881 0.044
2683.72508 18.738 0.035
2683.73600 18.791 0.035
2683.74686 18.773 0.035
2683.75772 18.792 0.036
2683.80804 18.718 0.039
2683.81891 18.830 0.038
2683.82977 18.822 0.043
2683.84067 18.879 0.043
2683.85509 18.897 0.039
2683.86596 18.881 0.042
2683.88768 18.829 0.053
2683.89854 18.861 0.060
2684.69486 18.929 0.048
2684.71728 18.960 0.043
2684.72810 18.854 0.038
2684.73900 18.811 0.036
2684.75075 18.805 0.038
2684.76248 18.786 0.034
2684.77330 18.792 0.033
2684.78414 18.826 0.037
2684.79501 18.823 0.036
2684.80591 18.805 0.033
2684.81675 18.801 0.032
2685.69353 18.811 0.039
2685.70439 18.838 0.037
2685.71517 18.843 0.035
2685.72604 18.817 0.034
2685.73944 18.869 0.041
2685.75027 18.822 0.038
2685.76115 18.855 0.038
2685.77206 18.848 0.037
2685.78291 18.854 0.034
2685.79376 18.776 0.034
2685.80808 18.938 0.039
2685.81895 18.929 0.037
2686.78974 18.766 0.054
2686.80066 18.723 0.042
2686.81268 18.765 0.068
2686.82354 18.858 0.053
2686.83435 18.796 0.045
2686.84521 18.724 0.041
2686.85606 18.754 0.040
2686.87998 18.790 0.036
2686.89089 18.865 0.041
2687.67107 18.914 0.056
2687.68399 18.905 0.055
2687.69484 18.804 0.051
2687.70568 18.915 0.057
2687.71654 18.894 0.056
2687.72777 18.933 0.058
2687.73865 18.989 0.063
2687.74949 19.000 0.060
2687.76298 18.884 0.056
2687.77381 18.880 0.051
2687.78468 18.816 0.048
2687.79555 18.798 0.042
2687.80639 18.813 0.044
2687.81729 18.826 0.042
2687.82906 18.918 0.047
2687.83990 18.831 0.039
2687.85606 18.819 0.036
2687.86695 18.834 0.040
2687.87788 18.779 0.040
2687.88876 18.821 0.046
2687.89966 18.805 0.050
2688.70089 18.851 0.064
2688.71175 18.866 0.050
2688.72257 18.838 0.043
2688.73427 18.773 0.038
2688.74509 18.723 0.036
2688.75589 18.800 0.041
2688.76675 18.723 0.036
2688.77761 18.854 0.040
2688.78843 18.768 0.035
2688.86080 18.806 0.048
2689.68695 18.887 0.060
2689.70212 19.016 0.067
2689.71298 18.932 0.059
2689.72380 18.874 0.052
2689.73466 18.785 0.046
2689.74553 18.743 0.042
2689.75641 18.821 0.045
2689.76758 18.786 0.042
2689.77846 18.767 0.044
2690.68095 18.877 0.049
2690.69282 18.852 0.059
2690.70369 18.794 0.051
2690.71458 18.858 0.053
2690.72547 18.817 0.055
2690.73632 18.884 0.058
2690.74719 18.918 0.064
2690.75843 18.756 0.059
2690.76930 18.885 0.065
2690.78012 18.812 0.055
2690.79097 18.879 0.056
2690.80183 18.803 0.061
2690.82073 18.782 0.054
2690.83160 18.958 0.066
2690.84247 18.957 0.060
2690.85333 18.836 0.052
2690.86423 18.931 0.060
2690.87503 18.963 0.062
2690.88630 18.855 0.056
2690.89720 19.046 0.070
2691.68248 18.816 0.053
2691.70417 18.866 0.057
2691.71570 18.886 0.054
2691.72660 18.756 0.049
2691.73747 18.792 0.056
2691.74834 18.784 0.050
2691.75925 18.810 0.050
2691.77011 18.780 0.045
2691.78129 18.790 0.046
2691.79210 18.860 0.059
2691.80300 18.931 0.068
2691.81389 18.853 0.052
2691.82474 18.700 0.051
2692.76949 18.859 0.055
2692.78470 18.906 0.067
2692.79555 18.961 0.054
2692.80639 18.847 0.051
2692.81724 18.858 0.052
2692.82811 18.843 0.056
2693.66523 18.744 0.036
2693.67607 18.825 0.036
2693.68691 18.859 0.038
2693.69777 18.837 0.036
2693.70924 18.818 0.041
2693.72009 18.785 0.035
2693.73095 18.739 0.038
2694.65625 18.981 0.044
2694.66926 18.848 0.041
2694.68008 18.862 0.035
2694.69099 18.766 0.033
2694.70180 18.855 0.034
2694.71786 18.797 0.031
2694.72870 18.821 0.033
2694.73955 18.786 0.032
2694.75053 18.784 0.028
2694.76139 18.826 0.030
2694.77226 18.774 0.028
2694.78718 18.832 0.031
2694.79807 18.805 0.031
2694.80890 18.779 0.031
2694.81973 18.809 0.031
2694.83388 18.791 0.029
2694.85017 18.770 0.035
2694.86160 18.862 0.035
2694.87247 18.866 0.037
2694.88337 18.778 0.036
2694.89423 18.773 0.038
2695.66879 18.809 0.045
2695.68013 18.962 0.045
2695.69100 18.847 0.041
2695.70331 18.786 0.033
2695.71481 18.835 0.035
2695.72563 18.869 0.037
2695.73650 18.790 0.034
2695.74782 18.834 0.036
2695.75866 18.886 0.034
2695.76954 18.884 0.035
2695.78042 18.804 0.035
2695.79450 18.935 0.036
2695.80782 18.926 0.031
2695.82268 18.935 0.034
2695.83647 18.914 0.033
2695.84729 18.931 0.034
2695.85816 18.865 0.031
2695.86899 18.877 0.030
2695.88079 18.855 0.031
2695.89164 18.868 0.031
2696.66356 18.862 0.043
2696.67444 18.889 0.046
2696.68531 18.793 0.037
2696.69619 18.820 0.037
2696.71166 18.809 0.037
2696.72247 18.758 0.035
2696.73333 18.834 0.034
2696.74414 18.833 0.033
2696.75502 18.829 0.030
2696.76588 18.838 0.031
2696.77715 18.793 0.029
2696.78800 18.780 0.031
2696.79884 18.777 0.031
2696.80971 18.782 0.029
2696.82058 18.754 0.029
2696.83138 18.811 0.030
2696.84417 18.773 0.031
2696.85499 18.807 0.030
2696.86580 18.740 0.031
2696.87667 18.761 0.033
2696.88755 18.771 0.038
2696.89840 18.864 0.039
2697.65667 19.075 0.071
2697.66752 18.919 0.048
2697.68411 18.975 0.046
2697.69496 18.892 0.037
2697.70585 18.949 0.041
2697.71891 18.940 0.037
2697.72978 18.899 0.032
2697.74060 18.895 0.031
2697.75145 18.916 0.035
2697.76230 18.874 0.037
2697.77315 18.919 0.044
2697.78427 18.842 0.032
2697.79511 18.795 0.030
2697.90628 18.818 0.046
2698.65624 18.845 0.042
2698.66709 18.857 0.040
2698.67791 18.818 0.042
2698.68913 18.722 0.033
2698.69998 18.798 0.035
2698.71083 18.803 0.037
2698.72172 18.768 0.038
2698.73251 18.769 0.036
2698.74337 18.792 0.034
2698.75463 18.826 0.034
2698.76546 18.762 0.037
2698.77629 18.827 0.038
2698.78712 18.762 0.035
2698.79798 18.877 0.033
2698.80888 18.767 0.028
2698.82006 18.866 0.041
2698.83091 18.793 0.031
2698.84705 18.805 0.032
2698.85789 18.884 0.034
2698.86875 18.846 0.035
2698.87957 18.799 0.033
2699.65015 18.845 0.039
2699.66096 18.901 0.044
2699.67183 18.814 0.037
2699.68300 18.813 0.037
2699.69383 18.797 0.033
2699.70466 18.846 0.033
2699.71553 18.821 0.032
2699.72638 18.784 0.031
2699.73719 18.791 0.030
2699.75928 18.841 0.031
2699.77011 18.820 0.034
2699.78093 18.793 0.032
2699.79179 18.715 0.032
2699.80271 18.844 0.037
2699.81390 18.796 0.033
2699.82469 18.798 0.033
2699.83546 18.838 0.037
2699.84633 18.763 0.034
2699.85723 18.823 0.036
2699.86902 18.750 0.035
2700.62728 18.823 0.044
2700.63815 18.938 0.052
2700.65665 18.855 0.059
2700.66752 18.877 0.044
2700.67834 18.827 0.041
2700.68922 18.772 0.036
2700.70005 18.844 0.037
2700.71091 18.808 0.034
2700.72206 18.848 0.037
2700.73291 18.850 0.037
2700.74378 18.763 0.033
2700.75460 18.795 0.032
2700.76548 18.863 0.035
2700.77641 18.846 0.034
2700.78771 18.852 0.038
2700.79856 18.959 0.037
2700.80940 18.873 0.034
2700.82025 18.948 0.037
2700.83113 18.980 0.038
2700.84203 18.917 0.034
2700.85369 18.899 0.035
2700.86449 18.876 0.037
2700.87537 18.900 0.037
2701.64041 18.968 0.053
2701.65128 18.936 0.050
2701.66211 18.779 0.045
2701.67299 18.696 0.040
2701.68422 18.864 0.040
2701.69506 18.810 0.042
2701.70591 18.782 0.037
2701.71674 18.730 0.041
2701.73515 18.759 0.039
2701.74603 18.793 0.039
2701.75687 18.760 0.039
2701.76771 18.793 0.038
2701.77859 18.772 0.035
2701.78942 18.809 0.035
2701.81146 18.811 0.040
2701.82232 18.866 0.048
2701.83321 18.799 0.041
2701.84406 18.814 0.041
2701.85494 18.781 0.042
2701.86718 18.813 0.039
2701.87798 18.751 0.039
2702.64194 19.025 0.058
2702.65283 18.921 0.049
2702.66366 18.920 0.052
2702.67452 18.922 0.047
2702.68533 18.919 0.048
2702.69651 19.001 0.054
2702.70740 18.953 0.047
2702.71821 18.983 0.044
2702.72907 18.933 0.042
2702.73992 18.946 0.043
2702.75076 18.853 0.043
2702.76198 18.913 0.045
2702.77285 18.834 0.040
2702.78376 18.861 0.039
2702.79458 18.824 0.039
2702.80546 18.844 0.040
2702.81630 18.789 0.040
2702.82755 18.867 0.044
2702.83841 18.928 0.045
2702.84927 18.900 0.042
2702.86017 18.830 0.036
2702.87096 18.757 0.036
2702.88180 18.787 0.034
2703.62577 18.936 0.071
2703.63661 18.870 0.053
2703.64742 18.682 0.044
2703.67234 18.858 0.059
2703.69410 18.720 0.055
2703.70498 18.784 0.055
2703.71583 18.794 0.057
2703.72668 18.863 0.054
2703.74510 18.749 0.045
2703.75597 18.711 0.045
2703.76683 18.795 0.047
2703.77767 18.939 0.060
2703.78858 18.781 0.052
2703.79949 18.973 0.055
2703.81035 18.883 0.044
2703.82461 18.841 0.036
2703.83545 18.796 0.037
2703.84632 18.811 0.044
2703.85720 18.832 0.046
2703.86808 18.851 0.050
2703.87892 18.851 0.043
2704.63293 18.891 0.046
2704.64378 18.929 0.049
2704.65461 18.874 0.045
2704.66548 18.869 0.039
2704.67664 18.888 0.037
2704.68746 18.828 0.036
2704.69834 18.838 0.035
2704.70921 18.782 0.034
2704.72010 18.833 0.035
2704.73097 18.828 0.041
2704.74212 18.815 0.035
2704.75303 18.800 0.032
2704.76386 18.779 0.031
2704.77472 18.821 0.034
2704.78557 18.744 0.038
2704.79641 18.761 0.031
2704.80764 18.822 0.034
2704.81848 18.827 0.035
2704.82933 18.776 0.032
2704.84021 18.834 0.035
2704.85106 18.860 0.040
2704.86198 18.796 0.035
2705.63277 18.843 0.042
2705.64367 18.798 0.039
2705.65454 18.841 0.041
2705.66539 18.758 0.041
2705.67673 18.794 0.039
2705.68761 18.863 0.043
2705.69845 18.845 0.043
2705.70929 18.813 0.044
2705.72017 18.772 0.041
2705.73105 18.927 0.053
2705.74220 18.891 0.046
2705.75305 18.821 0.040
2705.76391 18.885 0.042
2705.77480 18.901 0.040
2705.78569 18.964 0.040
2705.79655 18.903 0.043
2705.80800 18.923 0.045
2705.81891 18.933 0.048
2706.63582 18.934 0.047
2706.64665 18.897 0.051
2706.65748 18.927 0.052
2706.66832 18.780 0.042
2706.67937 18.736 0.037
2706.69025 18.866 0.041
2706.70108 18.763 0.036
2706.71194 18.708 0.035
2706.72281 18.806 0.048
2706.73367 18.791 0.039
2706.74477 18.848 0.043
2706.75568 18.766 0.047
2706.76651 18.795 0.049
2706.77741 18.860 0.051
2706.78828 18.864 0.051
2706.79915 18.742 0.039
2706.81036 18.843 0.041
2706.82377 18.816 0.049
2706.83463 18.806 0.051
2706.84552 18.877 0.047
2707.61957 19.028 0.051
2707.63040 18.812 0.040
2707.64121 18.933 0.039
2707.65480 18.867 0.035
2707.66565 18.846 0.035
2707.67649 18.954 0.037
2707.68735 19.015 0.040
2707.69825 19.016 0.037
2707.70911 19.021 0.037
2707.72029 18.898 0.034
2707.73113 18.962 0.033
2707.74198 19.027 0.039
2707.75286 18.966 0.036
2707.76371 18.844 0.035
2707.77462 18.791 0.034
2707.78597 18.826 0.037
2707.79685 18.847 0.035
2707.80774 18.866 0.035
2707.81858 18.893 0.037
2707.82946 18.842 0.035
2707.84030 18.914 0.039
2708.62616 18.700 0.029
2708.63702 18.773 0.028
2708.65277 18.785 0.028
2708.66362 18.757 0.028
2708.67450 18.777 0.028
2708.69025 18.755 0.028
2708.70114 18.849 0.030
2708.71202 18.806 0.029
2708.72287 18.770 0.028
2708.73372 18.848 0.031
2708.74455 18.822 0.029
2708.75537 18.748 0.029
2708.76930 18.800 0.044
2708.78019 18.785 0.039
2708.79107 18.887 0.049
2708.80194 18.859 0.029
2708.81885 18.839 0.032
2708.82971 18.819 0.030
2708.84053 18.799 0.030
2709.62973 18.977 0.040
2709.64057 18.924 0.039
2709.65145 18.877 0.038
2709.66283 18.780 0.032
2709.67369 18.765 0.031
2709.68454 18.844 0.033
2709.69540 18.815 0.029
2709.70627 18.828 0.030
2709.71709 18.841 0.029
2709.72819 18.817 0.029
2709.73906 18.826 0.028
2709.74993 18.834 0.029
2709.76080 18.816 0.027
2709.77168 18.750 0.025
2709.78320 18.812 0.027
2709.79404 18.793 0.027
2709.80493 18.759 0.026
2709.81581 18.789 0.026
2709.82667 18.782 0.025
2709.83754 18.787 0.027
2709.85270 18.786 0.027
2710.63007 18.865 0.064
2710.64124 18.936 0.063
2710.65209 18.860 0.055
2710.66295 18.869 0.041
2710.67381 18.749 0.039
2710.68465 18.781 0.032
2710.69548 18.867 0.034
2710.70666 18.888 0.037
2710.71755 18.828 0.033
2710.72839 18.841 0.032
2710.73926 18.745 0.031
2710.75013 18.807 0.029
2710.76100 18.911 0.030
2710.77215 18.885 0.032
2710.78300 18.892 0.033
2710.79387 18.933 0.033
2710.80471 18.967 0.043
2710.81561 18.962 0.040
2710.82644 18.966 0.039
2711.61899 18.920 0.046
2711.62984 18.928 0.048
2711.64510 18.871 0.044
2711.65659 18.822 0.042
2711.66743 18.726 0.035
2711.67827 18.786 0.038
2711.68910 18.777 0.035
2711.69993 18.784 0.037
2711.71077 18.833 0.035
2711.72209 18.799 0.033
2711.73295 18.688 0.028
2711.74378 18.745 0.029
2711.75463 18.774 0.029
2711.77382 18.777 0.028
2711.78461 18.709 0.025
2711.79543 18.794 0.029
2711.80626 18.801 0.029
2711.81708 18.754 0.030
2711.82795 18.604 0.025
2712.61237 19.020 0.055
2712.62322 18.929 0.050
2712.63411 18.862 0.050
2712.64534 19.037 0.057
2712.65618 18.910 0.061
2712.66703 18.950 0.054
2712.67796 19.065 0.055
2712.69310 18.897 0.052
2712.70393 18.944 0.051
2712.71479 18.940 0.051
2712.72564 19.029 0.054
2712.73652 19.008 0.049
2712.74739 18.936 0.045
2712.76268 18.920 0.045
2712.77356 18.940 0.044
2712.78445 18.864 0.037
2712.79528 18.837 0.036
2712.80618 18.774 0.032
2712.81702 18.927 0.041
2712.82869 18.820 0.046
2712.83953 18.840 0.045
2713.60907 18.790 0.060
2713.65288 18.783 0.054
2713.66373 18.831 0.050
2713.67458 18.847 0.050
2713.68545 18.813 0.044
2713.69631 18.798 0.042
2713.70714 18.767 0.038
2713.71838 18.963 0.056
2713.72922 18.784 0.050
2713.74009 18.797 0.047
2713.75093 18.878 0.047
2713.76178 18.788 0.037
2713.77315 18.819 0.047
2713.78817 18.782 0.047
2713.81891 18.919 0.049
2713.82975 18.849 0.040
2714.62025 18.919 0.051
2714.63111 18.712 0.038
2714.64200 18.790 0.038
2714.65283 18.835 0.041
2714.66415 18.839 0.038
2714.67501 18.844 0.039
2714.68588 18.862 0.039
2714.69671 18.776 0.038
2714.70757 18.846 0.033
2714.71865 18.888 0.033
2714.72949 18.844 0.032
2714.74033 18.806 0.031
2714.75117 18.875 0.034
2714.76203 18.790 0.032
2714.77285 18.797 0.032
2714.78368 18.858 0.038
2714.79485 18.824 0.033
2714.80571 18.773 0.032
2714.81655 18.766 0.031
2714.82737 18.803 0.031
2715.58060 18.862 0.072
2715.59145 18.965 0.078
2715.60233 18.738 0.063
2715.61759 18.962 0.070
2715.62841 18.789 0.050
2715.63927 18.848 0.052
2715.65016 18.789 0.043
2715.66101 18.910 0.052
2715.67184 18.818 0.043
2715.68271 18.865 0.046
2715.69408 18.841 0.041
2715.70493 18.796 0.041
2715.71580 18.853 0.042
2715.72661 18.925 0.047
2715.73746 18.863 0.040
2715.74833 18.899 0.045
2715.75953 18.784 0.040
2715.77036 18.869 0.039
2715.78121 18.818 0.038
2715.79207 18.924 0.042
2715.80292 19.004 0.048
2715.81379 18.857 0.041
2719.59810 18.829 0.051
2719.66700 18.883 0.045
2719.67784 18.944 0.046
2719.68872 18.832 0.040
2719.69960 18.825 0.041
2719.71948 18.761 0.040
2719.73031 18.853 0.041
2719.74119 18.770 0.038
2719.75518 18.870 0.041
2719.76604 18.816 0.041
2719.77687 18.856 0.048
2719.78770 18.848 0.051
2719.80289 18.795 0.040
2719.81374 18.771 0.040
2719.82462 18.758 0.038
2724.64335 18.857 0.035
2724.65422 18.907 0.035
2724.66507 18.809 0.034
2724.67591 18.874 0.031
2724.68720 18.837 0.029
2724.69808 18.856 0.033
2724.70898 18.804 0.029
2724.71986 18.856 0.030
2724.73079 18.870 0.032
2724.74165 18.845 0.032
2724.75340 18.813 0.038
2724.76427 18.802 0.032
2724.77517 18.810 0.036
2783.57603 18.800 0.032
