4149.69303 19.951 0.096
4149.70438 19.754 0.078
4149.71570 19.803 0.072
4149.72701 20.063 0.081
4149.73838 19.728 0.067
4149.75088 19.822 0.072
4149.76222 19.929 0.078
4149.77356 19.739 0.076
4149.78490 19.912 0.078
4149.79620 20.075 0.090
4149.80758 19.866 0.099
4149.81935 19.840 0.089
4149.83072 19.717 0.077
4149.84200 19.639 0.092
4150.65218 19.834 0.069
4150.66349 19.879 0.071
4150.67482 19.718 0.062
4150.69604 19.765 0.069
4150.70735 19.697 0.075
4150.71866 19.799 0.085
4150.72995 19.907 0.088
4150.74120 19.952 0.091
4150.75254 19.817 0.082
4150.78662 19.920 0.087
4150.79791 19.720 0.095
4151.60597 19.875 0.108
4151.63554 19.878 0.131
4151.69178 19.821 0.090
4151.71724 19.668 0.086
4151.74273 19.706 0.085
4151.76948 19.726 0.110
4151.79499 19.754 0.087
4151.82046 19.750 0.083
4152.67156 19.996 0.150
4152.68287 19.955 0.123
4152.69418 19.995 0.127
4152.70548 20.035 0.136
4152.71687 20.028 0.131
4152.72918 20.065 0.121
4152.74054 19.874 0.128
4152.75187 19.901 0.130
4152.76318 19.850 0.106
4152.77445 19.673 0.095
4152.78583 19.730 0.103
4152.79737 19.912 0.120
4152.80870 19.564 0.097
4152.82005 19.778 0.125
4152.83138 19.621 0.113
4153.62007 19.855 0.077
4153.63136 19.828 0.075
4153.64269 19.740 0.068
4153.65402 19.936 0.079
4153.66531 19.837 0.073
4153.67664 20.085 0.092
4153.68829 20.318 0.112
4153.69965 19.934 0.079
4153.71098 19.817 0.076
4153.72230 19.765 0.076
4153.73363 19.655 0.064
4153.74494 19.897 0.083
4153.75774 19.673 0.079
4153.80972 19.748 0.093
4153.82110 19.651 0.080
4153.83238 19.900 0.087
4154.61229 19.918 0.127
4154.62704 19.819 0.102
4154.63840 19.772 0.097
4154.65230 19.784 0.116
4154.66360 20.111 0.134
4154.67486 19.854 0.107
4154.68620 19.851 0.099
4154.69757 19.713 0.096
4154.70892 19.769 0.084
4154.72050 19.942 0.104
4154.73181 19.767 0.090
4154.74311 19.769 0.093
4154.75442 19.828 0.090
4154.76573 19.742 0.094
4154.77705 19.710 0.092
4154.78859 19.833 0.121
4155.73322 19.868 0.057
4155.75871 19.879 0.064
4155.78623 19.854 0.066
4155.81174 19.763 0.069
4156.60794 20.050 0.109
4156.61933 19.902 0.081
4156.63065 20.082 0.131
4156.64196 19.990 0.118
4156.65329 19.766 0.095
4156.66461 19.697 0.089
4156.67704 19.887 0.082
4156.68832 19.766 0.073
4156.69964 19.830 0.064
4156.71092 19.879 0.068
4156.72222 19.784 0.079
4156.73356 19.925 0.088
4156.74517 19.980 0.097
4156.75650 19.892 0.107
4156.76782 19.925 0.117
4156.77916 19.642 0.090
4156.79054 19.889 0.100
4156.80190 19.515 0.082
4156.82109 19.632 0.096
4157.61172 19.764 0.105
4157.62439 20.185 0.159
4157.63571 19.610 0.075
4157.64704 19.648 0.087
4157.65836 19.815 0.091
4157.66966 19.786 0.080
4157.68101 19.739 0.095
4157.69264 19.684 0.091
4157.70396 19.829 0.092
4157.71530 20.162 0.122
4158.60763 19.790 0.091
4158.62209 19.664 0.078
4158.63404 20.025 0.144
4158.64536 19.833 0.128
4158.66326 19.688 0.096
4158.67521 19.982 0.116
4158.68650 20.108 0.127
4158.69778 20.012 0.117
4158.70915 19.723 0.073
4158.72047 19.863 0.084
4158.73203 19.734 0.081
4158.74336 19.549 0.079
4158.76600 19.706 0.085
4158.77732 19.854 0.106
4158.80141 19.974 0.109
4159.71133 19.819 0.090
4159.73680 19.591 0.071
4159.76232 19.759 0.087
4159.78780 19.836 0.092
4160.61136 19.916 0.110
4160.62267 19.008 0.052
4160.63400 20.072 0.131
4160.64535 19.865 0.109
4160.65669 19.983 0.144
4160.66803 19.807 0.135
4160.67947 19.791 0.123
4160.70850 19.932 0.138
4160.71984 19.667 0.094
4160.73119 19.775 0.132
4160.75549 19.907 0.133
4160.76683 19.953 0.154
4160.77936 19.982 0.189
4161.59349 19.641 0.093
4161.60484 19.837 0.098
4161.61613 19.881 0.094
4161.62739 19.771 0.095
4161.63875 19.921 0.095
4161.65058 19.791 0.093
4161.66190 19.867 0.094
4161.67325 19.921 0.093
4161.68457 19.742 0.075
4161.69589 19.802 0.091
4161.70728 19.883 0.096
4161.71888 19.934 0.097
4161.73023 20.066 0.125
4161.74148 20.122 0.125
4161.75287 19.873 0.097
4161.76419 19.880 0.112
4161.79996 19.628 0.092
4162.61863 19.785 0.129
4162.63000 19.549 0.102
4162.64307 19.971 0.133
4162.65437 19.652 0.088
4162.66569 19.903 0.107
4162.67705 19.857 0.120
4162.68840 19.875 0.143
4162.69970 19.860 0.115
4162.71428 19.909 0.102
4162.72560 20.035 0.110
4162.73693 19.801 0.086
4162.74824 19.579 0.070
4162.75956 19.771 0.092
4162.77088 19.771 0.094
4162.78659 19.890 0.116
4162.79792 19.852 0.128
4163.67701 20.022 0.115
4163.70250 19.694 0.088
4163.73168 19.742 0.094
4163.75715 19.850 0.108
4163.78260 19.742 0.106
4164.58711 19.689 0.094
4164.60002 19.558 0.077
4164.61135 19.736 0.090
4164.62269 19.912 0.104
4164.63404 19.883 0.107
4164.64540 19.886 0.108
4164.65678 19.858 0.107
4164.66842 19.934 0.103
4164.67975 20.029 0.110
4164.69107 19.712 0.088
4164.70324 19.870 0.103
4164.71454 19.745 0.095
4164.72586 19.577 0.090
4164.73753 19.737 0.103
4164.74883 19.563 0.082
4164.76016 19.786 0.097
4164.77149 19.696 0.101
4164.78285 19.867 0.120
4164.79695 20.089 0.146
4165.60411 19.927 0.099
4165.61566 19.767 0.090
4165.62725 20.075 0.111
4165.63892 20.093 0.110
4165.65025 19.862 0.090
4165.66155 19.904 0.095
4165.67319 19.913 0.102
4165.68452 19.768 0.091
4165.69584 19.775 0.092
4165.70738 19.652 0.088
4165.71868 19.635 0.092
4166.60623 19.949 0.149
4166.61786 19.713 0.132
4166.62967 19.520 0.137
4166.64123 19.686 0.104
4166.65253 19.674 0.097
4166.71319 19.941 0.124
4166.73543 20.183 0.211
4166.75201 19.695 0.114
4167.65499 19.785 0.089
4167.68075 19.746 0.079
4167.70631 19.777 0.091
4167.73207 19.766 0.094
4167.75757 19.794 0.086
4167.78308 19.646 0.083
4168.59332 19.803 0.065
4168.60502 19.773 0.062
4168.61671 19.662 0.060
4168.62807 19.810 0.070
4168.63937 19.749 0.066
4168.65113 19.735 0.068
4168.66247 19.909 0.072
4168.67385 20.086 0.088
4168.68551 20.124 0.100
4168.69680 20.016 0.087
4168.70811 19.771 0.071
4168.71942 19.679 0.073
4168.73342 19.749 0.085
4168.74521 19.721 0.080
4168.75650 19.797 0.081
4168.76821 19.924 0.101
4169.58307 19.859 0.083
4169.59470 19.735 0.073
4169.60597 19.773 0.084
4169.61726 19.666 0.081
4169.62858 19.843 0.094
4169.64434 19.921 0.090
4169.65566 19.972 0.095
4169.66695 19.873 0.081
4169.67827 19.980 0.100
4169.69012 19.836 0.086
4169.70143 19.860 0.083
4169.71272 19.610 0.062
4169.72400 19.829 0.079
4169.73527 19.774 0.073
4169.74656 19.685 0.069
4169.75856 19.752 0.077
4170.57694 19.807 0.077
4170.58938 19.837 0.074
4170.60115 19.714 0.072
4170.62711 19.949 0.083
4170.63842 19.902 0.076
4170.64973 19.807 0.076
4170.66102 19.842 0.074
4170.67267 19.595 0.060
4170.68397 19.676 0.070
4170.69525 19.770 0.069
4170.70654 19.730 0.067
4170.72906 19.943 0.097
4174.57421 19.655 0.080
4174.58901 19.723 0.075
4174.60344 19.842 0.079
4174.61787 19.834 0.074
4174.63405 19.842 0.075
4174.64849 19.960 0.080
4174.66292 19.794 0.068
4174.67808 19.791 0.075
4174.69253 19.732 0.065
4174.70696 19.834 0.072
4174.72418 19.848 0.072
4174.73862 19.681 0.069
4174.75305 19.787 0.080
4174.76782 19.839 0.084
4175.66592 19.715 0.077
4175.69180 19.607 0.072
4175.71723 19.826 0.092
4175.74260 19.680 0.086
4176.56732 19.794 0.069
4176.57918 19.989 0.086
4176.59049 19.875 0.070
4176.60178 19.935 0.073
4176.61428 19.640 0.062
4176.62559 19.835 0.085
4176.63685 19.837 0.071
4176.64813 19.838 0.065
4176.65938 19.769 0.067
4176.67071 19.727 0.059
4176.68242 19.814 0.067
4176.69368 19.820 0.062
4176.70500 19.938 0.077
4176.71627 20.006 0.076
4176.72753 20.077 0.077
4176.73883 20.051 0.081
4177.56559 20.188 0.152
4177.57685 19.560 0.081
4177.58809 19.964 0.111
4177.59935 19.971 0.108
4177.61062 19.707 0.083
4177.62193 19.720 0.084
4177.63366 19.706 0.074
4177.64492 19.682 0.068
4177.65623 19.762 0.077
4177.66750 19.729 0.062
4177.67882 19.860 0.071
4177.69013 19.853 0.076
4177.70182 20.003 0.094
4177.71311 20.072 0.096
4178.55593 19.930 0.102
4178.56723 19.733 0.087
4178.57853 19.757 0.075
4178.58978 19.855 0.081
4178.60102 19.737 0.073
4178.61229 19.657 0.062
4178.62376 19.787 0.072
4178.63504 19.866 0.075
4178.64632 19.935 0.085
4178.65759 19.915 0.093
4178.66888 20.180 0.097
4178.68015 19.883 0.076
4178.69171 19.929 0.101
4178.71429 19.657 0.087
4179.66864 19.768 0.069
4179.69399 19.811 0.072
4179.71779 19.646 0.063
4179.72906 19.809 0.070
4179.74475 19.715 0.066
4179.75642 19.890 0.082
4180.55733 19.831 0.108
4180.56887 19.889 0.107
4180.58039 19.800 0.089
4180.59200 20.067 0.139
4180.60330 19.985 0.092
4180.61456 20.179 0.116
4180.62587 19.864 0.084
4180.63714 19.718 0.069
4180.64840 19.821 0.075
4180.66006 19.715 0.071
4180.67135 19.650 0.064
4180.68261 19.631 0.061
4180.70520 19.839 0.077
4180.71648 19.804 0.073
4181.55598 19.730 0.093
4181.56760 19.865 0.086
4181.57920 19.943 0.097
4181.59077 19.956 0.107
4181.60435 19.765 0.078
4181.61599 19.887 0.103
4181.63096 19.893 0.093
4181.64266 19.416 0.070
4181.65434 19.940 0.098
4181.66605 19.618 0.074
4181.67729 19.633 0.070
4181.68855 19.730 0.072
4181.69984 19.843 0.075
4181.71113 19.841 0.090
4181.72241 19.955 0.091
4181.73398 19.729 0.072
4181.74526 19.789 0.082
4181.75654 19.763 0.086
4182.54992 19.813 0.084
4182.56136 20.032 0.110
4182.57308 19.997 0.106
4182.58432 19.797 0.094
4182.59557 19.826 0.080
4182.60712 19.898 0.098
4182.61842 19.635 0.073
4182.62970 19.649 0.066
4182.64098 19.840 0.079
4182.65227 19.830 0.086
4182.66355 19.895 0.079
4182.71900 19.828 0.078
4182.73197 19.736 0.074
4182.74328 19.828 0.081
4183.54073 19.918 0.114
4183.55544 19.862 0.085
4183.56705 19.705 0.069
4183.57830 19.829 0.084
4183.58961 19.810 0.077
4183.60087 19.795 0.073
4183.61214 19.622 0.061
4183.62344 19.822 0.074
4183.63490 19.907 0.080
4183.64621 19.778 0.073
4183.65749 20.196 0.125
4183.66879 19.894 0.084
4183.70292 19.923 0.094
4184.53997 19.634 0.079
4184.56062 19.697 0.082
4184.57210 19.843 0.081
4184.58356 19.814 0.077
4184.59512 19.847 0.083
4184.60641 19.791 0.082
4184.61768 20.120 0.103
4184.62898 20.010 0.096
4185.58702 19.641 0.088
4185.60224 19.975 0.106
4185.61396 20.124 0.131
4185.62527 19.853 0.097
4185.63656 19.867 0.096
4185.64814 19.944 0.101
4190.52709 19.814 0.111
4190.53866 19.673 0.097
4190.55154 19.782 0.100
4190.56315 19.868 0.106
4190.57443 19.745 0.093
4190.58572 19.859 0.095
4190.59734 19.906 0.102
4190.60865 20.085 0.129
4191.56545 19.769 0.127
4191.57715 19.873 0.149
4191.58885 19.933 0.153
4191.60015 19.807 0.136
4191.61136 19.822 0.129
4191.62304 19.915 0.137
4191.63432 19.693 0.127
4191.68178 19.919 0.168
4192.54215 19.873 0.113
4192.55340 19.963 0.136
4192.56468 20.062 0.150
4192.57595 20.136 0.167
4192.67965 19.840 0.127
4192.69090 19.903 0.125
4192.70220 20.255 0.201
4192.71349 20.027 0.156
4192.72478 19.957 0.160
4192.73605 19.534 0.109
4192.74827 19.602 0.119
4193.52960 19.782 0.115
4193.54088 20.027 0.149
4193.55216 19.585 0.085
4193.56345 19.684 0.089
4193.66840 19.991 0.116
4193.67964 19.913 0.119
4193.69090 19.847 0.117
4193.70216 19.616 0.098
4193.71347 19.678 0.114
4193.72474 19.789 0.143
4194.58836 19.844 0.092
4194.59967 19.753 0.092
4194.61098 19.878 0.115
4194.62225 19.837 0.101
4194.63350 19.771 0.099
4194.64480 20.023 0.123
4194.66531 19.684 0.090
4194.67661 19.780 0.097
4194.68785 19.930 0.107
4194.69914 19.773 0.102
4194.71041 19.697 0.098
4194.72164 19.612 0.092
4194.73554 19.554 0.079
4194.74683 19.748 0.104
4196.55126 19.884 0.111
4196.56253 19.939 0.119
4196.57380 19.764 0.101
4196.58510 20.048 0.125
4196.59637 20.154 0.166
4196.60764 20.032 0.138
4196.67278 19.774 0.102
4196.68403 19.586 0.103
4197.51867 19.762 0.081
4197.52998 19.906 0.094
4197.54129 19.991 0.090
4197.55253 19.902 0.081
4197.56378 19.908 0.081
4197.57506 19.645 0.074
4197.58677 19.701 0.069
4197.59808 19.803 0.086
4197.60939 19.861 0.087
4197.62069 19.847 0.084
4197.63196 19.618 0.070
4197.70373 19.788 0.092
4197.71498 19.713 0.083
4197.72625 19.738 0.092
4197.73753 19.772 0.094
4197.74884 19.756 0.088
4197.78584 19.717 0.098
4197.79712 19.646 0.101
4197.80849 19.875 0.130
4197.81981 20.158 0.179
4198.55440 19.731 0.082
4198.56572 19.853 0.080
4198.57698 19.623 0.069
4198.58824 19.661 0.071
4198.59954 19.839 0.074
4198.61079 19.870 0.074
4198.62225 19.889 0.076
4198.63352 19.710 0.072
4198.64483 19.930 0.087
4198.65608 20.128 0.106
4198.66737 19.887 0.096
4198.67865 19.879 0.097
4198.69021 19.844 0.108
4199.52268 19.820 0.078
4199.53399 19.777 0.074
4199.54525 19.677 0.068
4199.55651 19.758 0.074
4199.56776 19.754 0.075
4199.57903 19.894 0.080
4199.59052 19.782 0.071
4199.60180 19.728 0.067
4199.61305 20.094 0.094
4199.62430 20.001 0.123
4202.65494 19.850 0.097
4202.66625 19.981 0.107
4202.67757 19.795 0.097
4202.68886 19.862 0.099
4202.70011 19.746 0.094
4202.71137 19.903 0.116
4202.72306 19.778 0.092
4203.49833 19.885 0.140
4203.51470 19.997 0.117
4203.52599 20.155 0.119
4203.53729 19.936 0.103
4204.50591 19.710 0.126
4204.51720 20.120 0.157
4204.52849 19.649 0.093
4204.53974 19.751 0.102
4204.55102 19.680 0.088
4204.56232 19.863 0.099
4204.57392 19.834 0.096
4204.58522 19.760 0.086
4204.59651 19.884 0.105
4204.60780 19.623 0.070
4204.61912 19.966 0.102
4204.63038 19.985 0.110
4204.64200 19.843 0.092
4204.65331 19.946 0.109
4204.66458 19.993 0.115
4204.67584 19.731 0.076
4204.68714 19.643 0.086
4204.69842 19.715 0.078
4205.48829 19.786 0.105
4205.49958 19.803 0.093
4205.51091 19.982 0.127
4205.52219 19.786 0.089
4205.53351 19.749 0.102
4205.54479 19.912 0.094
4205.55928 19.736 0.080
4205.57057 19.913 0.085
4205.58189 19.845 0.083
4205.59317 19.983 0.109
4205.60444 19.941 0.105
4205.61574 19.920 0.103
4205.62733 19.887 0.093
4205.63860 19.773 0.075
4205.64988 19.664 0.073
4207.61336 19.861 0.088
4207.62466 19.748 0.080
4207.63594 19.816 0.093
4207.64722 19.746 0.084
4207.65849 19.786 0.077
4207.66978 19.960 0.092
4207.68367 19.866 0.082
4208.48621 19.859 0.129
4208.49755 20.063 0.141
4208.50883 19.941 0.126
4208.52012 19.835 0.107
4208.53144 19.916 0.122
4208.54275 19.921 0.115
4208.55761 19.610 0.084
4208.56887 19.813 0.099
4208.58016 19.564 0.076
4208.59147 19.661 0.077
4208.60357 19.814 0.101
4208.61483 19.867 0.092
4208.62614 19.899 0.095
4208.63746 19.885 0.097
4208.64873 19.995 0.100
4208.65997 19.746 0.083
4208.67228 19.766 0.107
4209.57589 19.803 0.083
4209.58714 19.853 0.087
4209.59895 19.598 0.080
4213.49244 19.853 0.116
4213.50371 19.847 0.107
4213.51505 20.032 0.123
4213.52632 19.880 0.090
4213.53797 19.843 0.095
4213.54925 19.683 0.083
4213.56053 19.712 0.090
4213.57188 19.867 0.112
4215.65312 19.669 0.127
4215.66440 19.878 0.130
4215.67565 19.880 0.120
4215.68694 19.673 0.095
4215.69824 19.896 0.124
4215.70954 20.161 0.181
4216.47500 19.866 0.111
4216.48631 19.746 0.086
4216.49758 19.722 0.080
4216.50882 19.714 0.079
4216.52011 19.770 0.084
4216.53141 19.847 0.093
4217.47494 19.693 0.085
4217.48622 19.756 0.089
4217.49925 19.823 0.089
4217.51056 19.876 0.082
4217.52182 19.982 0.091
4217.53311 19.899 0.085
4217.54439 20.086 0.100
4217.55568 19.667 0.068
4217.56721 19.753 0.078
4217.57847 19.667 0.069
4217.60505 19.784 0.089
4218.48219 19.915 0.154
4218.49349 20.153 0.204
4218.50481 19.853 0.132
4218.51608 19.745 0.127
4219.48358 19.775 0.116
4219.50872 19.875 0.105
4219.53402 19.957 0.096
4219.55926 19.627 0.077
4219.58449 19.837 0.110
4219.60976 19.756 0.095
4220.51288 19.787 0.090
4220.52418 19.837 0.087
4220.53544 19.731 0.091
4220.54672 19.786 0.102
4220.55805 19.763 0.102
4220.56934 19.888 0.108
4220.58088 20.250 0.151
4220.59215 19.891 0.108
4220.60348 19.903 0.101
4220.61480 19.916 0.114
4220.62610 19.649 0.095
4220.63739 19.800 0.113
4221.48139 19.648 0.099
4221.49263 19.755 0.114
4221.50393 19.720 0.100
4221.51520 19.707 0.107
4221.52648 19.644 0.094
4221.53774 19.812 0.099
4221.54977 20.008 0.119
4221.56105 19.941 0.116
4221.57234 19.581 0.083
4221.58360 19.805 0.097
4221.59641 19.958 0.127
4221.60809 19.809 0.104
4221.61970 19.772 0.104
4222.46480 19.437 0.125
4222.47607 19.610 0.107
4222.48734 19.732 0.111
4222.49860 19.783 0.105
4222.59999 19.976 0.138
4222.61130 19.694 0.128
4222.62256 19.882 0.155
4222.63382 19.805 0.131
4224.47295 20.051 0.135
4224.48427 19.838 0.108
4224.49557 19.786 0.104
4224.50686 19.741 0.093
4224.51819 19.841 0.095
4224.52949 19.783 0.111
4225.48325 19.903 0.154
4225.49452 19.778 0.131
4225.50581 19.535 0.097
4225.54995 20.153 0.188
4225.56126 20.529 0.274
4225.57258 19.859 0.150
4225.58386 19.686 0.130
4226.56827 19.575 0.120
4226.63006 19.728 0.137
4227.47000 19.742 0.124
4227.48126 19.751 0.140
4227.49257 19.699 0.113
4227.50391 20.006 0.185
4227.51522 19.895 0.135
4227.52649 20.284 0.204
4227.53817 20.208 0.204
4227.54949 19.754 0.124
4227.56077 19.781 0.134
4227.57206 19.564 0.098
4227.58336 19.719 0.113
4227.59462 19.634 0.106
4227.60705 19.975 0.134
4227.61838 19.707 0.136
4227.62966 19.431 0.087
4227.64093 19.775 0.134
4227.66116 20.106 0.137
4227.67237 19.921 0.113
4227.68369 19.824 0.108
4227.69493 19.739 0.096
4227.70624 19.861 0.110
4227.71752 19.773 0.120
4227.72930 19.528 0.102
4227.74053 20.219 0.225
4227.75185 19.746 0.129
4228.47487 19.467 0.093
4228.48616 20.269 0.188
4228.49742 19.860 0.126
4228.50874 19.978 0.172
4228.52002 19.673 0.094
4228.53132 19.672 0.089
4228.54290 19.823 0.096
4228.55416 19.662 0.092
4228.56545 19.647 0.106
4228.57670 19.638 0.078
4228.58797 19.628 0.088
4228.59924 19.722 0.101
4229.47145 19.738 0.109
4229.48270 19.880 0.132
4229.49403 19.763 0.136
4229.50534 20.094 0.165
4229.51665 19.510 0.076
4229.52787 19.531 0.083
4229.53944 19.624 0.082
4229.55074 19.935 0.111
4229.56199 19.594 0.087
4229.57327 19.863 0.122
4229.58458 19.824 0.131
4229.59587 19.904 0.124
4229.60788 19.787 0.107
4230.47507 20.036 0.158
4230.48640 19.725 0.115
4230.49765 19.956 0.158
4230.50891 19.875 0.123
4230.52016 19.607 0.116
4230.53146 19.720 0.124
4230.54465 20.011 0.163
4230.55598 19.756 0.105
4230.56724 19.961 0.133
4230.57854 19.812 0.129
4230.58986 19.790 0.117
4230.60113 19.780 0.124
4230.62089 19.623 0.088
4231.47654 19.686 0.064
4231.54816 19.866 0.081
4231.55941 19.924 0.087
4231.57066 19.703 0.073
4231.58192 19.664 0.074
4231.59319 19.676 0.071
4231.60446 19.750 0.073
4232.48120 19.644 0.091
4232.49245 19.884 0.125
4232.50376 20.250 0.151
4232.51503 19.993 0.122
4232.52629 20.222 0.128
4232.53753 19.757 0.092
4232.54908 19.854 0.100
4232.56034 19.662 0.084
4232.57162 19.967 0.107
4232.58289 19.598 0.080
4233.55391 19.796 0.129
4233.56521 19.887 0.122
4233.57652 20.040 0.148
4233.58783 19.630 0.103
4233.59911 19.640 0.108
4233.61039 19.886 0.132
4234.47313 19.628 0.093
4234.48441 19.859 0.114
4234.49571 19.918 0.115
4234.50695 19.685 0.090
4234.51826 19.808 0.109
4234.52955 19.825 0.114
4234.54104 20.520 0.193
4234.55232 19.150 0.059
4234.56359 20.098 0.132
4234.57487 19.882 0.113
4235.46865 19.825 0.116
4235.47990 19.807 0.109
4235.49122 19.782 0.097
4235.50248 19.876 0.101
4235.51381 19.933 0.098
4235.52513 19.910 0.097
4235.53680 20.010 0.102
4235.54807 19.880 0.095
4235.55934 19.777 0.080
4235.57064 19.888 0.093
4236.47084 19.657 0.101
4236.48215 19.639 0.115
4236.49342 19.738 0.114
4236.50467 19.565 0.095
4236.51598 19.863 0.126
4236.52726 20.213 0.149
4236.53878 19.694 0.093
4236.55006 19.757 0.088
4236.56135 19.843 0.120
4237.52741 20.428 0.230
4237.53892 20.330 0.200
4237.55020 19.721 0.124
4237.56148 19.712 0.118
4237.57271 19.857 0.139
4237.58400 19.521 0.092
4237.59539 19.584 0.097
4238.54094 19.551 0.151
4239.45658 19.838 0.129
4239.46790 20.008 0.117
4239.47922 20.203 0.141
4239.49053 19.705 0.082
4239.50182 19.778 0.095
4239.51312 19.640 0.076
4239.52915 19.584 0.072
4239.54042 19.756 0.092
4239.55168 19.930 0.112
4240.45513 20.053 0.224
4240.46645 19.575 0.129
4240.47940 19.672 0.101
4240.49067 19.727 0.121
4240.50199 19.692 0.088
4240.51326 19.692 0.087
4240.52451 19.525 0.103
4240.53579 19.597 0.085
4240.54781 19.614 0.108
4241.47055 20.033 0.150
4241.48181 19.797 0.157
4241.49308 20.082 0.139
4241.50437 19.883 0.151
4241.51667 18.935 0.044
4241.53923 19.909 0.102
4243.46932 19.799 0.141
4243.53051 19.463 0.107
4243.55975 19.771 0.138
4244.46153 20.230 0.177
4244.47287 19.986 0.123
4244.48413 19.835 0.100
4244.49539 19.768 0.108
4244.50675 19.747 0.093
4244.51799 19.717 0.100
4244.53171 19.598 0.123
4244.54410 19.850 0.128
4244.55541 19.630 0.106
4244.56671 20.309 0.173
4245.45640 19.933 0.154
4245.46768 20.051 0.160
4245.47901 19.679 0.129
4245.49029 19.796 0.130
4245.50161 20.149 0.157
4245.51291 19.736 0.105
4245.52465 19.939 0.135
4245.53594 20.121 0.143
4245.54720 19.921 0.132
4246.48221 19.979 0.137
4246.54451 19.839 0.102
4246.56989 20.043 0.160
4246.59531 19.861 0.122
4247.45532 19.580 0.166
4247.46661 19.798 0.127
4247.47785 19.732 0.119
4247.48913 19.900 0.151
4247.50042 19.822 0.109
4247.51168 20.098 0.143
4247.52320 19.684 0.087
4247.53451 20.101 0.123
4247.54576 19.638 0.085
4247.55707 19.867 0.121
4249.53467 19.654 0.116
4249.54599 19.832 0.208
4250.47096 19.712 0.154
4250.49881 19.652 0.108
4250.52418 19.617 0.108
4250.54954 19.764 0.111
4250.57491 19.976 0.144
4250.60028 19.697 0.136
4250.62567 19.404 0.118
4253.47538 19.537 0.123
4253.48667 19.547 0.124
4253.49797 19.811 0.164
4255.63230 19.861 0.169
4256.46801 19.646 0.125
4256.47929 19.941 0.140
4256.49059 20.022 0.137
4256.50190 20.046 0.164
4256.51320 19.796 0.103
4256.52453 19.975 0.120
4256.53831 19.896 0.118
4256.54958 19.731 0.104
4257.45720 19.682 0.107
4257.46848 19.732 0.098
4257.47976 19.675 0.101
4257.49148 19.827 0.113
4257.50275 20.068 0.144
4257.51403 19.676 0.108
4257.52578 19.620 0.115
4257.53704 19.697 0.116
4257.55017 19.668 0.103
4258.47511 19.886 0.139
4258.48562 20.069 0.177
4258.49615 19.901 0.134
4258.50669 19.748 0.112
4258.51721 19.713 0.104
4258.52773 19.619 0.102
4258.53859 19.561 0.089
4258.54913 19.811 0.115
4267.45596 19.903 0.152
4267.46650 19.728 0.118
4267.47699 19.653 0.106
4267.48756 19.841 0.121
4267.50184 19.596 0.102
4267.51236 19.892 0.121
4267.52285 19.565 0.097
4268.52295 19.751 0.095
4269.46333 19.610 0.101
4269.47388 19.554 0.101
4269.48440 19.851 0.119
4269.49666 19.775 0.124
4269.50776 19.392 0.078
4270.51534 19.679 0.097
4271.46868 19.978 0.119
4271.47919 19.914 0.111
4271.48971 19.767 0.102
4271.50024 20.295 0.183
4274.45446 20.131 0.245
4274.46498 20.037 0.158
4274.47557 19.794 0.112
4274.48609 19.549 0.080
4274.49663 19.583 0.087
4277.46843 19.845 0.154
4277.47923 19.912 0.176
4277.49380 20.147 0.174
4278.48282 19.785 0.116
4278.49433 19.744 0.122
4278.50519 19.901 0.142
4279.49390 20.057 0.237
4279.52762 20.002 0.236
4279.53814 20.142 0.291
4279.54868 19.775 0.198
4279.55920 19.611 0.181
4279.56968 19.916 0.234
4279.58018 19.781 0.175
4279.59102 19.960 0.218
4282.50157 19.844 0.161
4282.52848 19.487 0.120
4282.53922 19.608 0.143
4282.54976 19.751 0.160
4282.56028 19.819 0.202
4283.45801 20.303 0.248
4283.46854 20.141 0.169
4284.46066 19.793 0.139
4286.46339 20.018 0.206
4308.49204 19.567 0.104
4308.50258 19.734 0.128
4308.51470 19.605 0.104
4308.52522 19.564 0.106
4308.53574 20.021 0.161
4308.54626 20.212 0.203
4308.55677 19.955 0.136
4309.53310 19.550 0.125
4309.54362 19.973 0.180
4461.81981 20.011 0.112
4461.84521 19.620 0.090
4468.82738 19.865 0.074
4468.85232 20.091 0.096
4470.85604 19.776 0.077
4470.86735 19.761 0.114
4471.83582 19.687 0.065
4471.84711 19.783 0.068
4471.85842 19.691 0.065
4471.86969 20.101 0.145
4472.83101 19.583 0.054
4472.84229 19.834 0.068
4472.85354 19.696 0.062
4472.86483 19.967 0.082
4473.80331 19.641 0.118
4473.81457 19.891 0.141
4473.82591 19.752 0.125
4473.83720 19.682 0.099
4473.84850 19.676 0.101
4473.85979 19.994 0.134
4474.86372 19.938 0.106
4476.85921 19.729 0.057
4476.87082 19.804 0.100
4477.85037 19.858 0.087
4477.86203 19.757 0.094
4477.87365 20.045 0.203
4478.84828 19.881 0.064
4478.85989 19.779 0.061
4478.87118 19.814 0.102
4479.87458 19.932 0.141
4481.87245 19.668 0.082
4485.86990 19.519 0.066
4486.87121 19.780 0.094
4487.87582 20.006 0.127
4487.88802 19.623 0.142
4488.87461 19.689 0.106
4490.82504 20.014 0.140
4490.83671 19.599 0.108
4490.84814 20.299 0.212
4491.79554 19.773 0.124
4491.80714 19.803 0.138
4491.81875 19.739 0.108
4491.83024 19.778 0.114
4492.85353 19.896 0.101
4492.86503 19.988 0.098
4492.87643 20.222 0.112
4492.88807 19.830 0.144
4493.78605 19.720 0.073
4493.79778 19.645 0.071
4493.80921 19.695 0.076
4493.82068 19.818 0.091
4493.83215 19.764 0.092
4493.84360 19.626 0.086
4494.82563 19.712 0.074
4494.83711 19.842 0.079
4494.84854 19.565 0.075
4494.86018 19.990 0.105
4494.87172 19.830 0.098
4494.88339 19.813 0.100
4497.82988 19.911 0.093
4497.84058 19.620 0.068
4497.85128 19.845 0.075
4497.86204 20.096 0.091
4497.87272 20.070 0.081
4497.88345 19.918 0.083
4498.79721 19.777 0.065
4498.80801 19.748 0.065
4498.81870 19.749 0.068
4498.82938 19.908 0.077
4498.84026 19.638 0.072
4498.85181 19.821 0.083
4498.86256 19.880 0.086
4498.87329 19.820 0.101
4499.74476 19.770 0.076
4499.75560 19.687 0.067
4499.76632 19.757 0.076
4499.77706 19.660 0.063
4499.78771 19.621 0.059
4499.80865 20.109 0.092
4500.83963 19.650 0.068
4500.85039 19.649 0.072
4501.79029 19.786 0.076
4501.80110 19.880 0.079
4501.81191 19.730 0.069
4501.82257 19.731 0.076
4501.83328 19.693 0.076
4501.84396 19.802 0.083
4501.85472 19.888 0.082
4501.86546 20.018 0.092
4501.87613 19.970 0.100
4502.80568 19.576 0.073
4502.81652 19.564 0.071
4502.82990 19.836 0.102
4502.84086 19.658 0.083
4502.85169 19.923 0.104
4502.86256 20.468 0.165
4502.87330 20.211 0.152
4503.73633 19.799 0.073
4503.74707 19.658 0.084
4503.75781 19.740 0.077
4503.76861 19.945 0.096
4503.77946 19.582 0.078
4504.74516 19.597 0.116
4504.75610 19.800 0.121
4504.77655 19.712 0.105
4504.78733 20.244 0.172
4505.77738 19.925 0.079
4505.78809 19.796 0.074
4505.79883 19.919 0.079
4505.80971 19.640 0.064
4505.82052 20.015 0.090
4505.83125 19.771 0.074
4505.84204 19.654 0.069
4506.79251 19.495 0.067
4506.80317 19.659 0.085
4506.81394 19.836 0.110
4506.82465 19.721 0.098
4506.83561 20.077 0.147
4506.84629 20.239 0.160
4507.78842 19.463 0.068
4507.79913 19.637 0.077
4507.80987 19.749 0.083
4507.82061 19.838 0.106
4507.84376 19.771 0.103
4508.79989 19.778 0.066
4508.81059 19.858 0.078
4508.84652 19.864 0.077
4509.78750 19.769 0.069
4509.79968 19.940 0.079
4509.81042 19.981 0.086
4509.82108 19.985 0.096
4509.83180 19.774 0.074
4509.84296 19.739 0.076
4510.77769 19.825 0.081
4510.78895 19.969 0.089
4510.80022 20.025 0.092
4510.81179 19.789 0.080
4510.82372 19.878 0.100
4510.83699 19.863 0.114
4511.81845 19.654 0.065
4511.83407 19.753 0.079
4512.77812 19.728 0.062
4512.78942 19.673 0.055
4512.80071 19.423 0.050
4512.81556 20.086 0.084
4512.82683 19.579 0.052
4512.83816 19.943 0.076
4513.72855 19.807 0.092
4513.73980 19.873 0.093
4513.75106 19.915 0.096
4513.76260 19.927 0.094
4513.77388 19.983 0.099
4513.78515 19.835 0.107
4513.79688 19.811 0.098
4514.82471 20.173 0.117
4514.83595 19.718 0.087
4515.70365 19.547 0.104
4515.71488 19.862 0.121
4515.72617 20.049 0.137
4515.79456 19.949 0.165
4517.75530 19.565 0.097
4517.76653 19.590 0.122
4517.77784 19.695 0.148
4517.78932 19.703 0.111
4517.80057 19.597 0.114
4517.81185 19.674 0.179
4518.78473 19.916 0.151
4518.79598 19.636 0.122
4518.80727 19.745 0.135
4518.81890 19.541 0.114
4518.83021 19.745 0.124
4519.77426 19.800 0.092
4519.78558 19.902 0.106
4519.79688 20.283 0.203
4519.80840 20.037 0.138
4520.78693 19.981 0.148
4520.80575 19.988 0.152
4520.81701 19.753 0.149
4521.76474 19.856 0.095
4521.77604 19.695 0.091
4521.78736 19.625 0.089
4521.79867 19.664 0.096
4521.80995 19.848 0.121
4522.74085 19.797 0.117
4522.75212 19.797 0.107
4522.76336 19.760 0.106
4522.77506 19.748 0.116
4522.78636 19.508 0.102
4523.74724 19.855 0.097
4523.75849 19.741 0.090
4523.76973 19.868 0.101
4523.78127 19.764 0.092
4523.79249 19.819 0.106
4523.80379 19.933 0.113
4524.73676 19.703 0.060
4524.74799 19.742 0.065
4524.75924 19.574 0.054
4524.77082 19.710 0.069
4524.78211 19.969 0.098
4524.79341 20.383 0.145
4525.74069 19.856 0.079
4525.75245 19.738 0.070
4525.76372 19.927 0.079
4525.77498 19.896 0.093
4525.78657 19.778 0.078
4525.79788 19.854 0.081
4530.71516 19.750 0.058
4530.72642 19.770 0.064
4530.73770 19.949 0.080
4530.74933 19.911 0.078
4530.76063 19.836 0.076
4530.77190 20.025 0.091
4530.78357 19.947 0.090
4531.71971 19.862 0.079
4531.73098 20.079 0.086
4531.74226 20.035 0.090
4531.75368 19.977 0.093
4532.71664 19.968 0.098
4532.72792 19.863 0.089
4532.73921 19.797 0.072
4532.75083 19.861 0.087
4532.76213 19.637 0.068
4532.77342 19.566 0.062
4534.70993 19.792 0.074
4534.72124 19.712 0.069
4534.73256 19.642 0.067
4535.71573 19.608 0.070
4535.72835 19.981 0.100
4535.73962 19.612 0.066
4535.75522 19.766 0.078
4535.76649 19.925 0.107
4535.77781 19.382 0.069
4535.78935 19.750 0.104
4536.70762 19.760 0.077
4536.71891 19.865 0.093
4536.73018 19.737 0.074
4536.75230 19.961 0.110
4536.76358 20.159 0.125
4536.77491 19.886 0.097
4537.69809 19.904 0.073
4537.70977 19.786 0.061
4537.72102 19.809 0.062
4538.69656 19.858 0.079
4538.70785 19.653 0.069
4538.71913 19.680 0.076
4538.73627 19.709 0.074
4538.74754 19.689 0.097
4538.75884 19.708 0.097
4538.77041 19.623 0.085
4539.71544 19.456 0.053
4540.69642 19.772 0.079
4540.70773 19.892 0.086
4540.71902 19.717 0.073
4541.67313 19.880 0.072
4541.68442 19.849 0.079
4541.69573 19.719 0.071
4541.70736 19.832 0.080
4542.70097 19.919 0.093
4542.71225 19.869 0.094
4542.72355 19.800 0.092
4542.73564 19.820 0.101
4542.74689 19.842 0.111
4542.75819 19.709 0.095
4543.66833 20.120 0.137
4543.67963 19.769 0.091
4543.69091 19.928 0.117
4543.70259 20.048 0.130
4543.71387 19.943 0.130
4543.72513 19.926 0.114
4544.66271 20.063 0.136
4544.67402 19.557 0.115
4544.68605 19.773 0.110
4544.69730 20.061 0.120
4544.72671 19.894 0.092
4544.73799 19.581 0.076
4545.67578 19.932 0.092
4545.68706 19.811 0.088
4545.69833 19.878 0.090
4545.70985 19.776 0.081
4545.72115 19.905 0.097
4545.73247 19.891 0.108
4546.62696 19.796 0.088
4546.63823 19.746 0.084
4546.64954 19.635 0.082
4546.66107 19.668 0.086
4546.67233 19.598 0.091
4546.68361 19.945 0.139
4547.66322 19.781 0.093
4547.67448 19.806 0.096
4547.68578 19.989 0.116
4547.69724 19.831 0.115
4547.70852 20.066 0.155
4547.72270 19.862 0.131
4548.64032 19.551 0.124
4548.65754 19.952 0.179
4548.68090 20.035 0.169
4549.66764 19.994 0.097
4549.68069 19.701 0.074
4549.69194 19.747 0.097
4549.70324 19.885 0.089
4549.71486 20.288 0.324
4550.71308 19.815 0.092
4551.66013 19.765 0.073
4551.67144 19.666 0.068
4551.68273 19.756 0.086
4551.69450 19.656 0.080
4551.70577 19.663 0.082
4551.71701 19.879 0.109
4552.63560 19.849 0.082
4552.64749 19.739 0.072
4552.65882 19.798 0.073
4552.67007 19.712 0.075
4552.68154 20.038 0.100
4552.69279 19.774 0.087
4552.70409 19.893 0.101
4556.64627 19.516 0.051
4556.65793 19.728 0.058
4556.66918 19.686 0.057
4556.68042 19.711 0.063
4556.69173 19.762 0.067
4556.70303 19.854 0.071
4557.66296 19.862 0.087
4557.67680 19.837 0.078
4557.68807 19.762 0.080
4557.69937 19.668 0.083
4557.71063 19.883 0.092
4557.72192 19.653 0.077
4557.73400 19.977 0.109
4558.66703 20.113 0.088
4558.67876 19.737 0.063
4558.69002 19.807 0.074
4558.70128 19.810 0.064
4558.71251 19.806 0.066
4559.65289 19.599 0.056
4559.66562 19.612 0.059
4559.67692 19.610 0.062
4559.68815 19.565 0.063
4559.69946 19.751 0.072
4560.64322 19.892 0.074
4560.65484 19.800 0.086
4560.66609 19.772 0.082
4560.68175 20.040 0.084
4560.69307 19.806 0.069
4560.70436 20.073 0.102
4561.62127 19.788 0.073
4561.63298 19.739 0.072
4561.64425 19.683 0.063
4561.65551 19.697 0.066
4564.59992 19.650 0.077
4564.61205 19.983 0.099
4564.62330 19.938 0.084
4564.63460 20.083 0.096
4564.64584 19.673 0.077
4565.64639 19.819 0.070
4566.58649 19.769 0.063
4566.59854 19.781 0.060
4566.60980 20.012 0.071
4566.62107 19.816 0.062
4566.63236 19.641 0.057
4567.64368 19.676 0.076
4567.65498 19.797 0.077
4567.66626 19.745 0.074
4567.67755 19.899 0.091
4568.61893 19.640 0.061
4568.63063 19.722 0.067
4568.64193 20.092 0.085
4569.59930 19.806 0.093
4569.61156 19.521 0.071
4569.62287 19.905 0.103
4569.63417 19.994 0.099
4569.64728 19.809 0.088
4571.58417 19.924 0.103
4571.59616 19.797 0.103
4571.60742 19.745 0.096
4571.61870 19.725 0.081
4571.63001 19.835 0.095
4572.57594 19.926 0.107
4572.58720 19.955 0.113
4572.59850 19.626 0.083
4572.61518 19.861 0.116
4573.59991 19.674 0.075
4573.61117 19.664 0.083
4573.62244 19.736 0.090
4573.63404 19.892 0.093
4573.64536 19.907 0.099
4573.65661 19.964 0.111
4574.57654 19.790 0.082
4574.58784 19.977 0.091
4574.59917 19.914 0.091
4574.61068 19.812 0.084
4574.62193 19.792 0.097
4575.57773 19.822 0.092
4575.58904 19.936 0.105
4575.60035 20.009 0.124
4575.61189 20.011 0.120
4575.62317 19.907 0.110
4575.63447 19.594 0.087
4576.54888 20.015 0.138
4576.56016 20.004 0.137
4576.57147 19.969 0.123
4576.58292 19.923 0.121
4576.59421 19.742 0.110
4576.60545 19.973 0.162
4579.55499 19.629 0.085
4579.56628 19.877 0.103
4579.57753 19.424 0.071
4579.58905 19.884 0.106
4579.60038 19.688 0.100
4581.53893 19.870 0.078
4581.55025 19.878 0.075
4581.56157 19.730 0.075
4581.57303 20.058 0.102
4581.58428 19.827 0.080
4581.59559 19.725 0.077
4582.54459 19.723 0.132
4582.55586 19.696 0.120
4582.56712 20.604 0.253
4582.57872 20.051 0.129
4582.61657 19.627 0.090
4582.62784 19.807 0.129
4582.63912 19.884 0.122
4582.65078 19.790 0.103
4582.66205 19.630 0.104
4582.67335 19.704 0.103
4582.68513 20.212 0.159
4582.69643 19.821 0.119
4583.52816 20.111 0.116
4583.53945 20.233 0.143
4583.55076 20.114 0.131
4583.56223 20.038 0.128
4585.53583 19.661 0.101
4585.54714 19.890 0.107
4585.55846 20.312 0.162
4585.57013 19.855 0.125
4585.63359 19.819 0.104
4585.64490 19.904 0.110
4586.57055 19.759 0.119
4586.58528 19.919 0.113
4587.56374 20.063 0.135
4587.57500 19.973 0.109
4587.58631 20.122 0.186
4588.55204 19.757 0.087
4588.56331 19.670 0.070
4588.57462 19.618 0.071
4588.58614 19.687 0.068
4589.52301 19.698 0.094
4589.53430 19.624 0.084
4589.54555 19.668 0.083
4589.55902 20.041 0.101
4589.57029 19.867 0.080
4589.58160 19.537 0.065
4590.51609 19.759 0.114
4590.52737 19.761 0.100
4590.53868 19.721 0.107
4590.55127 20.014 0.118
4591.55406 20.027 0.106
4591.56540 19.949 0.096
4591.57666 19.725 0.082
4592.56749 19.740 0.094
4592.57879 19.786 0.099
4593.52533 19.622 0.074
4593.53660 19.802 0.089
4593.54791 19.847 0.091
4594.54687 19.778 0.098
4594.55812 19.712 0.107
4594.56945 19.834 0.115
4594.58450 19.728 0.097
4594.59575 20.008 0.121
4595.55514 19.726 0.073
4595.56647 20.019 0.109
4595.59132 20.172 0.122
4595.60287 19.638 0.082
4595.61413 19.952 0.112
4596.56265 19.653 0.086
4596.57390 19.928 0.095
4596.58518 19.712 0.081
4596.59677 19.724 0.078
4596.60804 19.775 0.083
4597.56727 19.629 0.078
4597.57856 19.592 0.084
4597.58984 19.676 0.098
4597.60913 19.596 0.084
4598.50233 19.797 0.086
4598.51363 20.162 0.129
4598.52491 19.867 0.083
4598.53654 19.614 0.058
4598.54781 19.646 0.072
4599.51861 19.801 0.113
4599.52989 19.750 0.101
4599.54118 20.115 0.136
4599.55280 20.065 0.126
4599.56410 19.762 0.100
4599.57535 19.939 0.137
4600.57019 19.996 0.098
4600.58150 19.857 0.086
4600.59275 19.936 0.087
4601.54874 19.611 0.111
4601.56003 19.727 0.105
4601.57132 19.532 0.087
4601.58275 19.730 0.118
4601.59407 19.466 0.094
4601.60530 19.645 0.099
4602.48050 19.700 0.082
4602.49176 20.044 0.108
4602.50306 20.150 0.115
4602.51465 20.209 0.123
4606.53444 19.581 0.087
4606.54569 20.100 0.165
4606.55696 20.128 0.148
4606.56862 19.878 0.110
4606.57989 19.706 0.109
4607.50500 20.154 0.125
4607.51628 19.914 0.102
4607.52755 19.467 0.068
4607.53919 20.192 0.150
4607.55047 20.115 0.166
4607.56168 19.702 0.106
4609.54708 19.701 0.101
4609.55987 19.546 0.093
4609.57118 19.784 0.116
4609.58248 19.838 0.121
4609.59679 20.016 0.142
4610.54619 19.726 0.094
4610.55745 20.023 0.130
4610.56872 20.340 0.215
4610.58097 20.265 0.193
4610.59226 20.167 0.201
4611.51506 20.021 0.131
4611.52638 19.738 0.108
4611.53764 19.940 0.136
4611.55403 19.690 0.111
4611.56530 20.042 0.179
4616.53806 19.825 0.095
4616.54936 19.835 0.137
4616.56065 19.860 0.112
4618.52567 19.866 0.119
4618.53700 19.594 0.101
4618.54826 19.870 0.130
4618.56005 19.702 0.096
4618.57136 19.944 0.118
4624.45849 20.007 0.138
4624.48775 19.813 0.111
4624.50044 19.793 0.117
4624.51170 19.689 0.119
4626.47004 19.505 0.097
4626.50751 19.995 0.146
4626.51919 19.775 0.110
4627.46888 19.891 0.093
4627.48081 19.778 0.076
4627.49802 20.018 0.103
4628.46783 19.829 0.116
4629.45898 20.017 0.122
4629.47065 20.000 0.151
4629.48244 19.970 0.180
4629.49492 19.889 0.119
4630.47370 19.507 0.074
4630.49811 19.704 0.099
4630.50934 19.624 0.105
4631.47896 19.768 0.088
4631.49306 19.953 0.106
4631.50477 19.747 0.082
4631.51603 19.941 0.100
4632.46887 19.646 0.113
4632.48020 19.719 0.141
4632.49150 19.732 0.127
4633.48923 19.607 0.083
4633.50055 19.696 0.092
4633.51301 19.770 0.109
