2695.90043 19.634 0.052
2723.85033 19.576 0.064
2723.86759 19.262 0.046
2723.87823 19.137 0.041
2723.88893 19.148 0.045
2723.89961 19.047 0.044
2723.91032 18.990 0.041
2723.92103 18.970 0.057
2724.82434 19.025 0.035
2724.83502 18.999 0.036
2724.84571 19.047 0.038
2724.85637 19.053 0.038
2724.86881 18.982 0.034
2724.88269 19.007 0.031
2724.89336 18.980 0.028
2724.90401 19.040 0.032
2725.53534 19.160 0.063
2725.54603 19.079 0.060
2725.56565 18.967 0.048
2725.58049 19.085 0.049
2725.59531 19.052 0.045
2725.61038 19.014 0.049
2725.62508 19.096 0.047
2725.63974 19.331 0.052
2725.65439 19.399 0.045
2725.66901 19.553 0.051
2725.68363 19.472 0.048
2725.72344 19.077 0.032
2725.73811 18.978 0.028
2725.75273 19.001 0.028
2725.76736 19.048 0.027
2725.78204 19.026 0.026
2725.79675 19.012 0.027
2725.81770 19.055 0.028
2725.83239 18.992 0.026
2726.53158 19.099 0.048
2726.54225 19.099 0.045
2726.55294 19.234 0.051
2726.56361 19.452 0.052
2726.57432 19.461 0.058
2726.59062 19.598 0.059
2726.60132 19.488 0.055
2726.61201 19.365 0.047
2726.62266 19.129 0.039
2726.63332 19.054 0.034
2726.64402 19.040 0.034
2726.65866 18.982 0.031
2726.66935 18.995 0.030
2726.67998 19.071 0.036
2726.69067 19.000 0.032
2726.70869 18.994 0.030
2726.71937 19.089 0.035
2726.73006 18.978 0.032
2726.74072 19.028 0.031
2726.75140 19.049 0.033
2726.76205 19.022 0.035
2726.77610 18.981 0.035
2726.78765 19.009 0.033
2726.79831 18.998 0.029
2726.80901 18.984 0.029
2726.81970 19.056 0.033
2726.83036 18.995 0.029
2726.84105 19.060 0.032
2727.53345 19.314 0.076
2727.54413 19.223 0.057
2727.55478 19.136 0.058
2727.56599 19.026 0.053
2727.57666 18.981 0.050
2727.58735 19.152 0.046
2727.60194 19.058 0.041
2727.61258 19.083 0.041
2727.62328 19.024 0.035
2727.63393 19.078 0.035
2727.64460 19.046 0.033
2727.65531 18.966 0.031
2727.66597 19.030 0.033
2727.68324 18.948 0.031
2727.69391 19.035 0.035
2727.70461 19.027 0.031
2727.71529 19.046 0.034
2727.72599 19.003 0.031
2727.73671 18.995 0.031
2727.74796 19.011 0.029
2727.75867 19.061 0.030
2727.76932 18.993 0.029
2727.77994 19.012 0.030
2727.79065 19.049 0.030
2727.80137 18.990 0.029
2728.52626 19.058 0.058
2728.53743 18.931 0.060
2728.54812 19.095 0.058
2728.55884 19.039 0.057
2728.57003 18.998 0.047
2728.58071 19.069 0.053
2728.59137 19.044 0.052
2728.60300 19.062 0.056
2728.61362 19.024 0.046
2728.62433 19.101 0.048
2728.64301 19.100 0.050
2728.65370 19.086 0.044
2728.66441 19.036 0.038
2728.67511 19.004 0.031
2728.68579 19.025 0.033
2728.69644 19.032 0.035
2728.70752 19.024 0.034
2728.71819 18.936 0.038
2728.72885 18.912 0.036
2728.75016 18.962 0.035
2728.76085 18.986 0.037
2728.77207 19.009 0.034
2728.78276 19.063 0.036
2728.79347 19.054 0.041
2728.80423 19.045 0.038
2729.54512 18.766 0.053
2729.55944 18.921 0.060
2729.57134 18.811 0.050
2729.58280 18.942 0.053
2729.59414 18.974 0.049
2729.60601 18.971 0.049
2729.61667 19.021 0.049
2729.62740 18.953 0.045
2729.63811 18.919 0.040
2729.64880 19.139 0.051
2729.66374 19.041 0.043
2729.67442 18.995 0.034
2729.68513 18.999 0.032
2729.69577 18.986 0.033
2729.70644 19.043 0.036
2729.71705 19.032 0.033
2729.72880 19.046 0.033
2729.73946 19.088 0.033
2729.75017 19.137 0.035
2729.76083 19.208 0.036
2729.77150 19.447 0.043
2729.78428 19.648 0.057
2729.79493 19.655 0.057
2729.80563 19.574 0.061
2730.52598 19.041 0.048
2730.53726 18.986 0.045
2730.54846 19.104 0.049
2730.55967 18.934 0.040
2730.57267 19.128 0.044
2730.58337 19.051 0.039
2730.59414 19.043 0.037
2730.60487 18.980 0.034
2730.61560 19.052 0.036
2730.62630 19.011 0.033
2730.63775 18.980 0.033
2730.64849 19.081 0.032
2730.65959 19.135 0.036
2730.67032 19.272 0.036
2730.68684 19.521 0.045
2730.69757 19.718 0.054
2730.70888 19.771 0.055
2730.72029 19.602 0.046
2730.73149 19.393 0.038
2730.74277 19.285 0.034
2730.76095 19.063 0.030
2730.77168 18.993 0.027
2730.78349 19.008 0.029
2730.79427 18.993 0.027
2731.54514 19.008 0.044
2731.55587 18.932 0.039
2731.56662 18.994 0.041
2731.57738 19.130 0.045
2731.58809 19.164 0.047
2731.60347 19.532 0.063
2731.61468 19.685 0.072
2731.62595 19.647 0.064
2731.63794 19.531 0.056
2731.64870 19.417 0.045
2731.66011 19.258 0.039
2731.67083 19.116 0.037
2731.68163 18.980 0.032
2731.69284 18.961 0.030
2731.70356 18.990 0.030
2731.71431 19.006 0.029
2731.73635 19.011 0.029
2731.74710 18.929 0.027
2731.75842 19.020 0.030
2731.76953 19.019 0.029
2731.78029 19.026 0.034
2731.79099 18.973 0.032
2732.51915 19.358 0.085
2732.53055 19.565 0.102
2732.54205 19.827 0.133
2732.55342 19.612 0.102
2732.56498 19.146 0.079
2732.58777 19.028 0.053
2732.59901 18.972 0.053
2732.60982 18.898 0.049
2732.62184 19.007 0.046
2732.63259 18.923 0.040
2732.64370 19.004 0.048
2732.65873 19.099 0.041
2732.66940 19.081 0.041
2732.68079 18.967 0.039
2732.69191 19.049 0.040
2732.70264 18.963 0.037
2732.71336 19.160 0.043
2732.72410 19.035 0.037
2732.73538 19.001 0.034
2732.74611 18.991 0.034
2732.75684 18.969 0.032
2732.76757 19.037 0.034
2732.78239 19.026 0.039
2732.79312 18.979 0.035
2733.51771 18.893 0.046
2733.52876 18.993 0.051
2733.53949 18.979 0.046
2733.55058 18.936 0.047
2733.56128 19.017 0.039
2733.57244 19.029 0.047
2733.58322 19.098 0.041
2733.59482 18.973 0.035
2733.60588 19.086 0.039
2733.61733 18.962 0.035
2733.62867 19.015 0.034
2733.63992 19.040 0.033
2733.65625 18.999 0.034
2733.66698 19.049 0.033
2733.67768 18.998 0.034
2733.68900 19.049 0.035
2733.70017 18.984 0.031
2733.71093 19.031 0.031
2733.72164 19.038 0.032
2733.73700 18.992 0.032
2733.74961 19.050 0.035
2733.76038 18.967 0.038
2733.77112 19.010 0.040
2733.78185 18.999 0.042
2734.52137 18.924 0.056
2734.54808 18.846 0.054
2734.55880 18.899 0.050
2734.58391 19.106 0.055
2734.59514 18.977 0.041
2734.60589 19.080 0.043
2734.61659 19.034 0.040
2734.62784 19.079 0.040
2734.63854 19.005 0.038
2734.64927 18.994 0.036
2734.66070 19.017 0.034
2734.67143 18.989 0.033
2734.68216 19.009 0.032
2734.69329 19.038 0.033
2734.70404 18.993 0.031
2734.71478 19.057 0.034
2734.72598 19.109 0.034
2734.73674 19.010 0.029
2734.74748 18.993 0.028
2734.75824 18.994 0.029
2734.76898 19.099 0.032
2734.77968 19.073 0.030
2735.51894 18.941 0.042
2735.53010 18.857 0.038
2735.54145 18.916 0.042
2735.55261 18.968 0.043
2735.56394 18.954 0.038
2735.57537 18.996 0.041
2735.58606 18.959 0.038
2735.60051 19.025 0.040
2735.61156 19.003 0.037
2735.62227 19.024 0.037
2735.63366 19.026 0.036
2735.64529 19.024 0.034
2735.65664 19.089 0.035
2735.66794 19.023 0.033
2735.67906 19.030 0.032
2735.68979 19.091 0.034
2735.70147 19.178 0.039
2735.71288 19.250 0.039
2735.72449 19.389 0.042
2735.73594 19.540 0.049
2735.74732 19.644 0.050
2735.75806 19.464 0.044
2735.76882 19.333 0.038
2735.79563 18.974 0.032
2743.52039 19.770 0.097
2743.53115 19.819 0.098
2743.54186 19.631 0.079
2743.55259 19.478 0.066
2743.56332 19.198 0.052
2743.57405 19.077 0.048
2743.58478 19.041 0.043
2743.59601 19.015 0.044
2743.60673 18.997 0.043
2743.66923 18.945 0.034
2743.67996 19.049 0.038
2743.69069 19.066 0.036
2743.70143 18.991 0.033
2743.71215 18.997 0.033
2743.72289 19.057 0.035
2743.73484 19.032 0.033
2743.74554 19.020 0.032
2743.75631 19.054 0.034
2744.48500 18.841 0.057
2744.51682 19.225 0.071
2744.52692 19.007 0.063
2744.53705 18.990 0.055
2744.54715 19.087 0.057
2744.55728 18.956 0.051
2744.56737 19.050 0.056
2744.57785 19.098 0.052
2744.58792 19.026 0.049
2744.59803 18.998 0.046
2744.61817 19.035 0.042
2744.62829 19.090 0.044
2744.64293 18.996 0.041
2744.65301 18.946 0.037
2744.66309 19.066 0.042
2744.70288 19.019 0.036
2744.71300 18.954 0.033
2744.72311 19.028 0.034
2744.73320 19.000 0.036
2744.74332 18.966 0.034
2744.76002 19.026 0.032
2745.48157 18.784 0.071
2745.49599 18.939 0.067
2745.50674 19.018 0.064
2745.51747 19.044 0.074
2745.53897 18.965 0.078
2745.54968 18.960 0.061
2745.56557 19.183 0.089
2745.57635 19.031 0.059
2745.58710 19.110 0.069
2745.59784 18.984 0.051
2745.60860 18.898 0.043
2745.61937 19.001 0.045
2745.63528 19.040 0.053
2745.64602 18.953 0.052
2745.65673 19.015 0.051
2745.66744 19.018 0.049
2745.67819 19.106 0.049
2748.51879 19.297 0.094
2748.52954 19.149 0.086
2748.54025 19.162 0.074
2748.55097 19.478 0.106
2748.56169 19.662 0.125
2748.59396 19.288 0.090
2748.60471 19.241 0.072
2748.61544 19.037 0.060
2748.62617 19.163 0.063
2748.63687 18.962 0.063
2748.64760 18.955 0.053
2748.66158 19.054 0.050
2748.67230 18.980 0.044
2748.68303 18.980 0.046
2748.69374 19.016 0.045
2748.70450 19.004 0.041
2748.71523 19.055 0.041
2748.72911 18.950 0.042
2748.73986 18.967 0.050
2748.75059 19.033 0.060
2748.76129 18.974 0.046
2748.77199 19.042 0.057
2749.48225 19.509 0.097
2749.49301 19.598 0.084
2749.50381 19.274 0.058
2749.51452 19.209 0.043
2749.52530 19.141 0.043
2749.53604 18.971 0.036
2749.54723 19.064 0.037
2749.55798 19.036 0.036
2749.56875 18.849 0.035
2749.57943 19.050 0.040
2749.59017 18.970 0.035
2749.60096 18.994 0.035
2749.61203 19.046 0.039
2749.62278 19.044 0.040
2749.63352 18.985 0.037
2749.64425 18.998 0.039
2749.65501 19.005 0.039
2749.66575 19.001 0.039
2749.67724 19.004 0.035
2749.68798 18.995 0.039
2749.69868 19.078 0.037
2749.71768 18.995 0.037
2749.72841 18.968 0.035
2749.73915 18.953 0.035
2749.74985 18.951 0.033
2749.76056 18.995 0.039
2749.77130 19.060 0.040
2749.78661 19.000 0.042
2749.79733 18.948 0.046
2749.80800 19.053 0.047
2749.81571 19.092 0.051
2749.82641 18.977 0.052
2749.83715 18.977 0.056
2749.84792 19.077 0.056
2749.85863 18.952 0.060
2750.53246 19.024 0.048
2750.54318 18.939 0.051
2750.55973 19.032 0.045
2750.57568 19.037 0.041
2750.58638 18.998 0.039
2750.59713 18.961 0.037
2750.61354 18.974 0.036
2750.62427 19.103 0.038
2750.63500 19.019 0.036
2750.64572 19.034 0.036
2750.65645 18.986 0.035
2750.67104 18.983 0.034
2750.68180 18.998 0.034
2750.69251 19.012 0.035
2750.70329 19.018 0.033
2750.71735 19.031 0.034
2750.72807 18.947 0.037
2750.73878 19.044 0.034
2750.74952 19.039 0.037
2750.76024 19.003 0.031
2750.77099 19.011 0.032
2750.78239 18.974 0.034
2750.79306 19.050 0.039
2750.80378 19.066 0.039
2750.81449 19.117 0.044
2750.82618 19.344 0.056
2750.83688 19.518 0.073
2750.84761 19.726 0.076
2750.85835 19.838 0.099
2750.86910 19.562 0.085
2751.47771 18.905 0.059
2751.48844 18.959 0.052
2751.49922 18.944 0.048
2751.50996 18.953 0.040
2751.52069 19.109 0.046
2751.53141 19.057 0.040
2751.55336 19.035 0.038
2751.56411 19.064 0.040
2751.57485 19.059 0.039
2751.59302 19.065 0.041
2751.60379 19.029 0.049
2751.61455 19.019 0.047
2751.62527 19.084 0.045
2751.63603 19.077 0.043
2751.64680 19.059 0.044
2751.68939 19.006 0.040
2751.70013 19.041 0.041
2751.71084 18.977 0.045
2751.72157 19.189 0.047
2751.73228 19.167 0.047
2751.75216 19.718 0.082
2751.76767 19.914 0.089
2751.77845 20.143 0.135
2751.78921 19.776 0.106
2751.79994 19.282 0.056
2751.81069 19.204 0.055
2751.82139 19.170 0.054
2751.83689 19.002 0.062
2751.84766 19.196 0.071
2751.85842 18.893 0.052
2751.86915 18.922 0.057
2751.87989 18.950 0.064
2752.47430 18.980 0.066
2752.48509 19.085 0.071
2752.49582 18.908 0.051
2752.50658 19.017 0.056
2752.51732 19.084 0.061
2752.52804 18.933 0.049
2752.53945 19.030 0.051
2752.55018 18.931 0.048
2752.56095 19.068 0.051
2752.57167 18.920 0.044
2752.58240 19.023 0.045
2752.59318 19.035 0.050
2752.60590 19.054 0.040
2752.61662 18.983 0.038
2752.62736 19.154 0.052
2752.63806 19.214 0.048
2752.64881 19.200 0.062
2752.65954 19.524 0.082
2752.67477 19.698 0.088
2752.69097 20.049 0.145
2752.71493 19.529 0.090
2752.72554 19.236 0.060
2752.73944 19.071 0.041
2753.71024 19.031 0.033
2753.72034 19.044 0.035
2753.73045 18.985 0.039
2753.74052 19.075 0.036
2753.75064 19.050 0.035
2753.76072 18.951 0.039
2753.77124 19.010 0.042
2753.78675 19.116 0.047
2753.79734 19.029 0.044
2753.80799 18.983 0.044
2753.81857 18.896 0.041
2753.82922 19.032 0.048
2754.49191 19.438 0.092
2754.50268 19.722 0.095
2754.51344 19.618 0.086
2754.52420 19.571 0.074
2754.53497 19.474 0.064
2754.54568 19.244 0.054
2754.55674 19.223 0.049
2754.56747 19.004 0.038
2754.57819 19.104 0.042
2754.58893 19.074 0.039
2754.59966 19.012 0.035
2754.61467 18.934 0.031
2754.62531 18.972 0.031
2754.63605 19.065 0.035
2754.64681 19.102 0.036
2754.65758 18.967 0.032
2754.66834 18.995 0.032
2754.67906 19.017 0.034
2754.69112 19.004 0.036
2754.70188 18.890 0.036
2754.71262 19.021 0.038
2754.72333 19.026 0.035
2754.73408 19.066 0.039
2754.74480 19.034 0.040
2755.47698 19.208 0.086
2755.49390 18.963 0.055
2755.51058 19.055 0.060
2755.52130 19.095 0.050
2755.53203 19.019 0.047
2755.54273 18.959 0.043
2755.55343 18.993 0.046
2755.56418 19.066 0.038
2755.57555 18.970 0.037
2755.58629 19.023 0.046
2755.59701 18.982 0.037
2755.61506 19.066 0.039
2755.62570 18.974 0.034
2755.63644 18.988 0.033
2755.64713 19.013 0.034
2755.65785 18.970 0.028
2755.66860 18.953 0.032
2755.67936 19.028 0.033
2755.69069 18.975 0.031
2755.70137 18.969 0.029
2755.71210 18.981 0.034
2755.72282 19.014 0.030
2755.73354 18.945 0.031
2755.74425 19.000 0.036
2756.51944 19.201 0.066
2756.53423 18.973 0.050
2756.56833 18.987 0.048
2756.58304 19.103 0.055
2756.59775 18.986 0.049
2756.61242 18.955 0.035
2756.62714 19.085 0.039
2756.64184 19.030 0.032
2756.66940 18.986 0.035
2756.68411 18.940 0.035
2756.69878 19.006 0.034
2756.71350 18.948 0.041
2756.72817 19.008 0.036
2756.74295 19.053 0.034
2756.76005 19.068 0.041
2756.77478 19.222 0.044
2756.78958 19.447 0.056
2756.80435 19.568 0.080
2757.48246 18.988 0.055
2757.49877 19.020 0.047
2757.50947 18.954 0.041
2757.52018 18.960 0.042
2757.53088 18.905 0.036
2757.54161 18.976 0.046
2757.55236 18.993 0.041
2757.57601 18.995 0.039
2757.58679 19.016 0.036
2757.63853 18.989 0.032
2757.64926 19.048 0.033
2757.65998 19.010 0.030
2757.68158 19.113 0.035
2757.69230 19.184 0.036
2757.70300 19.407 0.045
2757.71371 19.517 0.051
2757.72840 19.621 0.060
2757.73901 19.385 0.049
2757.74979 19.274 0.045
2759.49362 18.842 0.048
2759.50441 19.516 0.090
2759.61984 19.001 0.044
2759.63058 18.913 0.040
2759.64132 19.088 0.044
2759.65207 19.051 0.038
2759.66286 19.127 0.043
2759.67360 19.060 0.039
2759.68493 19.087 0.036
2759.69566 18.876 0.034
2759.70640 19.058 0.045
2759.71712 18.989 0.043
2759.73177 19.061 0.046
2759.74251 18.948 0.041
2759.75323 19.028 0.045
2759.76391 19.122 0.048
2760.49288 19.249 0.065
2760.50364 19.157 0.056
2760.51440 19.132 0.048
2760.52512 18.921 0.046
2760.53580 18.959 0.037
2760.54713 19.019 0.046
2760.55784 19.081 0.045
2760.56852 19.005 0.035
2760.57925 19.054 0.034
2760.58999 19.053 0.037
2760.60073 18.996 0.035
2760.61628 19.092 0.035
2760.62702 19.000 0.031
2760.63776 19.008 0.031
2760.65687 19.070 0.038
2760.66743 19.016 0.037
2760.67820 18.997 0.036
2760.68896 18.962 0.032
2760.69969 19.076 0.039
2760.71536 18.950 0.031
2760.73583 19.131 0.043
2760.74645 19.074 0.040
2760.75721 18.998 0.041
2760.76798 19.000 0.043
2761.49997 19.022 0.048
2761.51070 18.973 0.041
2761.52146 19.045 0.040
2761.53221 18.944 0.040
2761.54292 19.065 0.041
2761.55365 19.039 0.036
2761.56541 18.991 0.033
2761.57614 19.025 0.035
2761.58688 18.975 0.032
2761.59760 19.046 0.034
2761.60831 19.053 0.037
2761.61902 18.974 0.035
2761.63008 19.016 0.037
2761.64084 19.034 0.039
2761.65158 19.038 0.036
2761.66262 18.990 0.032
2761.67325 19.074 0.035
2761.68401 18.994 0.034
2761.69473 19.062 0.039
2761.70542 19.054 0.038
2761.71617 19.014 0.035
2761.74441 19.012 0.036
2761.75503 19.073 0.036
2761.76578 19.006 0.037
2762.48854 18.994 0.044
2762.49930 19.029 0.041
2762.51001 19.004 0.043
2762.52077 19.066 0.046
2762.53150 18.997 0.051
2762.54272 19.014 0.045
2762.55348 19.053 0.043
2762.56419 19.072 0.046
2762.57493 18.984 0.041
2762.58569 19.153 0.048
2762.59730 18.977 0.036
2762.60802 19.034 0.040
2762.61871 19.041 0.042
2762.62941 18.857 0.047
2762.64013 19.109 0.045
2762.65086 18.922 0.038
2762.66239 19.130 0.038
2762.67309 18.871 0.054
2762.68385 19.028 0.039
2762.70329 18.886 0.044
2762.71406 19.134 0.047
2762.73234 19.473 0.061
2762.74307 19.732 0.087
2763.51647 18.986 0.046
2763.52715 19.010 0.045
2763.53787 19.063 0.047
2763.54865 18.999 0.049
2763.55942 19.037 0.043
2763.57014 19.008 0.040
2763.58771 19.099 0.045
2763.59849 19.025 0.049
2763.60925 19.032 0.039
2763.62045 19.127 0.040
2763.63118 19.192 0.041
2763.64188 19.287 0.045
2763.65263 19.497 0.083
2763.66334 19.558 0.066
2763.67405 19.741 0.067
2763.68571 19.688 0.089
2763.69646 19.451 0.050
2763.70719 19.364 0.044
2763.73231 19.011 0.032
2763.74305 19.052 0.035
2763.75381 18.987 0.037
2764.48660 18.978 0.054
2764.49736 18.999 0.043
2764.50811 19.067 0.044
2764.51888 18.970 0.040
2764.54036 19.011 0.039
2764.55210 19.002 0.041
2764.56473 19.258 0.055
2764.57546 19.538 0.068
2764.58620 19.698 0.070
2764.59695 19.769 0.070
2764.60766 19.627 0.074
2764.62277 19.428 0.055
2764.63338 19.165 0.038
2764.64411 19.052 0.032
2764.65483 18.987 0.033
2764.68189 19.042 0.036
2764.69249 19.092 0.046
2764.70322 19.116 0.044
2764.71393 18.980 0.039
2764.72465 19.032 0.037
2764.73628 18.996 0.035
2764.74702 18.977 0.039
2765.48723 19.423 0.077
2765.49795 19.720 0.101
2765.50867 19.842 0.115
2765.51944 19.524 0.083
2765.53018 19.373 0.065
2765.54088 19.287 0.052
2765.55214 19.099 0.038
2765.56288 19.011 0.035
2765.57360 19.005 0.032
2765.58430 19.059 0.035
2765.59508 18.982 0.033
2765.60581 18.967 0.031
2765.62110 19.029 0.032
2765.63184 19.041 0.033
2765.64258 18.985 0.033
2765.65334 18.971 0.034
2765.66473 18.923 0.035
2765.67545 18.923 0.034
2765.68618 18.956 0.036
2765.72088 19.033 0.037
2765.73161 19.019 0.044
2765.74240 18.956 0.044
2765.75314 18.909 0.044
2766.49510 19.074 0.049
2766.50584 19.016 0.044
2766.51663 19.002 0.043
2766.52733 19.074 0.045
2766.53810 18.958 0.037
2766.54885 18.988 0.035
2766.55997 18.927 0.033
2766.57071 19.006 0.034
2766.58146 19.019 0.033
2766.59218 19.004 0.030
2766.60620 18.970 0.029
2766.61686 19.038 0.030
2766.62759 19.065 0.031
2766.63833 18.997 0.035
2766.65361 18.987 0.031
2766.66423 19.022 0.033
2766.67496 18.917 0.035
2766.68570 18.948 0.036
2766.70094 19.041 0.032
2766.71158 18.941 0.030
2766.72234 18.972 0.031
2766.73309 19.010 0.032
2766.74383 18.992 0.031
2766.75464 18.955 0.033
2766.76538 19.042 0.036
2767.48611 19.006 0.055
2767.49686 19.002 0.059
2767.50762 18.957 0.059
2767.51837 19.046 0.057
2767.52907 18.991 0.053
2767.53982 18.985 0.042
2767.55127 18.998 0.043
2767.56198 18.910 0.039
2767.57273 18.975 0.041
2767.58350 18.958 0.042
2767.59427 18.994 0.041
2767.61137 19.012 0.042
2767.62208 18.952 0.038
2767.66651 18.963 0.033
2767.67713 18.958 0.039
2767.68785 19.057 0.045
2767.69859 19.085 0.049
2767.70930 18.991 0.041
2767.71999 19.060 0.054
2767.73071 18.979 0.048
2767.74191 18.970 0.048
2767.75263 19.027 0.052
2767.76332 19.292 0.063
2768.49244 18.924 0.066
2768.50319 19.154 0.061
2768.51395 18.841 0.041
2768.52469 18.915 0.048
2768.53545 18.928 0.044
2768.54619 18.868 0.037
2768.55782 18.963 0.046
2768.56856 18.962 0.037
2768.57930 18.942 0.043
2768.59005 18.998 0.037
2768.60074 19.029 0.035
2768.61152 18.971 0.036
2768.62256 18.989 0.038
2768.63325 18.977 0.037
2768.64396 19.003 0.033
2768.65570 19.126 0.032
2768.66645 19.079 0.034
2768.67718 19.245 0.037
2768.68791 19.346 0.043
2768.69862 19.374 0.047
2768.70936 19.629 0.069
2768.72434 19.549 0.065
2768.73508 19.277 0.049
2768.74585 19.214 0.049
2768.75659 19.412 0.074
2768.76803 19.146 0.049
2775.47725 19.121 0.083
2775.48802 19.145 0.090
2775.49873 18.995 0.084
2775.50948 19.000 0.077
2775.52018 18.951 0.062
2775.53522 19.174 0.079
2775.54599 19.204 0.066
2776.78344 19.104 0.072
2776.79417 18.955 0.065
2776.80495 19.025 0.062
2776.81568 18.999 0.067
2776.82642 18.971 0.072
2777.47988 19.092 0.063
2777.49066 19.046 0.053
2777.50137 19.005 0.046
2777.51210 19.009 0.045
2777.52870 18.996 0.041
2777.53936 19.120 0.059
2777.55012 18.947 0.050
2777.56086 19.024 0.053
2777.57160 19.012 0.050
2777.58715 19.012 0.047
2777.59779 18.941 0.042
2777.60851 18.943 0.041
2777.61927 19.066 0.041
2777.62997 18.964 0.039
2777.64067 19.036 0.038
2777.65140 18.913 0.039
2777.66826 19.012 0.044
2777.68395 19.001 0.042
2777.69471 18.964 0.039
2777.70547 19.010 0.040
2777.71619 18.953 0.037
2777.72690 18.994 0.036
2777.73761 19.024 0.037
2777.75018 19.015 0.043
2777.76089 19.052 0.047
2777.77162 19.094 0.055
2777.78234 19.004 0.052
2777.79313 19.084 0.056
2777.80385 19.041 0.057
2777.81564 19.135 0.065
2777.82635 19.071 0.062
2783.55613 18.979 0.034
2784.51233 19.032 0.041
2785.49909 19.009 0.044
2785.51421 18.959 0.044
2785.52482 19.045 0.048
2785.53557 19.092 0.046
2785.54633 18.956 0.043
2785.55709 18.999 0.043
2785.56780 18.978 0.038
2786.48492 19.036 0.077
2786.50635 18.951 0.070
2786.51893 18.954 0.054
2787.57787 18.987 0.034
2793.47463 19.316 0.072
2793.48469 19.330 0.071
2793.49481 19.095 0.067
2793.50648 19.020 0.061
2793.51654 18.943 0.057
2793.53048 18.954 0.050
2794.48480 19.097 0.067
2794.49488 19.068 0.059
2794.50495 19.204 0.080
2794.52561 19.021 0.045
2795.52299 19.171 0.039
2795.54073 20.225 0.097
2796.48162 19.083 0.036
2796.49661 19.031 0.034
2796.50722 19.037 0.031
2796.51799 19.014 0.029
2796.52874 19.076 0.031
2796.53948 19.069 0.029
2797.49959 19.076 0.032
2797.51032 19.173 0.033
2797.52106 19.240 0.035
2797.53183 19.485 0.048
2803.51018 19.625 0.142
2804.46849 19.367 0.108
2804.47921 19.017 0.076
2804.48995 19.032 0.098
2804.50071 19.045 0.080
2804.51349 19.140 0.105
2804.52421 19.035 0.072
2804.53973 18.939 0.063
2804.55053 19.005 0.065
2804.56122 19.200 0.068
2804.57201 19.137 0.062
2804.58275 19.011 0.059
2804.59345 19.052 0.062
2804.60756 19.070 0.068
2804.61831 18.896 0.072
2804.62901 19.182 0.073
2804.63976 19.058 0.062
2804.65366 19.091 0.067
2804.66440 18.985 0.067
2804.67515 19.079 0.075
2804.68593 19.252 0.096
2804.69667 19.157 0.075
2804.71178 19.175 0.077
2804.72249 19.051 0.067
2804.73322 18.925 0.059
2804.74394 18.822 0.063
2804.75468 19.302 0.121
2804.76546 19.037 0.076
2809.49556 19.217 0.046
2809.50631 19.134 0.038
2809.51704 19.003 0.036
2809.52777 19.059 0.044
2809.53852 18.975 0.039
2810.47586 19.001 0.041
2810.48661 18.910 0.037
2810.49735 19.039 0.034
2810.50809 19.010 0.033
2810.51880 18.914 0.034
2810.52950 19.000 0.039
2811.48437 18.907 0.040
2811.49510 18.963 0.044
2811.50582 19.036 0.040
2811.51655 19.078 0.044
2811.52730 18.943 0.035
2812.48410 18.960 0.034
2812.49486 19.011 0.034
2812.50561 19.002 0.033
2812.51635 19.031 0.038
2813.47880 19.007 0.052
2813.48954 19.051 0.046
2813.50027 18.976 0.055
2813.51101 19.118 0.050
2813.52176 19.082 0.045
2814.46797 19.160 0.045
2814.48729 19.578 0.080
2814.49801 19.579 0.069
2814.50877 19.572 0.073
2814.51950 19.446 0.061
2815.46140 19.074 0.052
2815.47214 19.025 0.045
2815.48287 19.024 0.047
2815.49359 19.037 0.053
2815.50431 19.048 0.046
2815.51943 19.105 0.048
2816.47449 19.079 0.042
2816.48723 19.032 0.033
2816.49781 19.056 0.034
2816.50856 19.014 0.031
2816.51931 19.084 0.044
2817.47495 19.019 0.051
2817.48569 19.057 0.052
2817.49647 19.161 0.055
2817.50717 19.195 0.055
2817.51790 19.071 0.045
2818.46433 19.130 0.050
2818.47507 19.074 0.042
2818.48586 19.006 0.039
2818.49658 19.055 0.043
2818.50732 19.099 0.041
2819.47429 18.978 0.048
2819.50694 19.389 0.061
2819.51768 19.682 0.080
2820.47259 19.375 0.058
2820.48331 19.399 0.062
2820.49402 19.136 0.047
2821.46709 19.005 0.038
2821.47781 19.022 0.041
2821.48852 18.942 0.038
2821.49927 18.979 0.036
2830.47407 19.009 0.055
2830.52783 19.778 0.115
2831.47321 19.188 0.056
2831.49253 19.150 0.045
2831.50373 19.012 0.038
2831.52225 18.968 0.041
2831.53340 19.118 0.051
2831.54613 18.913 0.046
2831.55810 19.034 0.053
2831.56882 19.009 0.044
2831.58756 19.035 0.053
2831.59875 19.066 0.054
2831.60947 19.050 0.052
2831.62020 19.034 0.051
2831.63096 18.945 0.048
2831.64171 18.968 0.050
2831.65247 18.971 0.048
2831.66502 18.993 0.052
2831.67574 19.027 0.048
2831.68695 18.949 0.047
2831.69768 19.104 0.070
2831.70843 19.108 0.079
2832.47565 19.011 0.039
2832.48639 18.994 0.037
2832.49715 18.989 0.038
2832.50788 18.947 0.037
2832.51862 18.877 0.039
2832.52930 19.055 0.049
2832.54565 18.972 0.048
2832.55640 18.907 0.045
2832.57958 19.004 0.044
2832.59032 18.969 0.042
2832.60167 19.014 0.048
2832.61286 18.956 0.048
2832.62765 19.214 0.069
2832.63843 19.158 0.061
2832.64914 18.951 0.056
2832.65985 19.051 0.060
2832.67058 18.891 0.055
2832.68240 19.033 0.052
2832.69314 19.062 0.058
2832.70389 18.934 0.048
2832.71459 19.002 0.054
2833.68852 19.123 0.062
2833.69928 19.355 0.083
2833.70998 19.279 0.081
2845.47397 18.992 0.055
2845.48467 19.050 0.071
2845.49540 19.054 0.058
2845.50614 19.032 0.057
2845.51687 19.046 0.050
2845.52759 19.094 0.053
3078.70880 19.701 0.062
3078.71955 19.497 0.045
3078.73025 19.361 0.037
3078.74096 19.213 0.032
3078.75166 19.048 0.028
3078.76650 19.018 0.030
3078.77716 19.043 0.028
3078.78783 19.030 0.029
3078.79853 19.073 0.026
3078.80928 19.051 0.028
3078.81995 18.979 0.027
3079.73069 19.062 0.025
3079.74139 19.144 0.026
3079.75214 19.099 0.025
3079.76284 19.046 0.024
3079.77359 19.052 0.025
3080.72508 19.028 0.030
3080.73579 19.041 0.031
3080.74654 19.096 0.032
3080.75727 19.136 0.036
3081.69548 19.051 0.029
3081.70677 19.079 0.029
3081.71750 19.144 0.033
3081.72880 19.114 0.032
3081.74148 19.147 0.033
3082.72296 19.000 0.024
3082.73400 19.126 0.026
3082.74471 19.081 0.026
3082.75544 19.087 0.025
3083.70966 19.422 0.036
3083.72037 19.606 0.042
3083.73106 19.714 0.046
3084.70123 19.079 0.031
3084.71193 19.077 0.030
3084.72267 19.112 0.030
3084.73334 19.010 0.025
3085.69538 19.121 0.035
3085.70610 19.062 0.032
3085.71677 19.053 0.030
3086.67512 18.991 0.032
3086.68616 19.034 0.032
3086.69683 19.149 0.032
3086.70756 19.109 0.030
3086.71829 19.114 0.030
3087.69188 19.022 0.033
3087.70258 19.090 0.031
3087.71327 19.166 0.037
3088.68854 19.030 0.032
3088.69924 19.016 0.029
3088.71047 19.088 0.032
3088.72115 19.151 0.031
3089.67858 19.778 0.056
3089.68931 19.756 0.052
3089.69999 19.706 0.057
3089.71116 19.415 0.039
3090.68532 19.066 0.030
3090.69606 19.059 0.031
3090.70679 19.084 0.031
3090.71749 19.067 0.030
3091.68596 19.107 0.032
3091.69664 19.093 0.032
3091.70730 19.142 0.032
3091.72241 19.056 0.030
3092.65415 19.113 0.048
3092.66487 19.152 0.044
3092.67556 19.099 0.038
3092.68632 19.140 0.041
3092.69703 19.141 0.033
3092.71279 19.129 0.036
3092.72479 19.146 0.035
3096.63754 19.037 0.048
3096.64828 19.005 0.043
3096.65898 19.174 0.053
3096.66974 19.123 0.047
3096.68041 19.055 0.049
3096.69112 19.049 0.047
3096.70297 19.085 0.040
3096.71364 18.989 0.034
3096.72436 19.080 0.034
3096.73509 19.114 0.034
3097.65330 19.010 0.032
3097.66889 19.046 0.034
3097.68020 19.083 0.033
3097.69094 19.079 0.038
3097.70162 19.016 0.033
3098.66089 19.125 0.035
3098.67158 18.974 0.029
3098.68228 19.050 0.029
3098.69297 19.106 0.031
3099.65189 19.170 0.067
3099.66256 18.992 0.043
3100.67403 19.775 0.070
3100.68475 19.722 0.081
3100.69546 19.509 0.063
3101.61553 19.626 0.083
3101.62621 19.398 0.072
3101.63695 19.109 0.053
3101.64767 19.174 0.058
3101.66291 19.071 0.074
3101.67359 19.197 0.059
3101.68430 19.064 0.044
3101.69503 19.332 0.062
3102.66276 19.068 0.043
3102.67350 19.091 0.040
3102.68541 19.072 0.036
3103.65266 19.203 0.057
3103.66333 18.993 0.047
3103.67403 19.138 0.046
3103.68892 18.996 0.040
3104.64828 19.041 0.034
3104.65903 19.104 0.036
3104.66972 18.995 0.031
3104.68044 19.126 0.035
3104.69111 19.077 0.030
3105.63917 19.022 0.030
3105.64988 19.085 0.031
3105.66060 19.079 0.033
3105.67128 19.200 0.033
3105.68201 19.377 0.041
3105.69266 19.499 0.051
3105.70890 19.683 0.057
3105.71959 19.576 0.051
3106.64241 19.455 0.041
3106.65498 19.289 0.037
3106.66569 19.270 0.033
3106.67795 19.075 0.027
3106.68867 19.005 0.026
3107.65446 19.163 0.039
3107.66556 19.014 0.035
3107.67668 19.084 0.034
3107.68740 19.069 0.032
3108.64639 19.050 0.026
3108.65712 19.005 0.028
3108.66781 18.992 0.028
3109.62663 19.033 0.029
3109.63739 19.036 0.032
3109.64926 19.108 0.032
3109.65999 19.066 0.033
3109.67069 19.101 0.029
3110.63901 19.033 0.045
3110.64973 18.975 0.038
3110.66045 18.999 0.041
3111.61784 19.044 0.048
3111.62860 19.230 0.048
3111.63926 19.624 0.086
3111.64996 19.962 0.119
3112.62395 19.196 0.035
3112.63466 19.128 0.035
3112.64950 19.133 0.032
3112.66020 19.131 0.032
3113.60350 19.080 0.042
3113.61423 19.116 0.042
3113.62492 19.107 0.044
3113.63561 19.117 0.041
3113.64627 19.132 0.039
3113.65701 19.087 0.037
3114.62749 19.097 0.028
3114.63818 19.064 0.028
3114.64885 19.110 0.029
3115.64044 19.047 0.039
3116.61010 19.045 0.039
3116.62082 19.127 0.041
3116.63154 18.953 0.040
3116.64226 19.094 0.042
3118.66785 18.996 0.041
3118.68952 18.954 0.041
3122.53242 19.146 0.066
3122.56158 19.053 0.051
3122.57271 18.898 0.048
3122.58977 19.216 0.060
3122.60082 19.344 0.057
3122.61645 19.339 0.055
3122.62800 19.624 0.073
3124.58776 19.203 0.056
3124.60312 19.143 0.052
3124.61427 19.136 0.055
3124.62498 19.249 0.052
3124.63566 19.079 0.049
3125.57099 19.095 0.053
3125.58193 19.175 0.056
3125.59298 19.268 0.063
3125.60410 19.125 0.050
3128.56463 19.275 0.043
3128.57536 19.369 0.046
3128.58608 19.410 0.047
3128.59675 19.565 0.055
3130.54443 18.985 0.052
3130.55563 19.004 0.057
3130.56635 19.095 0.058
3130.57743 18.940 0.042
3130.58872 19.007 0.047
3130.59988 19.122 0.048
3131.55967 19.051 0.062
3131.57083 19.006 0.056
3131.58190 19.151 0.073
3131.59304 19.127 0.054
3132.57058 19.128 0.041
3132.58131 19.092 0.037
3132.59233 19.060 0.035
3132.60305 19.091 0.035
3132.61374 19.039 0.036
3132.62443 19.195 0.048
3132.63514 19.028 0.040
3132.64584 19.060 0.039
3132.66168 19.199 0.038
3132.70691 19.667 0.060
3132.71759 20.165 0.096
3132.72829 19.800 0.073
3132.73903 19.608 0.075
3132.76177 19.246 0.060
3132.77250 19.231 0.049
3132.78316 19.132 0.060
3132.79395 19.071 0.045
3132.80465 19.126 0.045
3132.82032 19.038 0.045
3132.83104 19.173 0.051
3132.84174 19.079 0.058
3132.85245 19.179 0.053
3132.86377 19.029 0.056
3132.87903 19.059 0.064
3132.88972 18.993 0.055
3133.57913 19.098 0.032
3133.59014 19.187 0.033
3133.60082 19.207 0.033
3133.61152 19.347 0.037
3133.62220 19.600 0.047
3133.63285 19.868 0.055
3133.64358 19.915 0.062
3133.66180 19.576 0.049
3133.67321 19.441 0.043
3133.68389 19.260 0.037
3133.69458 19.196 0.038
3133.70532 19.149 0.034
3133.73529 19.180 0.041
3133.74598 19.116 0.039
3133.75670 19.050 0.039
3133.76740 19.114 0.044
3133.77811 19.034 0.039
3133.78884 19.001 0.038
3133.80002 19.146 0.043
3133.81072 19.115 0.046
3133.82145 19.301 0.061
3133.83217 19.190 0.064
3133.84349 18.991 0.050
3133.85423 19.324 0.071
3133.86523 18.676 0.041
3133.87624 19.114 0.056
3135.51624 19.239 0.071
3135.52698 19.172 0.059
3135.53770 19.218 0.059
3135.54843 19.026 0.053
3135.57462 19.098 0.047
3135.58533 19.057 0.040
3135.59604 19.091 0.042
3135.60674 19.207 0.048
3135.61746 19.141 0.038
3137.47583 19.086 0.055
3137.48654 19.087 0.052
3137.49725 19.132 0.055
3137.51323 19.182 0.056
3137.52389 19.031 0.053
3137.53461 19.037 0.044
3137.55075 19.099 0.039
3137.56146 19.189 0.061
3137.57217 19.199 0.065
3137.59290 19.092 0.051
3137.61134 19.078 0.053
3138.50972 19.010 0.037
3138.52043 19.072 0.038
3138.53115 18.903 0.032
3138.54424 18.893 0.032
3138.55495 19.001 0.033
3138.56569 19.058 0.030
3138.57636 19.101 0.031
3139.49803 19.031 0.042
3139.50878 19.035 0.041
3139.51951 19.101 0.042
3139.53020 19.036 0.051
3139.54094 19.097 0.056
3139.56314 19.164 0.040
3139.57781 19.471 0.050
3139.58850 19.600 0.051
3139.61828 19.322 0.047
3139.62895 19.234 0.043
3140.55388 19.034 0.046
3140.56496 19.059 0.041
3140.57566 18.995 0.036
3141.56704 19.060 0.040
3141.57772 18.994 0.037
3141.58847 19.155 0.042
3142.48156 18.837 0.034
3142.49227 18.984 0.033
3142.50300 19.067 0.037
3142.51370 19.086 0.034
3142.53717 19.058 0.037
3142.54830 19.032 0.034
3142.55901 19.066 0.038
3142.56978 19.063 0.031
3144.54035 19.065 0.030
3144.55105 19.171 0.032
3144.56178 19.098 0.035
3144.57247 19.059 0.039
3144.58322 19.212 0.042
3145.54468 20.590 0.216
3145.55538 19.777 0.088
3145.56607 19.585 0.082
3145.57678 19.349 0.068
3145.58960 19.255 0.063
3145.60027 19.124 0.050
3145.61097 19.198 0.059
3145.62228 19.099 0.044
3145.63302 19.135 0.040
3145.64369 19.102 0.034
3145.65443 19.161 0.034
3146.54592 19.127 0.040
3146.55658 19.240 0.042
3146.56729 19.021 0.038
3146.59813 19.054 0.035
3146.60884 19.126 0.039
3147.51271 19.118 0.051
3147.52392 19.119 0.046
3147.53610 19.069 0.041
3147.54674 19.011 0.044
3147.55746 19.081 0.050
3147.56821 19.105 0.046
3147.57893 19.042 0.040
3147.58961 19.079 0.041
3147.60085 19.032 0.046
3147.61156 19.064 0.042
3151.48573 19.550 0.060
3151.49672 19.511 0.057
3151.50740 19.529 0.054
3151.51814 19.388 0.047
3151.52884 19.249 0.040
3151.53955 19.078 0.034
3151.55093 19.108 0.035
3152.53264 18.952 0.035
3152.55060 19.087 0.039
3152.56131 19.041 0.034
3153.49716 19.008 0.052
3153.51666 18.973 0.038
3153.52734 18.923 0.036
3153.53807 19.171 0.057
3153.54879 19.010 0.038
3153.55947 18.917 0.037
3154.51870 18.997 0.058
3154.52941 19.031 0.052
3154.54010 19.123 0.054
3154.55677 18.974 0.052
3154.56750 19.228 0.065
3154.57820 19.061 0.054
3154.58894 19.134 0.055
3154.59969 19.301 0.060
3156.48375 19.186 0.056
3156.49503 19.245 0.056
3156.50576 19.275 0.061
3156.51704 19.814 0.097
3156.52774 19.777 0.080
3156.53848 19.895 0.088
3158.47293 18.950 0.061
3158.48470 19.112 0.056
3158.49566 18.950 0.070
3158.50637 18.935 0.052
3158.51711 18.958 0.066
3158.52778 19.176 0.094
3159.45657 18.903 0.055
3159.46784 18.973 0.049
3159.48063 19.018 0.051
3159.49173 19.056 0.054
3159.50873 19.176 0.059
3159.51998 19.126 0.051
3159.63060 18.830 0.046
3159.64191 19.096 0.057
3159.65262 18.941 0.046
3159.66388 19.065 0.055
3159.67460 19.050 0.059
3160.50532 19.048 0.043
3160.51644 19.146 0.045
3160.52713 19.144 0.045
3160.53812 19.059 0.042
3160.54884 19.126 0.047
3160.55956 19.049 0.041
3160.60885 19.109 0.045
3160.61955 19.066 0.045
3160.63629 19.434 0.062
3160.69327 19.229 0.046
3160.70419 19.142 0.045
3160.71541 19.083 0.041
3162.46166 19.262 0.054
3162.47291 19.493 0.059
3162.48468 19.506 0.058
3162.49598 19.529 0.055
3162.50671 19.338 0.048
3162.51742 19.249 0.043
3162.52841 19.156 0.043
3163.46366 19.103 0.038
3163.47558 19.043 0.033
3163.48697 19.028 0.032
3163.49810 19.000 0.030
3163.50880 18.941 0.029
3163.51950 19.076 0.033
3164.45696 19.097 0.043
3164.46792 19.063 0.033
3164.48686 19.093 0.034
3164.49849 19.047 0.031
3164.51002 19.015 0.030
3165.45244 18.974 0.060
3165.46485 19.122 0.043
3165.47607 19.074 0.037
3165.48711 19.164 0.037
3165.49822 19.024 0.036
3165.50894 19.055 0.034
3167.47948 19.118 0.059
3167.49056 19.229 0.062
3167.50156 19.687 0.081
3167.51376 19.564 0.076
3168.45754 19.680 0.060
3168.46822 19.495 0.047
3168.47891 19.205 0.035
3168.48965 19.252 0.039
3168.50038 19.054 0.032
3168.51110 19.040 0.032
3169.46299 19.054 0.042
3169.47374 18.927 0.041
3169.49649 19.012 0.035
3169.50745 19.181 0.039
3171.46381 18.998 0.031
3171.47449 19.030 0.029
3171.48517 19.107 0.031
3171.49585 19.087 0.029
3171.50654 19.068 0.028
3172.48896 19.003 0.036
3172.49966 19.014 0.034
3174.45632 18.946 0.035
3174.46699 19.041 0.032
3174.47773 19.051 0.031
3174.48841 18.986 0.034
3175.46089 19.023 0.036
3175.47162 19.006 0.033
3175.48231 19.078 0.033
3175.49304 18.970 0.028
3176.46351 19.049 0.055
3176.48336 19.006 0.048
3178.45625 18.917 0.040
3178.46696 19.289 0.058
3178.47907 19.347 0.054
3178.48980 19.349 0.058
3179.46259 19.517 0.057
3179.47900 19.136 0.034
3179.48967 19.191 0.034
3180.46048 19.044 0.040
3180.47116 19.142 0.036
3183.46169 18.989 0.038
3184.45953 19.414 0.062
3185.45788 19.008 0.043
3215.48609 19.258 0.073
3215.49678 19.156 0.067
3215.50751 19.034 0.053
3215.52336 19.085 0.065
3216.47202 19.079 0.054
3216.48268 19.354 0.073
3216.49334 19.374 0.070
3216.50402 19.657 0.091
3216.51474 19.479 0.086
3216.52546 19.489 0.079
3216.53877 19.252 0.069
3216.54949 19.263 0.065
3216.56020 19.155 0.059
3216.57087 19.083 0.058
3216.58159 19.068 0.057
3216.59235 18.965 0.055
3216.60806 19.102 0.060
3216.61926 19.277 0.066
3216.63067 19.295 0.088
3515.68353 19.059 0.052
3515.69427 19.104 0.056
3515.70501 19.056 0.049
3516.63062 19.132 0.043
3516.64133 19.115 0.035
3516.65204 19.102 0.033
3516.66276 18.970 0.034
3516.67346 19.017 0.045
3516.68421 19.089 0.044
3516.71068 19.266 0.068
3516.72142 18.990 0.044
3516.73214 18.975 0.045
3516.74289 19.094 0.051
3516.75362 19.153 0.064
3516.76521 18.994 0.040
3516.77595 19.055 0.051
3516.78672 19.255 0.080
3516.79744 19.226 0.075
3543.63650 19.335 0.064
3543.64726 19.116 0.055
3543.65798 19.067 0.076
3543.66873 19.218 0.100
3543.67949 19.149 0.091
3543.69021 19.219 0.097
3543.70129 19.251 0.091
3570.47016 19.547 0.066
3570.48118 19.487 0.059
3570.49188 19.571 0.075
3570.50258 19.305 0.058
3570.51337 19.010 0.044
3570.52667 19.198 0.053
3570.53870 19.089 0.042
3570.54939 19.157 0.059
3570.56013 19.214 0.051
3570.57108 19.168 0.044
3570.58176 19.159 0.044
3570.59250 19.327 0.055
3570.61128 19.162 0.045
3570.62259 19.014 0.044
3570.63359 19.226 0.064
3570.64480 18.877 0.047
3570.65591 18.932 0.057
3571.50616 19.147 0.048
3571.51825 18.996 0.043
3571.52931 19.051 0.052
3571.54004 18.963 0.040
3571.55247 19.226 0.075
3571.56320 19.340 0.084
3571.57394 19.338 0.089
3571.58469 19.284 0.070
3571.60004 18.827 0.050
3571.61119 19.148 0.064
3571.62339 19.129 0.066
3571.63450 19.272 0.087
3870.71877 19.042 0.048
3870.72952 19.043 0.050
3870.74027 19.041 0.049
3870.79438 19.440 0.087
3870.80513 20.055 0.161
4835.85738 19.068 0.034
4837.86185 19.820 0.082
4838.85802 19.044 0.029
4838.86883 19.083 0.041
4839.86282 18.990 0.029
4840.86278 19.101 0.033
4841.86478 19.157 0.036
4843.86565 19.222 0.048
4844.86895 19.096 0.038
4846.86749 19.115 0.032
4848.85858 20.077 0.090
4848.86978 20.027 0.085
4850.87460 19.123 0.040
4851.87429 19.036 0.035
4852.86664 19.036 0.029
4852.87889 18.979 0.043
4853.86410 19.364 0.037
4853.87487 19.572 0.048
4854.86491 19.170 0.032
4854.87577 18.993 0.031
4855.85846 19.113 0.033
4855.86918 19.023 0.031
4855.88000 19.143 0.043
4856.85847 19.056 0.026
4856.86927 19.106 0.026
4856.88011 19.076 0.028
4857.84470 19.032 0.030
4857.85548 19.091 0.029
4857.86442 19.034 0.029
4857.87527 18.973 0.030
4858.84664 19.087 0.031
4858.85734 19.034 0.029
4858.86814 19.089 0.033
4858.87886 19.114 0.034
4858.88971 19.152 0.070
4861.82019 19.005 0.030
4861.83076 19.067 0.032
4861.84139 19.011 0.036
4861.85198 19.074 0.035
4861.85967 19.005 0.030
4861.87037 19.071 0.032
4861.88092 19.079 0.034
4863.80873 19.103 0.029
4863.81933 19.065 0.029
4863.82994 19.152 0.032
4863.84052 19.068 0.030
4863.85109 19.145 0.032
4863.86191 19.133 0.032
4863.87248 19.048 0.032
4863.88307 19.036 0.035
4863.89367 19.106 0.064
4865.82024 19.405 0.045
4865.83083 19.283 0.043
4865.84149 19.216 0.040
4865.85213 19.140 0.037
4866.81821 19.119 0.041
4866.82879 19.099 0.038
4866.83939 19.118 0.038
4867.80782 19.079 0.033
4867.81842 19.098 0.034
4867.82899 19.113 0.035
4868.83136 19.041 0.026
4868.84194 19.036 0.026
4868.85380 19.042 0.027
4869.80872 19.104 0.035
4869.81928 19.071 0.034
4869.82988 19.052 0.035
4869.84044 19.145 0.033
4869.85105 19.038 0.030
4870.80549 19.440 0.053
4870.81609 19.808 0.082
4870.82664 19.885 0.074
4870.83722 19.835 0.076
4870.84780 19.839 0.072
4871.81008 18.996 0.049
4871.82256 19.077 0.049
4871.84005 19.020 0.052
4871.85118 19.106 0.052
4871.86313 19.116 0.051
4871.87636 19.071 0.046
4871.88772 19.041 0.043
4872.79980 19.008 0.052
4872.81038 19.065 0.047
4872.82097 19.062 0.048
4872.83173 19.124 0.045
4872.84229 19.003 0.043
4873.79881 18.975 0.033
4873.80940 19.012 0.035
4873.81995 19.222 0.040
4873.83056 18.982 0.032
4873.84114 19.119 0.037
4874.79270 19.088 0.045
4874.80325 19.021 0.034
4874.81378 19.171 0.039
4874.82438 19.085 0.037
4874.83498 19.088 0.042
4875.79642 19.104 0.035
4875.80703 19.121 0.035
4875.81756 19.102 0.036
4875.82816 19.125 0.037
4875.83871 19.277 0.042
4876.79329 19.554 0.053
4876.80387 19.411 0.041
4876.81445 19.340 0.044
4876.82505 19.213 0.041
4876.83564 19.230 0.039
4877.77866 19.056 0.036
4877.78926 19.160 0.037
4877.79985 19.134 0.034
4877.81044 19.036 0.033
4877.82104 19.057 0.032
4877.83176 19.064 0.033
4878.77673 19.089 0.038
4878.78771 19.046 0.033
4878.79831 19.055 0.036
4878.80892 18.991 0.040
4878.81951 19.089 0.043
4879.76517 19.068 0.036
4879.77831 18.987 0.040
4879.78891 19.045 0.037
4879.79949 19.096 0.037
4879.81007 19.165 0.046
4879.82115 19.003 0.038
4879.84048 19.077 0.044
4879.85110 19.011 0.045
4879.86036 19.038 0.044
4880.80144 19.173 0.035
4880.81233 19.011 0.030
4880.82292 18.894 0.033
4880.83891 19.056 0.037
4880.84948 19.148 0.034
4880.86008 19.163 0.038
4880.87068 19.326 0.043
4880.88150 19.458 0.046
4880.89208 19.728 0.062
4880.90265 19.846 0.125
4881.78211 19.275 0.038
4881.79273 19.338 0.038
4881.80331 19.501 0.048
4881.81389 19.645 0.054
4881.82448 19.848 0.062
4881.83506 19.835 0.064
4881.84570 19.642 0.054
4881.85628 19.497 0.053
4881.86688 19.199 0.038
4881.87744 19.213 0.038
4881.88842 19.035 0.033
4881.89902 19.002 0.042
4882.77315 19.349 0.037
4882.78373 19.282 0.036
4882.79432 19.144 0.035
4882.80487 19.207 0.032
4882.81544 19.111 0.031
4882.82603 19.041 0.031
4882.83661 19.025 0.027
4882.84720 19.093 0.030
4882.85775 18.999 0.027
4882.86836 19.065 0.030
4882.87910 19.079 0.033
4882.88963 19.056 0.034
4882.90022 19.117 0.038
4883.70230 19.093 0.039
4883.71288 19.131 0.036
4883.72347 19.157 0.039
4883.73402 19.052 0.037
4883.74459 19.052 0.035
4883.75618 19.051 0.035
4883.76672 19.015 0.033
4883.77731 19.037 0.033
4883.78834 19.018 0.037
4883.79890 18.985 0.039
4883.80946 19.102 0.038
4883.82027 19.079 0.041
4883.83129 18.931 0.036
4884.70808 19.093 0.032
4884.71867 19.112 0.031
4884.72926 19.062 0.035
4884.73982 19.086 0.034
4884.75040 19.124 0.037
4884.76189 18.999 0.030
4884.77249 19.049 0.034
4885.73205 19.052 0.031
4885.74263 19.038 0.035
4885.75321 19.156 0.035
4885.76384 19.114 0.035
4885.77442 19.056 0.032
4885.78552 19.090 0.034
4885.79607 19.133 0.039
4886.71966 19.084 0.032
4886.73020 19.140 0.033
4886.74082 19.181 0.033
4886.75138 19.069 0.029
4886.76196 19.096 0.031
4886.77408 19.138 0.033
4887.67400 18.979 0.029
4887.68484 19.112 0.031
4887.69543 18.979 0.029
4887.70603 19.145 0.031
4887.71660 18.879 0.024
4887.72769 19.194 0.030
4887.75821 19.526 0.042
4887.77012 19.549 0.044
4887.78086 19.545 0.039
4888.68215 19.576 0.051
4888.69277 19.639 0.052
4888.70334 19.542 0.044
4888.71396 19.450 0.039
4888.72454 19.301 0.038
4888.73556 19.197 0.031
4888.74618 19.111 0.030
4888.75724 19.065 0.028
4888.76825 19.108 0.031
4889.67581 19.024 0.035
4889.68641 19.151 0.038
4889.69702 18.612 0.020
4890.68829 19.280 0.042
4890.69882 19.012 0.032
4890.70941 19.073 0.033
4890.72000 19.009 0.030
4890.73062 19.016 0.027
4890.74165 19.042 0.029
4890.75252 19.032 0.029
4890.76441 19.091 0.032
4891.67592 18.910 0.040
4891.68645 18.891 0.036
4891.69704 19.066 0.045
4891.70763 19.107 0.037
4891.71825 19.004 0.031
4891.72974 19.067 0.031
4891.74163 19.031 0.030
4891.75320 19.085 0.033
4892.68660 19.028 0.038
4892.69719 18.911 0.039
4892.70778 19.049 0.036
4892.71833 19.039 0.035
4892.72892 19.141 0.040
4892.74015 19.038 0.038
4892.75278 19.066 0.035
4894.67340 19.427 0.070
4894.69457 19.215 0.055
4894.76591 18.942 0.046
4895.69051 19.059 0.033
4895.70108 18.996 0.029
4895.71168 19.038 0.031
4895.72222 19.100 0.034
4895.73284 19.075 0.035
4895.74452 19.104 0.035
4896.69443 19.227 0.056
4896.70506 19.173 0.044
4896.71564 19.054 0.042
4896.72632 19.135 0.049
4896.73689 19.240 0.047
4896.74798 19.135 0.035
4896.75858 19.062 0.032
4897.66830 19.069 0.053
4897.70012 19.155 0.059
4897.72919 19.085 0.038
4897.73977 19.107 0.039
4898.68182 19.130 0.054
4898.69302 19.111 0.046
4898.70361 19.420 0.073
4898.71419 19.159 0.047
4898.73543 19.342 0.054
4898.74924 19.480 0.060
4899.67530 19.538 0.057
4899.68592 19.708 0.063
4899.69651 19.650 0.066
4900.71750 19.135 0.041
4900.72812 19.067 0.039
4900.73870 19.068 0.041
4900.74927 19.024 0.041
4900.75988 19.041 0.039
4900.77076 18.980 0.042
4900.78136 19.182 0.046
4900.79196 18.928 0.037
4901.69602 19.002 0.041
4901.70663 19.039 0.040
4901.71720 19.055 0.042
4901.72777 19.075 0.042
4901.73837 18.974 0.041
4901.74932 19.051 0.041
4901.75992 18.908 0.038
4901.77054 18.884 0.037
4901.78112 19.162 0.047
4902.70538 19.020 0.039
4902.71596 18.950 0.038
4902.72653 19.088 0.043
4902.73712 18.991 0.038
4902.74771 19.013 0.040
4902.75850 18.971 0.037
4902.76908 19.122 0.040
4902.77964 19.092 0.039
4903.69071 19.006 0.046
4903.70129 18.978 0.041
4903.71191 19.108 0.044
4903.72251 19.010 0.040
4903.73306 19.052 0.038
4903.74394 19.126 0.045
4903.75451 19.243 0.047
4903.76510 19.259 0.041
4903.77568 19.475 0.054
4904.67408 19.323 0.075
4904.68468 19.366 0.068
4904.69528 19.536 0.065
4904.70584 19.639 0.069
4904.71646 20.062 0.117
4904.72737 19.813 0.106
4904.73795 19.691 0.088
4904.74855 19.415 0.059
4904.75908 19.246 0.052
4904.76971 19.082 0.038
4905.68198 19.175 0.055
4905.78002 19.143 0.055
4905.79062 19.202 0.049
4905.80123 19.054 0.045
4905.81184 19.064 0.046
4905.82244 19.067 0.046
4907.66208 19.113 0.045
4907.67264 19.130 0.038
4907.68322 19.210 0.043
4907.69382 19.041 0.033
4907.70440 19.183 0.035
4907.71532 19.105 0.035
4907.72592 19.138 0.040
4907.73650 19.118 0.038
4907.74711 19.245 0.054
4907.75767 19.147 0.044
4907.76880 19.176 0.042
4907.77939 19.173 0.046
4907.78994 19.231 0.043
4907.81102 19.163 0.043
4907.82158 19.070 0.041
4907.83221 19.349 0.081
4907.84287 19.125 0.055
4907.85344 19.143 0.051
4907.86454 19.155 0.051
4907.87511 19.165 0.046
4907.88568 19.166 0.048
4907.89628 19.341 0.064
4907.90684 19.662 0.085
4908.69475 19.158 0.041
4908.70535 19.203 0.040
4908.71592 19.066 0.035
4908.72652 19.161 0.035
4908.73713 19.123 0.039
4908.74802 19.117 0.034
4908.75859 19.078 0.038
4908.76921 19.084 0.032
4908.77982 19.146 0.035
4908.79043 19.134 0.035
4908.80130 19.253 0.042
4908.81182 19.390 0.052
4908.82243 19.471 0.056
4908.83316 19.517 0.051
4908.84379 19.708 0.063
4908.85433 19.361 0.046
4908.86493 19.363 0.047
4908.87552 19.244 0.043
4908.88644 19.226 0.043
4908.89702 19.101 0.038
4908.90758 19.017 0.034
4909.66543 18.991 0.037
4909.67601 19.097 0.042
4909.68660 19.225 0.055
4909.69720 19.085 0.039
4909.70779 19.235 0.042
4909.71856 19.250 0.041
4909.72911 19.370 0.045
4909.73967 19.569 0.059
4909.75027 19.655 0.066
4909.76090 19.526 0.059
4909.77178 19.551 0.062
4909.78239 19.453 0.063
4909.79297 19.281 0.055
4909.80355 19.049 0.047
4909.81412 19.058 0.048
4909.82501 19.064 0.043
4909.83562 19.061 0.038
4909.84620 19.048 0.038
4909.85679 19.008 0.036
4909.86735 19.002 0.039
4909.88287 18.988 0.055
4909.89346 19.082 0.042
4909.90404 19.125 0.055
4909.91466 19.107 0.066
4910.62179 19.115 0.047
4910.63232 19.410 0.055
4910.64290 19.396 0.049
4910.65533 19.532 0.056
4910.66593 19.779 0.059
4910.67656 19.645 0.062
4910.68711 19.597 0.053
4910.69770 19.436 0.053
4910.71334 19.129 0.033
4910.72398 19.183 0.034
4910.73456 19.070 0.028
4910.74518 19.031 0.027
4910.75579 19.027 0.026
4910.76668 19.127 0.028
4911.69750 19.067 0.031
4912.59672 19.025 0.047
4912.60736 18.916 0.035
4912.61796 19.054 0.037
4912.62853 19.056 0.033
4912.63917 19.083 0.033
4912.65009 18.976 0.028
4912.66067 19.028 0.029
4912.67124 19.115 0.030
4912.68183 19.038 0.027
4912.69238 18.986 0.025
4912.70333 18.971 0.027
4913.60341 18.935 0.033
4913.61401 18.999 0.034
4913.62460 18.981 0.033
4913.63517 19.033 0.034
4913.64573 19.035 0.032
4913.65654 19.072 0.034
4913.66709 19.007 0.030
4913.67767 18.982 0.030
4913.68827 18.945 0.030
4913.69885 19.053 0.034
4913.70986 19.014 0.032
4914.66890 19.022 0.031
4914.67948 19.006 0.027
4914.69007 19.017 0.026
4914.70066 19.004 0.026
4915.68139 19.510 0.046
4915.69199 19.913 0.067
4915.70257 19.989 0.075
4915.71677 19.901 0.071
4915.72734 19.585 0.054
4916.61920 19.869 0.070
4916.63281 19.835 0.061
4916.64337 19.445 0.042
4916.65398 19.420 0.040
4916.66457 19.240 0.033
4916.67531 19.116 0.029
4916.68587 19.074 0.029
4916.69647 19.065 0.027
4917.63327 19.200 0.034
4917.64806 19.154 0.031
4917.65865 19.056 0.030
4917.66920 19.014 0.027
4917.67984 19.085 0.030
4917.71795 18.970 0.029
4918.61347 19.029 0.033
4918.62408 19.153 0.035
4918.63468 19.156 0.035
4918.64527 19.098 0.030
4918.65588 19.248 0.036
4918.66643 19.052 0.037
4919.67463 19.116 0.027
4919.68518 19.033 0.026
4919.69580 19.120 0.030
4919.70637 19.241 0.033
4919.71695 19.158 0.030
4920.67081 19.070 0.027
4920.68084 19.085 0.026
4920.69089 19.070 0.034
4920.70092 19.134 0.029
4920.71089 19.471 0.048
4921.65616 19.760 0.072
4921.66618 19.854 0.074
4921.67619 19.638 0.072
4921.68618 19.384 0.057
4921.69621 19.258 0.050
4921.70622 19.174 0.040
4921.71636 18.989 0.033
4924.65635 19.160 0.033
4924.66648 18.989 0.030
4924.67661 19.039 0.030
4924.68670 19.020 0.031
4924.69682 19.029 0.029
4924.70722 19.025 0.029
4925.65895 19.024 0.029
4925.66908 19.067 0.030
4925.67917 19.051 0.027
4925.68927 19.072 0.029
4925.69940 19.056 0.029
4926.60055 18.994 0.036
4926.61063 19.052 0.034
4926.62072 19.079 0.033
4926.63080 19.072 0.039
4926.64091 19.100 0.037
4926.65101 19.066 0.034
4926.66112 19.240 0.040
4926.67122 19.381 0.048
4926.68133 19.690 0.060
4926.69174 19.792 0.059
4926.70184 19.825 0.067
4927.64594 19.649 0.079
4927.65604 19.319 0.055
4927.66617 19.197 0.052
4927.67629 19.056 0.038
4927.68640 19.115 0.038
4927.69678 19.150 0.042
4928.64089 19.001 0.031
4928.65097 19.114 0.037
4928.66108 19.121 0.034
4928.67119 19.066 0.033
4928.68130 19.050 0.033
4928.69140 19.043 0.037
4929.62619 18.960 0.044
4929.63627 19.203 0.052
4929.64638 19.177 0.048
4929.65648 19.157 0.045
4930.63992 19.165 0.047
4930.64999 19.120 0.040
4930.66006 19.047 0.036
4930.67018 19.096 0.042
4930.68026 19.134 0.040
4930.69040 19.115 0.038
4931.64009 19.067 0.051
4931.65020 19.138 0.047
4931.66030 19.134 0.049
4931.67043 19.065 0.042
4931.68053 19.022 0.045
4932.62811 19.471 0.054
4932.63822 19.559 0.062
4932.64832 19.506 0.057
4932.65843 19.512 0.063
4932.66851 19.283 0.058
4932.67862 19.302 0.053
4933.62673 18.960 0.050
4933.63683 19.148 0.048
4933.64691 19.105 0.039
4933.65700 19.055 0.045
4933.66710 19.030 0.048
4933.67719 18.992 0.047
4934.62349 18.857 0.033
4934.63361 19.036 0.039
4934.64371 18.945 0.037
4934.65383 19.096 0.041
4934.66391 19.126 0.042
4934.67402 18.991 0.035
4934.69033 19.002 0.036
4934.70044 18.996 0.035
4934.73565 19.062 0.051
4934.74575 18.944 0.041
4935.61070 18.997 0.034
4935.62080 18.962 0.032
4935.63093 19.014 0.035
4935.64105 19.038 0.033
4935.65116 19.007 0.030
4935.66126 19.061 0.031
4935.67137 19.116 0.036
4935.68146 19.031 0.039
4935.69157 19.056 0.036
4935.70172 19.081 0.032
4935.71180 18.970 0.033
4935.72189 19.106 0.036
4935.73202 19.118 0.036
4935.74212 19.057 0.037
4935.75222 18.973 0.038
4935.77688 18.964 0.035
4935.78699 19.089 0.039
4935.79707 19.063 0.039
4935.80717 19.288 0.043
4935.81728 19.202 0.047
4935.82739 19.478 0.052
4935.83790 19.657 0.062
4935.84797 19.920 0.076
4935.86108 20.039 0.101
4935.87118 19.436 0.064
4935.88128 19.667 0.084
4935.89137 19.320 0.073
4935.90160 19.388 0.073
4935.91170 19.166 0.053
4936.61083 19.089 0.037
4936.62095 19.063 0.036
4936.63105 19.095 0.039
4936.64113 19.106 0.039
4936.65121 19.053 0.039
4936.66134 19.052 0.035
4936.67144 19.003 0.033
4936.68154 19.103 0.036
4936.69162 19.070 0.037
4936.70171 19.020 0.036
4936.71182 19.139 0.048
4936.74343 19.491 0.064
4936.78144 19.899 0.076
4936.79156 19.553 0.058
4936.80167 19.476 0.058
4936.81176 19.220 0.046
4936.82187 19.135 0.040
4936.83195 19.081 0.039
4936.84322 19.067 0.042
4936.85332 19.116 0.042
4936.86343 19.284 0.051
4936.87355 19.198 0.054
4936.88361 19.062 0.044
4936.89372 18.993 0.044
4936.90426 19.212 0.046
4937.61295 19.159 0.030
4937.62305 19.031 0.027
4937.63315 19.099 0.031
4937.64324 19.211 0.033
4937.65332 19.269 0.035
4937.66342 19.485 0.048
4937.67350 19.920 0.070
4937.68358 19.954 0.063
4937.69370 19.882 0.064
4937.70380 19.581 0.046
4937.71390 19.318 0.038
4937.72400 19.427 0.046
4937.73409 19.168 0.037
4937.74419 19.094 0.037
4937.76013 19.184 0.035
4937.77028 19.101 0.028
4937.78041 19.078 0.029
4937.79052 19.223 0.032
4937.80062 19.191 0.031
4937.81074 19.183 0.036
4937.82083 19.078 0.031
4937.83091 19.139 0.031
4937.84101 19.011 0.030
4937.85117 19.078 0.032
4937.86126 19.178 0.040
4937.87136 19.062 0.033
4937.88146 19.149 0.034
4937.89156 19.043 0.032
4937.90166 18.998 0.034
4938.60801 19.792 0.080
4938.61815 19.714 0.076
4938.62824 19.723 0.076
4938.63835 19.372 0.054
4938.64848 19.234 0.045
4938.65858 19.195 0.043
4939.61553 19.164 0.040
4939.62563 19.193 0.037
4939.63574 19.097 0.035
4939.64587 19.078 0.033
4939.65599 19.143 0.041
4939.66610 19.102 0.037
4940.62279 19.130 0.041
4940.63292 19.157 0.035
4940.64301 19.166 0.034
4940.65311 19.024 0.033
4940.66324 19.286 0.041
4940.88119 19.795 0.102
4940.89132 19.596 0.071
4941.59880 19.145 0.041
4941.60890 19.058 0.042
4941.61902 19.038 0.038
4941.62910 19.056 0.035
4941.63920 19.176 0.038
4941.64932 19.223 0.036
4941.65967 19.066 0.033
4942.61218 19.123 0.032
4942.62229 19.061 0.031
4942.63240 19.218 0.034
4942.64253 19.057 0.035
4942.65262 19.039 0.038
4943.59932 19.231 0.035
4943.60941 19.369 0.039
4943.61953 19.521 0.046
4943.62961 19.543 0.050
4943.63974 19.752 0.056
4943.64984 19.676 0.056
4944.60712 19.105 0.028
4944.61722 19.132 0.029
4944.62732 18.984 0.027
4944.63744 19.059 0.028
4944.64757 19.047 0.030
4945.58832 19.099 0.031
4945.59841 18.991 0.028
4945.60852 19.031 0.028
4945.61861 19.051 0.028
4945.62871 19.082 0.030
4945.63883 18.959 0.027
4945.88727 19.315 0.051
4946.60481 19.033 0.031
4946.61489 19.058 0.029
4946.62499 19.044 0.031
4946.63511 19.007 0.029
4946.64519 18.983 0.028
4946.88029 19.392 0.054
4947.60530 19.034 0.028
4947.61542 19.000 0.026
4947.62556 19.005 0.026
4947.63565 19.032 0.027
4947.88497 19.231 0.058
4948.60365 19.005 0.033
4948.61377 19.113 0.035
4948.62385 19.200 0.039
4948.63397 19.272 0.038
4948.88067 19.100 0.040
4949.58762 19.935 0.055
4949.59771 19.695 0.049
4949.60778 19.665 0.047
4949.61785 19.521 0.038
4949.62795 19.309 0.032
4949.63805 19.187 0.032
4949.85289 19.129 0.038
4949.86022 19.073 0.036
4949.87032 19.146 0.039
4949.88040 19.064 0.038
4950.58546 19.051 0.035
4950.59558 19.116 0.035
4950.60565 19.188 0.037
4950.61576 19.109 0.031
4950.62590 19.184 0.035
4951.56746 19.139 0.049
4951.57756 19.153 0.043
4951.58767 19.047 0.037
4951.59776 19.174 0.036
4951.60789 19.146 0.032
4951.61802 19.167 0.033
4951.62835 19.072 0.029
4951.87148 19.461 0.099
4952.86345 19.168 0.044
4952.87355 19.094 0.044
4953.57966 19.078 0.031
4953.58974 19.101 0.033
4953.59986 19.113 0.033
4953.60996 19.101 0.035
4953.62002 19.075 0.034
4953.86563 19.042 0.046
4953.87234 19.166 0.051
4954.57039 19.019 0.034
4954.58050 19.075 0.034
4954.59060 19.189 0.040
4954.60069 19.242 0.049
4954.61082 19.314 0.043
4954.62090 19.419 0.047
4954.86794 19.128 0.046
4955.57497 19.316 0.046
4955.58509 19.221 0.041
4955.59518 19.114 0.037
4955.60530 19.142 0.041
4955.61541 19.217 0.043
4964.59742 19.111 0.040
4964.60782 19.014 0.031
4964.62269 19.103 0.034
4964.63300 19.005 0.031
4964.64303 19.150 0.034
4964.65302 19.166 0.034
4964.66370 19.291 0.043
4964.67369 19.314 0.046
4965.59759 19.392 0.050
4965.60786 19.539 0.061
4965.61786 19.855 0.115
4965.62788 19.528 0.068
4965.63788 19.389 0.064
4965.64833 19.416 0.059
4965.65833 19.265 0.050
4965.66833 19.029 0.048
4965.67832 18.985 0.050
4966.52872 19.392 0.054
4966.53927 19.554 0.073
4966.54927 19.559 0.065
4966.55927 19.291 0.048
4966.56954 19.074 0.039
4966.57954 19.164 0.042
4966.58958 19.048 0.035
4966.60014 19.165 0.038
4966.61014 19.106 0.034
4966.62019 18.998 0.031
4966.63056 19.063 0.038
4966.64055 19.007 0.039
4966.65055 19.080 0.039
4966.66086 19.045 0.038
4967.56840 19.064 0.033
4967.57894 19.055 0.029
4967.58895 18.988 0.027
4967.59924 19.028 0.027
4967.60921 19.045 0.027
4967.61920 18.975 0.027
4967.62979 19.071 0.034
4967.63982 19.017 0.030
4967.65379 18.984 0.033
4967.66380 19.001 0.033
4967.67377 19.000 0.030
4967.68379 18.960 0.036
4968.52070 19.168 0.054
4968.53069 19.111 0.046
4968.56605 18.981 0.034
4968.57607 19.070 0.039
4968.58609 19.039 0.035
4968.59609 19.004 0.034
4968.60607 18.971 0.028
4968.63063 19.036 0.029
4968.64062 19.027 0.031
4968.65065 18.990 0.031
4968.66067 19.006 0.030
4969.62301 19.122 0.032
4969.63341 19.026 0.030
4969.66378 18.998 0.035
4970.56745 19.106 0.039
4970.57890 19.089 0.034
4970.58891 19.058 0.031
4970.59889 19.156 0.034
4970.60890 19.184 0.034
4970.61891 19.307 0.035
4970.62920 19.527 0.046
4970.63918 19.790 0.069
4970.64917 20.237 0.092
4970.65914 19.957 0.066
4970.67331 19.659 0.045
4972.50012 19.683 0.066
4972.51066 19.427 0.047
4972.52092 19.417 0.047
4972.53139 19.249 0.043
4972.54139 19.128 0.039
4972.55137 19.150 0.037
4972.56201 18.955 0.032
4972.57206 19.124 0.034
4972.58206 19.197 0.040
4972.59619 18.957 0.032
4972.60969 19.071 0.034
4972.63148 19.107 0.032
4972.64148 19.088 0.037
4972.65145 19.114 0.035
4972.66546 19.153 0.038
4973.47593 19.188 0.046
4973.48632 19.182 0.044
4973.50090 19.255 0.046
4973.51139 19.167 0.043
4973.52136 19.109 0.039
4973.53140 19.071 0.035
4973.54140 19.218 0.040
4973.55662 19.097 0.032
4973.56662 19.057 0.032
4973.57664 19.090 0.032
4973.58665 19.046 0.027
4973.60397 19.067 0.025
4973.61482 19.141 0.027
4973.62481 19.097 0.028
4973.63482 19.108 0.028
4973.64540 19.099 0.028
4973.65540 19.046 0.031
4973.66539 19.185 0.034
4973.68036 19.073 0.031
4974.51548 19.142 0.047
4974.52715 19.128 0.049
4974.56083 19.050 0.042
4974.57083 19.022 0.041
4974.58085 19.049 0.041
4974.59127 19.115 0.044
4974.60128 19.114 0.039
4974.61128 19.041 0.036
4974.62637 19.123 0.036
4974.63665 19.120 0.036
4974.64665 19.073 0.035
4974.65662 18.991 0.029
4974.66702 19.058 0.034
4974.67746 19.050 0.033
4974.68847 19.156 0.034
4975.49410 18.918 0.050
4975.50470 19.085 0.043
4975.51515 19.164 0.049
4975.52516 19.311 0.061
4975.53516 19.046 0.047
4975.54546 19.076 0.046
4975.55546 18.958 0.042
4975.56550 19.054 0.038
4975.57616 19.107 0.043
4975.58615 18.978 0.039
4975.59617 19.000 0.038
4975.60667 19.095 0.038
4975.61669 19.084 0.036
4975.62669 19.107 0.039
4975.63700 18.962 0.039
4975.64700 19.113 0.043
4977.49949 19.334 0.055
4977.50992 19.413 0.053
4977.52030 19.356 0.046
4977.53095 19.645 0.063
