3782.77397 18.217 0.024
3783.68297 18.059 0.025
3783.69432 18.085 0.024
3783.70568 18.017 0.022
3783.71704 18.005 0.022
3783.72841 18.030 0.023
3783.73973 17.992 0.022
3783.75353 18.042 0.023
3783.76489 18.072 0.023
3783.77629 18.122 0.024
3783.79030 18.237 0.025
3783.80167 18.386 0.028
3783.81305 18.461 0.031
3783.82442 18.269 0.026
3783.83576 18.155 0.025
3784.67046 18.342 0.032
3784.68183 18.221 0.026
3784.69320 18.089 0.023
3784.70474 18.065 0.024
3784.71607 18.013 0.021
3784.72743 17.970 0.022
3784.74061 18.003 0.021
3784.75198 17.953 0.020
3784.76331 18.011 0.022
3784.77466 18.038 0.021
3784.78717 18.139 0.024
3784.79859 18.223 0.029
3784.80993 18.337 0.029
3784.82133 18.328 0.029
3784.83265 18.379 0.034
3785.64201 18.265 0.028
3785.65339 18.333 0.031
3785.66478 18.480 0.033
3785.67619 18.387 0.031
3785.68751 18.280 0.028
3785.69887 18.146 0.025
3785.71050 18.103 0.023
3785.72187 17.932 0.022
3785.73327 17.953 0.022
3785.74462 17.987 0.022
3785.75654 17.951 0.021
3785.76791 18.009 0.024
3785.77929 18.019 0.023
3785.79063 18.095 0.026
3785.80200 18.118 0.025
3785.81378 18.231 0.028
3785.82525 18.307 0.029
3786.62668 18.082 0.026
3786.63807 18.150 0.031
3786.64942 18.158 0.027
3786.66091 18.275 0.030
3786.67233 18.375 0.029
3786.68379 18.363 0.030
3786.69515 18.315 0.028
3786.70655 18.234 0.026
3786.71795 18.137 0.025
3786.73046 18.099 0.024
3786.74179 17.998 0.020
3786.75313 17.956 0.019
3786.76450 17.934 0.020
3786.77646 18.012 0.020
3786.78782 18.023 0.021
3786.79920 18.017 0.023
3786.81061 18.160 0.027
3786.82199 18.223 0.029
3787.63038 17.988 0.024
3787.64611 18.075 0.027
3787.65943 18.162 0.025
3787.67081 18.173 0.026
3787.68214 18.272 0.027
3787.69349 18.363 0.029
3787.70486 18.356 0.030
3787.71621 18.299 0.028
3787.72829 18.132 0.023
3787.74008 18.051 0.020
3787.75144 18.031 0.021
3787.76277 18.006 0.021
3787.77410 17.930 0.019
3787.78543 17.988 0.021
3787.79793 17.985 0.021
3787.80929 18.073 0.024
3787.82076 18.090 0.023
3788.62754 17.951 0.021
3788.63888 18.016 0.021
3788.65021 18.069 0.022
3788.66692 18.065 0.021
3788.67831 18.179 0.025
3788.68965 18.225 0.026
3788.70101 18.364 0.028
3788.71237 18.442 0.031
3788.72372 18.338 0.030
3788.73538 18.172 0.023
3788.74673 18.113 0.024
3788.75807 18.086 0.024
3788.77134 17.985 0.023
3788.78267 18.018 0.024
3788.79405 17.970 0.023
3788.80542 18.047 0.024
3788.81677 18.025 0.023
3789.63842 17.948 0.019
3789.64977 17.951 0.020
3789.66132 17.973 0.021
3789.67265 18.005 0.019
3789.68399 18.092 0.021
3789.69561 18.148 0.022
3789.70705 18.276 0.024
3789.71846 18.353 0.026
3789.72982 18.344 0.024
3789.74117 18.286 0.024
3789.75253 18.165 0.023
3789.76455 18.088 0.021
3789.77593 18.010 0.020
3789.78734 18.003 0.020
3789.79901 17.986 0.020
3789.81040 17.960 0.020
3789.82181 17.986 0.022
3789.83541 18.034 0.022
3789.84671 18.058 0.026
3789.85812 18.069 0.026
3789.86946 18.166 0.027
3789.88589 18.386 0.032
3789.89725 18.392 0.034
3790.60905 18.097 0.027
3790.62040 18.053 0.027
3790.63172 18.012 0.025
3790.64328 17.958 0.022
3790.65464 17.968 0.020
3790.66596 17.949 0.021
3790.67732 18.012 0.022
3790.68869 18.048 0.024
3790.70002 18.130 0.024
3790.71174 18.252 0.024
3790.72363 18.352 0.025
3790.73502 18.397 0.027
3790.74635 18.378 0.027
3790.75769 18.255 0.027
3790.76904 18.153 0.025
3790.78038 18.105 0.025
3790.79198 18.046 0.024
3790.80332 18.007 0.024
3790.81466 17.995 0.023
3791.61994 18.103 0.026
3791.63131 18.107 0.027
3791.64267 18.045 0.025
3791.65408 17.969 0.022
3791.66544 17.991 0.022
3791.67679 17.981 0.021
3791.68827 18.000 0.023
3791.69966 18.007 0.023
3791.71112 18.111 0.024
3791.72250 18.206 0.026
3791.73388 18.271 0.027
3791.74521 18.375 0.029
3791.75678 18.389 0.031
3791.76809 18.280 0.031
3791.77943 18.189 0.027
3791.79081 18.088 0.024
3791.80316 18.047 0.026
3791.81454 18.008 0.026
3792.60584 18.312 0.032
3792.61715 18.238 0.029
3792.62999 18.121 0.027
3792.64136 18.082 0.025
3792.65271 18.064 0.025
3792.66411 18.011 0.024
3792.67545 17.925 0.021
3792.68706 17.996 0.022
3792.69865 17.999 0.022
3792.71000 18.043 0.025
3792.72146 18.110 0.024
3792.73284 18.153 0.024
3792.74423 18.237 0.025
3792.75560 18.362 0.029
3792.76733 18.387 0.029
3792.77866 18.384 0.032
3792.79000 18.279 0.028
3792.80138 18.078 0.025
3792.81276 18.076 0.025
3792.82415 17.841 0.019
3792.83689 17.987 0.022
3792.84923 17.989 0.018
3793.59954 18.403 0.029
3793.61095 18.428 0.031
3793.62229 18.334 0.030
3793.63394 18.182 0.025
3793.64534 18.164 0.025
3793.65667 18.095 0.025
3793.66799 17.994 0.023
3793.67935 18.011 0.021
3793.69085 17.952 0.020
3793.70221 17.957 0.020
3793.71359 17.972 0.021
3793.72496 18.026 0.023
3793.73628 18.101 0.024
3793.74767 18.172 0.026
3793.75988 18.307 0.027
3793.77123 18.344 0.028
3793.78262 18.385 0.030
3793.79685 18.311 0.026
3793.80818 18.223 0.026
3794.59993 18.257 0.033
3794.61132 18.408 0.034
3794.62268 18.381 0.033
3794.63406 18.280 0.029
3794.64545 18.295 0.029
3794.65681 18.130 0.023
3794.66855 18.070 0.022
3794.68004 17.990 0.020
3794.69141 18.018 0.021
3794.70277 17.982 0.019
3794.71413 17.981 0.019
3794.72593 17.985 0.019
3794.73725 17.915 0.017
3794.74965 18.096 0.021
3794.76100 18.189 0.024
3794.77236 18.313 0.025
3794.78375 18.463 0.030
3794.79508 18.401 0.027
3794.80646 18.297 0.029
3795.59214 18.101 0.029
3795.60349 18.187 0.031
3795.61483 18.332 0.037
3795.62618 18.486 0.042
3795.64888 18.332 0.035
3795.66058 18.240 0.029
3795.67196 18.106 0.026
3795.68333 18.057 0.025
3795.69468 18.035 0.023
3795.70600 17.926 0.021
3795.71740 17.964 0.022
3795.73173 18.008 0.022
3795.74309 18.051 0.024
3795.75445 18.069 0.025
3795.76576 18.104 0.024
3795.77722 18.246 0.030
3795.78856 18.290 0.028
3795.80010 18.436 0.033
3796.59954 18.112 0.024
3796.61085 18.189 0.026
3796.62221 18.225 0.027
3796.63358 18.346 0.031
3796.64490 18.364 0.029
3796.65624 18.408 0.030
3796.66800 18.314 0.027
3796.67957 18.153 0.027
3796.69092 18.072 0.022
3796.70230 18.020 0.021
3796.71479 17.972 0.021
3796.72614 17.956 0.021
3796.73750 17.933 0.021
3796.74890 17.992 0.022
3796.76029 18.006 0.021
3796.77161 18.080 0.020
3796.78335 18.105 0.024
3796.79473 18.232 0.024
3796.80604 18.328 0.026
3797.59187 17.978 0.024
3797.60320 17.964 0.022
3797.61456 18.134 0.025
3797.62590 18.122 0.024
3797.63722 18.205 0.024
3797.64852 18.290 0.026
3797.66033 18.477 0.029
3797.67170 18.370 0.027
3797.68307 18.208 0.024
3797.69445 18.124 0.022
3797.70578 18.071 0.021
3797.71713 18.012 0.020
3797.72893 17.993 0.020
3797.74031 17.968 0.021
3797.75165 17.916 0.021
3797.76298 17.950 0.022
3797.77430 17.980 0.022
3797.78563 18.031 0.025
3798.59257 17.994 0.022
3798.60391 17.994 0.021
3798.61528 18.069 0.021
3798.62662 18.074 0.021
3798.63799 18.146 0.021
3798.64931 18.255 0.025
3798.66094 18.365 0.027
3798.67234 18.416 0.028
3798.68373 18.402 0.031
3798.69511 18.278 0.027
3798.70644 18.165 0.024
3798.71781 18.056 0.020
3798.72936 18.042 0.019
3798.74073 17.970 0.019
3798.75211 18.009 0.019
3798.76346 17.947 0.018
3798.77480 17.990 0.020
3798.78620 18.069 0.022
3799.64603 18.110 0.031
3799.65736 18.152 0.030
3799.66871 18.342 0.032
3799.68005 18.491 0.041
3799.69142 18.409 0.032
3799.70275 18.395 0.033
3799.71438 18.236 0.032
3799.72576 18.122 0.027
3799.73709 18.091 0.028
3799.74842 18.090 0.027
3799.75978 17.954 0.025
3799.77113 17.917 0.024
3800.58818 17.968 0.026
3800.59950 18.054 0.024
3800.61090 18.036 0.027
3800.62228 18.009 0.028
3800.63363 18.039 0.027
3800.66034 18.147 0.030
3800.67197 18.225 0.028
3800.68374 18.236 0.029
3800.69530 18.415 0.032
3800.70685 18.362 0.034
3800.71890 18.308 0.029
3800.73120 18.194 0.025
3800.74256 18.151 0.028
3800.75392 18.087 0.024
3800.76532 18.013 0.024
3800.77666 17.985 0.030
3800.78804 18.036 0.029
3801.57768 18.201 0.030
3801.58904 18.068 0.025
3801.60039 18.041 0.025
3801.61176 18.003 0.023
3801.62312 17.974 0.022
3801.63449 18.016 0.023
3801.64623 17.985 0.021
3801.65758 18.057 0.023
3801.66895 18.092 0.023
3801.68029 18.122 0.024
3801.69161 18.194 0.025
3801.70299 18.295 0.027
3801.71463 18.372 0.028
3801.72601 18.375 0.030
3801.73739 18.162 0.026
3801.74879 18.130 0.024
3801.76020 18.105 0.024
3801.77160 18.053 0.023
3802.58178 18.278 0.042
3802.59314 18.141 0.031
3802.60450 18.108 0.026
3802.61592 18.066 0.026
3802.62727 17.991 0.024
3802.63864 17.944 0.023
3802.65020 17.988 0.023
3802.66155 18.032 0.022
3802.67285 18.062 0.023
3802.68420 18.113 0.023
3802.69554 18.153 0.023
3802.70688 18.249 0.024
3802.71852 18.337 0.024
3802.72986 18.390 0.031
3802.74125 18.377 0.028
3802.75254 18.201 0.024
3802.76389 18.110 0.024
3802.77527 18.147 0.024
3803.57578 18.465 0.040
3803.58708 18.316 0.032
3803.59843 18.210 0.030
3803.60979 18.106 0.027
3803.62125 18.034 0.025
3803.63264 18.082 0.029
3803.64420 18.007 0.026
3803.65558 18.008 0.027
3803.66694 18.006 0.025
3803.67829 18.003 0.024
3803.68964 18.009 0.023
3803.70101 18.042 0.024
3803.71267 18.205 0.026
3803.72402 18.286 0.028
3803.73544 18.395 0.030
3803.74678 18.383 0.031
3803.75815 18.335 0.032
3803.76952 18.229 0.028
3804.57517 18.376 0.046
3804.58652 18.372 0.046
3804.59787 18.318 0.040
3804.60922 18.354 0.039
3804.62062 18.162 0.034
3804.63200 18.177 0.034
3804.64508 18.037 0.030
3804.65644 18.028 0.030
3804.66782 18.001 0.025
3804.67921 17.975 0.022
3804.69061 18.044 0.024
3804.70197 18.003 0.023
3804.72948 18.238 0.025
3804.74085 18.328 0.026
3804.75232 18.457 0.031
3804.76369 18.424 0.032
3804.77505 18.311 0.027
3805.57225 18.225 0.032
3805.58360 18.273 0.034
3805.59497 18.378 0.033
3805.60628 18.333 0.029
3805.61762 18.322 0.029
3805.62896 18.197 0.025
3805.64055 18.166 0.025
3805.65190 18.066 0.021
3805.66326 18.014 0.019
3805.67467 18.018 0.020
3805.68603 18.030 0.022
3805.69738 17.941 0.020
3805.70937 17.997 0.021
3805.72067 18.008 0.022
3805.73207 18.074 0.026
3805.74342 18.246 0.032
3805.75479 18.330 0.031
3805.76618 18.460 0.037
3806.58928 18.232 0.037
3806.60067 18.277 0.032
3806.61202 18.442 0.037
3806.62338 18.418 0.033
3806.63472 18.277 0.027
3806.64611 18.199 0.025
3806.66237 18.098 0.024
3806.67374 18.032 0.023
3806.68514 17.995 0.022
3806.69649 17.970 0.021
3806.70785 18.001 0.023
3806.71922 18.012 0.027
3806.73096 18.031 0.022
3806.74237 18.133 0.023
3806.75375 18.121 0.027
3807.56050 17.946 0.032
3807.57186 18.006 0.035
3807.58802 18.132 0.034
3807.59938 18.147 0.033
3807.61072 18.259 0.034
3807.62211 18.404 0.041
3807.63349 18.287 0.044
3807.64484 18.241 0.040
3807.65640 18.286 0.040
3807.66777 18.096 0.033
3807.67911 18.065 0.026
3807.69047 18.043 0.028
3807.70183 17.986 0.026
3807.71318 18.046 0.030
3807.72485 18.016 0.030
3807.73621 18.019 0.029
3807.74754 18.062 0.031
3807.75888 18.099 0.032
3808.55583 17.953 0.030
3808.56720 17.991 0.029
3808.57860 17.972 0.027
3808.58992 18.033 0.028
3808.60137 18.089 0.029
3808.61275 18.244 0.036
3808.62909 18.349 0.034
3808.64047 18.419 0.033
3808.65182 18.384 0.032
3808.66326 18.277 0.029
3808.67788 18.151 0.025
3808.68927 18.108 0.025
3808.70057 18.073 0.025
3808.71188 18.009 0.027
3808.72323 17.983 0.025
3808.73461 18.012 0.030
3809.55884 18.040 0.042
3809.57020 17.940 0.032
3809.58164 17.982 0.032
3809.59304 17.956 0.034
3809.60441 18.033 0.032
3809.61574 18.065 0.035
3809.62739 18.225 0.037
3809.63874 18.271 0.038
3809.65006 18.344 0.036
3809.66136 18.348 0.036
3809.67276 18.263 0.036
3809.68412 18.240 0.037
3809.69573 18.099 0.030
3809.70708 18.076 0.036
3809.71843 17.971 0.029
3809.72979 18.009 0.032
3809.74118 17.969 0.026
3809.75255 17.994 0.029
3810.56401 18.077 0.041
3810.57533 18.009 0.033
3810.58663 17.897 0.029
3810.59802 17.962 0.029
3810.60936 18.018 0.031
3810.62075 18.031 0.030
3810.63310 18.144 0.031
3810.64456 18.324 0.047
3810.65594 18.277 0.036
3810.66725 18.389 0.037
3810.67863 18.425 0.036
3810.68998 18.263 0.034
3810.70152 18.106 0.027
3810.71295 18.158 0.030
3810.72430 18.099 0.028
3810.73566 18.005 0.024
3810.74702 17.931 0.023
3810.75836 17.932 0.022
3811.56180 18.082 0.034
3811.57319 18.005 0.032
3811.58456 18.031 0.030
3811.59594 17.943 0.027
3811.60726 17.964 0.028
3811.62115 18.008 0.025
3811.63255 18.087 0.027
3811.64390 18.100 0.032
3811.65529 18.225 0.033
3811.66669 18.368 0.040
3811.67805 18.405 0.033
3811.68961 18.445 0.038
3811.70096 18.285 0.040
3811.71231 18.181 0.035
3811.72364 18.075 0.027
3811.73506 18.076 0.026
3811.74644 18.087 0.029
3812.55098 18.292 0.032
3812.56230 18.136 0.029
3812.57365 18.041 0.030
3812.58505 18.011 0.024
3812.59640 17.971 0.023
3812.60773 17.957 0.023
3812.61925 17.936 0.022
3812.63058 17.960 0.021
3812.64195 18.122 0.030
3812.65329 18.134 0.030
3812.66466 18.184 0.032
3812.67606 18.257 0.028
3812.68766 18.372 0.030
3812.69904 18.430 0.030
3812.71042 18.350 0.032
3812.72184 18.272 0.029
3812.73323 18.074 0.026
3812.74460 18.025 0.023
3813.54925 18.435 0.040
3813.56061 18.292 0.033
3813.57203 18.209 0.031
3813.58339 18.073 0.026
3813.59475 17.983 0.023
3813.60609 18.037 0.024
3813.61765 17.970 0.021
3813.62901 17.969 0.021
3813.64034 17.981 0.020
3813.65169 17.980 0.020
3813.66307 18.053 0.021
3813.67442 18.134 0.022
3813.68600 18.230 0.025
3813.69733 18.314 0.026
3813.70872 18.390 0.028
3813.72005 18.421 0.032
3813.73139 18.264 0.027
3813.74275 18.148 0.026
3814.54248 18.379 0.033
3814.55386 18.408 0.036
3814.56521 18.362 0.035
3814.57656 18.265 0.033
3814.58789 18.164 0.030
3814.59925 18.148 0.030
3814.61992 18.040 0.024
3814.63125 17.978 0.023
3814.64259 17.965 0.023
3814.65396 18.046 0.026
3814.66537 18.028 0.028
3814.67677 18.067 0.028
3814.68830 18.174 0.033
3814.69962 18.313 0.037
3814.71096 18.321 0.036
3814.72232 18.402 0.034
3814.73366 18.415 0.035
3815.54043 18.255 0.034
3815.55186 18.287 0.033
3815.56320 18.365 0.037
3815.57456 18.411 0.035
3815.58589 18.312 0.031
3815.59726 18.171 0.029
3815.60884 18.154 0.026
3815.62021 17.998 0.023
3815.63152 17.992 0.023
3815.64285 17.983 0.024
3815.65419 17.954 0.022
3815.66554 17.952 0.021
3815.67722 18.096 0.023
3815.68857 18.051 0.023
3815.69991 18.010 0.021
3815.71124 18.192 0.024
3815.72261 18.316 0.028
3815.73398 18.370 0.027
3816.54185 18.059 0.029
3816.55320 18.325 0.035
3816.56459 18.332 0.035
3816.57596 18.337 0.035
3816.58731 18.361 0.035
3816.59868 18.278 0.032
3816.61055 18.166 0.034
3816.62189 18.104 0.030
3816.63325 18.073 0.030
3816.64456 18.043 0.029
3816.65589 17.955 0.025
3816.66727 17.970 0.026
3816.67888 17.984 0.027
3816.69023 18.027 0.027
3816.70158 18.107 0.027
3816.71292 18.073 0.025
3816.72429 18.161 0.029
3816.73566 18.311 0.029
3816.74730 18.440 0.030
3816.75863 18.365 0.029
3816.76999 18.320 0.029
3816.78134 18.169 0.025
3816.79270 18.152 0.026
3816.82925 18.011 0.024
3816.84289 17.935 0.026
3816.85480 18.006 0.029
3816.86646 18.053 0.031
3817.54014 18.061 0.032
3817.55409 18.089 0.030
3817.57020 18.299 0.037
3817.58184 18.342 0.038
3817.59319 18.433 0.037
3817.60452 18.464 0.035
3817.61621 18.253 0.032
3817.62754 18.205 0.031
3817.63892 18.047 0.026
3817.65054 18.074 0.027
3817.66193 18.042 0.025
3817.67334 17.968 0.021
3817.68504 17.986 0.021
3817.69640 18.013 0.022
3817.70776 18.080 0.023
3817.72047 18.078 0.022
3817.73184 18.146 0.023
3817.74324 18.212 0.023
3817.75551 18.369 0.028
3817.76714 18.441 0.032
3817.77865 18.330 0.030
3818.54153 18.085 0.036
3818.55331 18.090 0.033
3818.56503 18.081 0.036
3818.57690 18.237 0.033
3818.58828 18.373 0.037
3818.59965 18.435 0.040
3818.61107 18.405 0.035
3818.62242 18.391 0.034
3818.63377 18.251 0.031
3818.64631 18.136 0.027
3818.65768 18.076 0.025
3818.66905 17.996 0.022
3818.68040 17.991 0.023
3818.69181 17.998 0.021
3818.70314 17.921 0.019
3818.71490 17.993 0.021
3818.72654 18.049 0.021
3818.73828 18.106 0.022
3819.53057 18.062 0.023
3819.54234 17.958 0.022
3819.55666 17.996 0.022
3819.56849 18.076 0.024
3819.57985 18.131 0.029
3819.59122 18.150 0.024
3819.60262 18.336 0.029
3819.61400 18.443 0.031
3819.62531 18.395 0.029
3819.63764 18.359 0.026
3819.64900 18.178 0.022
3819.66030 18.098 0.021
3819.67166 18.053 0.021
3819.68302 18.063 0.021
3819.69443 18.005 0.019
3819.70618 17.971 0.019
3819.71754 17.998 0.018
3819.72928 17.981 0.018
3819.74119 18.031 0.018
3820.53210 18.026 0.027
3820.54379 18.022 0.025
3820.55546 17.930 0.024
3820.56686 17.947 0.026
3820.57821 17.955 0.026
3820.58950 18.047 0.028
3820.60084 18.193 0.031
3820.61225 18.248 0.028
3820.62395 18.376 0.031
3820.63534 18.455 0.033
3820.64673 18.400 0.033
3820.65806 18.268 0.026
3820.66944 18.119 0.023
3820.68079 18.136 0.024
3820.69298 18.003 0.021
3820.70430 18.012 0.021
3820.71564 17.928 0.020
3820.72699 17.939 0.018
3820.73893 17.982 0.019
3821.52241 18.068 0.025
3821.54068 18.062 0.023
3821.55245 17.987 0.021
3821.56385 17.995 0.021
3821.57518 17.915 0.020
3821.58697 18.042 0.022
3821.59834 18.031 0.021
3821.60973 18.140 0.021
3821.62142 18.160 0.022
3821.63279 18.372 0.026
3821.64407 18.477 0.027
3821.65988 18.368 0.024
3821.67122 18.267 0.023
3821.68253 18.177 0.022
3821.69433 18.079 0.020
3821.70570 18.040 0.020
3821.71705 17.984 0.017
3821.72877 17.960 0.019
3822.53511 18.131 0.029
3822.54689 18.069 0.029
3822.55861 18.056 0.027
3822.57033 18.014 0.027
3822.58237 17.957 0.026
3822.59404 18.020 0.026
3822.60542 18.049 0.026
3822.61678 18.103 0.028
3822.62854 18.147 0.033
3822.63988 18.266 0.044
3822.65729 18.566 0.043
3822.66911 18.422 0.042
3822.68045 18.405 0.035
3822.69181 18.227 0.030
3822.70314 18.154 0.029
3822.71498 18.019 0.025
3822.72636 18.016 0.024
3823.53347 18.226 0.031
3823.54861 18.137 0.026
3823.59889 17.978 0.022
3823.61049 18.002 0.021
3823.62182 18.040 0.021
3823.63320 18.135 0.026
3823.64520 18.161 0.026
3823.65716 18.330 0.028
3823.66965 18.436 0.031
3823.68100 18.433 0.028
3823.69234 18.344 0.027
3823.70364 18.218 0.025
3823.71557 18.134 0.024
3823.72695 18.044 0.021
3824.52054 18.373 0.040
3824.53333 18.368 0.042
3824.54943 18.222 0.037
3824.56112 18.184 0.033
3824.57301 18.062 0.028
3824.58508 17.990 0.024
3824.59685 18.020 0.026
3824.60879 17.992 0.024
3824.62013 17.962 0.026
3824.63145 18.017 0.023
3824.64281 18.161 0.024
3824.65458 18.107 0.025
3824.66596 18.272 0.027
3824.67734 18.356 0.030
3824.68868 18.445 0.030
3824.70050 18.348 0.029
3824.71188 18.314 0.029
3824.72324 18.153 0.025
3825.50465 18.238 0.037
3825.51805 18.236 0.037
3825.52979 18.342 0.037
3825.54151 18.438 0.037
3825.55321 18.309 0.037
3825.56458 18.159 0.029
3825.57620 18.127 0.030
3825.58758 18.016 0.024
3825.59929 18.028 0.026
3825.61066 17.924 0.031
3825.62204 17.981 0.029
3825.63363 17.991 0.026
3825.64503 18.046 0.025
3825.65635 18.102 0.025
3825.66901 18.126 0.024
3825.68041 18.280 0.037
3825.69174 18.328 0.031
3826.51547 18.117 0.032
3826.52792 18.172 0.033
3826.53980 18.299 0.038
3826.55161 18.477 0.037
3826.56295 18.341 0.035
3826.57435 18.314 0.032
3826.58576 18.136 0.029
3826.59744 18.018 0.025
3826.60877 18.041 0.028
3826.62016 18.039 0.025
3826.63150 18.026 0.024
3826.64342 17.988 0.023
3826.65479 17.986 0.020
3826.66616 18.036 0.020
3826.67747 18.098 0.023
3826.68937 18.261 0.029
3826.70074 18.327 0.029
3826.71217 18.418 0.030
3826.72411 18.451 0.030
3827.58254 18.233 0.039
3827.61365 18.101 0.030
3827.62558 18.038 0.026
3827.64009 18.000 0.026
3827.65142 17.996 0.023
3827.66274 18.033 0.027
3827.67406 18.058 0.027
3827.68582 18.175 0.032
3827.69714 18.154 0.036
3827.71782 18.301 0.035
3828.51434 18.050 0.031
3828.52596 18.069 0.032
3828.53824 18.080 0.029
3828.54957 18.154 0.030
3828.56151 18.225 0.029
3828.57289 18.469 0.035
3828.58422 18.416 0.033
3828.59566 18.287 0.036
3828.60703 18.163 0.027
3828.61839 18.121 0.025
3828.63100 18.000 0.021
3828.64232 17.974 0.023
3828.65368 17.965 0.021
3828.66501 18.011 0.021
3828.67637 17.967 0.025
3828.68793 18.038 0.023
3828.69923 18.211 0.029
3828.71060 18.204 0.026
3829.51349 17.919 0.026
3829.52738 18.056 0.026
3829.53935 18.068 0.025
3829.55070 18.120 0.026
3829.56344 18.120 0.027
3829.57484 18.273 0.028
3829.58616 18.429 0.032
3829.59753 18.332 0.032
3829.60886 18.272 0.030
3829.62021 18.158 0.025
3829.63190 18.088 0.023
3829.64325 18.025 0.023
3829.65462 18.034 0.022
3829.66599 18.017 0.022
3829.67746 17.963 0.020
3829.68879 17.980 0.020
3829.70552 18.021 0.021
3830.50330 17.974 0.026
3830.51503 17.990 0.029
3830.52667 18.003 0.031
3830.53808 18.031 0.028
3830.55001 18.042 0.023
3830.56133 18.042 0.025
3830.57263 18.166 0.027
3830.58402 18.275 0.028
3830.59544 18.361 0.031
3830.60677 18.404 0.030
3830.61988 18.298 0.027
3830.63121 18.209 0.025
3830.64254 18.157 0.023
3830.65386 18.123 0.024
3830.66525 17.982 0.021
3830.67967 18.013 0.021
3831.51481 17.970 0.025
3831.52662 17.965 0.024
3831.54611 17.963 0.023
3831.55786 18.023 0.023
3831.56992 18.069 0.024
3831.58337 18.131 0.025
3831.59473 18.302 0.028
3831.60611 18.357 0.031
3831.61750 18.405 0.031
3831.62885 18.397 0.029
3831.64021 18.200 0.025
3831.65227 18.162 0.024
3831.66358 18.106 0.023
3831.67498 18.022 0.022
3832.50361 18.035 0.033
3832.51568 18.017 0.032
3832.52929 17.973 0.030
3832.54110 17.952 0.026
3832.55257 17.907 0.025
3832.56393 17.972 0.025
3832.58017 18.010 0.026
3832.59152 18.138 0.030
3832.60283 18.200 0.029
3832.61417 18.233 0.029
3832.62553 18.391 0.035
3832.63696 18.419 0.038
3832.65161 18.218 0.026
3832.66294 18.144 0.026
3832.67429 18.129 0.026
3832.68622 18.049 0.024
3833.48625 18.337 0.051
3833.49779 18.347 0.041
3833.51096 18.102 0.030
3833.52331 18.089 0.027
3833.53471 18.086 0.027
3833.54637 17.959 0.024
3833.55771 17.935 0.023
3833.56907 17.910 0.021
3833.58047 17.993 0.026
3833.59181 18.008 0.024
3833.60319 18.153 0.026
3833.61533 18.143 0.024
3833.62673 18.320 0.029
3833.63807 18.422 0.029
3833.64941 18.407 0.027
3833.66080 18.308 0.027
3833.67219 18.160 0.023
3834.48291 18.447 0.053
3834.49429 18.486 0.040
3834.50561 18.299 0.036
3834.52545 18.132 0.031
3834.54174 18.018 0.027
3834.55361 17.950 0.025
3834.56501 17.964 0.026
3834.57635 18.009 0.025
3834.58771 18.016 0.025
3834.59905 17.988 0.022
3834.61045 18.003 0.021
3834.62854 18.177 0.025
3834.64038 18.314 0.030
3834.65174 18.306 0.029
3834.66313 18.329 0.029
3834.67448 18.303 0.028
3834.68584 18.242 0.028
3835.49213 18.346 0.045
3835.50376 18.315 0.040
3835.51575 18.429 0.042
3835.53109 18.229 0.034
3835.54302 18.117 0.027
3835.55440 17.992 0.024
3835.56575 17.989 0.025
3835.57712 17.960 0.024
3835.58847 17.973 0.023
3835.59984 17.950 0.022
3835.61159 17.991 0.024
3835.62295 18.001 0.023
3835.63431 18.099 0.024
3835.64574 18.239 0.028
3835.65709 18.321 0.030
3835.66844 18.389 0.033
3835.68591 18.284 0.029
3836.48450 18.132 0.032
3836.49616 18.343 0.038
3836.50784 18.411 0.040
3836.51953 18.403 0.040
3836.53084 18.330 0.036
3836.54216 18.233 0.030
3836.55424 18.068 0.028
3836.56560 18.091 0.026
3836.57697 18.039 0.024
3836.58839 17.944 0.022
3836.59974 17.981 0.024
3836.61161 17.958 0.024
3836.62298 18.025 0.026
3836.63431 18.073 0.026
3836.64561 18.069 0.029
3836.66271 18.339 0.039
3836.67413 18.311 0.033
3836.68549 18.431 0.035
3837.49151 18.104 0.032
3837.50326 18.260 0.038
3837.51496 18.379 0.042
3837.52832 18.514 0.045
3837.54253 18.311 0.034
3837.55387 18.230 0.032
3837.56525 18.099 0.027
3837.57659 18.070 0.030
3837.61396 17.968 0.024
3837.62532 18.022 0.026
3837.63666 17.980 0.024
3837.64806 18.016 0.026
3837.65941 18.050 0.027
3837.67077 18.221 0.032
3837.68252 18.363 0.038
3838.48775 18.026 0.039
3838.49957 17.975 0.035
3838.51154 18.153 0.038
3838.52348 18.299 0.048
3838.53509 18.365 0.044
3838.54685 18.507 0.055
3838.55819 18.311 0.043
3838.56959 18.174 0.036
3838.58095 18.049 0.034
3838.59226 18.065 0.031
3838.60363 17.988 0.030
3838.61523 17.957 0.027
3838.62660 17.965 0.027
3838.63796 17.973 0.028
3838.64933 17.996 0.030
3838.66073 18.082 0.032
3838.67209 18.213 0.040
3839.49119 18.007 0.037
3839.50307 18.102 0.046
3839.51482 18.169 0.035
3839.52661 18.098 0.031
3839.53829 18.318 0.040
3839.54961 18.387 0.053
3839.56095 18.403 0.046
3839.57230 18.453 0.061
3839.59292 18.121 0.040
3839.60461 18.026 0.031
3839.61642 18.012 0.031
3839.62823 17.987 0.028
3839.64020 17.986 0.026
3839.65190 17.963 0.024
3839.66324 17.987 0.026
3839.67461 18.073 0.025
3839.68594 18.093 0.028
3839.69730 18.216 0.031
3840.48381 17.991 0.038
3840.49543 17.979 0.033
3840.50722 18.017 0.027
3840.51916 18.081 0.029
3840.53052 18.190 0.030
3840.54188 18.255 0.030
3840.55325 18.275 0.031
3840.56464 18.365 0.033
3840.57603 18.425 0.036
3840.58765 18.291 0.034
3840.59893 18.204 0.031
3840.61026 18.069 0.025
3840.62480 18.028 0.029
3840.63612 18.010 0.024
3840.64751 17.976 0.024
3840.65891 17.987 0.026
3840.67028 18.027 0.026
3840.68166 18.029 0.029
3841.48896 18.035 0.028
3841.50748 17.995 0.028
3841.51920 18.110 0.028
3841.53101 18.063 0.028
3841.54281 18.138 0.028
3841.55456 18.152 0.028
3841.56593 18.321 0.031
3841.57733 18.471 0.034
3841.58866 18.464 0.035
3841.59995 18.331 0.029
3841.61126 18.196 0.027
3841.62285 18.072 0.024
3841.63421 18.046 0.023
3841.64553 18.008 0.021
3841.65688 17.959 0.021
3841.66824 18.025 0.024
3842.47803 18.011 0.034
3842.48972 17.970 0.029
3842.50163 18.006 0.034
3842.51735 18.001 0.029
3842.52914 17.981 0.031
3842.54100 18.078 0.038
3842.55264 18.069 0.030
3842.56399 18.110 0.030
3842.57535 18.366 0.042
3842.58670 18.391 0.037
3842.59809 18.401 0.041
3842.60954 18.337 0.031
3842.62124 18.237 0.028
3842.63260 18.139 0.026
3842.64397 18.013 0.025
3842.65529 18.089 0.029
3842.66664 18.003 0.024
3842.67801 17.961 0.024
3843.48134 18.039 0.035
3843.52302 17.960 0.032
3843.53574 18.000 0.025
3843.54732 17.995 0.026
3843.55897 18.064 0.027
3843.57083 18.027 0.026
3843.58251 18.248 0.031
3843.59703 18.327 0.030
3843.60871 18.399 0.031
3843.62002 18.375 0.031
3843.63551 18.183 0.028
3843.65144 18.099 0.026
3843.66278 18.067 0.024
3843.67415 17.983 0.023
3843.69149 17.911 0.024
3843.70283 17.950 0.026
3843.72385 18.015 0.028
3843.73522 18.016 0.032
3843.74659 18.168 0.034
3843.75793 18.251 0.035
3843.76930 18.385 0.047
3843.78146 18.493 0.046
3843.79276 18.298 0.039
3844.47642 18.203 0.040
3844.48832 18.223 0.033
3844.49991 18.121 0.030
3844.51157 18.037 0.026
3844.52326 18.023 0.025
3844.53490 17.996 0.024
3844.55135 18.031 0.023
3844.56297 17.987 0.021
3844.57469 18.061 0.023
3844.58604 18.128 0.027
3844.59741 18.243 0.026
3844.60872 18.340 0.027
3844.62005 18.378 0.029
3844.63142 18.425 0.032
3844.64309 18.231 0.029
3844.65450 18.285 0.038
3844.66586 18.142 0.027
3844.67722 18.102 0.027
3844.68857 18.025 0.029
3844.69990 18.161 0.041
3844.71146 17.984 0.034
3844.72291 17.950 0.028
3844.73425 17.986 0.025
3844.74563 18.057 0.029
3844.75701 18.147 0.031
3844.77791 18.346 0.046
3845.48313 18.325 0.031
3845.49484 18.247 0.029
3845.50648 18.197 0.033
3845.51830 18.121 0.027
3845.53019 18.063 0.025
3845.54268 17.977 0.022
3845.55400 17.957 0.023
3845.57501 17.964 0.022
3845.58637 18.048 0.024
3845.59769 18.046 0.023
3845.60903 18.180 0.028
3845.62035 18.324 0.031
3845.63175 18.441 0.038
3845.64339 18.460 0.038
3845.65478 18.371 0.033
3845.66618 18.248 0.033
3846.48062 18.458 0.049
3846.49232 18.394 0.045
3846.50422 18.267 0.033
3846.51735 18.221 0.038
3846.52907 18.118 0.034
3846.54168 18.060 0.029
3846.55307 17.962 0.026
3846.56649 17.953 0.025
3846.57782 17.936 0.024
3846.58915 17.980 0.025
3846.60050 18.026 0.024
3846.61216 18.142 0.027
3846.62355 18.266 0.032
3846.63488 18.331 0.033
3846.64624 18.419 0.033
3846.65760 18.332 0.032
3847.51814 18.310 0.047
3847.52984 18.219 0.038
3847.54140 18.079 0.036
3847.55446 18.004 0.031
3847.65111 18.327 0.038
3847.66284 18.341 0.037
3848.67382 18.412 0.039
3849.48013 18.105 0.037
3849.49190 18.148 0.036
3849.50374 18.324 0.039
3849.51544 18.463 0.043
3849.52727 18.474 0.040
3849.54322 18.282 0.032
3849.55459 18.111 0.027
3849.56597 18.043 0.025
3849.57732 18.040 0.025
3849.58873 17.999 0.021
3849.60009 17.939 0.021
3849.61173 18.000 0.022
3849.62305 17.954 0.022
3849.63438 18.040 0.024
3849.64575 18.075 0.022
3849.65712 18.123 0.023
3849.67110 18.248 0.026
3850.47431 18.000 0.031
3850.49162 18.014 0.029
3850.50387 18.210 0.038
3850.51521 18.295 0.041
3850.52653 18.337 0.036
3850.53793 18.475 0.038
3850.54931 18.306 0.032
3850.56063 18.185 0.030
3850.57245 18.131 0.028
3850.58681 18.074 0.026
3850.59819 18.070 0.026
3850.61923 17.976 0.025
3850.63217 18.023 0.026
3850.64386 18.010 0.023
3851.46841 17.979 0.039
3851.48017 17.993 0.032
3851.49187 18.032 0.026
3851.50384 18.086 0.026
3851.51558 18.099 0.026
3851.52700 18.270 0.032
3851.53840 18.398 0.031
3851.54977 18.398 0.032
3851.56113 18.363 0.033
3851.57251 18.216 0.026
3851.58418 18.118 0.024
3851.59556 18.036 0.023
3851.60691 18.005 0.022
3851.61824 18.058 0.030
3851.63200 17.997 0.025
3851.64509 17.954 0.028
3852.47641 18.066 0.030
3852.48872 17.955 0.028
3852.50008 17.979 0.033
3852.51153 18.142 0.031
3852.52289 18.140 0.031
3852.53425 18.175 0.031
3852.54561 18.257 0.037
3852.55728 18.248 0.037
3852.56859 18.326 0.041
3852.57994 18.224 0.036
3852.59128 18.161 0.033
3852.60259 18.158 0.030
3852.61391 18.039 0.031
3852.62573 18.004 0.029
3852.63709 17.980 0.027
3852.64846 17.980 0.028
3853.46764 17.967 0.028
3853.47931 18.044 0.033
3853.49230 17.967 0.023
3853.50367 17.925 0.023
3853.51500 17.976 0.025
3853.52633 18.039 0.025
3853.53771 18.089 0.027
3853.54904 18.146 0.027
3853.56071 18.361 0.032
3853.57205 18.387 0.030
3853.58339 18.429 0.031
3853.59475 18.329 0.028
3853.60613 18.242 0.031
3853.61753 18.148 0.026
3853.62914 18.028 0.020
3853.64049 17.978 0.020
3854.47778 18.091 0.031
3854.50012 17.941 0.029
3854.51190 17.978 0.027
3854.52357 18.010 0.026
3854.53495 17.972 0.024
3854.54630 18.021 0.024
3854.55764 18.150 0.027
3854.57107 18.260 0.028
3854.58234 18.390 0.032
3854.59363 18.384 0.032
3854.60500 18.393 0.033
3854.61630 18.320 0.033
3854.63692 18.107 0.028
3855.56581 18.058 0.021
3855.57723 18.201 0.026
3855.58994 18.330 0.027
3856.49719 18.074 0.027
3856.51104 18.053 0.026
3856.52242 17.966 0.023
3856.53383 18.034 0.026
3856.54520 17.949 0.023
3856.55654 18.003 0.022
3856.57399 18.092 0.024
3856.58538 18.170 0.025
3856.60032 18.285 0.028
3856.61249 18.404 0.038
3856.63009 18.317 0.031
3858.46452 18.282 0.038
3858.47800 18.362 0.031
3858.48936 18.363 0.029
3858.50281 18.245 0.026
3858.51414 18.122 0.024
3858.52553 18.021 0.023
3858.53689 17.983 0.022
3858.54826 17.987 0.022
3858.55961 17.987 0.022
3858.57124 17.953 0.021
3858.58261 17.969 0.020
3858.59397 18.002 0.020
3858.60532 18.092 0.023
3858.62846 18.314 0.025
3859.50162 18.354 0.036
3859.61549 18.128 0.030
3860.47010 18.162 0.040
3860.48146 18.305 0.038
3860.49281 18.483 0.045
3860.50421 18.569 0.049
3860.51558 18.429 0.040
3860.52695 18.227 0.034
3860.53862 18.078 0.033
3860.54997 18.134 0.039
3860.56134 18.223 0.042
3860.57269 18.047 0.037
3860.58402 18.109 0.042
3860.60045 18.000 0.033
3860.63852 18.226 0.037
3861.46372 18.057 0.042
3861.47508 18.144 0.031
3861.48645 18.249 0.033
3861.49785 18.300 0.034
3861.50920 18.352 0.040
3861.52055 18.256 0.041
3861.53460 18.307 0.044
3861.54819 18.148 0.034
3861.55949 18.092 0.031
3861.57089 18.125 0.031
3861.58221 18.055 0.025
3861.59353 17.995 0.031
3861.60666 17.935 0.026
3861.61799 17.996 0.024
3862.46140 17.991 0.033
3862.47273 17.959 0.028
3862.48405 18.058 0.032
3862.49546 18.166 0.029
3862.50683 18.213 0.036
3862.51816 18.341 0.034
3862.53117 18.386 0.032
3862.54247 18.363 0.032
3862.55384 18.299 0.029
3862.56563 18.165 0.025
3862.57700 18.049 0.023
3862.58837 18.026 0.024
3862.59976 18.024 0.023
3862.61113 18.017 0.024
3862.62245 17.934 0.023
3863.47330 17.997 0.029
3863.48499 18.045 0.032
3863.49637 18.045 0.027
3863.50825 18.107 0.029
3863.51965 18.206 0.030
3863.53101 18.254 0.033
3863.54236 18.437 0.036
3863.55370 18.393 0.037
3863.56508 18.271 0.030
3863.57808 18.172 0.030
3863.58939 18.099 0.026
3863.60071 18.033 0.024
3863.61208 18.002 0.024
3863.62346 17.987 0.022
3864.46128 17.942 0.038
3864.47304 17.963 0.028
3864.48435 18.023 0.030
3864.49570 18.006 0.027
3864.50705 18.086 0.030
3864.51838 18.091 0.027
3864.52981 18.217 0.029
3864.54210 18.324 0.033
3864.55346 18.441 0.034
3864.56477 18.464 0.037
3864.57892 18.258 0.031
3864.59025 18.184 0.030
3864.60162 18.145 0.031
3864.61298 18.081 0.031
3864.62437 18.005 0.028
3865.46131 17.977 0.033
3865.47426 17.953 0.026
3865.48563 17.986 0.028
3865.49949 17.957 0.025
3865.51082 18.018 0.023
3865.52213 18.039 0.022
3865.53348 18.131 0.025
3865.54480 18.259 0.029
3865.55618 18.326 0.030
3865.56787 18.329 0.028
3865.57922 18.410 0.030
3865.59057 18.287 0.028
3865.60193 18.184 0.025
3866.46181 18.048 0.035
3866.47354 17.985 0.029
3866.48838 18.056 0.026
3866.49974 17.994 0.026
3866.51107 17.968 0.024
3866.52241 18.040 0.025
3866.53371 18.029 0.023
3866.54506 18.171 0.032
3866.55675 18.288 0.031
3866.57265 18.339 0.033
3866.58449 18.452 0.036
3866.60201 18.316 0.029
3867.45889 18.137 0.044
3867.47119 18.116 0.033
3867.48296 18.050 0.029
3867.49551 18.027 0.029
3867.50693 18.017 0.026
3867.51832 18.026 0.026
3867.52962 17.950 0.023
3867.54157 18.058 0.028
3867.55395 18.024 0.030
3867.57219 18.261 0.031
3867.58410 18.371 0.035
3867.59581 18.423 0.035
3867.60759 18.433 0.040
3868.46177 18.285 0.033
3868.47585 18.170 0.027
3868.48795 18.120 0.025
3868.49929 18.011 0.024
3868.51065 18.008 0.024
3868.52198 17.971 0.022
3868.53382 17.959 0.024
3868.54519 17.925 0.033
3868.55657 18.096 0.029
3868.56829 18.077 0.032
3868.57965 18.207 0.033
3868.59207 18.317 0.035
3868.60404 18.450 0.047
3869.46143 18.323 0.047
3869.47281 18.391 0.044
3869.48455 18.233 0.039
3869.49592 18.174 0.033
3869.50767 18.015 0.031
3869.51901 17.955 0.027
3869.53036 17.967 0.028
3869.54172 17.981 0.027
3869.55308 17.988 0.027
3869.56442 18.008 0.027
3869.57609 18.103 0.028
3869.58739 18.101 0.028
3869.59915 18.258 0.031
3870.46011 18.311 0.037
3870.47145 18.407 0.039
3870.48682 18.233 0.037
3870.49817 18.280 0.040
3870.50947 18.088 0.031
3870.52126 18.032 0.029
3870.53425 17.942 0.025
3870.54695 17.927 0.027
3870.55836 17.931 0.029
3870.56974 18.026 0.033
3870.58107 18.088 0.032
3870.59250 18.082 0.030
3870.60830 18.154 0.041
3870.62794 18.451 0.049
3870.64037 18.306 0.050
3871.45887 18.188 0.038
3871.47023 18.304 0.036
3871.48161 18.477 0.045
3871.49295 18.439 0.040
3871.50540 18.296 0.035
3871.51686 18.146 0.031
3871.52822 18.041 0.028
3871.54146 18.005 0.025
3871.55284 17.980 0.025
3871.56420 17.957 0.026
3871.57549 18.003 0.026
3871.58686 18.032 0.027
3871.59823 18.094 0.027
3871.61294 18.145 0.030
3871.62497 18.261 0.032
3871.63629 18.281 0.031
3871.64763 18.397 0.035
3871.65899 18.456 0.045
3871.67038 18.299 0.040
3871.68178 18.231 0.038
3871.69448 18.032 0.040
3871.70641 18.070 0.038
3871.71826 18.062 0.044
3872.45981 18.114 0.030
3872.47114 18.182 0.025
3872.48252 18.388 0.030
3872.49387 18.334 0.028
3872.50725 18.353 0.030
3872.51864 18.297 0.030
3872.53001 18.143 0.026
3872.54130 18.164 0.025
3872.55262 18.042 0.023
3872.56401 18.022 0.023
3872.57587 17.957 0.021
3872.59042 18.001 0.022
3872.60234 18.004 0.022
3872.61370 18.024 0.022
3872.62709 18.157 0.026
3872.63846 18.255 0.030
3872.65044 18.323 0.032
3872.66177 18.407 0.035
3872.67317 18.436 0.034
3872.68452 18.323 0.033
3872.69589 18.178 0.034
3872.70725 18.135 0.036
3872.71950 18.073 0.031
3873.45810 18.027 0.033
3873.47001 18.110 0.025
3873.48237 18.189 0.028
3873.49369 18.271 0.027
3873.50505 18.363 0.030
3873.51684 18.294 0.034
3873.52822 18.248 0.034
3873.53954 18.204 0.027
3873.55091 18.131 0.027
3873.56226 18.031 0.023
3873.57360 18.028 0.022
3873.58526 18.003 0.023
3875.45756 17.925 0.027
3875.47019 18.030 0.023
3875.48376 18.017 0.021
3875.49509 18.098 0.023
3875.50640 18.174 0.024
3875.51961 18.279 0.027
3875.53178 18.367 0.029
3875.54321 18.379 0.029
3875.55459 18.322 0.026
3875.56648 18.235 0.024
3875.57785 18.121 0.021
3875.58923 18.087 0.021
3876.45299 17.965 0.039
3876.46482 18.002 0.029
3876.47665 17.986 0.025
3876.48800 18.051 0.026
3876.49941 17.988 0.023
3876.51080 18.127 0.024
3876.52217 18.031 0.022
3876.53351 18.238 0.026
3876.54537 18.346 0.030
3876.55676 18.393 0.030
3876.56813 18.244 0.026
3876.57985 18.189 0.025
3877.45530 17.992 0.028
3877.46714 18.004 0.024
3877.47891 17.967 0.023
3877.49025 17.929 0.021
3877.50155 17.954 0.023
3877.51291 17.962 0.021
3877.52478 18.083 0.021
3877.53608 18.158 0.022
3877.54805 18.253 0.025
3877.55993 18.436 0.028
3877.57129 18.424 0.028
3877.58324 18.359 0.026
3881.45903 18.418 0.033
3881.47040 18.284 0.028
3881.48176 18.202 0.024
3881.49316 18.136 0.025
3881.50449 17.978 0.023
3881.51582 18.020 0.020
3881.52759 17.956 0.019
3881.53898 17.951 0.022
3882.46444 18.404 0.038
3882.47582 18.319 0.031
3882.48718 18.241 0.030
3882.49858 18.186 0.026
3882.50995 18.054 0.025
3882.52134 17.993 0.024
3882.53425 17.992 0.026
3882.54561 17.971 0.024
3883.46912 18.349 0.029
3883.48053 18.430 0.029
3883.49186 18.343 0.026
3883.50320 18.216 0.026
3883.51458 18.150 0.022
3883.52599 18.069 0.021
3883.53775 18.071 0.022
3883.54913 17.967 0.022
3883.56049 17.906 0.028
3886.44846 18.006 0.037
3886.45980 18.100 0.027
3886.47118 18.103 0.029
3886.48252 18.150 0.030
3886.49390 18.217 0.031
3886.50524 18.490 0.038
3886.51695 18.465 0.035
3886.52839 18.353 0.035
3886.54022 18.286 0.029
3887.45606 18.030 0.027
3887.46740 17.937 0.022
3887.47880 18.042 0.026
3887.49019 18.190 0.031
3887.50152 18.214 0.029
3887.51288 18.300 0.029
3887.52453 18.486 0.037
3887.53589 18.366 0.035
3887.54762 18.256 0.028
3890.46074 18.054 0.034
3890.47210 17.979 0.030
3890.48343 17.910 0.029
3890.49479 18.006 0.036
3890.50611 18.001 0.028
3890.51747 18.095 0.033
3890.52939 18.185 0.035
3890.54134 18.187 0.033
3891.45411 18.182 0.039
3891.46546 18.092 0.029
3891.47678 18.041 0.028
3891.48811 17.968 0.025
3891.49951 17.942 0.024
3891.51093 17.971 0.024
3891.52266 18.027 0.024
3892.47691 18.068 0.032
3892.48830 18.044 0.036
3892.49971 17.972 0.030
3892.51106 17.984 0.031
3892.52238 18.136 0.033
3892.53374 17.998 0.027
3896.46755 18.210 0.045
3896.47893 18.403 0.053
3896.49031 18.337 0.039
3896.50164 18.338 0.038
3896.51344 18.114 0.034
3896.52510 18.072 0.028
3900.45377 18.024 0.026
3900.46514 17.981 0.020
3901.44911 17.930 0.036
3901.46045 17.992 0.023
3901.47185 18.005 0.022
3901.48317 18.039 0.023
3902.48483 17.955 0.019
3902.49662 17.983 0.021
3903.46862 18.007 0.022
3903.49004 17.972 0.023
3903.50133 17.991 0.023
3904.45009 18.315 0.042
3904.46148 18.138 0.026
3904.46699 18.151 0.024
3904.47827 18.022 0.021
3904.48965 17.973 0.020
3904.50102 17.943 0.019
3904.51239 17.947 0.023
3905.44710 18.452 0.071
3905.45846 18.298 0.036
3905.46979 18.170 0.029
3905.48116 18.102 0.026
3905.49254 18.010 0.024
3906.45195 18.351 0.054
3906.46328 18.444 0.043
3906.47466 18.376 0.039
3906.48604 18.068 0.031
3907.45146 18.296 0.052
3907.46282 18.440 0.037
3907.47418 18.324 0.036
3908.44745 18.054 0.055
3908.45883 18.298 0.033
3908.47020 18.332 0.032
3908.48158 18.407 0.031
3909.44898 18.012 0.047
3909.46033 18.141 0.030
3909.47178 18.305 0.032
3909.48312 18.350 0.038
3910.44831 18.079 0.044
3910.45961 18.071 0.030
3912.44700 17.912 0.042
3912.45845 17.989 0.021
3912.47013 18.017 0.021
3913.45142 17.865 0.030
3913.46302 17.975 0.021
3914.48621 17.939 0.026
3916.45688 18.030 0.031
3916.46831 18.040 0.028
3917.46582 18.212 0.027
3917.47726 17.959 0.024
3919.46424 18.339 0.037
3921.45273 18.099 0.048
4096.79058 18.108 0.019
4096.80179 18.133 0.025
4096.81301 18.255 0.026
4096.82420 18.364 0.026
4096.84159 18.366 0.023
4096.85279 18.322 0.025
4096.86396 18.219 0.027
4120.82759 18.435 0.023
4120.83875 18.360 0.022
4120.84998 18.257 0.020
4120.86113 18.135 0.017
4120.87230 18.058 0.018
4121.82235 18.212 0.034
4121.83386 18.401 0.034
4121.84504 18.520 0.047
4121.85620 18.443 0.038
4121.86789 18.249 0.030
4121.87932 18.137 0.036
4122.83633 18.168 0.019
4122.84750 18.416 0.024
4122.85866 18.373 0.022
4122.86981 18.346 0.023
4122.88099 18.269 0.032
4124.84531 18.054 0.018
4124.85770 18.292 0.021
4124.86921 18.328 0.023
4124.88083 18.453 0.026
4125.80387 18.012 0.028
4125.81551 17.980 0.025
4125.82709 18.063 0.028
4125.83870 18.020 0.027
4125.85848 18.188 0.034
4125.86990 18.156 0.027
4125.88133 18.223 0.033
4126.80237 18.071 0.021
4126.81383 18.042 0.020
4126.82534 17.953 0.018
4126.83651 17.915 0.018
4126.84768 18.045 0.020
4126.85902 18.048 0.020
4126.87024 18.127 0.024
4126.88143 18.226 0.028
4128.81393 18.102 0.022
4128.82539 18.019 0.020
4128.83657 17.977 0.018
4128.84785 18.009 0.017
4128.85933 17.955 0.018
4128.87049 17.980 0.019
4128.88159 18.016 0.021
4129.81322 18.170 0.020
4129.82488 18.053 0.019
4129.83642 18.029 0.019
4129.84763 18.025 0.020
4129.85879 17.945 0.017
4129.87051 17.969 0.018
4129.88238 17.955 0.020
4141.82899 18.072 0.027
4144.82188 18.428 0.043
4144.83760 18.291 0.036
4144.84882 18.146 0.031
4145.80296 18.200 0.030
4145.81413 18.314 0.031
4145.82534 18.398 0.039
4145.83654 18.509 0.048
4146.73216 18.010 0.022
4146.77419 17.970 0.021
4146.78535 17.993 0.021
