3402.86671 16.107 0.006
3403.81972 16.098 0.006
3403.83095 16.090 0.006
3403.84214 16.102 0.006
3403.85341 16.101 0.006
3403.86952 16.102 0.006
3403.88111 16.087 0.006
3403.89229 16.105 0.008
3404.73396 16.087 0.006
3404.74924 16.090 0.006
3404.76286 16.092 0.006
3404.77408 16.098 0.006
3404.78531 16.079 0.006
3404.80047 16.104 0.006
3404.81167 16.089 0.006
3404.82446 16.088 0.006
3404.83568 16.087 0.006
3404.84689 16.100 0.006
3404.85810 16.092 0.006
3404.86930 16.091 0.006
3404.88050 16.090 0.006
3404.89226 16.103 0.007
3405.70000 16.104 0.006
3405.71263 16.079 0.006
3405.72383 16.088 0.006
3405.73813 16.099 0.006
3405.74936 16.107 0.006
3405.76056 16.090 0.006
3405.77173 16.099 0.006
3405.78291 16.096 0.006
3405.79412 16.101 0.005
3405.80560 16.097 0.006
3405.81678 16.107 0.006
3405.82798 16.090 0.005
3405.84538 16.100 0.006
3405.86055 16.095 0.006
3405.87340 16.101 0.006
3405.88461 16.096 0.006
3406.70434 16.114 0.006
3406.71553 16.130 0.006
3406.72669 16.150 0.006
3406.73807 16.143 0.006
3406.74922 16.135 0.006
3406.76040 16.142 0.006
3406.77163 16.128 0.006
3406.78283 16.120 0.006
3406.79404 16.107 0.006
3406.80546 16.108 0.006
3406.81670 16.100 0.007
3406.82795 16.063 0.006
3406.83917 16.094 0.006
3406.85037 16.091 0.006
3406.86160 16.066 0.006
3406.87966 16.087 0.006
3406.89107 16.088 0.006
3407.71090 16.095 0.005
3407.72211 16.094 0.006
3407.73334 16.106 0.006
3407.74457 16.098 0.006
3407.75596 16.109 0.006
3407.76716 16.119 0.006
3407.77836 16.117 0.006
3407.78961 16.112 0.006
3407.80083 16.120 0.006
3407.81207 16.132 0.006
3407.82463 16.127 0.006
3407.83586 16.142 0.006
3407.84707 16.140 0.006
3407.85831 16.137 0.006
3407.86950 16.131 0.006
3407.88070 16.149 0.006
3407.89205 16.122 0.006
3408.71911 16.092 0.006
3408.73033 16.103 0.006
3408.74157 16.105 0.006
3408.75294 16.094 0.006
3408.76415 16.094 0.006
3408.77532 16.108 0.006
3408.78649 16.098 0.006
3408.79769 16.098 0.006
3408.81066 16.100 0.006
3408.82189 16.097 0.006
3408.83473 16.097 0.006
3408.84598 16.097 0.006
3408.85722 16.104 0.006
3408.86840 16.095 0.006
3408.87962 16.110 0.006
3409.68180 16.093 0.006
3409.69301 16.100 0.006
3409.70424 16.098 0.007
3409.71547 16.095 0.006
3409.72666 16.091 0.006
3409.73785 16.086 0.006
3409.74937 16.103 0.006
3409.76061 16.105 0.006
3409.77184 16.108 0.005
3409.78303 16.091 0.005
3409.79420 16.101 0.005
3409.80545 16.103 0.005
3409.81964 16.100 0.005
3409.83084 16.093 0.005
3409.84203 16.108 0.006
3409.85319 16.101 0.005
3409.86439 16.100 0.006
3409.87557 16.105 0.006
3410.70058 16.090 0.006
3410.71181 16.097 0.006
3410.73503 16.100 0.007
3410.75023 16.093 0.006
3410.76430 16.088 0.006
3410.77909 16.089 0.006
3410.79389 16.095 0.006
3410.80864 16.090 0.006
3410.82859 16.093 0.006
3410.84347 16.105 0.006
3410.85481 16.106 0.006
3410.86615 16.105 0.006
3411.71862 16.098 0.007
3411.72985 16.102 0.007
3411.74105 16.093 0.007
3411.75998 16.101 0.007
3411.77119 16.081 0.007
3411.82213 16.094 0.006
3411.83335 16.075 0.006
3411.84454 16.101 0.006
3411.85576 16.087 0.006
3411.86697 16.089 0.006
3412.71949 16.091 0.007
3412.77570 16.098 0.007
3412.79872 16.097 0.007
3412.80994 16.105 0.007
3412.83237 16.090 0.007
3412.84399 16.101 0.006
3412.85517 16.082 0.006
3412.86638 16.114 0.007
3413.67088 16.104 0.006
3413.68212 16.098 0.006
3413.69331 16.099 0.006
3413.70452 16.093 0.006
3413.71571 16.110 0.006
3413.72692 16.118 0.006
3413.73846 16.085 0.005
3413.74967 16.095 0.006
3413.76882 16.111 0.005
3413.78002 16.097 0.005
3413.79126 16.106 0.006
3413.80244 16.110 0.005
3413.81362 16.091 0.005
3413.82488 16.100 0.005
3413.83657 16.114 0.005
3413.84861 16.109 0.005
3413.85978 16.115 0.005
3414.65560 16.116 0.007
3414.66680 16.105 0.007
3414.67803 16.108 0.007
3414.68921 16.102 0.007
3414.70039 16.105 0.006
3414.71543 16.109 0.006
3414.72667 16.100 0.006
3414.73786 16.107 0.006
3414.74903 16.123 0.006
3414.76022 16.116 0.006
3414.80235 16.098 0.006
3414.81359 16.099 0.006
3414.82897 16.106 0.006
3414.84017 16.098 0.006
3414.85139 16.103 0.006
3415.66354 16.099 0.006
3415.67471 16.117 0.006
3415.68591 16.119 0.006
3415.70426 16.127 0.006
3415.71544 16.137 0.006
3415.72668 16.155 0.006
3415.73790 16.135 0.006
3415.75575 16.131 0.006
3415.76956 16.111 0.005
3415.78115 16.099 0.005
3415.79232 16.092 0.005
3415.83442 16.101 0.005
3415.85287 16.094 0.005
3416.64388 16.102 0.006
3416.65507 16.106 0.006
3416.66630 16.106 0.006
3416.67754 16.097 0.006
3416.68876 16.097 0.006
3416.71525 16.096 0.006
3416.72644 16.105 0.006
3416.73767 16.121 0.007
3416.74884 16.111 0.006
3416.76005 16.110 0.006
3416.77124 16.113 0.006
3416.78280 16.112 0.006
3416.79404 16.125 0.007
3416.80853 16.143 0.006
3416.81977 16.142 0.006
3416.83095 16.146 0.006
3416.84215 16.148 0.006
3416.85336 16.163 0.006
3417.64936 16.105 0.007
3417.66054 16.097 0.006
3417.67572 16.099 0.006
3417.68688 16.101 0.007
3417.69810 16.104 0.006
3417.70930 16.106 0.006
3417.72051 16.089 0.006
3417.73786 16.107 0.006
3417.74909 16.113 0.006
3417.76028 16.105 0.006
3417.77148 16.101 0.006
3417.78270 16.106 0.006
3417.79393 16.113 0.006
3417.82140 16.096 0.006
3417.83258 16.100 0.006
3417.84382 16.105 0.006
3418.65400 16.100 0.007
3418.66522 16.085 0.006
3418.67640 16.099 0.007
3418.68759 16.097 0.006
3418.69883 16.088 0.007
3418.71001 16.099 0.006
3418.72159 16.101 0.007
3418.73281 16.119 0.007
3418.75343 16.100 0.006
3418.76465 16.104 0.006
3418.77837 16.093 0.006
3419.64411 16.093 0.006
3419.65533 16.094 0.006
3419.66653 16.098 0.006
3419.67768 16.099 0.006
3419.68894 16.102 0.006
3419.70011 16.108 0.007
3419.71165 16.101 0.006
3419.72287 16.099 0.006
3419.73405 16.098 0.006
3419.74531 16.094 0.005
3419.75654 16.099 0.005
3419.77745 16.100 0.005
3419.78861 16.104 0.006
3419.79980 16.111 0.005
3419.81995 16.110 0.006
3419.83148 16.111 0.006
3419.84264 16.104 0.006
3420.64927 16.087 0.006
3420.66049 16.105 0.007
3420.68167 16.075 0.006
3420.69291 16.087 0.006
3420.70410 16.108 0.006
3420.74746 16.090 0.006
3420.75867 16.103 0.006
3420.76988 16.096 0.006
3420.78106 16.082 0.006
3420.79226 16.089 0.006
3420.80347 16.088 0.006
3420.81525 16.096 0.005
3420.82645 16.089 0.005
3420.83766 16.076 0.005
3420.85134 16.102 0.005
3421.64673 16.096 0.006
3421.65840 16.091 0.006
3421.66960 16.095 0.006
3421.68079 16.093 0.006
3421.69208 16.097 0.006
3421.70330 16.098 0.006
3421.71208 16.101 0.006
3421.75001 16.096 0.006
3421.76551 16.099 0.006
3421.77675 16.104 0.006
3421.78793 16.088 0.006
3421.79919 16.091 0.006
3421.81041 16.106 0.006
3421.83327 16.102 0.005
3421.84491 16.105 0.005
3422.64573 16.079 0.008
3422.69014 16.100 0.007
3422.70496 16.111 0.006
3422.74030 16.095 0.006
3422.75989 16.123 0.006
3422.77908 16.117 0.006
3422.79830 16.090 0.006
3422.81317 16.107 0.006
3422.82800 16.090 0.006
3423.64599 16.119 0.006
3423.66440 16.117 0.008
3423.74390 16.126 0.006
3423.75548 16.103 0.007
3423.76669 16.114 0.006
3423.77789 16.111 0.006
3423.78906 16.121 0.009
3423.82897 16.120 0.007
3424.63749 16.106 0.007
3424.64873 16.104 0.007
3424.65994 16.135 0.007
3424.67111 16.132 0.006
3424.69843 16.146 0.007
3424.70962 16.131 0.007
3424.72085 16.143 0.006
3424.73202 16.138 0.006
3424.74720 16.118 0.006
3424.76938 16.109 0.006
3424.78162 16.086 0.006
3424.80077 16.097 0.007
3424.81195 16.088 0.007
3424.82315 16.088 0.007
3424.83436 16.104 0.007
3425.62518 16.098 0.008
3425.64643 16.100 0.007
3425.65760 16.118 0.008
3425.66879 16.097 0.007
3425.68002 16.100 0.007
3425.69533 16.090 0.007
3425.70650 16.102 0.007
3425.71769 16.105 0.008
3425.72892 16.104 0.008
3425.74856 16.105 0.007
3425.75974 16.082 0.007
3425.77091 16.105 0.008
3425.78211 16.121 0.008
3425.79693 16.130 0.008
3425.81517 16.142 0.007
3425.82638 16.128 0.007
3426.61982 16.113 0.007
3426.64223 16.094 0.007
3426.66900 16.097 0.007
3426.68968 16.115 0.007
3426.70091 16.109 0.007
3426.71213 16.111 0.007
3426.72330 16.112 0.007
3426.73445 16.108 0.007
3426.74567 16.122 0.007
3426.76113 16.099 0.007
3426.78716 16.116 0.007
3426.79837 16.101 0.007
3426.81080 16.113 0.007
3426.82198 16.119 0.007
3427.63545 16.101 0.007
3427.64661 16.082 0.007
3427.66592 16.086 0.006
3427.67711 16.087 0.006
3427.69068 16.096 0.006
3427.70477 16.093 0.006
3427.71605 16.093 0.006
3427.73145 16.098 0.006
3427.74266 16.088 0.006
3427.76078 16.105 0.006
3427.77199 16.087 0.006
3427.79482 16.105 0.006
3427.80600 16.103 0.006
3427.81721 16.097 0.006
3428.63058 16.104 0.006
3428.65057 16.096 0.006
3428.66947 16.096 0.006
3428.68066 16.101 0.006
3428.69188 16.100 0.006
3428.70309 16.112 0.006
3428.71429 16.099 0.006
3428.72550 16.100 0.006
3428.73831 16.109 0.006
3428.75054 16.108 0.006
3428.76174 16.101 0.006
3428.77635 16.106 0.007
3428.78760 16.101 0.007
3428.81451 16.115 0.007
3429.62574 16.107 0.007
3429.68196 16.101 0.007
3429.69314 16.099 0.007
3429.70577 16.111 0.007
3429.75921 16.090 0.006
3429.77363 16.090 0.007
3429.79781 16.097 0.007
3429.80899 16.101 0.007
3429.82018 16.103 0.007
3430.61709 16.101 0.007
3430.62832 16.093 0.007
3430.64970 16.111 0.007
3430.66130 16.101 0.007
3430.67254 16.097 0.007
3430.68374 16.112 0.007
3430.69494 16.110 0.006
3430.70615 16.100 0.006
3430.71737 16.104 0.006
3430.72891 16.092 0.006
3430.74260 16.098 0.006
3430.75379 16.098 0.006
3430.76498 16.097 0.006
3430.77773 16.100 0.006
3430.78893 16.105 0.006
3431.61566 16.106 0.006
3431.62903 16.110 0.006
3431.64029 16.118 0.006
3431.65513 16.099 0.006
3431.67044 16.094 0.006
3431.68201 16.098 0.006
3431.69317 16.093 0.006
3431.70436 16.099 0.006
3431.71555 16.100 0.006
3431.72674 16.109 0.006
3431.73796 16.097 0.006
3431.74938 16.106 0.006
3431.76061 16.098 0.006
3431.77179 16.098 0.006
3431.78297 16.092 0.006
3431.79419 16.095 0.006
3431.80536 16.098 0.006
3431.81734 16.109 0.006
3432.60959 16.130 0.006
3432.62108 16.105 0.006
3432.63637 16.093 0.006
3432.64789 16.093 0.006
3432.65910 16.088 0.005
3432.67027 16.099 0.006
3432.68143 16.103 0.006
3432.69266 16.092 0.005
3432.70488 16.096 0.006
3432.71614 16.100 0.006
3432.72737 16.088 0.006
3432.74979 16.090 0.006
3432.76104 16.103 0.006
3432.77281 16.115 0.006
3432.78401 16.090 0.006
3432.79517 16.104 0.006
3432.80634 16.108 0.006
3432.81757 16.102 0.006
3433.65226 16.123 0.006
3433.66741 16.141 0.006
3433.67895 16.143 0.006
3433.69019 16.147 0.006
3433.70138 16.145 0.006
3433.71894 16.141 0.006
3433.73018 16.138 0.006
3433.74134 16.108 0.006
3433.75252 16.106 0.006
3433.76371 16.111 0.006
3433.77490 16.097 0.006
3433.79235 16.109 0.006
3433.80353 16.096 0.006
3433.81522 16.112 0.006
3433.82644 16.110 0.006
3433.83808 16.113 0.006
3433.84925 16.113 0.006
3433.86297 16.122 0.006
3433.87457 16.093 0.005
3433.88579 16.110 0.006
3433.89730 16.108 0.006
3433.90847 16.106 0.007
3434.62681 16.099 0.006
3434.64302 16.089 0.005
3434.65457 16.106 0.006
3434.66580 16.100 0.005
3434.67702 16.102 0.005
3434.68621 16.102 0.005
3434.69737 16.099 0.006
3434.70856 16.098 0.005
3434.71976 16.099 0.005
3434.73731 16.093 0.005
3434.74850 16.099 0.005
3434.75969 16.114 0.005
3434.77417 16.134 0.006
3434.78959 16.126 0.006
3434.80073 16.135 0.006
3434.81291 16.139 0.006
3434.82518 16.136 0.006
3434.83668 16.126 0.006
3436.62222 16.102 0.007
3436.63455 16.076 0.006
3436.64636 16.086 0.006
3436.65910 16.098 0.006
3436.67025 16.086 0.006
3436.68148 16.099 0.007
3436.69890 16.107 0.006
3436.71418 16.107 0.006
3436.73034 16.098 0.006
3436.74289 16.107 0.007
3436.75463 16.085 0.006
3436.76626 16.104 0.006
3436.77747 16.109 0.006
3436.78869 16.096 0.006
3436.79986 16.104 0.007
3436.81108 16.111 0.007
3437.60948 16.101 0.005
3437.62539 16.095 0.005
3438.65873 16.084 0.005
3438.68720 16.090 0.006
3438.69885 16.094 0.006
3438.71039 16.101 0.006
3438.72162 16.095 0.007
3438.73283 16.105 0.007
3438.74451 16.068 0.006
3438.75572 16.114 0.007
3438.76696 16.098 0.007
3438.77844 16.083 0.007
3438.79056 16.101 0.006
3438.80200 16.102 0.007
3438.81410 16.107 0.007
3439.61037 16.088 0.006
3439.62596 16.101 0.007
3439.63717 16.085 0.006
3439.64834 16.081 0.006
3439.65992 16.099 0.006
3439.67114 16.092 0.006
3439.68237 16.087 0.005
3439.69392 16.094 0.006
3439.70511 16.093 0.006
3439.71632 16.095 0.006
3439.72792 16.094 0.006
3439.73913 16.083 0.006
3439.75036 16.100 0.006
3439.76210 16.084 0.006
3439.77329 16.123 0.007
3440.58040 16.100 0.006
3440.59156 16.092 0.006
3440.60276 16.097 0.006
3440.61397 16.102 0.006
3440.62519 16.102 0.006
3442.59149 16.113 0.006
3442.60314 16.110 0.006
3442.61470 16.114 0.006
3442.62592 16.129 0.006
3442.63721 16.130 0.006
3442.64872 16.153 0.006
3442.65993 16.152 0.006
3442.67118 16.154 0.006
3442.68272 16.149 0.006
3442.69395 16.149 0.006
3442.70514 16.127 0.006
3442.71720 16.129 0.007
3442.72845 16.107 0.006
3442.73969 16.109 0.006
3442.75145 16.109 0.006
3442.76269 16.117 0.006
3442.77392 16.104 0.006
3442.78547 16.113 0.006
3443.57748 16.102 0.007
3443.58867 16.096 0.006
3443.59989 16.097 0.006
3443.61114 16.102 0.006
3443.62234 16.098 0.006
3443.63361 16.086 0.006
3443.64888 16.104 0.006
3443.66091 16.096 0.006
3443.67255 16.088 0.006
3443.68412 16.102 0.006
3443.69534 16.086 0.006
3443.70658 16.094 0.006
3443.71809 16.108 0.006
3443.72933 16.093 0.005
3443.74054 16.098 0.005
3443.75242 16.135 0.005
3443.76364 16.128 0.005
3443.77486 16.133 0.005
3444.56217 16.100 0.006
3444.57365 16.097 0.006
3444.58557 16.098 0.006
3444.60435 16.114 0.006
3444.61612 16.106 0.006
3444.62735 16.107 0.006
3444.63864 16.094 0.006
3444.64986 16.100 0.006
3444.66111 16.111 0.006
3444.67235 16.112 0.006
3444.68809 16.103 0.006
3444.69929 16.087 0.006
3444.71056 16.111 0.006
3444.72177 16.096 0.006
3444.73994 16.100 0.006
3444.75117 16.102 0.006
3444.76546 16.114 0.006
3444.78034 16.117 0.006
3445.57818 16.086 0.006
3445.58941 16.102 0.006
3445.60059 16.095 0.006
3445.61183 16.089 0.006
3445.62897 16.096 0.006
3445.64083 16.091 0.006
3445.65270 16.099 0.006
3445.66428 16.105 0.006
3445.67546 16.096 0.005
3445.68673 16.096 0.005
3445.69838 16.092 0.005
3445.70963 16.091 0.005
3445.72089 16.095 0.005
3445.73269 16.098 0.005
3445.74390 16.095 0.005
3445.75514 16.096 0.006
3445.76669 16.112 0.006
3446.56225 16.099 0.006
3446.57375 16.086 0.006
3446.58499 16.092 0.006
3446.59681 16.096 0.006
3446.60803 16.086 0.006
3446.61974 16.091 0.006
3446.63279 16.090 0.006
3446.64847 16.099 0.006
3446.66000 16.104 0.006
3446.67123 16.094 0.006
3446.68717 16.096 0.006
3446.69837 16.105 0.006
3446.70959 16.086 0.006
3446.72387 16.096 0.006
3446.73513 16.101 0.006
3446.74638 16.105 0.007
3446.75826 16.107 0.006
3446.76990 16.107 0.006
3447.56794 16.107 0.008
3447.62589 16.093 0.006
3447.63764 16.104 0.006
3447.64889 16.087 0.006
3447.66011 16.089 0.006
3447.67128 16.095 0.006
3447.68248 16.097 0.006
3447.69373 16.097 0.006
3447.70555 16.086 0.006
3447.71717 16.109 0.006
3447.72840 16.109 0.006
3447.73967 16.102 0.006
3447.75154 16.106 0.007
3447.76276 16.096 0.006
3447.78342 16.095 0.007
3448.57454 16.086 0.007
3448.58681 16.107 0.007
3448.60932 16.100 0.006
3448.62058 16.092 0.006
3448.63180 16.100 0.006
3448.64731 16.087 0.006
3448.65859 16.084 0.006
3448.66981 16.090 0.006
3448.68102 16.090 0.006
3448.69226 16.084 0.006
3448.71264 16.096 0.006
3448.72425 16.080 0.006
3448.73548 16.097 0.006
3448.74666 16.092 0.006
3448.75793 16.092 0.006
3448.76955 16.100 0.006
3449.56586 16.101 0.006
3449.57759 16.114 0.006
3449.59714 16.096 0.006
3449.60862 16.101 0.006
3449.61985 16.102 0.006
3449.63107 16.113 0.006
3449.64232 16.099 0.006
3449.65401 16.096 0.006
3449.66521 16.095 0.006
3449.67640 16.091 0.006
3449.68764 16.101 0.006
3449.70607 16.099 0.006
3449.71726 16.102 0.006
3449.72849 16.099 0.006
3449.73975 16.082 0.006
3449.75231 16.107 0.006
3449.76388 16.106 0.006
3450.56891 16.109 0.006
3450.58062 16.104 0.006
3450.59250 16.103 0.006
3450.60772 16.087 0.006
3450.61953 16.103 0.006
3450.63076 16.104 0.006
3450.64203 16.093 0.005
3450.65368 16.096 0.006
3450.66491 16.088 0.005
3450.67614 16.097 0.005
3450.68739 16.099 0.006
3450.69869 16.090 0.005
3450.71181 16.099 0.006
3450.72305 16.096 0.006
3450.73429 16.086 0.005
3450.74794 16.089 0.005
3450.75952 16.090 0.005
3452.54999 16.098 0.006
3452.56123 16.089 0.006
3452.57246 16.084 0.006
3452.58368 16.094 0.006
3452.60614 16.091 0.006
3452.61804 16.096 0.006
3452.62920 16.101 0.006
3452.64046 16.101 0.006
3452.65166 16.091 0.006
3452.66286 16.093 0.006
3452.67404 16.098 0.006
3452.68595 16.092 0.006
3452.69721 16.106 0.006
3452.70841 16.092 0.006
3452.71964 16.120 0.006
3452.73084 16.125 0.006
3452.74206 16.123 0.006
3452.75634 16.145 0.006
3453.57029 16.095 0.006
3453.58194 16.092 0.006
3453.59366 16.112 0.006
3453.60513 16.109 0.006
3453.61633 16.101 0.006
3453.62756 16.103 0.006
3453.63909 16.099 0.006
3453.66492 16.105 0.006
3453.67614 16.105 0.006
3453.68769 16.102 0.006
3453.69888 16.106 0.007
3453.71013 16.105 0.007
3453.72035 16.112 0.007
3453.73198 16.089 0.007
3453.74431 16.111 0.007
3453.75693 16.115 0.007
3454.55537 16.099 0.007
3454.56657 16.079 0.007
3454.57779 16.098 0.007
3454.58904 16.102 0.006
3454.60026 16.082 0.007
3454.61143 16.097 0.007
3454.62325 16.108 0.006
3454.63447 16.115 0.007
3454.64569 16.106 0.006
3454.65694 16.113 0.007
3454.66818 16.112 0.007
3454.67934 16.118 0.007
3454.69094 16.104 0.006
3454.70213 16.107 0.007
3454.71331 16.097 0.007
3454.72457 16.113 0.007
3454.73579 16.086 0.007
3454.74698 16.112 0.007
3454.75844 16.122 0.008
3454.76968 16.114 0.010
3455.61876 16.096 0.007
3455.63002 16.095 0.007
3455.64124 16.091 0.007
3455.65249 16.114 0.007
3455.66371 16.093 0.007
3455.67493 16.100 0.007
3455.68643 16.100 0.007
3455.69762 16.099 0.007
3455.70886 16.085 0.007
3455.72016 16.107 0.007
3455.73137 16.117 0.008
3455.74259 16.116 0.009
3455.75441 16.096 0.008
3455.76566 16.115 0.009
3455.77685 16.108 0.008
3456.56297 16.101 0.007
3456.57417 16.105 0.007
3456.58538 16.085 0.007
3456.59664 16.091 0.007
3456.60789 16.117 0.007
3456.61917 16.099 0.007
3456.63075 16.101 0.007
3456.64201 16.088 0.006
3456.65319 16.095 0.006
3456.66439 16.083 0.007
3456.67559 16.103 0.006
3456.68682 16.083 0.006
3456.69850 16.103 0.006
3456.70970 16.105 0.007
3456.72093 16.099 0.006
3456.73213 16.103 0.007
3456.74329 16.114 0.008
3456.75443 16.099 0.007
3457.59566 16.114 0.007
3457.60690 16.095 0.006
3457.61813 16.098 0.006
3457.62937 16.093 0.006
3457.64059 16.091 0.006
3457.65180 16.091 0.006
3457.66821 16.117 0.006
3457.67945 16.097 0.006
3457.69070 16.108 0.006
3457.70194 16.102 0.006
3457.71314 16.092 0.006
3457.72439 16.114 0.006
3457.73590 16.105 0.006
3457.74712 16.115 0.007
3458.54856 16.120 0.007
3458.55980 16.115 0.007
3458.57107 16.105 0.007
3458.58228 16.093 0.006
3458.60472 16.104 0.006
3458.61615 16.113 0.006
3458.62736 16.092 0.006
3458.63862 16.100 0.006
3458.64987 16.117 0.007
3458.66100 16.092 0.006
3458.67227 16.094 0.007
3458.68383 16.097 0.007
3458.69504 16.101 0.006
3458.70622 16.094 0.006
3458.71745 16.107 0.006
3458.72871 16.098 0.006
3458.73988 16.107 0.007
3459.54879 16.129 0.006
3459.56002 16.121 0.007
3459.57126 16.118 0.007
3459.58251 16.099 0.006
3459.59375 16.094 0.006
3459.60494 16.096 0.006
3459.61656 16.107 0.007
3459.62779 16.108 0.007
3459.63903 16.105 0.007
3459.65024 16.105 0.007
3459.66143 16.107 0.006
3459.67262 16.098 0.006
3459.68429 16.100 0.007
3459.69551 16.116 0.007
3459.70675 16.102 0.006
3459.71796 16.107 0.006
3459.72919 16.111 0.006
3459.74042 16.104 0.006
3460.53650 16.107 0.006
3460.54777 16.114 0.006
3460.55896 16.084 0.006
3460.57020 16.115 0.006
3460.58457 16.116 0.006
3460.59581 16.128 0.006
3460.60703 16.144 0.006
3460.61827 16.146 0.006
3460.62949 16.142 0.006
3460.64073 16.150 0.006
3460.65246 16.138 0.006
3460.66369 16.140 0.006
3460.67492 16.127 0.006
3460.68616 16.113 0.006
3460.69734 16.113 0.006
3460.70858 16.096 0.006
3460.72016 16.105 0.006
3460.73137 16.102 0.006
3460.74262 16.109 0.006
3460.75389 16.101 0.006
3461.54570 16.097 0.006
3461.55695 16.101 0.006
3461.56815 16.104 0.006
3461.57937 16.099 0.006
3461.59053 16.098 0.006
3461.60172 16.105 0.006
3461.62165 16.088 0.006
3461.63284 16.093 0.006
3461.64404 16.105 0.006
3461.65522 16.100 0.006
3461.66647 16.105 0.006
3461.67771 16.108 0.006
3461.69493 16.107 0.006
3461.70614 16.104 0.006
3461.71738 16.124 0.006
3461.72853 16.130 0.006
3461.73975 16.140 0.006
3461.75105 16.140 0.006
3461.76312 16.132 0.006
3462.54153 16.099 0.006
3462.55279 16.108 0.006
3462.56402 16.107 0.006
3462.57530 16.101 0.006
3462.58660 16.101 0.006
3462.59784 16.098 0.006
3462.60977 16.115 0.006
3462.62101 16.108 0.006
3462.63224 16.111 0.006
3462.64352 16.091 0.005
3462.65471 16.107 0.005
3462.66592 16.097 0.005
3462.67774 16.104 0.006
3462.68901 16.116 0.006
3462.70025 16.110 0.006
3462.71143 16.109 0.006
3462.72263 16.113 0.006
3462.73382 16.111 0.006
3462.74563 16.106 0.006
3462.77026 16.102 0.006
3462.78151 16.097 0.006
3462.79269 16.093 0.006
3462.80394 16.111 0.006
3462.81517 16.118 0.007
3462.82642 16.117 0.007
3467.52308 16.097 0.007
3467.53431 16.106 0.007
3467.54556 16.110 0.007
3467.55682 16.092 0.006
3467.56799 16.098 0.006
3467.57962 16.092 0.006
3467.59080 16.093 0.006
3467.60201 16.108 0.006
3467.61322 16.115 0.007
3467.62444 16.112 0.006
3467.63568 16.102 0.006
3467.64754 16.098 0.006
3467.65875 16.113 0.006
3467.66997 16.093 0.006
3467.68117 16.110 0.007
3467.69235 16.101 0.006
3467.70355 16.106 0.006
3468.52603 16.127 0.006
3468.53729 16.123 0.006
3468.54854 16.114 0.007
3468.55972 16.105 0.006
3468.57096 16.085 0.006
3468.58220 16.101 0.006
3468.59363 16.121 0.007
3468.60484 16.102 0.007
3468.61604 16.102 0.006
3468.62730 16.106 0.006
3468.63850 16.110 0.006
3468.64972 16.094 0.006
3468.66129 16.087 0.006
3468.67252 16.101 0.006
3468.68379 16.096 0.006
3468.69502 16.100 0.006
3468.70624 16.111 0.006
3468.71749 16.122 0.007
3469.51921 16.105 0.006
3469.53045 16.114 0.006
3469.54171 16.107 0.006
3469.55295 16.099 0.006
3469.56937 16.121 0.006
3469.58061 16.130 0.006
3469.59188 16.139 0.006
3469.60312 16.151 0.006
3469.61436 16.140 0.006
3469.62554 16.151 0.006
3469.63704 16.142 0.006
3469.69182 16.105 0.006
3469.70772 16.110 0.006
3469.71895 16.114 0.006
3469.73019 16.101 0.006
3470.48615 16.106 0.007
3470.50458 16.112 0.007
3470.52943 16.090 0.006
3470.54875 16.116 0.006
3470.56711 16.102 0.006
3470.58547 16.113 0.006
3470.60396 16.100 0.006
3470.62234 16.106 0.006
3470.64068 16.105 0.005
3470.65951 16.094 0.005
3470.67436 16.098 0.006
3470.68921 16.104 0.006
3470.70409 16.120 0.005
3470.71894 16.129 0.006
3471.52356 16.102 0.007
3471.53477 16.129 0.008
3471.54598 16.113 0.007
3471.55718 16.121 0.007
3471.56843 16.112 0.007
3471.57966 16.105 0.007
3471.59206 16.112 0.007
3471.60333 16.096 0.007
3471.62372 16.120 0.007
3471.63494 16.101 0.006
3471.64621 16.108 0.007
3471.67223 16.092 0.007
3471.68345 16.114 0.007
3471.69468 16.113 0.007
3471.70588 16.111 0.007
3472.65107 16.104 0.006
3472.66229 16.097 0.006
3472.67349 16.117 0.007
3472.68470 16.106 0.006
3472.69592 16.102 0.007
3472.70711 16.089 0.006
3472.71862 16.090 0.006
3472.72983 16.103 0.006
3473.50973 16.089 0.007
3473.52091 16.093 0.007
3473.53216 16.091 0.006
3473.54337 16.085 0.006
3473.55462 16.090 0.006
3473.56583 16.082 0.006
3473.58429 16.097 0.006
3473.59552 16.081 0.006
3473.60674 16.099 0.006
3473.61796 16.071 0.006
3473.62919 16.084 0.006
3473.64038 16.098 0.006
3473.65179 16.099 0.006
3473.66301 16.088 0.006
3473.67426 16.097 0.006
3473.68577 16.082 0.006
3473.69697 16.096 0.006
3473.70822 16.100 0.006
3474.51895 16.079 0.007
3474.53781 16.087 0.007
3474.55615 16.100 0.007
3474.57465 16.084 0.007
3474.59329 16.094 0.006
3474.61168 16.087 0.006
3474.63011 16.102 0.006
3474.64854 16.102 0.006
3474.66742 16.106 0.006
3474.68225 16.114 0.006
3474.69712 16.102 0.007
3474.71258 16.114 0.007
3475.50754 16.093 0.006
3475.51879 16.090 0.006
3475.52999 16.090 0.006
3475.54425 16.096 0.006
3475.55805 16.104 0.006
3475.56928 16.078 0.006
3475.58560 16.082 0.005
3475.59685 16.082 0.006
3475.60807 16.083 0.006
3475.61931 16.078 0.006
3475.63056 16.102 0.006
3475.64181 16.094 0.006
3475.65337 16.095 0.006
3475.66457 16.082 0.006
3475.67579 16.089 0.006
3475.68699 16.095 0.006
3475.69820 16.098 0.006
3476.48204 16.120 0.007
3476.49328 16.097 0.006
3476.50450 16.101 0.007
3476.51571 16.130 0.006
3476.52692 16.101 0.006
3476.53819 16.103 0.006
3476.54970 16.108 0.006
3476.56092 16.107 0.006
3476.57214 16.108 0.006
3476.58337 16.100 0.005
3476.59459 16.099 0.006
3476.60577 16.086 0.005
3476.61736 16.089 0.006
3476.62857 16.088 0.006
3476.64132 16.095 0.006
3476.65254 16.092 0.005
3476.66378 16.088 0.005
3476.67501 16.092 0.005
3476.68629 16.094 0.006
3476.69753 16.094 0.005
3477.51340 16.133 0.007
3477.52460 16.116 0.006
3477.53581 16.109 0.006
3477.54710 16.086 0.006
3477.55832 16.095 0.006
3477.56955 16.118 0.006
3477.58533 16.094 0.006
3477.59658 16.104 0.006
3477.60779 16.101 0.006
3477.62134 16.099 0.006
3477.63744 16.097 0.006
3477.64872 16.102 0.006
3477.65998 16.092 0.006
3477.67121 16.095 0.006
3477.68247 16.097 0.006
3477.69558 16.099 0.006
3477.70677 16.102 0.006
3478.50947 16.106 0.007
3478.52785 16.103 0.006
3478.54624 16.111 0.006
3478.56771 16.135 0.006
3478.58610 16.136 0.006
3478.60448 16.144 0.006
3478.62282 16.147 0.006
3478.64122 16.124 0.006
3478.65961 16.120 0.006
3478.67837 16.105 0.006
3478.69317 16.106 0.006
3479.53008 16.124 0.008
3479.54522 16.110 0.007
3479.55663 16.096 0.007
3479.56790 16.088 0.007
3479.57912 16.110 0.007
3479.59030 16.109 0.007
3479.60156 16.095 0.006
3479.61280 16.105 0.007
3479.62430 16.086 0.006
3479.63555 16.108 0.006
3480.48649 16.093 0.007
3480.49773 16.082 0.007
3480.50895 16.086 0.007
3480.52017 16.079 0.006
3480.53137 16.078 0.006
3480.54263 16.081 0.006
3480.55431 16.090 0.006
3480.56555 16.079 0.006
3480.57681 16.088 0.006
3480.58802 16.084 0.006
3480.59920 16.080 0.005
3480.61280 16.094 0.005
3480.62401 16.093 0.005
3480.63525 16.084 0.005
3480.64648 16.094 0.006
3480.65774 16.097 0.006
3480.66914 16.088 0.005
3481.49854 16.103 0.008
3481.50981 16.089 0.007
3481.52106 16.094 0.008
3481.53415 16.113 0.007
3481.54535 16.082 0.007
3481.55660 16.102 0.007
3481.56784 16.096 0.007
3481.57909 16.102 0.007
3481.59298 16.100 0.006
3481.60419 16.083 0.006
3481.61543 16.095 0.006
3481.62666 16.091 0.006
3481.63790 16.093 0.006
3481.64910 16.109 0.006
3481.66062 16.103 0.006
3482.48435 16.091 0.009
3482.50227 16.095 0.008
3482.62149 16.097 0.006
3482.63986 16.092 0.006
3482.65962 16.085 0.006
3483.48000 16.094 0.007
3483.49125 16.087 0.006
3483.50250 16.096 0.006
3483.51373 16.083 0.006
3483.52496 16.095 0.006
3483.53623 16.089 0.006
3483.54783 16.094 0.007
3483.55905 16.082 0.006
3483.57032 16.094 0.008
3483.58154 16.085 0.006
3483.59275 16.089 0.006
3483.60396 16.095 0.007
3483.62354 16.094 0.006
3483.63479 16.096 0.006
3483.64942 16.078 0.006
3483.66063 16.091 0.006
3484.55804 16.092 0.008
3484.56928 16.107 0.008
3484.58049 16.081 0.007
3484.59173 16.085 0.008
3484.60294 16.093 0.007
3484.61713 16.103 0.008
3484.62838 16.092 0.008
3484.63961 16.090 0.008
3484.65082 16.116 0.008
3484.66201 16.094 0.009
3495.48839 16.118 0.007
3495.49958 16.122 0.007
3495.51082 16.106 0.007
3495.52205 16.093 0.007
3495.53327 16.104 0.007
3495.54451 16.097 0.007
3495.55610 16.108 0.008
3495.56731 16.115 0.008
3495.57852 16.105 0.007
3495.59162 16.102 0.006
3495.60291 16.108 0.007
3495.61416 16.090 0.006
3495.62537 16.121 0.007
3495.63658 16.113 0.008
3496.58112 16.175 0.008
3496.59239 16.130 0.007
3496.60363 16.129 0.007
3496.61485 16.128 0.007
3496.62608 16.110 0.007
3496.63734 16.120 0.007
3497.46499 16.108 0.008
3497.47622 16.108 0.008
3497.48751 16.126 0.008
3497.49875 16.108 0.007
3497.52459 16.109 0.007
3497.53582 16.096 0.007
3497.54704 16.105 0.007
3497.55829 16.097 0.006
3497.56952 16.110 0.006
3497.58074 16.101 0.006
3497.59251 16.086 0.006
3497.60373 16.090 0.006
3497.61496 16.114 0.006
3497.62616 16.096 0.006
3499.48058 16.094 0.007
3499.49180 16.091 0.006
3499.50648 16.096 0.006
3499.51809 16.092 0.006
3499.52935 16.079 0.006
3499.54058 16.094 0.006
3499.55177 16.099 0.005
3499.56298 16.100 0.005
3499.57421 16.092 0.006
3499.58791 16.104 0.006
3499.59957 16.097 0.006
3499.61084 16.091 0.005
3499.62209 16.118 0.006
3500.48875 16.094 0.006
3500.50000 16.099 0.005
3500.51121 16.086 0.005
3500.52243 16.092 0.006
3500.53365 16.097 0.005
3500.55039 16.111 0.005
3500.56167 16.103 0.005
3500.57467 16.088 0.005
3500.58826 16.090 0.005
3500.60108 16.087 0.005
3500.61229 16.117 0.005
3501.50080 16.098 0.008
3501.51201 16.105 0.008
3501.52323 16.091 0.007
3501.53445 16.098 0.008
3501.54569 16.100 0.007
3501.55687 16.118 0.007
3501.56927 16.093 0.007
3501.58166 16.107 0.007
3501.59287 16.104 0.007
3501.60414 16.089 0.008
3501.61538 16.108 0.008
3501.62659 16.095 0.007
3502.46702 16.098 0.007
3502.47824 16.089 0.007
3502.48945 16.093 0.006
3502.50067 16.089 0.007
3502.51187 16.089 0.007
3502.52302 16.093 0.006
3502.53636 16.095 0.006
3502.54759 16.098 0.006
3502.55883 16.104 0.006
3502.56998 16.087 0.005
3502.58121 16.097 0.006
3502.59248 16.107 0.005
3502.60467 16.097 0.005
3503.46688 16.106 0.007
3503.47916 16.105 0.008
3503.49041 16.098 0.006
3503.50389 16.098 0.006
3503.51509 16.100 0.006
3503.52629 16.106 0.007
3503.53926 16.102 0.006
3503.55046 16.091 0.006
3503.56600 16.090 0.006
3503.57791 16.107 0.006
3503.59085 16.098 0.006
3503.60208 16.090 0.006
3504.46788 16.119 0.008
3504.49291 16.104 0.007
3504.50578 16.110 0.008
3504.51700 16.089 0.007
3504.52823 16.086 0.007
3504.53945 16.099 0.007
3504.55058 16.109 0.007
3504.56180 16.101 0.007
3504.57407 16.094 0.006
3504.58635 16.095 0.006
3504.59753 16.112 0.007
3504.60877 16.122 0.007
3504.61998 16.093 0.007
3506.46209 16.108 0.007
3506.55346 16.094 0.006
3506.56465 16.083 0.006
3506.57588 16.114 0.006
3506.58850 16.090 0.006
3506.59969 16.118 0.007
3506.61091 16.109 0.007
3509.46206 16.085 0.007
3509.47326 16.090 0.007
3509.48571 16.064 0.007
3509.49697 16.099 0.007
3509.50989 16.087 0.006
3509.52112 16.099 0.008
3509.53234 16.075 0.007
3509.54353 16.103 0.007
3509.55479 16.089 0.006
3509.56600 16.089 0.006
3509.57799 16.101 0.006
3509.58925 16.094 0.006
3511.46283 16.076 0.006
3511.47409 16.081 0.006
3511.48528 16.078 0.006
3511.49652 16.089 0.006
3511.50771 16.086 0.006
3511.51892 16.084 0.006
3511.53208 16.094 0.006
3511.54334 16.078 0.006
3511.55456 16.101 0.006
3511.56578 16.092 0.006
3511.57930 16.099 0.007
3512.46256 16.107 0.007
3512.47376 16.094 0.007
3512.48497 16.091 0.007
3512.49623 16.104 0.007
3512.50745 16.103 0.007
3512.51867 16.101 0.007
3512.53014 16.090 0.007
3512.54140 16.103 0.007
3512.55713 16.112 0.007
3512.56838 16.106 0.007
3512.57959 16.104 0.007
3513.46453 16.106 0.008
3513.47581 16.103 0.008
3513.48706 16.116 0.008
3513.49827 16.103 0.008
3513.50950 16.111 0.009
3513.52079 16.100 0.010
3517.47638 16.101 0.006
3517.48762 16.082 0.006
3517.49887 16.091 0.006
3517.51012 16.092 0.006
3517.52134 16.104 0.005
3517.53255 16.102 0.006
3517.54543 16.104 0.007
3517.55663 16.103 0.006
3520.48517 16.100 0.006
3520.49636 16.100 0.006
3520.50759 16.108 0.006
3520.51881 16.105 0.006
3520.53008 16.105 0.006
3520.54128 16.095 0.006
3521.48643 16.104 0.006
3521.49762 16.105 0.006
3521.50888 16.107 0.006
3521.52011 16.104 0.006
3521.53130 16.108 0.006
3521.54254 16.097 0.006
3521.55486 16.096 0.006
3521.56608 16.101 0.006
3521.57730 16.101 0.006
3522.48788 16.098 0.006
3522.49912 16.105 0.006
3522.51037 16.094 0.006
3522.52159 16.092 0.006
3522.53280 16.112 0.006
3522.54402 16.107 0.006
3523.49086 16.128 0.007
3523.50211 16.153 0.007
3523.51332 16.169 0.007
3523.52456 16.152 0.007
3523.53582 16.144 0.007
3524.52056 16.107 0.006
3524.53174 16.099 0.006
3524.54292 16.111 0.006
3524.55414 16.125 0.006
3524.56537 16.112 0.006
3525.49553 16.100 0.007
3525.50675 16.093 0.007
3525.51798 16.114 0.007
3525.52922 16.109 0.007
3525.54045 16.095 0.006
3525.55167 16.100 0.007
3527.53237 16.099 0.005
3527.54359 16.086 0.005
3527.55484 16.093 0.006
3527.56603 16.093 0.005
3528.48697 16.102 0.008
3528.49816 16.110 0.007
3528.50935 16.100 0.007
3528.52055 16.078 0.007
3528.53176 16.105 0.007
3528.54297 16.103 0.007
3529.50529 16.097 0.006
3529.51652 16.110 0.007
3529.52774 16.094 0.006
3530.48090 16.091 0.006
3530.49217 16.098 0.006
3530.50337 16.109 0.006
3530.51454 16.093 0.006
3530.52575 16.102 0.006
3530.53693 16.105 0.006
3542.52986 16.099 0.007
3543.47633 16.099 0.008
3544.57942 16.106 0.007
3748.85285 16.105 0.006
3748.86621 16.102 0.006
3750.86184 16.083 0.006
3750.87306 16.099 0.006
3751.85768 16.089 0.006
3751.86892 16.090 0.006
3753.85350 16.110 0.006
3753.86473 16.095 0.007
3753.87624 16.103 0.007
3754.85401 16.120 0.006
3754.86525 16.127 0.007
3754.87648 16.110 0.007
3755.85039 16.102 0.007
3755.86162 16.102 0.006
3755.87284 16.103 0.006
3756.85329 16.099 0.007
3756.86556 16.107 0.007
3756.87706 16.105 0.007
3757.86199 16.096 0.006
3757.87357 16.092 0.006
3757.88480 16.098 0.007
3758.82913 16.090 0.007
3758.84036 16.074 0.007
3758.85160 16.105 0.006
3758.86280 16.088 0.006
3758.87519 16.098 0.007
3759.85037 16.091 0.006
3759.86164 16.086 0.006
3759.87410 16.083 0.006
3760.82108 16.100 0.006
3760.83233 16.097 0.006
3760.84357 16.098 0.006
3760.85475 16.078 0.006
3760.86595 16.082 0.006
3760.87720 16.079 0.006
3760.88882 16.097 0.009
3761.83191 16.083 0.005
3761.84318 16.096 0.005
3761.85444 16.100 0.005
3761.86566 16.102 0.005
3761.87686 16.088 0.006
3762.83121 16.089 0.005
3762.84241 16.093 0.006
3762.85364 16.101 0.006
3762.86483 16.092 0.006
3762.87603 16.100 0.006
3763.82495 16.128 0.006
3763.83894 16.133 0.006
3763.85013 16.126 0.005
3763.86134 16.106 0.005
3763.87259 16.099 0.005
3763.88386 16.110 0.007
3764.81938 16.098 0.005
3764.83062 16.094 0.005
3764.84188 16.099 0.005
3764.85311 16.092 0.005
3764.86438 16.097 0.005
3764.87562 16.104 0.005
3764.88700 16.092 0.006
3765.78970 16.093 0.005
3765.80095 16.106 0.005
3765.81220 16.082 0.005
3765.82610 16.088 0.005
3765.83737 16.088 0.005
3765.84862 16.092 0.005
3765.85985 16.101 0.005
3765.87250 16.092 0.005
3765.88374 16.096 0.005
3766.80323 16.103 0.006
3766.81440 16.106 0.006
3766.82566 16.100 0.006
3766.83683 16.101 0.006
3766.84806 16.089 0.006
3766.85927 16.092 0.006
3766.87213 16.087 0.006
3766.88330 16.091 0.006
3767.80991 16.109 0.007
3767.82588 16.100 0.006
3767.83705 16.094 0.006
3767.84827 16.088 0.008
3767.85520 16.107 0.007
3767.86645 16.100 0.007
3767.87774 16.101 0.007
3769.80182 16.095 0.006
3769.81324 16.084 0.006
3769.82452 16.096 0.006
3769.83579 16.101 0.006
3769.84702 16.081 0.006
3769.85824 16.092 0.006
3769.86947 16.095 0.006
3769.88104 16.100 0.006
3769.89227 16.092 0.007
3770.77979 16.107 0.007
3770.79099 16.085 0.006
3770.80219 16.103 0.006
3770.81339 16.092 0.007
3770.82465 16.090 0.006
3770.83592 16.094 0.006
3770.84948 16.086 0.006
3770.86069 16.092 0.006
3770.87191 16.091 0.004
3770.88312 16.111 0.005
3772.79516 16.138 0.006
3772.80640 16.141 0.006
3772.81764 16.142 0.006
3772.82892 16.127 0.006
3772.84010 16.109 0.006
3772.85128 16.123 0.007
3773.78090 16.099 0.006
3773.79206 16.110 0.006
3773.80330 16.091 0.006
3773.81450 16.097 0.007
3773.82572 16.089 0.006
3773.83698 16.095 0.006
3774.78235 16.095 0.006
3774.79392 16.094 0.006
3774.80516 16.095 0.006
3774.81636 16.094 0.006
3774.82753 16.095 0.006
3775.77180 16.080 0.006
3775.78302 16.091 0.006
3775.79426 16.094 0.006
3775.80544 16.087 0.006
3775.81664 16.097 0.007
3775.82786 16.087 0.006
3776.75671 16.081 0.007
3776.76790 16.083 0.007
3776.77915 16.088 0.006
3776.79038 16.089 0.007
3776.80162 16.079 0.006
3776.81281 16.091 0.007
3776.82487 16.090 0.007
3776.83898 16.090 0.006
3777.76923 16.086 0.006
3777.78046 16.088 0.006
3777.79172 16.080 0.006
3777.80292 16.090 0.006
3777.81416 16.084 0.006
3777.82540 16.076 0.006
3778.78298 16.082 0.006
3778.79417 16.093 0.006
3778.80540 16.080 0.006
3778.81664 16.089 0.006
3778.82787 16.088 0.006
3779.75156 16.102 0.008
3779.76276 16.091 0.006
3779.77394 16.101 0.006
3779.78518 16.097 0.006
3779.79638 16.091 0.006
3779.80766 16.085 0.006
3779.81990 16.090 0.006
3780.73537 16.098 0.006
3780.74659 16.097 0.006
3780.75784 16.089 0.006
3780.76908 16.080 0.006
3780.78034 16.087 0.006
3780.79160 16.079 0.006
3780.80341 16.096 0.007
3780.81500 16.094 0.007
3781.78309 16.144 0.007
3781.79433 16.131 0.007
3781.80559 16.131 0.007
3781.82146 16.110 0.007
3781.83267 16.120 0.007
3781.84393 16.105 0.007
3782.79041 16.097 0.006
3782.80680 16.092 0.006
3782.82413 16.098 0.006
3782.83537 16.097 0.006
