3402.87757 18.339 0.031
3403.82537 18.318 0.025
3403.83655 18.315 0.029
3403.84781 18.344 0.028
3403.85901 18.364 0.031
3403.87512 18.391 0.032
3403.88674 18.384 0.042
3404.74097 18.317 0.029
3404.75622 18.350 0.027
3404.76851 18.352 0.027
3404.77970 18.335 0.025
3404.79461 18.329 0.025
3404.80610 18.318 0.025
3404.81728 18.331 0.027
3404.83008 18.314 0.025
3404.84128 18.340 0.025
3404.85252 18.354 0.025
3404.86374 18.384 0.025
3404.87491 18.420 0.030
3404.88613 18.375 0.031
3405.70562 18.336 0.026
3405.71827 18.347 0.026
3405.72943 18.356 0.030
3405.74377 18.352 0.024
3405.75499 18.353 0.024
3405.76617 18.323 0.024
3405.77732 18.343 0.024
3405.78854 18.325 0.024
3405.79973 18.333 0.024
3405.81123 18.320 0.024
3405.82240 18.361 0.029
3405.83359 18.375 0.032
3405.85104 18.271 0.030
3405.86619 18.301 0.026
3405.87903 18.367 0.028
3405.89022 18.299 0.041
3406.70996 18.359 0.025
3406.72115 18.352 0.026
3406.73231 18.290 0.027
3406.74367 18.343 0.030
3406.75483 18.302 0.026
3406.76603 18.264 0.024
3406.77724 18.338 0.026
3406.78845 18.302 0.024
3406.79962 18.296 0.026
3406.81110 18.286 0.033
3406.82234 18.342 0.030
3406.83359 18.370 0.028
3406.84480 18.352 0.029
3406.85601 18.294 0.027
3406.86723 18.312 0.027
3406.88530 18.352 0.027
3406.89671 18.438 0.051
3407.71652 18.276 0.027
3407.72777 18.273 0.031
3407.73898 18.397 0.036
3407.75021 18.294 0.027
3407.76156 18.343 0.028
3407.77278 18.302 0.034
3407.78402 18.346 0.033
3407.79523 18.331 0.032
3407.80647 18.360 0.033
3407.81770 18.342 0.031
3407.83029 18.293 0.027
3407.84146 18.313 0.028
3407.85270 18.292 0.029
3407.86392 18.302 0.026
3407.87510 18.279 0.025
3407.88633 18.319 0.026
3407.89766 18.361 0.039
3408.72472 18.358 0.028
3408.73598 18.329 0.027
3408.74720 18.354 0.029
3408.75857 18.239 0.026
3408.76973 18.411 0.030
3408.78092 18.307 0.027
3408.79211 18.339 0.030
3408.80332 18.375 0.033
3408.81630 18.295 0.027
3408.82752 18.313 0.029
3408.84037 18.267 0.028
3408.85160 18.327 0.027
3408.86283 18.391 0.030
3408.87402 18.299 0.028
3409.68740 18.390 0.028
3409.69865 18.115 0.025
3409.70988 18.412 0.028
3409.72112 18.434 0.029
3409.73226 18.352 0.027
3409.74348 18.418 0.028
3409.75500 18.340 0.028
3409.76623 18.415 0.024
3409.77747 18.361 0.022
3409.78861 18.378 0.023
3409.79986 18.382 0.023
3409.81108 18.361 0.023
3409.82525 18.386 0.022
3409.83646 18.396 0.024
3409.84764 18.391 0.024
3409.85881 18.381 0.024
3409.86999 18.378 0.030
3409.88119 18.355 0.029
3410.70625 18.343 0.031
3410.71745 18.307 0.033
3410.74062 18.293 0.028
3410.75588 18.347 0.026
3410.76992 18.321 0.025
3410.78468 18.313 0.025
3410.79948 18.336 0.026
3410.81427 18.341 0.027
3410.83425 18.376 0.030
3410.84910 18.323 0.028
3410.86041 18.324 0.028
3410.87174 18.324 0.029
3411.72425 18.271 0.032
3411.73548 18.323 0.034
3411.74667 18.312 0.036
3411.76560 18.349 0.038
3411.77684 18.273 0.035
3411.82777 18.406 0.031
3411.83896 18.331 0.028
3411.85019 18.286 0.033
3411.87255 18.426 0.030
3412.75370 18.289 0.033
3412.79279 18.221 0.034
3412.80435 18.302 0.036
3412.82209 18.293 0.037
3412.83803 18.372 0.035
3412.84960 18.326 0.035
3412.86081 18.333 0.031
3412.87199 18.269 0.035
3413.67653 18.255 0.029
3413.68771 18.361 0.034
3413.69894 18.299 0.029
3413.71013 18.275 0.027
3413.72132 18.315 0.032
3413.73253 18.376 0.032
3413.74407 18.254 0.028
3413.76289 18.360 0.029
3413.77444 18.243 0.027
3413.78565 18.322 0.031
3413.79686 18.230 0.029
3413.80804 18.278 0.029
3413.81929 18.408 0.032
3413.83049 18.286 0.031
3413.84217 18.312 0.029
3413.85421 18.246 0.028
3413.86536 18.184 0.029
3414.66119 18.348 0.034
3414.67243 18.362 0.040
3414.68364 18.314 0.033
3414.69480 18.305 0.033
3414.70599 18.333 0.032
3414.72106 18.327 0.033
3414.73230 18.330 0.033
3414.74345 18.336 0.032
3414.75462 18.362 0.032
3414.76583 18.250 0.029
3414.78046 18.300 0.029
3414.80800 18.322 0.028
3414.81920 18.293 0.029
3414.83460 18.353 0.028
3414.84580 18.350 0.028
3414.85704 18.326 0.029
3415.66915 18.365 0.029
3415.68032 18.391 0.029
3415.69150 18.401 0.027
3415.70989 18.365 0.024
3415.72107 18.366 0.024
3415.73228 18.354 0.026
3415.74349 18.367 0.027
3415.76137 18.366 0.022
3415.77517 18.342 0.024
3415.78675 18.355 0.021
3415.82835 18.303 0.022
3415.84696 18.362 0.023
3415.85849 18.365 0.022
3416.64949 18.408 0.034
3416.66070 18.306 0.029
3416.67193 18.357 0.031
3416.68316 18.321 0.032
3416.70923 18.323 0.029
3416.72086 18.349 0.033
3416.73205 18.380 0.029
3416.74326 18.357 0.030
3416.75444 18.343 0.031
3416.76564 18.380 0.028
3416.77687 18.419 0.035
3416.78842 18.321 0.033
3416.79967 18.320 0.029
3416.81415 18.412 0.033
3416.82539 18.379 0.029
3416.83658 18.368 0.028
3416.84780 18.375 0.030
3416.85901 18.363 0.028
3417.65497 18.291 0.032
3417.66613 18.385 0.031
3417.68131 18.341 0.028
3417.69251 18.338 0.033
3417.70371 18.403 0.030
3417.71492 18.333 0.027
3417.72615 18.377 0.028
3417.74350 18.365 0.027
3417.75468 18.448 0.030
3417.76589 18.314 0.025
3417.77711 18.347 0.026
3417.78831 18.323 0.025
3417.81017 18.327 0.026
3417.82701 18.399 0.026
3417.83822 18.408 0.024
3417.84944 18.424 0.025
3418.65962 18.404 0.039
3418.67079 18.332 0.036
3418.68201 18.360 0.036
3418.69322 18.371 0.039
3418.70442 18.249 0.037
3418.71563 18.323 0.039
3418.72722 18.236 0.034
3418.73843 18.463 0.041
3418.75905 18.330 0.030
3418.77029 18.312 0.029
3418.82484 18.434 0.031
3419.64973 18.279 0.030
3419.66096 18.298 0.032
3419.67212 18.291 0.031
3419.68332 18.328 0.034
3419.69451 18.337 0.030
3419.70573 18.332 0.033
3419.71728 18.240 0.036
3419.72844 18.317 0.030
3419.73969 18.347 0.028
3419.75093 18.273 0.026
3419.76214 18.345 0.025
3419.78302 18.294 0.028
3419.80541 18.337 0.025
3419.82555 18.356 0.023
3419.83704 18.289 0.023
3419.84825 18.349 0.024
3420.65490 18.312 0.032
3420.67566 18.293 0.032
3420.68731 18.327 0.031
3420.69852 18.348 0.033
3420.71333 18.280 0.033
3420.75306 18.332 0.027
3420.76430 18.319 0.030
3420.77548 18.293 0.026
3420.78664 18.371 0.028
3420.79786 18.344 0.027
3420.80910 18.305 0.025
3420.82086 18.295 0.025
3420.83207 18.207 0.029
3420.84329 18.311 0.026
3421.63825 18.275 0.027
3421.65235 18.305 0.030
3421.66403 18.366 0.029
3421.67518 18.357 0.030
3421.68646 18.317 0.028
3421.69767 18.332 0.028
3421.71767 18.322 0.039
3421.75564 18.414 0.031
3421.77114 18.323 0.026
3421.78234 18.320 0.025
3421.79359 18.335 0.026
3421.80483 18.367 0.028
3421.81602 18.354 0.028
3421.83891 18.398 0.026
3422.65137 18.230 0.065
3422.69573 18.363 0.029
3422.71060 18.273 0.044
3422.74594 18.362 0.034
3422.76548 18.302 0.033
3422.78468 18.372 0.032
3422.80394 18.330 0.029
3422.81878 18.332 0.027
3422.83366 18.380 0.026
3423.65158 18.399 0.045
3423.67076 18.436 0.056
3423.74952 18.397 0.036
3423.76109 18.387 0.041
3423.77228 18.319 0.032
3423.78348 18.297 0.034
3423.80381 18.530 0.060
3423.83459 18.364 0.030
3424.64310 18.299 0.038
3424.65433 18.371 0.035
3424.66551 18.350 0.034
3424.69256 18.371 0.036
3424.70403 18.398 0.036
3424.71524 18.213 0.037
3424.72644 18.345 0.032
3424.74124 18.358 0.033
3424.75283 18.360 0.037
3424.77556 18.360 0.033
3424.79458 18.419 0.036
3424.80635 18.405 0.037
3424.82877 18.336 0.035
3424.83998 18.404 0.039
3425.63081 18.328 0.045
3425.65202 18.279 0.039
3425.66322 18.267 0.041
3425.67441 18.387 0.042
3425.68564 18.235 0.038
3425.70093 18.312 0.036
3425.71210 18.357 0.042
3425.72332 18.350 0.049
3425.73457 18.359 0.046
3425.75415 18.416 0.040
3425.76531 18.365 0.040
3425.77651 18.275 0.044
3425.78775 18.337 0.042
3425.80911 18.374 0.044
3425.82077 18.390 0.038
3425.83197 18.416 0.038
3426.62542 18.338 0.038
3426.63663 18.356 0.037
3426.64781 18.321 0.035
3426.68349 18.279 0.034
3426.69530 18.326 0.034
3426.70655 18.292 0.036
3426.71770 18.298 0.033
3426.72887 18.289 0.034
3426.74004 18.325 0.035
3426.75127 18.337 0.035
3426.77131 18.442 0.037
3426.79277 18.378 0.036
3426.80396 18.353 0.037
3426.81639 18.359 0.039
3426.82755 18.310 0.035
3427.64101 18.404 0.043
3427.65995 18.272 0.041
3427.67150 18.315 0.033
3427.68271 18.302 0.031
3427.69631 18.309 0.031
3427.71038 18.300 0.031
3427.72168 18.328 0.031
3427.73706 18.309 0.029
3427.75380 18.317 0.030
3427.76640 18.286 0.029
3427.78882 18.297 0.031
3427.80042 18.323 0.034
3427.81162 18.291 0.031
3427.82281 18.287 0.031
3428.63618 18.318 0.033
3428.66364 18.353 0.030
3428.67507 18.353 0.031
3428.68628 18.315 0.030
3428.69750 18.275 0.028
3428.70868 18.286 0.028
3428.71987 18.308 0.029
3428.73109 18.240 0.026
3428.74454 18.260 0.027
3428.75610 18.332 0.029
3428.77041 18.294 0.032
3428.78196 18.289 0.033
3428.80420 18.328 0.034
3428.82008 18.323 0.035
3429.63132 18.152 0.042
3429.69874 18.322 0.035
3429.75306 18.385 0.040
3429.76481 18.339 0.036
3429.80340 18.246 0.037
3429.81458 18.325 0.036
3430.62271 18.383 0.038
3430.63611 18.287 0.041
3430.65531 18.264 0.038
3430.66692 18.265 0.036
3430.67816 18.348 0.035
3430.70053 18.311 0.031
3430.71175 18.288 0.029
3430.72295 18.325 0.031
3430.73449 18.289 0.031
3430.74819 18.340 0.029
3430.75939 18.334 0.029
3430.77058 18.358 0.028
3430.78335 18.289 0.027
3430.79456 18.343 0.032
3431.62129 18.325 0.029
3431.63465 18.390 0.031
3431.64589 18.401 0.030
3431.66070 18.371 0.029
3431.67606 18.361 0.028
3431.68757 18.376 0.029
3431.69874 18.378 0.027
3431.70994 18.337 0.027
3431.72115 18.308 0.027
3431.73232 18.337 0.028
3431.74354 18.355 0.031
3431.75499 18.377 0.029
3431.76618 18.359 0.028
3431.77740 18.290 0.029
3431.78857 18.379 0.028
3431.79976 18.340 0.031
3431.81096 18.336 0.028
3431.82291 18.333 0.027
3432.61515 18.367 0.029
3432.62665 18.424 0.032
3432.64200 18.397 0.031
3432.65348 18.383 0.026
3432.66469 18.357 0.026
3432.67583 18.352 0.027
3432.68706 18.409 0.028
3432.69825 18.364 0.025
3432.71050 18.411 0.026
3432.72175 18.404 0.027
3432.73299 18.334 0.026
3432.74419 18.285 0.036
3432.75541 18.387 0.028
3432.76662 18.379 0.026
3432.77842 18.378 0.025
3432.78959 18.381 0.026
3432.80074 18.406 0.026
3432.81197 18.451 0.028
3433.66141 18.358 0.032
3433.67301 18.324 0.027
3433.68453 18.330 0.029
3433.69577 18.361 0.026
3433.70698 18.340 0.026
3433.72457 18.356 0.026
3433.73576 18.363 0.025
3433.74693 18.424 0.027
3433.75810 18.303 0.028
3433.76932 18.365 0.031
3433.78625 18.267 0.029
3433.79794 18.405 0.027
3433.80912 18.434 0.029
3433.82085 18.403 0.027
3433.83204 18.411 0.027
3433.84365 18.417 0.027
3433.85485 18.339 0.024
3433.86856 18.387 0.027
3433.88017 18.320 0.025
3433.89137 18.413 0.030
3433.90287 18.375 0.033
3434.63240 18.285 0.022
3434.64860 18.292 0.023
3434.66019 18.356 0.026
3434.67138 18.341 0.024
3434.69180 18.334 0.023
3434.70296 18.335 0.024
3434.71417 18.324 0.022
3434.72536 18.326 0.022
3434.74288 18.355 0.022
3434.75407 18.334 0.022
3434.76529 18.331 0.022
3434.78346 18.303 0.023
3434.79516 18.368 0.027
3434.80632 18.314 0.026
3434.81852 18.394 0.025
3434.83075 18.354 0.029
3434.84229 18.331 0.029
3436.62779 18.313 0.035
3436.64010 18.282 0.038
3436.65199 18.310 0.026
3436.66465 18.278 0.033
3436.67586 18.291 0.030
3436.68708 18.230 0.040
3436.70772 18.325 0.032
3436.71973 18.269 0.031
3436.73590 18.198 0.030
3436.74851 18.292 0.032
3436.76023 18.281 0.035
3436.77183 18.299 0.029
3436.78307 18.367 0.031
3436.79427 18.250 0.032
3436.80548 18.239 0.036
3436.82063 18.295 0.040
3437.61507 18.396 0.025
3438.68130 18.388 0.031
3438.69276 18.352 0.038
3438.70446 18.423 0.036
3438.71600 18.259 0.033
3438.72721 18.386 0.042
3438.73851 18.355 0.033
3438.75013 18.245 0.037
3438.76132 18.334 0.036
3438.77253 18.264 0.034
3438.78403 18.284 0.037
3438.79615 18.330 0.034
3438.80758 18.342 0.044
3438.81967 18.266 0.038
3439.61597 18.357 0.032
3439.63155 18.409 0.033
3439.64275 18.334 0.028
3439.65395 18.375 0.027
3439.66552 18.370 0.028
3439.67677 18.376 0.024
3439.68795 18.365 0.025
3439.69950 18.382 0.026
3439.71070 18.362 0.029
3439.72193 18.347 0.033
3439.73349 18.378 0.029
3439.74472 18.448 0.032
3439.75598 18.425 0.028
3439.76768 18.325 0.028
3439.77889 18.365 0.029
3440.58598 18.331 0.031
3440.59716 18.305 0.033
3440.60834 18.438 0.035
3440.61955 18.334 0.033
3440.63076 18.382 0.036
3442.59708 18.331 0.032
3442.60875 18.292 0.030
3442.62031 18.369 0.031
3442.63156 18.246 0.028
3442.64279 18.286 0.028
3442.65430 18.336 0.027
3442.66554 18.269 0.027
3442.67677 18.255 0.024
3442.68833 18.305 0.029
3442.69954 18.300 0.026
3442.71074 18.358 0.031
3442.72281 18.307 0.031
3442.73405 18.339 0.029
3442.74529 18.349 0.032
3442.75706 18.283 0.029
3442.76829 18.351 0.031
3442.77948 18.308 0.032
3442.79108 18.254 0.032
3443.58307 18.343 0.034
3443.59425 18.277 0.030
3443.60550 18.377 0.033
3443.61671 18.335 0.031
3443.62795 18.291 0.028
3443.63921 18.330 0.029
3443.65449 18.395 0.029
3443.66654 18.303 0.029
3443.67815 18.286 0.027
3443.68970 18.342 0.025
3443.70096 18.352 0.025
3443.71218 18.294 0.023
3443.72372 18.297 0.024
3443.73492 18.348 0.024
3443.74615 18.307 0.021
3443.75804 18.354 0.022
3443.76924 18.317 0.021
3443.78043 18.310 0.023
3444.56773 18.354 0.034
3444.57923 18.349 0.032
3444.59117 18.357 0.036
3444.60993 18.314 0.030
3444.62170 18.259 0.027
3444.63300 18.364 0.027
3444.64423 18.368 0.028
3444.65546 18.327 0.025
3444.66672 18.330 0.027
3444.68209 18.357 0.027
3444.69366 18.323 0.030
3444.70489 18.275 0.029
3444.71615 18.344 0.030
3444.73374 18.334 0.029
3444.74553 18.310 0.028
3444.75677 18.263 0.029
3444.77108 18.275 0.029
3444.78593 18.374 0.033
3445.58375 18.381 0.031
3445.59496 18.373 0.033
3445.60622 18.355 0.033
3445.61740 18.328 0.028
3445.63454 18.278 0.027
3445.64641 18.312 0.030
3445.65832 18.345 0.027
3445.66987 18.310 0.024
3445.68107 18.413 0.024
3445.69236 18.430 0.024
3445.70399 18.374 0.023
3445.71526 18.322 0.024
3445.72647 18.275 0.022
3445.73828 18.343 0.024
3445.74951 18.271 0.024
3445.76074 18.339 0.026
3445.77229 18.319 0.026
3446.56784 18.380 0.032
3446.57934 18.266 0.033
3446.59057 18.337 0.033
3446.60240 18.406 0.034
3446.61358 18.467 0.037
3446.62531 18.303 0.030
3446.63839 18.332 0.033
3446.65407 18.370 0.028
3446.66561 18.416 0.030
3446.68092 18.335 0.029
3446.69276 18.317 0.026
3446.70395 18.385 0.030
3446.71520 18.275 0.028
3446.72950 18.324 0.031
3446.74074 18.297 0.035
3446.75201 18.355 0.034
3446.76387 18.370 0.031
3446.77552 18.372 0.030
3447.63149 18.407 0.036
3447.64324 18.381 0.030
3447.65450 18.378 0.029
3447.66567 18.324 0.032
3447.67684 18.291 0.028
3447.68807 18.355 0.029
3447.69932 18.214 0.031
3447.71111 18.399 0.033
3447.72275 18.261 0.029
3447.73404 18.260 0.030
3447.74529 18.422 0.033
3447.75714 18.275 0.036
3447.76835 18.237 0.038
3447.78905 18.379 0.032
3448.58012 18.317 0.040
3448.59240 18.264 0.035
3448.60367 18.330 0.031
3448.61492 18.340 0.032
3448.62616 18.368 0.034
3448.63736 18.331 0.030
3448.65296 18.374 0.032
3448.66421 18.293 0.029
3448.67540 18.328 0.030
3448.68664 18.310 0.029
3448.69785 18.406 0.030
3448.71824 18.348 0.027
3448.72985 18.296 0.029
3448.74106 18.311 0.028
3448.75228 18.355 0.030
3448.76353 18.362 0.030
3448.77517 18.346 0.035
3449.57144 18.303 0.029
3449.58317 18.269 0.029
3449.60275 18.372 0.030
3449.61421 18.346 0.029
3449.62544 18.348 0.031
3449.63668 18.315 0.029
3449.64790 18.305 0.026
3449.65958 18.323 0.026
3449.67079 18.358 0.027
3449.68201 18.303 0.025
3449.69321 18.362 0.026
3449.71164 18.365 0.027
3449.72285 18.342 0.027
3449.73409 18.304 0.026
3449.74531 18.319 0.025
3449.75791 18.405 0.027
3449.76946 18.335 0.026
3450.57451 18.382 0.033
3450.58622 18.297 0.032
3450.59807 18.357 0.033
3450.61329 18.340 0.031
3450.62511 18.335 0.027
3450.63640 18.317 0.027
3450.64762 18.311 0.026
3450.65929 18.322 0.026
3450.67049 18.336 0.024
3450.68173 18.305 0.024
3450.69305 18.320 0.024
3450.70430 18.331 0.027
3450.71741 18.308 0.024
3450.72865 18.331 0.024
3450.73993 18.306 0.024
3450.75356 18.341 0.024
3450.76908 18.367 0.026
3452.55557 18.353 0.028
3452.56682 18.328 0.027
3452.57804 18.382 0.029
3452.58924 18.367 0.026
3452.60048 18.338 0.027
3452.61177 18.340 0.029
3452.62358 18.335 0.026
3452.63483 18.371 0.031
3452.64605 18.376 0.029
3452.65721 18.291 0.027
3452.66840 18.292 0.027
3452.67964 18.335 0.029
3452.69155 18.273 0.026
3452.70279 18.341 0.027
3452.71401 18.341 0.025
3452.72521 18.386 0.028
3452.73644 18.371 0.028
3452.74761 18.350 0.027
3452.76192 18.283 0.028
3453.57588 18.361 0.035
3453.58755 18.339 0.034
3453.59923 18.366 0.031
3453.61070 18.330 0.031
3453.62194 18.404 0.031
3453.63312 18.426 0.031
3453.64470 18.380 0.030
3453.65931 18.368 0.029
3453.67050 18.376 0.031
3453.68170 18.291 0.032
3453.69324 18.298 0.034
3453.70449 18.361 0.040
3453.72593 18.342 0.038
3453.73759 18.379 0.043
3453.74991 18.331 0.043
3453.76256 18.239 0.041
3454.56093 18.320 0.038
3454.57216 18.370 0.038
3454.58340 18.443 0.042
3454.59460 18.422 0.035
3454.60583 18.405 0.035
3454.61702 18.452 0.037
3454.62884 18.348 0.036
3454.64006 18.386 0.035
3454.65131 18.344 0.031
3454.66253 18.313 0.036
3454.67374 18.364 0.034
3454.68494 18.317 0.033
3454.69653 18.415 0.036
3454.70771 18.398 0.040
3454.71890 18.397 0.040
3454.73016 18.422 0.046
3454.74137 18.482 0.046
3454.75255 18.419 0.046
3454.76404 18.515 0.070
3455.62434 18.379 0.039
3455.63560 18.443 0.047
3455.64686 18.347 0.040
3455.65808 18.283 0.034
3455.66930 18.336 0.038
3455.68054 18.344 0.037
3455.69198 18.333 0.044
3455.70322 18.321 0.037
3455.71452 18.288 0.041
3455.72573 18.310 0.042
3455.73696 18.372 0.049
3455.74815 18.359 0.050
3455.76002 18.316 0.053
3455.77124 18.273 0.051
3455.78242 18.319 0.051
3456.56855 18.360 0.044
3456.57976 18.269 0.042
3456.59100 18.235 0.040
3456.60224 18.291 0.036
3456.61351 18.265 0.036
3456.62476 18.306 0.039
3456.63639 18.308 0.031
3456.64757 18.419 0.036
3456.65877 18.366 0.033
3456.66995 18.333 0.032
3456.68119 18.320 0.034
3456.69239 18.309 0.032
3456.70408 18.372 0.034
3456.71529 18.407 0.037
3456.72651 18.407 0.040
3456.73769 18.274 0.040
3456.74884 18.342 0.039
3456.76006 18.277 0.039
3457.55074 18.325 0.041
3457.60125 18.252 0.035
3457.61249 18.324 0.031
3457.62372 18.305 0.028
3457.63494 18.313 0.033
3457.64617 18.339 0.029
3457.65736 18.270 0.029
3457.67381 18.289 0.026
3457.68506 18.356 0.028
3457.69630 18.301 0.025
3457.70751 18.359 0.028
3457.71875 18.319 0.029
3457.73000 18.355 0.031
3457.74148 18.298 0.035
3457.75270 18.387 0.034
3458.55415 18.370 0.042
3458.56537 18.326 0.038
3458.57665 18.319 0.031
3458.58785 18.301 0.029
3458.59908 18.292 0.029
3458.62174 18.346 0.030
3458.63295 18.324 0.029
3458.64424 18.288 0.034
3458.65539 18.216 0.034
3458.66659 18.344 0.034
3458.67786 18.207 0.036
3458.68941 18.329 0.037
3458.70062 18.386 0.034
3458.71183 18.254 0.032
3458.72305 18.354 0.032
3458.73428 18.323 0.033
3458.74550 18.371 0.032
3459.55437 18.291 0.035
3459.56562 18.422 0.039
3459.57687 18.253 0.031
3459.58812 18.282 0.033
3459.59930 18.336 0.034
3459.61055 18.244 0.032
3459.62213 18.308 0.037
3459.63337 18.300 0.032
3459.64461 18.301 0.034
3459.65582 18.264 0.031
3459.66699 18.318 0.029
3459.67824 18.291 0.034
3459.68989 18.368 0.037
3459.70113 18.355 0.033
3459.71233 18.359 0.030
3459.72354 18.349 0.030
3459.73481 18.345 0.028
3459.74601 18.382 0.035
3460.54209 18.396 0.036
3460.55333 18.370 0.036
3460.56453 18.368 0.029
3460.57579 18.399 0.028
3460.59015 18.389 0.027
3460.60138 18.360 0.027
3460.61261 18.332 0.027
3460.62386 18.375 0.024
3460.63508 18.317 0.024
3460.64630 18.378 0.027
3460.65804 18.408 0.028
3460.66928 18.326 0.027
3460.68052 18.343 0.029
3460.69173 18.378 0.029
3460.70295 18.423 0.033
3460.71412 18.314 0.030
3460.72576 18.338 0.030
3460.73695 18.318 0.037
3460.74826 18.328 0.034
3461.55129 18.463 0.032
3461.56252 18.376 0.029
3461.57372 18.333 0.030
3461.58490 18.390 0.030
3461.59611 18.455 0.030
3461.60730 18.353 0.029
3461.62720 18.384 0.034
3461.63841 18.418 0.031
3461.64960 18.311 0.028
3461.66082 18.378 0.029
3461.67205 18.406 0.029
3461.68331 18.430 0.029
3461.70051 18.420 0.030
3461.71174 18.428 0.031
3461.72293 18.399 0.032
3461.73415 18.382 0.030
3461.74540 18.412 0.032
3461.75663 18.328 0.030
3461.76870 18.348 0.030
3462.54712 18.337 0.035
3462.55840 18.438 0.035
3462.56966 18.349 0.031
3462.58093 18.307 0.029
3462.59222 18.420 0.034
3462.60342 18.422 0.034
3462.61535 18.380 0.032
3462.62658 18.386 0.031
3462.63787 18.373 0.027
3462.64910 18.405 0.028
3462.66029 18.404 0.029
3462.67151 18.380 0.026
3462.68334 18.413 0.027
3462.69458 18.416 0.029
3462.70581 18.341 0.031
3462.71702 18.386 0.030
3462.72820 18.369 0.029
3462.73944 18.368 0.029
3462.75120 18.370 0.028
3462.77587 18.411 0.031
3462.78707 18.339 0.030
3462.79831 18.411 0.031
3462.80951 18.362 0.037
3462.82076 18.332 0.038
3462.83199 18.419 0.046
3467.51741 18.269 0.045
3467.52867 18.303 0.037
3467.53990 18.479 0.039
3467.55119 18.333 0.034
3467.56235 18.337 0.033
3467.57358 18.350 0.032
3467.59638 18.296 0.034
3467.60760 18.418 0.031
3467.61881 18.306 0.031
3467.63003 18.298 0.030
3467.64124 18.289 0.031
3467.65313 18.296 0.030
3467.66435 18.366 0.034
3467.67556 18.333 0.032
3467.68672 18.338 0.031
3467.69792 18.270 0.032
3467.70914 18.272 0.033
3468.53161 18.393 0.032
3468.54292 18.383 0.034
3468.55409 18.418 0.036
3468.56532 18.502 0.038
3468.57655 18.350 0.033
3468.58777 18.399 0.034
3468.59919 18.410 0.034
3468.61039 18.320 0.034
3468.63286 18.416 0.028
3468.64409 18.411 0.030
3468.65530 18.362 0.026
3468.66689 18.376 0.029
3468.67814 18.446 0.034
3468.68936 18.378 0.028
3468.70060 18.346 0.037
3468.71184 18.346 0.030
3468.72308 18.277 0.034
3469.52481 18.409 0.029
3469.53608 18.347 0.024
3469.54731 18.404 0.028
3469.55849 18.373 0.026
3469.57498 18.340 0.027
3469.58621 18.472 0.032
3469.59748 18.370 0.029
3469.60870 18.377 0.028
3469.61990 18.451 0.029
3469.63113 18.346 0.028
3469.70172 18.380 0.026
3469.71332 18.428 0.027
3469.72453 18.401 0.027
3469.74386 18.367 0.027
3470.49531 18.471 0.043
3470.51812 18.400 0.037
3470.53921 18.286 0.032
3470.55786 18.371 0.031
3470.57625 18.430 0.031
3470.59464 18.350 0.027
3470.61309 18.396 0.028
3470.63145 18.405 0.026
3470.64980 18.383 0.025
3470.66512 18.394 0.024
3470.67994 18.356 0.025
3470.69480 18.346 0.025
3470.70969 18.404 0.026
3470.72455 18.387 0.027
3471.52913 18.241 0.041
3471.54033 18.188 0.040
3471.55154 18.225 0.036
3471.56277 18.323 0.040
3471.57398 18.224 0.035
3471.58523 18.235 0.035
3471.59765 18.277 0.038
3471.61786 18.336 0.036
3471.62932 18.217 0.037
3471.64056 18.434 0.036
3471.65177 18.292 0.035
3471.67780 18.260 0.038
3471.68903 18.204 0.034
3471.70026 18.221 0.030
3472.65665 18.260 0.029
3472.66788 18.266 0.037
3472.67903 18.320 0.031
3472.69030 18.318 0.031
3472.70146 18.317 0.032
3472.71268 18.309 0.030
3472.72421 18.412 0.032
3472.74038 18.304 0.029
3473.51527 18.267 0.036
3473.52651 18.255 0.037
3473.53773 18.268 0.034
3473.54897 18.277 0.030
3473.56018 18.228 0.029
3473.57599 18.355 0.028
3473.58987 18.361 0.030
3473.60107 18.354 0.029
3473.61234 18.319 0.029
3473.62352 18.304 0.027
3473.63475 18.401 0.029
3473.64597 18.328 0.033
3473.65736 18.354 0.030
3473.66862 18.287 0.028
3473.67982 18.364 0.029
3473.69134 18.331 0.027
3473.70256 18.292 0.031
3473.71379 18.299 0.032
3474.52823 18.290 0.035
3474.54690 18.244 0.034
3474.56533 18.303 0.041
3474.58383 18.275 0.036
3474.60238 18.282 0.030
3474.62081 18.417 0.038
3474.63927 18.261 0.035
3474.65767 18.391 0.035
3474.67297 18.332 0.028
3474.68782 18.262 0.033
3474.70275 18.316 0.034
3474.71817 18.323 0.034
3475.51311 18.390 0.035
3475.52435 18.345 0.029
3475.53559 18.370 0.028
3475.54983 18.377 0.027
3475.56366 18.386 0.039
3475.57487 18.362 0.026
3475.59118 18.369 0.027
3475.60242 18.345 0.024
3475.61367 18.386 0.031
3475.62491 18.347 0.029
3475.63612 18.302 0.026
3475.64739 18.291 0.029
3475.65893 18.332 0.025
3475.67014 18.332 0.027
3475.68136 18.341 0.025
3475.69257 18.365 0.029
3475.70376 18.356 0.028
3476.48763 18.453 0.046
3476.49886 18.362 0.039
3476.51007 18.465 0.044
3476.52130 18.326 0.034
3476.53252 18.319 0.032
3476.54376 18.288 0.034
3476.55527 18.328 0.033
3476.56649 18.358 0.031
3476.57772 18.412 0.032
3476.58893 18.398 0.028
3476.60015 18.397 0.028
3476.61134 18.380 0.026
3476.62294 18.411 0.030
3476.63415 18.341 0.028
3476.64691 18.364 0.026
3476.65814 18.269 0.024
3476.66939 18.350 0.025
3476.68062 18.385 0.025
3476.69189 18.445 0.026
3476.70311 18.284 0.023
3477.51898 18.425 0.037
3477.53015 18.297 0.031
3477.54141 18.396 0.035
3477.55267 18.385 0.035
3477.56391 18.349 0.031
3477.57514 18.348 0.032
3477.59090 18.305 0.031
3477.60215 18.230 0.029
3477.61337 18.361 0.032
3477.62915 18.331 0.029
3477.64305 18.302 0.028
3477.65431 18.348 0.031
3477.66558 18.349 0.031
3477.67678 18.359 0.029
3477.68966 18.373 0.031
3477.70117 18.316 0.030
3477.71234 18.303 0.030
3478.51860 18.372 0.037
3478.53700 18.287 0.030
3478.55542 18.350 0.031
3478.57686 18.266 0.029
3478.59523 18.282 0.031
3478.61360 18.387 0.031
3478.63194 18.292 0.026
3478.65035 18.306 0.033
3478.66872 18.353 0.030
3478.68393 18.355 0.028
3478.69877 18.354 0.029
3479.53564 18.278 0.043
3479.55078 18.346 0.038
3479.56222 18.284 0.038
3479.57347 18.261 0.041
3479.58467 18.279 0.041
3479.59590 18.311 0.035
3479.60713 18.267 0.034
3479.61837 18.310 0.038
3479.62991 18.352 0.032
3479.64109 18.261 0.038
3480.49207 18.381 0.035
3480.50330 18.389 0.040
3480.51454 18.330 0.031
3480.52572 18.316 0.031
3480.53697 18.327 0.028
3480.54823 18.354 0.030
3480.55991 18.312 0.029
3480.57110 18.389 0.027
3480.58237 18.339 0.025
3480.59355 18.327 0.026
3480.60479 18.370 0.025
3480.61837 18.340 0.024
3480.62961 18.351 0.025
3480.64081 18.297 0.023
3480.65206 18.318 0.025
3480.66329 18.290 0.026
3480.67471 18.358 0.025
3481.50414 18.349 0.052
3481.51541 18.341 0.043
3481.52666 18.307 0.046
3481.53971 18.324 0.040
3481.55092 18.313 0.035
3481.56216 18.296 0.034
3481.57342 18.237 0.035
3481.58471 18.238 0.036
3481.59855 18.369 0.033
3481.60978 18.353 0.032
3481.62098 18.355 0.030
3481.63223 18.308 0.030
3481.64347 18.284 0.030
3481.65465 18.360 0.030
3481.66617 18.324 0.029
3482.48990 18.440 0.058
3482.50922 18.471 0.061
3482.63058 18.248 0.032
3482.64900 18.314 0.032
3483.48562 18.381 0.038
3483.49684 18.426 0.037
3483.50806 18.403 0.035
3483.51929 18.350 0.032
3483.53056 18.427 0.043
3483.54181 18.346 0.038
3483.55340 18.357 0.037
3483.56466 18.429 0.041
3483.57588 18.326 0.034
3483.58710 18.361 0.031
3483.59830 18.402 0.033
3483.60955 18.548 0.069
3483.62916 18.342 0.030
3483.64036 18.351 0.027
3483.65501 18.352 0.028
3483.66619 18.348 0.030
3484.56364 18.429 0.049
3484.57484 18.350 0.042
3484.58607 18.377 0.041
3484.59728 18.483 0.050
3484.60851 18.441 0.048
3484.62273 18.337 0.044
3484.63397 18.299 0.053
3484.64517 18.404 0.051
3484.65636 18.378 0.059
3484.66759 18.399 0.050
3495.49394 18.367 0.039
3495.50514 18.219 0.033
3495.51639 18.284 0.038
3495.52762 18.278 0.041
3495.53883 18.321 0.035
3495.55006 18.346 0.043
3495.56164 18.228 0.041
3495.57288 18.242 0.042
3495.58409 18.255 0.037
3495.59723 18.299 0.032
3495.60852 18.278 0.031
3495.61973 18.341 0.035
3495.63097 18.388 0.040
3495.64219 18.312 0.036
3496.58670 18.294 0.040
3496.59798 18.252 0.033
3496.60920 18.256 0.035
3496.62043 18.271 0.037
3496.63165 18.341 0.040
3496.64293 18.303 0.039
3497.47056 18.251 0.043
3497.48182 18.369 0.041
3497.49308 18.339 0.039
3497.51693 18.247 0.037
3497.53016 18.275 0.033
3497.54139 18.345 0.035
3497.55262 18.348 0.031
3497.56388 18.392 0.035
3497.57508 18.368 0.033
3497.58634 18.320 0.031
3497.59807 18.313 0.032
3497.60929 18.280 0.031
3497.62050 18.328 0.035
3497.63178 18.352 0.034
3499.48613 18.412 0.036
3499.49744 18.397 0.032
3499.51206 18.437 0.033
3499.52368 18.363 0.030
3499.53493 18.393 0.028
3499.54611 18.357 0.028
3499.55735 18.379 0.028
3499.56856 18.318 0.031
3499.57979 18.414 0.034
3499.59345 18.326 0.032
3499.60517 18.368 0.025
3499.61640 18.397 0.025
3500.49431 18.440 0.032
3500.50555 18.360 0.027
3500.51680 18.322 0.032
3500.52797 18.371 0.029
3500.53924 18.297 0.027
3500.55600 18.334 0.027
3500.56721 18.263 0.022
3500.58234 18.360 0.025
3500.59543 18.349 0.029
3500.60665 18.374 0.026
3500.61787 18.350 0.020
3501.50636 18.208 0.047
3501.51756 18.221 0.042
3501.52879 18.315 0.039
3501.54003 18.316 0.040
3501.55122 18.188 0.041
3501.56244 18.352 0.042
3501.57601 18.283 0.040
3501.58723 18.244 0.036
3501.59847 18.271 0.037
3501.60972 18.276 0.043
3501.62094 18.201 0.042
3502.47257 18.324 0.038
3502.48381 18.341 0.036
3502.49501 18.290 0.036
3502.50620 18.368 0.036
3502.51740 18.305 0.033
3502.52862 18.327 0.033
3502.54194 18.302 0.031
3502.55318 18.205 0.027
3502.56435 18.230 0.028
3502.57556 18.292 0.027
3502.58680 18.343 0.029
3502.59803 18.213 0.025
3502.61020 18.311 0.026
3503.47249 18.397 0.038
3503.48476 18.363 0.037
3503.49598 18.352 0.036
3503.50943 18.316 0.032
3503.52064 18.292 0.038
3503.53186 18.318 0.032
3503.54482 18.324 0.031
3503.55602 18.288 0.028
3503.57157 18.404 0.033
3503.58517 18.338 0.028
3503.59643 18.317 0.030
3503.60765 18.335 0.029
3504.47346 18.304 0.048
3504.50014 18.253 0.040
3504.51134 18.311 0.035
3504.52258 18.371 0.038
3504.53380 18.271 0.038
3504.54498 18.214 0.033
3504.55616 18.371 0.034
3504.56844 18.256 0.033
3504.57963 18.284 0.035
3504.59191 18.277 0.034
3504.60311 18.240 0.035
3504.61435 18.317 0.041
3506.46765 18.341 0.043
3506.55901 18.321 0.033
3506.57023 18.325 0.037
3506.58146 18.331 0.046
3506.59406 18.442 0.042
3506.60524 18.336 0.037
3509.46763 18.247 0.034
3509.47885 18.237 0.036
3509.49127 18.318 0.035
3509.50252 18.328 0.036
3509.51547 18.294 0.033
3509.52669 18.319 0.036
3509.53785 18.245 0.037
3509.54912 18.301 0.033
3509.56033 18.282 0.030
3509.57153 18.352 0.032
3509.58360 18.267 0.029
3509.59480 18.370 0.034
3511.46841 18.340 0.032
3511.47964 18.342 0.029
3511.49088 18.329 0.031
3511.50210 18.363 0.031
3511.51327 18.312 0.035
3511.52447 18.350 0.030
3511.53767 18.283 0.033
3511.54888 18.309 0.030
3511.56016 18.326 0.031
3511.57136 18.341 0.033
3511.58490 18.285 0.035
3512.46813 18.321 0.039
3512.47931 18.364 0.039
3512.49056 18.403 0.042
3512.50182 18.405 0.046
3512.51301 18.352 0.037
3512.52422 18.390 0.043
3512.53575 18.395 0.036
3512.54697 18.308 0.038
3512.56271 18.365 0.037
3512.57394 18.362 0.036
3512.58515 18.378 0.039
3513.47013 18.333 0.053
3513.48139 18.319 0.046
3513.49264 18.164 0.048
3513.50385 18.366 0.052
3513.51514 18.181 0.072
3517.48195 18.338 0.031
3517.49320 18.285 0.024
3517.50447 18.336 0.028
3517.51570 18.298 0.028
3517.52689 18.317 0.031
3517.53815 18.393 0.033
3517.55097 18.268 0.042
3520.49072 18.351 0.030
3520.50197 18.288 0.031
3520.51316 18.363 0.031
3520.52440 18.355 0.033
3520.53562 18.342 0.035
3520.54684 18.323 0.039
3521.49198 18.379 0.036
3521.50319 18.489 0.040
3521.51444 18.329 0.031
3521.52568 18.387 0.037
3521.53687 18.334 0.035
3521.54812 18.342 0.032
3521.56043 18.420 0.034
3521.57166 18.417 0.035
3522.49344 18.326 0.031
3522.50471 18.379 0.032
3522.51593 18.367 0.033
3522.52716 18.374 0.033
3522.53838 18.351 0.031
3522.54960 18.406 0.033
3523.49646 18.313 0.041
3523.50768 18.417 0.040
3523.51891 18.313 0.038
3523.53015 18.374 0.038
3524.52613 18.311 0.029
3524.53729 18.233 0.031
3524.54849 18.206 0.028
3524.55973 18.263 0.031
3525.50107 18.218 0.038
3525.51231 18.237 0.035
3525.52357 18.295 0.035
3525.53480 18.250 0.033
3525.54604 18.299 0.034
3525.55724 18.269 0.033
3527.53796 18.350 0.025
3527.54917 18.376 0.028
3527.56040 18.354 0.030
3528.49251 18.235 0.038
3528.50371 18.250 0.039
3528.51492 18.241 0.033
3528.52611 18.278 0.036
3528.53733 18.381 0.042
3529.51088 18.396 0.037
3529.52209 18.388 0.039
3530.48649 18.417 0.034
3530.49772 18.297 0.032
3530.50891 18.316 0.028
3530.52012 18.368 0.031
3530.53130 18.355 0.030
3530.54249 18.308 0.029
3542.53544 18.337 0.038
3543.48190 18.354 0.053
3544.58496 18.251 0.041
3748.85916 18.272 0.034
3748.87191 18.307 0.034
3750.86749 18.386 0.031
3751.86336 18.291 0.029
3751.87461 18.276 0.031
3753.85915 18.259 0.032
3753.87036 18.284 0.037
3754.85968 18.309 0.032
3754.87090 18.319 0.033
3755.85604 18.324 0.031
3755.86727 18.294 0.032
3755.87846 18.290 0.038
3756.85999 18.343 0.038
3756.87124 18.289 0.039
3757.86761 18.358 0.026
3757.87924 18.372 0.030
3758.83477 18.335 0.039
3758.84604 18.303 0.038
3758.85723 18.326 0.035
3758.86845 18.383 0.038
3758.88089 18.293 0.041
3759.85604 18.340 0.028
3759.86726 18.264 0.025
3759.88101 18.389 0.032
3759.88471 18.349 0.039
3760.82676 18.382 0.030
3760.83799 18.320 0.030
3760.84921 18.302 0.031
3760.86037 18.278 0.031
3760.87160 18.385 0.032
3760.88283 18.394 0.041
3761.83760 18.378 0.024
3761.84886 18.346 0.023
3761.86009 18.352 0.024
3761.87129 18.326 0.023
3761.88254 18.374 0.034
3762.83683 18.374 0.027
3762.84810 18.322 0.027
3762.85927 18.353 0.030
3762.87045 18.364 0.028
3762.88167 18.367 0.033
3763.83056 18.303 0.032
3763.84456 18.284 0.025
3763.85576 18.330 0.023
3763.86698 18.359 0.025
3763.87824 18.314 0.031
3764.82503 18.310 0.022
3764.83628 18.352 0.023
3764.84753 18.330 0.022
3764.85877 18.390 0.025
3764.87005 18.379 0.024
3764.88124 18.346 0.025
3765.79536 18.310 0.023
3765.80658 18.280 0.024
3765.81783 18.326 0.023
3765.83176 18.356 0.022
3765.84303 18.344 0.024
3765.85425 18.310 0.023
3765.86549 18.313 0.020
3765.87815 18.382 0.021
3765.88933 18.350 0.030
3766.80884 18.318 0.027
3766.82005 18.264 0.027
3766.83125 18.284 0.027
3766.84247 18.300 0.027
3766.85368 18.272 0.026
3766.86493 18.327 0.028
3766.87775 18.341 0.026
3766.88893 18.286 0.032
3767.81552 18.233 0.027
3767.83147 18.270 0.027
3767.84268 18.273 0.029
3767.86085 18.268 0.033
3767.87213 18.234 0.034
3767.88336 18.145 0.040
3769.80742 18.340 0.026
3769.81889 18.356 0.026
3769.83018 18.305 0.024
3769.84141 18.321 0.023
3769.85263 18.294 0.024
3769.86388 18.373 0.025
3769.87516 18.398 0.027
3769.88669 18.336 0.031
3770.78542 18.308 0.036
3770.79660 18.334 0.032
3770.80779 18.241 0.030
3770.81906 18.320 0.031
3770.83031 18.243 0.030
3770.84156 18.311 0.029
3770.85509 18.319 0.028
3770.86633 18.189 0.024
3770.87753 18.335 0.026
3770.88876 18.288 0.033
3772.80079 18.349 0.029
3772.81204 18.314 0.027
3772.82329 18.266 0.029
3772.83454 18.297 0.030
3772.84571 18.290 0.031
3772.85690 18.240 0.030
3773.78650 18.259 0.031
3773.79768 18.258 0.031
3773.80890 18.265 0.028
3773.82015 18.253 0.031
3773.83138 18.357 0.030
3773.84268 18.270 0.030
3774.78796 18.298 0.026
3774.79957 18.294 0.025
3774.81075 18.285 0.027
3774.82197 18.299 0.027
3774.83316 18.338 0.027
3775.77744 18.315 0.026
3775.78867 18.319 0.027
3775.79985 18.357 0.030
3775.81107 18.330 0.030
3775.82229 18.249 0.029
3775.83347 18.285 0.031
3776.76231 18.197 0.035
3776.77355 18.283 0.035
3776.78477 18.296 0.036
3776.79599 18.291 0.033
3776.80723 18.288 0.036
3776.81844 18.156 0.036
3776.83052 18.258 0.034
3776.84460 18.311 0.029
3777.77486 18.357 0.031
3777.78612 18.320 0.033
3777.79733 18.292 0.035
3777.80856 18.342 0.032
3777.81980 18.347 0.033
3777.83103 18.327 0.029
3778.78859 18.390 0.031
3778.79981 18.269 0.028
3778.81103 18.346 0.030
3778.82225 18.338 0.030
3778.83355 18.310 0.030
3779.75719 18.290 0.035
3779.76836 18.379 0.033
3779.77957 18.354 0.032
3779.79080 18.305 0.033
3779.80203 18.292 0.032
3779.81330 18.312 0.038
3779.82555 18.364 0.037
3780.74100 18.337 0.034
3780.75223 18.359 0.033
3780.76345 18.286 0.030
3780.77472 18.324 0.033
3780.78597 18.333 0.034
3780.79725 18.316 0.033
3780.80904 18.361 0.038
3780.82063 18.358 0.035
3781.78872 18.332 0.031
3781.79997 18.318 0.036
3781.81121 18.150 0.038
3781.82708 18.270 0.035
3781.83832 18.191 0.044
3781.84956 18.248 0.043
3782.79603 18.371 0.029
3782.81240 18.271 0.026
3782.82977 18.381 0.034
3782.84099 18.281 0.032
