2695.90398 19.573 0.066
2723.85393 19.601 0.063
2723.87118 19.772 0.072
2723.88183 19.654 0.070
2723.89249 19.734 0.073
2723.90320 19.697 0.074
2723.91393 19.835 0.081
2724.82792 19.906 0.073
2724.83865 19.973 0.076
2724.84929 19.857 0.080
2724.85996 19.826 0.072
2724.87241 19.841 0.067
2724.88627 19.760 0.053
2724.89694 19.635 0.046
2724.90759 19.628 0.054
2725.53894 19.543 0.085
2725.54963 19.703 0.088
2725.56926 19.515 0.076
2725.58408 19.725 0.082
2725.59887 19.729 0.081
2725.61395 19.901 0.096
2725.62868 19.964 0.099
2725.64332 19.868 0.079
2725.65796 19.610 0.052
2725.67263 19.681 0.058
2725.68862 19.482 0.051
2725.69213 19.623 0.054
2725.69565 19.642 0.052
2725.69915 19.657 0.053
2725.70263 19.596 0.053
2725.72703 19.668 0.053
2725.74169 19.774 0.052
2725.75631 19.807 0.053
2725.77095 19.889 0.054
2725.78564 19.841 0.050
2725.80036 19.767 0.050
2725.82129 19.507 0.041
2725.83601 19.666 0.045
2726.53517 19.915 0.093
2726.54584 19.838 0.082
2726.55653 19.840 0.081
2726.56720 19.914 0.084
2726.58352 19.737 0.066
2726.59421 19.626 0.064
2726.60490 19.579 0.058
2726.61559 19.598 0.053
2726.62623 19.516 0.046
2726.63693 19.560 0.055
2726.64760 19.664 0.059
2726.65155 19.598 0.055
2726.66226 19.617 0.052
2726.67293 19.667 0.061
2726.68355 19.742 0.063
2726.70159 19.799 0.065
2726.71228 19.985 0.087
2726.72299 19.798 0.058
2726.73364 19.797 0.063
2726.74428 19.685 0.055
2726.75499 19.550 0.060
2726.76564 19.687 0.054
2726.77967 19.623 0.064
2726.79123 19.599 0.051
2726.80190 19.606 0.046
2726.81261 19.581 0.045
2726.82328 19.699 0.054
2726.83393 19.773 0.058
2727.53703 19.551 0.084
2727.54770 19.668 0.086
2727.55836 19.542 0.083
2727.56958 19.565 0.078
2727.58027 19.616 0.095
2727.59096 19.617 0.066
2727.60551 19.843 0.083
2727.61618 19.741 0.069
2727.62686 19.931 0.077
2727.63752 19.910 0.074
2727.64820 19.990 0.081
2727.65890 19.829 0.064
2727.66952 19.713 0.061
2727.68682 19.706 0.064
2727.69752 19.547 0.051
2727.70819 19.610 0.055
2727.71888 19.553 0.050
2727.72961 19.650 0.055
2727.74030 19.634 0.051
2727.75156 19.624 0.050
2727.76224 19.706 0.053
2727.77290 19.822 0.058
2727.78353 19.899 0.060
2727.79425 20.111 0.072
2727.80494 19.842 0.059
2728.52986 19.803 0.115
2728.54103 19.917 0.116
2728.55171 20.044 0.127
2728.56241 20.059 0.136
2728.57363 20.047 0.123
2728.58429 19.895 0.109
2728.59497 19.834 0.100
2728.60657 19.766 0.091
2728.61722 19.677 0.077
2728.62792 19.660 0.077
2728.64663 20.057 0.142
2728.65729 19.725 0.085
2728.66800 19.712 0.067
2728.67874 19.707 0.059
2728.68936 19.746 0.063
2728.70003 19.789 0.063
2728.71111 19.919 0.079
2728.73244 19.829 0.087
2728.74307 19.850 0.080
2728.75377 19.802 0.077
2728.76441 19.767 0.069
2728.77567 19.640 0.062
2728.78637 19.644 0.053
2728.79710 19.540 0.052
2728.81246 19.598 0.066
2729.54872 19.828 0.132
2729.56304 19.682 0.108
2729.57496 19.644 0.103
2729.58640 19.553 0.090
2729.59776 19.692 0.090
2729.60961 19.523 0.076
2729.62028 19.797 0.094
2729.63099 19.683 0.082
2729.64172 19.880 0.094
2729.65665 19.864 0.090
2729.66732 19.922 0.086
2729.67801 19.751 0.064
2729.68871 19.700 0.057
2729.69938 19.642 0.060
2729.71001 19.575 0.051
2729.72064 19.595 0.051
2729.73237 19.569 0.050
2729.74307 19.570 0.048
2729.75375 19.589 0.047
2729.76445 19.670 0.051
2729.77719 19.753 0.056
2729.78787 19.714 0.060
2729.79851 19.992 0.080
2729.80922 19.802 0.066
2730.52956 19.571 0.080
2730.54085 19.676 0.079
2730.55206 19.761 0.083
2730.56325 19.837 0.089
2730.57630 19.980 0.094
2730.58703 19.957 0.089
2730.59780 19.855 0.079
2730.60851 19.715 0.065
2730.61924 19.644 0.062
2730.62995 19.657 0.059
2730.64139 19.515 0.049
2730.65213 19.574 0.051
2730.66325 19.594 0.052
2730.67401 19.573 0.048
2730.69048 19.686 0.050
2730.70121 19.687 0.053
2730.71252 19.865 0.059
2730.72397 19.878 0.059
2730.73515 19.843 0.056
2730.74641 19.845 0.056
2730.76458 19.711 0.052
2730.77530 19.712 0.051
2730.78718 19.709 0.050
2730.79792 19.587 0.045
2731.54878 19.742 0.085
2731.55951 19.718 0.080
2731.57024 19.549 0.066
2731.58102 19.621 0.074
2731.59174 19.571 0.069
2731.60714 19.546 0.066
2731.61832 19.569 0.061
2731.62960 19.633 0.068
2731.64160 19.735 0.063
2731.65234 19.842 0.067
2731.66374 19.222 0.039
2731.67447 19.880 0.074
2731.68527 19.660 0.061
2731.69650 19.769 0.061
2731.70720 19.639 0.051
2731.71793 19.668 0.050
2731.72925 19.660 0.051
2731.74001 19.520 0.045
2731.75074 19.607 0.049
2731.76207 19.577 0.049
2731.77318 19.582 0.049
2731.78392 19.634 0.054
2731.79463 19.797 0.066
2732.52280 19.676 0.114
2732.53418 19.562 0.115
2732.54570 19.544 0.106
2732.55708 19.856 0.136
2732.56862 19.689 0.123
2732.58033 20.081 0.162
2732.59143 19.981 0.128
2732.60266 19.801 0.110
2732.61349 19.822 0.109
2732.62548 19.778 0.095
2732.63624 19.695 0.078
2732.64735 19.638 0.077
2732.66236 19.508 0.062
2732.67366 19.690 0.074
2732.68447 19.603 0.071
2732.69558 19.562 0.060
2732.70628 19.748 0.075
2732.71699 19.703 0.069
2732.72776 19.789 0.072
2732.73906 19.820 0.071
2732.74975 20.153 0.095
2732.76050 19.970 0.086
2732.77122 19.816 0.064
2732.78603 19.722 0.064
2732.79675 19.731 0.062
2733.52135 20.029 0.126
2733.53241 19.822 0.105
2733.54314 19.836 0.093
2733.55423 19.763 0.091
2733.56493 19.733 0.076
2733.57611 19.530 0.067
2733.58687 19.618 0.066
2733.59847 19.573 0.061
2733.60953 19.496 0.054
2733.62096 19.565 0.058
2733.63234 19.615 0.054
2733.64465 19.656 0.061
2733.65988 19.726 0.069
2733.67062 19.818 0.063
2733.68131 20.044 0.090
2733.69266 19.738 0.061
2733.70381 19.754 0.059
2733.71457 19.720 0.055
2733.72988 19.572 0.052
2733.74063 19.532 0.051
2733.75326 19.552 0.055
2733.76401 19.598 0.062
2733.77475 19.554 0.074
2733.78551 19.683 0.074
2734.52504 19.590 0.101
2734.55174 20.120 0.180
2734.56247 19.821 0.113
2734.58753 19.762 0.084
2734.59877 19.988 0.101
2734.60953 20.092 0.103
2734.62024 20.002 0.096
2734.63148 20.059 0.098
2734.64219 19.556 0.064
2734.65290 19.647 0.061
2734.66435 19.666 0.060
2734.67506 19.618 0.055
2734.68582 19.611 0.055
2734.69696 19.583 0.052
2734.70770 19.642 0.057
2734.71843 19.689 0.054
2734.72963 19.626 0.050
2734.74037 19.807 0.058
2734.75116 19.821 0.058
2734.76190 19.836 0.060
2734.77262 19.889 0.062
2734.78331 19.812 0.059
2735.52260 19.887 0.093
2735.53377 19.926 0.099
2735.54509 20.023 0.106
2735.55624 19.967 0.096
2735.56760 19.718 0.072
2735.57902 19.814 0.084
2735.58972 19.646 0.068
2735.60413 19.697 0.066
2735.61520 19.619 0.060
2735.62592 19.581 0.057
2735.63729 19.562 0.056
2735.64895 19.661 0.061
2735.66029 19.692 0.059
2735.67159 19.755 0.064
2735.68272 19.771 0.066
2735.69342 19.854 0.064
2735.70580 19.920 0.072
2735.71655 19.896 0.069
2735.72812 19.717 0.059
2735.73964 19.691 0.055
2735.75098 19.613 0.049
2735.76172 19.548 0.048
2735.77247 19.562 0.048
2735.78857 19.584 0.048
2735.79929 19.504 0.047
2743.52406 19.527 0.077
2743.53480 19.614 0.078
2743.54550 19.689 0.085
2743.55626 19.638 0.080
2743.56696 19.839 0.087
2743.57769 19.754 0.085
2743.58842 19.889 0.093
2743.59967 19.922 0.111
2743.61041 20.048 0.108
2743.67290 19.635 0.064
2743.68360 19.421 0.052
2743.69435 19.546 0.053
2743.70508 19.549 0.057
2743.71583 19.668 0.059
2743.72654 19.670 0.057
2743.73846 19.700 0.065
2743.74919 19.883 0.069
2743.75996 19.916 0.071
2744.48864 19.680 0.105
2744.52025 19.933 0.135
2744.53035 19.813 0.121
2744.54048 19.718 0.107
2744.55061 19.730 0.095
2744.56071 19.714 0.104
2744.57079 19.588 0.085
2744.58125 19.654 0.086
2744.59134 19.586 0.076
2744.60145 19.635 0.075
2744.61150 19.692 0.079
2744.62159 19.786 0.077
2744.63173 19.561 0.065
2744.64636 19.660 0.069
2744.65642 19.761 0.076
2744.66651 19.825 0.077
2744.70629 19.700 0.059
2744.71642 19.661 0.056
2744.72654 19.653 0.057
2744.73663 19.547 0.056
2744.74672 19.559 0.053
2744.76345 19.595 0.049
2745.49964 19.842 0.134
2745.51040 19.512 0.109
2745.52113 19.234 0.100
2745.53190 19.898 0.190
2745.55333 19.875 0.151
2745.58002 19.976 0.138
2745.59076 19.757 0.098
2745.60152 19.613 0.090
2745.61227 19.768 0.091
2745.62305 19.897 0.099
2745.63894 19.761 0.094
2745.64968 19.598 0.075
2745.66041 19.504 0.075
2745.67109 19.749 0.093
2745.68184 19.763 0.105
2748.52247 19.831 0.141
2748.55463 19.906 0.131
2748.56540 20.049 0.157
2748.59763 20.038 0.188
2748.60838 19.624 0.091
2748.61910 19.682 0.115
2748.62983 19.542 0.085
2748.64054 19.725 0.115
2748.65128 19.582 0.086
2748.66524 19.606 0.073
2748.67596 19.511 0.074
2748.68671 19.675 0.083
2748.69740 19.929 0.090
2748.70818 19.822 0.083
2748.71889 19.850 0.083
2748.73277 19.911 0.102
2748.74353 19.697 0.092
2748.75426 19.701 0.092
2748.76494 19.606 0.082
2748.77565 19.552 0.085
2749.48592 19.922 0.136
2749.49668 20.088 0.114
2749.50745 19.823 0.082
2749.51819 19.826 0.075
2749.52898 19.706 0.062
2749.53971 19.728 0.069
2749.55087 19.577 0.056
2749.56164 19.560 0.064
2749.57241 19.621 0.071
2749.58310 19.506 0.057
2749.59385 19.649 0.063
2749.60461 19.704 0.064
2749.61570 19.702 0.072
2749.62642 19.979 0.089
2749.63717 19.816 0.073
2749.64794 19.969 0.093
2749.65869 19.885 0.080
2749.66944 19.792 0.077
2749.68091 19.795 0.074
2749.69165 19.646 0.061
2749.70235 19.536 0.055
2749.72134 19.501 0.056
2749.73207 19.507 0.056
2749.74284 19.556 0.057
2749.75350 19.635 0.059
2749.76422 19.738 0.076
2749.77497 19.632 0.071
2749.79027 20.014 0.112
2749.80099 19.817 0.092
2749.81939 19.786 0.099
2749.83007 19.747 0.107
2749.84082 19.749 0.110
2749.85159 19.707 0.105
2749.86226 19.707 0.118
2750.53614 19.661 0.087
2750.54687 19.684 0.088
2750.56863 19.852 0.092
2750.57934 19.805 0.076
2750.59002 19.835 0.081
2750.60081 19.687 0.065
2750.61721 19.629 0.063
2750.62794 19.534 0.054
2750.63866 19.548 0.054
2750.64940 19.539 0.054
2750.66013 19.592 0.057
2750.67475 19.625 0.057
2750.68545 19.707 0.064
2750.69619 19.697 0.061
2750.70752 19.863 0.069
2750.72102 19.833 0.069
2750.73173 19.959 0.084
2750.74244 19.887 0.076
2750.75317 19.770 0.064
2750.76391 19.750 0.060
2750.77466 19.600 0.056
2750.78604 19.563 0.059
2750.79674 19.600 0.060
2750.80743 19.593 0.070
2750.82982 19.583 0.071
2750.84052 19.493 0.069
2750.85131 19.674 0.087
2750.86203 19.573 0.070
2750.87275 19.849 0.106
2751.48139 19.564 0.095
2751.49213 19.848 0.111
2751.50291 19.936 0.103
2751.51362 19.942 0.094
2751.52435 19.729 0.078
2751.53509 19.740 0.068
2751.54627 19.664 0.066
2751.55705 19.692 0.070
2751.56779 19.593 0.060
2751.57853 19.609 0.064
2751.59669 19.672 0.067
2751.60748 19.639 0.072
2751.61823 19.734 0.070
2751.62895 19.688 0.077
2751.63972 19.728 0.071
2751.65045 19.884 0.091
2751.68233 19.895 0.076
2751.69306 19.690 0.073
2751.70379 19.632 0.067
2751.71452 19.657 0.071
2751.72523 19.661 0.070
2751.73592 19.736 0.084
2751.74014 19.537 0.066
2751.75584 19.622 0.080
2751.77137 19.599 0.070
2751.78212 19.686 0.087
2751.79287 19.923 0.119
2751.80362 19.775 0.085
2751.81436 19.819 0.087
2751.82509 20.003 0.120
2751.84057 19.700 0.117
2751.85134 19.733 0.101
2751.86210 19.578 0.087
2751.87284 19.756 0.122
2751.88356 19.661 0.098
2752.47801 19.614 0.116
2752.48876 19.954 0.173
2752.49950 19.665 0.107
2752.51026 19.684 0.095
2752.52097 19.853 0.117
2752.53172 19.630 0.084
2752.54313 19.562 0.075
2752.55385 19.837 0.112
2752.56461 19.593 0.085
2752.57535 19.943 0.107
2752.58609 20.069 0.122
2752.59684 20.240 0.134
2752.60958 19.914 0.095
2752.62031 19.708 0.067
2752.63100 19.574 0.070
2752.64172 19.823 0.101
2752.65248 19.715 0.091
2752.66322 19.716 0.088
2752.68428 19.653 0.083
2752.71853 19.661 0.094
2752.72915 19.939 0.096
2752.74304 19.948 0.109
2753.71368 19.710 0.060
2753.72376 19.659 0.063
2753.73388 19.623 0.065
2753.74395 19.437 0.053
2753.75406 19.596 0.063
2753.76417 19.748 0.079
2753.77465 19.557 0.078
2753.79034 19.622 0.069
2753.80096 19.789 0.084
2753.81160 19.809 0.082
2753.82220 19.823 0.080
2753.83279 20.061 0.108
2754.49560 19.746 0.105
2754.50636 19.630 0.083
2754.51715 19.686 0.079
2754.52788 19.469 0.062
2754.53861 19.528 0.067
2754.54937 19.714 0.074
2754.56040 19.543 0.060
2754.57113 19.659 0.066
2754.58187 19.816 0.075
2754.59259 19.785 0.067
2754.60334 19.906 0.076
2754.61833 19.785 0.060
2754.62897 19.825 0.068
2754.63973 19.604 0.058
2754.65047 19.625 0.056
2754.66126 19.465 0.048
2754.67200 19.723 0.064
2754.68272 19.657 0.070
2754.69480 19.640 0.065
2754.70555 19.526 0.062
2754.71627 19.502 0.052
2754.72700 19.638 0.061
2754.73777 19.753 0.066
2754.74845 19.838 0.077
2755.49755 19.822 0.124
2755.51425 19.888 0.110
2755.52496 19.838 0.093
2755.53569 20.370 0.187
2755.54637 19.914 0.096
2755.55708 19.912 0.103
2755.56784 19.888 0.105
2755.57921 19.809 0.074
2755.58996 19.496 0.060
2755.60068 19.622 0.067
2755.61866 19.485 0.054
2755.62936 19.572 0.055
2755.64010 19.552 0.051
2755.65080 19.677 0.055
2755.66153 19.707 0.054
2755.67230 19.745 0.062
2755.68303 19.873 0.067
2755.69436 19.864 0.070
2755.70503 19.982 0.069
2755.71575 19.726 0.062
2755.72647 19.673 0.052
2755.73718 19.704 0.061
2755.74795 19.629 0.066
2756.52315 19.575 0.088
2756.53792 19.780 0.092
2756.55664 19.627 0.080
2756.57204 19.773 0.116
2756.58673 19.656 0.107
2756.60141 19.708 0.092
2756.61611 19.952 0.095
2756.63082 19.888 0.078
2756.64551 19.783 0.066
2756.67308 19.671 0.066
2756.68778 19.522 0.056
2756.70249 19.447 0.050
2756.71717 19.593 0.060
2756.73183 19.762 0.079
2756.74661 19.761 0.060
2756.76372 19.768 0.071
2756.77845 19.862 0.078
2756.79325 19.874 0.081
2756.80806 19.802 0.094
2757.49174 19.736 0.097
2757.50244 19.692 0.089
2757.51314 19.668 0.073
2757.52384 19.721 0.087
2757.53454 19.771 0.077
2757.54531 19.937 0.102
2757.55606 19.886 0.086
2757.57968 19.909 0.083
2757.59045 19.814 0.069
2757.65294 19.580 0.050
2757.67458 19.706 0.054
2757.68524 19.843 0.064
2757.69596 19.810 0.064
2757.70665 19.902 0.072
2757.71737 19.923 0.076
2757.73202 19.719 0.068
2757.74266 19.653 0.066
2757.75347 19.624 0.062
2759.49728 20.415 0.224
2759.62350 19.626 0.070
2759.63425 19.670 0.074
2759.64502 19.623 0.069
2759.65576 19.620 0.065
2759.66656 19.685 0.064
2759.67729 19.535 0.056
2759.68861 19.940 0.081
2759.69935 19.870 0.080
2759.71006 19.825 0.086
2759.72078 20.157 0.133
2759.73545 20.362 0.135
2759.74619 19.666 0.076
2759.75687 19.589 0.069
2759.76761 19.635 0.071
2760.49656 19.848 0.100
2760.50731 19.832 0.091
2760.51807 19.849 0.100
2760.52877 19.688 0.076
2760.53946 19.656 0.065
2760.55082 19.723 0.087
2760.56151 19.501 0.060
2760.57221 19.578 0.056
2760.58295 19.538 0.054
2760.59365 19.690 0.066
2760.60440 19.632 0.060
2760.61994 19.749 0.068
2760.63068 19.717 0.061
2760.64142 19.943 0.077
2760.66047 20.069 0.087
2760.67113 19.887 0.075
2760.68188 19.711 0.064
2760.69264 19.619 0.060
2760.70835 19.546 0.058
2760.71903 19.407 0.047
2760.73947 19.621 0.063
2760.75014 19.744 0.076
2760.76089 19.673 0.071
2760.77168 19.732 0.081
2761.50364 19.595 0.075
2761.51440 19.599 0.070
2761.52516 19.584 0.063
2761.53588 19.611 0.063
2761.54661 19.686 0.064
2761.55734 19.781 0.066
2761.56910 19.818 0.067
2761.57983 19.948 0.067
2761.59054 19.958 0.068
2761.60126 19.805 0.066
2761.61197 19.793 0.066
2761.62271 19.573 0.060
2761.63378 19.756 0.074
2761.64449 19.646 0.058
2761.65524 19.522 0.052
2761.66623 19.676 0.059
2761.67693 19.578 0.054
2761.68767 19.602 0.057
2761.69838 19.666 0.067
2761.70913 19.650 0.060
2761.71987 19.787 0.067
2761.74804 19.834 0.074
2761.75873 19.810 0.068
2761.76948 19.688 0.060
2762.49223 19.787 0.085
2762.50295 19.894 0.085
2762.51373 20.228 0.139
2762.52444 19.957 0.094
2762.53515 19.825 0.098
2762.55715 19.777 0.084
2762.56787 19.608 0.075
2762.57862 19.327 0.055
2762.58937 19.678 0.073
2762.60098 19.408 0.051
2762.61170 19.849 0.084
2762.62237 19.616 0.068
2762.63309 19.608 0.083
2762.64382 19.492 0.060
2762.65451 19.747 0.072
2762.66608 19.964 0.081
2762.67677 19.919 0.081
2762.69633 19.614 0.078
2762.70699 19.607 0.077
2762.71774 19.516 0.065
2762.73601 19.685 0.080
2762.74675 19.234 0.061
2763.52014 19.699 0.086
2763.53081 19.537 0.079
2763.54156 19.747 0.088
2763.55234 19.625 0.075
2763.56310 19.707 0.067
2763.57382 19.704 0.066
2763.59144 19.829 0.078
2763.60218 19.780 0.085
2763.61293 19.933 0.081
2763.62414 19.665 0.067
2763.63486 19.664 0.060
2763.64554 19.708 0.063
2763.66700 19.469 0.051
2763.67773 19.528 0.057
2763.68940 19.606 0.072
2763.70015 19.665 0.056
2763.71086 19.699 0.062
2763.73600 19.923 0.076
2763.74675 19.740 0.062
2763.75750 19.949 0.087
2764.49029 19.587 0.074
2764.50105 19.764 0.078
2764.51180 19.788 0.079
2764.52259 19.889 0.088
2764.53329 19.981 0.109
2764.54405 19.845 0.084
2764.55580 19.775 0.076
2764.56841 19.661 0.076
2764.57915 19.694 0.067
2764.58989 19.591 0.055
2764.60062 19.627 0.067
2764.61135 19.538 0.063
2764.62640 19.480 0.057
2764.63705 19.728 0.067
2764.64779 19.666 0.055
2764.65852 19.771 0.064
2764.68550 20.112 0.091
2764.69618 20.152 0.118
2764.70690 19.821 0.079
2764.71759 19.767 0.070
2764.72830 19.657 0.064
2764.73997 19.613 0.062
2764.75069 19.596 0.065
2765.49089 19.424 0.072
2765.50163 19.596 0.083
2765.51237 19.698 0.095
2765.52311 19.604 0.081
2765.53385 19.543 0.073
2765.54456 19.636 0.065
2765.55582 19.672 0.062
2765.56656 19.722 0.065
2765.57727 19.705 0.058
2765.58798 19.848 0.069
2765.59875 19.748 0.065
2765.60950 19.868 0.069
2765.62478 19.977 0.074
2765.63553 19.975 0.074
2765.64628 19.784 0.068
2765.65703 19.712 0.062
2765.67914 19.559 0.063
2765.68986 19.608 0.069
2765.72453 19.686 0.067
2765.73530 19.693 0.081
2765.74605 19.758 0.092
2765.75683 20.005 0.111
2766.49880 19.551 0.071
2766.50952 19.869 0.090
2766.52031 19.872 0.090
2766.53101 19.919 0.090
2766.54178 20.020 0.092
2766.55254 19.888 0.074
2766.56365 19.700 0.062
2766.57440 19.763 0.062
2766.58514 19.614 0.051
2766.59587 19.663 0.051
2766.60982 19.613 0.050
2766.62054 19.500 0.045
2766.63129 19.586 0.048
2766.64200 19.611 0.057
2766.65722 19.651 0.056
2766.66790 19.622 0.055
2766.67864 19.945 0.089
2766.68939 19.790 0.068
2766.70459 19.949 0.069
2766.71526 19.876 0.067
2766.72601 19.711 0.058
2766.73677 19.670 0.054
2766.74752 19.617 0.052
2766.75832 19.662 0.057
2766.76903 19.560 0.057
2767.48979 19.769 0.114
2767.50054 19.643 0.098
2767.51132 19.659 0.101
2767.52205 19.793 0.111
2767.53274 19.474 0.074
2767.54348 19.571 0.070
2767.55497 19.543 0.069
2767.56566 19.618 0.076
2767.57641 19.678 0.074
2767.58719 19.512 0.060
2767.59795 19.820 0.073
2767.61504 19.781 0.080
2767.62575 19.962 0.091
2767.67013 19.610 0.058
2767.68081 19.591 0.070
2767.69153 19.879 0.091
2767.70227 19.610 0.068
2767.71298 19.459 0.057
2767.72366 19.618 0.070
2767.73439 19.706 0.085
2767.74558 19.654 0.077
2767.75627 19.933 0.116
2767.76698 19.866 0.121
2768.49613 19.914 0.140
2768.50688 19.633 0.086
2768.51765 19.963 0.114
2768.52837 19.709 0.088
2768.53913 19.896 0.100
2768.54989 19.814 0.099
2768.56149 19.853 0.089
2768.57224 19.703 0.077
2768.58298 19.862 0.093
2768.59371 19.820 0.078
2768.60443 19.722 0.061
2768.61559 19.519 0.058
2768.62622 19.414 0.056
2768.63689 19.737 0.071
2768.64765 19.550 0.048
2768.65938 19.546 0.046
2768.67016 19.679 0.053
2768.68089 19.725 0.057
2768.69158 19.696 0.061
2768.70232 19.923 0.080
2768.71304 19.906 0.095
2768.72803 19.719 0.065
2768.73876 19.777 0.072
2768.74953 19.585 0.066
2768.76027 19.530 0.076
2768.77163 19.623 0.069
2775.49170 19.513 0.125
2775.50244 19.957 0.188
2775.51317 19.463 0.113
2775.52386 19.745 0.121
2775.53894 19.964 0.140
2776.77638 19.947 0.146
2776.78710 19.837 0.124
2776.79786 19.756 0.136
2776.80862 19.787 0.142
2776.81936 19.857 0.153
2776.83012 19.471 0.113
2777.48359 19.478 0.085
2777.49434 19.658 0.096
2777.50505 19.435 0.068
2777.51580 19.666 0.081
2777.53233 19.831 0.084
2777.54305 19.702 0.098
2777.55382 19.976 0.113
2777.56455 19.799 0.114
2777.57529 19.644 0.094
2777.59080 19.763 0.086
2777.60147 19.464 0.062
2777.61222 19.616 0.068
2777.62293 19.592 0.068
2777.63364 19.545 0.059
2777.64435 19.616 0.069
2777.65506 19.696 0.073
2777.67696 19.718 0.078
2777.68765 20.053 0.116
2777.69839 19.866 0.085
2777.70917 20.067 0.108
2777.71986 19.717 0.071
2777.73058 19.813 0.075
2777.74130 19.708 0.068
2777.75387 19.705 0.080
2777.76458 19.621 0.078
2777.77528 19.470 0.071
2777.78601 19.551 0.093
2777.79682 19.492 0.079
2777.80753 19.507 0.081
2777.81932 19.772 0.121
2777.83005 20.003 0.179
2783.55982 19.640 0.057
2784.51603 19.970 0.094
2785.50278 19.793 0.094
2785.51783 19.637 0.075
2785.52852 19.432 0.069
2785.53927 19.590 0.075
2785.55005 19.631 0.075
2785.56077 19.576 0.070
2785.57150 19.661 0.072
2786.48860 19.570 0.121
2786.49932 19.565 0.111
2786.51002 19.952 0.137
2786.52262 19.961 0.162
2787.58155 19.754 0.068
2793.47806 19.828 0.125
2793.48815 19.886 0.130
2793.49826 19.682 0.099
2793.50990 20.157 0.159
2793.51999 19.736 0.101
2793.53394 19.949 0.110
2794.48824 19.851 0.131
2794.49832 19.705 0.100
2794.51848 19.544 0.101
2794.52908 19.466 0.071
2795.53375 19.554 0.051
2795.54726 20.260 0.108
2796.48527 19.764 0.063
2796.50023 19.628 0.054
2796.51092 19.559 0.048
2796.52169 19.713 0.053
2796.53244 19.607 0.046
2797.50326 19.617 0.049
2797.51403 19.735 0.050
2797.52475 19.843 0.060
2797.53556 19.839 0.063
2803.50313 19.198 0.104
2803.52458 19.506 0.114
2804.47216 19.696 0.145
2804.48292 19.871 0.195
2804.49364 19.748 0.162
2804.50647 19.521 0.124
2804.51717 20.158 0.237
2804.53276 19.953 0.148
2804.54345 19.601 0.108
2804.55422 19.507 0.105
2804.56492 19.482 0.077
2804.57567 19.599 0.105
2804.58641 19.676 0.107
2804.59715 19.573 0.093
2804.61127 19.433 0.083
2804.62200 19.583 0.112
2804.63271 19.695 0.132
2804.64346 19.983 0.193
2804.65736 19.911 0.143
2804.66810 19.790 0.116
2804.67882 20.151 0.184
2804.68963 19.832 0.180
2804.70034 19.738 0.126
2804.71548 19.602 0.106
2804.72615 19.619 0.120
2804.73689 19.686 0.116
2804.74763 19.936 0.241
2804.76917 19.694 0.152
2809.49925 19.832 0.087
2809.50999 19.854 0.087
2809.52072 19.492 0.059
2809.53144 19.596 0.065
2809.54219 19.658 0.068
2810.47954 19.593 0.063
2810.49031 19.629 0.063
2810.50101 19.534 0.053
2810.51180 19.501 0.055
2810.52248 19.622 0.058
2810.53320 19.610 0.069
2811.49877 20.216 0.137
2811.50950 19.899 0.095
2811.52023 19.735 0.072
2811.53101 19.688 0.061
2812.48780 19.554 0.057
2812.49852 19.560 0.050
2812.50929 19.477 0.055
2812.52002 19.523 0.062
2813.48248 19.740 0.094
2813.49320 19.648 0.080
2813.50396 19.853 0.095
2813.51468 19.731 0.078
2813.52980 19.870 0.090
2814.48028 19.763 0.076
2814.49097 19.615 0.072
2814.50169 19.470 0.070
2814.51245 19.536 0.069
2814.52317 19.484 0.060
2815.46509 19.641 0.085
2815.47582 19.713 0.086
2815.48657 19.719 0.081
2815.49726 19.633 0.083
2815.50798 19.924 0.108
2815.52349 20.011 0.108
2816.47816 19.846 0.075
2816.49085 19.669 0.057
2816.50149 19.720 0.057
2816.51223 19.651 0.054
2816.52302 19.571 0.055
2817.47865 19.514 0.078
2817.48941 19.754 0.096
2817.50015 19.647 0.086
2817.51083 19.784 0.083
2817.52160 19.767 0.086
2818.46801 19.728 0.076
2818.47878 19.858 0.085
2818.48953 19.862 0.082
2818.50026 19.801 0.075
2818.51099 19.670 0.060
2819.47799 19.559 0.077
2819.51062 19.702 0.076
2819.52135 19.721 0.075
2820.47627 19.729 0.081
2820.48699 19.963 0.093
2820.49770 19.898 0.092
2821.47076 19.826 0.078
2821.48150 19.654 0.075
2821.49220 19.514 0.056
2821.50294 19.454 0.055
2830.47776 19.654 0.105
2830.53151 19.564 0.089
2831.47691 19.902 0.097
2831.49622 19.993 0.086
2831.50739 19.848 0.078
2831.52593 19.621 0.076
2831.53709 19.869 0.108
2831.55039 19.748 0.110
2831.56176 19.475 0.074
2831.57250 19.545 0.071
2831.59124 19.598 0.083
2831.60242 19.699 0.094
2831.61314 19.616 0.082
2831.62387 19.592 0.087
2831.63463 19.655 0.096
2831.64538 20.032 0.137
2831.65616 20.060 0.143
2831.66868 19.888 0.110
2831.67941 19.791 0.099
2831.69061 19.859 0.120
2831.70137 19.618 0.096
2831.71209 19.691 0.147
2832.47931 19.677 0.066
2832.49008 19.592 0.065
2832.50082 19.459 0.058
2832.51153 19.590 0.073
2832.52228 19.330 0.066
2832.53299 19.682 0.093
2832.54934 19.562 0.073
2832.56636 20.006 0.111
2832.58325 19.920 0.096
2832.59400 19.767 0.084
2832.60534 19.786 0.096
2832.61653 19.671 0.093
2832.63134 19.794 0.115
2832.64207 19.423 0.081
2832.65279 19.522 0.095
2832.66351 19.462 0.082
2832.67423 19.570 0.088
2832.68608 19.445 0.076
2832.69681 19.484 0.085
2832.70754 19.707 0.097
2832.71828 19.655 0.095
2833.49362 19.658 0.121
2833.57149 19.724 0.131
2833.67746 19.954 0.157
2833.69219 19.861 0.131
2833.70295 19.745 0.112
2833.71364 19.588 0.102
2845.47762 20.054 0.164
2845.48834 19.713 0.111
2845.49906 19.530 0.091
2845.50981 19.552 0.076
2845.52050 19.624 0.085
2845.53123 19.768 0.107
3078.71245 19.495 0.051
3078.72316 19.648 0.050
3078.73386 19.871 0.064
3078.74455 19.842 0.058
3078.75528 19.899 0.061
3078.77010 19.887 0.068
3078.78077 19.851 0.064
3078.79145 19.650 0.049
3078.80217 19.713 0.051
3078.81288 19.652 0.047
3078.82358 19.598 0.048
3079.73430 19.692 0.044
3079.74501 19.620 0.040
3079.75573 19.584 0.040
3079.76646 19.482 0.036
3079.77720 19.549 0.041
3080.72870 19.574 0.050
3080.73942 19.626 0.053
3080.75016 19.774 0.061
3080.76091 20.232 0.104
3081.69911 19.847 0.058
3081.71039 19.877 0.056
3081.72112 19.794 0.059
3081.73242 19.716 0.056
3081.74507 19.671 0.061
3082.72660 19.679 0.045
3082.73764 19.571 0.038
3082.74835 19.552 0.041
3082.75908 19.650 0.043
3083.71328 20.023 0.068
3083.72398 20.042 0.067
3083.73468 19.828 0.054
3084.70485 19.623 0.050
3084.71556 19.587 0.049
3084.72627 19.510 0.041
3084.73695 19.618 0.045
3085.69902 19.687 0.060
3085.70969 19.884 0.064
3085.72040 19.838 0.060
3086.67871 19.944 0.071
3086.68977 19.756 0.055
3086.70046 19.777 0.056
3086.71119 19.540 0.049
3086.72191 19.600 0.046
3087.69552 19.579 0.052
3087.70620 19.580 0.050
3087.71689 19.930 0.077
3088.69218 19.927 0.072
3088.70288 19.905 0.064
3088.71407 19.787 0.056
3088.72475 19.575 0.049
3089.68223 19.649 0.053
3089.69294 19.508 0.045
3089.70364 19.616 0.050
3089.71479 19.623 0.048
3090.68897 19.919 0.070
3090.69971 19.991 0.072
3090.71040 19.690 0.053
3090.72111 19.887 0.064
3091.68957 19.668 0.056
3091.70025 19.635 0.053
3091.71094 19.584 0.049
3091.72604 19.553 0.044
3092.65779 19.775 0.103
3092.66851 19.790 0.081
3092.67922 19.738 0.067
3092.68997 19.723 0.061
3092.70065 20.006 0.075
3092.71642 19.815 0.063
3092.72842 19.761 0.053
3096.64121 19.950 0.111
3096.65190 19.673 0.089
3096.66264 19.665 0.079
3096.67336 19.539 0.075
3096.68403 19.441 0.070
3096.69474 19.511 0.064
3096.70658 19.539 0.058
3096.71730 19.676 0.062
3096.72800 19.842 0.074
3096.73872 19.961 0.078
3097.65692 19.905 0.078
3097.67314 20.050 0.090
3097.68385 19.915 0.073
3097.69457 19.967 0.083
3097.70527 19.808 0.070
3098.66450 19.678 0.057
3098.67524 19.507 0.049
3098.68592 19.654 0.053
3098.69662 19.533 0.045
3099.65552 19.708 0.113
3099.66619 19.570 0.070
3100.67768 19.471 0.063
3100.68840 19.551 0.067
3100.69914 19.555 0.068
3101.61918 19.789 0.097
3101.62985 19.528 0.076
3101.64060 19.626 0.094
3101.65584 19.657 0.094
3101.66656 19.520 0.101
3101.67727 19.687 0.090
3101.68793 19.557 0.084
3101.69867 19.803 0.093
3102.66641 19.850 0.088
3102.67714 19.720 0.068
3102.68904 19.660 0.062
3103.65630 19.600 0.091
3103.66698 19.589 0.073
3103.67768 19.616 0.068
3103.69258 19.564 0.058
3104.65196 19.914 0.085
3104.66268 19.891 0.080
3104.67336 19.699 0.062
3104.68408 19.664 0.051
3105.64281 19.504 0.054
3105.65352 19.504 0.047
3105.66423 19.637 0.055
3105.67495 19.603 0.054
3105.68563 19.458 0.043
3105.69629 19.660 0.057
3105.71257 19.789 0.065
3105.72326 19.905 0.069
3106.64605 19.719 0.051
3106.65862 19.878 0.061
3106.66934 19.919 0.062
3106.68158 19.892 0.058
3106.69232 19.682 0.050
3107.65813 19.669 0.065
3107.66921 19.535 0.050
3107.68034 19.588 0.053
3107.69107 19.669 0.056
3108.65004 19.652 0.050
3108.66075 19.748 0.055
3108.67146 19.857 0.060
3109.63030 19.778 0.058
3109.65290 19.759 0.057
3109.66363 19.631 0.055
3109.67432 19.642 0.050
3110.64266 19.561 0.077
3110.65340 19.633 0.070
3111.62153 19.734 0.085
3111.63223 19.997 0.102
3111.64292 19.809 0.105
3111.65361 19.862 0.118
3112.62759 19.595 0.052
3112.63834 19.553 0.049
3112.65318 19.737 0.054
3112.66385 19.553 0.045
3113.60716 19.827 0.084
3113.61789 19.695 0.071
3113.62858 19.768 0.075
3113.63926 19.939 0.092
3113.64993 19.691 0.070
3113.66065 19.729 0.065
3114.63114 19.642 0.046
3114.64183 19.526 0.045
3114.65248 19.575 0.044
3116.61376 19.878 0.089
3116.62446 19.743 0.082
3116.63520 19.805 0.088
3116.64592 19.660 0.074
3118.68021 19.451 0.058
3118.69704 19.536 0.068
3122.53609 19.726 0.118
3122.55424 19.619 0.083
3122.56525 19.467 0.090
3122.57637 19.605 0.080
3122.59345 19.705 0.088
3122.60892 20.048 0.125
3122.62011 20.040 0.100
3122.63165 19.856 0.101
3124.59609 19.460 0.082
3124.60681 19.828 0.108
3124.61795 19.576 0.074
3124.62864 19.955 0.103
3124.63933 19.993 0.112
3125.57468 20.041 0.119
3125.58558 20.039 0.116
3125.59665 19.731 0.099
3125.60777 19.702 0.075
3128.56830 19.604 0.060
3128.57904 19.683 0.064
3128.58973 19.542 0.056
3128.60043 19.520 0.052
3130.54810 20.280 0.195
3130.55930 20.136 0.158
3130.57001 19.812 0.109
3130.58113 19.672 0.086
3130.59238 19.483 0.072
3130.60358 19.916 0.102
3131.56332 19.461 0.087
3131.57449 19.748 0.110
3131.58558 19.916 0.145
3131.59675 19.677 0.092
3132.57426 19.814 0.076
3132.58499 19.674 0.065
3132.59601 19.649 0.064
3132.60671 19.590 0.064
3132.61741 19.491 0.060
3132.62809 19.459 0.059
3132.63880 19.610 0.060
3132.64952 19.540 0.058
3132.66536 19.578 0.054
3132.71056 19.830 0.072
3132.72128 19.853 0.072
3132.73197 19.968 0.101
3132.74271 19.931 0.109
3132.76543 19.944 0.125
3132.77616 19.548 0.065
3132.78684 19.432 0.068
3132.79764 19.576 0.069
3132.80833 19.479 0.060
3132.82401 19.709 0.079
3132.83470 19.652 0.086
3132.84541 19.794 0.098
3132.85612 19.776 0.091
3132.87199 20.114 0.155
3132.88271 20.112 0.154
3132.89342 19.659 0.100
3133.58278 19.429 0.044
3133.59381 19.758 0.060
3133.60451 19.772 0.057
3133.61520 19.847 0.059
3133.62585 19.866 0.060
3133.63653 19.778 0.054
3133.64876 19.855 0.061
3133.67686 19.664 0.055
3133.68756 19.627 0.053
3133.69825 19.698 0.059
3133.70899 19.553 0.052
3133.73895 19.578 0.065
3133.74966 19.475 0.060
3133.76035 19.664 0.067
3133.77106 19.865 0.094
3133.78179 19.857 0.079
3133.79254 20.081 0.107
3133.80370 19.765 0.083
3133.81442 19.918 0.101
3133.82513 19.949 0.105
3133.83585 19.724 0.093
3133.84716 19.499 0.073
3133.85790 19.522 0.075
3133.86893 19.668 0.094
3133.87994 19.830 0.101
3135.51990 19.933 0.132
3135.53065 19.847 0.114
3135.54136 19.489 0.075
3135.55209 19.794 0.107
3135.57830 19.616 0.077
3135.58901 19.439 0.062
3135.59971 19.439 0.066
3135.61043 19.803 0.079
3135.62114 19.658 0.067
3137.47951 19.807 0.116
3137.49024 19.613 0.093
3137.50091 19.918 0.109
3137.51691 20.197 0.148
3137.52757 20.010 0.112
3137.53828 19.890 0.103
3137.55442 19.708 0.067
3137.56514 19.592 0.080
3137.57585 19.617 0.082
3137.59656 19.403 0.066
3137.61503 19.640 0.095
3138.51339 19.628 0.067
3138.52412 19.676 0.068
3138.54794 19.602 0.063
3138.55862 19.648 0.057
3138.56936 19.892 0.067
3138.58001 19.773 0.061
3139.50171 19.579 0.069
3139.51246 19.799 0.081
3139.52319 20.099 0.132
3139.53389 19.815 0.111
3139.54463 19.656 0.096
3139.56683 19.822 0.072
3139.58148 19.556 0.050
3139.62197 19.617 0.055
3139.63264 19.602 0.062
3140.55755 19.684 0.068
3140.56864 19.682 0.073
3140.57934 19.831 0.086
3141.57070 19.594 0.066
3141.58141 19.652 0.066
3141.59216 19.623 0.073
3142.48525 19.781 0.087
3142.49597 19.929 0.086
3142.50666 19.540 0.058
3142.51739 19.492 0.056
3142.54088 19.717 0.072
3142.55196 19.536 0.058
3142.56273 19.514 0.053
3142.57347 19.598 0.049
3144.54402 19.630 0.054
3144.55474 19.612 0.058
3144.56548 19.488 0.055
3144.57616 19.652 0.064
3144.58690 19.785 0.077
3145.54835 19.699 0.096
3145.55905 19.796 0.096
3145.56974 19.992 0.127
3145.58047 19.822 0.102
3145.59326 19.685 0.086
3145.60392 20.022 0.121
3145.61465 19.674 0.076
3145.62599 19.758 0.082
3145.63666 19.560 0.059
3145.64739 19.555 0.054
3145.65812 19.542 0.051
3146.54958 19.671 0.072
3146.56027 19.691 0.064
3146.57096 19.640 0.068
3146.60181 19.491 0.058
3146.61250 19.548 0.062
3147.51639 19.461 0.072
3147.52760 19.501 0.069
3147.53976 19.675 0.079
3147.55042 19.669 0.074
3147.56116 19.888 0.114
3147.57191 19.767 0.090
3147.58261 19.761 0.084
3147.59330 19.903 0.085
3147.60456 20.184 0.122
3147.61525 19.750 0.079
3151.48941 19.826 0.086
3151.50042 19.600 0.066
3151.51110 19.705 0.065
3151.52179 19.578 0.061
3151.53250 19.590 0.061
3151.54322 19.531 0.053
3151.55463 19.561 0.057
3152.53631 19.795 0.074
3152.55427 20.075 0.085
3152.56500 19.936 0.081
3153.50083 20.319 0.146
3153.52032 20.047 0.108
3153.53102 19.476 0.072
3153.54176 19.719 0.095
3153.55246 19.680 0.077
3153.56313 19.521 0.063
3154.53308 19.646 0.097
3154.54378 19.673 0.097
3154.57117 19.922 0.111
3154.58188 19.878 0.114
3154.59263 19.616 0.094
3154.60338 20.017 0.112
3156.48740 19.681 0.097
3156.49874 19.674 0.089
3156.50945 19.514 0.080
3156.52072 19.481 0.074
3156.53142 19.704 0.083
3156.54216 19.786 0.082
3158.47661 19.529 0.134
3158.48836 20.173 0.207
3158.49934 19.578 0.097
3158.51005 19.742 0.123
3158.52078 19.675 0.125
3158.53148 19.569 0.162
3159.46025 19.443 0.087
3159.47150 19.506 0.081
3159.48430 19.370 0.071
3159.49543 19.669 0.113
3159.51242 19.792 0.094
3159.52365 19.811 0.091
3159.63430 19.762 0.109
3159.64561 19.633 0.089
3159.65629 20.250 0.161
3159.66756 20.020 0.142
3159.67825 19.757 0.122
3160.50898 19.639 0.070
3160.52009 19.485 0.067
3160.53081 19.605 0.071
3160.54180 19.512 0.065
3160.55254 19.537 0.071
3160.56325 19.573 0.071
3160.61252 19.973 0.097
3160.63995 19.756 0.082
3160.69693 19.516 0.061
3160.70787 19.558 0.066
3162.46536 20.140 0.123
3162.48836 20.002 0.093
3162.49967 19.895 0.079
3162.51041 19.729 0.064
3162.52111 19.679 0.065
3162.53211 19.606 0.061
3163.46735 19.648 0.060
3163.47926 19.545 0.056
3163.49064 19.579 0.051
3163.50180 19.634 0.055
3163.51249 19.575 0.052
3164.46063 19.726 0.070
3164.47161 19.845 0.066
3164.49054 19.816 0.064
3164.50299 19.789 0.062
3164.51371 19.695 0.054
3165.45612 19.772 0.106
3165.46853 19.501 0.062
3165.47977 19.542 0.058
3165.49081 19.404 0.049
3165.50192 19.722 0.060
3165.51265 19.704 0.063
3167.48315 19.856 0.122
3167.49427 19.624 0.085
3167.50521 19.625 0.076
3168.46120 19.660 0.059
3168.47191 19.651 0.056
3168.48260 19.770 0.067
3168.49335 19.682 0.059
3168.50407 19.719 0.065
3169.46668 19.755 0.082
3169.47743 19.806 0.094
3169.50019 19.618 0.059
3171.46748 19.954 0.071
3171.47818 20.018 0.076
3171.48885 19.890 0.061
3171.49951 19.758 0.054
3172.49264 19.659 0.060
3174.46001 19.633 0.057
3174.47070 19.736 0.056
3174.48139 19.648 0.052
3174.49211 19.626 0.055
3175.46456 19.805 0.081
3175.47532 19.911 0.076
3175.48601 20.033 0.079
3176.46718 19.550 0.093
3178.45993 19.798 0.087
3178.47062 19.672 0.080
3178.48276 20.101 0.110
3179.47179 19.430 0.049
3179.48266 19.747 0.062
3179.49333 19.681 0.050
3180.46415 19.899 0.078
3180.47482 19.673 0.060
3183.46931 19.603 0.069
3184.46320 19.775 0.076
3185.46156 19.588 0.068
3215.48973 19.637 0.103
3215.50041 20.194 0.172
3215.51116 19.597 0.102
3216.47563 19.667 0.094
3216.48633 19.941 0.122
3216.49697 19.837 0.120
3216.50767 19.884 0.122
3216.51840 19.618 0.092
3216.52909 19.490 0.086
3216.54244 19.781 0.108
3216.55316 19.716 0.101
3216.56385 19.972 0.122
3216.57452 19.949 0.127
3216.58524 20.032 0.135
3216.59599 19.905 0.119
3216.61167 19.519 0.089
3216.62290 19.836 0.122
3216.63432 19.515 0.090
3515.68722 19.819 0.101
3515.69795 19.541 0.075
3515.70872 19.784 0.088
3516.63431 19.518 0.058
3516.64503 19.510 0.048
3516.65571 19.622 0.058
3516.66644 19.700 0.067
3516.67715 20.565 0.209
3516.68789 19.869 0.112
3516.70364 19.742 0.115
3516.71438 19.535 0.094
3516.72511 19.841 0.074
3516.73582 19.712 0.096
3516.74656 19.568 0.067
3516.75730 19.691 0.099
3516.76890 19.345 0.055
3516.77967 19.433 0.071
3516.79041 19.672 0.110
3516.80114 19.829 0.142
3543.64020 19.685 0.087
3543.65094 19.304 0.077
3543.66168 20.177 0.195
3543.67241 19.807 0.159
3543.68314 19.964 0.177
3543.70498 19.974 0.171
3570.47380 19.771 0.070
3570.48483 19.893 0.089
3570.49553 19.682 0.075
3570.50625 20.095 0.121
3570.51702 20.110 0.121
3570.53031 19.756 0.080
3570.54235 19.774 0.072
3570.55304 19.818 0.089
3570.56378 19.668 0.074
3570.57473 19.750 0.078
3570.58542 19.520 0.064
3570.59616 19.498 0.082
3570.61492 19.605 0.062
3570.62627 19.709 0.081
3570.63725 19.643 0.083
3570.64846 19.791 0.105
3571.50983 19.907 0.098
3571.52191 19.716 0.080
3571.53297 19.635 0.075
3571.54371 19.765 0.089
3571.55612 19.529 0.088
3571.56686 19.586 0.104
3571.57760 20.257 0.203
3571.58835 19.752 0.115
3571.60370 19.838 0.128
3571.61485 19.564 0.104
3571.62703 19.643 0.101
3870.72246 19.516 0.085
3870.73323 19.937 0.112
3870.74396 19.730 0.090
3870.79804 19.828 0.124
4835.86085 19.539 0.061
4837.86531 19.641 0.087
4838.86152 19.730 0.062
4838.87229 19.597 0.084
4839.86631 19.630 0.061
4840.86626 19.605 0.058
4841.86828 19.690 0.067
4843.86911 20.077 0.106
4844.87242 19.550 0.067
4846.87097 19.634 0.053
4848.86208 19.695 0.067
4848.87327 19.768 0.087
4851.87779 19.763 0.088
4852.87154 19.802 0.066
4853.86761 19.491 0.043
4853.87836 19.637 0.071
4854.86844 19.850 0.064
4854.87936 19.859 0.092
4855.86195 19.423 0.046
4855.87268 19.602 0.057
4855.88351 19.566 0.089
4856.86196 19.798 0.053
4856.87276 20.049 0.063
4856.88362 19.830 0.065
4857.84820 19.530 0.049
4857.86792 19.647 0.048
4857.87878 19.730 0.059
4858.85012 19.588 0.046
4858.86084 19.637 0.052
4858.87165 19.706 0.052
4861.82369 20.052 0.084
4861.83427 19.753 0.067
4861.84490 19.877 0.081
4861.87387 19.703 0.061
4861.88442 19.727 0.074
4863.81226 19.747 0.054
4863.82283 19.732 0.055
4863.83342 19.752 0.060
4863.84401 19.821 0.064
4863.85459 19.826 0.061
4863.86541 19.967 0.069
4863.87599 19.747 0.061
4863.88660 19.787 0.076
4865.82374 19.685 0.057
4865.83436 19.699 0.057
4865.84504 19.803 0.073
4865.85561 19.908 0.083
4866.82170 19.682 0.065
4866.83231 19.867 0.078
4866.84291 19.678 0.062
4867.81134 19.524 0.057
4867.82194 19.777 0.073
4867.83250 19.760 0.068
4868.83486 19.706 0.048
4868.84547 19.697 0.049
4868.85732 19.686 0.052
4869.81221 19.550 0.056
4869.82281 19.646 0.059
4869.83339 19.645 0.066
4869.84397 19.540 0.048
4869.85457 19.752 0.059
4870.80900 19.951 0.083
4870.81958 19.643 0.066
4870.83018 19.834 0.071
4870.84074 19.871 0.074
4870.85133 19.919 0.078
4871.81391 19.643 0.086
4871.82632 19.613 0.089
4871.84392 19.306 0.062
4871.85577 19.611 0.085
4871.89123 19.781 0.096
4872.80332 19.546 0.074
4872.81390 19.926 0.099
4872.82449 20.310 0.147
4872.83524 19.921 0.098
4872.84582 19.753 0.083
4873.80233 19.819 0.070
4873.81292 19.557 0.061
4873.82348 19.718 0.066
4873.83412 19.599 0.060
4873.84465 19.525 0.056
4874.79624 19.769 0.078
4874.80674 19.428 0.056
4874.81732 19.534 0.059
4874.82790 19.559 0.062
4874.83850 19.742 0.079
4875.79995 20.011 0.079
4875.81054 19.752 0.067
4875.82110 19.832 0.067
4875.83168 19.678 0.062
4875.84220 19.693 0.059
4876.79682 19.455 0.048
4876.80741 19.672 0.056
4876.81798 19.625 0.058
4876.82857 19.761 0.070
4876.83916 19.558 0.054
4877.78221 19.865 0.075
4877.79278 19.923 0.079
4877.80339 19.888 0.073
4877.81397 19.560 0.056
4877.82459 19.636 0.056
4877.83528 19.910 0.075
4878.78025 19.671 0.068
4878.79125 19.623 0.060
4878.80184 19.762 0.074
4878.81246 19.492 0.066
4878.82303 19.602 0.070
4879.77102 19.792 0.080
4879.78184 19.716 0.071
4879.79243 19.565 0.060
4879.80301 19.680 0.066
4879.81362 20.134 0.120
4879.82466 20.226 0.123
4879.84402 19.792 0.081
4879.86392 19.638 0.071
4880.80498 19.569 0.050
4880.81587 19.324 0.043
4880.82648 19.470 0.063
4880.84245 19.745 0.067
4880.85302 19.731 0.057
4880.86362 19.808 0.074
4880.87422 19.737 0.067
4880.88502 19.712 0.062
4880.89561 19.722 0.067
4881.78565 19.702 0.053
4881.79628 19.717 0.055
4881.80686 19.665 0.057
4881.81745 19.633 0.054
4881.82798 19.924 0.063
4881.83862 19.970 0.069
4881.84922 19.991 0.069
4881.85981 19.854 0.070
4881.87042 19.841 0.060
4881.88098 19.596 0.054
4881.89196 19.669 0.058
4881.90255 19.275 0.066
4882.77668 19.822 0.051
4882.78728 19.773 0.055
4882.79785 19.898 0.064
4882.80841 19.772 0.054
4882.81897 19.618 0.046
4882.82959 19.583 0.043
4882.84013 19.551 0.039
4882.85074 19.561 0.041
4882.86129 19.635 0.044
4882.87187 19.735 0.052
4882.88261 19.683 0.052
4882.89317 19.706 0.054
4882.90374 19.830 0.084
4883.70585 19.684 0.059
4883.71642 19.875 0.074
4883.72700 19.701 0.073
4883.73756 19.896 0.072
4883.74815 19.445 0.053
4883.75971 19.606 0.055
4883.77025 19.535 0.053
4883.78085 19.565 0.055
4883.79185 19.591 0.066
4883.80243 19.650 0.064
4883.81301 19.724 0.061
4883.82380 19.693 0.071
4883.83481 19.723 0.078
4884.71163 19.599 0.048
4884.72222 19.753 0.062
4884.73279 19.514 0.046
4884.74335 19.658 0.052
4884.75391 19.713 0.061
4884.76544 19.778 0.053
4884.77603 19.965 0.067
4885.73560 19.851 0.069
4885.74616 19.720 0.059
4885.75678 19.849 0.061
4885.76738 19.547 0.048
4885.77796 19.537 0.050
4885.78905 19.678 0.055
4885.79963 19.584 0.053
4886.72319 19.508 0.048
4886.73376 19.752 0.061
4886.74435 19.685 0.052
4886.75493 19.715 0.054
4886.76549 19.784 0.060
4886.77761 19.815 0.059
4887.67756 19.590 0.051
4887.68837 19.669 0.051
4887.69896 19.779 0.059
4887.70959 19.840 0.060
4887.72016 19.766 0.055
4887.73126 19.865 0.058
4887.74184 17.316 0.006
4887.76173 19.748 0.053
4887.77363 19.575 0.044
4887.78440 19.702 0.046
4888.68572 19.637 0.055
4888.69629 19.381 0.045
4888.70690 19.533 0.044
4888.71753 19.512 0.043
4888.72810 19.609 0.050
4888.73912 19.549 0.044
4888.74969 19.517 0.048
4888.76080 19.581 0.048
4888.77179 19.577 0.044
4889.67938 19.433 0.047
4889.68996 19.621 0.058
4890.69181 19.812 0.071
4890.70236 19.621 0.055
4890.71297 19.441 0.045
4890.72358 19.679 0.050
4890.73417 19.725 0.048
4890.74521 19.602 0.048
4890.75607 19.564 0.047
4890.76795 19.637 0.050
4891.67946 19.362 0.061
4891.69000 19.807 0.094
4891.70058 19.859 0.087
4891.71119 19.681 0.062
4891.72180 19.646 0.062
4891.73329 19.757 0.063
4891.74517 19.825 0.059
4891.75675 19.864 0.068
4892.69016 19.834 0.082
4892.70076 19.576 0.062
4892.71133 19.581 0.056
4892.72188 19.736 0.068
4892.73247 19.601 0.056
4892.74368 19.665 0.062
4892.75634 19.529 0.060
4894.67696 19.921 0.100
4894.69813 20.786 0.252
4894.76946 19.316 0.060
4895.69406 19.692 0.058
4895.70462 19.471 0.047
4895.71523 19.437 0.045
4895.72579 19.533 0.058
4895.73640 19.781 0.068
4895.74808 19.883 0.071
4896.69799 19.819 0.076
4896.70862 19.927 0.073
4896.71921 19.968 0.108
4896.72987 19.907 0.082
4896.74046 19.780 0.063
4896.75154 19.651 0.051
4896.76215 19.646 0.051
4897.67188 19.595 0.083
4897.72187 19.759 0.077
4897.73274 19.622 0.059
4897.74333 19.553 0.051
4898.68540 19.764 0.085
4898.69656 19.632 0.073
4898.70719 19.628 0.080
4898.71776 20.019 0.094
4898.72839 20.072 0.108
4898.73900 19.866 0.084
4898.75282 19.681 0.070
4899.67888 19.920 0.091
4899.68947 19.646 0.067
4899.70009 19.559 0.062
4900.72107 19.568 0.062
4900.73168 19.814 0.078
4900.74225 20.040 0.100
4900.75284 19.854 0.084
4900.76344 19.735 0.073
4900.77431 19.747 0.077
4900.78493 19.716 0.071
4901.69959 19.711 0.086
4901.71019 19.580 0.070
4901.72076 19.584 0.071
4901.73135 19.765 0.089
4901.74195 19.538 0.070
4901.75291 19.646 0.074
4901.76351 19.877 0.089
4901.77410 19.526 0.064
4902.70896 19.701 0.074
4902.71953 19.510 0.065
4902.73008 19.456 0.059
4902.74069 19.624 0.068
4902.75128 19.865 0.086
4902.76205 20.233 0.108
4902.77262 19.851 0.074
4902.78320 19.836 0.077
4903.69428 19.603 0.086
4903.70487 19.858 0.089
4903.71549 19.559 0.066
4903.72607 19.530 0.071
4903.73662 19.365 0.056
4903.74750 19.488 0.062
4903.75807 19.542 0.055
4903.76866 19.788 0.067
4903.77924 19.498 0.055
4904.67764 19.546 0.085
4904.68824 19.575 0.083
4904.69884 19.438 0.056
4904.70944 19.527 0.069
4904.72002 19.628 0.084
4904.73095 19.796 0.090
4904.74153 19.650 0.087
4904.75211 19.702 0.072
4904.76265 19.726 0.076
4904.77328 19.791 0.067
4905.68554 19.988 0.132
4905.78360 19.590 0.065
4905.79420 19.560 0.064
4905.80481 19.762 0.089
4905.81542 19.666 0.084
4905.82599 19.495 0.062
4907.66565 19.559 0.061
4907.67622 19.591 0.055
4907.68680 19.583 0.061
4907.69740 19.781 0.068
4907.70798 19.756 0.062
4907.71889 19.714 0.064
4907.72948 19.879 0.073
4907.74009 19.917 0.076
4907.75069 19.916 0.097
4907.76126 19.896 0.085
4907.77238 19.620 0.064
4907.78296 19.726 0.076
4907.79353 19.673 0.060
4907.81458 19.815 0.093
4907.83582 19.565 0.088
4907.85701 19.790 0.105
4907.86810 20.069 0.096
4907.87867 19.957 0.114
4907.88925 19.686 0.078
4907.89985 19.830 0.094
4907.91042 19.826 0.141
4908.69832 19.949 0.081
4908.70892 19.529 0.060
4908.71949 19.597 0.057
4908.73010 19.441 0.047
4908.74070 19.547 0.061
4908.75160 19.609 0.058
4908.77279 19.694 0.054
4908.78339 19.978 0.081
4908.79401 19.953 0.073
4908.80485 19.911 0.075
4908.83673 19.951 0.082
4908.84736 19.474 0.050
4908.86853 19.590 0.057
4908.87909 19.623 0.054
4909.66900 19.321 0.048
4909.67960 19.549 0.065
4909.69019 20.043 0.109
4909.70080 19.764 0.072
4909.71137 19.799 0.071
4909.72210 19.840 0.068
4909.73268 19.643 0.055
4909.74325 19.963 0.085
4909.75386 19.710 0.069
4909.76449 19.787 0.072
4909.77536 19.902 0.084
4909.78597 19.846 0.082
4909.79654 19.603 0.074
4909.80711 19.658 0.076
4909.81771 19.580 0.070
4909.82861 19.488 0.060
4909.83918 19.693 0.068
4909.84977 19.562 0.054
4909.86038 19.741 0.060
4909.87546 20.068 0.090
4909.88645 19.685 0.074
4909.89703 20.086 0.098
4909.90762 20.565 0.205
4909.91822 19.838 0.101
4910.62534 19.640 0.078
4910.63591 19.836 0.083
4910.64779 19.581 0.058
4910.65891 19.677 0.061
4910.66950 19.682 0.060
4910.68012 20.036 0.076
4910.69069 19.739 0.060
4910.70129 19.669 0.059
4910.71693 19.652 0.051
4910.72756 19.523 0.042
4910.73814 19.587 0.044
4910.74875 19.494 0.041
4910.75938 19.624 0.044
4910.77027 19.700 0.045
4911.70106 19.391 0.038
4912.60032 19.572 0.078
4912.61097 19.530 0.054
4912.62154 19.628 0.071
4912.63214 19.692 0.056
4912.64274 19.826 0.061
4912.65368 19.918 0.063
4912.66427 19.859 0.057
4912.67481 19.780 0.052
4912.68540 20.004 0.062
4912.69595 20.118 0.071
4913.60700 20.092 0.092
4913.61759 20.276 0.107
4913.62818 19.802 0.069
4913.63874 19.851 0.071
4913.64933 19.782 0.064
4913.66012 19.646 0.053
4913.67066 19.748 0.064
4913.68125 19.668 0.053
4913.69186 19.607 0.063
4913.70243 19.594 0.060
4914.67251 19.915 0.062
4914.68305 19.864 0.052
4914.69365 19.954 0.053
4914.70422 19.832 0.054
4915.68496 19.644 0.051
4915.69557 19.646 0.051
4915.70614 19.658 0.056
4915.72036 19.709 0.060
4915.73090 19.644 0.055
4916.62279 19.560 0.060
4916.63639 19.498 0.053
4916.64695 19.538 0.049
4916.65756 19.546 0.049
4916.66818 19.652 0.053
4916.67889 19.686 0.052
4916.68949 19.702 0.050
4916.70007 19.855 0.054
4917.63687 19.763 0.062
4917.65168 19.767 0.054
4917.66223 19.808 0.056
4917.67281 19.815 0.052
4917.68342 19.654 0.046
4917.72153 19.554 0.043
4918.61707 19.549 0.054
4918.62766 19.462 0.047
4918.63826 19.719 0.056
4918.64888 19.608 0.048
4918.65947 19.472 0.040
4918.67002 19.491 0.052
4919.67821 19.699 0.047
4919.68880 19.632 0.044
4919.69938 19.651 0.047
4919.70994 19.638 0.044
4919.72055 19.674 0.047
4920.67421 19.653 0.040
4920.68422 19.536 0.039
4920.69427 19.655 0.049
4920.70427 19.546 0.037
4920.71426 19.731 0.053
4921.65953 19.769 0.084
4921.66956 20.268 0.114
4921.67956 19.972 0.110
4921.68955 19.934 0.085
4921.69957 19.732 0.059
4921.70957 19.856 0.082
4921.71972 19.716 0.060
4924.65978 19.657 0.051
4924.66989 19.707 0.053
4924.68001 19.653 0.048
4924.69010 19.526 0.043
4924.70023 19.493 0.041
4924.71064 19.557 0.044
4925.66237 19.757 0.052
4925.67247 19.787 0.054
4925.68259 19.840 0.053
4925.69269 20.049 0.065
4925.70279 19.849 0.055
4926.60395 19.809 0.080
4926.61405 19.770 0.062
4926.62412 19.906 0.077
4926.63421 19.916 0.082
4926.64430 19.788 0.066
4926.65442 20.059 0.091
4926.66452 19.692 0.064
4926.67463 19.630 0.069
4926.68473 19.671 0.052
4926.69516 19.759 0.058
4926.70527 19.590 0.055
4927.64935 19.870 0.088
4927.65946 19.563 0.065
4927.66960 19.553 0.073
4927.67970 19.615 0.060
4927.68982 19.705 0.060
4927.70020 19.963 0.083
4928.64429 19.675 0.060
4928.65440 20.064 0.088
4928.66450 19.805 0.063
4928.67460 19.724 0.059
4928.68472 19.642 0.053
4928.69482 19.649 0.060
4929.62959 19.575 0.082
4929.63968 19.450 0.067
4929.64979 19.681 0.077
4929.65990 19.343 0.057
4930.64334 19.564 0.067
4930.65341 19.912 0.086
4930.66348 20.067 0.096
4930.67359 20.116 0.099
4930.68368 19.829 0.071
4930.69383 19.956 0.083
4931.64351 20.039 0.118
4931.65363 19.820 0.089
4931.66373 19.687 0.084
4931.67385 19.753 0.078
4931.68396 19.654 0.078
4932.63153 19.603 0.065
4932.64163 19.667 0.072
4932.65173 19.673 0.070
4932.66184 19.765 0.090
4932.67193 19.758 0.085
4932.68204 19.818 0.078
4933.63016 19.889 0.097
4933.64025 19.360 0.060
4933.65032 19.581 0.066
4933.66040 19.611 0.071
4933.67053 19.427 0.060
4933.68061 19.628 0.071
4934.62692 19.742 0.075
4934.63702 19.787 0.075
4934.64715 19.444 0.063
4934.65724 19.634 0.060
4934.66733 19.696 0.069
4934.67744 19.914 0.077
4934.69375 19.926 0.076
4934.70385 19.789 0.061
4934.73908 19.627 0.079
4934.74919 19.780 0.080
4935.61413 19.656 0.061
4935.62425 19.984 0.080
4935.63437 19.711 0.069
4935.64447 20.009 0.076
4935.65459 19.838 0.060
4935.66469 19.513 0.049
4935.67481 19.777 0.060
4935.68489 19.577 0.057
4935.69499 19.703 0.058
4935.70513 19.565 0.049
4935.71523 19.541 0.046
4935.72533 19.570 0.046
4935.73543 19.748 0.061
4935.74555 20.177 0.096
4935.75561 19.827 0.074
4935.78031 19.725 0.069
4935.79039 20.339 0.123
4935.80049 19.809 0.070
4935.81060 19.887 0.069
4935.82070 19.806 0.060
4935.83083 19.347 0.040
4935.84131 19.443 0.046
4935.85141 19.619 0.065
4935.86451 19.381 0.054
4935.87461 19.770 0.101
4935.88471 19.872 0.100
4935.89481 19.517 0.084
4935.90502 20.261 0.175
4936.61425 19.510 0.055
4936.62439 19.456 0.049
4936.63448 19.544 0.055
4936.64455 19.699 0.057
4936.65465 19.642 0.054
4936.66477 19.761 0.055
4936.67485 19.830 0.065
4936.68498 19.742 0.060
4936.69502 19.740 0.056
4936.70513 19.975 0.078
4936.71526 19.878 0.082
4936.74684 19.588 0.066
4936.78487 19.392 0.045
4936.79499 19.490 0.053
4936.80510 19.886 0.102
4936.81519 19.424 0.047
4936.82528 19.550 0.052
4936.83538 19.774 0.069
4936.84666 20.264 0.117
4936.85677 19.806 0.074
4936.86686 19.770 0.077
4936.87695 20.247 0.124
4936.88706 19.774 0.084
4936.89714 20.163 0.115
4936.90767 19.651 0.068
4937.61636 19.699 0.047
4937.62646 19.774 0.049
4937.63657 19.907 0.060
4937.64666 19.762 0.049
4937.65675 19.670 0.048
4937.66685 19.501 0.046
4937.67692 19.608 0.047
4937.68701 19.723 0.054
4937.69711 19.671 0.050
4937.70723 19.452 0.038
4937.71733 19.527 0.045
4937.72742 19.629 0.049
4937.73751 19.748 0.054
4937.74761 19.600 0.053
4937.76356 19.525 0.040
4937.77373 19.633 0.042
4937.78383 19.785 0.051
4937.79392 19.910 0.052
4937.80405 20.038 0.061
4937.81417 19.772 0.052
4937.82425 19.840 0.052
4937.83434 19.673 0.050
4937.84447 19.703 0.050
4937.85458 19.664 0.051
4937.86468 19.410 0.039
4937.87479 19.591 0.051
4937.88487 19.562 0.046
4937.89498 19.551 0.048
4937.90509 19.849 0.067
4938.61146 19.459 0.061
4938.62157 19.714 0.080
4938.63167 19.535 0.066
4938.64177 19.413 0.055
4938.66201 19.443 0.049
4939.61896 19.797 0.075
4939.62908 19.731 0.058
4939.63915 19.695 0.057
4939.64930 19.835 0.060
4939.65943 19.706 0.060
4939.66953 19.644 0.053
4940.62622 19.923 0.074
4940.63634 19.672 0.057
4940.64643 19.550 0.050
4940.65654 19.518 0.046
4940.66666 19.593 0.051
4940.88463 19.703 0.078
4940.89476 20.365 0.157
4941.60222 19.771 0.068
4941.61234 19.476 0.059
4941.62244 19.522 0.056
4941.63253 19.695 0.059
4941.64264 19.749 0.055
4941.65277 19.606 0.050
4941.66311 19.773 0.058
4942.61563 20.045 0.072
4942.62572 19.717 0.053
4942.63585 19.528 0.046
4942.64595 19.465 0.050
4942.65607 19.655 0.058
4943.60277 19.450 0.044
4943.61285 19.670 0.051
4943.62295 19.720 0.054
4943.63305 19.526 0.047
4943.64315 19.716 0.055
4943.65327 19.646 0.053
4944.61056 19.631 0.047
4944.62066 19.888 0.056
4944.63076 20.111 0.065
4944.64088 19.683 0.055
4944.65100 19.474 0.044
4945.89070 19.529 0.059
4946.60824 19.603 0.049
4946.61833 19.769 0.055
4946.62843 19.853 0.059
4946.63854 19.622 0.048
4946.64864 19.667 0.050
4947.60874 19.468 0.041
4947.61887 19.724 0.051
4947.62897 19.600 0.043
4947.63908 19.635 0.046
4947.88841 19.971 0.097
4948.60708 19.784 0.067
4948.61719 19.681 0.055
4948.62728 19.642 0.053
4948.63741 19.995 0.080
4948.88411 19.455 0.060
4949.59106 19.931 0.064
4949.60114 19.821 0.056
4949.61121 19.895 0.061
4949.62128 19.702 0.045
4949.63139 19.681 0.046
4949.86364 19.774 0.064
4949.87374 19.673 0.061
4949.88384 19.988 0.083
4950.58891 19.630 0.062
4950.59900 19.488 0.047
4950.60908 19.628 0.053
4950.61920 19.409 0.041
4950.62933 19.706 0.054
4951.57089 19.608 0.072
4951.58101 19.939 0.081
4951.59111 19.905 0.071
4951.60121 19.819 0.062
4951.61132 19.921 0.065
4951.62145 19.730 0.057
4951.63178 19.690 0.051
4951.87494 20.214 0.197
4952.57977 19.664 0.053
4952.58984 19.520 0.046
4952.59995 19.566 0.045
4952.61004 19.686 0.055
4952.62017 19.570 0.041
4952.63027 19.637 0.048
4952.86688 19.760 0.072
4952.87698 19.330 0.054
4953.58310 19.904 0.066
4953.59320 19.751 0.059
4953.60329 20.030 0.074
4953.61339 19.994 0.073
4953.62346 19.728 0.059
4953.86905 19.757 0.079
4953.87577 19.513 0.071
4954.57383 19.664 0.056
4954.58394 19.541 0.051
4954.59405 19.658 0.060
4954.60413 19.639 0.060
4954.61425 19.759 0.062
4954.62435 19.513 0.050
4954.87139 19.932 0.086
4955.57843 19.552 0.061
4955.58852 19.704 0.062
4955.59862 19.741 0.071
4955.60874 19.482 0.054
4955.61885 19.942 0.080
4964.60082 19.734 0.064
4964.61125 19.656 0.055
4964.62611 19.735 0.055
4964.63642 19.854 0.058
4964.64643 19.591 0.050
4964.65643 19.687 0.061
4964.66709 19.765 0.066
4964.67709 19.638 0.058
4965.60098 19.545 0.057
4965.61127 19.432 0.063
4965.62128 19.433 0.060
4965.63128 19.385 0.053
4965.64129 19.601 0.074
4965.65173 19.600 0.073
4965.66175 19.947 0.098
4965.67175 19.831 0.098
4965.68173 19.650 0.082
4966.53216 19.416 0.056
4966.54268 19.753 0.079
4966.55269 19.581 0.073
4966.56269 19.662 0.064
4966.57296 19.965 0.087
4966.58298 19.453 0.051
4966.59301 19.768 0.067
4966.60356 19.754 0.064
4966.61356 19.661 0.051
4966.62362 19.767 0.059
4966.63398 20.182 0.105
4966.64395 20.182 0.101
4966.65398 19.896 0.077
4966.66429 19.796 0.069
4967.57183 19.849 0.061
4967.58236 19.838 0.054
4967.60263 19.606 0.045
4967.61264 19.628 0.042
4967.62262 19.702 0.051
4967.63322 19.654 0.055
4967.64324 19.522 0.047
4967.65718 19.547 0.052
4967.66719 19.612 0.052
4967.67719 19.725 0.060
4967.68719 19.575 0.059
4968.52410 19.901 0.093
4968.53409 19.660 0.067
4968.56947 19.481 0.050
4968.57949 19.621 0.057
4968.58949 19.785 0.060
4968.59949 19.546 0.045
4968.60951 19.887 0.058
4968.63404 19.769 0.058
4968.64405 19.735 0.052
4968.65408 19.967 0.066
4968.66408 19.886 0.060
4969.62645 19.602 0.044
4969.63682 19.679 0.050
4969.66719 19.894 0.079
4970.57088 19.521 0.055
4970.58232 19.495 0.046
4970.59232 19.617 0.052
4970.60231 19.484 0.046
4970.61233 19.575 0.047
4970.62233 19.645 0.051
4970.63261 19.797 0.054
4970.64259 19.816 0.062
4970.65257 19.868 0.067
4970.66254 19.910 0.062
4970.67673 19.836 0.053
4972.50353 19.637 0.064
4972.51408 20.088 0.090
4972.52433 20.066 0.084
4972.53482 20.049 0.088
4972.54481 19.835 0.069
4972.55481 19.744 0.061
4972.56543 19.690 0.058
4972.57548 19.533 0.054
4972.58548 19.532 0.055
4972.59962 19.543 0.046
4972.61312 19.541 0.045
4972.63489 19.527 0.045
4972.64487 19.796 0.066
4972.65487 19.876 0.066
4972.66888 19.887 0.067
4973.47935 19.624 0.062
4973.48973 19.687 0.070
4973.50430 19.615 0.061
4973.51480 19.596 0.064
4973.52479 19.507 0.055
4973.53480 19.529 0.053
4973.54480 19.503 0.051
4973.56004 19.752 0.060
4973.57004 19.995 0.080
4973.58009 19.859 0.061
4973.59006 19.755 0.050
4973.60737 19.924 0.052
4973.61825 19.808 0.047
4973.62821 19.750 0.048
4973.63826 19.701 0.045
4973.64882 19.764 0.047
4973.65882 19.623 0.047
4973.66880 19.519 0.044
4973.68378 19.565 0.044
4974.51890 19.672 0.085
4974.53056 19.765 0.084
4974.56426 19.823 0.085
4974.57425 19.515 0.058
4974.58427 19.777 0.076
4974.59468 19.676 0.060
4974.60469 19.614 0.056
4974.61471 19.519 0.053
4974.62981 19.756 0.057
4974.64005 19.586 0.051
4974.65005 19.832 0.065
4974.66004 20.011 0.075
4974.67045 19.866 0.068
4974.68089 19.737 0.056
4975.49752 19.952 0.134
4975.50812 19.919 0.096
4975.51856 19.683 0.087
4975.52857 19.479 0.067
4975.53856 19.603 0.072
4975.54886 19.563 0.072
4975.55890 19.699 0.072
4975.56894 19.445 0.050
4975.57958 19.587 0.063
4975.58957 19.693 0.070
4975.59959 20.011 0.076
4975.61011 19.900 0.075
4975.62011 20.007 0.086
4975.63011 20.041 0.088
4975.64041 20.131 0.099
4975.65042 19.640 0.056
4977.50291 19.652 0.082
4977.51333 19.523 0.062
4977.52372 20.066 0.089
4977.53436 19.537 0.054
