2695.90043 18.858 0.029
2723.85033 18.675 0.032
2723.86759 18.804 0.031
2723.87823 18.789 0.032
2723.88893 18.985 0.038
2723.89961 18.961 0.040
2723.91032 19.127 0.045
2723.92103 19.023 0.059
2724.82434 18.752 0.028
2724.83502 18.789 0.031
2724.84571 18.683 0.028
2724.85637 18.777 0.029
2724.86881 18.927 0.033
2724.88269 18.874 0.028
2724.89336 18.947 0.030
2724.90401 19.014 0.032
2725.53534 18.804 0.044
2725.54603 18.930 0.049
2725.56565 19.005 0.046
2725.58049 18.974 0.043
2725.59531 18.981 0.040
2725.61038 18.859 0.042
2725.62508 18.799 0.035
2725.63974 18.754 0.031
2725.65439 18.696 0.025
2725.66901 18.682 0.024
2725.68363 18.798 0.027
2725.72344 18.964 0.029
2725.73811 19.036 0.029
2725.75273 18.976 0.027
2725.76736 18.933 0.024
2725.78204 18.815 0.022
2725.79675 18.730 0.022
2725.81770 18.682 0.021
2725.83239 18.738 0.022
2726.54225 18.909 0.038
2726.55294 19.006 0.042
2726.56361 19.082 0.038
2726.57432 19.009 0.039
2726.59062 18.935 0.032
2726.60132 18.891 0.032
2726.61201 18.790 0.028
2726.62266 18.750 0.027
2726.63332 18.814 0.027
2726.64402 18.680 0.025
2726.65866 18.746 0.025
2726.66935 18.758 0.025
2726.67998 18.772 0.028
2726.69067 18.854 0.029
2726.70869 18.924 0.028
2726.71937 19.011 0.033
2726.73006 19.048 0.033
2726.74072 19.036 0.031
2726.75140 18.981 0.031
2726.76205 18.909 0.031
2726.77610 18.860 0.030
2726.78765 18.780 0.027
2726.79831 18.719 0.023
2726.80901 18.742 0.024
2726.81970 18.724 0.026
2726.83036 18.729 0.024
2726.84105 18.753 0.025
2727.53345 18.959 0.053
2727.54413 19.032 0.047
2727.55478 18.982 0.048
2727.56599 19.010 0.048
2727.57666 19.039 0.050
2727.58735 18.947 0.037
2727.60194 18.809 0.031
2727.61258 18.752 0.029
2727.62328 18.724 0.026
2727.63393 18.724 0.024
2727.64460 18.702 0.024
2727.65531 18.727 0.025
2727.66597 18.755 0.026
2727.68324 18.841 0.028
2727.69391 18.932 0.031
2727.70461 18.993 0.029
2727.71529 19.029 0.032
2727.72599 19.056 0.032
2727.73671 19.007 0.032
2727.74796 18.926 0.029
2727.75867 18.891 0.027
2727.76932 18.783 0.026
2727.77994 18.759 0.025
2727.79065 18.699 0.024
2727.80137 18.731 0.024
2728.52626 18.951 0.051
2728.53743 18.935 0.058
2728.54812 19.055 0.055
2728.55884 19.056 0.057
2728.57003 19.065 0.047
2728.58071 18.929 0.044
2728.59137 18.910 0.045
2728.60300 18.785 0.041
2728.61362 18.760 0.035
2728.62433 18.731 0.035
2728.64301 18.673 0.033
2728.65370 18.740 0.031
2728.66441 18.745 0.028
2728.67511 18.831 0.026
2728.68579 18.875 0.028
2728.69644 18.925 0.032
2728.70752 19.044 0.033
2728.71819 18.953 0.035
2728.72885 19.071 0.039
2728.75016 18.860 0.032
2728.76085 18.858 0.032
2728.77207 18.807 0.028
2728.78276 18.756 0.028
2728.79347 18.759 0.031
2728.80423 18.743 0.029
2729.54512 19.011 0.062
2729.55944 18.982 0.061
2729.57134 18.946 0.054
2729.58280 18.849 0.046
2729.59414 18.827 0.040
2729.60601 18.829 0.041
2729.61667 18.735 0.036
2729.62740 18.730 0.035
2729.63811 18.689 0.031
2729.64880 18.735 0.034
2729.66374 18.816 0.034
2729.67442 18.853 0.030
2729.68513 18.861 0.028
2729.69577 19.001 0.033
2729.70644 19.063 0.036
2729.71705 19.062 0.033
2729.72880 18.969 0.031
2729.73946 18.910 0.029
2729.75017 18.905 0.029
2729.76083 18.874 0.028
2729.77150 18.808 0.026
2729.78428 18.722 0.026
2729.79493 18.755 0.027
2729.80563 18.712 0.030
2730.52598 18.987 0.044
2730.53726 19.151 0.049
2730.54846 19.041 0.044
2730.55967 18.973 0.040
2730.57267 18.829 0.032
2730.58337 18.809 0.030
2730.59414 18.775 0.028
2730.60487 18.738 0.027
2730.61560 18.746 0.027
2730.62630 18.737 0.026
2730.63775 18.760 0.027
2730.64849 18.739 0.023
2730.65959 18.804 0.028
2730.67032 18.825 0.025
2730.68684 18.970 0.029
2730.69757 19.012 0.030
2730.70888 19.063 0.029
2730.72029 19.026 0.029
2730.73149 18.949 0.027
2730.74277 18.891 0.026
2730.76095 18.764 0.025
2730.77168 18.689 0.022
2730.78349 18.694 0.023
2730.79427 18.767 0.023
2731.54514 19.083 0.045
2731.55587 18.980 0.039
2731.56662 18.896 0.036
2731.57738 18.781 0.032
2731.58809 18.751 0.032
2731.60347 18.710 0.030
2731.61468 18.683 0.029
2731.62595 18.703 0.027
2731.63794 18.721 0.027
2731.64870 18.751 0.025
2731.66011 18.794 0.026
2731.67083 18.918 0.031
2731.68163 18.951 0.031
2731.69284 18.994 0.031
2731.70356 19.037 0.031
2731.71431 18.977 0.029
2731.72561 18.939 0.028
2731.73635 18.870 0.027
2731.74710 18.848 0.026
2731.75842 18.768 0.025
2731.76953 18.737 0.025
2731.78029 18.682 0.027
2731.79099 18.695 0.027
2732.51915 18.986 0.060
2732.53055 19.016 0.059
2732.54205 19.051 0.065
2732.55342 18.978 0.056
2732.56498 18.910 0.061
2732.58777 18.784 0.042
2732.59901 18.656 0.039
2732.60982 18.697 0.040
2732.62184 18.685 0.036
2732.63259 18.746 0.034
2732.64370 18.833 0.041
2732.65873 18.838 0.033
2732.66940 18.936 0.036
2732.68079 19.014 0.041
2732.69191 19.064 0.040
2732.70264 19.053 0.039
2732.71336 18.918 0.035
2732.72410 18.940 0.034
2732.73538 18.831 0.030
2732.74611 18.784 0.029
2732.75684 18.762 0.028
2732.76757 18.759 0.028
2732.78239 18.729 0.031
2732.79312 18.742 0.030
2733.51771 19.012 0.049
2733.52876 18.991 0.049
2733.53949 19.023 0.045
2733.55058 18.932 0.044
2733.56128 18.820 0.032
2733.57244 18.851 0.037
2733.58322 18.700 0.028
2733.59482 18.700 0.026
2733.60588 18.738 0.027
2733.61733 18.763 0.028
2733.62867 18.792 0.026
2733.63992 18.821 0.026
2733.65625 18.881 0.030
2733.66698 18.930 0.030
2733.67768 19.089 0.036
2733.68900 19.058 0.036
2733.70017 19.035 0.032
2733.71093 18.940 0.029
2733.72164 18.841 0.028
2733.73700 18.828 0.027
2733.74961 18.751 0.027
2733.76038 18.731 0.031
2733.77112 18.757 0.032
2733.78185 18.758 0.036
2734.52137 19.006 0.058
2734.54808 18.946 0.054
2734.55880 18.926 0.048
2734.58391 18.799 0.040
2734.59514 18.725 0.031
2734.60589 18.691 0.029
2734.61659 18.745 0.030
2734.62784 18.790 0.030
2734.63854 18.830 0.031
2734.64927 18.924 0.032
2734.66070 18.968 0.032
2734.67143 18.983 0.032
2734.68216 19.031 0.033
2734.69329 18.969 0.031
2734.70404 18.948 0.030
2734.71478 18.887 0.030
2734.72598 18.806 0.027
2734.73674 18.791 0.025
2734.74748 18.725 0.023
2734.75824 18.710 0.024
2734.76898 18.671 0.023
2734.77968 18.733 0.024
2735.51894 19.008 0.040
2735.53010 18.966 0.039
2735.54145 18.883 0.037
2735.55261 18.823 0.034
2735.56394 18.809 0.031
2735.57537 18.749 0.030
2735.58606 18.709 0.028
2735.60051 18.705 0.028
2735.61156 18.794 0.028
2735.62227 18.776 0.027
2735.63366 18.820 0.027
2735.64529 18.940 0.029
2735.65664 18.976 0.031
2735.66794 19.013 0.031
2735.67906 19.016 0.030
2735.68979 19.002 0.031
2735.70147 18.940 0.030
2735.71288 18.868 0.028
2735.72449 18.776 0.025
2735.73594 18.788 0.026
2735.74732 18.725 0.023
2735.75806 18.726 0.025
2735.76882 18.773 0.025
2735.79563 18.822 0.028
2743.52039 18.794 0.040
2743.53115 18.684 0.035
2743.54186 18.697 0.034
2743.55259 18.697 0.033
2743.56332 18.752 0.034
2743.57405 18.837 0.037
2743.58478 18.842 0.035
2743.59601 18.900 0.038
2743.60673 19.008 0.042
2743.66923 18.759 0.029
2743.67996 18.766 0.030
2743.69069 18.722 0.029
2743.70143 18.703 0.027
2743.71215 18.782 0.029
2743.72289 18.786 0.029
2743.73484 18.783 0.028
2743.74554 18.861 0.030
2743.75631 18.911 0.033
2744.48500 18.793 0.051
2744.51682 18.672 0.042
2744.52692 18.657 0.044
2744.53705 18.638 0.039
2744.54715 18.737 0.041
2744.55728 18.857 0.045
2744.56737 18.744 0.042
2744.57785 18.810 0.038
2744.58792 18.956 0.044
2744.59803 18.969 0.045
2744.60809 19.045 0.041
2744.61817 18.999 0.038
2744.62829 18.945 0.041
2744.64293 18.848 0.036
2744.65301 18.881 0.035
2744.66309 18.771 0.032
2744.70288 18.804 0.029
2744.71300 18.768 0.028
2744.72311 18.798 0.028
2744.73320 18.824 0.031
2744.74332 18.840 0.030
2744.76002 18.957 0.030
2745.48157 19.005 0.090
2745.49599 18.694 0.055
2745.50674 18.720 0.050
2745.51747 18.786 0.064
2745.53897 18.675 0.065
2745.54968 18.778 0.053
2745.56557 18.874 0.067
2745.57635 18.879 0.051
2745.58710 18.966 0.059
2745.59784 19.111 0.054
2745.60860 19.017 0.046
2745.61937 19.030 0.045
2745.63528 18.842 0.045
2745.64602 18.848 0.047
2745.65673 18.802 0.042
2745.66744 18.750 0.039
2745.67819 18.726 0.036
2748.51879 18.784 0.060
2748.52954 18.639 0.055
2748.54025 18.740 0.050
2748.55097 18.983 0.066
2748.56169 18.952 0.065
2748.59396 19.038 0.072
2748.60471 18.977 0.057
2748.61544 18.810 0.050
2748.62617 18.896 0.051
2748.63687 18.753 0.053
2748.64760 18.726 0.045
2748.66158 18.707 0.037
2748.67230 18.777 0.036
2748.68303 18.779 0.038
2748.69374 18.793 0.036
2748.70450 18.827 0.036
2748.71523 18.876 0.036
2748.72911 18.893 0.041
2748.73986 19.047 0.054
2748.75059 19.043 0.062
2748.76129 19.049 0.049
2748.77199 18.955 0.052
2749.48225 18.690 0.045
2749.49301 18.750 0.039
2749.50381 18.699 0.034
2749.51452 18.708 0.027
2749.52530 18.741 0.029
2749.53604 18.835 0.031
2749.54723 18.861 0.030
2749.55798 18.919 0.031
2749.56875 19.005 0.039
2749.57943 19.061 0.039
2749.59017 19.033 0.036
2749.60096 18.959 0.033
2749.61203 18.849 0.032
2749.62278 18.800 0.032
2749.63352 18.773 0.031
2749.64425 18.689 0.029
2749.65501 18.788 0.032
2749.66575 18.769 0.032
2749.67724 18.756 0.029
2749.68798 18.833 0.034
2749.69868 18.818 0.030
2749.71768 18.930 0.036
2749.72841 18.958 0.036
2749.73915 18.975 0.038
2749.74985 18.983 0.036
2749.76056 18.909 0.038
2749.77130 18.914 0.038
2749.78661 18.819 0.038
2749.79733 18.802 0.043
2749.80800 18.720 0.037
2749.81571 18.753 0.041
2749.82641 18.717 0.043
2749.83715 18.707 0.047
2749.84792 18.641 0.040
2749.85863 18.792 0.054
2750.53246 18.897 0.043
2750.54318 18.948 0.052
2750.55973 18.987 0.044
2750.57568 19.082 0.043
2750.58638 18.953 0.038
2750.59713 18.867 0.034
2750.61354 18.845 0.032
2750.62427 18.797 0.028
2750.63500 18.722 0.027
2750.64572 18.788 0.027
2750.65645 18.700 0.026
2750.67104 18.822 0.031
2750.68180 18.824 0.030
2750.69251 18.829 0.031
2750.70329 18.856 0.030
2750.71735 18.980 0.036
2750.72807 19.040 0.042
2750.73878 19.018 0.036
2750.74952 19.025 0.039
2750.76024 18.921 0.032
2750.77099 18.846 0.030
2750.78239 18.830 0.032
2750.79306 18.784 0.032
2750.80378 18.700 0.030
2750.81449 18.691 0.032
2750.82618 18.718 0.034
2750.83688 18.739 0.038
2750.84761 18.726 0.033
2750.85835 18.882 0.044
2750.86910 18.804 0.044
2751.47771 18.761 0.050
2751.48844 18.623 0.037
2751.49922 18.671 0.036
2751.50996 18.731 0.032
2751.52069 18.828 0.036
2751.53141 18.839 0.033
2751.55336 19.009 0.037
2751.56411 19.011 0.038
2751.57485 18.987 0.037
2751.59302 18.893 0.035
2751.60379 18.911 0.044
2751.61455 18.826 0.041
2751.62527 18.744 0.034
2751.63603 18.736 0.033
2751.64680 18.745 0.035
2751.67863 18.854 0.032
2751.68939 18.870 0.035
2751.70013 18.874 0.035
2751.71084 18.994 0.045
2751.72157 18.939 0.038
2751.73228 19.070 0.042
2751.75216 18.910 0.039
2751.76767 18.835 0.036
2751.77845 18.754 0.040
2751.78921 18.733 0.043
2751.79994 18.719 0.035
2751.81069 18.805 0.041
2751.82139 18.657 0.037
2751.83689 18.738 0.051
2751.84766 18.840 0.055
2751.85842 18.799 0.050
2751.86915 19.006 0.064
2751.87989 18.935 0.064
2752.47430 18.731 0.052
2752.48509 18.785 0.052
2752.49582 18.658 0.039
2752.50658 18.755 0.044
2752.51732 18.765 0.045
2752.52804 18.941 0.047
2752.53945 18.995 0.048
2752.55018 19.033 0.051
2752.56095 18.950 0.045
2752.57167 18.929 0.044
2752.58240 19.031 0.044
2752.59318 18.794 0.041
2752.60590 18.797 0.032
2752.61662 18.774 0.032
2752.62736 18.752 0.037
2752.63806 18.680 0.030
2752.64881 18.691 0.040
2752.65954 18.790 0.043
2752.67477 18.837 0.042
2752.69097 18.923 0.054
2752.71493 19.066 0.060
2752.72554 19.041 0.052
2752.73944 18.966 0.039
2753.71024 19.029 0.034
2753.72034 19.091 0.039
2753.73045 18.887 0.037
2753.74052 18.914 0.033
2753.75064 18.901 0.032
2753.76072 18.831 0.037
2753.77124 18.775 0.036
2753.78675 18.809 0.037
2753.79734 18.678 0.034
2753.80799 18.770 0.038
2753.81857 18.774 0.038
2753.82922 18.778 0.040
2754.49191 18.746 0.048
2754.50268 18.849 0.042
2754.51344 18.873 0.042
2754.52420 18.903 0.039
2754.53497 19.011 0.041
2754.54568 19.030 0.043
2754.55674 18.945 0.037
2754.56747 18.938 0.035
2754.57819 18.809 0.031
2754.58893 18.794 0.029
2754.59966 18.763 0.028
2754.61467 18.729 0.026
2754.62531 18.731 0.025
2754.63605 18.730 0.026
2754.64681 18.722 0.026
2754.65758 18.792 0.028
2754.66834 18.863 0.029
2754.67906 18.982 0.033
2754.69112 18.917 0.033
2754.70188 19.031 0.041
2754.71262 19.034 0.038
2754.72333 19.019 0.036
2754.73408 18.883 0.034
2754.74480 18.910 0.037
2755.47698 18.768 0.056
2755.49390 18.944 0.052
2755.51058 18.920 0.051
2755.52130 19.090 0.048
2755.53203 19.054 0.048
2755.54273 19.034 0.045
2755.55343 19.087 0.048
2755.56418 18.938 0.033
2755.57555 18.856 0.034
2755.58629 18.865 0.039
2755.59701 18.766 0.030
2755.61506 18.677 0.028
2755.62570 18.756 0.029
2755.63644 18.774 0.029
2755.64713 18.884 0.030
2755.65785 18.856 0.027
2755.66860 18.910 0.032
2755.67936 18.982 0.032
2755.69069 18.967 0.033
2755.70137 19.060 0.032
2755.71210 19.016 0.036
2755.72282 18.984 0.030
2755.73354 18.862 0.030
2755.74425 18.836 0.033
2756.51944 18.905 0.050
2756.53423 19.102 0.056
2756.56833 18.840 0.042
2756.58304 18.692 0.039
2756.59775 18.741 0.040
2756.61242 18.777 0.032
2756.62714 18.811 0.032
2756.64184 18.785 0.028
2756.66940 18.920 0.034
2756.68411 19.001 0.038
2756.69878 19.027 0.035
2756.71350 19.055 0.046
2756.72817 18.938 0.035
2756.74295 18.797 0.028
2756.76005 18.744 0.032
2756.77478 18.721 0.029
2756.78958 18.721 0.030
2756.80435 18.729 0.038
2757.48246 18.695 0.041
2757.49877 18.903 0.040
2757.50947 19.077 0.043
2757.52018 18.916 0.039
2757.53088 19.048 0.038
2757.54161 19.074 0.048
2757.55236 18.947 0.037
2757.57601 18.811 0.031
2757.58679 18.745 0.028
2757.63853 18.826 0.027
2757.64926 18.835 0.027
2757.65998 18.882 0.026
2757.68158 18.983 0.030
2757.69230 19.008 0.030
2757.70300 18.981 0.031
2757.71371 18.970 0.032
2757.72840 18.850 0.033
2757.73901 18.817 0.033
2757.74979 18.735 0.031
2759.49362 18.953 0.052
2759.50441 18.781 0.045
2759.61984 18.842 0.038
2759.63058 18.763 0.035
2759.64132 18.979 0.040
2759.65207 18.935 0.035
2759.66286 19.107 0.042
2759.67360 19.091 0.040
2759.68493 18.937 0.032
2759.69566 18.888 0.034
2759.70640 18.933 0.040
2759.71712 18.891 0.041
2759.73177 18.750 0.036
2759.74251 18.702 0.034
2759.75323 18.758 0.037
2759.76391 18.760 0.036
2760.49288 18.953 0.050
2760.50364 18.998 0.048
2760.51440 19.021 0.042
2760.52512 18.997 0.048
2760.53580 18.899 0.035
2760.54713 18.765 0.036
2760.55784 18.850 0.040
2760.56852 18.778 0.029
2760.57925 18.763 0.027
2760.58999 18.810 0.030
2760.60073 18.779 0.029
2760.61628 18.831 0.030
2760.62702 18.834 0.029
2760.63776 18.962 0.032
2760.65687 19.051 0.039
2760.66743 18.987 0.038
2760.67820 18.946 0.037
2760.68896 18.950 0.034
2760.69969 18.889 0.035
2760.71536 18.865 0.031
2760.73583 18.946 0.039
2760.74645 18.762 0.033
2760.75721 18.675 0.033
2760.76798 18.740 0.037
2761.49997 19.077 0.049
2761.51070 18.969 0.040
2761.52146 18.904 0.035
2761.53221 18.850 0.036
2761.54292 18.761 0.031
2761.55365 18.738 0.028
2761.56541 18.709 0.026
2761.57614 18.730 0.027
2761.58688 18.769 0.027
2761.59760 18.788 0.027
2761.60831 18.818 0.030
2761.61902 18.857 0.031
2761.63008 18.871 0.031
2761.64084 18.990 0.037
2761.65158 19.047 0.036
2761.66262 19.015 0.032
2761.67325 18.931 0.031
2761.68401 18.962 0.033
2761.69473 18.903 0.034
2761.70542 18.813 0.031
2761.71617 18.745 0.027
2761.74441 18.804 0.031
2761.75503 18.723 0.028
2761.76578 18.771 0.031
2762.48854 19.023 0.047
2762.49930 19.073 0.044
2762.51001 18.944 0.042
2762.52077 18.921 0.040
2762.53150 18.823 0.042
2762.54272 18.736 0.034
2762.55348 18.749 0.031
2762.56419 18.691 0.032
2762.57493 18.729 0.032
2762.58569 18.736 0.032
2762.59730 18.780 0.030
2762.60802 18.874 0.035
2762.61871 18.782 0.032
2762.62941 19.132 0.059
2762.64013 18.832 0.035
2762.65086 19.089 0.045
2762.66239 19.007 0.036
2762.67309 19.104 0.066
2762.68385 18.753 0.031
2762.70329 18.881 0.045
2762.71406 18.690 0.033
2762.73234 18.682 0.033
2762.74307 18.847 0.041
2763.51647 18.852 0.041
2763.52715 18.834 0.039
2763.53787 18.777 0.037
2763.54865 18.815 0.042
2763.55942 18.735 0.032
2763.57014 18.804 0.034
2763.58771 18.799 0.035
2763.59849 18.915 0.045
2763.60925 18.916 0.035
2763.62045 18.913 0.034
2763.63118 19.006 0.035
2763.64188 19.017 0.035
2763.65263 18.955 0.050
2763.66334 18.985 0.040
2763.67405 18.908 0.033
2763.68571 18.874 0.043
2763.69646 18.830 0.030
2763.70719 18.757 0.027
2763.73231 18.691 0.026
2763.74305 18.742 0.029
2763.75381 18.736 0.031
2764.48660 18.980 0.052
2764.49736 18.932 0.040
2764.50811 18.945 0.038
2764.51888 18.820 0.034
2764.54036 18.746 0.029
2764.55210 18.754 0.033
2764.56473 18.723 0.034
2764.57546 18.766 0.035
2764.58620 18.812 0.033
2764.59695 18.886 0.032
2764.60766 18.901 0.038
2764.62277 18.985 0.036
2764.63338 19.046 0.033
2764.64411 19.007 0.030
2764.65483 18.931 0.031
2764.68189 18.830 0.032
2764.69249 18.791 0.036
2764.70322 18.798 0.034
2764.71393 18.702 0.032
2764.72465 18.761 0.031
2764.73628 18.734 0.030
2764.74702 18.814 0.035
2765.48723 18.986 0.051
2765.49795 19.000 0.051
2765.50867 18.835 0.043
2765.51944 18.779 0.041
2765.53018 18.685 0.034
2765.54088 18.710 0.031
2765.55214 18.770 0.029
2765.56288 18.740 0.028
2765.57360 18.764 0.027
2765.58430 18.826 0.029
2765.59508 18.862 0.030
2765.60581 18.889 0.029
2765.62110 19.074 0.033
2765.63184 19.033 0.033
2765.64258 19.044 0.035
2765.65334 18.937 0.033
2765.66473 18.809 0.032
2765.67545 18.809 0.032
2765.68618 18.763 0.031
2765.72088 18.807 0.032
2765.73161 18.683 0.035
2765.74240 18.794 0.039
2765.75314 18.899 0.044
2766.49510 18.814 0.037
2766.50584 18.792 0.034
2766.51663 18.767 0.033
2766.52733 18.715 0.031
2766.53810 18.741 0.029
2766.54885 18.803 0.029
2766.55997 18.699 0.026
2766.57071 18.823 0.028
2766.58146 18.857 0.027
2766.59218 18.872 0.026
2766.60620 18.970 0.028
2766.61686 18.998 0.029
2766.62759 19.086 0.032
2766.63833 19.028 0.034
2766.65361 18.891 0.029
2766.66423 18.863 0.029
2766.67496 18.762 0.030
2766.68570 18.884 0.033
2766.70094 18.735 0.025
2766.71158 18.714 0.026
2766.72234 18.732 0.026
2766.73309 18.739 0.027
2766.74383 18.800 0.027
2766.75464 18.813 0.030
2766.76538 18.885 0.033
2767.48611 18.913 0.049
2767.49686 18.934 0.053
2767.50762 18.765 0.048
2767.51837 18.790 0.044
2767.52907 18.785 0.043
2767.53982 18.718 0.033
2767.55127 18.761 0.034
2767.56198 18.713 0.033
2767.57273 18.811 0.035
2767.58350 18.883 0.040
2767.59427 18.902 0.038
2767.61137 19.026 0.043
2767.62208 19.007 0.040
2767.66651 18.829 0.030
2767.67713 18.751 0.033
2767.68785 18.761 0.036
2767.69859 18.654 0.034
2767.70930 18.765 0.036
2767.71999 18.680 0.040
2767.73071 18.801 0.042
2767.74191 18.811 0.043
2767.75263 18.868 0.047
2767.76332 18.905 0.046
2768.49244 18.758 0.058
2768.50319 18.865 0.047
2768.51395 18.728 0.037
2768.52469 18.725 0.041
2768.53545 18.789 0.039
2768.54619 18.759 0.034
2768.55782 18.803 0.041
2768.56856 18.847 0.035
2768.57930 18.966 0.045
2768.59005 18.914 0.036
2768.60074 19.052 0.036
2768.61152 18.937 0.036
2768.62256 18.881 0.036
2768.63325 18.986 0.039
2768.64396 18.828 0.030
2768.65570 18.796 0.026
2768.66645 18.766 0.027
2768.67718 18.743 0.026
2768.68791 18.746 0.027
2768.69862 18.762 0.029
2768.70936 18.816 0.035
2768.72434 18.770 0.034
2768.73508 18.838 0.034
2768.74585 18.872 0.038
2768.75659 18.834 0.045
2768.76803 19.294 0.058
2775.47725 18.717 0.058
2775.48802 18.700 0.059
2775.49873 18.772 0.068
2775.50948 18.787 0.066
2775.52018 18.886 0.059
2775.53522 18.845 0.060
2775.54599 18.905 0.053
2776.78344 18.742 0.056
2776.79417 18.889 0.065
2776.80495 18.744 0.053
2776.81568 18.780 0.058
2776.82642 18.880 0.068
2777.47988 18.743 0.047
2777.49066 18.848 0.045
2777.50137 18.797 0.039
2777.51210 18.986 0.046
2777.52870 18.980 0.042
2777.53936 19.023 0.055
2777.55012 19.108 0.061
2777.56086 19.180 0.064
2777.57160 18.996 0.053
2777.58715 18.830 0.042
2777.59779 18.732 0.037
2777.60851 18.790 0.038
2777.61927 18.760 0.034
2777.62997 18.661 0.032
2777.64067 18.749 0.033
2777.65140 18.693 0.035
2777.66826 18.741 0.038
2777.68395 18.838 0.040
2777.69471 18.930 0.041
2777.70547 18.947 0.042
2777.71619 19.031 0.043
2777.72690 19.000 0.041
2777.73761 18.959 0.038
2777.75018 18.805 0.039
2777.76089 18.852 0.042
2777.77162 18.768 0.044
2777.78234 18.753 0.044
2777.79313 18.676 0.040
2777.80385 18.776 0.047
2777.81564 18.836 0.051
2777.82635 18.769 0.049
2783.55613 18.801 0.030
2784.51233 19.083 0.042
2785.49909 19.116 0.048
2785.51421 18.994 0.044
2785.52482 18.996 0.045
2785.53557 18.880 0.040
2785.54633 18.815 0.038
2785.55709 18.749 0.035
2785.56780 18.674 0.029
2786.48492 18.973 0.072
2786.50635 18.899 0.065
2786.51893 18.953 0.054
2787.57787 18.749 0.028
2793.47463 18.871 0.047
2793.48469 18.920 0.047
2793.49481 18.816 0.051
2793.50648 18.861 0.050
2793.51654 18.737 0.045
2793.53048 18.694 0.040
2794.48480 18.809 0.051
2794.49488 18.795 0.046
2794.50495 18.859 0.057
2794.52561 18.782 0.036
2795.52299 18.507 0.022
2795.54073 18.911 0.030
2796.48162 18.723 0.026
2796.49661 18.774 0.026
2796.50722 18.722 0.024
2796.51799 18.735 0.023
2796.52874 18.748 0.024
2796.53948 18.785 0.023
2797.49959 18.728 0.023
2797.51032 18.717 0.023
2797.52106 18.728 0.023
2797.53183 18.754 0.025
2803.51018 18.885 0.071
2804.46849 18.561 0.051
2804.47921 18.844 0.064
2804.48995 18.818 0.080
2804.50071 18.897 0.070
2804.51349 18.753 0.073
2804.52421 19.010 0.069
2804.53973 18.966 0.063
2804.55053 18.930 0.059
2804.56122 18.960 0.053
2804.57201 18.848 0.046
2804.58275 18.721 0.044
2804.59345 18.724 0.045
2804.60756 18.752 0.053
2804.61831 18.705 0.062
2804.62901 18.753 0.050
2804.63976 18.757 0.047
2804.65366 18.823 0.054
2804.66440 18.787 0.056
2804.67515 18.973 0.068
2804.68593 18.942 0.071
2804.69667 18.987 0.064
2804.71178 19.110 0.072
2804.72249 18.973 0.061
2804.73322 19.036 0.064
2804.74394 18.766 0.060
2804.75468 18.875 0.079
2804.76546 18.859 0.062
2809.49556 18.976 0.039
2809.50631 19.014 0.037
2809.51704 18.954 0.036
2809.52777 18.943 0.041
2809.53852 18.837 0.036
2810.47586 18.965 0.038
2810.48661 18.988 0.038
2810.49735 19.041 0.034
2810.50809 18.949 0.031
2810.51880 18.882 0.032
2810.52950 18.874 0.033
2811.48437 19.004 0.045
2811.49510 19.029 0.047
2811.50582 19.024 0.040
2811.51655 18.936 0.040
2811.52730 18.791 0.032
2812.48410 19.043 0.035
2812.49486 19.016 0.034
2812.50561 18.947 0.030
2812.51635 18.863 0.032
2813.47880 19.013 0.053
2813.48954 18.953 0.041
2813.50027 18.977 0.053
2813.51101 18.866 0.040
2813.52176 18.778 0.035
2814.46797 19.026 0.041
2814.48729 18.939 0.045
2814.49801 18.983 0.040
2814.50877 18.803 0.038
2814.51950 18.708 0.032
2815.46140 18.998 0.048
2815.47214 19.009 0.044
2815.48287 18.971 0.044
2815.49359 18.958 0.049
2815.50431 18.831 0.039
2815.51943 18.762 0.036
2816.47449 18.897 0.037
2816.48723 18.931 0.031
2816.49781 18.812 0.028
2816.50856 18.795 0.028
2816.51931 18.741 0.033
2817.47495 18.895 0.045
2817.48569 18.821 0.041
2817.49647 18.815 0.041
2817.50717 18.799 0.039
2817.51790 18.675 0.032
2818.46433 18.927 0.042
2818.47507 18.844 0.034
2818.48586 18.756 0.032
2818.49658 18.787 0.033
2818.50732 18.723 0.029
2819.47429 18.882 0.044
2819.50694 18.744 0.035
2819.51768 18.754 0.036
2820.47259 18.824 0.035
2820.48331 18.772 0.035
2820.49402 18.772 0.033
2821.46709 18.791 0.032
2821.47781 18.749 0.033
2821.48852 18.730 0.032
2821.49927 18.727 0.029
2830.47407 18.801 0.048
2830.52783 19.014 0.058
2831.47321 18.808 0.043
2831.49253 18.922 0.041
2831.50373 18.939 0.038
2831.52225 19.056 0.047
2831.53340 18.951 0.047
2831.54613 18.957 0.052
2831.55810 18.843 0.047
2831.56882 18.852 0.042
2831.58756 18.800 0.047
2831.59875 18.853 0.049
2831.60947 18.696 0.041
2831.62020 18.846 0.046
2831.63096 18.741 0.044
2831.64171 18.863 0.049
2831.65247 18.936 0.051
2831.66502 18.888 0.050
2831.67574 19.069 0.052
2831.68695 19.080 0.056
2831.69768 19.030 0.069
2831.70843 18.998 0.074
2832.47565 18.895 0.037
2832.48639 18.893 0.037
2832.49715 19.029 0.043
2832.50788 19.047 0.043
2832.51862 19.196 0.053
2832.52930 19.040 0.050
2832.54565 18.848 0.044
2832.55640 18.819 0.044
2832.57958 18.794 0.039
2832.59032 18.749 0.037
2832.60167 18.740 0.040
2832.61286 18.689 0.040
2832.62765 18.830 0.049
2832.63843 18.844 0.047
2832.64914 18.857 0.052
2832.65985 18.983 0.058
2832.67058 19.054 0.065
2832.68240 18.919 0.048
2832.69314 18.914 0.052
2832.70389 18.887 0.046
2832.71459 18.873 0.047
2833.68852 18.972 0.052
2833.69928 19.005 0.057
2833.70998 18.811 0.051
2845.47397 18.852 0.050
2845.48467 18.767 0.055
2845.49540 18.649 0.042
2845.50614 18.763 0.046
2845.51687 18.771 0.041
2845.52759 18.700 0.040
3078.70880 18.744 0.028
3078.71955 18.745 0.024
3078.73025 18.678 0.022
3078.74096 18.690 0.022
3078.75166 18.700 0.021
3078.76650 18.790 0.026
3078.77716 18.785 0.024
3078.78783 18.812 0.025
3078.79853 18.866 0.023
3078.80928 18.897 0.025
3078.81995 18.976 0.028
3079.73069 18.735 0.021
3079.74139 18.727 0.020
3079.75214 18.724 0.020
3079.76284 18.734 0.020
3079.77359 18.778 0.022
3080.72508 18.720 0.025
3080.73579 18.659 0.023
3080.74654 18.760 0.025
3080.75727 18.675 0.025
3081.69548 18.763 0.023
3081.70677 18.728 0.022
3081.71750 18.698 0.023
3081.72880 18.686 0.023
3081.74148 18.667 0.023
3082.72296 18.694 0.020
3082.73400 18.714 0.019
3082.74471 18.734 0.020
3082.75544 18.769 0.020
3083.70966 18.674 0.019
3083.72037 18.637 0.019
3083.73106 18.717 0.020
3084.70123 18.742 0.023
3084.71193 18.676 0.022
3084.72267 18.700 0.021
3084.73334 18.772 0.021
3085.69538 18.710 0.025
3085.70610 18.676 0.024
3085.71677 18.734 0.023
3086.67512 18.758 0.025
3086.68616 18.718 0.024
3086.69683 18.730 0.022
3086.70756 18.719 0.021
3086.71829 18.684 0.020
3087.69188 18.688 0.026
3087.70258 18.763 0.024
3087.71327 18.807 0.027
3088.68854 18.702 0.024
3088.69924 18.751 0.023
3088.71047 18.768 0.024
3088.72115 18.798 0.023
3089.67858 18.675 0.021
3089.68931 18.731 0.022
3089.69999 18.728 0.024
3089.71116 18.772 0.023
3090.68532 18.699 0.022
3090.69606 18.797 0.025
3090.70679 18.859 0.025
3090.71749 18.857 0.025
3091.68596 18.773 0.024
3091.69664 18.805 0.025
3091.70730 18.819 0.025
3091.72241 18.892 0.026
3092.65415 18.725 0.033
3092.66487 18.795 0.032
3092.67556 18.738 0.027
3092.68632 18.614 0.026
3092.69703 18.800 0.025
3092.71279 18.904 0.029
3092.72479 18.956 0.029
3096.63754 18.669 0.035
3096.64828 18.745 0.036
3096.65898 18.797 0.038
3096.66974 18.804 0.036
3096.68041 18.856 0.042
3096.69112 18.891 0.042
3096.70297 19.018 0.040
3096.71364 19.011 0.036
3096.72436 18.918 0.032
3096.73509 18.886 0.030
3097.65330 18.799 0.028
3097.66889 18.904 0.031
3097.68020 18.890 0.027
3097.69094 18.930 0.034
3097.70162 18.977 0.032
3098.66089 18.820 0.027
3098.67158 18.936 0.028
3098.68228 18.878 0.026
3098.69297 19.030 0.030
3099.65189 18.651 0.042
3099.66256 18.879 0.041
3100.67403 18.895 0.032
3100.68475 18.959 0.041
3100.69546 18.906 0.037
3101.61553 18.765 0.040
3101.62621 18.881 0.048
3101.63695 18.861 0.044
3101.64767 18.862 0.046
3101.66291 19.134 0.080
3101.67359 19.042 0.054
3101.68430 19.025 0.045
3101.69503 18.924 0.046
3102.66276 18.988 0.041
3102.67350 19.009 0.039
3102.68541 19.020 0.038
3103.65266 19.066 0.052
3103.66333 19.007 0.049
3103.67403 19.021 0.043
3103.68892 18.941 0.040
3104.64828 18.977 0.033
3104.65903 18.965 0.032
3104.66972 19.022 0.033
3104.68044 18.916 0.029
3104.69111 18.816 0.025
3105.63917 18.962 0.030
3105.64988 19.005 0.031
3105.66060 18.990 0.030
3105.67128 18.962 0.028
3105.68201 18.907 0.029
3105.69266 18.812 0.030
3105.70890 18.783 0.028
3105.71959 18.723 0.026
3106.64241 18.957 0.028
3106.65498 18.949 0.028
3106.66569 18.845 0.023
3106.67795 18.877 0.024
3106.68867 18.818 0.024
3107.65446 18.977 0.032
3107.66556 18.861 0.030
3107.67668 18.869 0.028
3107.68740 18.741 0.025
3108.64639 18.919 0.023
3108.65712 18.902 0.026
3108.66781 18.810 0.024
3109.62663 18.989 0.028
3109.63739 18.962 0.029
3109.64926 18.873 0.026
3109.65999 18.873 0.027
3109.67069 18.800 0.022
3110.63901 18.895 0.040
3110.64973 18.861 0.035
3110.66045 18.804 0.035
3111.61784 18.951 0.045
3111.62860 18.869 0.035
3111.63926 18.832 0.043
3111.64996 18.954 0.049
3112.62395 18.938 0.029
3112.63466 18.826 0.027
3112.64950 18.807 0.025
3112.66020 18.689 0.022
3113.60350 18.938 0.037
3113.61423 18.944 0.036
3113.62492 18.850 0.035
3113.63561 18.806 0.031
3113.64627 18.834 0.030
3113.65701 18.748 0.028
3114.62749 18.787 0.022
3114.63818 18.772 0.022
3114.64885 18.779 0.023
3115.64044 18.764 0.032
3116.61010 18.817 0.032
3116.62082 18.668 0.028
3116.63154 18.752 0.034
3116.64226 18.695 0.030
3118.66785 18.823 0.037
3118.68952 18.934 0.042
3122.53242 18.880 0.052
3122.56158 18.917 0.045
3122.57271 18.901 0.046
3122.58977 18.806 0.040
3122.60082 18.682 0.031
3122.61645 18.767 0.035
3122.62800 18.706 0.032
3124.58776 18.645 0.035
3124.60312 18.679 0.036
3124.61427 18.750 0.040
3124.62498 18.678 0.033
3124.63566 18.828 0.041
3125.57099 18.759 0.040
3125.58193 18.802 0.041
3125.59298 18.727 0.039
3125.60410 18.745 0.036
3128.56463 18.745 0.026
3128.57536 18.709 0.025
3128.58608 18.746 0.026
3128.59675 18.762 0.026
3130.54443 18.745 0.042
3130.55563 18.695 0.042
3130.56635 18.688 0.039
3130.57743 18.775 0.036
3130.58872 18.667 0.035
3130.59988 18.773 0.036
3131.55967 18.662 0.045
3131.57083 18.785 0.046
3131.58190 18.894 0.059
3131.59304 18.822 0.042
3132.57058 18.732 0.029
3132.58131 18.770 0.028
3132.59233 18.803 0.029
3132.60305 18.897 0.031
3132.61374 19.012 0.037
3132.62443 19.029 0.042
3132.63514 18.989 0.040
3132.64584 19.019 0.038
3132.66168 18.890 0.031
3132.70691 18.784 0.030
3132.71759 18.738 0.030
3132.72829 18.852 0.035
3132.73903 18.743 0.038
3132.76177 18.865 0.046
3132.77250 18.850 0.038
3132.78316 19.081 0.060
3132.79395 19.001 0.045
3132.80465 18.968 0.041
3132.82032 18.901 0.043
3132.83104 18.765 0.039
3132.84174 18.782 0.047
3132.85245 18.674 0.037
3132.86377 18.720 0.045
3132.87903 18.650 0.049
3132.88972 18.821 0.049
3133.57913 18.754 0.024
3133.59014 18.910 0.026
3133.60082 18.904 0.026
3133.61152 19.045 0.029
3133.62220 19.052 0.030
3133.63285 19.061 0.029
3133.64358 19.063 0.031
3133.66180 18.867 0.027
3133.67321 18.838 0.027
3133.68389 18.734 0.024
3133.69458 18.787 0.028
3133.70532 18.743 0.025
3133.73529 18.806 0.030
3133.74598 18.743 0.029
3133.75670 18.790 0.032
3133.76740 19.065 0.044
3133.77811 18.991 0.039
3133.78884 19.005 0.039
3133.80002 18.927 0.037
3133.81072 18.804 0.036
3133.82145 18.874 0.044
3133.83217 18.807 0.048
3133.84349 18.790 0.042
3133.85423 18.687 0.041
3133.86523 18.679 0.043
3133.87624 18.729 0.041
3135.51624 18.726 0.045
3135.52698 18.786 0.042
3135.53770 18.777 0.040
3135.54843 18.708 0.040
3135.57462 18.847 0.039
3135.58533 18.941 0.037
3135.59604 19.011 0.041
3135.60674 19.042 0.043
3135.61746 19.005 0.036
3137.47583 18.872 0.047
3137.48654 18.773 0.040
3137.49725 18.666 0.037
3137.51323 18.679 0.036
3137.52389 18.776 0.042
3137.53461 18.802 0.037
3137.55075 18.818 0.031
3137.56146 18.996 0.052
3137.57217 18.964 0.052
3137.59290 19.238 0.056
3137.61134 19.128 0.056
3138.50972 18.722 0.029
3138.52043 18.741 0.028
3138.53115 18.734 0.028
3138.54424 18.832 0.030
3138.55495 18.915 0.031
3138.56569 18.949 0.027
3138.57636 19.031 0.029
3139.49803 18.736 0.033
3139.50878 18.763 0.032
3139.51951 18.855 0.034
3139.53020 18.754 0.038
3139.54094 18.742 0.039
3139.56314 19.004 0.034
3139.57781 19.087 0.036
3139.58850 19.058 0.033
3139.61828 18.834 0.032
3139.62895 18.853 0.032
3140.55388 18.979 0.041
3140.56496 18.989 0.038
3140.57566 19.063 0.038
3141.56704 18.933 0.035
3141.57772 19.079 0.039
3141.58847 19.205 0.044
3142.48156 18.654 0.029
3142.49227 18.730 0.028
3142.50300 18.735 0.028
3142.51370 18.848 0.028
3142.53717 18.949 0.033
3142.54830 18.990 0.034
3142.55901 18.990 0.036
3142.56978 19.043 0.031
3144.54035 19.035 0.030
3144.55105 19.040 0.029
3144.56178 18.997 0.032
3144.57247 18.934 0.035
3144.58322 18.815 0.030
3145.54468 18.916 0.048
3145.55538 19.109 0.050
3145.56607 19.080 0.053
3145.57678 18.894 0.047
3145.58960 18.872 0.046
3145.60027 18.752 0.037
3145.61097 18.943 0.048
3145.62228 18.729 0.034
3145.63302 18.721 0.030
3145.64369 18.740 0.027
3145.65443 18.755 0.026
3146.54592 18.977 0.036
3146.55658 18.942 0.032
3146.56729 18.957 0.036
3146.59813 18.737 0.026
3146.60884 18.681 0.026
3147.51271 19.035 0.047
3147.52392 19.024 0.040
3147.53610 19.077 0.041
3147.54674 19.011 0.045
3147.55746 18.952 0.045
3147.56821 18.834 0.036
3147.57893 18.948 0.037
3147.58961 18.758 0.032
3147.60085 18.769 0.039
3147.61156 18.646 0.031
3151.48573 19.025 0.036
3151.49672 19.056 0.038
3151.50740 19.046 0.036
3151.51814 19.017 0.033
3151.52884 18.903 0.029
3151.53955 18.863 0.028
3151.55093 18.843 0.029
3152.53264 18.863 0.032
3152.55060 18.882 0.033
3152.56131 18.807 0.029
3153.49716 19.028 0.053
3153.51666 19.020 0.041
3153.52734 18.859 0.034
3153.53807 18.757 0.039
3153.54879 18.794 0.032
3153.55947 18.819 0.036
3154.51870 18.914 0.053
3154.52941 18.910 0.047
3154.54010 18.767 0.040
3154.55677 18.819 0.046
3154.56750 18.703 0.041
3154.57820 18.770 0.042
3154.58894 18.825 0.042
3154.59969 18.883 0.043
3156.48375 19.045 0.051
3156.49503 19.025 0.047
3156.50576 18.828 0.042
3156.51704 18.853 0.041
3156.52774 18.741 0.033
3156.53848 18.732 0.032
3158.47293 19.154 0.074
3158.48470 18.820 0.045
3158.49566 18.869 0.066
3158.50637 18.743 0.045
3158.51711 18.825 0.060
3158.52778 18.844 0.071
3159.45657 19.016 0.062
3159.46784 19.080 0.054
3159.48063 18.886 0.046
3159.49173 18.885 0.046
3159.50873 18.743 0.040
3159.51998 18.817 0.038
3159.63060 18.848 0.049
3159.64191 19.002 0.053
3159.65262 18.806 0.046
3159.66388 18.837 0.047
3159.67460 18.726 0.047
3160.50532 18.792 0.034
3160.51644 18.699 0.030
3160.52713 18.770 0.032
3160.53812 18.747 0.032
3160.54884 18.825 0.035
3160.55956 18.796 0.034
3160.60885 19.026 0.041
3160.61955 19.038 0.042
3160.63629 18.863 0.039
3160.69327 18.756 0.032
3160.70419 18.782 0.035
3160.71541 18.750 0.033
3162.46166 18.863 0.038
3162.47291 18.899 0.034
3162.48468 18.768 0.029
3162.49598 18.767 0.028
3162.50671 18.774 0.028
3162.51742 18.817 0.029
3162.52841 18.712 0.031
3163.46366 18.824 0.030
3163.47558 18.749 0.026
3163.48697 18.733 0.025
3163.49810 18.671 0.023
3163.50880 18.742 0.025
3163.51950 18.801 0.026
3164.45696 18.881 0.034
3164.46792 18.820 0.026
3164.48686 18.765 0.024
3164.49849 18.722 0.022
3164.51002 18.724 0.022
3165.45244 18.891 0.054
3165.46485 18.813 0.032
3165.47607 18.791 0.028
3165.48711 18.784 0.026
3165.49822 18.711 0.026
3165.50894 18.760 0.025
3167.47948 18.872 0.047
3167.49056 18.810 0.043
3167.50156 18.790 0.036
3167.51376 18.804 0.039
3168.45754 18.766 0.027
3168.46822 18.746 0.026
3168.47891 18.788 0.026
3168.48965 18.762 0.027
3168.50038 18.786 0.027
3168.51110 18.863 0.028
3169.46299 18.758 0.031
3169.47374 18.705 0.032
3169.49649 18.825 0.030
3169.50745 18.773 0.028
3171.46381 18.725 0.024
3171.47449 18.817 0.024
3171.48517 18.867 0.025
3171.49585 18.891 0.026
3171.50654 18.902 0.026
3172.48896 18.838 0.031
3172.49966 18.851 0.028
3174.45632 18.728 0.030
3174.46699 18.879 0.030
3174.47773 18.904 0.028
3174.48841 18.921 0.033
3175.46089 18.777 0.029
3175.47162 18.859 0.030
3175.48231 19.023 0.032
3175.49304 18.932 0.028
3176.46351 19.042 0.054
3176.48336 18.966 0.046
3178.45625 19.088 0.048
3178.46696 19.270 0.056
3178.47907 19.015 0.041
3178.48980 19.053 0.045
3179.46259 18.952 0.036
3179.47900 19.002 0.032
3179.48967 18.977 0.030
3180.46048 19.032 0.041
3180.47116 18.983 0.032
3183.46169 18.964 0.038
3184.45953 19.084 0.045
3185.45788 19.069 0.047
3215.48609 18.686 0.046
3215.49678 18.834 0.052
3215.50751 18.827 0.046
3215.52336 18.855 0.055
3216.47202 18.711 0.042
3216.48268 18.644 0.041
3216.49334 18.640 0.039
3216.50402 18.874 0.048
3216.51474 18.754 0.048
3216.52546 18.825 0.046
3216.53877 19.102 0.063
3216.54949 19.190 0.064
3216.56020 19.065 0.057
3216.57087 18.793 0.047
3216.58159 18.929 0.052
3216.59235 18.858 0.053
3216.60806 18.829 0.049
3216.61926 18.780 0.045
3216.63067 18.720 0.052
3515.68353 19.149 0.059
3515.69427 19.021 0.054
3515.70501 18.858 0.042
3516.63062 18.823 0.032
3516.64133 18.867 0.028
3516.65204 18.896 0.027
3516.66276 18.984 0.034
3516.67346 19.050 0.046
3516.68421 18.977 0.039
3516.71068 18.878 0.047
3516.72142 18.788 0.036
3516.73214 18.651 0.033
3516.74289 18.710 0.036
3516.75362 18.809 0.047
3516.76521 18.719 0.031
3516.77595 18.828 0.041
3516.78672 18.815 0.052
3516.79744 18.742 0.046
3543.63650 18.849 0.044
3543.64726 19.053 0.056
3543.65798 18.755 0.057
3543.66873 18.855 0.075
3543.67949 19.209 0.098
3543.69021 18.818 0.070
3543.70129 18.897 0.066
3570.47016 18.972 0.038
3570.48118 18.869 0.034
3570.49188 18.898 0.040
3570.50258 18.869 0.039
3570.51337 18.877 0.039
3570.52667 18.862 0.041
3570.53870 18.744 0.031
3570.54939 18.746 0.041
3570.56013 18.663 0.032
3570.57108 18.665 0.029
3570.58176 18.758 0.030
3570.59250 18.788 0.034
3570.61128 18.876 0.034
3570.62259 19.003 0.044
3570.63359 18.892 0.046
3570.64480 19.031 0.054
3570.65591 19.182 0.071
3571.50616 18.908 0.039
3571.51825 18.853 0.038
3571.52931 18.737 0.040
3571.54004 18.634 0.030
3571.55247 18.717 0.049
3571.56320 18.859 0.056
3571.57394 19.031 0.069
3571.58469 18.665 0.042
3571.60004 18.899 0.052
3571.61119 18.757 0.043
3571.62339 18.853 0.047
3571.63450 19.074 0.066
3870.71877 18.937 0.046
3870.72952 18.974 0.048
3870.74027 19.103 0.054
3870.79438 18.694 0.043
3870.80513 18.781 0.048
4835.85738 18.794 0.026
4837.86185 18.889 0.035
4838.85802 18.761 0.023
4838.86883 18.724 0.031
4839.86282 18.700 0.025
4840.86278 18.701 0.023
4841.86478 18.637 0.024
4843.86565 18.690 0.030
4844.86895 18.654 0.026
4846.86749 18.804 0.025
4848.85858 18.740 0.028
4848.86978 18.855 0.031
4850.87460 18.937 0.037
4851.87429 19.014 0.034
4852.86664 19.018 0.029
4852.87889 18.877 0.041
4853.86410 19.108 0.031
4853.87487 18.997 0.031
4854.86491 19.030 0.033
4854.87577 18.915 0.031
4855.86918 19.013 0.032
4855.88000 18.971 0.040
4856.88011 18.872 0.026
4857.85548 18.998 0.026
4857.86442 18.857 0.024
4857.87527 18.797 0.025
4858.88971 18.649 0.045
4861.87037 18.716 0.024
4861.88092 18.691 0.025
4863.80873 18.992 0.029
4863.81933 18.908 0.028
4863.82994 18.809 0.026
4863.84052 18.793 0.025
4863.85109 18.779 0.026
4863.86191 18.663 0.023
4863.87248 18.743 0.025
4863.88307 18.738 0.028
4863.89367 18.817 0.053
4865.82024 18.838 0.029
4865.83083 18.751 0.028
4865.84149 18.720 0.027
4865.85213 18.749 0.027
4866.81821 18.843 0.033
4866.82879 18.853 0.032
4866.83939 18.746 0.028
4867.80782 18.808 0.029
4867.81842 18.850 0.030
4867.82899 18.725 0.026
4868.83136 18.736 0.021
4868.84194 18.699 0.020
4868.85380 18.723 0.021
4869.80872 18.782 0.028
4869.81928 18.698 0.026
4869.82988 18.738 0.027
4869.84044 18.688 0.023
4869.85105 18.795 0.025
4870.80549 18.671 0.028
4870.81609 18.720 0.031
4870.82664 18.722 0.027
4870.83722 18.744 0.029
4870.84780 18.728 0.028
4871.81008 18.642 0.039
4871.82256 18.743 0.041
4871.84005 18.725 0.043
4871.85118 18.737 0.040
4871.86313 18.837 0.042
4871.87636 18.990 0.045
4871.88772 18.935 0.042
4872.79980 18.750 0.042
4872.81038 18.766 0.037
4872.82097 18.782 0.038
4872.83173 18.724 0.033
4872.84229 18.837 0.038
4873.79881 18.717 0.027
4873.80940 18.702 0.027
4873.81995 18.714 0.027
4873.83056 18.694 0.026
4873.84114 18.772 0.027
4874.79270 18.719 0.037
4874.80325 18.737 0.031
4874.81378 18.704 0.030
4874.82438 18.744 0.031
4874.83498 18.726 0.033
4875.79642 18.682 0.026
4875.80703 18.728 0.026
4875.81756 18.834 0.030
4875.82816 18.811 0.029
4875.83871 18.859 0.030
4876.79329 18.746 0.028
4876.80387 18.778 0.025
4876.81445 18.765 0.028
4876.82505 18.769 0.029
4876.83564 18.868 0.030
4877.77866 18.753 0.029
4877.78926 18.744 0.028
4877.79985 18.697 0.025
4877.81044 18.794 0.027
4877.82104 18.823 0.028
4877.83176 18.894 0.029
4878.77673 18.717 0.032
4878.78771 18.743 0.029
4878.79831 18.708 0.031
4878.80892 18.777 0.038
4878.81951 18.787 0.037
4879.84048 19.025 0.045
4879.85110 19.125 0.048
4879.86036 19.035 0.044
4880.80144 18.895 0.030
4880.81233 18.728 0.026
4880.82292 18.946 0.037
4881.78211 18.683 0.024
4881.79273 18.851 0.026
4881.80331 18.900 0.029
4881.81389 18.962 0.029
4881.82448 18.985 0.029
4881.83506 19.015 0.030
4881.84570 19.141 0.033
4881.85628 19.013 0.033
4881.86688 18.958 0.029
4881.87744 18.812 0.025
4881.88842 18.807 0.025
4881.89902 18.763 0.033
4882.77315 18.771 0.023
4882.78373 18.754 0.024
4882.79432 18.781 0.025
4882.80487 18.847 0.023
4882.81544 18.934 0.027
4882.82603 18.983 0.029
4882.83661 19.056 0.027
4882.84720 18.927 0.025
4882.85775 18.850 0.022
4882.86836 18.927 0.024
4882.87910 18.786 0.023
4882.88963 18.735 0.023
4882.90022 18.771 0.026
4883.70230 18.784 0.028
4883.71288 18.709 0.025
4883.72347 18.735 0.027
4883.73402 18.699 0.026
4883.74459 18.643 0.024
4883.75618 18.794 0.027
4883.76672 18.722 0.025
4883.77731 18.860 0.028
4883.78834 18.877 0.031
4883.79890 18.890 0.034
4883.80946 18.999 0.032
4883.82027 19.066 0.038
4883.83129 19.094 0.038
4884.70808 18.738 0.022
4884.71867 18.764 0.022
4884.72926 18.669 0.023
4884.73982 18.699 0.022
4884.75040 18.724 0.025
4884.76189 18.743 0.023
4884.77249 18.775 0.024
4885.73205 18.702 0.022
4885.74263 18.779 0.027
4885.75321 18.647 0.021
4885.76384 18.795 0.023
4885.77442 18.859 0.025
4885.78552 18.838 0.026
4885.79607 18.970 0.032
4886.71966 18.750 0.023
4886.73020 18.696 0.022
4886.74082 18.703 0.022
4886.75138 18.786 0.024
4886.76196 18.777 0.024
4886.77408 18.874 0.026
4887.67400 18.817 0.025
4887.68484 18.798 0.023
4887.69543 18.695 0.022
4887.70603 18.639 0.020
4887.71660 18.695 0.020
4887.72769 18.572 0.016
4887.75821 18.834 0.024
4887.77012 18.832 0.023
4887.78086 18.984 0.024
4888.68215 18.750 0.025
4888.69277 18.731 0.025
4888.70334 18.694 0.022
4888.71396 18.680 0.021
4888.72454 18.685 0.023
4888.73556 18.710 0.021
4888.74618 18.929 0.026
4888.75724 18.843 0.024
4888.76825 18.914 0.027
4889.67581 18.791 0.029
4889.68641 18.700 0.025
4889.69702 18.446 0.017
4890.68829 18.705 0.025
4890.69882 18.714 0.025
4890.70941 18.725 0.024
4890.72000 18.711 0.022
4890.73062 18.810 0.023
4890.74165 18.915 0.026
4890.75252 18.919 0.027
4890.76441 18.984 0.028
4891.67592 18.716 0.033
4891.68645 18.650 0.030
4891.69704 18.643 0.030
4891.70763 18.658 0.025
4891.71825 18.802 0.026
4891.72974 18.827 0.025
4891.74163 18.888 0.026
4891.75320 18.957 0.030
4892.68660 18.766 0.028
4892.69719 18.655 0.030
4892.70778 18.702 0.025
4892.71833 18.776 0.026
4892.72892 18.839 0.029
4892.74015 18.929 0.032
4892.75278 19.000 0.031
4894.67340 18.814 0.041
4894.69457 18.781 0.039
4894.76591 19.047 0.049
4895.69051 18.729 0.024
4895.70108 18.762 0.024
4895.71168 18.823 0.025
4895.72222 18.991 0.030
4895.73284 18.979 0.029
4895.74452 19.071 0.032
4896.69443 18.844 0.038
4896.70506 18.860 0.031
4896.71564 18.968 0.036
4896.72632 19.089 0.044
4896.73689 18.989 0.036
4896.74798 19.047 0.030
4896.75858 18.981 0.026
4897.66830 18.696 0.037
4897.70012 18.932 0.047
4897.72919 19.055 0.034
4897.73977 18.974 0.032
4898.68182 18.814 0.040
4898.69302 18.920 0.037
4898.70361 18.902 0.044
4898.71419 19.036 0.041
4898.73543 19.019 0.037
4898.74924 18.911 0.035
4899.67530 18.775 0.030
4899.68592 18.839 0.030
4899.69651 18.860 0.033
4900.71750 19.076 0.038
4900.72812 19.013 0.037
4900.73870 18.933 0.035
4900.74927 18.849 0.033
4900.75988 18.803 0.030
4900.77076 18.816 0.033
4900.78136 18.824 0.031
4900.79196 18.672 0.027
4901.69602 19.110 0.049
4901.70663 19.068 0.043
4901.71720 18.979 0.040
4901.72777 18.864 0.037
4901.73837 18.975 0.042
4901.74932 18.858 0.035
4901.75992 18.830 0.036
4901.77054 18.753 0.033
4901.78112 18.764 0.033
4902.70538 19.066 0.040
4902.71596 18.945 0.036
4902.72653 18.960 0.037
4902.73712 18.866 0.033
4902.74771 18.836 0.033
4902.75850 18.691 0.028
4902.76908 18.734 0.027
4902.77964 18.677 0.026
4903.69071 19.050 0.051
4903.70129 19.014 0.043
4903.71191 19.028 0.042
4903.72251 18.966 0.039
4903.73306 18.809 0.032
4903.74394 18.756 0.033
4903.75451 18.818 0.032
4903.76510 18.714 0.026
4903.77568 18.731 0.027
4904.67408 18.946 0.054
4904.68468 18.907 0.045
4904.69528 19.090 0.044
4904.70584 19.023 0.041
4904.71646 18.959 0.043
4904.72737 18.843 0.043
4904.73795 18.806 0.039
4904.74855 18.741 0.031
4904.75908 18.758 0.033
4904.76971 18.664 0.024
4905.68198 19.103 0.050
4905.78002 18.783 0.038
4905.79062 18.786 0.032
4905.80123 18.916 0.037
4905.81184 18.791 0.034
4905.82244 18.903 0.038
4907.66208 19.036 0.043
4907.67264 19.075 0.038
4907.68322 18.972 0.035
4907.69382 18.841 0.029
4907.70440 18.837 0.027
4907.71532 18.793 0.027
4907.72592 18.798 0.029
4907.73650 18.811 0.029
4907.74711 18.770 0.036
4907.75767 18.672 0.029
4907.76880 18.714 0.028
4907.77939 18.727 0.031
4907.78994 18.836 0.031
4907.81102 18.950 0.033
4907.82158 18.963 0.037
4907.83221 19.062 0.062
4907.84287 18.892 0.043
4907.85344 18.917 0.042
4907.86454 18.798 0.038
4907.87511 18.778 0.034
4907.88568 18.665 0.032
4907.89628 18.887 0.045
4907.90684 18.716 0.037
4908.69475 19.013 0.035
4908.70535 18.746 0.027
4908.71592 18.779 0.027
4908.72652 18.706 0.023
4908.73713 18.706 0.028
4908.74802 18.792 0.026
4908.75859 18.800 0.029
4908.76921 18.736 0.024
4908.77982 18.794 0.024
4908.79043 18.857 0.026
4908.80130 18.893 0.029
4908.81182 19.074 0.036
4908.82243 19.051 0.036
4908.83316 18.934 0.030
4908.84379 18.883 0.030
4908.85433 18.912 0.030
4908.86493 18.747 0.026
4908.87552 18.820 0.029
4908.88644 18.701 0.026
4908.89702 18.759 0.028
4908.90758 18.730 0.026
4909.66543 19.005 0.038
4909.67601 18.939 0.036
4909.68660 18.779 0.036
4909.69720 18.740 0.029
4909.70779 18.768 0.027
4909.71856 18.754 0.026
4909.72911 18.698 0.024
4909.73967 18.701 0.026
4909.75027 18.757 0.028
4909.76090 18.789 0.029
4909.77178 18.821 0.031
4909.78239 18.878 0.036
4909.79297 18.979 0.039
4909.80355 18.957 0.041
4909.81412 19.030 0.044
4909.82501 19.028 0.038
4909.83562 18.991 0.034
4909.84620 18.835 0.030
4909.85679 18.809 0.028
4909.86735 18.792 0.031
4909.88287 18.781 0.045
4909.89346 18.705 0.029
4909.90404 18.698 0.037
4909.91466 18.750 0.048
4910.62179 18.885 0.041
4910.63232 19.054 0.042
4910.64290 19.076 0.039
4910.65533 19.034 0.036
4910.66593 18.960 0.029
4910.67656 18.899 0.030
4910.68711 18.827 0.026
4910.69770 18.803 0.029
4910.71334 18.709 0.022
4910.72398 18.689 0.022
4910.73456 18.719 0.020
4910.74518 18.731 0.020
4910.75579 18.810 0.021
4910.76668 18.794 0.021
4911.69750 18.681 0.021
4912.59672 18.771 0.035
4912.60736 18.930 0.033
4912.61796 18.931 0.031
4912.62853 19.033 0.030
4912.63917 18.965 0.027
4912.65009 18.939 0.025
4912.66067 18.869 0.023
4912.67124 18.864 0.022
4912.68183 18.789 0.021
4912.69238 18.741 0.019
4912.70333 18.730 0.020
4913.60341 18.887 0.032
4913.61401 19.083 0.035
4913.62460 19.003 0.033
4913.63517 19.128 0.036
4913.64573 18.960 0.029
4913.65654 18.851 0.027
4913.66709 18.864 0.025
4913.67767 18.743 0.024
4913.68827 18.755 0.024
4913.69885 18.787 0.026
4913.70986 18.674 0.024
4914.66890 18.799 0.024
4914.67948 18.782 0.022
4914.69007 18.771 0.020
4914.70066 18.730 0.020
4915.68139 18.793 0.024
4915.69199 18.750 0.024
4915.70257 18.733 0.024
4915.71677 18.758 0.025
4915.72734 18.835 0.027
4916.61920 19.006 0.038
4916.63281 18.909 0.029
4916.64337 18.846 0.027
4916.65398 18.761 0.023
4916.66457 18.694 0.022
4916.67531 18.719 0.022
4916.68587 18.751 0.023
4916.69647 18.653 0.019
4917.63327 18.820 0.027
4917.64806 18.774 0.022
4917.65865 18.762 0.022
4917.66920 18.757 0.020
4917.67984 18.711 0.020
4917.71795 18.853 0.023
4918.61347 18.998 0.033
4918.62408 18.947 0.029
4918.63468 18.807 0.026
4918.64527 18.784 0.023
4918.65588 18.696 0.022
4918.66643 18.693 0.026
4919.67463 18.680 0.020
4919.68518 18.729 0.021
4919.69580 18.782 0.022
4919.70637 18.815 0.023
4919.71695 18.870 0.023
4920.67081 18.728 0.020
4920.68084 18.807 0.021
4920.69089 18.788 0.026
4920.70092 18.878 0.022
4920.71089 18.920 0.028
4921.66618 18.705 0.027
4921.67619 18.809 0.035
4921.68618 18.858 0.036
4921.69621 18.915 0.036
4921.70622 18.871 0.030
4921.71636 19.002 0.032
4924.65635 18.744 0.022
4924.66648 18.855 0.025
4924.67661 18.839 0.024
4924.68670 18.867 0.025
4924.69682 18.991 0.027
4924.70722 19.044 0.027
4925.65895 18.805 0.026
4925.66908 18.858 0.026
4925.67917 18.864 0.024
4925.68927 18.980 0.028
4925.69940 19.117 0.032
4926.60055 18.672 0.030
4926.61063 18.695 0.027
4926.62072 18.752 0.026
4926.63080 18.745 0.030
4926.64091 18.729 0.028
4926.65101 18.755 0.027
4926.66112 18.844 0.029
4926.67122 18.974 0.034
4926.68133 18.942 0.032
4926.69174 19.052 0.032
4926.70184 19.040 0.034
4927.65604 18.929 0.040
4927.66617 18.989 0.045
4927.67629 18.958 0.035
4927.68640 19.022 0.037
4927.69678 19.008 0.038
4928.64089 18.806 0.029
4928.65097 18.898 0.033
4928.66108 18.946 0.031
4928.67119 19.038 0.034
4928.68130 19.041 0.035
4928.69140 18.942 0.033
4929.62619 18.748 0.040
4929.63627 18.807 0.040
4929.64638 18.868 0.039
4929.65648 18.974 0.042
4930.63992 18.834 0.038
4930.64999 18.921 0.036
4930.66006 19.038 0.040
4930.67018 18.962 0.040
4930.68026 18.943 0.035
4930.69040 18.994 0.037
4931.65020 19.023 0.047
4931.66030 19.074 0.050
4931.67043 19.007 0.042
4931.68053 19.030 0.046
4932.62811 19.062 0.043
4932.63822 19.066 0.044
4932.64832 18.981 0.041
4932.65843 19.135 0.051
4932.66851 18.986 0.049
4932.67862 18.932 0.041
4933.62673 18.961 0.053
4933.63683 18.891 0.041
4933.64691 18.970 0.036
4933.65700 18.987 0.044
4933.66710 19.073 0.048
4933.67719 18.831 0.040
4934.62349 19.000 0.041
4934.63361 19.013 0.040
4934.64371 19.026 0.042
4934.65383 19.049 0.041
4934.66391 18.931 0.037
4934.67402 18.872 0.031
4934.69033 18.756 0.029
4934.70044 18.741 0.027
4934.73565 18.692 0.034
4934.74575 18.719 0.031
4935.61070 18.958 0.033
4935.62080 18.930 0.031
4935.63093 18.997 0.036
4935.64105 19.120 0.037
4935.65116 19.000 0.030
4935.66126 19.031 0.031
4935.67137 18.844 0.028
4935.68146 18.889 0.033
4935.69157 18.781 0.027
4935.70172 18.725 0.023
4935.71180 18.715 0.025
4935.72189 18.679 0.023
4935.73202 18.644 0.022
4935.74212 18.744 0.025
4935.75222 18.715 0.027
4935.77688 18.875 0.031
4935.78699 18.939 0.032
4935.79707 19.004 0.035
4935.80717 18.935 0.030
4935.81728 18.968 0.035
4935.82739 18.935 0.030
4935.83790 18.790 0.027
4935.84797 18.814 0.026
4935.86108 18.833 0.031
4935.87118 18.690 0.031
4935.88128 18.756 0.034
4935.89137 18.784 0.042
4935.90160 18.716 0.037
4935.91170 18.747 0.034
4936.61083 18.838 0.029
4936.62095 18.926 0.031
4936.63105 19.032 0.034
4936.64113 19.064 0.033
4936.65121 18.921 0.031
4936.66134 18.890 0.027
4936.67144 18.777 0.025
4936.68154 18.837 0.026
4936.69162 18.751 0.025
4936.70171 18.653 0.023
4936.71182 18.749 0.029
4936.74343 18.682 0.028
4936.78144 18.969 0.031
4936.79156 19.076 0.036
4936.80167 19.007 0.036
4936.81176 18.889 0.033
4936.82187 18.911 0.031
4936.83195 18.854 0.030
4936.84322 18.707 0.030
4936.85332 18.716 0.032
4936.86343 18.836 0.037
4936.87355 18.817 0.038
4936.88361 18.786 0.036
4936.89372 18.706 0.036
4936.90426 18.733 0.033
4937.61295 18.973 0.024
4937.62305 19.011 0.026
4937.63315 19.032 0.026
4937.64324 19.005 0.026
4937.65332 18.915 0.025
4937.66342 18.892 0.027
4937.67350 18.789 0.025
4937.68358 18.709 0.020
4937.69370 18.759 0.023
4937.70380 18.685 0.020
4937.71390 18.667 0.020
4937.72400 18.690 0.022
4937.73409 18.703 0.022
4937.74419 18.777 0.025
4937.76013 18.836 0.024
4937.77028 18.909 0.023
4937.78041 19.050 0.027
4937.79052 18.926 0.024
4937.80062 18.940 0.025
4937.81074 19.012 0.031
4937.82083 18.877 0.025
4937.83091 18.779 0.022
4937.84101 18.749 0.023
4937.85117 18.715 0.023
4937.86126 18.730 0.027
4937.87136 18.642 0.023
4937.88146 18.697 0.023
4937.89156 18.671 0.024
4937.90166 18.740 0.027
4938.60801 19.036 0.041
4938.61815 19.117 0.045
4938.62824 19.094 0.043
4938.63835 18.940 0.037
4938.64848 18.914 0.033
4938.65858 18.787 0.029
4939.61553 19.037 0.034
4939.62563 19.056 0.032
4939.63574 18.972 0.030
4939.64587 18.856 0.026
4939.65599 18.828 0.030
4939.66610 18.757 0.026
4940.62279 18.935 0.036
4940.63292 18.920 0.029
4940.64301 18.824 0.027
4940.65311 18.770 0.026
4940.66324 18.739 0.026
4940.88119 18.830 0.042
4940.89132 18.810 0.037
4941.59880 18.987 0.033
4941.60890 18.961 0.036
4941.61902 18.892 0.032
4941.62910 18.841 0.028
4941.63920 18.844 0.027
4941.64932 18.762 0.023
4941.65967 18.765 0.024
4942.61218 18.931 0.027
4942.62229 18.834 0.026
4942.63240 18.883 0.025
4942.64253 18.814 0.028
4942.65262 18.741 0.028
4943.59932 18.977 0.029
4943.60941 18.939 0.028
4943.61953 18.822 0.025
4943.62961 18.749 0.025
4943.63974 18.779 0.025
4943.64984 18.793 0.026
4944.60712 18.946 0.025
4944.61722 18.855 0.023
4944.62732 18.713 0.021
4944.63744 18.743 0.021
4944.64757 18.675 0.021
4945.88727 18.921 0.031
4946.60481 18.768 0.025
4946.61489 18.791 0.024
4946.62499 18.813 0.026
4946.63511 18.804 0.026
4946.64519 18.725 0.023
4947.60530 18.768 0.023
4947.61542 18.770 0.022
4947.62556 18.678 0.019
4947.63565 18.683 0.020
4947.88497 19.084 0.046
4948.60365 18.794 0.029
4948.61377 18.749 0.027
4948.62385 18.704 0.026
4948.63397 18.731 0.024
4948.88067 19.058 0.036
4949.58762 18.770 0.023
4949.59771 18.739 0.024
4949.60778 18.720 0.023
4949.61785 18.643 0.020
4949.62795 18.600 0.019
4949.63805 18.708 0.022
4949.85289 18.964 0.032
4949.86022 19.027 0.034
4949.87032 18.998 0.035
4949.88040 18.971 0.035
4950.58546 18.820 0.030
4950.59558 18.819 0.029
4950.60565 18.653 0.024
4950.61576 18.695 0.023
4950.62590 18.655 0.023
4951.56746 18.941 0.042
4951.57756 18.814 0.033
4951.58767 18.775 0.029
4951.59776 18.712 0.024
4951.60789 18.734 0.023
4951.61802 18.743 0.023
4951.62835 18.644 0.021
4951.87148 19.064 0.065
4952.86345 19.061 0.038
4952.87355 19.072 0.041
4953.57966 18.745 0.026
4953.58974 18.771 0.027
4953.59986 18.710 0.024
4953.60996 18.658 0.024
4953.62002 18.744 0.026
4953.86563 19.076 0.045
4953.87234 18.972 0.041
4954.57039 18.752 0.027
4954.58050 18.648 0.023
4954.59060 18.700 0.025
4954.60069 18.676 0.028
4954.61082 18.817 0.027
4954.62090 18.753 0.025
4954.86794 18.804 0.035
4955.57497 18.705 0.027
4955.58509 18.793 0.028
4955.59518 18.777 0.028
4955.60530 18.760 0.028
4955.61541 18.696 0.027
4964.59742 18.956 0.037
4964.60782 18.979 0.033
4964.62269 18.949 0.032
4964.63300 18.854 0.029
4964.64303 18.780 0.026
4964.65302 18.760 0.025
4964.66370 18.788 0.029
4964.67369 18.741 0.030
4965.59759 18.999 0.038
4965.60786 19.021 0.041
4965.61786 18.755 0.043
4965.62788 18.870 0.038
4965.63788 18.836 0.041
4965.64833 18.774 0.035
4965.65833 18.743 0.032
4965.66833 18.763 0.039
4965.67832 18.725 0.039
4966.52872 18.667 0.030
4966.53927 18.767 0.039
4966.54927 18.862 0.036
4966.55927 18.832 0.033
4966.56954 18.803 0.031
4966.57954 18.927 0.034
4966.58958 18.998 0.035
4966.60014 18.786 0.028
4966.61014 18.965 0.030
4966.62019 18.853 0.029
4966.63056 18.792 0.032
4966.64055 18.846 0.036
4966.65055 18.756 0.032
4966.66086 18.682 0.030
4967.56840 18.847 0.029
4967.57894 18.969 0.029
4967.58895 19.020 0.030
4967.59924 18.889 0.027
4967.60921 18.902 0.026
4967.61920 18.857 0.026
4967.62979 18.870 0.029
4967.63982 18.714 0.025
4967.65379 18.733 0.027
4967.66380 18.741 0.029
4967.67377 18.688 0.025
4967.68379 18.676 0.030
4968.52070 18.596 0.031
4968.53069 18.773 0.032
4968.56605 19.023 0.034
4968.57607 18.939 0.033
4968.58609 19.013 0.033
4968.59609 19.006 0.031
4968.60607 18.846 0.024
4968.63063 18.884 0.027
4968.64062 18.718 0.024
4968.65065 18.646 0.024
4968.66067 18.664 0.024
4969.62301 18.738 0.024
4969.63341 18.791 0.026
4969.66378 18.687 0.029
4970.56745 18.950 0.035
4970.57890 18.880 0.029
4970.58891 18.935 0.029
4970.59889 18.898 0.028
4970.60890 18.745 0.024
4970.61891 18.722 0.023
4970.62920 18.665 0.022
4970.63918 18.702 0.027
4970.64917 18.663 0.024
4970.65914 18.672 0.022
4970.67331 18.721 0.022
4972.50012 18.823 0.032
4972.51066 18.730 0.027
4972.52092 18.841 0.030
4972.53139 18.801 0.030
4972.54139 18.909 0.033
4972.55137 18.916 0.031
4972.56201 18.916 0.032
4972.57206 18.875 0.029
4972.58206 18.818 0.030
4972.59619 18.776 0.026
4972.60969 18.706 0.025
4972.63148 18.724 0.023
4972.64148 18.697 0.026
4972.65145 18.645 0.024
4972.66546 18.720 0.027
4973.47593 18.725 0.030
4973.48632 18.676 0.027
4973.50090 18.865 0.034
4973.51139 18.785 0.031
4973.52136 18.876 0.032
4973.53140 18.883 0.030
4973.54140 18.989 0.034
4973.55662 18.925 0.029
4973.56662 18.852 0.029
4973.57664 18.831 0.029
4973.58665 18.757 0.023
4973.60397 18.706 0.020
4973.61482 18.722 0.020
4973.62481 18.683 0.021
4973.63482 18.672 0.021
4973.64540 18.657 0.021
4973.65540 18.716 0.024
4973.66539 18.770 0.024
4973.68036 18.874 0.027
4974.51548 18.899 0.041
4974.52715 18.945 0.045
4974.56083 18.974 0.043
4974.57083 18.885 0.037
4974.58085 18.910 0.036
4974.59127 18.722 0.031
4974.60128 18.759 0.029
4974.61128 18.610 0.025
4974.62637 18.674 0.027
4974.63665 18.671 0.027
4974.64665 18.716 0.028
4974.65662 18.803 0.027
4974.66702 18.850 0.031
4974.67746 18.973 0.034
4974.68847 18.967 0.032
4975.49410 18.800 0.047
4975.50470 18.854 0.036
4975.51515 19.006 0.043
4975.52516 18.963 0.048
4975.53516 19.004 0.048
4975.54546 18.942 0.043
4975.55546 18.848 0.040
4975.56550 18.761 0.030
4975.57616 18.780 0.032
4975.58615 18.800 0.033
4975.59617 18.765 0.031
4975.60667 18.664 0.027
4975.61669 18.631 0.026
4975.62669 18.657 0.027
4975.63700 18.720 0.033
4975.64700 18.759 0.033
4977.49949 18.992 0.040
4977.50992 18.954 0.036
4977.52030 18.969 0.032
4977.53095 18.868 0.031
