3783.69994 19.005 0.049
3783.71130 18.899 0.046
3783.72270 19.029 0.056
3783.73401 18.990 0.055
3783.74537 18.982 0.052
3783.75914 18.815 0.045
3783.77054 18.810 0.046
3783.78193 18.680 0.041
3783.79595 18.733 0.043
3783.80733 18.824 0.044
3783.81869 18.791 0.043
3783.83006 18.824 0.044
3783.84139 18.930 0.050
3784.68747 18.981 0.053
3784.69882 19.014 0.059
3784.71035 18.942 0.049
3784.72172 18.849 0.045
3784.73304 18.968 0.049
3784.74627 18.911 0.046
3784.75761 18.882 0.049
3784.76892 18.786 0.043
3784.78025 18.869 0.046
3784.79282 18.713 0.041
3784.80420 18.869 0.050
3784.81558 18.896 0.049
3784.82695 18.708 0.042
3784.83825 18.832 0.056
3785.68181 18.972 0.050
3785.69316 18.883 0.048
3785.70449 18.903 0.045
3785.71614 18.852 0.048
3785.72754 18.913 0.047
3785.73890 18.809 0.045
3785.75026 18.828 0.048
3785.76217 18.794 0.045
3785.77355 18.709 0.043
3785.78492 18.881 0.050
3785.79629 18.838 0.048
3785.80762 18.806 0.045
3785.81943 18.822 0.046
3785.83089 18.909 0.050
3786.64371 18.884 0.051
3786.65505 18.846 0.049
3786.66652 18.885 0.048
3786.67802 18.837 0.045
3786.68941 18.901 0.046
3786.70080 18.978 0.048
3786.71220 18.978 0.049
3786.72356 18.862 0.044
3787.67645 19.033 0.051
3787.68778 18.870 0.045
3787.69913 18.911 0.052
3787.71049 18.876 0.048
3787.72184 18.905 0.047
3787.73394 18.797 0.040
3787.74573 18.846 0.040
3787.75708 18.790 0.040
3787.76839 18.828 0.042
3787.77972 18.781 0.040
3787.79110 18.855 0.044
3787.80355 18.863 0.043
3787.81498 19.042 0.051
3787.82642 18.973 0.054
3788.65585 18.935 0.045
3788.67258 18.913 0.043
3788.68391 18.908 0.047
3788.69526 18.970 0.051
3788.70663 18.929 0.044
3788.71800 18.925 0.046
3788.72936 18.815 0.041
3788.74101 18.782 0.040
3788.75238 18.769 0.042
3788.76373 18.741 0.042
3788.77697 18.883 0.048
3788.78832 18.839 0.046
3788.79971 18.861 0.046
3788.81106 19.037 0.055
3788.82243 19.014 0.052
3789.65542 18.916 0.044
3789.66696 19.025 0.044
3789.67828 18.943 0.041
3789.68962 18.905 0.043
3789.70132 18.889 0.039
3789.71271 18.852 0.038
3789.72408 18.812 0.035
3789.73544 18.785 0.035
3789.74679 18.847 0.038
3789.75818 18.762 0.036
3789.77022 18.827 0.039
3789.78161 18.795 0.037
3789.79300 18.935 0.038
3789.80469 18.940 0.041
3789.81609 18.919 0.045
3789.82746 18.944 0.051
3789.84104 18.991 0.050
3789.85234 18.940 0.051
3789.86373 18.953 0.053
3789.87513 18.894 0.051
3789.89154 18.668 0.040
3789.90289 18.775 0.055
3790.62601 18.808 0.066
3790.64893 18.932 0.049
3790.66027 18.973 0.048
3790.67159 18.885 0.044
3790.68297 18.875 0.047
3790.69433 18.840 0.046
3790.70563 18.813 0.041
3790.71739 18.775 0.037
3790.72931 18.779 0.039
3790.74065 18.806 0.040
3790.75197 18.751 0.040
3790.76332 18.889 0.049
3790.77471 18.873 0.048
3790.78599 19.038 0.053
3790.79760 19.041 0.057
3790.80897 18.989 0.052
3790.82031 18.993 0.050
3791.65972 18.905 0.047
3791.67107 18.850 0.045
3791.68242 18.914 0.049
3791.69392 18.861 0.046
3791.70538 18.761 0.042
3791.71678 18.766 0.041
3791.72815 18.839 0.047
3791.73951 18.828 0.048
3791.75081 18.820 0.050
3791.76237 18.933 0.055
3791.77374 18.936 0.050
3791.78512 18.963 0.053
3791.79645 18.998 0.061
3791.80884 18.949 0.052
3791.82019 19.062 0.069
3792.62278 19.012 0.053
3792.63565 18.973 0.053
3792.64700 19.041 0.055
3792.65837 18.830 0.050
3792.66977 18.872 0.050
3792.68109 18.837 0.046
3792.69273 18.753 0.046
3792.70426 18.723 0.048
3792.71572 18.751 0.040
3792.72709 18.774 0.043
3792.73852 18.848 0.044
3792.74987 18.909 0.048
3792.76124 18.899 0.043
3792.77293 18.872 0.051
3792.78431 19.117 0.067
3792.79565 18.910 0.049
3792.80703 19.079 0.056
3792.81843 18.919 0.048
3792.82981 18.886 0.048
3792.84254 19.241 0.057
3792.85489 18.875 0.041
3793.61660 18.923 0.046
3793.62792 18.947 0.048
3793.63962 18.976 0.052
3793.65097 18.911 0.049
3793.66229 18.814 0.045
3793.67362 18.808 0.042
3793.68498 18.835 0.045
3793.69652 18.792 0.041
3793.70787 18.797 0.041
3793.71926 18.773 0.042
3793.73059 18.797 0.043
3793.74194 18.867 0.047
3793.75331 18.893 0.049
3793.76552 18.958 0.048
3793.77689 18.950 0.048
3793.78831 19.063 0.054
3793.80249 19.008 0.050
3793.81382 18.909 0.048
3794.61696 18.884 0.052
3794.62833 19.138 0.064
3794.63973 18.889 0.046
3794.65110 18.793 0.044
3794.66246 18.812 0.042
3794.67419 18.720 0.038
3794.68571 18.781 0.040
3794.69707 18.795 0.042
3794.70844 18.806 0.040
3794.71977 18.813 0.040
3794.73158 18.830 0.039
3794.74291 18.966 0.044
3795.60914 19.056 0.068
3795.62047 19.069 0.072
3795.63184 18.939 0.061
3795.64320 18.909 0.062
3795.65449 18.703 0.057
3795.66624 18.841 0.047
3795.67761 18.802 0.045
3795.68896 18.850 0.049
3795.70028 18.710 0.041
3795.71167 18.722 0.043
3795.72308 18.937 0.048
3796.61650 18.989 0.054
3796.62789 18.806 0.043
3796.63922 18.896 0.052
3796.65055 18.778 0.043
3796.66191 18.719 0.040
3796.67366 18.844 0.044
3796.68520 18.844 0.044
3796.69657 18.799 0.040
3796.70796 18.925 0.047
3797.60886 18.989 0.050
3797.62020 18.865 0.042
3797.63152 18.827 0.041
3797.64284 18.684 0.033
3797.65422 18.727 0.035
3797.66599 18.800 0.037
3797.67738 18.798 0.036
3797.68877 18.838 0.037
3797.70010 18.869 0.039
3797.71141 18.889 0.039
3797.72280 19.021 0.044
3797.73460 18.984 0.045
3797.74597 18.990 0.047
3797.75730 19.007 0.051
3797.76862 19.018 0.052
3797.77994 18.907 0.049
3797.79130 18.850 0.046
3798.60958 18.851 0.040
3798.62091 18.882 0.040
3798.63229 18.749 0.034
3798.64363 18.847 0.037
3798.65500 18.735 0.035
3798.66662 18.782 0.038
3798.67802 18.831 0.041
3798.68940 18.774 0.044
3798.70074 18.891 0.042
3798.71210 18.994 0.042
3798.72347 19.014 0.040
3798.73503 19.044 0.045
3798.74641 19.043 0.041
3798.75775 19.016 0.042
3798.76910 18.894 0.040
3798.78050 18.819 0.041
3799.64032 18.690 0.053
3799.65167 18.692 0.044
3799.66302 18.722 0.050
3799.67437 18.806 0.048
3799.68570 18.884 0.051
3799.69704 19.012 0.061
3799.70837 19.057 0.066
3799.72006 18.986 0.060
3799.73141 19.037 0.056
3799.74274 18.954 0.056
3799.75411 18.887 0.052
3799.76545 18.795 0.051
3799.77681 18.811 0.047
3800.60518 18.769 0.057
3800.61660 18.791 0.051
3800.62796 18.831 0.061
3800.64739 18.728 0.054
3800.66600 18.876 0.058
3800.67761 18.800 0.044
3800.68942 18.983 0.057
3800.70094 19.018 0.055
3800.71252 19.026 0.058
3800.72456 19.023 0.050
3800.73687 19.019 0.055
3800.74823 18.847 0.054
3800.75961 18.899 0.052
3800.77098 18.693 0.043
3800.78235 18.798 0.052
3800.79368 18.708 0.050
3801.59469 18.732 0.044
3801.60604 18.708 0.039
3801.61741 18.738 0.039
3801.62878 18.730 0.041
3801.64015 18.774 0.040
3801.65188 18.881 0.048
3801.66325 18.902 0.046
3801.67463 18.961 0.046
3801.68595 18.977 0.050
3801.69730 19.032 0.052
3801.70864 18.909 0.043
3801.72029 18.963 0.049
3801.73170 19.027 0.051
3801.74307 18.916 0.048
3801.75449 18.790 0.040
3801.76588 18.802 0.039
3801.77727 18.886 0.044
3802.62157 18.796 0.050
3802.63295 18.799 0.046
3802.64429 18.764 0.045
3802.65587 18.867 0.046
3802.66716 18.899 0.044
3802.67853 19.009 0.050
3802.68983 18.917 0.044
3802.70121 18.978 0.045
3802.71255 19.048 0.048
3802.72418 18.973 0.051
3802.73558 18.889 0.042
3802.74686 18.855 0.040
3802.75822 18.821 0.041
3802.76956 18.679 0.038
3802.78168 18.787 0.039
3803.59273 18.768 0.046
3803.60411 18.719 0.045
3803.61550 18.743 0.043
3803.62694 18.820 0.047
3803.63830 18.801 0.046
3803.64990 18.822 0.056
3803.66125 18.943 0.049
3803.67261 18.887 0.051
3803.68398 19.000 0.054
3803.69533 18.969 0.050
3803.70668 18.977 0.052
3803.71834 18.818 0.044
3803.72975 18.816 0.045
3803.74108 18.853 0.045
3803.75246 18.826 0.044
3803.76382 18.765 0.045
3803.77519 18.835 0.049
3804.59216 18.776 0.056
3804.60353 18.956 0.070
3804.61486 18.788 0.055
3804.62633 18.754 0.051
3804.63765 18.826 0.061
3804.65075 19.011 0.073
3804.66211 19.006 0.069
3804.67349 18.866 0.054
3804.68491 19.056 0.063
3804.69630 19.014 0.058
3804.70762 18.917 0.048
3805.58929 18.749 0.049
3805.60060 18.788 0.041
3805.61191 18.765 0.041
3805.62328 18.880 0.044
3805.63462 18.922 0.045
3805.64624 18.905 0.040
3805.65757 18.966 0.044
3805.66898 18.945 0.041
3805.68037 18.956 0.043
3805.69169 18.935 0.041
3805.70304 18.810 0.042
3805.71501 18.856 0.043
3805.72634 18.774 0.046
3805.73773 18.826 0.055
3805.74912 18.769 0.040
3805.76051 18.776 0.045
3805.77189 18.751 0.046
3806.58355 18.562 0.050
3806.59497 18.877 0.061
3806.60635 18.872 0.051
3806.61768 18.903 0.050
3806.62903 18.936 0.048
3806.64040 19.064 0.053
3806.65179 19.011 0.050
3806.66804 18.956 0.052
3806.67944 18.896 0.048
3806.69079 18.907 0.047
3806.70217 18.769 0.042
3806.71350 18.749 0.042
3806.72489 18.769 0.048
3806.73666 18.767 0.046
3806.74802 18.583 0.053
3806.75942 18.754 0.043
3807.56620 19.052 0.095
3807.57753 18.900 0.072
3807.59369 18.806 0.061
3807.60505 18.825 0.056
3807.61641 18.979 0.065
3807.62780 18.972 0.070
3807.63918 19.102 0.090
3807.65050 19.102 0.086
3807.66212 19.043 0.074
3807.67343 19.079 0.067
3807.68480 18.862 0.053
3807.69614 18.791 0.058
3807.70750 18.802 0.061
3807.71887 18.647 0.053
3807.73051 18.804 0.057
3807.74190 18.871 0.072
3807.75321 18.802 0.060
3807.76455 18.767 0.063
3808.57291 18.683 0.058
3808.58428 18.856 0.056
3808.59562 18.712 0.047
3808.60705 18.845 0.057
3808.61842 18.935 0.066
3808.63479 19.004 0.056
3808.64616 18.921 0.051
3808.65751 18.970 0.053
3808.66894 19.003 0.053
3808.68357 18.846 0.046
3808.69492 18.683 0.042
3808.70625 18.756 0.049
3808.71755 18.799 0.056
3808.72894 18.758 0.047
3808.74033 18.847 0.068
3809.57594 18.896 0.072
3809.58734 19.013 0.071
3809.59873 18.806 0.067
3809.61007 19.010 0.073
3809.62145 18.993 0.076
3809.63306 18.996 0.074
3809.64437 18.807 0.062
3809.65571 18.927 0.060
3809.66707 18.938 0.061
3809.67846 18.791 0.055
3809.68980 18.820 0.062
3809.70141 18.820 0.058
3809.71276 18.669 0.054
3809.72413 18.713 0.058
3809.73549 18.848 0.057
3809.74688 18.880 0.061
3809.75822 18.908 0.061
3810.59234 18.921 0.071
3810.60368 19.036 0.087
3810.61504 18.904 0.064
3810.62643 19.044 0.069
3810.63886 19.033 0.072
3810.65025 18.842 0.065
3810.66159 18.889 0.059
3810.67297 18.793 0.050
3810.68433 18.739 0.054
3810.69567 18.765 0.051
3810.70718 18.742 0.049
3810.71864 18.725 0.049
3810.72998 18.867 0.060
3810.74134 18.752 0.046
3810.75268 18.904 0.051
3811.56749 18.925 0.064
3811.59026 18.926 0.056
3811.60160 18.925 0.058
3811.61299 18.948 0.060
3811.62686 18.925 0.054
3811.63823 18.812 0.053
3811.64958 18.801 0.063
3811.66098 18.869 0.065
3811.67239 18.807 0.054
3811.68375 18.727 0.050
3811.69530 18.846 0.061
3811.70664 18.812 0.063
3811.71801 18.837 0.053
3811.72937 18.817 0.050
3811.74077 18.869 0.054
3811.75215 18.949 0.059
3812.56797 18.926 0.055
3812.57935 19.117 0.063
3812.59074 19.088 0.058
3812.60208 18.958 0.048
3812.61340 18.944 0.048
3812.62492 18.912 0.048
3812.63628 18.919 0.050
3812.64764 18.821 0.045
3812.65897 18.758 0.042
3812.67034 18.504 0.038
3812.68174 18.718 0.040
3812.69336 18.781 0.040
3812.70475 18.826 0.045
3812.71614 18.699 0.041
3812.72756 18.856 0.046
3812.73894 18.989 0.054
3812.75029 18.894 0.046
3813.56633 18.964 0.055
3813.57772 19.109 0.061
3813.58907 18.970 0.051
3813.60043 19.054 0.053
3813.61176 18.953 0.048
3813.62335 18.818 0.041
3813.63469 18.829 0.041
3813.64603 18.772 0.038
3813.65740 18.761 0.039
3813.66876 18.717 0.036
3813.68007 18.794 0.040
3813.69168 18.713 0.037
3813.70302 18.844 0.043
3813.71440 18.901 0.045
3813.72573 18.845 0.048
3813.73708 18.840 0.043
3813.74846 18.920 0.047
3814.55955 19.121 0.065
3814.57088 19.048 0.063
3814.58222 19.197 0.070
3814.59359 18.955 0.054
3814.60496 18.972 0.054
3814.63691 18.754 0.046
3814.65969 18.729 0.046
3814.67108 18.688 0.043
3814.68243 18.732 0.048
3814.69397 18.808 0.053
3814.70532 18.797 0.052
3814.71665 18.894 0.058
3814.72798 18.872 0.052
3815.55755 19.025 0.060
3815.56888 19.158 0.066
3815.58021 19.024 0.061
3815.59159 19.018 0.055
3815.60293 18.857 0.047
3815.61455 18.825 0.044
3815.62587 18.735 0.040
3815.63718 18.755 0.045
3815.64853 18.750 0.042
3815.65989 18.703 0.041
3815.67123 18.779 0.042
3815.68293 18.811 0.042
3815.69424 18.874 0.045
3815.70559 18.841 0.041
3815.71693 18.970 0.046
3815.72828 18.946 0.044
3815.73969 18.962 0.048
3816.55891 19.038 0.073
3816.57030 18.853 0.054
3816.58167 18.993 0.059
3816.59299 18.884 0.050
3816.60437 18.955 0.061
3816.61624 18.781 0.054
3816.62759 18.831 0.055
3816.63893 18.742 0.054
3816.65023 18.772 0.052
3816.66159 18.762 0.049
3816.67298 18.793 0.051
3816.68456 18.974 0.060
3816.69594 18.895 0.057
3816.70727 18.885 0.050
3816.71864 18.922 0.052
3816.72998 18.901 0.049
3816.74141 18.886 0.047
3816.75297 18.870 0.043
3816.76435 18.827 0.043
3816.77565 18.809 0.044
3816.78702 18.702 0.040
3816.79842 18.850 0.046
3817.55977 19.119 0.093
3817.57590 18.864 0.058
3817.58756 19.044 0.062
3817.59885 18.765 0.046
3817.61022 18.739 0.044
3817.62186 18.722 0.047
3817.63325 18.776 0.046
3817.64464 18.773 0.048
3817.65626 18.758 0.045
3817.66765 18.918 0.049
3817.67906 18.865 0.046
3817.69073 18.872 0.044
3817.70211 18.959 0.051
3817.71346 18.989 0.046
3817.72617 18.993 0.046
3817.73755 19.010 0.047
3817.74896 18.874 0.042
3817.76117 18.857 0.043
3817.77283 18.774 0.042
3817.78437 18.868 0.043
3818.58257 18.912 0.057
3818.59399 18.851 0.053
3818.60538 18.747 0.047
3818.61676 18.782 0.048
3818.62814 18.781 0.044
3818.63946 18.695 0.044
3818.65203 18.716 0.045
3818.66338 18.779 0.044
3818.67477 18.920 0.050
3818.68615 18.973 0.051
3818.69749 18.897 0.041
3818.70895 18.858 0.040
3818.72060 18.928 0.044
3818.73221 18.909 0.043
3818.74397 18.891 0.041
3819.54805 18.984 0.050
3819.56237 18.906 0.050
3819.57421 18.827 0.044
3819.58556 18.801 0.043
3819.59695 18.734 0.040
3819.60834 18.738 0.037
3819.61967 18.723 0.037
3819.63099 18.713 0.034
3819.64333 18.840 0.038
3819.65467 18.803 0.037
3819.66600 18.891 0.040
3819.67736 18.896 0.038
3819.68879 18.950 0.041
3819.70015 18.954 0.041
3819.71188 18.913 0.039
3819.72325 18.854 0.036
3819.73500 18.859 0.036
3819.74687 18.749 0.033
3820.54947 18.924 0.051
3820.56120 18.869 0.052
3820.58386 18.734 0.051
3820.59520 18.680 0.042
3820.60657 18.740 0.046
3820.61796 18.743 0.043
3820.62968 18.758 0.042
3820.64108 18.791 0.044
3820.65241 18.888 0.045
3820.66377 18.898 0.044
3820.67514 18.826 0.041
3820.68652 18.900 0.043
3820.69864 18.970 0.047
3820.70997 18.906 0.041
3820.72135 18.772 0.038
3820.73270 18.786 0.034
3821.54636 18.879 0.043
3821.55817 18.811 0.042
3821.56957 18.786 0.040
3821.58095 18.813 0.039
3821.59270 18.722 0.034
3821.60407 18.745 0.033
3821.61542 18.792 0.036
3821.62713 18.785 0.034
3821.63843 18.885 0.039
3821.64976 18.865 0.037
3821.66560 18.908 0.036
3821.67690 18.914 0.037
3821.68825 18.930 0.040
3821.70005 18.897 0.038
3821.71141 18.838 0.034
3821.72273 18.804 0.034
3821.73450 18.759 0.034
3822.57607 18.773 0.046
3822.58810 18.796 0.045
3822.59976 18.819 0.047
3822.61113 18.732 0.045
3822.62252 18.819 0.050
3822.63427 18.938 0.072
3822.65037 18.834 0.069
3822.66299 18.889 0.055
3822.67481 18.903 0.058
3822.68615 18.844 0.052
3822.69751 18.796 0.053
3822.70887 19.000 0.061
3822.72073 18.731 0.045
3822.73206 18.880 0.050
3823.62756 18.911 0.047
3823.63892 18.887 0.047
3823.65088 18.977 0.051
3823.66285 18.986 0.048
3823.67536 18.907 0.044
3823.68673 18.860 0.041
3823.69800 18.873 0.044
3824.52625 18.780 0.056
3824.53905 18.733 0.059
3824.55513 18.817 0.056
3824.56683 18.691 0.051
3824.57872 18.711 0.045
3824.59078 18.759 0.056
3824.60259 18.849 0.051
3824.61450 18.893 0.055
3824.62584 18.991 0.058
3824.63716 18.911 0.046
3824.64851 18.886 0.048
3824.66031 18.848 0.043
3824.67168 18.883 0.046
3824.68305 18.817 0.039
3824.69439 18.770 0.041
3824.70626 18.768 0.046
3824.71758 18.708 0.040
3824.72895 18.701 0.038
3825.51156 18.801 0.061
3825.52376 18.788 0.059
3825.53553 18.732 0.050
3825.54722 18.796 0.051
3825.55894 18.741 0.047
3825.57027 18.635 0.044
3825.58192 18.761 0.049
3825.59331 18.878 0.051
3825.60502 18.985 0.073
3825.61639 18.965 0.068
3825.62774 18.818 0.060
3825.63935 18.903 0.055
3825.65074 18.966 0.052
3825.66210 18.926 0.052
3825.67474 18.802 0.051
3825.68611 18.707 0.049
3825.76392 18.885 0.063
3826.52120 18.802 0.054
3826.53364 18.815 0.058
3826.54548 18.840 0.058
3826.55731 18.758 0.048
3826.56870 18.765 0.049
3826.58013 18.830 0.052
3826.59147 18.902 0.056
3826.60314 18.835 0.050
3826.61449 18.903 0.046
3826.62586 18.908 0.048
3826.63722 18.925 0.052
3826.64918 19.055 0.055
3826.66052 18.900 0.040
3826.67186 18.798 0.039
3826.68321 18.609 0.035
3826.69509 18.779 0.041
3826.70653 18.777 0.049
3826.71794 18.648 0.048
3827.60729 18.886 0.057
3827.61937 18.801 0.055
3827.63129 18.812 0.061
3827.64581 18.871 0.049
3827.65713 18.744 0.052
3827.66844 18.827 0.051
3827.67981 18.954 0.060
3827.69151 18.807 0.060
3827.70284 18.676 0.042
3827.74419 18.907 0.056
3828.52004 18.724 0.054
3828.53168 18.751 0.051
3828.54394 18.785 0.054
3828.55527 18.878 0.053
3828.56728 18.772 0.046
3828.57860 18.961 0.054
3828.59001 18.882 0.051
3828.60138 18.939 0.053
3828.61275 18.964 0.052
3828.62410 18.914 0.047
3828.63668 18.887 0.047
3828.64806 18.833 0.044
3828.65937 18.774 0.040
3828.67073 18.845 0.050
3828.68210 18.717 0.042
3828.69364 18.727 0.047
3828.70495 18.763 0.039
3828.71628 18.693 0.040
3829.51924 18.785 0.052
3829.53312 18.787 0.047
3829.54506 18.764 0.046
3829.55643 18.782 0.050
3829.56918 18.866 0.043
3829.58057 18.919 0.043
3829.59189 18.998 0.054
3829.60323 18.867 0.045
3829.61458 19.070 0.052
3829.62594 18.953 0.047
3829.63760 18.825 0.042
3829.64900 18.831 0.040
3829.66037 18.669 0.034
3829.67173 18.768 0.038
3829.68318 18.812 0.042
3829.69452 18.721 0.038
3829.71123 18.882 0.041
3830.52078 18.834 0.062
3830.53242 18.770 0.047
3830.54380 18.820 0.046
3830.55572 18.955 0.053
3830.56700 18.975 0.048
3830.57836 18.967 0.048
3830.58974 18.994 0.047
3830.60117 19.023 0.051
3830.61249 18.879 0.045
3830.62555 18.764 0.038
3830.63691 18.811 0.041
3830.64823 18.670 0.035
3830.65962 18.743 0.038
3830.67100 18.718 0.037
3830.68542 18.746 0.039
3831.52054 18.786 0.048
3831.53234 18.803 0.049
3831.55186 18.850 0.043
3831.56362 18.900 0.048
3831.57564 18.859 0.044
3831.58909 18.896 0.047
3831.60050 18.806 0.044
3831.61186 18.896 0.050
3831.62322 18.803 0.043
3831.63457 18.725 0.040
3831.64595 18.777 0.044
3831.65799 18.763 0.039
3831.66932 18.659 0.037
3831.68075 18.743 0.037
3832.50930 18.761 0.067
3832.53501 18.907 0.060
3832.54690 18.926 0.061
3832.55830 18.874 0.054
3832.56966 18.817 0.056
3832.58587 18.887 0.059
3832.59722 18.931 0.065
3832.60854 18.877 0.056
3832.61989 18.675 0.046
3832.63128 18.864 0.054
3832.64268 18.701 0.046
3832.65731 18.764 0.047
3832.66867 18.660 0.041
3832.68001 18.811 0.046
3833.50349 18.684 0.055
3833.51673 18.796 0.057
3833.52907 18.974 0.057
3833.54042 19.012 0.060
3833.55209 18.932 0.054
3833.56344 18.876 0.046
3833.57482 18.852 0.050
3833.58619 18.771 0.049
3833.59752 18.901 0.053
3833.60893 18.802 0.045
3833.62111 18.700 0.040
3833.63245 18.813 0.042
3833.64378 18.783 0.041
3833.65516 18.712 0.046
3833.66658 18.740 0.038
3833.67790 18.786 0.039
3834.50001 18.760 0.055
3834.51131 18.881 0.063
3834.53122 18.974 0.062
3834.54750 18.989 0.060
3834.55938 18.824 0.057
3834.57074 18.914 0.053
3834.58206 18.752 0.045
3834.59344 18.746 0.043
3834.60482 18.759 0.041
3834.61617 18.702 0.037
3834.63431 18.792 0.043
3834.64615 18.743 0.040
3834.65750 18.762 0.043
3834.66889 18.794 0.043
3834.68020 18.772 0.043
3835.50950 19.044 0.072
3835.52150 18.785 0.060
3835.54877 19.000 0.060
3835.56014 18.860 0.051
3835.57148 18.854 0.055
3835.58283 18.772 0.047
3835.59423 18.710 0.040
3835.60560 18.728 0.041
3835.61735 18.749 0.044
3835.62869 18.783 0.045
3835.64006 18.670 0.039
3835.65146 18.682 0.041
3835.66280 18.792 0.042
3835.67417 18.896 0.053
3835.69162 18.974 0.055
3836.50188 18.888 0.062
3836.51360 18.897 0.061
3836.53653 19.029 0.062
3836.54789 18.959 0.060
3836.55997 18.807 0.050
3836.57135 18.896 0.050
3836.58272 18.696 0.044
3836.59414 18.749 0.044
3836.60546 18.622 0.043
3836.61733 18.768 0.047
3836.62871 18.679 0.047
3836.64003 18.752 0.051
3836.65396 18.827 0.051
3836.66855 18.925 0.065
3837.49728 18.747 0.056
3837.53404 19.005 0.072
3837.54826 18.963 0.064
3837.55964 18.843 0.056
3837.57097 18.692 0.049
3837.58234 18.750 0.055
3837.61969 18.721 0.049
3837.63105 18.670 0.048
3837.64244 18.831 0.053
3837.65378 18.823 0.056
3837.66513 19.002 0.068
3837.67653 19.018 0.069
3837.68825 19.064 0.074
3838.54083 18.934 0.080
3838.55257 19.022 0.083
3838.56399 18.912 0.070
3838.57533 18.865 0.065
3838.58665 18.734 0.064
3838.59799 18.700 0.057
3838.60938 18.850 0.062
3838.62100 18.811 0.064
3838.63234 18.713 0.054
3838.64372 18.898 0.063
3839.58668 18.631 0.058
3839.59867 18.777 0.081
3840.48951 19.034 0.105
3840.50118 18.797 0.059
3840.51299 18.887 0.058
3840.53628 18.974 0.059
3840.54762 18.761 0.049
3840.55901 18.758 0.048
3840.57040 18.659 0.045
3840.58179 18.747 0.047
3840.59335 18.708 0.047
3840.60467 18.746 0.046
3840.61596 18.803 0.053
3841.49467 18.950 0.058
3841.51323 18.820 0.054
3841.52489 18.810 0.052
3841.53672 18.755 0.050
3841.54854 18.726 0.051
3841.56032 18.764 0.047
3841.57169 18.750 0.045
3841.58308 18.699 0.048
3841.59437 18.782 0.044
3841.60565 18.793 0.045
3841.61699 18.935 0.053
3841.62861 18.983 0.054
3841.63993 19.039 0.055
3841.65125 18.992 0.051
3845.51224 18.652 0.050
3845.52405 18.816 0.051
3845.53665 18.738 0.044
3845.54841 18.757 0.044
3845.55973 18.802 0.047
3845.58077 18.818 0.048
3845.59211 18.995 0.053
3845.60344 18.946 0.049
3845.61477 18.970 0.052
3845.62615 19.005 0.056
3846.52310 18.787 0.054
3846.53574 18.949 0.063
3846.54747 18.871 0.057
3846.55882 18.790 0.051
3846.57222 19.038 0.063
3846.58354 19.072 0.063
3846.59491 18.902 0.062
3846.60625 19.062 0.056
3846.61791 18.953 0.049
3846.62930 18.935 0.050
3847.53562 18.906 0.072
3847.54717 18.980 0.080
3847.56026 18.927 0.062
3848.70709 18.926 0.062
3849.50947 18.845 0.064
3849.52122 18.910 0.062
3849.53306 18.875 0.060
3849.54899 18.987 0.062
3849.56036 18.953 0.056
3849.57169 18.935 0.049
3849.58311 19.073 0.058
3849.59453 18.823 0.045
3849.60582 18.798 0.041
3849.61744 18.822 0.045
3849.62877 18.797 0.045
3849.64016 18.815 0.042
3849.65155 18.754 0.042
3849.66289 18.836 0.039
3850.49792 18.772 0.061
3850.50964 18.867 0.070
3850.52095 18.813 0.056
3850.53230 18.938 0.057
3850.54371 18.840 0.049
3850.55504 18.989 0.064
3850.56641 18.952 0.058
3850.57820 18.896 0.049
3850.59255 18.873 0.052
3850.61003 18.824 0.052
3850.62500 18.750 0.045
3850.63791 18.736 0.044
3850.64962 18.747 0.041
3851.49763 18.806 0.048
3851.50962 18.963 0.057
3851.52138 18.880 0.052
3851.53276 18.951 0.049
3851.54416 18.901 0.045
3851.55551 18.983 0.048
3851.56693 18.979 0.050
3851.57825 18.984 0.049
3851.58996 18.856 0.046
3851.60133 18.777 0.036
3851.61262 18.844 0.046
3851.62404 18.826 0.046
3851.65695 18.844 0.078
3852.50586 18.876 0.063
3852.51729 19.016 0.066
3852.52866 18.834 0.069
3852.54004 18.906 0.064
3852.55140 19.015 0.069
3852.56302 19.001 0.082
3852.57435 18.895 0.066
3852.58571 18.897 0.067
3852.59701 18.729 0.050
3852.60836 18.548 0.048
3852.61968 18.715 0.053
3852.63147 18.744 0.052
3852.64287 18.866 0.054
3852.65421 18.890 0.061
3853.49807 18.830 0.048
3853.50943 19.058 0.062
3853.52073 18.955 0.059
3853.53209 18.876 0.060
3853.54345 18.955 0.057
3853.55477 18.925 0.051
3853.56649 18.771 0.044
3853.57779 18.874 0.046
3853.58916 18.784 0.041
3853.60050 18.750 0.044
3853.61191 18.698 0.044
3853.62331 18.848 0.042
3853.63491 18.902 0.043
3854.50590 19.140 0.089
3854.51768 18.867 0.059
3854.52931 19.019 0.061
3854.54073 19.006 0.057
3854.55205 18.805 0.047
3854.56342 18.841 0.047
3854.57678 18.706 0.041
3854.58805 18.697 0.042
3854.59941 18.664 0.042
3854.61072 18.771 0.045
3856.50400 18.822 0.048
3856.51681 19.015 0.057
3856.52826 18.911 0.053
3856.53962 18.826 0.049
3856.55093 18.833 0.046
3856.56232 18.818 0.045
3856.57979 18.664 0.040
3856.59111 18.708 0.041
3856.60609 18.746 0.049
3856.62413 19.019 0.065
3856.63587 18.953 0.054
3858.50858 18.771 0.044
3858.53131 18.831 0.042
3858.54270 18.786 0.043
3858.55403 18.734 0.042
3858.56565 18.780 0.041
3858.57699 18.708 0.035
3858.58838 18.868 0.040
3858.59974 18.829 0.039
3859.60987 18.940 0.055
3860.48721 18.890 0.066
3860.50996 18.853 0.070
3860.52136 18.692 0.053
3860.53270 18.720 0.065
3860.54440 18.781 0.068
3860.55575 18.826 0.069
3860.56712 18.718 0.067
3860.57847 18.825 0.070
3861.51498 18.849 0.070
3861.52631 19.085 0.089
3861.54258 18.699 0.051
3861.55393 18.716 0.055
3861.56529 18.886 0.062
3861.57664 19.117 0.076
3861.58794 18.981 0.075
3862.51257 18.807 0.055
3862.52394 18.784 0.046
3862.53690 18.774 0.044
3862.54829 18.810 0.046
3862.55962 18.832 0.045
3862.57145 18.929 0.047
3862.58275 18.905 0.045
3862.59419 18.924 0.053
3863.50215 18.705 0.052
3863.51406 18.782 0.054
3863.52543 18.776 0.051
3863.53678 18.830 0.050
3863.54814 18.974 0.061
3863.55951 18.917 0.053
3863.57090 18.777 0.054
3863.58380 19.056 0.074
3864.51282 18.865 0.056
3864.52421 18.722 0.047
3864.53557 18.884 0.053
3864.54789 18.821 0.046
3864.55921 18.979 0.057
3864.57338 18.866 0.050
3864.58469 18.900 0.054
3864.59602 18.964 0.068
3864.61879 18.853 0.060
3865.50525 18.852 0.052
3865.51657 18.809 0.047
3865.52787 18.803 0.047
3865.53925 18.909 0.048
3865.55059 18.790 0.042
3865.56228 18.998 0.048
3865.57363 18.986 0.047
3865.58498 19.065 0.053
3866.48154 18.872 0.069
3866.49415 18.803 0.049
3866.50551 18.777 0.051
3866.51684 18.868 0.051
3866.52814 18.851 0.049
3866.53949 18.801 0.049
3866.55084 18.917 0.056
3866.56408 18.920 0.053
3866.57841 19.058 0.056
3867.50131 18.753 0.060
3867.51272 18.737 0.050
3867.52405 19.077 0.065
3867.53538 18.951 0.053
3867.54735 18.895 0.057
3867.56662 18.943 0.059
3867.57798 18.968 0.053
3868.50508 18.810 0.048
3868.51642 18.892 0.052
3868.52773 19.053 0.057
3868.53962 18.952 0.061
3868.55098 19.095 0.091
3868.56234 18.936 0.058
3868.57407 19.002 0.075
3869.50168 18.957 0.069
3869.51346 18.778 0.056
3869.52480 19.016 0.068
3869.53616 19.124 0.077
3869.54752 19.028 0.064
3869.55885 18.915 0.057
3869.57020 18.876 0.055
3870.49258 18.995 0.079
3870.50393 18.876 0.061
3870.51523 19.009 0.065
3870.52807 19.003 0.067
3870.54005 18.783 0.052
3870.55274 18.972 0.066
3870.56417 18.893 0.061
3870.57551 18.902 0.068
3870.61630 18.689 0.062
3871.49873 19.046 0.072
3871.51126 18.810 0.057
3871.52264 18.983 0.062
3871.53471 18.912 0.056
3871.54726 18.858 0.051
3871.55863 18.841 0.047
3871.61878 18.722 0.052
3872.50046 18.996 0.055
3872.51307 18.925 0.053
3872.52442 18.885 0.049
3872.53577 18.871 0.047
3872.54707 18.808 0.043
3872.55841 18.957 0.054
3873.48814 18.873 0.053
3873.49948 19.024 0.052
3873.51081 18.999 0.059
3873.52266 18.958 0.052
3873.53400 18.816 0.047
3873.54536 18.777 0.043
3873.55670 18.838 0.044
3873.56804 18.727 0.039
3873.59099 18.626 0.042
3876.49377 19.017 0.062
3876.50522 18.819 0.044
3876.51661 19.101 0.058
3876.52796 18.852 0.045
3876.53979 18.735 0.043
3877.49600 18.830 0.049
3877.50734 18.930 0.049
3877.51873 18.818 0.044
3877.53051 18.639 0.036
3881.47618 18.779 0.042
3881.48759 18.810 0.037
3881.49895 18.693 0.034
3881.51027 18.812 0.040
3881.52163 18.814 0.035
3881.53339 18.877 0.041
3881.54472 18.822 0.042
3883.47495 18.683 0.036
3883.48632 18.752 0.039
3883.49765 18.785 0.038
3883.50899 18.700 0.035
3883.52039 18.856 0.037
3887.50731 19.172 0.066
3891.48255 18.959 0.062
4096.80728 18.981 0.048
4096.81847 18.895 0.046
4096.82970 18.800 0.042
4096.84708 18.688 0.037
4096.85828 18.720 0.039
4120.83310 18.790 0.034
4120.84424 18.869 0.033
4120.85546 18.962 0.032
4120.86664 18.989 0.032
4120.87777 18.958 0.047
4122.87532 18.883 0.041
4125.82102 18.819 0.054
4125.83255 18.909 0.061
4125.84420 18.901 0.065
4125.86397 18.853 0.054
4125.87535 18.842 0.068
4126.81932 18.919 0.045
4126.83083 18.961 0.046
4126.84201 18.931 0.043
4126.85315 18.949 0.047
4126.86453 18.705 0.033
4126.87575 18.757 0.041
4126.88693 18.781 0.054
4128.84210 18.739 0.030
4128.85336 18.761 0.031
4145.75563 18.815 0.051
