2322.65366 19.147 0.047
2322.67119 19.198 0.054
2322.68206 19.323 0.058
2322.69298 19.272 0.053
2322.70390 19.179 0.045
2322.71475 19.156 0.044
2322.72567 19.204 0.039
2322.73761 19.235 0.044
2322.74847 19.184 0.038
2322.75935 19.206 0.040
2322.77022 19.241 0.039
2322.78111 19.232 0.038
2322.79196 19.281 0.043
2322.80375 19.291 0.044
2322.81467 19.197 0.046
2322.82557 19.165 0.040
2322.83647 19.229 0.047
2322.84742 19.136 0.044
2322.86239 19.069 0.042
2323.65973 19.221 0.047
2323.67064 19.250 0.051
2323.68156 19.235 0.049
2323.69251 19.218 0.045
2323.70343 19.185 0.043
2323.71718 19.271 0.044
2323.72809 19.165 0.038
2323.73895 19.175 0.039
2323.74985 19.223 0.040
2323.76077 19.197 0.038
2323.77591 19.253 0.044
2323.78679 19.314 0.041
2323.79770 19.383 0.046
2323.80862 19.299 0.043
2323.81951 19.221 0.038
2323.83040 19.247 0.040
2323.84258 19.130 0.039
2323.85344 19.168 0.046
2323.86439 19.272 0.054
2324.64072 19.050 0.047
2324.65580 19.209 0.048
2324.67008 19.046 0.049
2324.68097 19.238 0.048
2324.69496 19.175 0.042
2324.70584 19.224 0.052
2324.71672 19.209 0.048
2324.72762 19.159 0.041
2324.73866 19.177 0.041
2324.74959 19.171 0.044
2324.76572 19.159 0.037
2324.77661 19.200 0.035
2324.78749 19.223 0.039
2324.79839 19.274 0.041
2324.80930 19.352 0.047
2324.82295 19.182 0.049
2324.83571 19.323 0.053
2324.84977 19.201 0.054
2324.86069 19.147 0.059
2325.63924 19.088 0.056
2325.65020 19.149 0.059
2325.66548 19.150 0.053
2325.67987 19.306 0.060
2325.69383 19.395 0.056
2325.70480 19.277 0.052
2325.71569 19.207 0.044
2325.72656 19.183 0.045
2325.74128 19.185 0.040
2325.75218 19.090 0.038
2325.76308 19.134 0.040
2325.77515 19.081 0.037
2325.78609 19.233 0.044
2325.79699 19.264 0.043
2325.80792 19.274 0.048
2325.81885 19.229 0.049
2325.82973 19.261 0.052
2326.60550 19.177 0.057
2326.61640 19.232 0.057
2326.62729 19.119 0.054
2326.63819 19.270 0.059
2326.64904 19.117 0.043
2326.65995 19.076 0.044
2326.67124 19.191 0.046
2326.68215 19.316 0.048
2326.69301 19.243 0.046
2326.70389 19.188 0.044
2326.71481 19.186 0.056
2326.72570 19.246 0.057
2326.74589 19.152 0.048
2326.75679 19.089 0.044
2326.76769 19.107 0.048
2326.77862 19.249 0.050
2326.78953 19.159 0.045
2326.80045 19.117 0.049
2327.61235 19.244 0.063
2327.62321 19.224 0.060
2327.63414 19.165 0.056
2327.64507 19.047 0.049
2327.65598 19.200 0.055
2327.66690 19.313 0.063
2327.68165 19.259 0.053
2327.69255 19.276 0.049
2327.70344 19.264 0.045
2327.71434 19.256 0.045
2327.72527 19.287 0.043
2327.73618 19.240 0.040
2327.74736 19.191 0.039
2327.75824 19.195 0.042
2327.76919 19.153 0.042
2327.78006 19.232 0.044
2327.79093 19.110 0.040
2327.80180 19.333 0.052
2328.63116 19.220 0.049
2328.64205 19.110 0.044
2328.65296 19.142 0.044
2328.66381 19.152 0.044
2328.67476 19.174 0.046
2328.68564 19.197 0.043
2328.69693 19.207 0.045
2328.70780 19.245 0.048
2328.71865 19.239 0.046
2328.72952 19.226 0.044
2328.74040 19.207 0.047
2328.75129 19.188 0.041
2328.76257 19.168 0.036
2328.77349 19.157 0.039
2328.78435 19.121 0.037
2328.79528 19.147 0.035
2328.80617 19.215 0.041
2328.81709 19.171 0.043
2329.62086 19.204 0.059
2329.63174 19.082 0.045
2329.64261 19.095 0.049
2329.65356 19.089 0.045
2329.66450 19.075 0.044
2329.67547 19.317 0.058
2329.68753 19.165 0.052
2329.69844 19.326 0.055
2329.70934 19.258 0.053
2329.72025 19.203 0.044
2329.73108 19.197 0.048
2329.74200 19.244 0.048
2329.75339 19.197 0.046
2329.76432 19.147 0.044
2329.77520 19.206 0.050
2329.78610 19.229 0.055
2329.79702 19.082 0.047
2329.81535 19.236 0.048
2329.82627 19.279 0.050
2329.83716 19.261 0.050
2329.84806 19.346 0.054
2330.58985 19.341 0.074
2330.60073 19.373 0.071
2330.61161 19.328 0.063
2330.62249 19.290 0.061
2330.63336 19.223 0.059
2330.64428 19.145 0.053
2330.65535 19.148 0.052
2330.66621 19.101 0.051
2330.67708 19.177 0.062
2330.68797 19.191 0.058
2330.69886 19.209 0.055
2330.70976 19.285 0.055
2330.72725 19.306 0.055
2330.73815 19.317 0.053
2330.74902 19.244 0.051
2330.75993 19.150 0.053
2330.77083 19.183 0.050
2330.78171 19.147 0.045
2330.79291 19.146 0.046
2330.80384 19.293 0.055
2330.81477 19.386 0.060
2330.82562 19.241 0.054
2330.83653 19.210 0.052
2330.84744 19.322 0.059
2331.59007 19.456 0.075
2331.60098 19.351 0.067
2331.61185 19.325 0.072
2331.64555 19.220 0.058
2331.66725 19.049 0.049
2331.68055 19.152 0.051
2331.69145 19.101 0.048
2331.70236 19.272 0.061
2331.71326 19.239 0.053
2331.72414 19.373 0.061
2331.73502 19.255 0.052
2331.74614 19.214 0.050
2331.75701 19.217 0.051
2331.76796 19.288 0.054
2331.77884 19.232 0.054
2331.78971 19.067 0.046
2331.80061 19.085 0.051
2331.80454 19.099 0.052
2331.81544 19.134 0.054
2331.82633 19.337 0.070
2331.83725 19.239 0.064
2332.61767 19.197 0.070
2332.64357 19.137 0.057
2332.65450 19.271 0.067
2332.66536 19.117 0.052
2332.67625 19.101 0.056
2332.68715 19.098 0.056
2332.69807 19.243 0.059
2332.71770 19.346 0.063
2332.72858 19.186 0.054
2332.73942 19.333 0.065
2332.75034 19.307 0.064
2332.76126 19.191 0.057
2332.77216 19.312 0.065
2332.78336 19.174 0.062
2332.79427 19.157 0.061
2332.80518 19.123 0.078
2332.81607 19.412 0.121
2333.62059 19.297 0.088
2333.63149 19.236 0.086
2333.64237 19.180 0.067
2333.65330 19.108 0.063
2333.66418 19.172 0.069
2333.67510 19.096 0.059
2333.68838 19.203 0.060
2333.69929 19.025 0.057
2333.71018 19.154 0.062
2333.72108 19.198 0.069
2333.73201 19.255 0.063
2333.74288 19.153 0.060
2333.75407 19.182 0.069
2333.76499 19.282 0.081
2333.77591 19.142 0.054
2333.78681 19.057 0.050
2333.79770 19.101 0.052
2333.80860 19.290 0.064
2333.82413 19.224 0.062
2333.83501 19.310 0.067
2333.84584 19.253 0.063
2334.60807 19.345 0.072
2334.61896 19.314 0.062
2334.62988 19.213 0.058
2334.64076 19.232 0.058
2334.65164 19.255 0.057
2334.66254 19.200 0.054
2334.67395 19.145 0.052
2334.68485 19.079 0.051
2334.69576 19.210 0.052
2334.70666 19.229 0.056
2334.71758 19.224 0.060
2334.72850 19.312 0.065
2334.74199 19.319 0.064
2334.76034 19.343 0.061
2334.77127 19.147 0.051
2334.78218 19.131 0.055
2334.79306 19.274 0.062
2334.80393 19.072 0.081
2335.57007 19.197 0.073
2335.58100 19.183 0.065
2335.59190 19.113 0.067
2335.60282 19.304 0.077
2335.61375 19.316 0.076
2335.64163 19.267 0.062
2335.65258 19.207 0.056
2335.66351 19.111 0.051
2335.67442 19.057 0.043
2335.68529 19.124 0.042
2335.69615 19.070 0.047
2335.70720 19.186 0.044
2335.71811 19.277 0.048
2335.72900 19.226 0.050
2335.73989 19.288 0.050
2335.75081 19.200 0.046
2337.60230 19.210 0.050
2337.61319 19.215 0.048
2337.62409 19.282 0.053
2337.63498 19.249 0.050
2337.64590 19.229 0.049
2337.65681 19.166 0.044
2337.66787 19.113 0.042
2337.67877 19.104 0.041
2337.68974 19.058 0.037
2337.70063 19.096 0.039
2337.71150 19.206 0.041
2337.72239 19.130 0.039
2337.73354 19.217 0.042
2337.74449 19.163 0.041
2337.75538 19.218 0.042
2337.76630 19.203 0.043
2337.77721 19.147 0.040
2337.78811 19.151 0.042
2338.56962 19.116 0.042
2338.58049 19.201 0.050
2338.59142 19.072 0.048
2338.60232 19.245 0.057
2338.61318 19.224 0.055
2338.62409 19.175 0.058
2338.63710 19.305 0.056
2338.64942 19.282 0.052
2338.66032 19.233 0.044
2338.67121 19.159 0.048
2338.68216 19.150 0.043
2338.69302 19.143 0.038
2338.70388 19.213 0.045
2338.71492 19.128 0.042
2338.72577 19.070 0.040
2338.73667 19.238 0.060
2338.74757 19.284 0.056
2338.75848 19.485 0.079
2338.76941 19.349 0.052
2338.78242 19.261 0.057
2338.79332 19.349 0.062
2338.80423 19.212 0.051
2338.81515 19.226 0.051
2339.58465 19.189 0.045
2339.59551 19.081 0.051
2339.60644 19.139 0.044
2339.61733 19.166 0.043
2339.62819 19.096 0.042
2339.64185 19.360 0.051
2339.65273 19.220 0.052
2339.66366 19.159 0.041
2339.67457 19.140 0.037
2339.68542 19.098 0.035
2339.69628 19.118 0.033
2339.70730 19.125 0.032
2339.71819 19.169 0.032
2339.72908 19.210 0.034
2339.74000 19.139 0.033
2339.75086 19.165 0.035
2339.76179 19.290 0.039
2339.77287 19.268 0.044
2339.78374 19.267 0.042
2339.79464 19.305 0.050
2339.80552 19.111 0.040
2340.59468 19.203 0.055
2340.60555 19.107 0.051
2340.62712 19.242 0.052
2340.63803 19.252 0.057
2340.65427 19.261 0.057
2340.66518 19.246 0.053
2340.67606 19.267 0.053
2340.68695 19.166 0.043
2340.69783 19.105 0.036
2340.70869 19.200 0.042
2340.71981 19.188 0.045
2340.73070 19.043 0.037
2340.74156 19.216 0.043
2340.75249 19.169 0.040
2340.76341 19.252 0.043
2340.77427 19.217 0.042
2340.78533 19.275 0.043
2340.79625 19.178 0.043
2340.80715 19.181 0.044
2340.82398 19.070 0.043
2340.83484 19.087 0.043
2341.59438 19.086 0.044
2341.60527 19.182 0.049
2341.61621 19.101 0.043
2341.63270 19.218 0.045
2341.64356 19.247 0.047
2341.65925 19.363 0.048
2341.67013 19.203 0.041
2341.68100 19.246 0.042
2341.69187 19.139 0.039
2341.70276 19.162 0.040
2341.71365 19.078 0.038
2341.72497 19.093 0.038
2341.73581 19.128 0.043
2341.74673 19.127 0.041
2341.75760 19.209 0.043
2341.76849 19.236 0.040
2341.77941 19.253 0.042
2341.79085 19.127 0.046
2341.80177 19.157 0.044
2341.81262 19.162 0.046
2342.58276 19.052 0.047
2342.65888 19.284 0.042
2342.66972 19.369 0.048
2342.68063 19.243 0.039
2342.69150 19.142 0.036
2342.70235 19.162 0.038
2342.71322 19.116 0.038
2342.72431 19.064 0.037
2342.73518 19.124 0.038
2342.74602 19.197 0.042
2342.75690 19.177 0.044
2342.76776 19.154 0.043
2342.77860 19.377 0.054
2342.78970 19.177 0.050
2342.80056 19.309 0.065
2343.56774 19.246 0.060
2343.57861 19.179 0.053
2343.59678 19.130 0.051
2343.60765 19.095 0.043
2343.61852 19.217 0.055
2343.62938 19.123 0.046
2343.64027 19.247 0.050
2343.65114 19.220 0.044
2343.66246 19.239 0.043
2343.67338 19.252 0.042
2343.68428 19.207 0.042
2343.69517 19.155 0.036
2343.70606 19.224 0.041
2343.71693 19.147 0.039
2343.72802 19.085 0.037
2343.73890 19.157 0.046
2343.74979 19.188 0.041
2343.76072 19.130 0.040
2343.77163 19.195 0.044
2343.78255 19.226 0.043
2343.79358 19.194 0.042
2343.80670 19.293 0.046
2343.81762 19.204 0.043
2343.82852 19.197 0.047
2344.57010 19.191 0.049
2344.58102 19.220 0.050
2344.59190 19.226 0.046
2344.60279 19.174 0.040
2344.61368 19.073 0.039
2344.62460 19.121 0.037
2344.63564 19.209 0.042
2344.64652 19.197 0.038
2344.65745 19.312 0.046
2344.66830 19.174 0.040
2344.67923 19.220 0.039
2344.69012 19.278 0.037
2344.70116 19.185 0.036
2344.71202 19.174 0.035
2344.72291 19.159 0.036
2344.73383 19.200 0.036
2344.74478 19.177 0.036
2344.75567 19.124 0.038
2344.76674 19.184 0.038
2344.77764 19.174 0.042
2344.78854 19.264 0.045
2344.79938 19.188 0.048
2344.81642 19.174 0.048
2344.82731 19.182 0.048
2345.58324 19.093 0.054
2345.59414 19.149 0.054
2345.60501 19.143 0.050
2345.62302 19.136 0.044
2345.63390 19.171 0.047
2345.64483 19.216 0.041
2345.65569 19.290 0.049
2345.66661 19.310 0.050
2345.67752 19.284 0.045
2345.68873 19.178 0.040
2345.69967 19.221 0.043
2345.71058 19.083 0.038
2345.72147 19.180 0.043
2345.73236 19.206 0.047
2345.74323 19.110 0.040
2345.76530 19.184 0.039
2345.77638 19.220 0.041
2345.78726 19.277 0.043
2345.79818 19.230 0.044
2345.80907 19.188 0.042
2346.58414 19.177 0.050
2346.59503 19.165 0.045
2346.60592 19.169 0.047
2346.61681 19.159 0.042
2346.62769 19.121 0.040
2346.63970 19.168 0.041
2346.65063 19.166 0.042
2346.66151 19.264 0.044
2346.67241 19.290 0.043
2346.68332 19.287 0.040
2346.69422 19.235 0.041
2346.70527 19.136 0.040
2346.71621 19.098 0.037
2346.72707 19.084 0.036
2346.73797 18.994 0.034
2346.74879 19.201 0.040
2346.75970 19.133 0.048
2346.77076 19.172 0.048
2346.78165 19.165 0.049
2346.79258 19.162 0.049
2346.80345 19.177 0.048
2347.57625 19.383 0.061
2347.58712 19.233 0.051
2347.59797 19.220 0.049
2347.60882 19.145 0.044
2347.61974 19.120 0.043
2347.63067 19.174 0.045
2347.64289 19.148 0.051
2347.65382 19.200 0.050
2347.66471 19.243 0.049
2347.67559 19.335 0.049
2347.68656 19.156 0.050
2347.69747 19.358 0.058
2347.70857 19.209 0.053
2347.71949 19.299 0.064
2347.73040 19.213 0.042
2347.74129 19.088 0.034
2347.75220 19.066 0.034
2347.76307 19.123 0.037
2347.77439 19.181 0.045
2347.78528 19.258 0.054
2349.58410 19.139 0.058
2349.59501 19.020 0.050
2349.60593 19.216 0.056
2349.61681 19.174 0.050
2349.62766 19.194 0.048
2349.63857 19.238 0.046
2349.65180 19.157 0.039
2349.66271 19.236 0.042
2349.67361 19.293 0.043
2349.68448 19.274 0.039
2349.69536 19.319 0.043
2349.70627 19.226 0.041
2349.71734 19.174 0.037
2349.72822 19.212 0.041
2349.73917 19.160 0.035
2349.75006 19.085 0.035
2349.76099 19.145 0.035
2349.77191 19.168 0.035
2349.78468 19.240 0.043
2349.79557 19.159 0.043
2349.80645 19.296 0.052
2350.56916 19.245 0.059
2350.58009 19.235 0.054
2350.59101 19.184 0.053
2350.60526 19.145 0.052
2350.61614 19.163 0.051
2350.62704 19.168 0.046
2350.63790 19.149 0.046
2350.64881 19.154 0.043
2350.65970 19.183 0.042
2350.67095 19.163 0.041
2350.68185 19.299 0.044
2350.69277 19.305 0.042
2350.70366 19.279 0.039
2350.71455 19.262 0.037
2350.72545 19.221 0.037
2350.73687 19.203 0.036
2350.74780 19.154 0.035
2350.75869 19.078 0.034
2350.76959 19.124 0.037
2350.78047 19.220 0.042
2350.79133 19.117 0.037
2350.80938 19.265 0.044
2351.57019 19.282 0.058
2351.58105 19.303 0.056
2351.59194 19.146 0.046
2351.60326 19.098 0.046
2351.61417 19.165 0.046
2351.62507 19.145 0.045
2351.63599 19.203 0.040
2351.64685 19.171 0.038
2351.65775 19.179 0.035
2351.66908 19.155 0.038
2351.67999 19.261 0.040
2351.69085 19.229 0.037
2351.70367 19.270 0.039
2351.71453 19.336 0.039
2351.72730 19.186 0.035
2351.73814 19.136 0.036
2351.74901 19.119 0.036
2351.76482 19.115 0.037
2351.77601 19.264 0.043
2351.78687 19.134 0.039
2351.80374 19.127 0.037
2352.62420 19.172 0.048
2352.63512 19.192 0.047
2352.64600 19.082 0.042
2352.65691 19.081 0.041
2352.66784 19.149 0.040
2352.68385 19.182 0.040
2352.69469 18.961 0.034
2352.70560 19.201 0.040
2352.71645 19.236 0.044
2352.72737 19.201 0.045
2352.74345 19.262 0.047
2352.75436 19.166 0.044
2352.76599 19.052 0.039
2352.78487 19.110 0.047
2352.79577 19.253 0.054
2352.80666 19.134 0.055
2353.57009 19.147 0.055
2353.58100 19.232 0.067
2353.59188 19.272 0.053
2353.60277 19.224 0.050
2353.61366 19.194 0.049
2353.62452 19.249 0.052
2353.63767 19.217 0.040
2353.64857 19.159 0.038
2353.65945 19.177 0.037
2353.67033 19.243 0.039
2353.68122 19.236 0.037
2353.69208 19.282 0.045
2353.71011 19.336 0.051
2353.72102 19.328 0.048
2353.73188 19.221 0.043
2353.74277 19.213 0.047
2353.75370 19.151 0.044
2353.76457 19.160 0.048
2353.77601 19.084 0.047
2353.79143 19.174 0.054
2353.80233 19.224 0.055
2353.81323 19.267 0.057
2353.82418 19.240 0.053
2354.56925 19.261 0.079
2354.58015 19.255 0.069
2354.59106 19.313 0.078
2354.60196 19.290 0.068
2354.61289 19.188 0.055
2354.62377 19.232 0.057
2354.63484 19.174 0.049
2354.65003 19.152 0.045
2354.66184 19.238 0.048
2354.67274 19.194 0.042
2354.68366 19.192 0.038
2354.71535 19.325 0.047
2354.73077 19.380 0.050
2354.74170 19.194 0.047
2354.75255 19.160 0.044
2354.77079 19.113 0.048
2354.78170 19.165 0.050
2354.79261 19.194 0.050
2354.80348 19.214 0.056
2355.57955 19.265 0.060
2355.59052 19.249 0.057
2355.60247 19.203 0.057
2355.61334 19.229 0.054
2355.62423 19.166 0.050
2355.63606 19.232 0.044
2355.64697 19.216 0.042
2355.65789 19.188 0.052
2355.66882 19.160 0.043
2355.67973 19.223 0.037
2355.69063 19.197 0.036
2355.70196 19.309 0.045
2355.71285 19.302 0.040
2355.72377 19.320 0.039
2355.73468 19.322 0.041
2355.74556 19.211 0.036
2355.75645 19.227 0.040
2355.77133 19.185 0.043
2355.78304 19.150 0.045
2355.79395 19.050 0.040
2356.57826 19.235 0.060
2356.58916 19.287 0.058
2356.60007 19.220 0.050
2356.62685 19.245 0.046
2356.63772 19.146 0.049
2356.64872 19.031 0.046
2356.65962 19.186 0.054
2356.67049 19.277 0.066
2356.68140 19.216 0.054
2356.69890 19.294 0.068
2356.70979 19.354 0.067
2356.72071 19.296 0.051
2356.73160 19.319 0.049
2356.74254 19.293 0.052
2356.75344 19.242 0.052
2356.76925 19.166 0.048
2356.78021 19.078 0.046
2356.79166 19.171 0.049
2356.80399 19.119 0.052
2357.58024 19.238 0.086
2357.58970 19.345 0.092
2357.60059 19.434 0.096
2357.61150 19.238 0.066
2357.62243 19.171 0.070
2357.63332 19.323 0.063
2357.64472 19.239 0.055
2357.65557 19.241 0.053
2357.66650 19.197 0.061
2357.67740 19.102 0.049
2357.68831 19.248 0.056
2357.69918 19.145 0.049
2357.71263 19.287 0.052
2357.72551 19.272 0.047
2357.73642 19.339 0.049
2357.74734 19.300 0.048
2357.75882 19.153 0.043
2357.77037 19.180 0.043
2357.78426 19.165 0.047
2357.79515 19.227 0.056
2358.58008 19.201 0.050
2358.59098 19.223 0.048
2358.60844 19.259 0.049
2358.61934 19.312 0.047
2358.63024 19.221 0.041
2358.64110 19.178 0.038
2358.65200 19.229 0.038
2358.66288 19.171 0.036
2358.67584 19.148 0.036
2358.68677 19.152 0.034
2358.69767 19.203 0.037
2358.70856 19.209 0.036
2358.71949 19.189 0.037
2358.73039 19.209 0.038
2358.74185 19.285 0.042
2358.75348 19.351 0.050
2358.77993 19.197 0.051
2358.79089 19.186 0.052
2358.80182 19.091 0.052
2359.56759 19.296 0.070
2359.57851 19.044 0.056
2359.59041 19.165 0.062
2359.60133 19.093 0.057
2359.61225 19.247 0.062
2359.62314 19.313 0.063
2359.63405 19.213 0.053
2359.64499 19.204 0.053
2359.65618 19.192 0.050
2359.66709 19.150 0.046
2359.67798 19.154 0.049
2359.69044 19.184 0.051
2359.70129 19.207 0.052
2359.71222 19.248 0.060
2359.72313 19.145 0.050
2359.73469 19.367 0.064
2359.75339 19.328 0.066
2359.76427 19.316 0.070
2359.77516 19.303 0.070
2359.78958 19.125 0.060
2359.80046 19.247 0.069
2360.57139 19.037 0.058
2360.58228 19.002 0.059
2360.59371 19.192 0.057
2360.60543 19.151 0.055
2360.62653 19.287 0.053
2360.63738 19.217 0.049
2360.64826 19.259 0.046
2360.65914 19.349 0.050
2360.67005 19.224 0.045
2360.68100 19.163 0.041
2360.69216 19.153 0.041
2360.70307 19.095 0.038
2360.71479 19.169 0.042
2360.72571 19.215 0.046
2360.74021 19.252 0.047
2360.75112 19.171 0.044
2360.76205 19.149 0.044
2360.77296 19.305 0.052
2360.78498 19.165 0.047
2360.81292 19.127 0.047
2361.58734 19.095 0.064
2361.59827 19.098 0.056
2361.60915 19.198 0.060
2361.62002 19.235 0.063
2361.63095 19.262 0.058
2361.64187 19.341 0.081
2361.65406 19.255 0.058
2361.66494 19.211 0.056
2361.67586 19.252 0.060
2361.68683 19.259 0.067
2361.69775 19.160 0.058
2361.70906 19.184 0.060
2361.72100 19.206 0.066
2361.73291 19.189 0.061
2361.75457 19.305 0.081
2361.76550 19.147 0.065
2361.77637 19.348 0.081
2361.78726 19.247 0.070
2362.56506 19.249 0.095
2362.57707 19.258 0.097
2362.58800 19.095 0.081
2362.59889 19.133 0.079
2362.60979 19.208 0.089
2362.62069 19.435 0.105
2362.63155 19.384 0.102
2362.64899 19.284 0.075
2362.65989 19.159 0.068
2362.67082 18.956 0.058
2363.69760 19.232 0.064
2363.70851 19.153 0.057
2363.73018 19.150 0.054
2363.74200 19.319 0.073
2363.75063 19.319 0.080
2363.76689 19.171 0.074
2363.77779 19.333 0.085
2363.78871 19.462 0.101
2363.79957 19.450 0.107
2364.56391 19.139 0.060
2364.57480 19.149 0.062
2364.58571 19.140 0.058
2364.59664 19.224 0.065
2364.61254 19.178 0.058
2364.62341 19.127 0.059
2364.63430 19.159 0.062
2364.64519 19.206 0.066
2364.65604 19.227 0.062
2364.66695 19.279 0.066
2364.67833 19.267 0.070
2364.68922 19.293 0.075
2364.73906 19.256 0.078
2364.74993 19.401 0.094
2364.76088 19.216 0.077
2364.77179 19.494 0.107
2365.55063 19.204 0.064
2365.56154 19.210 0.067
2365.57247 19.358 0.071
2365.58340 19.120 0.059
2365.59577 19.166 0.056
2365.61764 19.188 0.055
2365.62852 19.214 0.056
2365.63943 19.398 0.063
2365.65037 19.306 0.050
2365.66125 19.211 0.048
2365.67215 19.313 0.051
2365.68360 19.247 0.048
2365.69449 19.174 0.044
2365.70540 19.166 0.042
2365.72242 19.239 0.050
2365.73481 19.175 0.046
2365.74570 19.192 0.050
2365.76653 19.339 0.073
2366.56889 19.148 0.057
2366.57978 19.081 0.058
2366.59072 19.056 0.051
2366.60161 19.123 0.053
2366.62912 19.281 0.056
2366.64006 19.229 0.054
2366.65263 19.224 0.056
2366.66351 19.293 0.067
2366.67948 19.105 0.049
2366.69036 19.200 0.046
2366.72417 19.162 0.046
2366.73505 19.163 0.047
2366.74840 19.271 0.057
2366.76339 19.216 0.052
2366.77431 19.360 0.076
2366.78523 19.238 0.065
2367.80040 19.310 0.066
2367.81133 19.336 0.074
2368.55344 19.336 0.064
2368.56436 19.223 0.059
2368.57525 19.146 0.052
2368.58615 19.101 0.049
2368.59704 19.029 0.041
2368.60797 19.178 0.068
2368.62598 19.175 0.046
2368.63690 19.217 0.047
2368.64779 19.192 0.042
2368.65867 19.316 0.051
2368.66958 19.311 0.052
2368.69001 19.279 0.048
2368.70092 19.128 0.040
2368.71178 19.200 0.043
2368.73337 19.172 0.043
2368.74427 19.095 0.043
2368.76300 19.340 0.060
2368.77393 19.256 0.062
2368.78721 19.477 0.073
2368.79812 19.375 0.086
2368.80905 19.345 0.067
2368.81996 19.206 0.078
2369.56918 19.241 0.053
2369.58014 19.223 0.047
2369.59103 19.159 0.041
2369.60259 19.174 0.041
2369.61685 19.088 0.036
2369.63443 19.159 0.038
2369.64536 19.252 0.039
2369.65627 19.216 0.037
2369.66721 19.284 0.041
2369.67816 19.194 0.035
2369.68999 19.223 0.037
2369.70088 19.188 0.037
2369.71174 19.104 0.034
2369.72319 19.215 0.036
2369.73409 19.160 0.035
2369.74767 19.146 0.040
2369.76284 19.241 0.049
2369.77374 19.163 0.042
2369.78462 19.278 0.051
2370.57860 19.209 0.066
2370.59018 19.188 0.052
2370.60875 19.184 0.063
2370.61964 19.229 0.056
2370.63294 19.113 0.044
2370.64385 19.208 0.045
2370.65470 19.123 0.042
2370.66562 19.114 0.041
2370.67653 19.245 0.046
2370.69058 19.181 0.052
2370.70149 19.244 0.055
2370.71241 19.073 0.044
2370.72330 19.211 0.047
2370.73683 19.156 0.047
2370.74774 19.313 0.059
2370.75860 19.204 0.056
2370.76949 19.214 0.048
2370.78042 19.314 0.059
2371.56460 19.265 0.069
2371.57549 19.244 0.059
2371.58642 19.220 0.054
2371.59728 19.152 0.051
2371.60815 19.290 0.056
2371.61905 19.118 0.045
2371.63195 19.137 0.043
2371.64281 19.226 0.044
2371.65598 19.197 0.038
2371.66979 19.188 0.041
2371.68069 19.213 0.043
2371.69157 19.288 0.042
2371.70245 19.255 0.044
2371.71340 19.203 0.039
2371.72431 19.168 0.042
2371.73887 19.197 0.055
2371.74978 19.206 0.053
2371.76417 19.127 0.056
2372.58464 19.288 0.052
2372.59601 19.220 0.047
2372.60749 19.221 0.044
2372.61841 19.119 0.038
2372.62930 19.117 0.040
2372.64020 19.152 0.038
2372.65112 19.110 0.032
2372.66367 19.194 0.037
2372.67455 19.230 0.037
2372.68544 19.290 0.040
2372.69635 19.194 0.040
2372.70726 19.306 0.045
2372.71819 19.217 0.046
2372.73100 19.204 0.043
2372.74401 19.102 0.038
2372.75899 19.139 0.045
2373.56176 19.249 0.065
2373.57268 19.357 0.059
2373.58354 19.264 0.053
2373.60801 19.165 0.048
2373.61895 19.224 0.045
2373.62987 18.985 0.037
2373.64075 19.179 0.040
2373.65162 19.147 0.041
2373.66253 19.209 0.047
2373.67500 19.175 0.042
2373.68589 19.268 0.049
2373.69679 19.198 0.049
2373.70769 19.365 0.057
2373.71858 19.336 0.059
2373.72949 19.307 0.060
2373.74100 19.069 0.049
2373.75440 19.209 0.057
2377.59103 19.395 0.070
2377.59756 19.371 0.061
2377.60848 19.438 0.069
2377.61933 19.107 0.056
2377.63021 19.368 0.076
2377.64113 19.180 0.062
2377.66574 19.188 0.062
2377.72594 19.418 0.066
2377.73685 19.212 0.048
2377.74780 19.331 0.060
2377.75871 19.131 0.060
2377.76965 19.189 0.063
2378.51901 19.120 0.060
2378.52992 19.086 0.056
2378.54183 19.140 0.058
2378.55274 19.221 0.065
2378.56369 19.165 0.059
2378.57456 19.418 0.070
2378.58546 19.194 0.051
2378.59640 19.325 0.055
2378.61081 19.276 0.049
2378.62171 19.265 0.051
2378.63261 19.255 0.053
2378.64348 19.043 0.046
2378.65796 19.119 0.049
2378.66884 19.207 0.055
2378.67985 19.261 0.059
2378.70110 19.259 0.062
2378.71203 19.307 0.049
2378.72289 19.329 0.060
2378.73376 19.207 0.054
2379.53322 19.083 0.055
2379.54415 19.270 0.069
2379.55550 19.184 0.066
2379.56639 19.168 0.067
2379.57729 19.398 0.091
2379.58820 19.134 0.062
2379.60186 19.309 0.065
2379.61490 19.288 0.059
2379.62578 19.200 0.056
2379.63666 19.212 0.050
2379.64751 19.259 0.048
2379.65839 19.043 0.052
2379.66927 19.127 0.049
2379.68372 19.216 0.052
2379.69456 19.226 0.047
2379.70551 19.241 0.051
2379.71643 19.335 0.056
2379.72735 19.128 0.047
2380.69013 19.175 0.045
2380.70107 19.307 0.067
2380.71195 19.309 0.065
2380.74465 19.258 0.065
2381.51623 19.143 0.061
2381.53203 19.066 0.054
2381.54293 19.232 0.062
2381.55386 19.229 0.074
2381.57945 19.218 0.050
2381.59043 19.188 0.052
2381.60131 19.500 0.072
2381.61218 19.285 0.050
2381.62317 19.299 0.047
2381.63970 19.235 0.045
2381.65062 19.146 0.043
2381.66152 19.123 0.037
2381.67240 19.188 0.039
2381.68330 19.145 0.039
2381.69417 19.178 0.037
2381.70779 19.280 0.042
2381.71874 19.206 0.040
2381.73171 19.258 0.052
2381.74261 19.192 0.043
2381.75351 19.270 0.049
2381.76440 19.259 0.053
2381.77531 19.290 0.055
2381.78621 19.110 0.048
2382.52734 19.224 0.050
2382.54497 19.215 0.050
2382.55592 19.070 0.039
2382.56681 19.212 0.046
2382.57772 19.150 0.044
2382.59276 19.214 0.041
2382.60367 19.268 0.046
2382.61455 19.319 0.043
2382.62541 19.174 0.039
2382.63630 19.277 0.043
2382.64713 19.233 0.040
2382.66435 19.189 0.043
2382.67957 19.171 0.041
2382.69050 19.093 0.042
2382.70142 19.245 0.050
2382.71229 19.142 0.049
2382.72321 19.307 0.057
2382.73551 19.207 0.053
2382.74643 19.326 0.064
2382.75735 19.291 0.066
2382.76822 19.140 0.059
2382.77913 19.168 0.058
2384.57964 19.177 0.048
2384.59055 19.197 0.047
2384.60143 19.345 0.053
2384.61232 19.212 0.043
2384.62322 19.232 0.045
2384.63411 19.206 0.041
2384.64700 19.248 0.044
2384.65790 19.270 0.043
2384.66876 19.239 0.042
2384.67965 19.122 0.038
2386.56625 19.264 0.074
2386.57716 19.160 0.065
2386.58805 19.341 0.087
2386.59895 19.194 0.073
2386.62730 19.340 0.066
2386.63819 19.275 0.060
2386.64909 19.349 0.072
2390.56478 19.224 0.065
2390.57563 19.153 0.057
2390.58654 19.113 0.051
2390.59745 19.034 0.051
2390.60831 19.116 0.055
2390.61921 19.204 0.058
2390.63182 19.226 0.058
2390.64274 19.238 0.061
2390.65363 19.360 0.072
2392.57783 19.281 0.071
2392.58875 19.165 0.064
2392.59965 19.104 0.065
2392.61057 19.022 0.056
2392.62145 19.180 0.070
2392.63239 19.290 0.095
2393.70754 19.325 0.084
2393.71845 19.233 0.076
2393.72937 19.456 0.101
2393.74029 19.143 0.068
2393.75114 19.116 0.064
2393.76202 19.214 0.082
2395.60918 19.198 0.046
2395.62013 19.139 0.043
2395.63107 19.216 0.048
2395.64196 19.268 0.050
2395.65284 19.192 0.049
2395.66375 19.312 0.055
2395.67517 19.300 0.057
2395.68606 19.314 0.066
2395.69698 19.367 0.063
2395.70785 19.177 0.057
2395.71880 19.130 0.055
2395.72970 19.255 0.076
2396.57734 19.291 0.051
2396.58365 19.185 0.044
2396.59455 19.121 0.045
2396.60542 19.150 0.048
2396.61634 19.024 0.042
2396.62717 19.270 0.051
2396.63806 19.150 0.047
2396.65159 19.174 0.049
2396.66249 19.389 0.064
2396.67340 19.252 0.055
2396.68430 19.218 0.053
2396.69517 19.304 0.053
2396.70607 19.256 0.059
2397.59593 19.175 0.045
2397.60684 19.255 0.045
2397.61771 19.194 0.042
2397.62863 19.155 0.041
2397.63953 19.120 0.041
2397.65036 19.174 0.045
2400.57307 19.201 0.042
2400.58397 19.331 0.048
2400.59489 19.183 0.042
2400.60579 19.148 0.039
2400.61670 19.206 0.047
2400.62778 19.122 0.040
2400.63870 19.117 0.044
2400.64959 19.331 0.065
2400.66048 19.235 0.060
2400.67142 19.208 0.055
2401.56325 19.258 0.049
2401.57416 19.213 0.046
2401.58499 19.323 0.048
2401.59590 19.239 0.046
2401.60680 19.115 0.041
2401.61765 19.246 0.043
2401.62896 19.148 0.039
2401.63986 19.136 0.035
2402.56288 19.152 0.047
2402.56737 19.178 0.047
2402.61725 19.304 0.048
2402.62812 19.154 0.039
2402.63904 19.148 0.043
2402.64991 19.200 0.049
2402.66078 19.230 0.053
2403.55082 19.162 0.045
2403.56175 19.127 0.045
2403.57260 19.128 0.043
2403.58350 19.235 0.045
2403.59442 19.342 0.047
2403.60530 19.264 0.045
2404.53490 19.351 0.061
2404.54582 19.174 0.048
2404.55670 19.232 0.048
2404.56760 19.081 0.043
2404.57853 19.174 0.044
2404.58943 19.194 0.041
2404.60363 19.185 0.042
2404.61456 19.302 0.049
2404.62547 19.179 0.045
2404.63639 19.163 0.043
2404.64731 19.232 0.046
2405.53436 19.182 0.051
2405.55169 19.163 0.044
2405.56255 19.243 0.042
2405.57346 19.183 0.040
2405.58436 19.174 0.041
2405.59525 19.223 0.045
2405.60614 19.291 0.045
2406.52452 19.749 0.086
2406.53540 19.155 0.054
2406.54623 19.253 0.058
2406.55714 19.066 0.048
2406.56806 19.101 0.045
2406.57896 19.287 0.052
2406.59798 19.198 0.049
2406.61448 19.127 0.048
2411.52015 19.311 0.067
2411.53106 19.336 0.069
2411.54198 19.220 0.055
2411.55289 19.152 0.053
2411.56378 19.157 0.050
2411.57472 19.120 0.047
2411.58746 19.149 0.049
2411.59834 19.197 0.048
2411.60925 19.224 0.051
2411.62014 19.200 0.053
2413.52198 19.354 0.077
2413.53291 19.435 0.075
2413.54385 19.287 0.062
2413.55471 19.329 0.070
2413.56561 18.988 0.062
2413.57651 19.024 0.059
2414.49810 19.264 0.057
2414.51073 19.278 0.060
2414.52162 19.264 0.060
2414.53251 19.217 0.057
2414.54337 19.163 0.057
2414.55431 19.182 0.060
2414.56517 19.198 0.059
2415.50572 19.303 0.087
2415.51660 19.255 0.090
2415.52751 19.415 0.094
2415.54931 19.430 0.087
2415.56024 19.317 0.086
2417.51872 19.123 0.060
2417.52960 19.171 0.059
2417.54049 19.265 0.070
2417.55133 19.155 0.062
2417.56221 19.148 0.059
2417.57312 19.211 0.056
2425.51833 19.223 0.060
2428.56398 19.183 0.058
2433.46895 19.121 0.065
2433.47983 19.182 0.069
2433.49069 19.226 0.073
2433.50157 19.123 0.065
2433.51250 19.198 0.072
2433.52341 19.200 0.064
2433.53470 19.127 0.061
2433.54560 19.131 0.059
2437.50444 19.229 0.059
2625.83064 19.107 0.035
2672.83866 19.162 0.035
2672.84875 19.241 0.040
2672.85890 19.247 0.042
2673.83040 19.139 0.042
2673.84048 19.197 0.050
2673.85056 19.203 0.041
2673.86189 19.191 0.043
2673.86994 19.293 0.049
2674.83871 19.107 0.041
2674.84879 19.214 0.046
2674.85887 19.226 0.052
2674.86895 19.267 0.051
2675.85300 19.287 0.044
2675.86809 19.200 0.043
2676.84843 19.184 0.039
2676.85848 19.218 0.043
2677.84622 19.165 0.041
2677.85633 19.142 0.041
2677.86645 19.258 0.053
2678.85974 19.111 0.042
2678.86989 19.198 0.045
2678.87999 19.238 0.050
2679.85217 19.130 0.040
2679.86228 19.127 0.041
2679.87253 19.253 0.047
2681.77535 19.165 0.041
2681.77867 19.273 0.043
2681.78199 19.226 0.042
2681.78530 19.275 0.046
2681.79192 19.212 0.043
2681.79525 19.296 0.047
2681.79856 19.195 0.044
2681.80188 19.360 0.052
2681.80521 19.216 0.044
2681.80852 19.220 0.046
2681.81183 19.162 0.044
2681.81764 19.134 0.043
2681.82195 19.258 0.062
2681.82526 19.142 0.052
2681.82857 19.206 0.060
2681.83191 19.155 0.053
2681.83549 19.194 0.203
2681.83882 19.220 0.203
2681.84215 19.159 0.194
2681.85022 19.114 0.039
2681.85356 19.277 0.047
2681.85688 19.168 0.041
2681.86021 19.290 0.046
2681.86354 19.145 0.040
2681.86686 19.124 0.040
2681.87018 19.159 0.043
2681.87349 19.198 0.045
3026.84984 19.232 0.027
3026.86050 19.195 0.027
3026.87119 19.115 0.026
3028.83006 19.339 0.050
3028.84072 19.313 0.039
3028.85143 19.302 0.036
3028.86216 19.143 0.030
3028.87285 19.159 0.032
3029.84520 19.259 0.049
3029.85589 19.291 0.042
3029.86655 19.230 0.041
3029.87723 19.217 0.046
3030.79923 19.107 0.028
3030.80993 19.145 0.032
3030.82061 19.220 0.032
3030.83131 19.090 0.029
3030.84205 19.261 0.034
3030.85792 19.272 0.033
3030.86859 19.191 0.032
3031.83680 19.208 0.041
3031.84753 19.361 0.048
3031.85825 19.245 0.041
3031.86895 19.297 0.043
3031.87965 19.335 0.054
3032.80431 19.177 0.034
3032.81500 19.174 0.035
3032.82571 19.189 0.038
3032.83640 19.204 0.039
3032.84709 19.204 0.037
3032.86304 19.246 0.039
3032.87371 19.310 0.042
3032.88439 19.101 0.046
3033.84028 19.146 0.031
3033.85137 19.247 0.036
3033.86207 19.244 0.036
3033.87688 19.216 0.034
3034.85778 19.198 0.034
3035.85117 19.229 0.038
3035.86181 19.218 0.039
3035.87251 19.156 0.038
3035.88320 19.244 0.044
3036.85053 19.166 0.036
3036.86125 19.290 0.038
3036.87197 19.197 0.037
3036.88266 19.288 0.043
3038.80806 19.131 0.038
3040.76057 19.431 0.048
3040.77122 19.352 0.046
3040.78190 19.308 0.049
3040.79281 19.168 0.048
3040.80348 19.120 0.042
3040.81413 19.035 0.037
3040.82529 19.223 0.045
3040.83597 19.143 0.043
3040.84663 19.143 0.042
3040.85761 19.160 0.042
3040.86829 19.177 0.048
3041.82023 19.200 0.048
3041.83090 19.092 0.045
3041.84160 19.095 0.046
3042.81170 19.174 0.049
3042.82235 19.203 0.049
3042.83304 19.122 0.049
3042.84407 19.125 0.050
3043.77699 19.208 0.061
3043.79456 19.290 0.075
3043.80525 19.174 0.060
3043.81591 19.275 0.058
3043.82696 19.223 0.056
3043.83762 19.111 0.052
3043.84831 19.179 0.054
3044.78779 19.326 0.050
3044.79846 19.300 0.066
3044.80918 19.291 0.056
3044.82033 19.111 0.051
3044.83102 19.162 0.050
3044.84170 19.069 0.051
3045.80232 19.316 0.051
3045.81301 19.235 0.052
3045.82368 19.186 0.050
3045.83747 19.214 0.046
3045.84814 19.145 0.047
3046.79703 19.340 0.058
3046.80776 19.118 0.046
3046.81843 19.302 0.054
3046.83011 19.232 0.054
3047.78317 19.226 0.038
3047.79389 19.188 0.037
3047.80457 19.267 0.040
3047.81552 19.290 0.040
3047.82619 19.206 0.042
3047.83691 19.201 0.039
3048.78270 19.303 0.036
3048.79340 19.180 0.032
3048.80409 19.370 0.041
3048.80934 19.262 0.039
3048.82004 19.323 0.046
3048.83074 19.209 0.043
3048.84322 19.226 0.043
3049.77294 19.227 0.038
3049.78365 19.162 0.035
3049.79433 19.287 0.040
3049.79837 19.360 0.042
3049.80901 19.255 0.038
3049.81972 19.243 0.037
3049.83074 19.320 0.047
3050.75641 19.179 0.038
3050.76710 19.146 0.034
3050.77777 19.152 0.036
3050.78894 19.146 0.035
3050.79965 19.179 0.038
3050.81037 19.207 0.038
3050.82125 19.267 0.040
3050.83197 19.165 0.036
3051.73481 19.159 0.039
3051.74549 19.262 0.044
3051.75617 19.056 0.038
3051.76719 19.107 0.043
3051.77784 19.210 0.048
3051.78850 19.252 0.044
3051.79952 19.093 0.040
3051.81019 19.211 0.045
3051.82091 19.345 0.049
3051.83239 19.284 0.045
3052.74563 19.229 0.033
3052.75868 19.165 0.032
3052.76937 19.206 0.037
3052.78005 19.163 0.037
3052.78403 19.174 0.035
3052.79473 19.203 0.037
3052.80540 19.153 0.034
3052.81657 19.191 0.037
3052.82769 19.284 0.042
3053.71539 19.323 0.035
3053.72607 19.264 0.034
3053.73676 19.232 0.037
3053.74774 19.258 0.035
3053.75922 19.192 0.031
3053.76987 19.142 0.031
3053.78054 19.174 0.032
3053.79215 19.177 0.032
3053.80285 19.172 0.033
3053.81349 19.243 0.035
3054.75153 19.236 0.040
3054.76225 19.159 0.038
3054.77295 19.209 0.048
3054.77709 19.119 0.044
3054.78781 19.075 0.039
3054.79847 19.087 0.040
3054.80937 19.302 0.043
3054.82010 19.280 0.044
3054.83074 19.163 0.041
3055.72901 19.113 0.037
3055.73974 19.252 0.040
3055.75043 19.191 0.037
3055.76139 19.183 0.040
3055.77205 19.168 0.040
3055.78281 19.188 0.040
3055.79367 19.136 0.041
3055.80437 19.093 0.044
3055.81502 19.191 0.046
3055.82629 19.226 0.049
3056.75566 19.194 0.033
3056.75965 19.216 0.036
3056.77036 19.162 0.032
3056.78102 19.139 0.032
3056.78508 19.156 0.034
3056.79578 19.194 0.038
3056.80648 19.184 0.042
3056.81820 19.203 0.046
3057.76492 19.125 0.031
3057.77667 19.200 0.035
3057.78737 19.171 0.035
3057.79802 19.174 0.035
3057.80921 19.171 0.036
3058.72165 19.214 0.033
3058.73231 19.284 0.041
3058.74301 19.203 0.037
3058.75388 19.372 0.049
3058.76456 19.290 0.042
3058.77524 19.214 0.040
3058.78681 19.125 0.037
3058.79750 19.195 0.040
3058.80820 19.203 0.041
3059.75554 19.194 0.036
3059.76699 19.203 0.036
3059.77771 19.177 0.035
3059.78841 19.149 0.037
3059.79941 19.137 0.037
3059.81011 19.102 0.035
3060.74464 19.280 0.042
3060.75535 19.188 0.037
3060.76067 18.932 0.029
3060.77135 19.157 0.036
3060.78206 19.297 0.043
3060.79303 19.082 0.036
3060.80369 19.105 0.037
3060.81433 19.174 0.044
3061.67044 19.252 0.057
3061.68112 19.079 0.040
3061.69179 19.099 0.046
3061.70267 19.215 0.049
3061.71338 19.130 0.044
3061.72404 19.203 0.052
3061.73721 19.194 0.050
3061.74790 19.147 0.048
3061.75861 19.332 0.056
3061.76954 19.195 0.055
3061.78024 19.108 0.049
3061.79092 19.279 0.063
3061.80121 19.232 0.061
3061.82615 19.104 0.053
3062.62094 19.022 0.035
3062.63165 19.546 0.057
3062.64235 19.281 0.046
3062.65322 19.185 0.037
3062.66388 18.931 0.031
3062.67455 18.837 0.031
3062.68563 19.514 0.048
3062.70700 19.399 0.050
3062.72075 19.226 0.042
3062.73142 19.499 0.049
3062.74212 19.951 0.068
3062.75314 19.242 0.035
3062.76383 19.175 0.035
3062.77450 19.270 0.036
3062.78684 19.088 0.032
3062.79754 19.242 0.041
3063.67715 19.241 0.052
3063.69360 19.229 0.041
3063.70430 19.147 0.044
3063.71500 19.206 0.051
3063.72597 19.160 0.039
3063.73664 19.227 0.044
3064.68289 19.136 0.044
3064.69361 19.197 0.044
3064.70426 19.157 0.044
3064.71597 19.101 0.048
3064.72668 19.046 0.048
3064.73736 19.204 0.050
3064.74904 19.181 0.049
3064.75972 19.242 0.045
3064.77041 19.247 0.045
3064.78130 19.265 0.047
3064.79197 19.191 0.048
3064.80268 19.264 0.049
3066.72865 19.125 0.036
3066.73933 19.217 0.039
3066.75004 19.178 0.043
3066.76163 19.273 0.047
3066.77234 19.206 0.043
3066.78304 19.320 0.044
3067.71044 19.104 0.035
3067.72112 19.149 0.033
3067.73179 19.149 0.035
3067.74264 19.189 0.035
3067.75328 19.098 0.040
3067.76398 19.240 0.040
3067.77502 19.226 0.039
3068.71100 19.101 0.037
3068.72171 18.991 0.040
3068.73241 19.115 0.043
3068.74322 19.323 0.051
3068.75392 19.115 0.041
3068.76462 19.235 0.052
3068.77631 19.180 0.050
3069.71143 19.245 0.042
3069.72208 19.168 0.039
3069.73274 19.136 0.043
3069.74350 19.136 0.049
3069.75421 19.220 0.050
3069.76490 19.209 0.049
3069.77598 19.372 0.079
3069.78669 19.171 0.046
3069.79740 19.346 0.061
3070.70301 19.297 0.059
3070.71368 19.252 0.051
3070.72439 19.060 0.042
3070.73580 19.248 0.050
3070.74650 19.098 0.040
3070.75722 19.115 0.051
3070.76864 19.152 0.054
3071.68713 19.203 0.059
3071.69785 19.264 0.062
3071.70857 19.200 0.054
3071.71967 19.130 0.048
3071.73038 19.149 0.052
3071.74104 19.223 0.059
3071.75680 19.105 0.054
3071.76746 19.140 0.054
3072.71593 19.197 0.049
3072.72660 19.221 0.047
3072.73731 19.178 0.050
3072.74868 18.980 0.041
3072.76447 19.139 0.053
3073.71714 19.195 0.037
3073.72780 19.107 0.034
3073.73847 19.163 0.037
3073.75468 19.131 0.037
3073.76532 19.121 0.040
3073.77604 19.151 0.039
3074.69996 19.229 0.043
3074.71062 19.239 0.040
3074.72130 19.214 0.040
3074.73241 19.244 0.041
3074.74313 19.114 0.037
3074.75381 19.130 0.042
3075.70414 19.302 0.047
3075.71487 19.238 0.040
3075.72556 19.206 0.040
3075.73649 19.255 0.045
3075.74716 19.098 0.040
3075.75788 19.142 0.043
3076.71725 19.277 0.044
3076.72799 19.098 0.039
3076.73871 19.200 0.041
3076.74983 19.155 0.048
3077.68566 19.229 0.043
3077.69633 19.252 0.042
3077.70768 19.207 0.044
3077.71883 19.308 0.053
3077.72956 19.235 0.044
3077.74075 19.246 0.043
3077.75142 19.168 0.045
3077.76212 19.168 0.043
3379.85229 19.159 0.034
3379.86301 19.098 0.034
3380.80118 19.229 0.059
3380.81694 19.235 0.064
3380.82761 19.052 0.042
3380.83832 19.201 0.039
3380.84948 19.090 0.037
3380.86019 19.200 0.055
3380.87088 19.209 0.066
3381.83515 19.053 0.038
3381.84586 19.224 0.045
3381.85661 19.162 0.042
3381.86758 19.189 0.035
3382.78825 19.370 0.043
3382.79892 19.314 0.039
3382.80961 19.241 0.033
3382.82068 19.156 0.029
3382.83136 19.145 0.030
3382.84201 19.130 0.031
3382.85293 19.056 0.031
3382.86363 19.081 0.030
3382.87428 19.232 0.041
3384.79815 19.240 0.036
3385.85765 18.990 0.029
3385.86832 19.079 0.031
3385.87897 19.188 0.051
3386.82965 19.223 0.027
3386.84029 19.215 0.028
3386.85102 19.227 0.028
3386.86202 19.148 0.026
3386.87273 19.191 0.035
3387.81370 19.113 0.041
3387.82440 19.465 0.054
3387.83508 19.438 0.056
3387.84603 19.560 0.063
3387.85677 19.198 0.044
3387.86741 19.197 0.041
3388.82182 19.328 0.051
3388.83250 19.369 0.049
3388.84317 19.261 0.048
3388.85429 19.227 0.041
3388.86493 19.240 0.056
3388.87562 19.174 0.060
3389.81336 19.224 0.037
3389.82402 19.422 0.044
3389.83469 19.447 0.049
3389.84559 19.316 0.040
3389.85626 19.306 0.047
3389.86691 19.200 0.042
3389.87779 19.168 0.043
3390.81722 19.232 0.029
3390.82792 19.284 0.031
3390.83862 19.374 0.035
3390.84953 19.233 0.032
3390.86026 19.240 0.032
3390.87097 19.252 0.036
3391.80982 19.185 0.046
3391.82491 19.134 0.043
3391.83563 19.470 0.056
3391.84631 19.425 0.049
3391.86140 19.145 0.040
3391.87210 19.101 0.043
3392.79871 19.150 0.035
3392.80940 19.182 0.031
3392.82752 19.407 0.042
3392.83421 19.256 0.040
3392.84583 19.267 0.032
3392.85654 19.261 0.035
3392.86720 19.369 0.039
3393.77491 19.069 0.058
3393.78563 19.302 0.062
3393.79631 19.188 0.059
3393.80720 19.159 0.057
3393.81787 19.229 0.059
3393.82856 19.136 0.050
3393.83944 19.220 0.052
3393.85012 19.020 0.042
3393.86086 19.171 0.048
3394.86746 19.274 0.038
3394.87817 19.206 0.036
3395.85369 19.427 0.053
3395.86434 19.302 0.046
3395.87507 19.172 0.041
3396.85691 19.393 0.046
3396.86760 19.239 0.041
3396.87832 19.316 0.043
3397.85085 19.162 0.041
3397.87901 19.284 0.049
3398.85876 19.217 0.034
3398.86943 19.230 0.035
3398.88013 19.213 0.039
3399.85101 19.087 0.044
3399.86172 19.267 0.050
3399.87775 19.248 0.053
3400.82546 19.159 0.040
3400.83621 19.188 0.047
3400.85089 19.232 0.046
3400.86161 19.395 0.065
3400.87230 19.326 0.048
3402.88140 19.364 0.055
3404.71832 19.059 0.034
3410.77309 19.179 0.036
3410.78788 19.200 0.036
3410.80264 19.177 0.035
3410.83743 19.177 0.040
3410.87490 19.145 0.039
3422.66900 19.325 0.069
3422.69891 19.096 0.034
3422.73376 19.316 0.040
3422.75351 19.576 0.072
3422.77268 19.323 0.050
3422.79186 19.104 0.043
3422.80716 19.204 0.038
3422.82200 19.147 0.032
3422.83689 19.171 0.033
3470.48018 19.348 0.071
3470.48936 19.308 0.058
3470.49860 19.476 0.074
3470.50780 19.337 0.055
3470.52348 19.320 0.050
3470.53328 19.130 0.043
3470.54279 19.064 0.040
3470.55193 19.078 0.037
3470.56114 19.148 0.035
3470.57032 19.136 0.034
3470.57952 19.136 0.032
3470.58868 19.150 0.033
3470.59797 19.194 0.034
3470.60716 19.200 0.036
3470.61637 19.128 0.034
3470.62553 19.404 0.040
3470.63473 19.127 0.029
3470.64387 19.302 0.034
3470.65356 19.212 0.034
3470.66841 19.116 0.028
3470.68325 19.239 0.033
3470.69812 19.184 0.032
3470.71296 19.220 0.031
3470.72783 19.241 0.034
3474.50533 19.121 0.052
3474.51581 19.322 0.058
3474.52504 19.197 0.053
3474.53186 19.139 0.051
3474.54101 19.104 0.048
3474.55019 19.177 0.051
3474.55938 19.208 0.051
3474.56865 18.979 0.049
3474.57787 18.982 0.042
3474.58733 18.973 0.039
3474.59649 19.152 0.043
3474.60570 19.223 0.050
3474.61489 19.418 0.062
3474.62413 19.188 0.049
3474.63331 19.270 0.050
3474.64257 19.333 0.047
3474.65173 19.232 0.045
3474.66145 19.306 0.046
3474.67629 19.113 0.035
3474.69111 19.174 0.051
3474.70604 19.200 0.045
3474.72147 19.247 0.054
3478.50351 19.086 0.044
3478.51267 19.139 0.048
3478.52190 19.285 0.059
3478.53106 19.268 0.048
3478.54027 19.229 0.047
3478.54948 19.309 0.047
3478.56172 19.255 0.043
3478.57092 19.149 0.042
3478.58016 19.113 0.038
3478.58931 19.069 0.035
3478.59852 19.101 0.039
3478.60768 19.105 0.039
3478.61690 19.116 0.038
3478.62602 19.284 0.043
3478.63524 19.238 0.038
3478.64443 19.302 0.044
3478.65369 19.150 0.042
3478.66279 19.319 0.043
3478.67244 19.482 0.065
3478.68725 19.340 0.044
3478.70208 19.194 0.038
3482.49510 18.812 0.056
3482.51305 18.767 0.054
3482.61554 19.174 0.043
3482.62469 19.098 0.039
3482.63391 18.957 0.041
3482.64310 19.151 0.043
3482.65365 19.092 0.039
3482.66281 19.166 0.043
