2682.79300 15.946 0.005
2682.80382 15.770 0.005
2682.81463 15.627 0.004
2682.82868 15.530 0.003
2682.83954 15.481 0.004
2682.85043 15.473 0.004
2682.86133 15.493 0.003
2682.87217 15.536 0.004
2682.88305 15.600 0.004
2683.66948 15.914 0.005
2683.68033 16.026 0.005
2683.69120 15.905 0.005
2683.70208 15.711 0.004
2683.71811 15.553 0.003
2683.72899 15.509 0.003
2683.73987 15.479 0.003
2683.75074 15.472 0.003
2683.76235 15.504 0.003
2683.77935 15.618 0.004
2683.79023 15.758 0.004
2683.80109 15.945 0.004
2683.82279 15.828 0.004
2683.83369 15.664 0.004
2683.84811 15.541 0.004
2683.85899 15.496 0.004
2683.86986 15.471 0.004
2683.88069 15.483 0.003
2683.89157 15.532 0.004
2684.67700 15.672 0.004
2684.68787 15.844 0.004
2684.71029 15.956 0.005
2684.72113 15.768 0.004
2684.73200 15.616 0.004
2684.74285 15.548 0.003
2684.75549 15.494 0.003
2684.76633 15.464 0.003
2684.77716 15.467 0.003
2684.78801 15.531 0.003
2684.79888 15.593 0.003
2684.80977 15.718 0.004
2684.82332 15.935 0.004
2684.83418 15.966 0.004
2684.85038 15.709 0.004
2684.86119 15.588 0.003
2684.87208 15.529 0.003
2684.88295 15.484 0.003
2684.89384 15.458 0.004
2685.66481 15.473 0.004
2685.67567 15.502 0.003
2685.68652 15.562 0.004
2685.69740 15.649 0.004
2685.70821 15.803 0.004
2685.71903 15.991 0.004
2685.73246 15.942 0.004
2685.74328 15.753 0.004
2685.75415 15.613 0.004
2685.76504 15.542 0.003
2685.77591 15.498 0.003
2685.78677 15.473 0.003
2685.80107 15.496 0.003
2685.81195 15.535 0.003
2685.83452 15.767 0.004
2685.85216 15.981 0.004
2685.86302 15.872 0.005
2685.87390 15.701 0.004
2685.88473 15.578 0.004
2685.89562 15.519 0.004
2686.69084 15.476 0.004
2686.70418 15.536 0.004
2686.71505 15.607 0.004
2686.72589 15.737 0.004
2686.73677 15.935 0.005
2686.74762 16.037 0.005
2686.75847 15.891 0.005
2686.77185 15.666 0.004
2686.78275 15.574 0.004
2686.79363 15.516 0.004
2686.80568 15.486 0.004
2686.81653 15.476 0.005
2686.82738 15.511 0.004
2686.83822 15.561 0.004
2686.84907 15.659 0.004
2686.85991 15.809 0.004
2686.87297 15.993 0.005
2686.88384 15.897 0.004
2686.89474 15.709 0.004
2687.65323 15.855 0.005
2687.66407 15.677 0.004
2687.67701 15.559 0.004
2687.68783 15.507 0.004
2687.69868 15.474 0.004
2687.70954 15.473 0.004
2687.72073 15.517 0.004
2687.73159 15.573 0.004
2687.74250 15.669 0.004
2687.75595 15.882 0.005
2687.76683 16.020 0.005
2687.77764 15.940 0.005
2687.78853 15.745 0.004
2687.79940 15.611 0.004
2687.81026 15.544 0.004
2687.82202 15.497 0.004
2687.83288 15.465 0.003
2687.84903 15.488 0.003
2687.85993 15.559 0.004
2687.87084 15.648 0.004
2687.88172 15.811 0.004
2687.89264 15.969 0.005
2688.66119 15.983 0.005
2688.67208 15.905 0.005
2688.68295 15.717 0.004
2688.69383 15.603 0.004
2688.70470 15.533 0.004
2688.71558 15.495 0.004
2688.72720 15.468 0.004
2688.73807 15.495 0.003
2688.74891 15.537 0.004
2688.75971 15.611 0.004
2688.77059 15.740 0.004
2688.78143 15.942 0.004
2688.79403 16.004 0.005
2688.80485 15.837 0.004
2688.81570 15.664 0.004
2688.82657 15.577 0.004
2688.83985 15.505 0.003
2688.85378 15.460 0.004
2688.86938 15.497 0.004
2688.88024 15.538 0.004
2688.89109 15.617 0.004
2689.65490 15.603 0.004
2689.66900 15.795 0.005
2689.67987 15.959 0.005
2689.69511 15.888 0.005
2689.70596 15.714 0.004
2689.71680 15.602 0.004
2689.72763 15.527 0.004
2689.73849 15.494 0.004
2689.74935 15.470 0.004
2689.76054 15.494 0.004
2689.77139 15.546 0.004
2689.78335 15.629 0.004
2689.79417 15.778 0.004
2689.80505 15.970 0.005
2689.81809 15.983 0.005
2689.82895 15.800 0.004
2689.83984 15.648 0.004
2689.85442 15.534 0.004
2689.86530 15.493 0.004
2689.87615 15.476 0.003
2689.88702 15.478 0.003
2689.89792 15.509 0.004
2690.65216 15.483 0.004
2690.66303 15.519 0.004
2690.67388 15.579 0.004
2690.68577 15.708 0.004
2690.69664 15.894 0.005
2690.70753 15.987 0.005
2690.71841 15.859 0.005
2690.72929 15.698 0.004
2690.74012 15.586 0.004
2690.75142 15.509 0.004
2690.76222 15.477 0.004
2690.77310 15.462 0.004
2690.78394 15.504 0.004
2690.79478 15.549 0.004
2690.81369 15.731 0.005
2690.82454 15.944 0.005
2690.83543 16.054 0.006
2690.84626 15.894 0.005
2690.85717 15.706 0.005
2690.86802 15.590 0.004
2690.87920 15.531 0.004
2690.89015 15.495 0.004
2691.64288 15.537 0.004
2691.65381 15.497 0.004
2691.66461 15.473 0.004
2691.68629 15.522 0.004
2691.69711 15.591 0.004
2691.70865 15.724 0.004
2691.71950 15.910 0.005
2691.73040 16.012 0.006
2691.74128 15.853 0.005
2691.75217 15.687 0.004
2691.76306 15.575 0.004
2691.77424 15.514 0.004
2691.78509 15.482 0.004
2691.79590 15.478 0.004
2691.80684 15.493 0.004
2691.81769 15.557 0.004
2691.82854 15.650 0.005
2692.65161 15.634 0.004
2692.66248 15.561 0.004
2692.67332 15.508 0.004
2692.76246 15.877 0.005
2692.77765 15.658 0.004
2692.78850 15.559 0.004
2692.79936 15.506 0.004
2692.81018 15.483 0.004
2692.82105 15.489 0.004
2692.83190 15.527 0.004
2693.64727 16.006 0.004
2693.65815 15.864 0.004
2693.66899 15.688 0.004
2693.67986 15.575 0.003
2693.69070 15.522 0.003
2693.70215 15.479 0.003
2693.71303 15.474 0.003
2693.72388 15.497 0.003
2693.73594 15.548 0.003
2693.74678 15.645 0.004
2693.75765 15.799 0.004
2693.76852 15.970 0.004
2693.77938 15.944 0.004
2693.79338 15.725 0.004
2693.80424 15.601 0.004
2693.81744 15.519 0.003
2693.82837 15.485 0.003
2693.84390 15.488 0.003
2693.85679 15.538 0.003
2693.86768 15.598 0.004
2693.87858 15.717 0.004
2694.62739 15.557 0.004
2694.63829 15.630 0.004
2694.64916 15.783 0.004
2694.66219 16.003 0.005
2694.67304 15.977 0.004
2694.68390 15.797 0.004
2694.69476 15.642 0.003
2694.71080 15.524 0.003
2694.72163 15.494 0.003
2694.73249 15.476 0.003
2694.74348 15.492 0.003
2694.75432 15.540 0.003
2694.76517 15.603 0.003
2694.78012 15.802 0.004
2694.79096 15.972 0.004
2694.80184 15.945 0.004
2694.81267 15.765 0.004
2694.82683 15.603 0.003
2694.83765 15.534 0.003
2694.85452 15.481 0.003
2694.86537 15.480 0.003
2694.87625 15.525 0.003
2694.88717 15.582 0.004
2695.65085 15.563 0.004
2695.66171 15.654 0.004
2695.67305 15.820 0.005
2695.68392 16.007 0.005
2695.69478 15.990 0.004
2695.70707 15.782 0.004
2695.71858 15.625 0.003
2695.72938 15.554 0.003
2695.74072 15.498 0.003
2695.75160 15.472 0.003
2695.76243 15.484 0.003
2695.77331 15.525 0.003
2695.78745 15.609 0.003
2695.80076 15.780 0.004
2695.81564 15.995 0.004
2695.82937 15.865 0.004
2695.84023 15.685 0.004
2695.85106 15.586 0.003
2695.86192 15.515 0.003
2695.87370 15.478 0.003
2695.88456 15.475 0.003
2696.64559 15.482 0.003
2696.65649 15.494 0.003
2696.66731 15.539 0.004
2696.67820 15.603 0.004
2696.68908 15.730 0.004
2696.70459 15.990 0.005
2696.71541 16.008 0.005
2696.72622 15.833 0.004
2696.73709 15.672 0.004
2696.74789 15.573 0.003
2696.75879 15.515 0.003
2696.77001 15.476 0.003
2696.78091 15.469 0.003
2696.79173 15.497 0.003
2696.80259 15.554 0.003
2696.81347 15.652 0.003
2696.82434 15.812 0.004
2696.83707 15.988 0.004
2696.84792 15.920 0.004
2696.85875 15.742 0.004
2696.86957 15.598 0.004
2696.88041 15.537 0.003
2696.89130 15.496 0.003
2697.62783 15.705 0.005
2697.63870 15.592 0.004
2697.64955 15.539 0.004
2697.66044 15.480 0.004
2697.67701 15.485 0.003
2697.68782 15.530 0.003
2697.69873 15.589 0.004
2697.71182 15.726 0.004
2697.72266 15.921 0.004
2697.73352 16.025 0.004
2697.74434 15.913 0.004
2697.75519 15.711 0.004
2697.76602 15.599 0.004
2697.77718 15.528 0.003
2697.78802 15.488 0.003
2697.80102 15.469 0.003
2697.81187 15.490 0.003
2697.82275 15.541 0.003
2697.83363 15.627 0.003
2697.84447 15.772 0.004
2697.85530 15.950 0.004
2697.86659 15.955 0.004
2697.87740 15.780 0.004
2697.88827 15.642 0.003
2697.89915 15.550 0.003
2698.61659 15.881 0.005
2698.62744 15.993 0.004
2698.63831 15.884 0.004
2698.64917 15.704 0.004
2698.65998 15.594 0.004
2698.67084 15.535 0.003
2698.68194 15.493 0.003
2698.69285 15.474 0.003
2698.70373 15.508 0.003
2698.71459 15.554 0.003
2698.72545 15.618 0.004
2698.73627 15.752 0.004
2698.74752 15.960 0.004
2698.75836 16.016 0.004
2698.76919 15.845 0.004
2698.78002 15.679 0.004
2698.79088 15.578 0.003
2698.80176 15.518 0.003
2698.81295 15.475 0.003
2698.82380 15.465 0.003
2698.83990 15.522 0.004
2698.85076 15.572 0.003
2698.86163 15.698 0.004
2698.87248 15.872 0.004
2698.88330 15.984 0.004
2699.61040 15.546 0.004
2699.62126 15.637 0.004
2699.63213 15.762 0.004
2699.64298 15.941 0.005
2699.65387 15.983 0.005
2699.66470 15.811 0.004
2699.67588 15.658 0.004
2699.68673 15.571 0.003
2699.69756 15.503 0.003
2699.70839 15.485 0.003
2699.71925 15.483 0.003
2699.73010 15.521 0.003
2699.74131 15.586 0.003
2699.75219 15.684 0.004
2699.76300 15.855 0.004
2699.77382 16.014 0.005
2699.78465 15.985 0.005
2699.79555 15.770 0.004
2699.80677 15.625 0.004
2699.81762 15.550 0.004
2699.82839 15.499 0.003
2699.83922 15.477 0.003
2699.85006 15.478 0.004
2699.86098 15.514 0.004
2700.59845 15.486 0.004
2700.60927 15.478 0.004
2700.62013 15.496 0.004
2700.63101 15.540 0.004
2700.64190 15.624 0.004
2700.64951 15.704 0.004
2700.66037 15.885 0.005
2700.67124 16.006 0.005
2700.68209 15.897 0.004
2700.69294 15.716 0.004
2700.70378 15.601 0.004
2700.71491 15.528 0.003
2700.72578 15.490 0.003
2700.73664 15.486 0.003
2700.74749 15.501 0.003
2700.75835 15.545 0.003
2700.76925 15.622 0.004
2700.78058 15.755 0.004
2700.79146 15.972 0.004
2700.80226 16.027 0.005
2700.81311 15.861 0.004
2700.82398 15.683 0.004
2700.83486 15.577 0.003
2700.84655 15.519 0.003
2700.85738 15.477 0.003
2700.86822 15.468 0.003
2701.61148 15.521 0.004
2701.62234 15.486 0.004
2701.63322 15.474 0.004
2701.64411 15.498 0.004
2701.65497 15.553 0.004
2701.66582 15.632 0.004
2701.67709 15.789 0.004
2701.68792 15.961 0.005
2701.69877 15.970 0.005
2701.70961 15.799 0.004
2701.72046 15.651 0.004
2701.72799 15.589 0.004
2701.73885 15.521 0.004
2701.74973 15.494 0.003
2701.76059 15.489 0.003
2701.77142 15.515 0.004
2701.78227 15.562 0.004
2701.79345 15.651 0.004
2701.80428 15.805 0.004
2701.81514 16.000 0.005
2701.82605 16.016 0.005
2701.83693 15.829 0.005
2701.84778 15.663 0.004
2701.86002 15.561 0.004
2701.87090 15.510 0.004
2702.60854 15.741 0.004
2702.62391 15.573 0.004
2702.63476 15.520 0.004
2702.64566 15.488 0.004
2702.65654 15.483 0.003
2702.66736 15.503 0.004
2702.67821 15.550 0.004
2702.68938 15.639 0.004
2702.70022 15.795 0.004
2702.71110 15.975 0.005
2702.72191 15.951 0.004
2702.73279 15.783 0.004
2702.74362 15.637 0.004
2702.75478 15.557 0.004
2702.76567 15.498 0.003
2702.77657 15.482 0.003
2702.78743 15.476 0.003
2702.79831 15.519 0.004
2702.80913 15.590 0.004
2702.82035 15.701 0.004
2702.83126 15.896 0.004
2702.84210 16.025 0.005
2702.85295 15.927 0.004
2702.86383 15.743 0.004
2702.87466 15.608 0.004
2703.59362 15.823 0.005
2703.60449 16.005 0.005
2703.62945 15.752 0.005
2703.64029 15.637 0.004
2703.65111 15.542 0.004
2703.66518 15.489 0.004
2703.67604 15.480 0.004
2703.69781 15.545 0.004
2703.70868 15.619 0.005
2703.71953 15.771 0.005
2703.73329 15.986 0.005
2703.74880 15.888 0.004
2703.75967 15.726 0.005
2703.77052 15.615 0.004
2703.78138 15.540 0.004
2703.79227 15.495 0.004
2703.80317 15.488 0.004
2703.81741 15.515 0.004
2703.82829 15.577 0.004
2703.83912 15.654 0.004
2703.85003 15.824 0.004
2703.87178 15.987 0.005
2703.88403 15.774 0.005
2704.61486 15.800 0.004
2704.62575 15.984 0.005
2704.63662 16.009 0.005
2704.64745 15.822 0.004
2704.65830 15.664 0.004
2704.66944 15.564 0.003
2704.68032 15.508 0.003
2704.69116 15.475 0.003
2704.70203 15.476 0.003
2704.71289 15.506 0.003
2704.72381 15.562 0.003
2704.73493 15.663 0.004
2704.74581 15.832 0.004
2704.75672 15.978 0.004
2704.76756 15.942 0.004
2704.77841 15.754 0.004
2704.78926 15.644 0.004
2704.80043 15.552 0.003
2704.81132 15.501 0.003
2704.82216 15.480 0.003
2704.83302 15.491 0.003
2704.84388 15.538 0.004
2704.85478 15.594 0.004
2705.60383 15.509 0.003
2705.61470 15.559 0.004
2705.62557 15.646 0.004
2705.63645 15.792 0.004
2705.64734 15.980 0.005
2705.65818 16.020 0.005
2705.66954 15.824 0.004
2705.68042 15.665 0.004
2705.69127 15.567 0.004
2705.70213 15.516 0.004
2705.71298 15.480 0.004
2705.72385 15.475 0.004
2705.73499 15.518 0.004
2705.74587 15.562 0.004
2705.75672 15.665 0.004
2705.76762 15.838 0.004
2705.77852 15.994 0.005
2705.78935 15.946 0.005
2705.80080 15.757 0.004
2705.81167 15.626 0.004
2705.82258 15.610 0.003
2706.60690 15.480 0.004
2706.61777 15.485 0.004
2706.62861 15.514 0.004
2706.63946 15.576 0.004
2706.65030 15.669 0.004
2706.66113 15.839 0.005
2706.67219 16.014 0.005
2706.68305 15.985 0.005
2706.69389 15.776 0.004
2706.70472 15.628 0.004
2706.71560 15.548 0.004
2706.72647 15.484 0.004
2706.73760 15.468 0.003
2706.74844 15.480 0.004
2706.75936 15.522 0.004
2706.77020 15.570 0.004
2706.78107 15.693 0.005
2706.79196 15.864 0.005
2706.82745 15.694 0.004
2706.83834 15.593 0.004
2707.57979 15.922 0.005
2707.59063 15.724 0.004
2707.60150 15.618 0.004
2707.61236 15.543 0.003
2707.62320 15.497 0.003
2707.63404 15.476 0.003
2707.64758 15.494 0.003
2707.65846 15.557 0.003
2707.66931 15.638 0.004
2707.68015 15.782 0.004
2707.69102 15.982 0.004
2707.70190 16.007 0.004
2707.71308 15.826 0.004
2707.72391 15.660 0.004
2707.73479 15.563 0.003
2707.74565 15.514 0.003
2707.75650 15.477 0.003
2707.76740 15.469 0.003
2707.77877 15.511 0.003
2707.78963 15.563 0.004
2707.80051 15.653 0.004
2707.81138 15.829 0.004
2707.82224 15.977 0.005
2707.83311 15.946 0.005
2708.58633 15.965 0.005
2708.59717 15.972 0.005
2708.60803 15.800 0.004
2708.61892 15.655 0.004
2708.62981 15.507 0.003
2708.64067 15.507 0.003
2708.65643 15.478 0.003
2708.66727 15.500 0.003
2708.67816 15.546 0.003
2708.69390 15.663 0.003
2708.70479 15.832 0.004
2708.71568 16.012 0.004
2708.72653 15.982 0.004
2708.73736 15.784 0.004
2708.74818 15.635 0.003
2708.75942 15.582 0.004
2708.77294 15.501 0.004
2708.79473 15.497 0.004
2708.81167 15.563 0.004
2708.82252 15.655 0.004
2708.83335 15.816 0.004
2709.57617 15.553 0.003
2709.58995 15.668 0.004
2709.60082 15.830 0.004
2709.61169 15.988 0.005
2709.62254 15.923 0.004
2709.63336 15.760 0.004
2709.64423 15.616 0.004
2709.65556 15.543 0.003
2709.66646 15.494 0.003
2709.67734 15.472 0.003
2709.68817 15.495 0.003
2709.69904 15.541 0.003
2709.70989 15.602 0.003
2709.72097 15.728 0.004
2709.73182 15.914 0.004
2709.74270 16.022 0.004
2709.75359 15.892 0.004
2709.76443 15.702 0.003
2709.77531 15.585 0.003
2709.78684 15.526 0.003
2709.79769 15.493 0.003
2709.80857 15.478 0.003
2709.81946 15.501 0.003
2709.83033 15.537 0.003
2709.84115 15.613 0.003
2710.56858 15.481 0.004
2710.57944 15.485 0.004
2710.59027 15.520 0.004
2710.60108 15.575 0.004
2710.61197 15.671 0.004
2710.62283 15.836 0.005
2710.63402 16.004 0.006
2710.64484 15.940 0.005
2710.65574 15.740 0.005
2710.66657 15.614 0.004
2710.67744 15.540 0.003
2710.68827 15.494 0.003
2710.69938 15.479 0.003
2710.71030 15.499 0.003
2710.72117 15.539 0.003
2710.73202 15.602 0.003
2710.74290 15.724 0.004
2710.75377 15.917 0.004
2710.76493 16.028 0.004
2710.77577 15.889 0.004
2710.78664 15.706 0.004
2710.79749 15.589 0.004
2710.80836 15.527 0.003
2710.81926 15.480 0.003
2711.57920 15.511 0.004
2711.59005 15.476 0.003
2711.60089 15.473 0.003
2711.61171 15.513 0.004
2711.62261 15.577 0.004
2711.63349 15.663 0.004
2711.64938 15.898 0.004
2711.66020 15.994 0.005
2711.67103 15.855 0.004
2711.68187 15.688 0.004
2711.69272 15.585 0.003
2711.70355 15.526 0.003
2711.71488 15.484 0.003
2711.72571 15.477 0.003
2711.73658 15.508 0.003
2711.74740 15.559 0.003
2711.76304 15.694 0.003
2711.76656 15.757 0.004
2711.77741 15.945 0.004
2711.78820 16.028 0.004
2711.79902 15.865 0.004
2711.80986 15.687 0.004
2711.82071 15.574 0.003
2712.57265 15.757 0.004
2712.58348 15.617 0.004
2712.59430 15.542 0.004
2712.60514 15.506 0.004
2712.61598 15.472 0.004
2712.62683 15.496 0.004
2712.63810 15.532 0.004
2712.64895 15.597 0.004
2712.65980 15.717 0.004
2712.67067 15.899 0.005
2712.68586 15.963 0.005
2712.69670 15.798 0.004
2712.70752 15.657 0.004
2712.71840 15.559 0.004
2712.72927 15.507 0.004
2712.74012 15.481 0.004
2712.76630 15.547 0.004
2712.77719 15.612 0.004
2712.78806 15.736 0.004
2712.79890 15.944 0.004
2712.80977 16.024 0.005
2712.82146 15.866 0.004
2712.83230 15.692 0.004
2713.58006 16.002 0.006
2713.59089 15.817 0.005
2713.60176 15.646 0.004
2713.61265 15.558 0.004
2713.62352 15.512 0.004
2713.63437 15.473 0.004
2713.64561 15.477 0.003
2713.65646 15.515 0.004
2713.66734 15.574 0.004
2713.67817 15.669 0.004
2713.68907 15.836 0.004
2713.69989 15.987 0.005
2713.71108 15.920 0.005
2713.72199 15.747 0.005
2713.73282 15.617 0.004
2713.74370 15.543 0.004
2713.75451 15.496 0.003
2713.76538 15.477 0.003
2713.77672 15.494 0.004
2713.79626 15.605 0.004
2713.81165 15.769 0.004
2713.82251 15.981 0.005
2714.56531 15.611 0.004
2714.57614 15.740 0.004
2714.59127 15.987 0.005
2714.60214 15.995 0.005
2714.61297 15.814 0.004
2714.62384 15.655 0.004
2714.63470 15.561 0.004
2714.64558 15.503 0.003
2714.65689 15.482 0.003
2714.66773 15.484 0.003
2714.67860 15.506 0.003
2714.68943 15.569 0.003
2714.70030 15.671 0.004
2714.71117 15.846 0.004
2714.72224 15.983 0.004
2714.73308 15.917 0.004
2714.74391 15.742 0.004
2714.75475 15.619 0.004
2714.76563 15.540 0.003
2714.77643 15.495 0.003
2714.78757 15.483 0.003
2714.79844 15.491 0.003
2714.80930 15.536 0.003
2714.82014 15.597 0.003
2715.53192 15.554 0.005
2715.55167 15.488 0.005
2715.56249 15.499 0.005
2715.57334 15.529 0.005
2715.58417 15.587 0.005
2715.59502 15.695 0.005
2715.60591 15.872 0.006
2715.62116 16.017 0.005
2715.63200 15.860 0.005
2715.64286 15.688 0.004
2715.65372 15.582 0.004
2715.66459 15.517 0.004
2715.67542 15.483 0.004
2715.68677 15.480 0.003
2715.69766 15.503 0.004
2715.70851 15.551 0.004
2715.71936 15.635 0.004
2715.73022 15.788 0.004
2715.74104 15.971 0.005
2715.75225 15.976 0.005
2715.76310 15.785 0.004
2715.77393 15.644 0.004
2715.78479 15.556 0.004
2715.79563 15.500 0.003
2715.80653 15.467 0.004
2719.55815 15.715 0.005
2719.56906 15.901 0.005
2719.57994 16.002 0.006
2719.59078 15.891 0.005
2719.61267 15.586 0.004
2719.63447 15.479 0.004
2719.64883 15.476 0.004
2719.65968 15.504 0.004
2719.67055 15.559 0.004
2719.68137 15.661 0.004
2719.69227 15.827 0.004
2719.71215 15.988 0.005
2719.72303 15.789 0.004
2719.73389 15.644 0.004
2719.74790 15.540 0.004
2719.75871 15.500 0.004
2719.76958 15.474 0.004
2719.78039 15.485 0.004
2719.79124 15.527 0.004
2719.80643 15.625 0.004
2719.81729 15.768 0.004
2720.62316 15.714 0.004
2720.70384 15.669 0.004
2720.71469 15.843 0.004
2720.72553 16.015 0.005
2720.74633 15.786 0.004
2720.75721 15.622 0.004
2720.76956 15.541 0.004
2720.78045 15.495 0.004
2720.79132 15.472 0.004
2720.80656 15.487 0.004
2720.81743 15.535 0.004
2720.82832 15.617 0.004
2720.83919 15.757 0.004
2721.54795 15.478 0.004
2721.57629 15.509 0.004
2721.60027 15.688 0.004
2721.61546 15.924 0.005
2721.62743 15.986 0.005
2721.69914 15.487 0.004
2721.71003 15.541 0.004
2721.72088 15.621 0.004
2721.73169 15.750 0.004
2721.74659 16.007 0.005
2721.75744 15.980 0.005
2721.76833 15.778 0.004
2721.78818 15.563 0.004
2721.80402 15.485 0.004
2721.81961 15.470 0.004
2722.71956 15.492 0.004
2722.73039 15.535 0.004
2722.74381 15.636 0.005
2722.75465 15.775 0.005
2722.76551 15.970 0.006
2722.78548 15.876 0.005
2722.79632 15.694 0.005
2722.80717 15.584 0.004
2722.81803 15.522 0.005
2722.82890 15.489 0.005
2723.65292 15.817 0.004
2723.67588 15.920 0.004
2724.54402 15.792 0.004
2724.55490 15.967 0.005
2724.56792 15.970 0.005
2724.57878 15.791 0.004
2724.58961 15.638 0.004
2724.61429 15.496 0.003
2724.62514 15.470 0.003
2724.63601 15.484 0.003
2724.64685 15.523 0.003
2724.65768 15.591 0.004
2724.66855 15.708 0.004
2724.67982 15.902 0.004
2724.69067 15.995 0.005
2724.70159 15.865 0.004
2724.71246 15.693 0.004
2724.72340 15.583 0.003
2724.73427 15.524 0.003
2724.74605 15.483 0.004
2724.75692 15.479 0.003
2724.76778 15.510 0.004
2724.78059 15.574 0.004
2724.79146 15.667 0.004
2724.80230 15.835 0.005
2783.56828 15.814 0.004
2784.47307 15.966 0.005
2786.54044 15.765 0.005
2787.53860 15.954 0.005
4142.77071 15.990 0.005
4142.77416 15.994 0.005
4142.77755 15.975 0.005
4142.78092 15.929 0.005
4142.78430 15.877 0.005
4142.78775 15.810 0.005
4142.79330 15.721 0.005
4142.79674 15.673 0.004
4142.80012 15.639 0.004
4142.80351 15.607 0.004
4142.80695 15.572 0.004
4142.81039 15.552 0.004
4142.81378 15.539 0.004
4142.81724 15.521 0.004
4142.82061 15.509 0.004
4142.82407 15.489 0.004
4142.83011 15.474 0.004
4142.83350 15.466 0.004
4142.83695 15.467 0.004
4142.84041 15.474 0.004
4142.84387 15.474 0.004
4142.84724 15.481 0.004
4142.85070 15.494 0.004
4142.85415 15.505 0.004
4142.85759 15.519 0.004
4142.86095 15.551 0.004
4142.86442 15.567 0.004
4174.56569 15.750 0.004
4174.58049 16.020 0.005
4174.59492 15.921 0.005
4174.60936 15.688 0.004
4174.62554 15.546 0.004
4174.63998 15.493 0.003
4174.65442 15.488 0.003
4174.66958 15.543 0.003
4174.68400 15.638 0.004
4174.69845 15.836 0.004
4174.71566 15.978 0.005
4174.73012 15.753 0.004
4174.74455 15.582 0.004
4174.75935 15.500 0.004
4219.46799 15.526 0.004
4219.47431 15.502 0.004
4219.48062 15.477 0.004
4219.48698 15.471 0.004
4219.49321 15.474 0.004
4219.49950 15.484 0.004
4219.50577 15.511 0.004
4219.51213 15.526 0.004
4219.51843 15.565 0.004
4219.52476 15.620 0.004
4219.53106 15.696 0.004
4219.53745 15.821 0.004
4219.54368 15.931 0.005
4219.55003 16.023 0.005
4219.55630 16.039 0.005
4219.56267 15.981 0.005
4219.56893 15.870 0.004
4219.57524 15.747 0.004
4219.58152 15.667 0.004
4219.58791 15.607 0.004
4219.59417 15.578 0.004
4219.60049 15.538 0.004
4219.60680 15.511 0.004
4219.61317 15.491 0.004
4219.62027 15.493 0.004
4219.62654 15.501 0.004
4219.63280 15.514 0.004
4219.63918 15.532 0.004
4219.64547 15.575 0.004
4219.65175 15.626 0.004
4219.65801 15.689 0.005
