4149.69018 18.617 0.036
4149.70154 18.473 0.030
4149.71285 18.544 0.027
4149.72418 18.464 0.023
4149.73552 18.464 0.024
4149.74803 18.488 0.024
4149.75935 18.501 0.024
4149.77070 18.527 0.027
4149.78205 18.694 0.029
4149.79334 18.816 0.033
4149.80473 18.984 0.044
4149.81649 18.942 0.044
4149.82785 18.812 0.040
4149.83913 18.750 0.035
4150.64930 18.907 0.033
4150.66063 18.678 0.029
4150.67194 18.558 0.025
4150.69319 18.509 0.027
4150.70451 18.419 0.026
4150.71583 18.559 0.032
4150.72709 18.474 0.028
4150.73837 18.528 0.030
4150.74968 18.492 0.028
4150.76120 18.640 0.031
4150.77244 18.838 0.035
4150.78376 18.998 0.040
4150.79507 19.013 0.047
4150.80658 18.947 0.050
4150.81789 18.691 0.038
4150.82924 18.698 0.039
4150.84056 18.540 0.037
4151.60030 18.811 0.048
4151.62920 18.885 0.049
4151.68541 18.391 0.036
4151.71092 18.515 0.033
4151.73635 18.602 0.035
4151.76312 18.907 0.053
4151.78863 18.959 0.045
4151.81408 18.590 0.032
4152.66871 18.432 0.038
4152.68004 18.402 0.034
4152.69135 18.391 0.033
4152.70265 18.506 0.041
4152.71399 18.619 0.037
4152.72633 18.647 0.038
4152.73768 18.925 0.054
4152.74901 19.002 0.058
4152.76032 19.092 0.057
4152.77160 18.977 0.055
4152.78299 18.709 0.045
4152.79454 18.596 0.038
4152.80585 18.589 0.040
4152.81716 18.550 0.043
4152.82853 18.413 0.038
4153.61724 18.567 0.027
4153.62852 18.560 0.028
4153.63986 18.457 0.025
4153.65117 18.438 0.025
4153.66248 18.435 0.024
4153.67376 18.438 0.023
4153.68544 18.536 0.027
4153.69679 18.563 0.027
4153.70814 18.690 0.029
4153.71944 18.784 0.030
4153.73075 19.039 0.039
4153.74208 19.010 0.040
4153.75487 18.856 0.038
4153.80690 18.519 0.031
4153.81823 18.491 0.031
4153.82955 18.410 0.026
4154.60943 18.535 0.038
4154.62420 18.439 0.035
4154.63554 18.370 0.033
4154.64945 18.382 0.036
4154.66075 18.394 0.036
4154.67202 18.474 0.032
4154.68334 18.518 0.038
4154.69469 18.703 0.041
4154.70607 18.808 0.040
4154.71765 18.966 0.045
4154.72895 19.026 0.051
4154.74028 18.849 0.043
4154.75157 18.671 0.034
4154.76290 18.507 0.032
4154.77420 18.526 0.033
4154.78571 18.464 0.030
4154.79703 18.394 0.027
4154.80832 18.361 0.028
4154.81967 18.410 0.032
4155.72686 18.837 0.028
4155.75236 18.525 0.024
4155.77990 18.409 0.021
4155.80538 18.492 0.024
4156.60511 18.458 0.030
4156.61645 18.439 0.027
4156.62779 18.458 0.033
4156.63910 18.523 0.035
4156.65042 18.561 0.037
4156.66178 18.702 0.038
4156.67418 18.968 0.038
4156.68547 18.852 0.042
4156.69679 19.006 0.036
4156.70806 18.769 0.027
4156.71936 18.585 0.027
4156.73069 18.519 0.031
4156.74231 18.471 0.027
4156.75364 18.375 0.030
4156.76496 18.390 0.029
4156.77630 18.368 0.027
4156.78768 18.344 0.031
4156.79903 18.543 0.035
4156.81825 18.646 0.040
4157.60888 18.421 0.038
4157.62152 18.504 0.040
4157.63287 18.597 0.032
4157.64419 18.790 0.041
4157.65552 18.882 0.048
4157.66681 19.013 0.045
4157.67816 19.069 0.060
4157.68974 18.702 0.043
4157.70109 18.640 0.039
4157.71245 18.508 0.031
4157.72376 18.479 0.028
4157.73508 18.448 0.026
4157.74640 18.466 0.027
4157.75830 18.489 0.027
4157.76966 18.508 0.026
4157.78101 18.541 0.030
4157.79236 18.579 0.030
4157.80368 18.745 0.035
4158.60474 18.581 0.035
4158.61610 18.547 0.042
4158.63121 18.756 0.047
4158.64251 18.918 0.046
4158.65383 18.826 0.052
4158.67235 18.694 0.043
4158.68367 18.591 0.037
4158.69493 18.519 0.032
4158.70628 18.467 0.028
4158.71761 18.435 0.025
4158.72919 18.469 0.027
4158.74050 18.445 0.027
4158.75183 18.518 0.031
4158.76315 18.515 0.030
4158.77448 18.547 0.032
4158.78579 18.678 0.033
4158.79854 18.785 0.039
4159.70496 18.467 0.030
4159.73044 18.473 0.031
4159.75596 18.593 0.031
4159.78144 18.943 0.044
4159.80691 18.992 0.044
4160.60849 19.024 0.060
4160.61979 19.020 0.061
4160.63113 18.864 0.046
4160.64246 18.706 0.049
4160.65382 18.565 0.041
4160.66517 18.486 0.040
4160.67661 18.396 0.039
4160.70562 18.363 0.040
4160.71698 18.490 0.039
4160.72831 18.533 0.043
4160.75263 18.834 0.050
4160.76399 18.959 0.053
4160.77648 18.952 0.061
4160.78781 18.956 0.063
4160.79916 18.897 0.059
4161.59061 18.877 0.049
4161.60196 18.989 0.046
4161.61328 18.790 0.041
4161.62456 18.637 0.034
4161.63588 18.600 0.033
4161.64772 18.486 0.030
4161.65902 18.495 0.030
4161.67037 18.470 0.028
4161.68172 18.452 0.027
4161.69303 18.585 0.033
4161.70442 18.560 0.031
4161.71602 18.615 0.035
4161.72737 18.611 0.035
4161.73861 18.831 0.039
4161.74998 18.993 0.048
4161.76133 19.004 0.046
4161.77265 18.932 0.046
4161.78442 18.809 0.039
4161.79711 18.579 0.034
4162.61576 18.595 0.048
4162.62712 18.443 0.043
4162.64020 18.413 0.039
4162.65152 18.488 0.035
4162.66284 18.436 0.032
4162.67419 18.548 0.038
4162.68555 18.564 0.041
4162.69684 18.586 0.034
4162.71141 18.647 0.035
4162.72273 18.895 0.043
4162.73407 19.007 0.046
4162.74539 19.026 0.043
4162.75671 18.900 0.041
4162.76805 18.656 0.035
4162.78373 18.543 0.032
4162.79506 18.493 0.039
4163.67069 18.534 0.033
4163.69609 18.787 0.044
4163.72531 18.979 0.046
4163.75081 18.582 0.037
4163.77622 18.480 0.038
4164.58425 18.490 0.036
4164.59715 18.465 0.033
4164.60850 18.475 0.034
4164.61983 18.425 0.032
4164.63119 18.401 0.031
4164.64253 18.460 0.031
4164.65390 18.516 0.035
4164.66557 18.546 0.035
4164.67690 18.697 0.039
4164.68820 18.880 0.041
4164.70036 18.968 0.046
4164.71168 18.883 0.045
4164.72299 18.792 0.043
4164.73467 18.604 0.039
4164.74599 18.527 0.035
4164.75730 18.480 0.032
4164.76863 18.453 0.033
4164.77997 18.411 0.033
4164.79409 18.385 0.038
4165.60124 18.409 0.030
4165.61278 18.419 0.031
4165.62439 18.473 0.032
4165.63604 18.428 0.029
4165.64740 18.559 0.033
4165.65870 18.661 0.036
4165.67031 18.867 0.044
4165.68164 18.895 0.043
4165.69299 18.984 0.046
4165.70453 18.844 0.042
4165.71581 18.690 0.038
4165.72714 18.541 0.036
4165.73918 18.432 0.033
4165.75049 18.411 0.036
4165.76180 18.419 0.034
4165.77771 18.466 0.038
4165.78902 18.415 0.036
4166.60336 18.417 0.043
4166.61501 18.477 0.039
4166.62680 18.650 0.059
4166.63835 18.707 0.056
4166.64966 18.945 0.059
4166.70720 18.647 0.047
4166.73254 18.530 0.047
4166.74912 18.649 0.060
4166.78676 18.601 0.063
4166.81567 19.009 0.074
4167.64863 19.069 0.047
4167.67436 18.804 0.042
4167.69992 18.578 0.032
4167.72569 18.439 0.027
4167.75122 18.444 0.029
4167.77667 18.543 0.036
4168.59044 18.511 0.024
4168.60215 18.668 0.027
4168.61385 18.866 0.033
4168.62521 18.959 0.035
4168.63650 19.032 0.039
4168.64825 18.913 0.035
4168.65963 18.701 0.029
4168.67095 18.612 0.028
4168.68263 18.555 0.027
4168.69393 18.472 0.026
4168.70524 18.471 0.024
4168.71657 18.384 0.024
4168.72788 18.414 0.029
4168.74230 18.473 0.028
4168.75367 18.540 0.030
4168.76534 18.640 0.032
4168.77709 18.794 0.034
4169.58019 18.618 0.030
4169.59185 18.863 0.041
4169.60313 19.017 0.045
4169.61439 19.045 0.050
4169.62571 19.061 0.052
4169.64149 18.791 0.038
4169.65279 18.626 0.033
4169.66409 18.581 0.030
4169.67540 18.491 0.029
4169.68725 18.469 0.028
4169.69857 18.480 0.027
4169.70987 18.460 0.026
4169.72113 18.486 0.030
4169.73241 18.582 0.028
4169.74369 18.626 0.030
4169.75567 18.795 0.036
4169.76741 18.992 0.040
4170.57407 18.785 0.035
4170.58650 18.969 0.039
4170.59829 19.002 0.041
4170.62423 18.667 0.030
4170.63556 18.562 0.027
4170.64686 18.552 0.028
4170.65813 18.503 0.027
4170.66980 18.455 0.026
4170.68110 18.407 0.027
4170.69238 18.398 0.024
4170.70367 18.459 0.024
4170.71494 18.542 0.026
4170.72619 18.648 0.029
4170.73794 18.730 0.032
4170.74924 18.955 0.040
4170.76054 18.941 0.039
4170.77182 18.938 0.041
4174.57133 18.561 0.037
4174.58613 18.484 0.032
4174.60059 18.435 0.028
4174.61501 18.421 0.026
4174.63118 18.485 0.025
4174.64560 18.499 0.026
4174.66007 18.691 0.030
4174.67522 18.948 0.039
4174.68965 18.996 0.037
4174.70409 18.928 0.035
4174.72133 18.615 0.027
4174.73578 18.513 0.027
4174.75019 18.493 0.027
4174.76498 18.463 0.027
4175.65955 18.920 0.041
4175.68545 18.838 0.040
4175.71086 18.534 0.031
4175.73624 18.368 0.028
4175.76987 18.437 0.031
4176.56445 18.470 0.024
4176.57632 18.427 0.024
4176.58761 18.435 0.023
4176.59891 18.466 0.023
4176.61140 18.531 0.024
4176.62271 18.664 0.028
4176.63397 18.832 0.031
4176.64526 19.012 0.034
4176.65652 18.922 0.033
4176.66784 18.800 0.032
4176.67952 18.698 0.027
4176.69081 18.595 0.024
4176.70212 18.516 0.023
4176.71342 18.503 0.023
4176.72466 18.461 0.023
4176.73594 18.471 0.023
4176.74817 18.497 0.024
4176.75974 18.534 0.026
4177.56271 18.461 0.034
4177.57398 18.474 0.033
4177.58522 18.481 0.032
4177.59647 18.541 0.033
4177.60776 18.723 0.039
4177.61905 18.857 0.043
4177.63077 19.006 0.047
4177.64205 19.006 0.046
4177.65334 18.867 0.036
4177.66465 18.655 0.028
4177.67593 18.589 0.025
4177.68725 18.524 0.025
4177.69894 18.474 0.027
4177.71025 18.461 0.025
4177.72153 18.452 0.025
4177.73282 18.426 0.023
4177.74408 18.504 0.026
4177.75536 18.547 0.028
4178.55309 18.433 0.034
4178.56435 18.462 0.032
4178.57566 18.545 0.031
4178.58693 18.580 0.033
4178.59816 18.759 0.038
4178.60942 18.906 0.036
4178.62092 18.958 0.038
4178.63217 18.864 0.037
4178.64346 18.677 0.035
4178.65471 18.576 0.031
4178.66601 18.510 0.025
4178.67727 18.444 0.025
4178.68887 18.467 0.025
4178.70011 18.436 0.024
4178.71143 18.498 0.028
4178.72270 18.492 0.028
4178.73398 18.544 0.029
4178.74525 18.618 0.029
4178.75705 18.705 0.034
4179.66228 18.450 0.024
4179.68767 18.430 0.023
4179.71492 18.536 0.026
4179.72618 18.577 0.026
4179.74188 18.767 0.031
4179.75358 18.979 0.038
4180.55447 18.727 0.040
4180.56601 18.865 0.049
4180.57751 19.041 0.053
4180.58912 18.997 0.056
4180.60043 18.885 0.041
4180.61171 18.673 0.032
4180.62299 18.592 0.030
4180.63428 18.509 0.030
4180.64553 18.498 0.026
4180.65718 18.465 0.025
4180.66847 18.446 0.024
4180.67976 18.551 0.027
4180.69104 18.534 0.025
4180.70233 18.520 0.027
4180.71360 18.700 0.030
4180.72644 18.910 0.036
4180.73770 18.957 0.037
4180.74952 18.994 0.039
4181.55312 19.039 0.056
4181.56475 18.991 0.044
4181.57633 18.924 0.041
4181.58790 18.671 0.036
4181.60148 18.603 0.032
4181.61311 18.539 0.030
4181.62810 18.445 0.027
4181.63980 18.510 0.028
4181.65147 18.554 0.029
4181.66316 18.486 0.029
4181.67443 18.527 0.028
4181.68570 18.565 0.027
4181.69698 18.751 0.033
4181.70826 18.857 0.034
4181.71954 18.973 0.040
4181.73110 18.997 0.041
4181.74240 18.911 0.038
4181.75369 18.694 0.035
4182.54706 18.859 0.041
4182.55847 18.907 0.047
4182.57021 18.695 0.041
4182.58145 18.599 0.034
4182.59270 18.556 0.032
4182.60428 18.477 0.031
4182.61555 18.443 0.030
4182.62683 18.474 0.027
4182.63811 18.464 0.026
4182.64940 18.503 0.026
4182.66069 18.552 0.026
4182.67218 18.578 0.026
4182.68347 18.719 0.030
4182.69474 18.869 0.032
4182.70599 19.060 0.039
4182.71264 18.885 0.037
4182.72792 18.726 0.031
4182.74040 18.616 0.028
4183.53786 18.889 0.048
4183.55257 18.686 0.039
4183.56418 18.535 0.030
4183.57543 18.525 0.029
4183.58674 18.472 0.027
4183.59800 18.458 0.026
4183.60928 18.450 0.025
4183.62058 18.477 0.026
4183.63203 18.475 0.026
4183.64332 18.602 0.029
4183.65462 18.596 0.028
4183.66591 18.826 0.034
4183.67714 18.830 0.035
4183.68846 18.875 0.039
4183.70005 19.007 0.042
4183.71133 18.768 0.032
4183.72263 18.606 0.028
4183.73392 18.531 0.029
4183.74519 18.480 0.030
4184.53711 18.645 0.037
4184.55775 18.479 0.033
4184.56922 18.463 0.027
4184.58069 18.452 0.026
4184.59225 18.437 0.026
4184.60355 18.475 0.027
4184.61481 18.558 0.029
4184.62610 18.588 0.029
4184.63739 18.643 0.029
4184.64868 18.801 0.032
4184.66008 18.989 0.038
4184.67132 18.946 0.039
4184.68260 18.969 0.040
4184.69388 18.839 0.034
4184.70518 18.651 0.031
4184.71652 18.580 0.030
4184.73161 18.522 0.028
4184.74314 18.442 0.025
4185.58413 18.412 0.036
4185.59934 18.468 0.031
4185.61108 18.529 0.033
4185.62238 18.674 0.036
4185.63368 18.816 0.038
4185.64528 19.024 0.045
4185.65652 18.976 0.044
4185.66783 18.937 0.039
4185.68009 18.711 0.031
4185.69174 18.571 0.029
4185.70303 18.436 0.029
4185.71429 18.448 0.029
4185.72599 18.443 0.030
4185.73769 18.477 0.030
4190.52420 18.639 0.039
4190.53577 18.681 0.048
4190.54868 18.834 0.047
4190.56028 19.020 0.057
4190.57155 18.992 0.050
4190.58287 18.883 0.043
4190.59445 18.677 0.035
4190.60576 18.558 0.033
4190.61705 18.505 0.037
4190.62836 18.564 0.040
4190.63966 18.413 0.036
4190.65096 18.522 0.042
4190.66257 18.429 0.034
4190.67384 18.451 0.041
4190.68515 18.674 0.037
4190.69641 18.651 0.038
4190.70767 18.759 0.045
4190.71892 18.964 0.053
4190.73058 19.050 0.054
4191.56257 18.952 0.067
4191.57428 18.637 0.047
4191.58596 18.653 0.046
4191.59727 18.554 0.045
4191.60851 18.501 0.039
4191.62014 18.508 0.042
4191.63145 18.557 0.040
4191.65636 18.444 0.039
4191.66765 18.644 0.041
4191.67891 18.655 0.047
4191.74335 18.590 0.053
4192.53926 19.064 0.063
4192.55053 18.765 0.048
4192.56181 18.633 0.044
4192.57309 18.600 0.040
4192.58433 18.501 0.039
4192.59564 18.451 0.034
4192.60737 18.475 0.041
4192.61865 18.443 0.035
4192.62993 18.531 0.038
4192.64117 18.598 0.042
4192.65244 18.645 0.046
4192.66373 18.695 0.047
4192.67678 18.834 0.052
4192.68803 18.965 0.056
4192.69931 18.938 0.053
4192.71059 18.766 0.048
4192.72190 18.710 0.054
4192.73316 18.577 0.050
4192.74542 18.403 0.044
4193.52672 18.888 0.060
4193.53802 18.747 0.048
4193.54928 18.588 0.040
4193.56056 18.495 0.036
4193.57184 18.496 0.034
4193.58311 18.462 0.032
4193.59651 18.477 0.035
4193.60779 18.497 0.033
4193.61909 18.431 0.032
4193.63039 18.549 0.034
4193.64170 18.640 0.035
4193.65302 18.826 0.040
4193.66551 18.971 0.047
4193.67676 18.876 0.047
4193.68802 18.865 0.046
4193.69928 18.731 0.048
4193.71058 18.613 0.041
4193.72187 18.513 0.041
4194.58550 18.397 0.028
4194.59677 18.455 0.029
4194.60809 18.546 0.033
4194.61938 18.617 0.039
4194.63063 18.761 0.041
4194.64192 18.932 0.050
4194.66242 19.051 0.053
4194.67374 18.870 0.045
4194.68499 18.608 0.035
4194.69625 18.545 0.037
4194.70754 18.497 0.037
4194.71879 18.457 0.036
4194.73266 18.427 0.031
4194.74396 18.488 0.035
4196.54839 18.448 0.037
4196.55965 18.473 0.039
4196.57093 18.605 0.037
4196.58219 18.657 0.038
4196.59349 18.722 0.047
4196.60475 18.992 0.058
4196.61637 18.976 0.049
4196.62478 18.912 0.043
4196.63605 18.908 0.040
4196.64735 18.692 0.037
4196.65860 18.574 0.035
4196.66989 18.514 0.035
4196.68115 18.420 0.032
4196.69458 18.461 0.035
4196.70586 18.464 0.034
4196.71715 18.492 0.036
4196.72846 18.505 0.033
4196.73974 18.680 0.037
4197.51579 18.388 0.026
4197.52710 18.424 0.027
4197.53839 18.435 0.025
4197.54966 18.485 0.026
4197.56091 18.594 0.029
4197.57218 18.688 0.032
4197.58387 18.893 0.035
4197.59519 18.907 0.038
4197.60650 19.013 0.046
4197.61781 18.972 0.042
4197.62909 18.708 0.032
4197.64046 18.531 0.028
4197.65169 18.586 0.029
4197.66296 18.511 0.027
4197.67424 18.458 0.026
4197.68550 18.471 0.028
4197.70083 18.437 0.028
4197.71210 18.463 0.027
4197.72337 18.553 0.030
4197.73465 18.747 0.039
4197.74594 18.764 0.036
4197.78296 18.909 0.045
4197.79425 18.677 0.043
4197.80558 18.581 0.036
4197.81692 18.420 0.037
4198.55150 18.668 0.033
4198.56285 18.819 0.033
4198.57412 18.955 0.041
4198.58538 18.986 0.039
4198.59663 18.925 0.036
4198.60790 18.758 0.030
4198.61937 18.668 0.029
4198.63064 18.499 0.025
4198.64193 18.483 0.027
4198.65318 18.429 0.025
4198.66448 18.503 0.030
4198.67579 18.471 0.029
4198.68733 18.499 0.032
4198.69862 18.492 0.030
4198.70992 18.538 0.030
4198.72668 18.756 0.038
4198.73798 19.023 0.043
4198.74926 19.030 0.043
4198.76057 19.022 0.042
4198.77189 18.800 0.034
4198.78318 18.595 0.027
4199.51979 18.524 0.029
4199.53109 18.540 0.029
4199.54237 18.669 0.032
4199.55363 18.865 0.036
4199.56489 18.964 0.041
4199.57615 18.908 0.036
4199.58766 18.746 0.033
4199.59892 18.592 0.028
4199.61017 18.507 0.027
4199.62142 18.462 0.028
4199.63270 18.359 0.028
4199.64401 18.364 0.027
4199.66519 18.476 0.028
4199.67649 18.478 0.028
4199.68783 18.525 0.031
4199.69908 18.594 0.032
4199.71037 18.827 0.041
4199.72170 18.997 0.049
4199.73616 18.948 0.048
4199.74745 18.747 0.046
4199.75877 18.694 0.041
4199.77008 18.564 0.037
4199.78137 18.425 0.037
4199.79265 18.564 0.037
4199.80431 18.584 0.043
4202.65204 18.710 0.037
4202.66336 19.036 0.051
4202.67467 19.009 0.050
4202.68596 18.980 0.048
4202.69724 18.776 0.043
4202.70847 18.649 0.036
4202.72017 18.608 0.034
4203.49546 18.979 0.065
4203.51180 18.777 0.046
4203.52310 18.629 0.035
4203.53439 18.539 0.033
4203.54567 18.543 0.033
4203.55697 18.492 0.031
4203.56827 18.461 0.027
4203.57977 18.421 0.025
4203.59106 18.475 0.027
4203.60231 18.492 0.027
4203.61358 18.563 0.028
4203.62485 18.666 0.031
4203.63610 18.882 0.038
4203.64768 18.997 0.045
4203.65896 18.975 0.040
4203.67028 19.009 0.038
4203.68159 18.778 0.031
4203.69288 18.626 0.028
4203.70415 18.542 0.026
4204.50300 18.744 0.053
4204.51431 18.448 0.041
4204.52561 18.492 0.036
4204.53684 18.448 0.035
4204.54811 18.446 0.033
4204.55944 18.481 0.031
4204.57103 18.440 0.031
4204.58233 18.545 0.035
4204.59362 18.593 0.033
4204.60491 18.645 0.033
4204.61622 18.714 0.036
4204.62748 19.043 0.049
4204.63910 18.998 0.046
4204.65041 19.094 0.052
4204.66171 18.691 0.040
4204.67296 18.655 0.035
4204.68426 18.581 0.031
4204.69553 18.472 0.029
4205.48539 18.699 0.047
4205.49670 18.559 0.033
4205.50799 18.515 0.037
4205.51930 18.469 0.030
4205.53061 18.423 0.034
4205.54192 18.490 0.034
4205.55638 18.457 0.028
4205.56768 18.506 0.030
4205.57898 18.567 0.032
4205.59030 18.703 0.039
4205.60156 18.953 0.044
4205.61285 18.987 0.050
4205.62444 19.009 0.049
4205.63571 18.977 0.037
4205.64702 18.756 0.032
4205.65832 18.609 0.029
4205.66959 18.550 0.028
4205.68090 18.518 0.026
4205.69277 18.469 0.029
4207.61045 18.718 0.034
4207.62177 18.597 0.029
4207.63306 18.479 0.029
4207.64431 18.474 0.030
4207.65560 18.496 0.028
4207.66689 18.452 0.027
4207.68079 18.457 0.025
4208.48333 18.352 0.038
4208.49466 18.348 0.035
4208.50592 18.421 0.035
4208.51722 18.471 0.035
4208.52853 18.585 0.042
4208.53987 18.678 0.040
4208.55473 18.922 0.048
4208.56597 18.970 0.051
4208.57726 18.972 0.047
4208.58858 18.737 0.038
4208.60067 18.612 0.035
4208.61196 18.514 0.030
4208.62325 18.456 0.030
4208.63456 18.384 0.028
4208.64583 18.427 0.028
4208.65708 18.321 0.025
4208.66939 18.400 0.025
4208.68069 18.459 0.028
4209.57302 18.783 0.038
4209.58425 18.438 0.030
4209.59608 18.463 0.030
4213.48955 18.818 0.057
4213.50079 18.770 0.044
4213.51215 18.596 0.035
4213.52342 18.526 0.032
4213.53505 18.486 0.030
4213.54636 18.466 0.030
4213.55764 18.437 0.030
4213.56897 18.446 0.032
4213.58025 18.512 0.033
4213.59151 18.481 0.027
4213.60301 18.604 0.031
4213.61431 18.744 0.036
4213.62561 18.886 0.040
4213.63687 18.931 0.047
4213.64814 18.992 0.047
4213.65941 18.823 0.040
4213.67094 18.646 0.035
4213.68218 18.537 0.035
4213.69348 18.521 0.031
4215.65020 18.400 0.041
4215.66150 18.521 0.042
4215.67277 18.443 0.036
4215.68404 18.421 0.032
4215.69534 18.530 0.036
4215.70665 18.367 0.039
4216.47209 18.462 0.038
4216.48340 18.401 0.029
4216.49466 18.366 0.028
4216.50592 18.419 0.030
4216.51721 18.445 0.027
4216.52849 18.554 0.031
4216.53996 18.561 0.033
4216.55127 18.641 0.034
4216.56254 18.737 0.040
4216.57386 18.853 0.039
4216.58516 18.971 0.043
4216.59644 18.962 0.047
4216.60806 18.698 0.035
4216.61935 18.658 0.034
4216.63061 18.519 0.032
4216.64189 18.549 0.028
4216.65313 18.426 0.025
4216.66441 18.403 0.025
4217.47205 18.444 0.033
4217.48334 18.452 0.030
4217.49636 18.407 0.027
4217.50765 18.478 0.027
4217.51892 18.511 0.028
4217.53021 18.532 0.028
4217.54149 18.719 0.032
4217.55278 18.878 0.037
4217.56431 18.988 0.041
4217.57558 18.992 0.039
4217.58685 18.784 0.033
4217.60218 18.627 0.029
4217.61340 18.530 0.028
4217.62469 18.456 0.027
4217.63597 18.397 0.026
4217.64726 18.423 0.025
4217.65854 18.403 0.025
4217.67008 18.465 0.026
4218.47929 18.247 0.038
4218.49058 18.330 0.039
4218.50191 18.290 0.036
4218.51318 18.424 0.043
4218.52447 18.569 0.043
4218.53578 18.757 0.052
4218.54728 18.855 0.051
4218.55858 18.830 0.059
4218.56984 18.601 0.050
4218.58112 18.427 0.038
4218.59238 18.426 0.039
4218.60365 18.370 0.037
4218.61536 18.304 0.038
4218.62662 18.522 0.042
4218.63792 18.298 0.041
4218.64922 18.350 0.040
4218.66045 18.433 0.044
4219.47718 18.538 0.043
4219.50236 18.616 0.037
4219.52763 18.925 0.042
4219.55289 18.798 0.038
4219.57810 18.560 0.033
4219.60336 18.394 0.026
4219.62940 18.463 0.030
4219.65460 18.491 0.043
4220.50996 18.967 0.050
4220.52127 18.880 0.043
4220.53254 18.789 0.038
4220.54383 18.628 0.039
4220.55515 18.507 0.035
4220.56642 18.515 0.032
4220.57799 18.453 0.037
4220.58928 18.433 0.028
4220.60057 18.397 0.028
4220.61187 18.455 0.034
4220.62320 18.608 0.040
4220.63446 18.498 0.038
4221.47848 18.860 0.055
4221.48974 19.021 0.062
4221.50104 19.088 0.056
4221.51231 18.831 0.045
4221.52359 18.690 0.038
4221.53485 18.559 0.033
4221.54687 18.521 0.033
4221.55817 18.509 0.030
4221.56942 18.469 0.031
4221.58069 18.443 0.032
4221.59352 18.449 0.031
4221.60519 18.554 0.034
4221.61680 18.524 0.034
4222.46193 18.768 0.084
4222.47316 18.897 0.060
4222.48444 18.918 0.060
4222.49570 18.852 0.050
4222.59709 18.624 0.044
4222.60839 18.673 0.056
4222.61964 18.904 0.058
4222.63093 18.939 0.071
4224.47004 18.593 0.045
4224.48136 18.636 0.043
4224.49267 18.469 0.033
4224.50395 18.561 0.035
4224.51526 18.410 0.030
4224.52659 18.416 0.032
4225.48035 18.367 0.045
4225.49165 18.501 0.045
4225.50291 18.449 0.035
4225.54705 18.483 0.042
4225.55836 18.549 0.048
4225.58096 18.849 0.055
4226.56536 19.007 0.079
4226.62716 18.485 0.046
4227.46710 18.401 0.042
4227.47839 18.338 0.040
4227.48965 18.420 0.044
4227.50097 18.534 0.046
4227.51231 18.629 0.046
4227.52361 18.755 0.048
4227.53528 18.755 0.056
4227.54658 18.817 0.058
4227.55787 18.966 0.067
4227.56915 18.816 0.052
4227.58046 18.720 0.046
4227.59171 18.532 0.042
4227.60415 18.483 0.036
4227.61546 18.468 0.043
4227.62676 18.403 0.037
4227.63804 18.410 0.039
4227.65824 18.489 0.037
4227.66947 18.482 0.034
4227.68077 18.627 0.038
4227.69205 18.744 0.043
4227.70332 18.984 0.051
4227.71464 18.968 0.064
4227.72641 18.890 0.058
4227.73764 18.813 0.069
4227.74895 18.679 0.056
4228.47196 18.389 0.035
4228.48327 18.469 0.037
4228.49452 18.475 0.037
4228.50583 18.699 0.050
4228.51712 18.869 0.050
4228.52840 19.023 0.054
4228.53999 19.052 0.054
4228.55127 18.831 0.044
4228.56254 18.676 0.043
4228.57380 18.613 0.038
4228.58510 18.481 0.029
4228.59636 18.480 0.034
4229.46853 18.507 0.042
4229.47981 18.489 0.037
4229.49112 18.724 0.051
4229.50245 18.892 0.059
4229.51373 18.956 0.049
4229.52499 18.845 0.046
4229.53656 18.799 0.044
4229.54783 18.564 0.036
4229.55912 18.416 0.031
4229.57038 18.333 0.035
4229.58166 18.335 0.036
4229.59297 18.297 0.036
4229.60501 18.355 0.033
4230.47216 18.582 0.041
4230.48348 18.638 0.050
4230.49474 18.959 0.065
4230.50601 18.779 0.053
4230.51725 18.703 0.044
4230.52855 18.510 0.041
4230.55307 18.367 0.033
4230.56437 18.381 0.033
4230.57564 18.348 0.033
4230.58696 18.353 0.033
4230.59822 18.390 0.037
4230.61799 18.356 0.031
4231.47364 18.914 0.036
4231.54524 18.464 0.023
4231.55653 18.482 0.025
4231.56775 18.416 0.025
4231.57902 18.395 0.024
4231.59029 18.491 0.027
4231.60157 18.524 0.026
4232.47828 18.738 0.044
4232.48956 18.538 0.039
4232.50086 18.660 0.042
4232.51214 18.539 0.036
4232.52343 18.370 0.027
4232.53465 18.491 0.029
4232.54618 18.431 0.029
4232.55742 18.383 0.028
4232.56872 18.403 0.029
4232.58000 18.511 0.036
4232.59129 18.604 0.038
4232.60258 18.747 0.045
4233.55101 18.456 0.039
4233.56232 18.545 0.040
4233.57359 18.582 0.039
4233.58493 18.703 0.045
4233.59621 19.031 0.063
4233.60748 19.023 0.061
4234.47022 18.485 0.037
4234.48150 18.481 0.031
4234.49280 18.461 0.034
4234.50407 18.465 0.032
4234.51534 18.477 0.032
4234.52663 18.502 0.033
4234.53813 18.455 0.032
4234.54942 18.653 0.038
4234.56070 18.722 0.037
4234.57197 18.877 0.045
4234.58326 19.025 0.056
4234.59457 19.019 0.054
4235.46573 18.486 0.039
4235.47700 18.452 0.033
4235.48831 18.413 0.032
4235.49959 18.409 0.031
4235.51089 18.464 0.028
4235.52221 18.524 0.028
4235.53389 18.572 0.030
4235.54517 18.639 0.033
4235.55647 18.805 0.034
4235.56773 18.967 0.045
4235.57904 18.865 0.041
4235.59029 18.819 0.042
4236.46794 18.361 0.036
4236.47923 18.398 0.037
4236.49052 18.432 0.038
4236.50177 18.414 0.033
4236.51308 18.463 0.036
4236.52435 18.745 0.040
4236.53588 18.858 0.045
4236.54716 19.067 0.050
4236.55846 18.894 0.048
4236.56973 19.088 0.058
4237.52454 18.969 0.063
4237.53602 18.897 0.053
4237.54730 19.029 0.062
4237.55859 18.764 0.053
4237.56984 18.548 0.044
4237.58110 18.505 0.043
4237.59246 18.430 0.032
4238.53802 18.627 0.065
4239.45367 18.515 0.045
4239.46499 18.610 0.035
4239.47630 18.797 0.039
4239.48762 19.070 0.057
4239.49891 19.077 0.051
4239.51021 18.903 0.046
4239.52625 18.651 0.036
4239.53751 18.609 0.030
4239.54881 18.457 0.033
4239.56008 18.459 0.032
4239.57135 18.439 0.034
4239.58262 18.422 0.033
4240.45222 18.541 0.069
4240.46354 18.749 0.061
4240.47649 19.036 0.062
4240.48778 19.021 0.059
4240.49907 18.852 0.046
4240.51035 18.662 0.035
4240.52161 18.603 0.036
4240.53290 18.553 0.033
4240.54490 18.507 0.036
4240.56615 18.414 0.029
4240.57745 18.462 0.034
4241.46765 19.051 0.067
4241.47893 18.858 0.073
4241.49017 18.701 0.042
4241.50147 18.472 0.038
4241.51378 18.501 0.033
4241.52506 18.400 0.026
4241.53633 18.415 0.026
4241.54761 18.382 0.027
4243.46640 18.508 0.048
4243.52759 18.496 0.044
4243.55684 18.613 0.044
4243.56814 18.728 0.055
4243.58368 19.050 0.075
4244.45862 18.493 0.042
4244.46996 18.427 0.032
4244.48121 18.342 0.027
4244.49250 18.297 0.030
4244.50383 18.522 0.035
4244.51509 18.483 0.036
4244.52880 18.608 0.054
4244.54119 18.651 0.044
4244.55252 18.768 0.053
4244.56380 18.935 0.055
4244.57506 19.019 0.059
4245.45349 18.476 0.049
4245.46477 18.403 0.034
4245.47610 18.410 0.047
4245.48741 18.398 0.044
4245.49870 18.423 0.035
4245.50999 18.535 0.033
4245.52174 18.649 0.037
4245.53302 18.755 0.044
4245.54432 18.880 0.045
4245.55560 18.957 0.051
4245.56690 18.979 0.051
4246.47582 18.437 0.033
4246.50130 18.543 0.057
4246.53811 19.070 0.061
4246.56350 18.570 0.044
4246.58889 18.539 0.036
4246.62197 18.377 0.033
4247.45241 18.448 0.052
4247.46369 18.393 0.045
4247.47495 18.530 0.044
4247.48621 18.640 0.052
4247.49752 18.776 0.045
4247.50879 18.995 0.057
4247.52029 18.952 0.044
4247.53158 18.945 0.045
4247.54286 18.788 0.042
4247.55417 18.626 0.035
4247.56545 18.595 0.034
4249.53180 18.654 0.053
4249.54307 18.615 0.053
4249.55438 18.456 0.057
4250.46457 18.989 0.085
4250.49240 18.706 0.050
4250.51778 18.484 0.039
4250.54313 18.350 0.033
4250.56850 18.463 0.038
4250.59393 18.638 0.048
4250.61924 19.213 0.077
4253.47243 18.418 0.046
4253.48376 18.382 0.044
4253.49506 18.350 0.042
4253.50630 18.377 0.045
4255.62940 18.403 0.043
4256.46513 18.430 0.047
4256.47638 18.449 0.040
4256.48769 18.557 0.037
4256.49899 18.729 0.045
4256.51028 18.978 0.054
4256.52161 19.083 0.057
4256.53539 18.895 0.050
4256.54667 18.678 0.040
4257.45429 18.466 0.041
4257.46559 18.549 0.038
4257.47686 18.666 0.044
4257.48856 18.809 0.049
4257.49984 18.926 0.052
4257.51113 18.965 0.054
4257.52285 18.715 0.046
4257.53416 18.605 0.045
4257.54724 18.565 0.043
4258.47241 18.874 0.065
4258.48292 19.063 0.070
4258.49347 18.913 0.058
4258.50400 18.757 0.046
4258.51454 18.610 0.039
4258.52504 18.599 0.039
4258.53591 18.531 0.036
4258.54644 18.415 0.033
4267.45328 18.428 0.052
4267.46381 18.655 0.049
4267.47432 18.830 0.054
4267.48487 18.939 0.057
4267.49915 18.925 0.053
4267.50967 18.813 0.053
4267.52019 18.638 0.045
4268.51620 18.513 0.031
4269.46065 18.852 0.057
4269.47118 18.872 0.054
4269.48170 18.602 0.042
4269.49398 18.459 0.036
4269.50509 18.382 0.036
4270.51203 18.370 0.030
4271.46601 18.507 0.032
4271.47652 18.461 0.032
4271.48702 18.340 0.029
4271.49754 18.434 0.032
4274.45177 18.465 0.060
4274.46229 18.423 0.043
4274.47289 18.433 0.037
4274.48342 18.555 0.033
4274.49394 18.673 0.039
4277.46189 18.932 0.071
4277.47654 18.821 0.066
4277.49113 18.589 0.050
4278.48013 18.684 0.051
4278.49166 18.504 0.041
4278.50251 18.615 0.051
4279.49124 18.478 0.066
4279.50702 18.489 0.050
4279.52493 18.330 0.056
4279.53545 18.521 0.062
4279.54599 18.608 0.071
4279.55651 18.463 0.055
4279.56702 18.737 0.081
4279.57752 18.905 0.079
4279.58834 18.973 0.087
4282.49888 18.426 0.044
4282.50940 18.534 0.051
4282.53654 18.940 0.076
4282.54709 18.844 0.073
4282.55761 18.763 0.070
4282.56813 18.686 0.062
4282.57862 18.542 0.053
4282.58914 18.496 0.050
4283.45534 18.249 0.042
4283.46586 18.450 0.036
4284.45797 18.474 0.043
4284.46852 18.536 0.039
4286.46071 19.015 0.072
4308.48939 18.364 0.035
4308.49991 18.416 0.038
4308.51203 18.446 0.043
4308.52255 18.560 0.043
4308.53308 18.590 0.043
4308.54360 18.754 0.056
4308.55412 18.881 0.056
4308.56462 18.855 0.060
4309.53045 18.812 0.057
4309.54095 18.918 0.072
4461.81698 18.521 0.036
4461.83280 18.531 0.037
4461.84243 18.466 0.033
4461.85370 18.524 0.040
4468.82459 18.614 0.028
4468.83583 18.555 0.025
4468.84952 18.428 0.024
4470.85321 18.417 0.023
4470.86453 18.385 0.030
4471.83299 18.441 0.026
4471.84430 18.453 0.024
4471.85560 18.536 0.024
4471.86689 18.580 0.032
4472.82820 18.530 0.024
4472.83949 18.543 0.025
4472.85075 18.682 0.027
4472.86202 18.744 0.029
4472.87332 18.941 0.052
4473.80051 18.420 0.035
4473.81179 18.455 0.040
4473.82308 18.666 0.048
4473.83440 18.631 0.039
4473.84568 18.774 0.045
4473.85697 18.937 0.049
4474.86089 18.887 0.039
4474.87249 18.781 0.045
4476.85640 18.525 0.023
4476.86800 18.540 0.028
4477.84757 18.570 0.028
4477.85920 18.503 0.031
4477.87082 18.406 0.038
4478.84547 18.411 0.020
4478.85706 18.411 0.021
4478.86835 18.461 0.024
4479.87177 18.536 0.035
4481.86964 18.960 0.040
4485.86710 18.437 0.025
4485.87870 18.578 0.037
4486.86839 18.427 0.029
4486.88081 18.540 0.042
4487.87299 18.426 0.029
4487.88468 18.533 0.039
4488.87179 18.502 0.036
4488.88329 18.665 0.054
4490.82223 18.468 0.035
4490.83391 18.531 0.041
4490.84534 18.417 0.038
4491.78718 18.380 0.039
4491.80429 18.492 0.044
4491.81590 18.596 0.036
4491.82742 18.720 0.050
4491.83900 18.791 0.047
4491.85456 18.880 0.060
4491.87949 19.125 0.075
4491.89115 18.683 0.077
4492.85071 19.007 0.039
4492.86219 18.867 0.036
4492.87360 18.762 0.032
4492.88525 18.675 0.039
4493.78323 18.581 0.031
4493.79494 18.593 0.032
4493.80637 18.862 0.040
4493.81784 18.847 0.038
4493.82935 18.906 0.045
4493.84078 19.037 0.049
4493.85228 18.785 0.040
4493.86386 18.654 0.037
4493.87533 18.662 0.038
4493.88692 18.528 0.043
4494.82282 19.024 0.040
4494.83427 18.713 0.031
4494.84572 18.652 0.031
4494.85734 18.580 0.030
4494.86888 18.478 0.030
4494.88056 18.350 0.027
4497.82728 18.472 0.027
4497.83797 18.379 0.023
4497.84867 18.480 0.025
4497.85945 18.513 0.025
4497.87013 18.507 0.023
4497.88084 18.637 0.028
4497.89159 18.651 0.053
4498.79462 18.434 0.022
4498.80540 18.409 0.023
4498.81608 18.450 0.024
4498.82676 18.459 0.022
4498.83764 18.521 0.025
4498.84922 18.439 0.024
4498.85995 18.531 0.028
4498.87069 18.655 0.034
4498.88164 18.762 0.035
4498.89239 18.893 0.075
4499.74214 18.810 0.035
4499.75299 18.624 0.029
4499.76370 18.581 0.027
4499.77444 18.598 0.027
4499.78512 18.481 0.026
4499.80602 18.450 0.024
4499.81672 18.455 0.025
4499.82742 18.469 0.023
4499.83813 18.625 0.028
4499.84888 18.619 0.030
4499.85968 18.729 0.034
4499.87036 18.927 0.043
4499.88109 18.994 0.049
4499.89175 19.032 0.088
4500.83702 18.643 0.027
4500.84776 18.669 0.029
4501.78770 18.425 0.026
4501.79851 18.523 0.026
4501.80931 18.642 0.029
4501.81997 18.637 0.029
4501.83066 18.805 0.035
4501.84133 19.018 0.042
4501.85211 19.078 0.040
4501.86285 18.944 0.037
4501.87351 18.701 0.030
4501.88438 18.679 0.035
4502.80305 18.680 0.033
4502.81392 18.841 0.037
4502.82728 18.915 0.040
4502.83826 18.948 0.044
4502.84907 18.885 0.041
4502.85994 18.734 0.036
4502.87068 18.476 0.032
4502.88136 18.539 0.034
4502.89217 18.593 0.057
4503.73372 18.463 0.024
4503.74446 18.452 0.030
4503.75520 18.415 0.028
4503.76599 18.570 0.029
4503.77684 18.621 0.030
4503.78757 18.746 0.032
4503.79867 18.944 0.042
4503.80955 19.062 0.054
4503.82021 19.038 0.045
4503.83082 18.952 0.046
4503.84144 18.736 0.033
4503.85215 18.630 0.033
4503.86287 18.578 0.032
4503.87376 18.481 0.028
4503.88451 18.520 0.034
4503.89531 18.453 0.048
4504.74256 18.406 0.042
4504.75349 18.547 0.043
4504.77393 18.813 0.045
4504.78473 18.903 0.049
4504.79538 18.968 0.049
4504.80619 19.224 0.071
4504.81706 18.943 0.062
4504.83652 18.634 0.050
4504.85070 18.512 0.043
4504.87537 18.596 0.041
4504.88609 18.490 0.038
4505.77478 19.049 0.044
4505.78549 18.948 0.037
4505.79622 18.911 0.032
4505.80710 18.694 0.031
4505.81791 18.593 0.029
4505.82865 18.539 0.026
4505.83943 18.442 0.025
4505.85021 18.370 0.025
4506.78988 18.669 0.033
4506.80057 18.530 0.033
4506.81133 18.446 0.030
4506.82204 18.538 0.034
4506.83299 18.415 0.034
4506.84368 18.435 0.031
4507.78580 18.548 0.030
4507.79650 18.527 0.034
4507.80724 18.542 0.029
4507.81798 18.430 0.029
4507.84113 18.404 0.033
4508.79727 18.432 0.024
4508.80797 18.426 0.024
4508.84390 18.526 0.025
4509.78490 18.390 0.023
4509.79706 18.436 0.023
4509.80780 18.416 0.024
4509.82918 18.669 0.029
4509.84036 18.633 0.028
4509.85118 18.762 0.029
4510.77486 18.432 0.023
4510.78613 18.453 0.023
4510.79738 18.398 0.024
4510.80894 18.502 0.028
4510.82089 18.694 0.033
4510.83417 18.737 0.039
4510.84547 19.042 0.048
4511.81561 18.806 0.031
4511.83123 18.893 0.035
4512.77528 18.612 0.023
4512.78658 18.576 0.022
4512.79788 18.881 0.027
4512.81273 19.234 0.040
4512.82398 19.099 0.036
4512.83531 18.925 0.032
4513.72571 18.399 0.028
4513.73697 18.478 0.028
4513.74821 18.495 0.027
4513.75976 18.605 0.031
4513.77105 18.697 0.033
4513.78231 18.974 0.045
4513.79404 18.911 0.038
4513.80531 19.143 0.044
4513.81659 18.887 0.040
4513.82820 18.710 0.038
4514.82189 18.553 0.028
4514.83314 18.537 0.028
4515.70080 18.585 0.045
4515.71205 18.533 0.036
4515.72330 18.578 0.033
4515.78046 18.844 0.043
4515.79171 18.636 0.041
4515.80297 18.691 0.045
4515.81460 18.521 0.043
4515.82589 18.529 0.044
4517.75244 18.716 0.046
4517.76372 18.593 0.047
4517.77500 18.481 0.042
4517.78649 18.496 0.036
4517.79775 18.375 0.037
4517.80902 18.384 0.054
4517.82070 18.245 0.044
4518.78189 18.431 0.037
4518.79314 18.509 0.041
4518.80443 18.497 0.044
4518.81607 18.443 0.042
4518.82736 18.654 0.047
4519.77141 18.506 0.031
4519.78272 18.491 0.032
4519.79404 18.519 0.036
4519.80555 18.604 0.047
4520.78406 18.491 0.038
4520.80289 18.633 0.042
4520.81417 18.793 0.049
4521.76191 18.474 0.030
4521.77320 18.559 0.034
4521.78452 18.623 0.038
4521.79580 18.715 0.041
4521.80710 19.033 0.055
4522.71431 18.353 0.036
4522.73799 18.507 0.041
4522.74926 18.592 0.036
4522.76053 18.647 0.039
4522.77220 18.796 0.047
4522.78350 18.783 0.052
4522.79481 18.984 0.053
4522.80763 18.968 0.065
4522.81894 18.874 0.063
4523.74438 18.624 0.036
4523.75566 18.818 0.038
4523.76689 18.952 0.044
4523.77843 19.122 0.056
4523.78967 19.105 0.054
4523.80094 18.991 0.047
4524.73390 18.627 0.026
4524.74514 19.013 0.036
4524.75640 19.055 0.038
4524.76798 18.999 0.037
4524.77924 18.910 0.039
4524.79054 18.706 0.032
4524.80205 18.563 0.031
4525.73785 18.996 0.034
4525.74959 18.950 0.039
4525.76087 18.863 0.035
4525.77212 18.718 0.032
4525.78371 18.705 0.031
4525.79503 18.532 0.026
4530.71233 18.504 0.022
4530.72357 18.485 0.021
4530.73486 18.439 0.021
4530.74644 18.461 0.023
4530.75777 18.425 0.022
4530.76903 18.548 0.025
4530.78071 18.533 0.025
4531.71684 18.460 0.024
4531.72813 18.481 0.025
4531.73939 18.499 0.025
4531.75082 18.539 0.030
4532.71379 18.404 0.027
4532.72507 18.572 0.030
4532.73634 18.539 0.029
4532.74795 18.630 0.029
4532.75927 18.710 0.033
4532.77055 18.843 0.036
4532.78233 18.985 0.042
4534.70707 18.520 0.028
4534.71837 18.605 0.028
4534.72969 18.756 0.031
4535.71290 18.829 0.040
4535.72549 18.968 0.039
4535.73675 18.948 0.040
4535.75235 18.636 0.037
4535.76364 18.621 0.036
4535.77494 18.547 0.034
4535.78650 18.406 0.037
4536.70477 18.959 0.044
4536.71605 19.057 0.043
4536.72732 18.900 0.037
4536.74944 18.597 0.032
4536.76072 18.452 0.030
4536.77202 18.515 0.032
4537.69522 19.051 0.034
4537.70692 18.913 0.030
4537.71815 18.747 0.026
4537.72938 18.607 0.024
4538.69367 18.819 0.035
4538.70497 18.673 0.032
4538.71627 18.514 0.028
4538.73341 18.509 0.027
4538.74468 18.384 0.029
4538.75599 18.394 0.029
4538.76753 18.357 0.030
4539.71258 18.514 0.025
4539.72386 18.475 0.023
4540.69359 18.503 0.026
4540.70485 18.419 0.023
4540.71614 18.475 0.025
4541.67026 18.567 0.025
4541.68155 18.448 0.025
4541.69288 18.564 0.026
4541.70452 18.429 0.024
4542.69811 18.458 0.027
4542.70937 18.584 0.032
4542.72068 18.613 0.033
4542.73280 18.676 0.037
4542.74405 18.767 0.042
4542.75532 18.933 0.044
4543.66544 18.493 0.032
4543.67676 18.406 0.029
4543.68805 18.443 0.029
4543.69971 18.527 0.034
4543.71099 18.717 0.044
4543.72227 18.761 0.043
4543.73855 19.080 0.047
4543.74982 19.030 0.048
4544.65984 18.479 0.039
4544.67114 18.412 0.037
4544.68318 18.603 0.041
4544.69443 18.615 0.037
4544.72385 19.001 0.042
4544.73511 18.884 0.041
4544.74641 18.885 0.043
4545.67290 18.590 0.031
4545.68419 18.691 0.032
4545.69546 18.821 0.036
4545.70696 18.963 0.042
4545.71827 19.011 0.041
4545.72958 18.880 0.041
4546.62411 18.465 0.032
4546.63536 18.431 0.029
4546.64667 18.554 0.035
4546.65820 18.663 0.036
4546.66948 18.754 0.040
4546.68073 18.848 0.053
4546.69225 18.959 0.056
4546.70354 18.874 0.048
4546.71483 18.996 0.062
4546.72650 18.660 0.045
4546.73781 18.524 0.041
4547.66034 18.907 0.049
4547.67161 18.976 0.048
4547.68290 18.965 0.051
4547.69435 18.811 0.046
4547.70564 18.718 0.046
4547.71985 18.575 0.038
4547.73115 18.468 0.040
4548.63745 18.902 0.070
4548.64872 19.048 0.070
4548.65465 19.004 0.075
4548.67803 18.922 0.057
4548.68930 18.736 0.048
4548.70061 18.496 0.033
4548.71230 18.549 0.045
4548.72354 18.472 0.042
4548.73485 18.532 0.038
4549.66476 18.717 0.032
4549.67781 18.621 0.028
4549.68908 18.360 0.049
4549.70035 18.529 0.027
4549.71197 18.956 0.095
4549.72330 18.498 0.044
4550.71021 18.450 0.029
4550.72151 18.400 0.026
4551.65726 18.492 0.026
4551.66855 18.441 0.024
4551.67983 18.402 0.025
4551.69163 18.440 0.027
4551.70290 18.405 0.028
4551.71413 18.430 0.029
4552.63273 18.577 0.029
4552.64462 18.486 0.030
4552.65595 18.488 0.024
4552.66722 18.440 0.024
4552.67867 18.501 0.027
4552.68994 18.513 0.027
4552.70120 18.503 0.026
4552.71278 18.544 0.028
4552.72404 18.804 0.039
4556.64341 18.563 0.024
4556.65503 18.726 0.026
4556.66631 18.928 0.034
4556.67756 18.989 0.034
4556.68885 18.914 0.036
4556.70016 18.767 0.029
4556.71142 18.645 0.027
4557.66008 18.958 0.035
4557.67392 18.911 0.036
4557.68522 18.740 0.034
4557.69649 18.638 0.034
4557.70777 18.605 0.032
4557.71906 18.490 0.028
4557.73110 18.460 0.028
4558.66414 18.708 0.027
4558.67588 18.688 0.025
4558.68715 18.527 0.023
4558.69840 18.472 0.022
4558.70964 18.478 0.022
4559.65000 18.668 0.027
4559.66274 18.560 0.025
4559.67403 18.489 0.023
4559.68526 18.502 0.025
4559.69657 18.379 0.022
4559.70788 18.436 0.024
4560.64032 18.643 0.027
4560.65194 18.526 0.033
4560.66321 18.492 0.025
4560.67885 18.413 0.023
4560.69017 18.373 0.021
4560.70146 18.421 0.024
4561.61838 18.651 0.028
4561.63007 18.496 0.026
4561.64138 18.527 0.025
4561.65263 18.448 0.024
4564.59704 18.504 0.032
4564.60917 18.478 0.027
4564.62044 18.402 0.025
4564.63172 18.433 0.025
4564.64296 18.510 0.027
4565.64350 18.602 0.024
4566.58362 18.424 0.022
4566.59566 18.486 0.023
4566.60691 18.481 0.022
4566.61820 18.499 0.021
4566.62946 18.664 0.026
4566.64075 18.797 0.028
4567.64078 18.858 0.037
4567.65207 18.899 0.036
4567.66335 18.890 0.036
4567.67464 18.648 0.031
4568.61605 18.984 0.035
4568.62773 19.010 0.037
4568.63904 18.931 0.033
4569.59517 18.846 0.046
4569.60866 18.984 0.043
4569.61997 18.928 0.043
4569.63127 18.673 0.035
4569.64436 18.553 0.035
4571.58128 18.871 0.043
4571.59324 18.754 0.039
4571.60453 18.671 0.037
4571.61581 18.519 0.033
4571.62711 18.496 0.030
4572.57307 18.780 0.041
4572.58434 18.726 0.041
4572.59559 18.493 0.035
4572.61229 18.533 0.035
4572.62355 18.460 0.032
4572.63483 18.468 0.031
4573.59702 18.511 0.030
4573.60832 18.490 0.031
4573.61954 18.468 0.035
4573.63115 18.517 0.030
4573.64245 18.527 0.031
4573.65373 18.527 0.033
4574.57364 18.485 0.028
4574.58495 18.431 0.026
4574.59626 18.400 0.026
4574.60782 18.393 0.026
4574.61907 18.370 0.028
4574.63030 18.455 0.030
4574.64181 18.518 0.034
4574.65308 18.599 0.034
4574.66439 18.812 0.042
4574.67599 18.969 0.051
4574.68726 19.238 0.062
4574.69851 18.918 0.051
4575.57485 18.428 0.028
4575.58614 18.443 0.029
4575.59745 18.478 0.033
4575.60900 18.434 0.031
4575.62028 18.521 0.033
4575.63158 18.548 0.034
4575.64826 18.921 0.043
4575.65949 18.830 0.042
4576.54599 18.555 0.037
4576.55726 18.419 0.034
4576.56858 18.441 0.034
4576.58002 18.437 0.037
4576.59133 18.495 0.037
4576.60256 18.512 0.038
4576.61403 18.724 0.044
4576.62534 18.700 0.044
4576.63656 18.877 0.052
4576.64809 18.918 0.056
4576.65940 18.689 0.046
4576.67067 18.727 0.048
4576.68233 18.567 0.043
4576.69361 18.501 0.042
4576.70489 18.478 0.040
4577.54922 18.365 0.036
4579.55208 18.523 0.032
4579.56337 18.692 0.040
4579.57464 18.816 0.043
4579.58615 18.953 0.047
4579.59749 19.109 0.054
4579.60878 18.966 0.050
4579.62029 18.661 0.035
4579.63159 18.544 0.030
4579.64288 18.524 0.032
4579.65441 18.510 0.032
4580.57005 18.969 0.044
4580.58207 18.871 0.043
4580.59337 18.811 0.048
4580.60468 18.663 0.033
4580.61616 18.598 0.031
4580.62745 18.545 0.028
4580.63873 18.499 0.029
4580.65023 18.430 0.026
4580.66153 18.461 0.032
4580.67288 18.478 0.030
4581.53606 18.813 0.035
4581.54737 18.991 0.034
4581.55868 18.917 0.038
4581.57014 18.906 0.037
4581.58139 18.693 0.031
4581.59266 18.617 0.031
4581.60432 18.619 0.029
4581.61558 18.563 0.028
4581.62685 18.431 0.027
4581.63851 18.518 0.027
4581.64981 18.496 0.026
4581.66110 18.531 0.027
4581.67379 18.599 0.030
4581.68509 18.603 0.035
4582.54169 18.776 0.052
4582.55298 18.784 0.049
4582.56425 18.552 0.043
4582.57580 18.601 0.040
4582.58710 18.423 0.041
4582.59836 18.394 0.032
4582.61365 18.306 0.031
4582.62496 18.334 0.029
4582.63623 18.330 0.031
4582.64787 18.530 0.032
4582.65918 18.517 0.039
4582.67048 18.645 0.040
4582.68225 18.903 0.046
4582.69351 18.888 0.049
4582.70482 18.874 0.055
4582.71643 18.797 0.044
4582.72773 18.632 0.041
4582.73901 18.611 0.041
4582.75072 18.520 0.038
4582.76200 18.471 0.038
4583.52527 18.990 0.046
4583.53655 18.824 0.040
4583.54787 18.796 0.040
4583.55935 18.660 0.032
4583.57061 18.536 0.032
4583.58189 18.482 0.029
4583.59342 18.507 0.032
4583.60468 18.476 0.031
4583.61599 18.436 0.036
4583.62767 18.562 0.039
4583.63895 18.717 0.045
4585.53293 18.409 0.038
4585.54425 18.370 0.035
4585.55554 18.377 0.033
4585.56723 18.495 0.032
4585.57854 18.397 0.029
4585.58984 18.466 0.028
4585.61582 18.525 0.039
4585.63069 18.782 0.047
4585.64198 18.945 0.049
4586.56729 18.580 0.043
4586.58240 18.563 0.034
4586.59369 18.663 0.039
4587.56082 18.448 0.034
4587.57212 18.590 0.035
4587.58339 18.734 0.041
4588.54913 18.579 0.030
4588.56042 18.628 0.032
4588.57171 18.781 0.036
4588.58322 19.085 0.045
4589.52010 18.407 0.033
4589.53140 18.570 0.033
4589.54266 18.543 0.034
4589.55610 18.910 0.040
4589.56739 18.931 0.038
4589.57871 18.970 0.043
4590.51319 18.541 0.042
4590.52445 18.558 0.038
4590.53576 18.692 0.046
4590.54838 18.980 0.049
4590.55967 18.805 0.036
4590.57097 18.928 0.043
4591.55115 18.927 0.042
4591.56249 18.813 0.036
4591.57374 18.633 0.032
4592.56458 18.564 0.033
4592.57588 18.419 0.028
4593.52242 18.752 0.037
4593.53371 18.570 0.033
4593.54498 18.500 0.030
4593.55650 18.488 0.030
4593.56779 18.526 0.033
4593.57908 18.470 0.033
4594.54400 18.423 0.033
4594.55523 18.471 0.033
4594.56653 18.490 0.035
4594.58159 18.333 0.028
4594.59286 18.457 0.030
4594.60415 18.401 0.032
4594.61867 18.769 0.040
4595.55228 18.462 0.026
4595.56357 18.419 0.025
4595.57487 18.384 0.025
4595.59995 18.625 0.034
4595.61126 18.771 0.041
4595.62253 18.867 0.045
4596.55977 18.486 0.031
4596.57101 18.480 0.028
4596.58229 18.609 0.031
4596.59389 18.849 0.037
4596.60515 18.979 0.040
4597.56436 18.661 0.033
4597.57565 18.736 0.037
4597.58695 18.888 0.048
4597.60623 18.823 0.045
4598.49942 18.394 0.027
4598.51072 18.459 0.033
4598.52200 18.437 0.026
4598.53364 18.555 0.026
4598.54493 18.658 0.027
4598.55617 18.744 0.029
4598.56853 19.007 0.035
4598.57984 18.940 0.031
4598.59114 18.893 0.030
4598.60260 18.804 0.028
4599.51570 18.470 0.035
4599.52698 18.621 0.038
4599.53829 18.678 0.040
4599.54986 18.953 0.049
4599.56120 18.972 0.049
4599.57245 18.805 0.042
4599.58394 18.560 0.041
4599.59522 18.651 0.041
4600.56727 18.634 0.030
4600.57860 18.646 0.028
4600.58987 18.504 0.025
4601.54585 18.699 0.046
4601.55711 18.498 0.037
4601.56840 18.508 0.034
4601.57984 18.472 0.038
4601.59117 18.416 0.038
4601.60242 18.372 0.035
4602.47760 18.673 0.038
4602.48887 18.785 0.039
4602.50016 18.930 0.046
4602.51175 18.866 0.041
4602.52303 18.824 0.036
4602.53431 18.602 0.034
4602.54578 18.468 0.031
4602.55705 18.456 0.029
4602.56833 18.472 0.034
4602.57978 18.225 0.035
4602.59461 18.449 0.029
4606.53153 18.472 0.035
4606.54280 18.621 0.046
4606.55407 18.607 0.044
4606.56571 18.697 0.044
4606.57698 18.813 0.047
4607.50207 18.441 0.027
4607.51338 18.524 0.031
4607.52466 18.416 0.027
4607.53627 18.527 0.034
4607.54754 18.472 0.041
4607.55881 18.756 0.045
4607.57273 18.876 0.048
4607.58401 18.890 0.052
4607.59530 18.803 0.056
4607.60687 18.702 0.049
4607.61818 18.470 0.043
4607.62945 18.543 0.043
4607.64151 18.504 0.039
4607.65281 18.485 0.034
4609.54418 18.825 0.047
4609.55697 18.701 0.042
4609.56827 18.703 0.044
4609.57956 18.499 0.036
4609.59390 18.449 0.037
4609.60973 18.508 0.036
4609.62104 18.529 0.040
4609.63232 18.427 0.038
4609.64870 18.576 0.048
4609.65999 18.535 0.048
4609.67127 18.641 0.052
4609.68282 18.721 0.050
4609.69413 18.994 0.063
4609.70541 19.043 0.066
4610.54329 18.878 0.041
4610.55456 18.640 0.033
4610.56583 18.503 0.037
4610.57808 18.497 0.036
4610.58935 18.443 0.034
4610.60062 18.449 0.038
4610.61803 18.372 0.035
4610.62930 18.508 0.033
4610.64060 18.596 0.038
4610.65225 18.592 0.040
4610.66355 18.889 0.052
4610.67491 18.983 0.055
4611.51217 18.763 0.040
4611.52347 18.807 0.049
4611.53474 18.499 0.037
4611.55112 18.496 0.041
4611.56242 18.344 0.033
4611.57368 18.349 0.034
4616.53515 18.568 0.036
4616.54644 18.596 0.045
4616.55774 18.711 0.037
4618.52279 18.909 0.050
4618.53409 19.055 0.059
4618.54536 19.061 0.053
4618.55716 18.983 0.052
4618.56847 18.756 0.045
4624.45562 18.685 0.048
4624.48486 18.444 0.039
4624.49737 18.108 0.030
4624.50880 18.453 0.038
4626.46183 18.436 0.040
4626.50458 18.455 0.033
4626.51629 18.405 0.037
4626.52893 18.496 0.043
4626.54069 18.863 0.048
4627.46598 18.398 0.026
4627.47792 18.465 0.025
4627.49512 18.503 0.028
4628.46491 18.408 0.034
4629.45610 18.462 0.036
4629.46774 18.495 0.037
4629.47952 18.728 0.052
4629.49199 18.764 0.051
4630.47079 18.807 0.039
4630.49519 18.920 0.047
4630.50647 18.841 0.048
4631.47606 18.831 0.041
4631.49016 18.899 0.043
4631.50189 18.663 0.033
4631.51314 18.568 0.030
4632.46595 18.666 0.049
4632.47728 18.753 0.058
4632.48859 18.605 0.041
4632.50104 18.436 0.040
4633.48633 18.472 0.032
4633.49762 18.421 0.034
4633.51011 18.383 0.031
