2695.90398 18.132 0.019
2723.85393 18.140 0.019
2723.87118 18.166 0.019
2723.88183 18.207 0.022
2723.89249 18.187 0.021
2723.90320 18.177 0.022
2723.91393 18.160 0.020
2724.82792 18.188 0.018
2724.83865 18.184 0.018
2724.84929 18.150 0.020
2724.85996 18.168 0.019
2724.87241 18.084 0.017
2724.88627 18.005 0.014
2724.89694 17.964 0.013
2724.90759 17.953 0.015
2725.53894 17.946 0.022
2725.54963 17.984 0.021
2725.56926 17.953 0.020
2725.58408 18.017 0.020
2725.59887 18.109 0.021
2725.61395 18.237 0.024
2725.62868 18.162 0.022
2725.64332 18.193 0.020
2725.65796 18.153 0.016
2725.67263 18.056 0.016
2725.68862 17.977 0.016
2725.69213 18.012 0.015
2725.69565 17.981 0.014
2725.69915 17.945 0.014
2725.70263 17.980 0.015
2725.72703 18.001 0.014
2725.74169 18.012 0.014
2725.75631 18.092 0.014
2725.77095 18.181 0.015
2725.78564 18.184 0.014
2725.80036 18.203 0.015
2725.82129 18.118 0.015
2725.83601 18.041 0.014
2726.53517 18.035 0.020
2726.54584 18.037 0.019
2726.55653 18.095 0.019
2726.56720 18.204 0.021
2726.58352 18.195 0.019
2726.59421 18.221 0.020
2726.60490 18.176 0.019
2726.61559 18.123 0.017
2726.62623 18.076 0.015
2726.63693 17.994 0.016
2726.64760 17.963 0.016
2726.65155 17.990 0.016
2726.66226 17.950 0.014
2726.67293 17.933 0.015
2726.68355 17.970 0.016
2726.70159 18.020 0.016
2726.71228 18.131 0.019
2726.72299 18.166 0.017
2726.73364 18.162 0.018
2726.74428 18.183 0.017
2726.75499 18.169 0.020
2726.76564 18.160 0.017
2726.77967 18.076 0.019
2726.79123 18.047 0.016
2726.80190 18.013 0.014
2726.81261 17.964 0.013
2726.82328 17.979 0.014
2726.83393 17.966 0.014
2727.53703 17.859 0.020
2727.54770 18.178 0.025
2727.55836 18.136 0.025
2727.56958 18.124 0.024
2727.58027 18.015 0.025
2727.59096 18.038 0.018
2727.60551 17.956 0.017
2727.61618 17.924 0.016
2727.62686 17.949 0.015
2727.63752 17.990 0.016
2727.64820 18.010 0.016
2727.65890 18.035 0.015
2727.66952 18.119 0.017
2727.68682 18.188 0.019
2727.69752 18.170 0.017
2727.70819 18.178 0.018
2727.71888 18.163 0.017
2727.72961 18.105 0.016
2727.74030 18.049 0.015
2727.75156 18.020 0.014
2727.76224 17.981 0.014
2727.77290 17.971 0.014
2727.78353 17.944 0.013
2727.79425 17.946 0.013
2727.80494 17.972 0.014
2728.52986 18.090 0.027
2728.54103 18.054 0.024
2728.55171 18.018 0.023
2728.56241 17.979 0.024
2728.57363 17.996 0.022
2728.58429 17.938 0.021
2728.59497 17.977 0.021
2728.60657 17.995 0.021
2728.61722 18.086 0.021
2728.62792 18.106 0.022
2728.64663 18.147 0.028
2728.65729 18.153 0.023
2728.66800 18.174 0.020
2728.67874 18.178 0.018
2728.68936 18.069 0.017
2728.70003 18.017 0.016
2728.71111 17.959 0.016
2728.73244 17.944 0.019
2728.74307 17.943 0.017
2728.75377 17.967 0.017
2728.76441 18.035 0.017
2728.77567 18.079 0.018
2728.78637 18.123 0.017
2728.79710 18.160 0.018
2728.81246 18.191 0.022
2729.54872 17.878 0.025
2729.56304 17.984 0.025
2729.57496 18.028 0.026
2729.58640 18.108 0.026
2729.59776 18.167 0.025
2729.60961 18.112 0.024
2729.62028 18.230 0.025
2729.63099 18.159 0.023
2729.64172 18.110 0.022
2729.65665 18.006 0.020
2729.66732 17.951 0.017
2729.67801 17.957 0.016
2729.68871 17.947 0.015
2729.69938 17.933 0.016
2729.71001 17.968 0.015
2729.72064 18.019 0.015
2729.73237 18.072 0.016
2729.74307 18.151 0.017
2729.75375 18.206 0.017
2729.76445 18.198 0.017
2729.77719 18.226 0.017
2729.78787 18.176 0.018
2729.79851 18.082 0.018
2729.80922 18.079 0.017
2730.52956 18.070 0.023
2730.54085 18.170 0.023
2730.55206 18.124 0.021
2730.56325 18.195 0.023
2730.57630 18.205 0.022
2730.58703 18.145 0.020
2730.59780 18.068 0.018
2730.60851 18.029 0.017
2730.61924 17.979 0.016
2730.62995 17.978 0.016
2730.64139 17.957 0.015
2730.65213 17.961 0.015
2730.66325 17.951 0.015
2730.67401 18.007 0.015
2730.69048 18.070 0.015
2730.70121 18.184 0.017
2730.71252 18.214 0.016
2730.72397 18.203 0.016
2730.73515 18.207 0.016
2730.74641 18.160 0.015
2730.76458 18.059 0.015
2730.77530 17.983 0.014
2730.78718 17.972 0.013
2730.79792 17.946 0.013
2731.54878 18.099 0.022
2731.55951 18.006 0.019
2731.57024 17.986 0.018
2731.58102 17.955 0.019
2731.59174 17.930 0.018
2731.60714 17.939 0.018
2731.61832 17.948 0.017
2731.62960 17.990 0.018
2731.64160 18.110 0.017
2731.65234 18.134 0.017
2731.66374 18.174 0.018
2731.67447 18.197 0.019
2731.68527 18.199 0.019
2731.69650 18.200 0.018
2731.70720 18.080 0.015
2731.71793 18.048 0.015
2731.72925 17.982 0.014
2731.74001 17.962 0.014
2731.75074 17.979 0.014
2731.76207 17.975 0.015
2731.77318 17.973 0.014
2731.78392 17.989 0.015
2731.79463 18.003 0.016
2732.52280 17.979 0.027
2732.53418 17.900 0.028
2732.54570 17.927 0.026
2732.55708 17.933 0.026
2732.56862 17.940 0.027
2732.58033 18.010 0.027
2732.59143 18.012 0.024
2732.60266 18.122 0.026
2732.61349 18.214 0.028
2732.62548 18.198 0.025
2732.63624 18.199 0.022
2732.64735 18.187 0.023
2732.66236 18.124 0.020
2732.67366 17.991 0.018
2732.68447 18.024 0.019
2732.69558 17.941 0.016
2732.70628 17.982 0.018
2732.71699 17.914 0.016
2732.72776 17.973 0.017
2732.73906 18.016 0.017
2732.74975 18.037 0.017
2732.76050 18.110 0.019
2732.77122 18.196 0.018
2732.78603 18.179 0.019
2732.79675 18.190 0.018
2733.52135 17.950 0.022
2733.53241 18.001 0.023
2733.54314 18.030 0.021
2733.55423 18.100 0.022
2733.56493 18.193 0.022
2733.57611 18.250 0.023
2733.58687 18.237 0.022
2733.59847 18.171 0.020
2733.60953 18.160 0.019
2733.62096 18.081 0.018
2733.63234 18.010 0.016
2733.64465 17.977 0.017
2733.65988 17.949 0.016
2733.67062 17.956 0.014
2733.68131 17.959 0.016
2733.69266 17.981 0.015
2733.70381 18.040 0.015
2733.71457 18.125 0.016
2733.72988 18.200 0.018
2733.74063 18.119 0.017
2733.75326 18.172 0.019
2733.76401 18.129 0.019
2733.77475 18.068 0.022
2733.78551 18.063 0.020
2734.52504 18.141 0.030
2734.55174 18.174 0.033
2734.56247 18.213 0.029
2734.58753 18.017 0.020
2734.59877 17.993 0.019
2734.60953 17.959 0.018
2734.62024 17.932 0.017
2734.63148 17.962 0.017
2734.64219 17.967 0.018
2734.65290 18.047 0.017
2734.66435 18.079 0.017
2734.67506 18.104 0.016
2734.68582 18.180 0.017
2734.69696 18.179 0.017
2734.70770 18.159 0.017
2734.71843 18.177 0.017
2734.72963 18.104 0.015
2734.74037 18.059 0.015
2734.75116 18.008 0.014
2734.76190 17.974 0.014
2734.77262 17.955 0.014
2734.78331 17.957 0.014
2735.52260 18.136 0.022
2735.53377 18.061 0.021
2735.54509 18.028 0.020
2735.55624 17.931 0.018
2735.56760 17.950 0.017
2735.57902 17.899 0.018
2735.58972 17.964 0.018
2735.60413 17.961 0.017
2735.61520 18.035 0.017
2735.62592 18.091 0.018
2735.63729 18.135 0.019
2735.64895 18.220 0.020
2735.66029 18.218 0.019
2735.67159 18.178 0.018
2735.68272 18.116 0.017
2735.69342 18.067 0.016
2735.70580 18.038 0.016
2735.71655 17.992 0.015
2735.72812 17.979 0.015
2735.73964 17.922 0.014
2735.75098 17.976 0.014
2735.76172 17.983 0.015
2735.77247 18.067 0.015
2735.78857 18.156 0.016
2735.79929 18.194 0.017
2743.52406 17.916 0.020
2743.53480 17.937 0.019
2743.54550 18.002 0.021
2743.55626 17.996 0.020
2743.56696 18.031 0.020
2743.57769 18.075 0.021
2743.58842 18.135 0.021
2743.59967 18.217 0.026
2743.61041 18.177 0.022
2743.67290 17.984 0.017
2743.68360 17.962 0.016
2743.69435 17.954 0.015
2743.70508 17.922 0.015
2743.71583 17.972 0.015
2743.72654 18.028 0.015
2743.73846 18.108 0.018
2743.74919 18.219 0.018
2743.75996 18.210 0.018
2744.48864 17.940 0.024
2744.52025 17.971 0.025
2744.53035 18.082 0.027
2744.54048 18.146 0.028
2744.55061 18.148 0.025
2744.56071 18.148 0.028
2744.57079 18.122 0.025
2744.58125 18.085 0.023
2744.59134 18.109 0.022
2744.60145 18.049 0.021
2744.61150 17.996 0.019
2744.62159 17.957 0.017
2744.63173 17.967 0.018
2744.64636 17.944 0.017
2744.65642 17.968 0.017
2744.66651 18.013 0.018
2744.70629 18.209 0.019
2744.71642 18.212 0.018
2744.72654 18.188 0.018
2744.73663 18.187 0.019
2744.74672 18.170 0.018
2744.76345 18.081 0.016
2745.49964 18.148 0.031
2745.51040 18.121 0.033
2745.52113 18.229 0.042
2745.53190 18.063 0.037
2745.55333 18.089 0.031
2745.58002 17.958 0.025
2745.59076 17.956 0.022
2745.60152 17.886 0.021
2745.61227 17.962 0.020
2745.62305 17.965 0.020
2745.63894 18.002 0.022
2745.64968 18.133 0.023
2745.66041 18.249 0.027
2745.67109 18.164 0.025
2745.68184 18.183 0.028
2748.52247 18.160 0.034
2748.55463 18.209 0.031
2748.56540 18.165 0.032
2748.59763 17.972 0.030
2748.60838 17.962 0.023
2748.61910 17.969 0.026
2748.62983 17.951 0.022
2748.64054 18.003 0.027
2748.65128 18.051 0.024
2748.66524 18.065 0.021
2748.67596 18.125 0.024
2748.68671 18.169 0.024
2748.69740 18.181 0.021
2748.70818 18.170 0.022
2748.71889 18.184 0.021
2748.73277 18.133 0.023
2748.74353 18.070 0.024
2748.75426 18.037 0.023
2748.76494 17.950 0.021
2748.77565 17.916 0.022
2749.48592 18.213 0.032
2749.49668 18.190 0.024
2749.50745 18.152 0.021
2749.51819 18.200 0.021
2749.52898 18.086 0.017
2749.53971 18.090 0.018
2749.55087 17.980 0.016
2749.56164 17.991 0.018
2749.57241 17.988 0.019
2749.58310 17.955 0.017
2749.59385 17.949 0.016
2749.60461 18.018 0.017
2749.61570 18.051 0.019
2749.62642 18.125 0.019
2749.63717 18.170 0.019
2749.64794 18.185 0.021
2749.65869 18.171 0.020
2749.66944 18.155 0.020
2749.68091 18.164 0.020
2749.69165 18.061 0.017
2749.70235 18.019 0.017
2749.72134 17.947 0.016
2749.73207 17.942 0.016
2749.74284 17.925 0.016
2749.75350 17.966 0.016
2749.76422 17.987 0.018
2749.77497 18.049 0.019
2749.79027 18.199 0.024
2749.80099 18.191 0.024
2749.81939 18.175 0.026
2749.83007 18.148 0.027
2749.84082 18.141 0.027
2749.85159 18.069 0.026
2749.86226 18.023 0.028
2750.53614 17.991 0.022
2750.54687 17.949 0.020
2750.56863 18.056 0.021
2750.57934 18.073 0.019
2750.59002 18.133 0.020
2750.60081 18.193 0.020
2750.61721 18.144 0.020
2750.62794 18.194 0.019
2750.63866 18.126 0.018
2750.64940 18.056 0.017
2750.66013 18.000 0.017
2750.67475 17.961 0.015
2750.68545 17.966 0.016
2750.69619 17.951 0.015
2750.70752 17.976 0.015
2750.72102 18.039 0.016
2750.73173 18.072 0.018
2750.74244 18.125 0.018
2750.75317 18.177 0.018
2750.76391 18.184 0.017
2750.77466 18.178 0.018
2750.78604 18.156 0.019
2750.79674 18.140 0.018
2750.80743 18.050 0.019
2750.82982 17.950 0.018
2750.84052 17.955 0.019
2750.85131 17.911 0.020
2750.86203 17.954 0.018
2750.87275 17.937 0.021
2751.48139 17.899 0.023
2751.49213 17.944 0.022
2751.50291 18.008 0.021
2751.51362 18.000 0.019
2751.52435 18.028 0.020
2751.53509 18.128 0.019
2751.54627 18.231 0.021
2751.55705 18.106 0.019
2751.56779 18.177 0.019
2751.57853 18.184 0.021
2751.59669 18.145 0.020
2751.60748 17.991 0.019
2751.61823 17.999 0.017
2751.62895 17.974 0.019
2751.63972 17.931 0.017
2751.65045 17.944 0.018
2751.68233 18.035 0.017
2751.69306 18.085 0.020
2751.70379 18.246 0.022
2751.71452 18.194 0.022
2751.72523 18.217 0.022
2751.74014 18.210 0.022
2751.75584 18.143 0.024
2751.77137 18.030 0.020
2751.78212 17.943 0.020
2751.79287 17.956 0.022
2751.80362 17.934 0.019
2751.81436 17.983 0.019
2751.82509 17.962 0.021
2751.84057 18.013 0.028
2751.85134 18.112 0.025
2751.86210 18.183 0.027
2751.87284 18.130 0.030
2751.88356 18.176 0.027
2752.47801 18.032 0.030
2752.48876 18.112 0.035
2752.49950 18.168 0.030
2752.51026 18.168 0.026
2752.52097 18.159 0.027
2752.53172 18.217 0.026
2752.54313 18.186 0.024
2752.55385 18.065 0.025
2752.56461 18.066 0.024
2752.57535 17.980 0.021
2752.58609 17.956 0.020
2752.59684 17.940 0.019
2752.60958 17.989 0.019
2752.62031 17.958 0.016
2752.63100 18.005 0.020
2752.64172 18.099 0.024
2752.65248 18.151 0.025
2752.66322 18.218 0.025
2752.68428 18.232 0.026
2752.71853 18.001 0.024
2752.72915 18.018 0.020
2752.74304 17.923 0.020
2753.71368 17.936 0.015
2753.72376 17.963 0.016
2753.73388 17.967 0.017
2753.74395 18.033 0.017
2753.75406 18.020 0.018
2753.76417 18.120 0.021
2753.77465 18.169 0.025
2753.79034 18.181 0.022
2753.80096 18.129 0.021
2753.81160 18.170 0.021
2753.82220 18.096 0.019
2753.83279 18.039 0.020
2754.49560 17.993 0.024
2754.50636 17.920 0.020
2754.51715 17.942 0.019
2754.52788 17.982 0.019
2754.53861 18.007 0.020
2754.54937 18.090 0.020
2754.56040 18.126 0.020
2754.57113 18.178 0.020
2754.58187 18.204 0.021
2754.59259 18.219 0.020
2754.60334 18.189 0.019
2754.61833 18.096 0.016
2754.62897 18.040 0.017
2754.63973 18.009 0.017
2754.65047 17.979 0.016
2754.66126 17.941 0.015
2754.67200 17.988 0.016
2754.68272 17.955 0.018
2754.69480 18.011 0.018
2754.70555 18.020 0.019
2754.71627 18.120 0.018
2754.72700 18.205 0.020
2754.73777 18.180 0.019
2754.74845 18.153 0.020
2755.49755 17.999 0.026
2755.51425 18.128 0.025
2755.52496 18.165 0.023
2755.53569 18.208 0.029
2755.54637 18.192 0.023
2755.55708 18.208 0.025
2755.56784 18.104 0.024
2755.57921 18.049 0.018
2755.58996 18.050 0.019
2755.60068 18.002 0.018
2755.61866 17.947 0.016
2755.62936 17.945 0.015
2755.64010 17.973 0.015
2755.65080 18.022 0.015
2755.66153 18.048 0.015
2755.67230 18.119 0.017
2755.68303 18.135 0.017
2755.69436 18.141 0.018
2755.70503 18.194 0.017
2755.71575 18.179 0.018
2755.72647 18.164 0.016
2755.73718 18.087 0.017
2755.74795 17.982 0.018
2756.52315 18.134 0.026
2756.53792 18.098 0.021
2756.55664 18.023 0.021
2756.57204 17.913 0.024
2756.58673 18.029 0.026
2756.60141 17.988 0.022
2756.61611 18.034 0.019
2756.63082 18.166 0.019
2756.64551 18.174 0.018
2756.67308 18.200 0.020
2756.68778 18.095 0.018
2756.70249 18.043 0.016
2756.71717 17.967 0.016
2756.73183 17.945 0.018
2756.74661 17.947 0.015
2756.76372 17.961 0.017
2756.77845 18.108 0.019
2756.79325 18.161 0.020
2756.80806 18.202 0.025
2757.49174 18.007 0.023
2757.50244 18.052 0.022
2757.51314 17.975 0.018
2757.52384 17.958 0.020
2757.53454 17.928 0.017
2757.54531 17.945 0.019
2757.55606 17.978 0.018
2757.57968 18.087 0.019
2757.59045 18.199 0.019
2757.65294 18.083 0.016
2757.67458 17.980 0.015
2757.68524 17.946 0.015
2757.69596 17.939 0.015
2757.70665 17.975 0.016
2757.71737 18.022 0.017
2757.73202 18.077 0.018
2757.74266 18.144 0.020
2757.75347 18.234 0.020
2759.49728 17.806 0.021
2759.62350 17.948 0.018
2759.63425 18.015 0.019
2759.64502 18.056 0.019
2759.65576 18.174 0.020
2759.66656 18.266 0.020
2759.67729 18.178 0.019
2759.68861 18.302 0.020
2759.69935 18.224 0.020
2759.71006 18.109 0.020
2759.72078 18.062 0.022
2759.73545 17.971 0.017
2759.74619 17.961 0.019
2759.75687 17.958 0.018
2759.76761 17.914 0.017
2760.49656 18.167 0.025
2760.50731 18.082 0.022
2760.51807 18.050 0.022
2760.52877 18.006 0.019
2760.53946 17.946 0.016
2760.55082 17.980 0.020
2760.56151 17.985 0.018
2760.57221 17.951 0.016
2760.58295 17.981 0.016
2760.59365 18.031 0.018
2760.60440 18.135 0.018
2760.61994 18.157 0.019
2760.63068 18.200 0.018
2760.64142 18.204 0.019
2760.66047 18.149 0.018
2760.67113 18.090 0.017
2760.68188 18.033 0.017
2760.69264 17.970 0.016
2760.70835 17.966 0.016
2760.71903 17.934 0.014
2760.73947 17.998 0.017
2760.75014 18.068 0.019
2760.76089 18.065 0.019
2760.77168 18.162 0.022
2761.50364 17.935 0.020
2761.51440 18.003 0.019
2761.52516 18.025 0.018
2761.53588 18.010 0.018
2761.54661 18.073 0.018
2761.55734 18.149 0.019
2761.56910 18.184 0.019
2761.57983 18.179 0.017
2761.59054 18.198 0.018
2761.60126 18.205 0.019
2761.61197 18.158 0.018
2761.62271 18.089 0.019
2761.63378 18.010 0.018
2761.64449 18.011 0.017
2761.65524 17.959 0.015
2761.66623 17.945 0.015
2761.67693 17.993 0.016
2761.68767 17.950 0.015
2761.69838 18.003 0.018
2761.70913 18.075 0.017
2761.71987 18.122 0.018
2761.74804 18.177 0.019
2761.75873 18.180 0.019
2761.76948 18.171 0.018
2762.49223 18.013 0.020
2762.50295 18.054 0.018
2762.51373 18.137 0.023
2762.52444 18.140 0.021
2762.53515 18.220 0.025
2762.55715 18.238 0.023
2762.56787 18.151 0.022
2762.57862 18.068 0.020
2762.58937 17.986 0.018
2762.60098 17.898 0.014
2762.61170 17.914 0.016
2762.62237 17.993 0.017
2762.63309 17.947 0.020
2762.64382 17.948 0.016
2762.65451 17.962 0.015
2762.66608 18.148 0.017
2762.67677 18.115 0.018
2762.69633 18.170 0.022
2762.70699 18.161 0.023
2762.71774 18.213 0.022
2762.73601 18.101 0.021
2762.74675 18.022 0.021
2763.52014 18.151 0.024
2763.53081 18.101 0.026
2763.54156 18.080 0.022
2763.55234 17.995 0.020
2763.56310 17.971 0.017
2763.57382 17.970 0.017
2763.59144 17.953 0.017
2763.60218 17.976 0.020
2763.61293 18.033 0.018
2763.62414 18.034 0.018
2763.63486 18.148 0.018
2763.64554 18.180 0.019
2763.66700 18.155 0.019
2763.67773 18.180 0.020
2763.68940 18.082 0.021
2763.70015 18.038 0.016
2763.71086 17.994 0.016
2763.73600 17.952 0.016
2763.74675 17.948 0.015
2763.75750 17.984 0.017
2764.49029 18.073 0.022
2764.50105 18.006 0.019
2764.51180 17.940 0.018
2764.52259 17.950 0.018
2764.53329 17.922 0.020
2764.54405 18.008 0.019
2764.55580 17.993 0.018
2764.56841 18.071 0.021
2764.57915 18.111 0.019
2764.58989 18.164 0.018
2764.60062 18.178 0.021
2764.61135 18.203 0.022
2764.62640 18.189 0.021
2764.63705 18.126 0.019
2764.64779 18.067 0.016
2764.65852 18.022 0.016
2764.68550 17.977 0.016
2764.69618 17.941 0.019
2764.70690 17.943 0.017
2764.71759 17.987 0.017
2764.72830 18.045 0.018
2764.73997 18.087 0.018
2764.75069 18.170 0.021
2765.49089 17.930 0.021
2765.50163 17.920 0.021
2765.51237 17.981 0.023
2765.52311 18.046 0.022
2765.53385 18.138 0.023
2765.54456 18.203 0.021
2765.55582 18.162 0.019
2765.56656 18.192 0.019
2765.57727 18.150 0.017
2765.58798 18.143 0.018
2765.59875 18.088 0.017
2765.60950 18.009 0.016
2765.62478 18.008 0.016
2765.63553 17.957 0.015
2765.64628 17.961 0.016
2765.65703 17.976 0.016
2765.67914 18.046 0.019
2765.68986 18.091 0.020
2765.72453 18.208 0.021
2765.73530 18.220 0.024
2765.74605 18.199 0.025
2765.75683 18.091 0.022
2766.49880 18.181 0.024
2766.50952 18.107 0.021
2766.52031 18.151 0.022
2766.53101 18.124 0.021
2766.54178 18.196 0.021
2766.55254 18.110 0.018
2766.56365 18.037 0.017
2766.57440 17.997 0.016
2766.58514 17.985 0.015
2766.59587 17.978 0.014
2766.60982 17.942 0.014
2766.62054 17.983 0.014
2766.63129 18.003 0.015
2766.64200 18.064 0.017
2766.65722 18.139 0.018
2766.66790 18.150 0.017
2766.67864 18.224 0.022
2766.68939 18.215 0.020
2766.70459 18.167 0.017
2766.71526 18.106 0.017
2766.72601 17.997 0.015
2766.73677 17.971 0.015
2766.74752 17.949 0.015
2766.75832 17.943 0.015
2766.76903 17.905 0.016
2767.48979 18.156 0.029
2767.50054 18.074 0.026
2767.51132 18.038 0.026
2767.52205 17.991 0.024
2767.53274 17.974 0.022
2767.54348 18.006 0.020
2767.55497 17.928 0.019
2767.56566 17.904 0.019
2767.57641 17.969 0.019
2767.58719 17.999 0.018
2767.59795 18.078 0.018
2767.61504 18.188 0.022
2767.62575 18.181 0.021
2767.67013 18.077 0.018
2767.68081 18.018 0.019
2767.69153 17.959 0.018
2767.70227 17.929 0.017
2767.71298 17.949 0.017
2767.72366 17.986 0.019
2767.73439 17.975 0.021
2767.74558 17.989 0.020
2767.75627 18.082 0.025
2767.76698 18.133 0.028
2768.49613 17.968 0.025
2768.50688 17.961 0.021
2768.51765 17.925 0.020
2768.52837 17.994 0.021
2768.53913 18.022 0.020
2768.54989 18.026 0.021
2768.56149 18.096 0.020
2768.57224 18.223 0.023
2768.58298 18.197 0.023
2768.59371 18.202 0.021
2768.60443 18.213 0.019
2768.61559 18.142 0.019
2768.62622 18.054 0.019
2768.63689 17.979 0.017
2768.64765 17.980 0.014
2768.65938 17.948 0.013
2768.67016 17.947 0.014
2768.68089 17.976 0.014
2768.69158 17.957 0.015
2768.70232 17.989 0.016
2768.71304 18.035 0.019
2768.72803 18.190 0.019
2768.73876 18.179 0.019
2768.74953 18.148 0.020
2768.76027 18.176 0.023
2768.77163 18.190 0.021
2775.49170 17.969 0.033
2775.50244 17.968 0.033
2775.51317 17.957 0.031
2775.52386 17.998 0.027
2775.53894 18.030 0.027
2776.77638 17.951 0.026
2776.78710 17.936 0.025
2776.79786 17.977 0.030
2776.80862 17.943 0.029
2776.81936 18.090 0.033
2776.83012 18.109 0.034
2777.48359 18.232 0.030
2777.49434 18.170 0.027
2777.50505 18.187 0.024
2777.51580 18.175 0.023
2777.53233 18.092 0.020
2777.54305 18.016 0.023
2777.55382 18.012 0.021
2777.56455 17.979 0.024
2777.57529 17.933 0.022
2777.59080 17.970 0.019
2777.60147 17.966 0.018
2777.61222 18.017 0.018
2777.62293 18.050 0.019
2777.63364 18.159 0.019
2777.64435 18.163 0.021
2777.65506 18.179 0.021
2777.67696 18.136 0.021
2777.68765 18.152 0.023
2777.69839 18.036 0.019
2777.70917 17.964 0.019
2777.71986 18.005 0.018
2777.73058 17.969 0.017
2777.74130 17.944 0.016
2777.75387 18.001 0.020
2777.76458 18.018 0.021
2777.77528 18.050 0.022
2777.78601 18.130 0.028
2777.79682 18.230 0.028
2777.80753 18.179 0.027
2777.81932 18.223 0.032
2777.83005 18.120 0.035
2783.55982 18.172 0.018
2784.51603 18.223 0.022
2785.50278 18.004 0.021
2785.51783 17.942 0.019
2785.52852 17.941 0.020
2785.53927 17.957 0.019
2785.55005 17.978 0.020
2785.56077 17.967 0.019
2785.57150 18.044 0.019
2786.48860 17.953 0.030
2786.49932 17.989 0.028
2786.51002 17.993 0.025
2786.52262 18.045 0.030
2787.58155 17.951 0.016
2793.47806 17.920 0.025
2793.48815 17.906 0.025
2793.49826 17.962 0.024
2793.50990 17.965 0.024
2793.51999 17.987 0.024
2793.53394 18.027 0.022
2794.48824 18.030 0.028
2794.49832 18.120 0.027
2794.51848 18.147 0.031
2794.52908 18.204 0.025
2795.53375 18.029 0.013
2795.54726 17.934 0.014
2796.48527 18.019 0.016
2796.50023 17.953 0.015
2796.51092 17.943 0.014
2796.52169 17.953 0.014
2796.53244 17.979 0.014
2797.50326 18.049 0.015
2797.51403 18.114 0.015
2797.52475 18.171 0.017
2797.53556 18.175 0.017
2803.50313 17.864 0.033
2803.52458 17.987 0.031
2804.47216 18.044 0.035
2804.48292 17.917 0.035
2804.49364 17.926 0.033
2804.50647 18.030 0.034
2804.51717 18.114 0.040
2804.53276 18.162 0.032
2804.54345 18.152 0.032
2804.55422 18.237 0.036
2804.56492 18.176 0.026
2804.57567 18.093 0.029
2804.58641 17.995 0.026
2804.59715 17.996 0.025
2804.61127 17.975 0.024
2804.62200 17.963 0.028
2804.63271 17.966 0.030
2804.64346 17.949 0.033
2804.65736 17.993 0.027
2804.66810 18.059 0.027
2804.67882 18.171 0.033
2804.68963 18.156 0.042
2804.70034 18.212 0.034
2804.71548 18.123 0.031
2804.72615 18.207 0.036
2804.73689 18.130 0.030
2804.74763 17.997 0.043
2804.76917 17.949 0.033
2809.49925 18.194 0.023
2809.50999 18.059 0.020
2809.52072 18.050 0.019
2809.53144 18.011 0.018
2809.54219 17.982 0.017
2810.47954 18.015 0.018
2810.49031 17.955 0.017
2810.50101 17.952 0.016
2810.51180 17.942 0.016
2810.52248 17.987 0.016
2810.53320 17.991 0.019
2811.49877 18.003 0.021
2811.50950 18.064 0.021
2811.52023 18.137 0.020
2811.53101 18.212 0.019
2812.48780 18.207 0.020
2812.49852 18.235 0.018
2812.50929 18.211 0.020
2812.52002 18.232 0.022
2813.48248 18.110 0.024
2813.49320 18.040 0.021
2813.50396 18.024 0.021
2813.51468 17.956 0.018
2813.52980 17.959 0.019
2814.48028 17.941 0.017
2814.49097 17.921 0.018
2814.50169 18.003 0.021
2814.51245 17.969 0.019
2814.52317 18.074 0.019
2815.46509 17.962 0.021
2815.47582 18.017 0.021
2815.48657 18.067 0.021
2815.49726 18.099 0.024
2815.50798 18.177 0.025
2815.52349 18.164 0.023
2816.47816 18.173 0.020
2816.49085 18.187 0.018
2816.50149 18.142 0.017
2816.51223 18.098 0.016
2816.52302 18.015 0.016
2817.47865 17.980 0.022
2817.48941 17.955 0.022
2817.50015 17.982 0.022
2817.51083 17.977 0.019
2817.52160 17.958 0.019
2818.46801 17.960 0.018
2818.47878 17.974 0.018
2818.48953 17.964 0.018
2818.50026 18.008 0.018
2818.51099 18.092 0.018
2819.47799 18.179 0.025
2819.51062 18.130 0.021
2819.52135 18.154 0.021
2820.47627 18.197 0.023
2820.48699 18.105 0.020
2820.49770 18.053 0.020
2821.47076 17.990 0.018
2821.48150 17.965 0.019
2821.49220 17.970 0.017
2821.50294 17.975 0.017
2830.47776 18.117 0.028
2830.53151 18.011 0.024
2831.47691 18.041 0.020
2831.49622 17.946 0.016
2831.50739 17.957 0.016
2831.52593 17.979 0.020
2831.53709 17.993 0.021
2831.55039 18.053 0.025
2831.56176 18.129 0.024
2831.57250 18.242 0.024
2831.59124 18.204 0.025
2831.60242 18.211 0.026
2831.61314 18.185 0.024
2831.62387 18.132 0.025
2831.63463 18.043 0.024
2831.64538 17.997 0.024
2831.65616 17.991 0.024
2831.66868 17.937 0.020
2831.67941 17.943 0.021
2831.69061 17.986 0.024
2831.70137 18.060 0.025
2831.71209 18.090 0.035
2832.47931 17.944 0.016
2832.49008 17.976 0.018
2832.50082 18.045 0.019
2832.51153 18.083 0.021
2832.52228 18.154 0.025
2832.53299 18.174 0.026
2832.54934 18.198 0.024
2832.56636 18.204 0.024
2832.58325 18.079 0.020
2832.59400 18.032 0.019
2832.60534 17.976 0.020
2832.61653 17.920 0.021
2832.63134 17.932 0.023
2832.64207 17.919 0.023
2832.65279 18.030 0.027
2832.66351 18.075 0.025
2832.67423 18.142 0.026
2832.68608 18.175 0.026
2832.69681 18.151 0.028
2832.70754 18.189 0.027
2832.71828 18.188 0.028
2833.49362 18.195 0.035
2833.57149 17.997 0.029
2833.67746 18.107 0.032
2833.69219 18.079 0.028
2833.70295 18.038 0.026
2833.71364 18.004 0.027
2845.47762 18.039 0.029
2845.48834 17.997 0.026
2845.49906 17.961 0.024
2845.50981 17.987 0.021
2845.52050 17.975 0.021
2845.53123 17.993 0.024
3078.71245 18.032 0.015
3078.72316 18.000 0.013
3078.73386 17.676 0.011
3078.74455 17.955 0.013
3078.75528 17.944 0.013
3078.77010 17.983 0.014
3078.78077 18.023 0.014
3078.79145 18.041 0.014
3078.80217 18.123 0.014
3078.81288 18.209 0.015
3078.82358 18.219 0.016
3079.73430 18.014 0.012
3079.74501 18.052 0.012
3079.75573 18.132 0.013
3079.76646 18.182 0.013
3079.77720 18.192 0.014
3080.72870 18.206 0.016
3080.73942 18.240 0.016
3080.75016 18.192 0.016
3080.76091 18.205 0.017
3081.69911 18.181 0.015
3081.71039 18.169 0.014
3081.72112 18.152 0.015
3081.73242 18.056 0.015
3081.74507 18.030 0.016
3082.72660 17.963 0.012
3082.73764 17.957 0.011
3082.74835 17.982 0.012
3082.75908 18.013 0.012
3083.71328 17.998 0.013
3083.72398 18.041 0.013
3083.73468 18.138 0.014
3084.70485 18.152 0.015
3084.71556 18.157 0.015
3084.72627 18.188 0.014
3084.73695 18.135 0.014
3085.69902 18.120 0.016
3085.70969 18.032 0.014
3085.72040 17.985 0.013
3086.67871 18.030 0.015
3086.68977 17.965 0.013
3086.70046 17.968 0.013
3086.71119 17.957 0.014
3086.72191 18.001 0.013
3087.69552 18.035 0.015
3087.70620 18.078 0.015
3087.71689 18.163 0.018
3088.69218 18.195 0.017
3088.70288 18.228 0.016
3088.71407 18.211 0.016
3088.72475 18.109 0.015
3089.68223 18.108 0.015
3089.69294 18.032 0.014
3089.70364 18.006 0.014
3089.71479 17.991 0.013
3090.68897 17.969 0.014
3090.69971 17.960 0.014
3090.71040 17.992 0.014
3090.72111 18.068 0.015
3091.68957 18.134 0.016
3091.70025 18.156 0.016
3091.71094 18.197 0.016
3091.72604 18.157 0.015
3092.65779 18.084 0.024
3092.66851 18.183 0.021
3092.67922 18.190 0.018
3092.68997 18.179 0.017
3092.70065 18.069 0.015
3092.71642 18.026 0.015
3092.72842 17.977 0.013
3096.64121 18.194 0.024
3096.65190 18.189 0.025
3096.66264 18.202 0.023
3096.67336 18.173 0.023
3096.68403 18.082 0.021
3096.69474 18.029 0.018
3096.70658 17.990 0.016
3096.71730 17.949 0.015
3096.72800 17.918 0.014
3096.73872 17.956 0.014
3097.65692 17.976 0.015
3097.67314 17.912 0.015
3097.68385 17.923 0.014
3097.69457 17.938 0.015
3097.70527 18.001 0.015
3098.66450 18.004 0.014
3098.67524 18.038 0.015
3098.68592 18.095 0.015
3098.69662 18.175 0.015
3099.65552 18.160 0.028
3099.66619 18.223 0.022
3100.67768 18.006 0.018
3100.68840 17.933 0.017
3100.69914 17.915 0.017
3101.61918 18.041 0.021
3101.62985 18.013 0.020
3101.64060 17.944 0.022
3101.65584 17.994 0.022
3101.66656 17.971 0.026
3101.67727 18.015 0.021
3101.68793 18.005 0.022
3101.69867 18.053 0.020
3102.66641 18.116 0.019
3102.67714 18.165 0.018
3102.68904 18.190 0.018
3103.65630 18.165 0.026
3103.66698 18.172 0.022
3103.67768 18.142 0.019
3103.69258 18.045 0.016
3104.65196 18.044 0.017
3104.66268 17.977 0.016
3104.67336 17.958 0.015
3104.68408 17.934 0.013
3105.64281 17.943 0.015
3105.65352 17.960 0.014
3105.66423 18.008 0.014
3105.67495 18.045 0.015
3105.68563 18.079 0.014
3105.69629 18.154 0.016
3105.71257 18.185 0.017
3105.72326 18.145 0.016
3106.64605 18.161 0.015
3106.65862 18.159 0.015
3106.66934 18.170 0.015
3106.68158 18.172 0.014
3106.69232 18.158 0.014
3107.65813 18.100 0.017
3107.66921 18.026 0.014
3107.68034 18.008 0.015
3107.69107 17.973 0.014
3108.65004 17.972 0.013
3108.66075 17.923 0.013
3108.67146 17.935 0.013
3109.63030 17.951 0.013
3109.65290 18.047 0.014
3109.66363 18.112 0.016
3109.67432 18.174 0.015
3110.64266 18.256 0.024
3110.65340 18.189 0.020
3111.62153 18.205 0.022
3111.63223 18.029 0.018
3111.64292 18.065 0.023
3111.65361 18.029 0.023
3112.62759 17.969 0.014
3112.63834 17.973 0.013
3112.65318 17.965 0.013
3112.66385 17.961 0.012
3113.60716 17.997 0.017
3113.61789 18.001 0.017
3113.62858 18.029 0.017
3113.63926 18.078 0.018
3113.64993 18.176 0.020
3113.66065 18.159 0.018
3114.63114 18.199 0.014
3114.64183 18.174 0.015
3114.65248 18.145 0.014
3116.61376 17.983 0.017
3116.62446 17.893 0.017
3116.63520 17.986 0.018
3116.64592 17.994 0.018
3118.68021 17.932 0.016
3118.69704 18.001 0.019
3122.53609 17.972 0.026
3122.55424 18.083 0.023
3122.56525 18.232 0.032
3122.57637 18.214 0.025
3122.59345 18.165 0.024
3122.60892 18.137 0.024
3122.62011 18.063 0.018
3122.63165 18.064 0.022
3124.59609 17.929 0.021
3124.60681 18.028 0.022
3124.61795 18.066 0.020
3124.62864 18.172 0.021
3124.63933 18.183 0.023
3125.57468 18.106 0.022
3125.58558 18.205 0.024
3125.59665 18.213 0.026
3125.60777 18.187 0.021
3128.56830 17.987 0.015
3128.57904 18.022 0.016
3128.58973 18.026 0.016
3128.60043 18.086 0.016
3130.54810 18.185 0.030
3130.55930 18.160 0.028
3130.57001 18.118 0.024
3130.58113 18.024 0.021
3130.59238 17.985 0.020
3130.60358 17.956 0.018
3131.56332 17.885 0.022
3131.57449 17.944 0.022
3131.58558 17.936 0.026
3131.59675 17.955 0.021
3132.57426 18.129 0.018
3132.58499 18.217 0.019
3132.59601 18.188 0.018
3132.60671 18.220 0.020
3132.61741 18.161 0.019
3132.62809 18.161 0.020
3132.63880 18.101 0.017
3132.64952 17.996 0.016
3132.66536 17.954 0.014
3132.71056 17.973 0.015
3132.72128 18.031 0.016
3132.73197 18.045 0.019
3132.74271 18.173 0.024
3132.76543 18.245 0.028
3132.77616 18.212 0.020
3132.78684 18.130 0.023
3132.79764 18.055 0.019
3132.80833 18.023 0.018
3132.82401 17.990 0.018
3132.83470 18.030 0.022
3132.84541 17.961 0.020
3132.85612 17.964 0.019
3132.87199 18.041 0.025
3132.88271 18.071 0.025
3132.89342 18.143 0.026
3133.58278 18.191 0.016
3133.59381 18.124 0.015
3133.60451 18.012 0.014
3133.61520 17.985 0.013
3133.62585 17.991 0.013
3133.63653 17.963 0.013
3133.64876 17.977 0.013
3133.67686 18.031 0.014
3133.68756 18.090 0.015
3133.69825 18.185 0.017
3133.70899 18.139 0.016
3133.73895 18.167 0.020
3133.74966 18.127 0.019
3133.76035 18.029 0.017
3133.77106 17.998 0.019
3133.78179 18.014 0.017
3133.79254 17.941 0.017
3133.80370 17.943 0.017
3133.81442 17.931 0.018
3133.82513 18.013 0.020
3133.83585 18.025 0.021
3133.84716 18.146 0.023
3133.85790 18.276 0.026
3133.86893 18.199 0.027
3133.87994 18.286 0.026
3135.51990 18.063 0.025
3135.53065 17.903 0.021
3135.54136 17.907 0.019
3135.55209 17.887 0.020
3135.57830 18.009 0.019
3135.58901 18.060 0.019
3135.59971 18.093 0.021
3135.61043 18.198 0.020
3135.62114 18.190 0.019
3137.47951 17.962 0.023
3137.49024 18.065 0.024
3137.50091 18.036 0.021
3137.51691 18.182 0.025
3137.52757 18.091 0.021
3137.53828 18.151 0.023
3137.55442 18.176 0.018
3137.56514 18.130 0.023
3137.57585 18.061 0.022
3137.59656 17.933 0.019
3137.61503 17.955 0.022
3138.51339 18.167 0.019
3138.52412 18.042 0.017
3138.54794 17.974 0.016
3138.55862 17.993 0.015
3138.56936 17.929 0.013
3138.58001 17.956 0.014
3139.50171 17.955 0.017
3139.51246 17.990 0.017
3139.52319 17.916 0.019
3139.53389 17.944 0.021
3139.54463 17.978 0.022
3139.56683 18.104 0.016
3139.58148 18.150 0.015
3139.62197 18.198 0.016
3139.63264 18.147 0.018
3140.55755 18.208 0.019
3140.56864 18.179 0.021
3140.57934 18.236 0.022
3141.57070 17.963 0.016
3141.58141 17.978 0.015
3141.59216 17.981 0.018
3142.48525 18.155 0.021
3142.49597 18.119 0.018
3142.50666 18.071 0.017
3142.51739 18.016 0.016
3142.54088 17.943 0.016
3142.55196 17.953 0.015
3142.56273 17.987 0.015
3142.57347 17.974 0.013
3144.54402 18.175 0.016
3144.55474 18.179 0.017
3144.56548 18.129 0.018
3144.57616 18.035 0.016
3144.58690 18.013 0.017
3145.54835 17.942 0.021
3145.55905 17.969 0.020
3145.56974 17.955 0.021
3145.58047 17.967 0.020
3145.59326 17.945 0.019
3145.60392 17.975 0.020
3145.61465 18.051 0.019
3145.62599 18.156 0.020
3145.63666 18.145 0.018
3145.64739 18.235 0.018
3145.65812 18.179 0.017
3146.54958 17.941 0.016
3146.56027 18.006 0.015
3146.57096 18.027 0.017
3146.60181 18.265 0.021
3146.61250 18.171 0.020
3147.51639 17.998 0.020
3147.52760 18.109 0.021
3147.53976 18.160 0.021
3147.55042 18.219 0.021
3147.56116 18.154 0.025
3147.57191 18.203 0.023
3147.58261 18.178 0.021
3147.59330 18.110 0.018
3147.60456 18.038 0.019
3147.61525 17.964 0.017
3151.48941 18.028 0.019
3151.50042 18.069 0.018
3151.51110 18.144 0.018
3151.52179 18.178 0.019
3151.53250 18.190 0.019
3151.54322 18.173 0.017
3151.55463 18.179 0.018
3152.53631 18.022 0.017
3152.55427 17.984 0.015
3152.56500 17.944 0.015
3153.50083 17.985 0.018
3153.52032 17.960 0.017
3153.53102 17.955 0.019
3153.54176 18.000 0.021
3153.55246 17.984 0.018
3153.56313 18.002 0.017
3154.53308 18.105 0.025
3154.54378 18.261 0.028
3154.57117 18.230 0.025
3154.58188 18.167 0.026
3154.59263 18.029 0.024
3154.60338 18.019 0.020
3156.48740 18.198 0.026
3156.49874 18.127 0.023
3156.50945 18.047 0.022
3156.52072 18.014 0.021
3156.53142 18.012 0.019
3156.54216 17.935 0.016
3158.47661 17.947 0.033
3158.48836 17.938 0.027
3158.49934 18.049 0.026
3158.51005 18.097 0.029
3158.52078 18.212 0.034
3158.53148 17.946 0.039
3159.46025 18.040 0.025
3159.47150 18.201 0.026
3159.48430 18.139 0.025
3159.49543 18.156 0.030
3159.51242 18.175 0.023
3159.52365 18.079 0.021
3159.63430 18.214 0.027
3159.64561 18.208 0.026
3159.65629 18.231 0.027
3159.66756 18.219 0.028
3159.67825 18.166 0.029
3160.50898 18.009 0.017
3160.52009 17.995 0.019
3160.53081 17.988 0.018
3160.54180 17.970 0.017
3160.55254 18.046 0.020
3160.56325 18.074 0.020
3160.61252 18.215 0.021
3160.63995 18.084 0.019
3160.69693 17.968 0.017
3160.70787 17.985 0.017
3162.46536 17.944 0.019
3162.48836 18.111 0.019
3162.49967 18.137 0.018
3162.51041 18.228 0.018
3162.52111 18.223 0.019
3162.53211 18.177 0.019
3163.46735 18.192 0.018
3163.47926 18.259 0.019
3163.49064 18.178 0.016
3163.50180 18.130 0.016
3163.51249 18.017 0.015
3164.46063 18.021 0.017
3164.47161 18.031 0.015
3164.49054 18.031 0.015
3164.50299 17.924 0.014
3164.51371 17.980 0.014
3165.45612 17.944 0.021
3165.46853 17.921 0.016
3165.47977 17.941 0.015
3165.49081 18.018 0.016
3165.50192 18.031 0.015
3165.51265 18.136 0.017
3167.48315 18.057 0.025
3167.49427 18.017 0.021
3167.50521 18.008 0.019
3168.46120 17.979 0.014
3168.47191 17.982 0.014
3168.48260 17.934 0.014
3168.49335 17.929 0.014
3168.50407 17.980 0.015
3169.46668 17.998 0.019
3169.47743 18.001 0.020
3169.50019 18.142 0.017
3171.46748 18.021 0.014
3171.47818 17.977 0.014
3171.48885 17.963 0.013
3171.49951 17.942 0.012
3172.49264 18.021 0.016
3174.46001 18.131 0.017
3174.47070 18.170 0.016
3174.48139 18.087 0.015
3174.49211 18.003 0.015
3175.46456 17.999 0.018
3175.47532 17.952 0.015
3175.48601 17.934 0.014
3176.46718 17.980 0.024
3178.45993 18.125 0.020
3178.47062 18.055 0.019
3178.48276 17.965 0.017
3179.47179 17.928 0.014
3179.48266 17.940 0.014
3179.49333 18.022 0.013
3180.46415 18.101 0.017
3180.47482 18.151 0.017
3183.46931 18.013 0.018
3184.46320 18.179 0.020
3185.46156 18.126 0.020
3215.48973 18.222 0.030
3215.50041 18.254 0.031
3215.51116 18.144 0.029
3216.47563 18.117 0.023
3216.48633 18.170 0.025
3216.49697 18.090 0.025
3216.50767 17.968 0.022
3216.51840 17.979 0.022
3216.52909 17.950 0.022
3216.54244 17.964 0.022
3216.55316 17.999 0.023
3216.56385 18.066 0.023
3216.57452 18.086 0.024
3216.58524 18.128 0.025
3216.59599 18.179 0.026
3216.61167 18.218 0.029
3216.62290 18.142 0.027
3216.63432 18.118 0.027
3515.68722 18.191 0.025
3515.69795 18.195 0.024
3515.70872 18.257 0.024
3516.63431 18.099 0.018
3516.64503 18.122 0.016
3516.65571 18.138 0.017
3516.66644 18.226 0.019
3516.67715 18.123 0.024
3516.68789 18.221 0.027
3516.70364 18.048 0.026
3516.71438 17.945 0.023
3516.72511 17.968 0.015
3516.73582 17.930 0.020
3516.74656 17.947 0.017
3516.75730 17.984 0.023
3516.76890 17.981 0.018
3516.77967 18.032 0.022
3516.79041 18.103 0.028
3516.80114 18.179 0.033
3543.64020 17.975 0.019
3543.65094 17.895 0.022
3543.66168 17.958 0.027
3543.67241 17.941 0.030
3543.68314 18.200 0.037
3543.70498 18.254 0.038
3570.47380 18.168 0.019
3570.48483 18.037 0.019
3570.49553 18.010 0.018
3570.50625 18.062 0.021
3570.51702 17.946 0.019
3570.53031 17.967 0.018
3570.54235 17.989 0.016
3570.55304 18.014 0.019
3570.56378 18.079 0.019
3570.57473 18.151 0.020
3570.58542 18.246 0.022
3570.59616 18.356 0.031
3570.61492 18.133 0.018
3570.62627 18.153 0.021
3570.63725 18.136 0.023
3570.64846 17.983 0.022
3571.50983 18.042 0.020
3571.52191 18.103 0.020
3571.53297 18.172 0.022
3571.54371 18.070 0.021
3571.55612 18.184 0.028
3571.56686 18.037 0.027
3571.57760 18.122 0.031
3571.58835 18.162 0.029
3571.60370 18.185 0.030
3571.61485 17.920 0.025
3571.62703 17.890 0.022
3870.72246 17.946 0.022
3870.73323 17.984 0.021
3870.74396 17.968 0.020
3870.79804 18.144 0.029
4835.86085 17.999 0.016
4837.86531 18.084 0.023
4838.86152 17.952 0.014
4838.87229 17.957 0.020
4839.86631 18.115 0.016
4840.86626 18.203 0.018
4841.86828 17.975 0.016
4843.86911 18.176 0.020
4844.87242 18.033 0.018
4846.87097 18.115 0.015
4848.86208 17.953 0.015
4848.87327 17.975 0.018
4851.87779 18.049 0.020
4852.87154 17.942 0.014
4853.86761 18.093 0.013
4853.87836 18.187 0.020
4854.86844 18.152 0.015
4854.87936 18.140 0.020
4855.86195 17.998 0.014
4855.87268 18.027 0.015
4855.88351 17.897 0.020
4856.86196 17.955 0.012
4856.87276 18.007 0.012
4856.88362 18.084 0.014
4857.84820 18.127 0.016
4857.86792 18.231 0.016
4857.87878 18.190 0.018
4858.85012 18.209 0.016
4858.86084 18.134 0.016
4858.87165 18.012 0.014
4861.82369 18.095 0.017
4861.83427 18.191 0.018
4861.84490 18.168 0.019
4861.87387 18.210 0.018
4861.88442 18.094 0.019
4863.81226 17.987 0.013
4863.82283 17.956 0.013
4863.83342 17.941 0.013
4863.84401 17.965 0.014
4863.85459 17.972 0.013
4863.86541 17.989 0.013
4863.87599 18.009 0.014
4863.88660 18.077 0.018
4865.82374 18.202 0.017
4865.83436 18.181 0.016
4865.84504 18.201 0.020
4865.85561 18.155 0.019
4866.82170 18.096 0.017
4866.83231 17.999 0.016
4866.84291 17.973 0.015
4867.81134 17.989 0.015
4867.82194 17.988 0.016
4867.83250 17.965 0.015
4868.83486 18.168 0.014
4868.84547 18.155 0.014
4868.85732 18.192 0.016
4869.81221 18.193 0.018
4869.82281 18.186 0.017
4869.83339 18.168 0.019
4869.84397 18.118 0.015
4869.85457 18.067 0.015
4870.80900 18.024 0.017
4870.81958 18.002 0.017
4870.83018 17.971 0.015
4870.84074 17.968 0.015
4870.85133 17.945 0.015
4871.81391 17.965 0.019
4871.82632 18.014 0.022
4871.84392 18.130 0.022
4871.85577 18.158 0.024
4871.89123 18.153 0.023
4872.80332 18.053 0.021
4872.81390 18.155 0.021
4872.82449 18.188 0.023
4872.83524 18.176 0.022
4872.84582 18.193 0.022
4873.80233 18.200 0.018
4873.81292 18.120 0.018
4873.82348 18.098 0.017
4873.83412 17.997 0.016
4873.84465 17.977 0.015
4874.79624 18.011 0.017
4874.80674 17.988 0.016
4874.81732 17.968 0.015
4874.82790 17.948 0.015
4874.83850 17.994 0.018
4875.79995 17.997 0.014
4875.81054 18.039 0.016
4875.82110 18.113 0.016
4875.83168 18.153 0.017
4875.84220 18.158 0.017
4876.79682 18.178 0.017
4876.80741 18.148 0.016
4876.81798 18.160 0.017
4876.82857 18.206 0.019
4876.83916 18.112 0.016
4877.78221 18.192 0.018
4877.79278 18.106 0.016
4877.80339 18.071 0.016
4877.81397 18.022 0.015
4877.82459 17.974 0.014
4877.83528 17.945 0.014
4878.78025 17.957 0.015
4878.79125 17.936 0.014
4878.80184 17.943 0.015
4878.81246 17.972 0.018
4878.82303 18.005 0.017
4879.77102 17.925 0.016
4879.78184 18.007 0.017
4879.79243 18.076 0.017
4879.80301 18.120 0.018
4879.81362 18.174 0.022
4879.82466 18.184 0.021
4879.84402 18.232 0.022
4879.86392 18.093 0.020
4880.80498 18.155 0.015
4880.81587 18.097 0.015
4880.82648 18.054 0.019
4880.84245 17.970 0.015
4880.85302 17.975 0.013
4880.86362 17.967 0.015
4880.87422 17.916 0.015
4880.88502 17.967 0.015
4880.89561 18.017 0.017
4881.78565 18.034 0.014
4881.79628 18.002 0.014
4881.80686 17.965 0.015
4881.81745 17.911 0.014
4881.82798 17.946 0.013
4881.83862 17.917 0.013
4881.84922 18.024 0.014
4881.85981 18.015 0.016
4881.87042 18.097 0.015
4881.88098 18.195 0.018
4881.89196 18.208 0.018
4881.90255 18.177 0.027
4882.77668 18.001 0.012
4882.78728 17.978 0.013
4882.79785 17.995 0.014
4882.80841 18.008 0.013
4882.81897 18.071 0.014
4882.82959 18.142 0.014
4882.84013 18.143 0.013
4882.85074 18.164 0.014
4882.86129 18.179 0.015
4882.87187 18.150 0.015
4882.88261 18.161 0.016
4882.89317 18.073 0.015
4882.90374 18.050 0.020
4883.70585 17.987 0.015
4883.71642 17.969 0.015
4883.72700 17.932 0.017
4883.73756 17.962 0.015
4883.74815 18.016 0.017
4883.75971 18.016 0.015
4883.77025 18.035 0.016
4883.78085 18.151 0.018
4883.79185 18.174 0.021
4883.80243 18.156 0.019
4883.81301 18.201 0.018
4883.82380 18.155 0.021
4883.83481 18.178 0.022
4884.71163 17.984 0.013
4884.72222 18.011 0.015
4884.73279 18.105 0.016
4884.74335 18.155 0.016
4884.75391 18.174 0.018
4884.76544 18.171 0.015
4884.77603 18.174 0.016
4885.73560 18.213 0.018
4885.74616 18.088 0.016
4885.75678 18.044 0.015
4885.76738 18.043 0.015
4885.77796 17.984 0.015
4885.78905 17.987 0.014
4885.79963 17.976 0.015
4886.72319 18.013 0.015
4886.73376 17.966 0.015
4886.74435 17.952 0.013
4886.75493 17.951 0.013
4886.76549 17.963 0.014
4886.77761 18.007 0.014
4887.67756 18.008 0.014
4887.68837 18.001 0.013
4887.69896 17.983 0.014
4887.70959 17.981 0.013
4887.72016 17.937 0.012
4887.73126 17.952 0.013
4887.76173 18.187 0.015
4887.77363 18.206 0.015
4887.78440 18.209 0.014
4888.68572 17.990 0.014
4888.69629 18.030 0.015
4888.70690 18.083 0.014
4888.71753 18.165 0.015
4888.72810 18.260 0.017
4888.73912 18.223 0.015
4888.74969 18.175 0.016
4888.76080 18.183 0.015
4888.77179 18.141 0.014
4889.67938 18.199 0.017
4889.68996 18.237 0.019
4890.69181 18.025 0.016
4890.70236 18.005 0.015
4890.71297 17.961 0.014
4890.72358 17.943 0.013
4890.73417 17.942 0.012
4890.74521 18.004 0.013
4890.75607 18.022 0.014
4890.76795 18.039 0.014
4891.67946 17.921 0.019
4891.69000 17.900 0.019
4891.70058 17.968 0.018
4891.71119 18.038 0.016
4891.72180 18.043 0.017
4891.73329 18.091 0.016
4891.74517 18.140 0.015
4891.75675 18.158 0.017
4892.69016 18.129 0.020
4892.70076 18.209 0.021
4892.71133 18.173 0.018
4892.72188 18.183 0.019
4892.73247 18.200 0.018
4892.74368 18.159 0.019
4892.75634 18.019 0.018
4894.67696 17.951 0.018
4894.69813 17.922 0.020
4894.76946 18.198 0.024
4895.69406 17.992 0.015
4895.70462 18.008 0.014
4895.71523 18.149 0.016
4895.72579 18.201 0.020
4895.73640 18.212 0.020
4895.74808 18.170 0.018
4896.69799 18.205 0.021
4896.70862 18.175 0.018
4896.71921 18.185 0.025
4896.72987 18.095 0.019
4896.74046 18.055 0.016
4896.75154 17.986 0.014
4896.76215 17.956 0.014
4897.67188 18.235 0.027
4897.72187 17.953 0.018
4897.73274 17.938 0.015
4897.74333 17.991 0.015
4898.68540 17.975 0.018
4898.69656 17.961 0.018
4898.70719 18.003 0.021
4898.71776 18.026 0.017
4898.72839 18.051 0.020
4898.73900 18.142 0.020
4898.75282 18.171 0.020
4899.67888 18.028 0.017
4899.68947 18.109 0.018
4899.70009 18.203 0.020
4900.72107 18.052 0.018
4900.73168 17.972 0.017
4900.74225 17.979 0.018
4900.75284 17.903 0.017
4900.76344 17.930 0.017
4900.77431 18.012 0.019
4900.78493 17.999 0.018
4901.69959 17.918 0.017
4901.71019 17.984 0.018
4901.72076 17.933 0.017
4901.73135 17.987 0.019
4901.74195 18.041 0.020
4901.75291 18.078 0.019
4901.76351 18.139 0.020
4901.77410 18.197 0.020
4902.70896 18.091 0.019
4902.71953 18.122 0.021
4902.73008 18.233 0.022
4902.74069 18.198 0.021
4902.75128 18.237 0.022
4902.76205 18.171 0.019
4902.77262 18.093 0.018
4902.78320 18.023 0.017
4903.69428 18.180 0.025
4903.70487 18.204 0.021
4903.71549 18.228 0.021
4903.72607 18.119 0.021
4903.73662 18.043 0.019
4903.74750 18.071 0.019
4903.75807 17.985 0.015
4903.76866 17.955 0.015
4903.77924 17.928 0.015
4904.67764 18.067 0.024
4904.68824 18.005 0.022
4904.69884 18.023 0.017
4904.70944 17.949 0.018
4904.72002 17.958 0.020
4904.73095 17.973 0.019
4904.74153 17.954 0.020
4904.75211 18.006 0.018
4904.76265 17.988 0.018
4904.77328 18.053 0.017
4905.68554 17.901 0.022
4905.78360 18.138 0.020
4905.79420 18.180 0.021
4905.80481 18.102 0.022
4905.81542 18.007 0.022
4905.82599 18.027 0.019
4907.66565 18.161 0.019
4907.67622 18.213 0.018
4907.68680 18.157 0.018
4907.69740 18.159 0.017
4907.70798 18.047 0.015
4907.71889 18.073 0.017
4907.72948 18.054 0.016
4907.74009 17.995 0.015
4907.75069 17.969 0.019
4907.76126 17.989 0.017
4907.77238 17.971 0.016
4907.78296 17.971 0.018
4907.79353 18.064 0.016
4907.81458 18.200 0.024
4907.83582 18.247 0.028
4907.85701 18.184 0.027
4907.86810 18.072 0.018
4907.87867 18.019 0.022
4907.88925 17.991 0.020
4907.89985 17.966 0.020
4907.91042 17.905 0.026
4908.69832 17.928 0.015
4908.70892 17.956 0.016
4908.71949 17.979 0.015
4908.73010 17.975 0.014
4908.74070 18.028 0.017
4908.75160 18.053 0.016
4908.76216 18.177 0.020
4908.77279 18.188 0.016
4908.78339 18.230 0.020
4908.79401 18.181 0.017
4908.80485 18.218 0.019
4908.81541 17.907 0.016
4908.83673 17.987 0.016
4908.84736 17.965 0.015
4908.86853 17.978 0.016
4908.87909 17.987 0.015
4909.66900 17.928 0.015
4909.67960 17.950 0.017
4909.69019 18.057 0.020
4909.70080 18.008 0.017
4909.71137 18.117 0.017
4909.72210 18.176 0.017
4909.73268 18.185 0.017
4909.74325 18.161 0.019
4909.75386 18.256 0.021
4909.76449 18.184 0.020
4909.77536 18.105 0.019
4909.78597 18.038 0.018
4909.79654 17.938 0.019
4909.80711 17.953 0.019
4909.81771 17.915 0.018
4909.82861 17.933 0.017
4909.83918 17.967 0.017
4909.84977 17.948 0.016
4909.86038 18.007 0.016
4909.87546 18.117 0.019
4909.88645 18.175 0.023
4909.89703 18.172 0.021
4909.90762 18.292 0.029
4909.91822 18.135 0.026
4910.62534 17.903 0.018
4910.63591 17.951 0.016
4910.64779 17.995 0.016
4910.65891 18.055 0.015
4910.66950 18.130 0.017
4910.68012 18.188 0.016
4910.69069 18.190 0.017
4910.70129 18.204 0.018
4910.71693 18.161 0.015
4910.72756 18.114 0.014
4910.73814 18.038 0.013
4910.74875 18.000 0.013
4910.75938 17.949 0.012
4910.77027 17.960 0.012
4911.70106 18.023 0.013
4912.60032 18.030 0.022
4912.61097 18.191 0.019
4912.62154 18.243 0.023
4912.63214 18.137 0.016
4912.64274 18.060 0.015
4912.65368 18.030 0.014
4912.66427 17.989 0.013
4912.67481 17.962 0.012
4912.68540 17.937 0.012
4912.69595 17.951 0.013
4913.60700 18.000 0.016
4913.61759 17.949 0.015
4913.62818 17.973 0.015
4913.63874 17.962 0.015
4913.64933 17.930 0.014
4913.66012 17.929 0.013
4913.67066 18.021 0.015
4913.68125 18.044 0.014
4913.69186 18.107 0.018
4913.70243 18.210 0.019
4914.67251 18.146 0.016
4914.68305 18.160 0.014
4914.69365 18.174 0.014
4914.70422 18.125 0.015
4915.68496 17.980 0.014
4915.69557 17.964 0.014
4915.70614 17.947 0.015
4915.72036 17.992 0.015
4915.73090 17.966 0.015
4916.62279 18.085 0.016
4916.63639 17.973 0.014
4916.64695 17.958 0.013
4916.65756 17.955 0.013
4916.66818 17.977 0.013
4916.67889 17.977 0.013
4916.68949 17.974 0.013
4916.70007 18.048 0.013
4917.63687 17.956 0.013
4917.65168 18.056 0.014
4917.66223 18.056 0.014
4917.67281 18.140 0.014
4917.68342 18.224 0.016
4917.72153 18.172 0.016
4918.61707 18.097 0.016
4918.62766 18.160 0.016
4918.63826 18.179 0.016
4918.64888 18.204 0.016
4918.65947 18.203 0.015
4918.67002 18.132 0.018
4919.67821 17.930 0.012
4919.68880 17.935 0.012
4919.69938 17.957 0.012
4919.70994 17.977 0.012
4919.72055 18.022 0.013
4920.67421 18.023 0.012
4920.68422 18.033 0.013
4920.69427 18.140 0.015
4920.70427 18.157 0.014
4920.71426 18.196 0.017
4921.65953 18.165 0.022
4921.66956 18.166 0.019
4921.67956 18.155 0.024
4921.68955 18.132 0.019
4921.69957 18.189 0.017
4921.70957 18.035 0.019
4921.71972 18.036 0.016
4924.65978 18.081 0.015
4924.66989 18.163 0.016
4924.68001 18.199 0.016
4924.69010 18.223 0.016
4924.70023 18.190 0.015
4924.71064 18.184 0.016
4925.66237 18.189 0.015
4925.67247 18.232 0.016
4925.68259 18.142 0.014
4925.69269 18.030 0.013
4925.70279 18.011 0.013
4926.60395 18.197 0.020
4926.61405 18.188 0.017
4926.62412 18.202 0.018
4926.63421 18.158 0.018
4926.64430 18.072 0.016
4926.65442 18.008 0.016
4926.66452 17.942 0.015
4926.67463 17.914 0.017
4926.68473 17.945 0.013
4926.69516 17.942 0.014
4926.70527 17.950 0.015
4927.64935 17.967 0.017
4927.65946 17.954 0.017
4927.66960 17.982 0.019
4927.67970 18.036 0.016
4927.68982 18.120 0.016
4927.70020 18.160 0.018
4928.64429 18.127 0.016
4928.65440 18.162 0.017
4928.66450 18.169 0.016
4928.67460 18.158 0.016
4928.68472 18.205 0.016
4928.69482 18.193 0.018
4929.62959 18.179 0.023
4929.63968 18.181 0.021
4929.64979 18.162 0.020
4929.65990 18.128 0.019
4930.64334 18.016 0.018
4930.65341 17.945 0.016
4930.66348 17.948 0.015
4930.67359 17.914 0.015
4930.68368 17.979 0.015
4930.69383 17.976 0.016
4931.64351 18.044 0.020
4931.65363 18.041 0.019
4931.66373 18.077 0.021
4931.67385 18.164 0.020
4931.68396 18.216 0.022
4932.63153 18.188 0.018
4932.64163 18.188 0.019
4932.65173 18.204 0.019
4932.66184 18.179 0.022
4932.67193 18.211 0.022
4932.68204 18.113 0.018
4933.63016 18.171 0.022
4933.64025 18.083 0.021
4933.65032 18.025 0.019
4933.66040 17.980 0.018
4933.67053 17.978 0.019
4933.68061 17.983 0.019
4934.62692 17.954 0.016
4934.63702 17.940 0.016
4934.64715 17.911 0.018
4934.65724 17.982 0.016
4934.66733 18.051 0.018
4934.67744 18.028 0.016
4934.69375 18.121 0.017
4934.70385 18.159 0.017
4934.73908 18.104 0.023
4934.74919 18.089 0.021
4935.61413 17.953 0.015
4935.62425 18.016 0.015
4935.63437 18.010 0.017
4935.64447 18.060 0.016
4935.65459 18.153 0.016
4935.66469 18.172 0.017
4935.67481 18.209 0.017
4935.68489 18.175 0.019
4935.69499 18.175 0.017
4935.70513 18.122 0.016
4935.71523 18.030 0.014
4935.72533 17.986 0.014
4935.73543 17.964 0.015
4935.74555 17.933 0.015
4935.75561 17.925 0.016
4935.78031 18.015 0.017
4935.79039 17.988 0.017
4935.80049 18.074 0.017
4935.81060 18.176 0.018
4935.82070 18.240 0.017
4935.83083 18.214 0.018
4935.84131 18.214 0.018
4935.85141 18.190 0.021
4935.86451 18.123 0.020
4935.87461 18.130 0.025
4935.88471 18.043 0.022
4936.61425 18.132 0.019
4936.62439 18.158 0.017
4936.63448 18.175 0.019
4936.64455 18.132 0.017
4936.65465 18.169 0.018
4936.66477 18.072 0.015
4936.67485 18.049 0.016
4936.68498 18.036 0.016
4936.69502 17.961 0.014
4936.70513 17.952 0.016
4936.71526 17.983 0.018
4936.74684 18.064 0.019
4936.78487 18.200 0.019
4936.79499 18.181 0.019
4936.80510 18.196 0.025
4936.81519 18.133 0.017
4936.82528 18.083 0.016
4936.83538 18.040 0.017
4936.84666 17.964 0.016
4936.85677 17.944 0.016
4936.86686 17.945 0.017
4936.87695 17.970 0.018
4936.88706 17.956 0.018
4936.89714 18.033 0.018
4936.90767 18.074 0.018
4937.61636 18.103 0.014
4937.62646 18.028 0.013
4937.63657 17.964 0.013
4937.64666 17.969 0.012
4937.65675 17.932 0.013
4937.66685 17.951 0.014
4937.67692 17.946 0.013
4937.68701 18.014 0.014
4937.69711 18.003 0.014
4937.70723 18.088 0.014
4937.71733 18.138 0.016
4937.72742 18.159 0.016
4937.73751 18.190 0.017
4937.74761 18.234 0.019
4937.76356 18.244 0.015
4937.77373 18.169 0.014
4937.78383 18.046 0.013
4937.79392 18.003 0.012
4937.80405 17.972 0.013
4937.81417 17.957 0.013
4937.82425 17.941 0.013
4937.83434 17.993 0.014
4937.84447 18.029 0.014
4937.85458 18.023 0.015
4937.86468 18.028 0.014
4937.87479 18.152 0.019
4938.61146 17.965 0.017
4938.62157 17.902 0.017
4938.63167 17.977 0.018
4938.64177 17.969 0.016
4938.66201 18.056 0.016
4939.61896 18.104 0.019
4939.62908 18.155 0.017
4939.63915 18.199 0.017
4939.64930 18.230 0.017
4939.65943 18.245 0.019
4939.66953 18.235 0.017
4940.62622 18.188 0.017
4940.63634 18.136 0.016
4940.64643 18.027 0.015
4940.65654 18.029 0.015
4940.66666 17.998 0.014
4941.60222 18.028 0.017
4941.61234 17.999 0.018
4941.62244 17.979 0.016
4941.63253 17.954 0.015
4941.64264 17.984 0.014
4941.65277 17.935 0.014
4941.66311 17.989 0.014
4942.61563 17.982 0.013
4942.62572 17.991 0.013
4942.63585 18.043 0.014
4942.64595 18.094 0.017
4942.65607 18.186 0.018
4943.60277 18.135 0.015
4943.61285 18.195 0.015
4943.62295 18.175 0.015
4943.63305 18.180 0.016
4943.64315 18.154 0.016
4943.65327 18.139 0.016
4944.61056 18.156 0.015
4944.62066 18.101 0.014
4944.63076 18.015 0.013
4944.64088 17.975 0.014
4944.65100 17.977 0.014
4945.59173 18.005 0.013
4945.60184 17.993 0.013
4945.61195 17.946 0.013
4945.62202 17.943 0.012
4945.63215 17.954 0.013
4945.64226 17.971 0.015
4945.89070 18.082 0.019
4946.60824 18.021 0.014
4946.61833 18.054 0.014
4946.62843 18.115 0.015
4946.63854 18.175 0.015
4946.64864 18.218 0.016
4946.88374 17.975 0.016
4947.60874 18.200 0.015
4947.61887 18.213 0.015
4947.62897 18.162 0.014
4947.63908 18.097 0.014
4947.88841 18.097 0.021
4948.60708 18.052 0.015
4948.61719 18.006 0.014
4948.62728 17.919 0.013
4948.63741 17.951 0.015
4949.59106 17.955 0.012
4949.60114 17.961 0.012
4949.61121 17.962 0.012
4949.62128 18.001 0.012
4949.63139 18.027 0.012
4949.86364 18.129 0.017
4949.87374 18.057 0.017
4949.88384 18.041 0.017
4950.58891 18.036 0.016
4950.59900 18.110 0.015
4950.60908 18.135 0.015
4950.61920 18.136 0.015
4950.62933 18.198 0.016
4951.57089 18.206 0.022
4951.58101 18.258 0.019
4951.59111 18.127 0.016
4951.60121 18.182 0.016
4951.61132 18.148 0.015
4951.62145 18.084 0.015
4951.63178 18.012 0.013
4951.87494 18.102 0.031
4952.86688 18.216 0.020
4952.87698 18.226 0.022
4953.58310 17.913 0.012
4953.59320 17.999 0.014
4953.60329 18.009 0.014
4953.61339 18.044 0.015
4953.62346 18.125 0.016
4953.86905 18.006 0.019
4953.87577 18.006 0.021
4954.57383 18.075 0.016
4954.58394 18.181 0.017
4954.59405 18.176 0.018
4954.60413 18.191 0.019
4954.61425 18.199 0.018
4954.62435 18.199 0.018
4954.87139 18.013 0.017
4955.57843 18.147 0.019
4955.58852 18.172 0.017
4955.59862 18.057 0.018
4955.60874 18.006 0.016
4955.61885 17.954 0.015
4964.60082 18.065 0.016
4964.61125 18.158 0.016
4964.62611 18.199 0.016
4964.63642 18.154 0.015
4964.64643 18.163 0.016
4964.65643 18.145 0.017
4964.66709 18.056 0.017
4964.67709 18.012 0.016
4965.60098 18.133 0.018
4965.61127 18.165 0.022
4965.62128 18.050 0.019
4965.63128 18.044 0.018
4965.64129 18.015 0.020
4965.65173 17.948 0.018
4965.66175 17.956 0.019
4965.67175 17.966 0.020
4965.68173 17.961 0.020
4966.53216 18.202 0.020
4966.54268 18.144 0.020
4966.55269 18.092 0.020
4966.56269 18.184 0.018
4966.57296 18.097 0.018
4966.58298 18.043 0.016
4966.59301 17.981 0.015
4966.60356 17.944 0.014
4966.61356 17.970 0.013
4966.62362 17.993 0.014
4966.63398 17.947 0.015
4966.64395 18.009 0.015
4966.65398 18.022 0.016
4966.66429 18.068 0.017
4967.57183 17.927 0.013
4967.58236 17.957 0.012
4967.60263 17.991 0.012
4967.61264 17.996 0.012
4967.62262 18.103 0.014
4967.63322 18.197 0.017
4967.64324 18.230 0.017
4967.65718 18.201 0.018
4967.66719 18.214 0.017
4967.67719 18.080 0.016
4967.68719 18.117 0.018
4968.52410 17.960 0.018
4968.53409 17.959 0.017
4968.56947 18.066 0.017
4968.57949 18.110 0.017
4968.58949 18.185 0.017
4968.59949 18.223 0.017
4968.60951 18.201 0.016
4968.63404 18.156 0.016
4968.64405 18.102 0.015
4968.65408 18.043 0.014
4968.66408 17.963 0.013
4969.62645 17.978 0.013
4969.63682 17.986 0.013
4969.66719 17.989 0.017
4970.57088 17.999 0.016
4970.58232 17.943 0.014
4970.59232 17.958 0.014
4970.60231 17.976 0.014
4970.61233 18.026 0.014
4970.62233 17.980 0.014
4970.63261 18.021 0.014
4970.64259 18.068 0.015
4970.65257 18.177 0.017
4970.66254 18.233 0.016
4970.67673 18.215 0.015
4972.50353 17.978 0.016
4972.51408 17.950 0.015
4972.52433 17.965 0.014
4972.53482 18.008 0.016
4972.54481 18.022 0.015
4972.55481 18.108 0.016
4972.56543 18.135 0.016
4972.57548 18.166 0.018
4972.58548 18.183 0.018
4972.59962 18.193 0.016
4972.61312 18.145 0.016
4972.63489 18.046 0.014
4972.64487 17.997 0.016
4972.65487 17.961 0.014
4972.66888 17.953 0.014
4973.47935 17.957 0.016
4973.48973 17.978 0.018
4973.50430 18.058 0.017
4973.51480 18.177 0.019
4973.52479 18.147 0.017
4973.53480 18.200 0.018
4973.54480 18.209 0.017
4973.56004 18.138 0.016
4973.57004 18.091 0.016
4973.58009 18.054 0.014
4973.59006 17.975 0.012
4973.60737 17.973 0.011
4973.61825 17.965 0.011
4973.62821 17.967 0.012
4973.63826 17.949 0.012
4973.64882 17.995 0.012
4973.65882 18.057 0.014
4973.66880 18.092 0.015
4973.68378 18.183 0.015
4974.51890 18.141 0.022
4974.53056 18.150 0.021
4974.56426 17.908 0.017
4974.57425 17.967 0.016
4974.58427 17.958 0.017
4974.59468 18.014 0.016
4974.60469 18.029 0.016
4974.61471 18.070 0.017
4974.62981 18.139 0.015
4974.64005 18.181 0.017
4974.65005 18.186 0.017
4974.66004 18.200 0.017
4974.67045 18.193 0.017
4974.68089 18.128 0.015
4975.49752 18.092 0.026
4975.50812 17.942 0.018
4975.51856 17.956 0.019
4975.52857 17.911 0.018
4975.53856 17.943 0.017
4975.54886 17.937 0.018
4975.55890 17.989 0.017
4975.56894 18.016 0.016
4975.57958 18.139 0.019
4975.58957 18.210 0.021
4975.59959 18.229 0.017
4975.61011 18.288 0.020
4975.62011 18.168 0.019
4975.63011 18.151 0.018
4975.64041 18.114 0.018
4975.65042 18.050 0.016
4977.50291 18.200 0.024
4977.51333 18.187 0.020
4977.52372 18.097 0.017
4977.53436 18.193 0.018
