2322.65366 20.144 0.109
2322.67119 20.027 0.107
2322.68206 20.280 0.128
2322.69298 20.201 0.115
2322.70390 20.275 0.109
2322.71475 20.267 0.111
2322.72567 20.840 0.155
2322.73761 20.430 0.117
2322.74847 20.640 0.129
2322.75935 20.698 0.145
2322.77022 20.654 0.131
2322.78111 20.500 0.110
2322.79196 20.711 0.145
2322.80375 20.282 0.103
2322.81467 20.215 0.106
2322.82557 20.304 0.104
2322.83647 20.124 0.098
2322.84742 20.181 0.109
2322.86239 20.299 0.121
2323.65973 20.183 0.107
2323.67064 20.477 0.147
2323.68156 20.299 0.122
2323.69251 20.113 0.097
2323.70343 20.320 0.117
2323.71718 20.116 0.093
2323.72809 20.425 0.115
2323.73895 20.139 0.091
2323.74985 20.235 0.097
2323.76077 20.272 0.098
2323.77591 20.624 0.150
2323.78679 20.598 0.127
2323.79770 20.758 0.157
2323.80862 20.582 0.132
2323.81951 20.762 0.146
2323.83040 20.655 0.140
2323.84258 20.434 0.122
2323.85344 20.379 0.131
2323.86439 20.245 0.127
2324.64072 20.429 0.154
2324.65580 20.616 0.161
2324.67008 20.414 0.160
2324.68097 20.440 0.133
2324.69496 20.696 0.156
2324.70584 20.571 0.170
2324.71672 20.596 0.160
2324.72762 20.370 0.117
2324.73866 20.203 0.099
2324.74959 20.242 0.111
2324.76572 20.288 0.100
2324.77661 20.271 0.089
2324.78749 20.278 0.099
2324.79839 20.517 0.123
2324.80930 20.386 0.117
2324.82295 20.231 0.120
2324.83571 20.756 0.186
2324.84977 20.972 0.258
2324.86069 20.425 0.183
2325.63924 20.152 0.136
2325.65020 20.670 0.215
2325.66548 20.105 0.117
2325.67987 20.549 0.176
2325.69383 20.393 0.128
2325.70480 20.438 0.139
2325.71569 20.410 0.121
2325.72656 20.993 0.219
2325.74128 20.503 0.127
2325.75218 20.419 0.120
2325.76308 20.358 0.117
2325.77515 20.253 0.106
2325.78609 20.279 0.114
2325.79699 20.249 0.105
2325.80792 20.414 0.136
2325.81885 20.336 0.130
2325.82973 20.458 0.150
2326.60550 20.896 0.262
2326.61640 20.584 0.180
2326.62729 20.383 0.158
2326.63819 20.601 0.187
2326.64904 20.318 0.116
2326.65995 20.203 0.112
2326.67124 20.333 0.119
2326.68215 20.459 0.125
2326.69301 20.204 0.102
2326.70389 20.337 0.118
2326.71481 20.487 0.182
2326.72570 20.418 0.169
2326.74589 20.522 0.165
2326.75679 20.387 0.140
2326.76769 20.588 0.184
2326.77862 20.374 0.134
2326.78953 20.671 0.167
2326.80045 20.364 0.144
2327.61235 20.471 0.181
2327.62321 20.438 0.169
2327.63414 20.472 0.169
2327.64507 20.475 0.164
2327.65598 20.820 0.222
2327.66690 20.954 0.257
2327.68165 20.225 0.117
2327.69255 20.358 0.122
2327.70344 20.348 0.114
2327.71434 20.271 0.107
2327.72527 20.257 0.100
2327.73618 20.135 0.087
2327.74736 20.353 0.108
2327.75824 20.465 0.124
2327.76919 20.062 0.091
2327.78006 20.249 0.105
2327.79093 20.581 0.144
2327.80180 20.631 0.164
2328.63116 20.224 0.114
2328.64205 20.304 0.117
2328.65296 20.210 0.105
2328.66381 20.304 0.113
2328.67476 20.428 0.132
2328.68564 20.501 0.128
2328.69693 20.740 0.164
2328.70780 20.668 0.162
2328.71865 20.528 0.135
2328.72952 20.210 0.099
2328.74040 20.417 0.133
2328.75129 20.279 0.104
2328.76257 20.097 0.086
2328.77349 20.057 0.086
2328.78435 20.242 0.097
2328.79528 20.296 0.092
2328.80617 20.478 0.121
2328.81709 20.408 0.123
2329.62086 20.504 0.197
2329.63174 20.226 0.120
2329.64261 20.147 0.121
2329.65356 20.262 0.124
2329.66450 20.290 0.125
2329.67547 20.323 0.138
2329.68753 20.242 0.129
2329.69844 20.365 0.133
2329.70934 20.415 0.137
2329.72025 20.443 0.125
2329.73108 20.694 0.171
2329.74200 20.554 0.140
2329.75339 20.495 0.136
2329.76432 20.510 0.140
2329.77520 20.405 0.137
2329.78610 20.354 0.143
2329.79702 20.278 0.123
2329.81535 20.148 0.106
2329.82627 20.344 0.125
2329.83716 20.395 0.135
2329.84806 20.207 0.114
2330.58985 20.460 0.196
2330.60073 20.241 0.150
2330.61161 20.792 0.235
2330.62249 20.343 0.151
2330.63336 20.663 0.209
2330.64428 20.863 0.238
2330.65535 20.330 0.142
2330.66621 20.534 0.180
2330.67708 20.049 0.130
2330.68797 20.035 0.118
2330.69886 20.228 0.132
2330.70976 20.233 0.123
2330.72725 20.440 0.145
2330.73815 20.372 0.130
2330.74902 20.378 0.137
2330.75993 20.728 0.217
2330.77083 20.413 0.148
2330.78171 20.658 0.174
2330.79291 20.890 0.213
2330.80384 20.441 0.149
2330.81477 20.507 0.160
2330.82562 20.510 0.165
2330.83653 20.676 0.193
2330.84744 20.642 0.190
2331.59007 20.274 0.156
2331.60098 20.181 0.140
2331.61185 20.455 0.207
2331.64555 20.544 0.188
2331.66725 20.766 0.217
2331.68055 20.352 0.143
2331.69145 20.549 0.167
2331.70236 20.457 0.171
2331.71326 20.170 0.120
2331.72414 20.199 0.124
2331.73502 20.216 0.121
2331.74614 20.244 0.120
2331.75701 20.462 0.152
2331.76796 20.359 0.138
2331.77884 20.155 0.119
2331.78971 20.231 0.128
2331.80061 20.379 0.157
2331.80454 20.420 0.167
2331.81544 20.563 0.190
2331.82633 20.338 0.169
2331.83725 20.493 0.194
2332.61767 20.202 0.168
2332.64357 20.381 0.172
2332.65450 20.221 0.158
2332.66536 20.299 0.154
2332.67625 20.329 0.171
2332.68715 20.278 0.166
2332.69807 20.715 0.229
2332.71770 20.502 0.173
2332.72858 20.833 0.233
2332.73942 21.063 0.311
2332.75034 20.556 0.199
2332.76126 20.260 0.147
2332.77216 20.489 0.185
2332.78336 20.343 0.173
2332.79427 20.561 0.212
2332.80518 19.713 0.132
2332.81607 19.650 0.151
2333.62059 20.493 0.257
2333.63149 21.060 0.444
2333.64237 20.230 0.170
2333.65330 20.165 0.163
2333.66418 20.336 0.203
2333.67510 20.255 0.166
2333.68838 20.180 0.143
2333.69929 20.072 0.149
2333.71018 20.488 0.212
2333.72108 20.027 0.153
2333.73201 20.333 0.170
2333.74288 20.205 0.157
2333.75407 20.650 0.271
2333.76499 20.570 0.278
2333.77591 20.551 0.198
2333.78681 20.433 0.176
2333.79770 20.313 0.158
2333.80860 20.221 0.150
2333.82413 20.238 0.154
2333.83501 20.395 0.178
2333.84584 20.130 0.139
2334.60807 20.498 0.196
2334.61896 20.297 0.146
2334.62988 20.280 0.146
2334.64076 20.965 0.271
2334.65164 20.541 0.180
2334.66254 20.718 0.211
2334.67395 20.367 0.160
2334.68485 20.005 0.121
2334.69576 20.439 0.157
2334.70666 20.358 0.161
2334.71758 20.184 0.149
2334.72850 20.149 0.146
2334.74199 20.368 0.175
2334.76034 20.126 0.126
2334.77127 20.573 0.188
2334.78218 20.555 0.198
2334.79306 20.603 0.205
2334.80393 20.323 0.262
2335.57007 20.050 0.154
2335.58100 20.337 0.177
2335.59190 20.060 0.149
2335.60282 20.578 0.233
2335.61375 20.064 0.143
2335.64163 20.708 0.285
2335.65258 20.327 0.148
2335.66351 20.688 0.208
2335.67442 20.585 0.164
2335.68529 20.852 0.195
2335.69615 20.717 0.203
2335.70720 20.477 0.138
2335.71811 20.557 0.152
2335.72900 20.555 0.168
2335.73989 20.068 0.104
2335.75081 20.163 0.112
2337.60230 20.422 0.140
2337.61319 20.802 0.192
2337.62409 20.414 0.139
2337.63498 20.572 0.155
2337.64590 20.281 0.123
2337.65681 20.683 0.166
2337.66787 20.201 0.108
2337.67877 20.376 0.126
2337.68974 20.274 0.105
2337.70063 20.320 0.114
2337.71150 20.360 0.115
2337.72239 20.418 0.123
2337.73354 20.324 0.113
2337.74449 20.377 0.124
2337.75538 20.293 0.109
2337.76630 20.580 0.144
2337.77721 20.502 0.130
2337.78811 20.445 0.131
2338.56962 20.310 0.118
2338.58049 20.310 0.128
2338.59142 20.188 0.128
2338.60232 20.332 0.143
2338.61318 20.389 0.143
2338.62409 20.200 0.139
2338.63710 20.523 0.163
2338.64942 20.816 0.199
2338.66032 20.608 0.150
2338.67121 20.681 0.184
2338.68216 20.229 0.110
2338.69302 20.525 0.128
2338.70388 20.242 0.114
2338.71492 20.169 0.106
2338.72577 20.128 0.104
2338.73667 20.135 0.137
2338.74757 20.305 0.140
2338.75848 20.158 0.148
2338.76941 20.311 0.125
2338.78242 20.324 0.147
2338.79332 20.255 0.141
2338.80423 20.636 0.181
2338.81515 20.338 0.138
2339.58465 20.182 0.100
2339.59551 20.153 0.129
2339.60644 20.238 0.111
2339.61733 20.152 0.097
2339.62819 20.259 0.111
2339.64185 20.466 0.132
2339.65273 20.295 0.132
2339.66366 20.286 0.107
2339.67457 20.621 0.130
2339.68542 20.509 0.117
2339.69628 20.559 0.113
2339.70730 20.602 0.111
2339.71819 20.545 0.105
2339.72908 20.417 0.096
2339.74000 20.415 0.100
2339.75086 20.324 0.095
2339.76179 20.287 0.096
2339.77287 20.247 0.102
2339.78374 20.347 0.106
2339.79464 20.160 0.105
2339.80552 20.262 0.108
2340.59468 20.327 0.139
2340.60555 20.610 0.182
2340.62712 20.331 0.125
2340.63803 20.290 0.136
2340.65427 20.307 0.138
2340.66518 20.462 0.152
2340.67606 20.179 0.115
2340.68695 20.354 0.120
2340.69783 20.357 0.105
2340.70869 20.562 0.137
2340.71981 20.239 0.111
2340.73070 20.391 0.121
2340.74156 20.541 0.141
2340.75249 20.762 0.162
2340.76341 20.445 0.124
2340.77427 20.706 0.155
2340.78533 20.678 0.146
2340.79625 20.278 0.112
2340.80715 20.150 0.103
2340.82398 20.230 0.115
2340.83484 20.262 0.119
2341.59438 20.571 0.156
2341.60527 20.292 0.123
2341.61621 20.459 0.135
2341.63270 20.480 0.129
2341.64356 20.204 0.103
2341.65925 20.811 0.164
2341.67013 20.498 0.120
2341.68100 20.311 0.103
2341.69187 20.328 0.108
2341.70276 20.127 0.092
2341.71365 20.231 0.103
2341.72497 20.066 0.089
2341.73581 20.229 0.112
2341.74673 20.245 0.107
2341.75760 20.229 0.103
2341.76849 20.570 0.127
2341.77941 20.415 0.114
2341.79085 20.756 0.192
2341.80177 20.475 0.137
2341.81262 20.626 0.162
2342.58276 20.448 0.154
2342.65888 20.808 0.152
2342.66972 20.545 0.130
2342.68063 20.552 0.113
2342.69150 20.637 0.130
2342.70235 20.431 0.113
2342.71322 20.432 0.115
2342.72431 20.265 0.105
2342.73518 20.332 0.108
2342.74602 20.279 0.108
2342.75690 20.388 0.125
2342.76776 20.205 0.107
2342.77860 20.287 0.119
2342.78970 20.210 0.126
2342.80056 20.222 0.147
2343.56774 21.022 0.286
2343.57861 20.318 0.138
2343.59678 20.133 0.117
2343.60765 20.143 0.103
2343.61852 20.319 0.141
2343.62938 20.364 0.134
2343.64027 20.268 0.117
2343.65114 20.368 0.118
2343.66246 20.464 0.120
2343.67338 20.376 0.108
2343.68428 20.317 0.106
2343.69517 20.314 0.097
2343.70606 20.447 0.113
2343.71693 20.543 0.129
2343.72802 20.732 0.151
2343.73890 20.924 0.226
2343.74979 20.428 0.119
2343.76072 20.435 0.123
2343.77163 20.451 0.129
2343.78255 20.490 0.127
2343.79358 20.342 0.111
2343.80670 20.346 0.114
2343.81762 20.404 0.124
2343.82852 20.464 0.140
2344.57010 20.241 0.117
2344.58102 20.492 0.148
2344.59190 20.373 0.121
2344.60279 20.495 0.123
2344.61368 20.511 0.132
2344.62460 20.538 0.123
2344.63564 20.503 0.129
2344.64652 20.368 0.102
2344.65745 20.443 0.122
2344.66830 20.374 0.110
2344.67923 20.256 0.094
2344.69012 20.417 0.099
2344.70116 20.207 0.087
2344.71202 20.420 0.105
2344.72291 20.389 0.107
2344.73383 20.395 0.104
2344.74478 20.473 0.113
2344.75567 20.419 0.115
2344.76674 20.626 0.132
2344.77764 20.770 0.170
2344.78854 20.439 0.121
2344.79938 20.428 0.140
2344.81642 20.269 0.127
2344.82731 20.268 0.126
2345.58324 20.227 0.143
2345.59414 20.391 0.154
2345.60501 20.388 0.150
2345.62302 20.510 0.142
2345.63390 20.570 0.158
2345.64483 20.434 0.112
2345.65569 20.719 0.170
2345.66661 20.629 0.152
2345.67752 20.389 0.111
2345.68873 20.397 0.112
2345.69967 20.359 0.113
2345.71058 20.599 0.146
2345.72147 20.088 0.092
2345.73236 20.326 0.123
2345.74323 20.028 0.091
2345.76530 20.438 0.116
2345.77638 20.392 0.113
2345.78726 20.374 0.110
2345.79818 20.452 0.127
2345.80907 20.794 0.171
2346.58414 20.091 0.108
2346.59503 20.210 0.107
2346.60592 20.349 0.126
2346.61681 20.423 0.119
2346.62769 20.246 0.098
2346.63970 20.229 0.095
2346.65063 20.236 0.099
2346.66151 20.482 0.121
2346.67241 20.658 0.134
2346.68332 20.501 0.108
2346.69422 20.746 0.146
2346.70527 20.791 0.171
2346.71621 20.708 0.153
2346.72707 20.402 0.114
2346.73797 20.865 0.177
2346.74879 20.560 0.127
2346.75970 20.561 0.160
2346.77076 20.373 0.138
2346.78165 19.954 0.099
2346.79258 20.272 0.127
2346.80345 20.313 0.127
2347.57625 20.702 0.187
2347.58712 20.736 0.181
2347.59797 20.581 0.153
2347.60882 20.524 0.144
2347.61974 20.199 0.106
2347.63067 20.618 0.154
2347.64289 20.167 0.124
2347.65382 20.395 0.137
2347.66471 20.234 0.115
2347.67559 20.365 0.119
2347.68656 20.112 0.116
2347.69747 20.537 0.161
2347.70857 20.600 0.181
2347.71949 20.408 0.170
2347.73040 20.647 0.147
2347.74129 20.594 0.123
2347.75220 20.553 0.121
2347.76307 20.531 0.122
2347.77439 20.602 0.154
2347.78528 20.416 0.146
2349.58410 20.116 0.133
2349.59501 20.010 0.114
2349.60593 20.223 0.132
2349.61681 20.145 0.112
2349.62766 20.266 0.116
2349.63857 20.454 0.129
2349.65180 20.486 0.120
2349.66271 20.737 0.154
2349.67361 20.614 0.131
2349.68448 20.445 0.103
2349.69536 20.647 0.131
2349.70627 20.559 0.129
2349.71734 20.234 0.091
2349.72822 20.392 0.112
2349.73917 20.193 0.083
2349.75006 20.253 0.094
2349.76099 20.226 0.086
2349.77191 20.296 0.092
2349.78468 20.407 0.119
2349.79557 20.283 0.111
2349.80645 20.314 0.125
2350.56916 20.494 0.171
2350.58009 20.716 0.195
2350.59101 20.342 0.141
2350.60526 20.349 0.145
2350.61614 20.189 0.120
2350.62704 20.399 0.133
2350.63790 20.185 0.110
2350.64881 20.287 0.114
2350.65970 20.316 0.109
2350.67095 20.149 0.095
2350.68185 20.493 0.126
2350.69277 20.347 0.104
2350.70366 20.660 0.134
2350.71455 20.722 0.134
2350.72545 20.817 0.151
2350.73687 20.757 0.141
2350.74780 20.372 0.101
2350.75869 20.411 0.109
2350.76959 20.671 0.144
2350.78047 20.119 0.092
2350.79133 20.411 0.117
2350.80938 20.187 0.099
2351.57019 20.486 0.165
2351.58105 20.694 0.185
2351.59194 20.653 0.167
2351.60326 20.504 0.153
2351.61417 20.714 0.175
2351.62507 20.491 0.140
2351.63599 20.561 0.128
2351.64685 20.352 0.102
2351.65775 20.207 0.083
2351.66908 20.095 0.083
2351.67999 20.135 0.084
2351.69085 20.473 0.107
2351.70367 20.371 0.105
2351.71453 20.280 0.093
2351.72730 20.566 0.115
2351.73814 20.491 0.118
2351.76482 20.817 0.165
2351.77601 20.651 0.143
2351.78687 20.504 0.127
2351.80374 20.623 0.137
2352.62420 20.551 0.157
2352.63512 20.530 0.150
2352.64600 20.760 0.183
2352.65691 20.473 0.137
2352.66784 20.304 0.110
2352.68385 20.258 0.104
2352.69469 20.169 0.099
2352.70560 20.336 0.109
2352.71645 20.236 0.108
2352.72737 20.057 0.096
2352.74345 20.395 0.126
2352.75436 20.132 0.100
2352.76599 20.132 0.100
2352.78487 20.519 0.163
2352.79577 20.584 0.173
2352.80666 21.329 0.381
2353.57009 20.200 0.133
2353.58100 20.447 0.193
2353.59188 20.291 0.123
2353.60277 20.432 0.137
2353.61366 20.446 0.141
2353.62452 20.351 0.130
2353.63767 20.421 0.113
2353.64857 20.496 0.119
2353.65945 20.384 0.101
2353.67033 20.536 0.124
2353.68122 20.578 0.122
2353.69208 20.826 0.176
2353.71011 20.390 0.123
2353.72102 20.498 0.135
2353.73188 20.324 0.111
2353.74277 20.326 0.121
2353.75370 20.088 0.097
2353.76457 20.160 0.111
2353.77601 20.427 0.146
2353.79143 20.493 0.178
2353.80233 20.407 0.152
2353.81323 20.310 0.142
2353.82418 20.892 0.233
2354.56925 20.825 0.306
2354.58015 21.057 0.337
2354.59106 20.566 0.240
2354.60196 20.822 0.263
2354.61289 20.434 0.163
2354.62377 20.182 0.127
2354.63484 20.320 0.131
2354.65003 20.261 0.113
2354.66184 20.075 0.095
2354.67274 20.156 0.092
2354.68366 20.386 0.102
2354.71535 20.601 0.137
2354.73077 20.876 0.179
2354.74170 20.533 0.148
2354.75255 20.613 0.152
2354.77079 20.272 0.132
2354.78170 20.407 0.149
2354.79261 20.315 0.133
2354.80348 20.614 0.192
2355.57955 20.491 0.169
2355.59052 20.511 0.163
2355.60247 20.720 0.207
2355.61334 20.850 0.220
2355.62423 20.622 0.173
2355.63606 20.529 0.132
2355.64697 20.511 0.129
2355.65789 20.662 0.199
2355.66882 20.330 0.120
2355.67973 20.339 0.095
2355.69063 20.143 0.080
2355.70196 20.335 0.109
2355.71285 20.370 0.098
2355.72377 20.282 0.090
2355.73468 20.391 0.103
2355.74556 20.626 0.117
2355.75645 20.259 0.096
2355.77133 20.684 0.155
2355.78304 20.724 0.178
2355.79395 20.574 0.151
2356.57826 20.513 0.186
2356.58916 20.267 0.135
2356.60007 20.417 0.144
2356.62685 20.431 0.127
2356.63772 20.720 0.193
2356.64872 20.535 0.169
2356.65962 20.728 0.208
2356.67049 20.782 0.247
2356.68140 20.709 0.197
2356.69890 20.242 0.156
2356.70979 20.272 0.150
2356.72071 20.290 0.122
2356.73160 20.361 0.118
2356.74254 20.360 0.131
2356.75344 20.240 0.122
2356.76925 20.059 0.103
2356.78021 20.318 0.135
2356.79166 20.487 0.153
2356.80399 20.564 0.187
2357.58024 20.973 0.418
2357.58970 20.566 0.275
2357.60059 20.455 0.242
2357.61150 20.252 0.164
2357.62243 20.499 0.234
2357.63332 20.262 0.144
2357.64472 20.222 0.130
2357.65557 20.371 0.140
2357.66650 20.634 0.218
2357.67740 20.651 0.187
2357.68831 20.360 0.144
2357.69918 20.523 0.162
2357.71263 20.750 0.185
2357.72551 20.602 0.148
2357.73642 20.281 0.109
2357.74734 20.261 0.109
2357.75882 20.358 0.117
2357.77037 20.182 0.100
2357.78426 20.223 0.116
2357.79515 20.421 0.159
2358.58008 20.695 0.186
2358.59098 20.868 0.204
2358.60844 20.655 0.167
2358.61934 20.321 0.114
2358.63024 20.217 0.098
2358.64110 20.363 0.108
2358.65200 20.457 0.116
2358.66288 20.208 0.091
2358.67584 20.281 0.099
2358.68677 20.276 0.095
2358.69767 20.316 0.101
2358.70856 20.288 0.095
2358.71949 20.448 0.113
2358.73039 20.595 0.131
2358.74185 20.643 0.139
2358.75348 20.694 0.163
2358.77993 20.501 0.164
2358.79089 20.312 0.144
2358.80182 20.192 0.137
2359.56759 19.986 0.126
2359.57851 20.765 0.260
2359.59041 20.438 0.187
2359.60133 20.431 0.186
2359.61225 20.229 0.145
2359.62314 20.538 0.187
2359.63405 20.420 0.152
2359.64499 20.220 0.128
2359.65618 20.487 0.155
2359.66709 20.450 0.150
2359.67798 20.379 0.145
2359.69044 20.234 0.126
2359.70129 19.915 0.097
2359.71222 20.169 0.137
2359.72313 20.331 0.138
2359.73469 20.164 0.124
2359.75339 20.472 0.180
2359.76427 20.344 0.172
2359.77516 20.455 0.194
2359.78958 20.832 0.270
2359.80046 20.946 0.313
2360.57139 20.278 0.171
2360.58228 20.143 0.159
2360.59371 20.395 0.161
2360.60543 20.306 0.148
2360.62653 20.135 0.110
2360.63738 20.424 0.138
2360.64826 20.597 0.145
2360.65914 20.494 0.135
2360.67005 20.642 0.155
2360.68100 20.520 0.134
2360.69216 20.675 0.151
2360.70307 20.448 0.122
2360.71479 20.375 0.116
2360.72571 20.309 0.117
2360.74021 20.393 0.127
2360.75112 20.235 0.112
2360.76205 20.292 0.122
2360.77296 20.195 0.114
2360.78498 20.601 0.169
2360.81292 20.346 0.139
2361.58734 20.215 0.174
2361.59827 20.217 0.155
2361.60915 20.381 0.171
2361.62002 20.420 0.187
2361.63095 20.226 0.141
2361.64187 20.111 0.168
2361.65406 20.067 0.127
2361.66494 20.252 0.150
2361.67586 20.035 0.128
2361.68683 20.354 0.190
2361.69775 20.191 0.153
2361.70906 20.640 0.230
2361.72100 20.461 0.213
2361.73291 20.454 0.193
2361.75457 20.093 0.163
2361.76550 20.398 0.197
2361.77637 20.257 0.179
2361.78726 20.540 0.220
2362.56506 20.132 0.213
2362.57707 20.635 0.338
2362.58800 20.700 0.350
2362.59889 20.697 0.324
2362.60979 21.055 0.486
2362.62069 20.622 0.314
2362.63155 20.002 0.188
2362.64899 20.405 0.215
2362.65989 20.246 0.189
2362.67082 19.892 0.140
2363.69760 20.404 0.188
2363.70851 20.356 0.172
2363.73018 20.361 0.164
2363.74200 20.036 0.140
2363.75063 20.298 0.196
2363.76689 20.163 0.187
2363.77779 20.360 0.215
2363.78871 20.205 0.200
2363.79957 20.359 0.242
2364.56391 20.296 0.164
2364.57480 20.476 0.198
2364.58571 20.026 0.126
2364.59664 20.248 0.159
2364.61254 20.197 0.141
2364.62341 20.520 0.200
2364.63430 20.243 0.160
2364.64519 20.308 0.173
2364.65604 20.446 0.179
2364.66695 20.346 0.170
2364.67833 20.881 0.292
2364.68922 20.493 0.217
2364.73906 20.244 0.187
2364.74993 20.229 0.191
2364.76088 20.406 0.222
2364.77179 20.240 0.202
2365.55063 20.799 0.266
2365.56154 20.829 0.280
2365.57247 20.420 0.184
2365.58340 20.336 0.168
2365.59577 20.318 0.151
2365.61764 20.661 0.207
2365.62852 20.325 0.153
2365.63943 20.220 0.132
2365.65037 20.380 0.132
2365.66125 20.093 0.108
2365.67215 20.255 0.119
2365.68360 20.357 0.129
2365.69449 20.296 0.123
2365.70540 20.268 0.110
2365.72242 20.498 0.156
2365.73481 20.406 0.137
2365.74570 20.349 0.139
2365.76653 20.493 0.203
2366.72417 20.487 0.152
2366.76339 20.615 0.182
2367.80040 20.535 0.198
2367.81133 20.510 0.213
2368.55344 20.677 0.210
2368.56436 20.679 0.216
2368.57525 20.719 0.211
2368.58615 20.357 0.148
2368.59704 20.152 0.109
2368.60797 20.219 0.168
2368.62598 20.171 0.111
2368.63690 20.464 0.143
2368.64779 20.355 0.115
2368.65867 20.351 0.132
2368.66958 20.550 0.157
2368.69001 20.251 0.112
2368.70092 20.514 0.136
2368.71178 20.434 0.127
2368.73337 20.618 0.152
2368.74427 20.586 0.159
2368.76300 20.302 0.138
2368.77393 20.516 0.191
2368.78721 20.441 0.173
2368.79812 20.325 0.208
2368.80905 20.362 0.170
2368.81996 21.008 0.400
2369.56918 20.700 0.190
2369.58014 20.746 0.175
2369.59103 20.478 0.126
2369.60259 20.472 0.127
2369.61685 20.399 0.114
2369.63443 20.503 0.119
2369.64536 20.432 0.108
2369.65627 20.356 0.100
2369.66721 20.286 0.098
2369.67816 20.376 0.099
2369.68999 20.114 0.078
2369.70088 20.267 0.095
2369.71174 20.490 0.112
2369.72319 20.520 0.111
2369.73409 20.340 0.096
2369.74767 20.433 0.120
2369.76284 20.513 0.148
2369.77374 20.334 0.120
2369.78462 20.529 0.156
2370.57860 20.273 0.165
2370.59018 20.604 0.175
2370.60875 20.315 0.174
2370.61964 20.786 0.228
2370.63294 20.782 0.197
2370.64385 20.456 0.140
2370.65470 20.333 0.125
2370.66562 20.382 0.130
2370.67653 20.321 0.126
2370.69058 20.064 0.114
2370.70149 20.295 0.143
2370.71241 20.220 0.119
2370.72330 20.240 0.119
2370.73683 20.314 0.132
2370.74774 20.275 0.137
2370.75860 20.005 0.112
2370.76949 20.503 0.150
2370.78042 20.054 0.113
2371.56460 20.489 0.202
2371.57549 20.222 0.138
2371.58642 20.434 0.153
2371.59728 20.386 0.149
2371.60815 20.255 0.130
2371.61905 20.392 0.137
2371.63195 20.529 0.141
2371.64281 20.406 0.122
2371.65598 20.599 0.129
2371.66979 20.683 0.149
2371.68069 20.343 0.115
2371.69157 20.764 0.154
2371.70245 20.540 0.135
2371.71340 20.499 0.121
2371.72431 20.445 0.129
2371.73887 20.273 0.139
2371.74978 20.385 0.148
2371.76417 20.479 0.187
2372.58464 20.350 0.125
2372.59601 20.393 0.125
2372.60749 20.394 0.118
2372.61841 20.288 0.100
2372.62930 20.234 0.101
2372.64020 20.154 0.087
2372.65112 20.409 0.095
2372.66367 20.222 0.086
2372.67455 20.256 0.089
2372.68544 20.436 0.108
2372.69635 20.376 0.111
2372.70726 20.620 0.143
2372.71819 20.662 0.160
2372.73100 20.821 0.174
2372.74401 20.797 0.166
2372.75899 20.482 0.146
2373.56176 20.213 0.149
2373.57268 20.518 0.163
2373.58354 20.521 0.160
2373.60801 20.588 0.171
2373.61895 20.361 0.122
2373.62987 20.201 0.110
2373.64075 20.388 0.119
2373.65162 20.434 0.130
2373.66253 20.276 0.118
2373.67500 20.321 0.118
2373.68589 20.135 0.106
2373.69679 20.405 0.145
2373.70769 20.278 0.130
2373.71858 20.097 0.115
2373.72949 20.622 0.194
2373.74100 20.572 0.184
2373.75440 20.696 0.213
2377.59103 20.526 0.186
2377.59756 20.527 0.163
2377.60848 20.913 0.253
2377.61933 20.646 0.219
2377.63021 20.966 0.314
2377.64113 20.734 0.247
2377.66574 20.413 0.183
2377.72594 20.373 0.153
2377.73685 20.312 0.126
2377.74780 20.481 0.166
2377.75871 20.320 0.175
2377.76965 20.359 0.181
2378.51901 20.416 0.186
2378.52992 20.423 0.181
2378.54183 20.348 0.166
2378.55274 20.675 0.232
2378.56369 20.134 0.136
2378.57456 20.210 0.141
2378.58546 20.310 0.132
2378.59640 20.174 0.112
2378.61081 20.213 0.109
2378.62171 20.440 0.141
2378.63261 20.446 0.153
2378.64348 20.434 0.155
2378.65796 20.507 0.164
2378.66884 20.819 0.229
2378.67985 20.696 0.212
2378.70110 20.532 0.191
2378.71203 20.472 0.133
2378.72289 20.014 0.109
2378.73376 20.664 0.191
2379.53322 20.400 0.174
2379.54415 20.148 0.145
2379.55550 20.434 0.196
2379.56639 20.340 0.186
2379.57729 20.345 0.210
2379.58820 20.533 0.211
2379.60186 20.285 0.151
2379.61490 20.210 0.129
2379.62578 20.256 0.141
2379.63666 20.582 0.165
2379.64751 20.236 0.113
2379.65839 20.084 0.127
2379.66927 20.278 0.136
2379.68372 20.325 0.136
2379.69456 20.451 0.137
2379.70551 20.687 0.183
2379.71643 21.294 0.314
2379.72735 20.936 0.247
2380.69013 20.379 0.132
2380.70107 20.735 0.248
2380.71195 20.504 0.191
2380.74465 21.091 0.336
2381.51623 20.578 0.210
2381.53203 20.327 0.162
2381.54293 20.182 0.137
2381.55386 20.501 0.221
2381.57945 20.169 0.116
2381.59043 20.393 0.149
2381.60131 20.383 0.156
2381.61218 20.415 0.133
2381.62317 20.746 0.165
2381.63970 20.570 0.143
2381.65062 20.601 0.153
2381.66152 20.516 0.122
2381.67240 20.566 0.126
2381.68330 20.108 0.089
2381.69417 20.488 0.113
2381.70779 20.439 0.115
2381.71874 20.269 0.100
2381.73171 20.378 0.138
2381.74261 20.377 0.118
2381.75351 20.249 0.113
2381.76440 20.537 0.165
2381.77531 20.733 0.198
2381.78621 20.229 0.126
2382.52734 21.108 0.254
2382.54497 20.406 0.144
2382.55592 20.287 0.111
2382.56681 20.211 0.105
2382.57772 20.360 0.125
2382.59276 20.263 0.103
2382.60367 20.289 0.109
2382.61455 20.248 0.098
2382.62541 20.210 0.099
2382.63630 20.236 0.101
2382.64713 20.410 0.114
2382.66435 20.649 0.153
2382.67957 20.665 0.157
2382.69050 20.547 0.153
2382.70142 20.878 0.217
2382.71229 20.346 0.145
2382.72321 20.393 0.155
2382.73551 20.641 0.197
2382.74643 20.228 0.149
2382.75735 20.057 0.135
2382.76822 20.290 0.173
2382.77913 20.029 0.129
2384.57964 20.277 0.127
2384.59055 20.432 0.137
2384.60143 20.430 0.136
2384.61232 20.563 0.144
2384.62322 20.587 0.148
2384.63411 20.500 0.126
2384.64700 20.764 0.168
2384.65790 20.472 0.125
2384.66876 20.474 0.127
2384.67965 20.452 0.123
2386.56625 20.590 0.241
2386.57716 20.535 0.222
2386.58805 19.992 0.159
2386.59895 20.447 0.227
2386.62730 20.058 0.125
2386.63819 20.395 0.167
2386.64909 20.312 0.176
2390.56478 20.675 0.231
2390.57563 20.885 0.264
2390.58654 20.748 0.212
2390.59745 20.307 0.156
2390.60831 20.343 0.161
2390.61921 20.518 0.186
2390.63182 20.326 0.155
2390.64274 20.177 0.139
2390.65363 20.455 0.193
2392.57783 20.295 0.171
2392.58875 20.204 0.157
2392.59965 20.762 0.280
2392.61057 20.435 0.196
2392.62145 20.627 0.263
2392.63239 20.515 0.296
2393.70754 20.519 0.252
2393.71845 20.659 0.280
2393.72937 20.163 0.195
2393.74029 20.270 0.190
2393.75114 20.304 0.188
2393.76202 20.451 0.258
2395.60918 20.523 0.144
2395.62013 20.484 0.136
2395.63107 20.766 0.187
2395.64196 20.376 0.134
2395.65284 20.512 0.159
2395.66375 20.336 0.138
2395.67517 20.243 0.132
2395.68606 20.385 0.172
2395.69698 20.269 0.137
2395.70785 20.082 0.125
2395.71880 20.179 0.136
2395.72970 20.484 0.226
2396.57734 20.278 0.117
2396.58365 20.173 0.101
2396.59455 20.215 0.116
2396.60542 20.252 0.127
2396.61634 20.304 0.132
2396.62717 20.586 0.165
2396.63806 20.480 0.158
2396.65159 20.398 0.149
2396.66249 20.339 0.155
2396.67340 20.250 0.135
2396.68430 20.419 0.158
2396.69517 20.619 0.174
2396.70607 20.267 0.142
2397.59593 20.399 0.131
2397.60684 20.181 0.101
2397.61771 20.164 0.098
2397.62863 20.313 0.115
2397.63953 20.272 0.116
2397.65036 20.245 0.121
2400.57307 20.341 0.108
2400.58397 20.211 0.100
2400.59489 20.285 0.108
2400.60579 20.280 0.104
2400.61670 20.260 0.118
2400.62778 20.438 0.124
2400.63870 20.414 0.140
2400.64959 20.612 0.205
2400.66048 20.234 0.150
2400.67142 20.620 0.195
2401.56325 20.960 0.215
2401.57416 20.511 0.138
2401.58499 20.443 0.123
2401.59590 20.344 0.118
2401.60680 20.409 0.126
2401.61765 20.443 0.124
2401.62896 20.377 0.114
2401.63986 20.209 0.091
2402.56288 20.126 0.104
2402.56737 20.397 0.133
2402.61725 20.458 0.128
2402.62812 20.361 0.112
2402.63904 20.573 0.150
2402.64991 20.364 0.136
2402.66078 20.268 0.132
2403.55082 20.211 0.111
2403.56175 20.285 0.125
2403.57260 20.420 0.135
2403.58350 20.349 0.122
2403.59442 20.318 0.114
2403.60530 20.133 0.097
2404.53490 20.802 0.216
2404.54582 20.792 0.192
2404.55670 20.702 0.170
2404.56760 20.476 0.139
2404.57853 20.361 0.123
2404.58943 20.402 0.116
2404.60363 20.663 0.154
2404.61456 20.377 0.125
2404.62547 20.301 0.118
2404.63639 20.362 0.123
2404.64731 20.199 0.104
2405.53436 20.584 0.172
2405.55169 20.551 0.143
2405.56255 20.560 0.128
2405.57346 20.600 0.135
2405.58436 20.801 0.172
2405.59525 21.112 0.240
2405.60614 20.573 0.140
2406.52452 21.184 0.313
2406.53540 20.066 0.121
2406.54623 20.186 0.131
2406.55714 20.251 0.134
2406.56806 20.284 0.126
2406.57896 20.390 0.135
2406.59798 20.402 0.139
2406.61448 20.742 0.197
2411.52015 20.422 0.177
2411.53106 20.709 0.231
2411.54198 20.433 0.156
2411.55289 20.283 0.144
2411.56378 20.563 0.172
2411.57472 20.438 0.151
2411.58746 20.209 0.126
2411.59834 20.425 0.139
2411.60925 20.369 0.140
2411.62014 20.401 0.151
2413.53291 20.800 0.259
2413.54385 20.097 0.128
2413.55471 20.104 0.139
2413.56561 20.890 0.365
2413.57651 19.857 0.126
2414.49810 20.575 0.183
2414.51073 20.291 0.145
2414.52162 20.292 0.148
2414.53251 20.332 0.153
2414.54337 20.200 0.146
2414.55431 20.359 0.172
2414.56517 20.400 0.171
2415.50572 20.509 0.254
2415.51660 20.385 0.245
2415.52751 20.982 0.374
2415.54931 20.411 0.206
2415.56024 20.410 0.229
2417.51872 20.453 0.191
2417.52960 20.375 0.167
2417.54049 20.387 0.186
2417.55133 20.424 0.190
2417.56221 20.409 0.179
2417.57312 20.552 0.184
2425.51833 20.757 0.230
2433.46895 20.523 0.223
2433.47983 20.552 0.233
2433.49069 20.768 0.288
2433.50157 20.318 0.184
2433.51250 20.320 0.191
2433.52341 20.177 0.152
2433.53470 20.449 0.195
2433.54560 20.530 0.204
2437.50444 20.273 0.150
2625.83064 20.405 0.105
2672.83866 20.245 0.079
2672.84875 20.252 0.086
2672.85890 20.296 0.095
2673.83040 20.307 0.110
2673.84048 20.276 0.124
2673.85056 20.335 0.104
2673.86189 20.331 0.106
2673.86994 20.224 0.106
2674.83871 20.777 0.168
2674.84879 20.712 0.160
2674.85887 20.710 0.186
2674.86895 20.341 0.127
2675.85300 20.419 0.117
2675.86809 20.398 0.113
2676.84843 20.138 0.083
2676.85848 20.287 0.099
2677.84622 20.387 0.112
2677.85633 20.407 0.116
2677.86645 20.315 0.121
2678.85974 20.570 0.136
2678.86989 20.702 0.151
2678.87999 20.686 0.160
2679.85217 20.285 0.097
2679.86228 20.271 0.098
2679.87253 20.343 0.113
2681.77535 20.195 0.098
2681.77867 20.239 0.100
2681.78199 20.292 0.105
2681.78530 20.477 0.131
2681.79192 20.417 0.121
2681.79525 20.474 0.126
2681.79856 20.357 0.120
2681.80188 20.619 0.149
2681.80521 20.543 0.136
2681.80852 20.430 0.129
2681.81183 20.396 0.125
2681.81764 20.381 0.123
2681.82195 20.680 0.213
2681.82526 20.474 0.163
2681.82857 20.489 0.179
2681.83191 20.689 0.201
2681.83549 20.929 0.942
2681.83882 20.767 0.803
2681.84215 20.624 0.707
2681.85022 20.468 0.121
2681.85356 20.435 0.121
2681.85688 20.362 0.110
2681.86021 20.269 0.101
2681.86354 20.547 0.130
2681.86686 20.401 0.117
2681.87018 20.720 0.162
2681.87349 20.238 0.108
3026.84984 20.296 0.067
3026.86050 20.342 0.070
3026.87119 20.252 0.066
3028.83006 20.752 0.178
3028.84072 20.323 0.095
3028.85143 20.712 0.123
3028.86216 20.573 0.100
3028.87285 20.508 0.103
3029.84520 20.268 0.122
3029.85589 20.390 0.111
3029.86655 20.491 0.125
3029.87723 20.383 0.128
3030.79923 20.362 0.086
3030.80993 20.399 0.097
3030.82061 20.388 0.088
3030.83131 20.245 0.078
3030.84205 20.389 0.089
3030.85792 20.305 0.077
3030.86859 20.209 0.075
3031.83680 20.527 0.130
3031.84753 20.594 0.141
3031.85825 20.760 0.158
3031.86895 20.554 0.126
3031.87965 20.575 0.157
3032.80431 20.357 0.096
3032.81500 20.310 0.093
3032.82571 20.297 0.099
3032.83640 20.323 0.100
3032.84709 20.532 0.113
3032.86304 20.422 0.107
3032.87371 20.436 0.111
3032.88439 20.509 0.159
3033.84028 20.170 0.078
3033.85137 20.262 0.088
3033.86207 20.359 0.095
3033.87688 20.253 0.086
3034.85778 20.225 0.081
3035.85117 20.345 0.100
3035.86181 20.715 0.144
3035.87251 20.360 0.107
3035.88320 20.477 0.134
3036.85053 20.299 0.094
3036.86125 20.513 0.109
3036.87197 20.344 0.098
3036.88266 20.506 0.125
3038.80806 20.661 0.148
3040.76057 20.425 0.125
3040.77122 20.178 0.103
3040.78190 20.247 0.120
3040.79281 20.251 0.129
3040.80348 20.021 0.096
3040.81413 20.166 0.101
3040.82529 20.170 0.103
3040.83597 20.115 0.105
3040.84663 20.376 0.127
3040.85761 20.336 0.119
3040.86829 20.132 0.112
3042.81170 20.484 0.158
3042.82235 20.743 0.192
3042.83304 21.163 0.297
3042.84407 21.152 0.303
3043.77699 20.624 0.232
3043.79456 20.063 0.160
3043.80525 20.048 0.138
3043.81591 20.134 0.133
3043.82696 20.104 0.127
3043.83762 20.308 0.156
3043.84831 20.135 0.126
3044.78779 20.553 0.152
3044.79846 20.188 0.148
3044.80918 20.451 0.160
3044.82033 20.379 0.157
3044.83102 20.124 0.112
3044.84170 20.288 0.149
3045.80232 20.637 0.170
3045.81301 20.301 0.139
3045.82368 20.628 0.183
3045.83747 20.303 0.122
3045.84814 20.365 0.137
3046.79703 20.218 0.134
3046.80776 20.550 0.175
3046.81843 20.476 0.162
3046.83011 20.290 0.141
3047.78317 20.424 0.112
3047.79389 20.295 0.101
3047.80457 20.220 0.093
3047.81552 20.165 0.087
3047.82619 20.188 0.102
3047.83691 20.192 0.094
3048.80934 20.533 0.116
3048.82004 20.403 0.112
3048.83074 20.428 0.121
3048.84322 20.329 0.108
3049.77294 20.292 0.095
3049.78365 20.181 0.085
3049.79433 20.301 0.095
3049.79837 20.445 0.108
3049.80901 20.669 0.127
3049.81972 20.602 0.121
3049.83074 20.617 0.135
3050.75641 20.124 0.085
3050.76710 20.417 0.102
3050.77777 20.170 0.084
3050.78894 20.239 0.091
3050.79965 20.203 0.092
3050.81037 20.354 0.098
3050.82125 20.388 0.106
3050.83197 20.363 0.098
3051.73481 20.465 0.128
3051.74549 20.597 0.151
3051.75617 20.636 0.158
3051.76719 20.968 0.231
3051.77784 20.476 0.152
3051.78850 20.306 0.115
3051.79952 20.069 0.094
3051.81019 20.173 0.107
3051.82091 20.365 0.121
3051.83239 20.382 0.119
3052.74563 20.350 0.085
3052.75868 20.493 0.097
3052.76937 20.477 0.108
3052.78005 20.663 0.132
3052.78403 20.510 0.108
3052.79473 20.579 0.118
3052.80540 20.544 0.105
3052.81657 20.398 0.099
3052.82769 20.334 0.097
3053.71539 20.395 0.087
3053.72607 20.224 0.075
3053.73676 20.285 0.087
3053.74774 20.198 0.077
3053.75922 20.293 0.083
3053.76987 20.337 0.085
3053.78054 20.345 0.088
3053.79215 20.286 0.083
3053.80285 20.374 0.090
3053.81349 20.470 0.099
3054.75153 20.101 0.082
3054.76225 20.202 0.090
3054.77295 20.446 0.140
3054.77709 20.413 0.133
3054.78781 20.203 0.099
3054.79847 20.243 0.108
3054.80937 20.242 0.093
3054.82010 20.547 0.131
3054.83074 20.269 0.102
3055.72901 20.401 0.109
3055.73974 20.459 0.116
3055.75043 20.499 0.116
3055.76139 20.591 0.134
3055.77205 20.872 0.179
3055.78281 20.390 0.111
3055.79367 20.251 0.108
3055.80437 20.457 0.142
3055.81502 20.339 0.123
3055.82629 20.271 0.119
3056.75566 20.356 0.085
3056.75965 20.227 0.083
3056.77036 20.468 0.096
3056.78102 20.518 0.101
3056.78508 20.378 0.091
3056.79578 20.203 0.085
3056.80648 20.842 0.173
3056.81820 20.665 0.164
3057.76492 20.334 0.087
3057.77667 20.139 0.076
3057.78737 20.194 0.080
3057.79802 20.368 0.094
3057.80921 20.309 0.093
3058.72165 20.519 0.101
3058.73231 20.345 0.104
3058.74301 20.523 0.117
3058.75388 20.204 0.097
3058.76456 20.308 0.101
3058.77524 20.483 0.117
3058.78681 20.381 0.107
3058.79750 20.334 0.102
3058.80820 20.359 0.108
3059.75554 20.506 0.110
3059.76699 20.466 0.106
3059.77771 20.697 0.124
3059.78841 20.608 0.127
3059.79941 20.428 0.109
3059.81011 20.514 0.119
3060.74464 20.204 0.094
3060.75535 20.412 0.110
3060.76067 20.167 0.084
3060.77135 20.399 0.107
3060.78206 20.209 0.092
3060.79303 20.353 0.107
3060.80369 20.572 0.134
3060.81433 20.581 0.151
3061.67044 20.162 0.125
3061.68112 20.303 0.114
3061.69179 20.100 0.107
3061.70267 20.261 0.120
3061.71338 20.682 0.166
3061.72404 20.473 0.156
3061.73721 20.327 0.130
3061.74790 20.347 0.134
3061.75861 20.177 0.117
3061.76954 20.228 0.134
3061.78024 20.133 0.120
3061.79092 20.337 0.159
3061.80121 20.069 0.129
3061.82615 20.284 0.149
3062.62094 19.797 0.071
3062.63165 20.158 0.101
3062.64235 20.986 0.221
3062.65322 20.334 0.105
3062.66388 20.035 0.087
3062.67455 19.732 0.070
3062.68563 21.685 0.363
3062.70700 21.014 0.222
3062.73142 20.661 0.149
3062.74212 21.166 0.214
3062.76383 20.502 0.116
3062.77450 20.186 0.083
3062.78684 20.433 0.108
3062.79754 20.464 0.121
3063.67715 20.064 0.111
3063.69360 20.490 0.126
3063.70430 20.168 0.105
3063.71500 20.139 0.117
3063.72597 20.097 0.087
3063.73664 20.121 0.096
3064.68289 20.589 0.162
3064.69361 20.621 0.161
3064.70426 20.624 0.164
3064.71597 20.404 0.159
3064.72668 20.084 0.123
3064.73736 20.088 0.109
3064.74904 20.170 0.118
3064.75972 20.061 0.090
3064.77041 20.164 0.099
3064.78130 20.180 0.104
3064.79197 20.239 0.122
3064.80268 20.126 0.107
3066.72865 20.382 0.109
3066.73933 20.354 0.105
3066.75004 20.397 0.126
3066.76163 20.548 0.147
3066.77234 20.588 0.144
3066.78304 20.548 0.127
3067.71044 20.162 0.084
3067.72112 20.301 0.088
3067.73179 20.210 0.085
3067.74264 20.284 0.086
3067.75328 20.167 0.097
3067.76398 20.462 0.111
3067.77502 20.347 0.099
3068.71100 20.786 0.175
3068.72171 20.481 0.159
3068.73241 20.460 0.148
3068.74322 20.142 0.110
3068.75392 20.383 0.134
3068.76462 20.369 0.150
3068.77631 20.048 0.107
3069.71143 20.199 0.093
3069.72208 20.677 0.140
3069.73274 20.307 0.115
3069.74350 20.368 0.141
3069.75421 20.533 0.152
3069.76490 20.317 0.127
3069.77598 20.205 0.161
3069.78669 20.463 0.137
3069.79740 20.259 0.131
3070.70301 20.136 0.125
3070.71368 20.129 0.112
3070.72439 20.171 0.117
3070.73580 20.138 0.111
3070.74650 20.299 0.116
3070.75722 20.283 0.143
3070.76864 20.758 0.231
3071.68713 20.384 0.172
3071.69785 20.192 0.147
3071.70857 20.369 0.152
3071.71967 20.204 0.121
3071.73038 20.299 0.140
3071.74104 20.577 0.197
3071.75680 20.112 0.130
3071.76746 20.065 0.122
3072.71593 20.616 0.176
3072.72660 20.493 0.145
3072.73731 20.459 0.153
3072.74868 20.224 0.118
3072.76447 20.430 0.163
3073.71714 20.281 0.100
3073.72780 20.588 0.129
3073.73847 20.277 0.098
3073.75468 20.604 0.140
3073.76532 20.430 0.125
3073.77604 20.656 0.146
3074.69996 20.528 0.138
3074.71062 20.115 0.086
3074.72130 20.288 0.104
3074.73241 20.266 0.100
3074.74313 20.038 0.082
3074.75381 20.331 0.120
3075.70414 20.601 0.149
3075.71487 20.601 0.134
3075.72556 20.434 0.119
3075.73649 20.195 0.100
3075.74716 20.425 0.129
3075.75788 20.305 0.121
3076.71725 20.674 0.151
3076.72799 20.925 0.198
3076.73871 20.624 0.146
3076.74983 20.390 0.144
3077.68566 20.174 0.100
3077.69633 20.395 0.119
3077.70768 20.488 0.138
3077.71883 20.465 0.147
3077.72956 20.187 0.101
3077.74075 20.546 0.132
3077.75142 20.502 0.143
3077.76212 20.410 0.126
3379.85229 20.463 0.105
3379.86301 20.309 0.098
3380.80118 21.245 0.387
3380.81694 20.703 0.255
3380.82761 20.249 0.128
3380.83832 20.479 0.130
3380.84948 19.833 0.074
3380.86019 21.080 0.337
3380.87088 20.181 0.167
3381.83515 20.193 0.111
3381.84586 20.390 0.134
3381.85661 20.220 0.109
3381.86758 20.247 0.094
3382.78825 19.927 0.072
3382.79892 20.225 0.091
3382.80961 20.397 0.092
3382.82068 20.040 0.066
3382.83136 20.418 0.096
3382.84201 20.440 0.103
3382.85293 20.368 0.101
3382.86363 20.678 0.130
3382.87428 20.569 0.141
3384.79815 20.504 0.110
3385.85765 20.481 0.102
3385.86832 20.404 0.097
3385.87897 20.167 0.119
3386.82965 20.202 0.061
3386.84029 20.351 0.074
3386.85102 20.374 0.072
3386.86202 20.559 0.088
3386.87273 20.677 0.127
3387.81370 20.235 0.110
3387.82440 20.134 0.098
3387.83508 20.280 0.119
3387.84603 20.154 0.106
3387.85677 20.325 0.118
3387.86741 20.031 0.084
3388.82182 20.596 0.163
3388.83250 20.513 0.143
3388.84317 20.077 0.100
3388.85429 20.210 0.103
3388.86493 20.453 0.168
3388.87562 19.896 0.120
3389.81336 20.373 0.106
3389.82402 20.447 0.109
3389.83469 20.401 0.117
3389.84559 20.686 0.134
3389.85626 20.764 0.167
3389.86691 20.268 0.109
3389.87779 20.267 0.116
3390.81722 20.160 0.066
3390.82792 20.134 0.066
3390.83862 20.089 0.067
3390.84953 20.219 0.074
3390.86026 20.426 0.092
3390.87097 20.172 0.080
3391.80982 20.156 0.111
3391.82491 20.302 0.127
3391.83563 20.207 0.110
3391.84631 20.345 0.118
3391.86140 20.100 0.098
3391.87210 19.771 0.082
3392.79871 20.692 0.148
3392.80940 20.507 0.105
3392.82752 20.331 0.097
3392.83421 20.618 0.135
3392.84583 20.578 0.099
3392.85654 20.390 0.092
3392.86720 20.326 0.088
3393.77491 20.500 0.212
3393.78563 20.341 0.160
3393.79631 20.443 0.187
3393.80720 20.398 0.180
3393.81787 20.284 0.154
3393.82856 20.286 0.144
3393.83944 20.539 0.172
3393.85012 21.945 0.626
3393.86086 20.363 0.141
3394.86746 20.258 0.090
3394.87817 20.130 0.080
3395.85369 20.310 0.117
3395.86434 20.301 0.114
3395.87507 20.064 0.094
3396.85691 20.520 0.131
3396.86760 20.480 0.125
3396.87832 20.644 0.143
3397.85085 20.392 0.132
3397.87901 20.605 0.161
3398.85876 20.210 0.082
3398.86943 20.295 0.090
3398.88013 20.301 0.101
3399.85101 20.585 0.170
3399.86172 20.273 0.122
3399.87775 20.141 0.124
3400.82546 20.613 0.148
3400.83621 20.463 0.149
3400.85089 21.044 0.234
3400.86161 20.646 0.206
3400.87230 20.558 0.147
3402.88140 20.146 0.110
3404.71832 20.534 0.123
3410.77309 20.223 0.087
3410.78788 20.456 0.103
3410.80264 20.593 0.113
3410.83743 20.733 0.160
3410.87490 20.183 0.094
3422.66900 21.055 0.340
3422.69891 20.794 0.154
3422.73376 20.464 0.113
3422.75351 20.670 0.195
3422.77268 20.557 0.156
3422.79186 20.290 0.126
3422.80716 20.391 0.107
3422.82200 20.461 0.103
3422.83689 20.295 0.087
3470.48018 20.577 0.228
3470.48936 20.746 0.224
3470.49860 20.411 0.182
3470.50780 20.554 0.176
3470.52348 20.246 0.122
3470.53328 20.418 0.145
3470.54279 20.191 0.118
3470.55193 20.143 0.100
3470.56114 20.511 0.125
3470.57032 20.241 0.096
3470.57952 20.461 0.111
3470.58868 20.826 0.157
3470.59797 20.898 0.158
3470.60716 20.536 0.119
3470.61637 20.299 0.095
3470.62553 20.191 0.082
3470.63473 20.125 0.069
3470.64387 20.062 0.065
3470.65356 20.318 0.090
3470.66841 20.161 0.068
3470.68325 20.238 0.078
3470.69812 20.191 0.076
3470.71296 20.256 0.077
3470.72783 20.230 0.080
3474.50533 20.701 0.212
3474.51581 19.974 0.104
3474.52504 20.213 0.130
3474.53186 20.482 0.172
3474.54101 19.951 0.101
3474.55019 19.864 0.094
3474.55938 20.006 0.102
3474.56865 20.193 0.146
3474.57787 20.365 0.143
3474.58733 20.217 0.117
3474.59649 20.567 0.148
3474.60570 20.620 0.174
3474.61489 20.595 0.176
3474.62413 20.848 0.212
3474.63331 20.603 0.162
3474.64257 20.384 0.118
3474.65173 20.137 0.100
3474.66145 20.153 0.096
3474.67629 20.332 0.100
3474.69111 20.622 0.189
3474.70604 20.229 0.112
3474.72147 20.525 0.170
3478.50351 20.551 0.168
3478.51267 20.045 0.110
3478.52190 20.196 0.134
3478.53106 20.298 0.124
3478.54027 19.948 0.091
3478.54948 20.171 0.098
3478.56172 20.106 0.092
3478.57092 20.693 0.161
3478.58016 20.263 0.105
3478.58931 20.449 0.117
3478.59852 20.745 0.172
3478.60768 20.602 0.146
3478.61690 20.478 0.124
3478.62602 20.657 0.142
3478.63524 20.582 0.122
3478.64443 20.525 0.130
3478.65369 20.408 0.124
3478.66279 20.098 0.085
3478.67244 20.705 0.205
3478.68725 20.665 0.140
3478.70208 20.050 0.079
3482.49510 20.394 0.256
3482.51305 20.999 0.455
3482.61554 21.067 0.240
3482.62469 20.348 0.123
3482.63391 20.702 0.200
3482.64310 20.607 0.157
3482.65365 20.814 0.184
3482.66281 20.200 0.109
