2322.65366 16.653 0.007
2322.67119 16.743 0.008
2322.69298 16.809 0.008
2322.70390 16.778 0.007
2322.71475 16.695 0.007
2322.74847 16.599 0.006
2322.75935 16.575 0.006
2322.77022 16.551 0.006
2322.78111 16.575 0.006
2322.79196 16.570 0.006
2322.80375 16.603 0.006
2322.81467 16.635 0.007
2322.82557 16.682 0.007
2322.83647 16.727 0.007
2322.84742 16.769 0.008
2322.86239 16.782 0.008
2323.77591 16.630 0.008
2323.78679 16.651 0.006
2323.79770 16.698 0.007
2323.80862 16.769 0.007
2323.81951 16.780 0.007
2323.83040 16.760 0.007
2323.84258 16.710 0.007
2323.85344 16.664 0.007
2323.86439 16.631 0.007
2324.65580 16.699 0.007
2324.77661 16.752 0.006
2324.79839 16.761 0.007
2324.82295 16.656 0.007
2324.83571 16.611 0.007
2324.84977 16.593 0.009
2325.81885 16.599 0.007
2326.80045 16.582 0.009
2328.78435 16.634 0.006
2328.79528 16.693 0.006
2328.81709 16.821 0.008
2329.62086 16.776 0.009
2329.79702 16.811 0.008
2329.82627 16.651 0.007
2329.83716 16.625 0.007
2330.79291 16.663 0.009
2330.82562 16.573 0.007
2330.84744 16.570 0.007
2331.66725 16.605 0.009
2331.74614 16.736 0.008
2331.75701 16.684 0.007
2331.76796 16.623 0.007
2331.77884 16.604 0.007
2331.78971 16.582 0.007
2331.80061 16.579 0.008
2331.80454 16.572 0.008
2331.81544 16.570 0.008
2331.82633 16.588 0.008
2333.79770 16.684 0.008
2333.80860 16.740 0.009
2333.82413 16.807 0.009
2333.83501 16.751 0.009
2337.75538 16.582 0.006
2337.76630 16.575 0.006
2337.77721 16.571 0.006
2337.78811 16.573 0.006
2338.73667 16.569 0.007
2338.74757 16.570 0.007
2338.75848 16.578 0.008
2338.76941 16.590 0.007
2338.78242 16.631 0.007
2338.80423 16.734 0.008
2339.75086 16.621 0.006
2339.76179 16.672 0.006
2339.77287 16.747 0.007
2339.79464 16.821 0.008
2339.80552 16.786 0.007
2340.75249 16.790 0.007
2340.77427 16.794 0.007
2340.78533 16.716 0.007
2340.79625 16.655 0.007
2340.80715 16.628 0.007
2340.82398 16.593 0.007
2340.83484 16.592 0.007
2341.74673 16.754 0.007
2341.75760 16.689 0.007
2341.76849 16.642 0.006
2341.79085 16.593 0.007
2342.65888 16.633 0.006
2342.66972 16.691 0.006
2342.68063 16.756 0.006
2342.69150 16.803 0.007
2342.71322 16.790 0.007
2342.72431 16.696 0.007
2342.73518 16.644 0.006
2342.74602 16.618 0.006
2342.75690 16.608 0.007
2342.76776 16.584 0.007
2342.77860 16.556 0.006
2342.78970 16.564 0.007
2342.80056 16.593 0.008
2343.70606 16.641 0.006
2343.71693 16.616 0.006
2343.72802 16.584 0.006
2343.73890 16.570 0.006
2343.74979 16.563 0.006
2343.76072 16.572 0.006
2343.77163 16.589 0.006
2343.78255 16.609 0.006
2343.80670 16.712 0.007
2343.81762 16.752 0.009
2343.82852 16.802 0.008
2344.57010 16.602 0.007
2344.64652 16.785 0.008
2344.66830 16.676 0.006
2344.67923 16.630 0.006
2344.69012 16.612 0.006
2344.70116 16.571 0.006
2344.71202 16.558 0.006
2344.72291 16.575 0.006
2344.73383 16.580 0.006
2344.74478 16.600 0.006
2344.75567 16.626 0.006
2344.76674 16.646 0.006
2344.77764 16.706 0.007
2344.78854 16.761 0.007
2344.79938 16.757 0.008
2344.81642 16.697 0.007
2344.82731 16.672 0.007
2345.59414 16.811 0.009
2345.65569 16.609 0.008
2345.66661 16.573 0.008
2345.67752 16.571 0.006
2345.68873 16.562 0.006
2345.69967 16.564 0.006
2345.72147 16.627 0.007
2345.73236 16.652 0.007
2345.74323 16.718 0.007
2345.77638 16.750 0.007
2345.78726 16.684 0.007
2345.79818 16.652 0.007
2345.80907 16.619 0.007
2346.71621 16.730 0.006
2346.72707 16.795 0.006
2346.73797 16.786 0.006
2346.74879 16.733 0.007
2346.75970 16.667 0.007
2346.77076 16.646 0.006
2346.78165 16.644 0.006
2346.79258 16.579 0.007
2346.80345 16.580 0.007
2347.57625 16.645 0.007
2347.58712 16.623 0.007
2347.59797 16.602 0.007
2347.61974 16.579 0.008
2347.65382 16.599 0.007
2347.66471 16.648 0.008
2347.67559 16.680 0.007
2347.68656 16.720 0.008
2347.69747 16.776 0.008
2347.70857 16.763 0.008
2347.71949 16.720 0.008
2347.73040 16.668 0.007
2347.74129 16.638 0.006
2347.75220 16.608 0.006
2347.76307 16.570 0.006
2347.77439 16.582 0.007
2347.78528 16.572 0.007
2349.58410 16.611 0.008
2349.65180 16.738 0.007
2349.66271 16.688 0.006
2349.67361 16.650 0.006
2349.68448 16.623 0.006
2349.69536 16.585 0.006
2349.70627 16.575 0.006
2349.71734 16.580 0.006
2349.72822 16.565 0.006
2349.73917 16.598 0.006
2349.75006 16.627 0.006
2349.76099 16.633 0.006
2349.77191 16.704 0.006
2349.78468 16.781 0.007
2349.79557 16.809 0.008
2349.80645 16.810 0.008
2350.80938 16.622 0.007
2351.72730 16.831 0.008
2351.73814 16.816 0.007
2351.76482 16.692 0.008
2351.78687 16.605 0.006
2351.80374 16.578 0.008
2352.75436 16.620 0.008
2353.76457 16.561 0.007
2353.77601 16.576 0.007
2353.80233 16.682 0.008
2353.82418 16.775 0.008
2354.75255 16.606 0.007
2354.77079 16.664 0.009
2355.72377 16.616 0.006
2355.73468 16.643 0.007
2355.77133 16.772 0.007
2355.79395 16.696 0.007
2356.72071 16.710 0.008
2356.73160 16.783 0.008
2356.74254 16.770 0.009
2356.75344 16.750 0.010
2356.78021 16.641 0.008
2357.69918 16.776 0.008
2357.71263 16.777 0.008
2357.72551 16.714 0.007
2357.73642 16.663 0.007
2357.74734 16.614 0.007
2357.75882 16.602 0.007
2357.78426 16.572 0.007
2357.79515 16.581 0.007
2358.70856 16.645 0.006
2358.71949 16.622 0.006
2358.73039 16.585 0.006
2358.74185 16.576 0.006
2358.75348 16.576 0.006
2358.77993 16.595 0.007
2358.79089 16.643 0.008
2358.80182 16.682 0.009
2359.64499 16.769 0.008
2359.65618 16.739 0.007
2359.66709 16.685 0.007
2359.67798 16.631 0.007
2359.69044 16.614 0.007
2359.70129 16.588 0.007
2359.71222 16.563 0.007
2359.72313 16.572 0.007
2359.73469 16.589 0.007
2359.75339 16.610 0.008
2359.76427 16.628 0.008
2359.77516 16.703 0.009
2359.80046 16.802 0.010
2360.62653 16.750 0.008
2360.63738 16.678 0.007
2360.64826 16.637 0.007
2360.65914 16.619 0.007
2360.67005 16.599 0.006
2360.68100 16.590 0.006
2360.69216 16.575 0.006
2360.70307 16.580 0.006
2360.71479 16.596 0.006
2360.72571 16.633 0.007
2360.74021 16.680 0.007
2360.75112 16.762 0.007
2360.76205 16.802 0.008
2360.77296 16.828 0.008
2360.78498 16.767 0.008
2360.81292 16.621 0.007
2361.66494 16.578 0.007
2361.67586 16.591 0.007
2361.68683 16.612 0.008
2361.69775 16.642 0.008
2361.70906 16.699 0.009
2361.72100 16.766 0.010
2361.73291 16.821 0.009
2361.75457 16.766 0.010
2361.76550 16.709 0.009
2361.77637 16.640 0.009
2361.78726 16.632 0.009
2362.67082 16.676 0.009
2363.70851 16.672 0.008
2363.73018 16.606 0.008
2363.74200 16.565 0.008
2363.75063 16.555 0.008
2363.76689 16.553 0.009
2363.77779 16.578 0.009
2364.66695 16.703 0.010
2364.68922 16.605 0.008
2364.73906 16.560 0.009
2364.74993 16.574 0.009
2364.76088 16.612 0.009
2364.77179 16.620 0.010
2365.70540 16.576 0.006
2365.72242 16.600 0.008
2365.74570 16.666 0.007
2366.56889 16.817 0.009
2366.57978 16.815 0.009
2366.59072 16.792 0.009
2366.60161 16.693 0.008
2366.62912 16.617 0.007
2366.64006 16.596 0.007
2366.65263 16.571 0.007
2366.66351 16.544 0.008
2366.67948 16.585 0.007
2366.69036 16.601 0.007
2366.72417 16.737 0.007
2366.73505 16.745 0.008
2366.74840 16.736 0.008
2366.76339 16.710 0.008
2366.77431 16.667 0.009
2366.78523 16.615 0.008
2411.52015 16.587 0.007
2411.53106 16.555 0.007
2411.54198 16.609 0.008
2411.58746 16.767 0.008
2411.59834 16.764 0.007
2411.60925 16.753 0.007
2413.52198 16.788 0.008
2413.53291 16.778 0.008
2414.49810 16.784 0.008
2414.51073 16.760 0.008
2415.50572 16.686 0.013
2415.51660 16.621 0.010
2415.52751 16.618 0.009
2417.51872 16.627 0.008
2625.83064 16.621 0.006
2681.86686 16.839 0.007
2681.87018 16.830 0.007
2681.87349 16.836 0.007
3028.87285 16.590 0.006
3040.84663 16.634 0.006
3040.85761 16.700 0.006
3040.86829 16.739 0.007
3041.82023 16.676 0.007
3041.83090 16.722 0.007
3041.84160 16.746 0.007
3044.83102 16.549 0.006
3044.84170 16.563 0.007
3048.78270 16.827 0.006
3048.79340 16.807 0.006
3048.80409 16.808 0.009
3048.83074 16.629 0.006
3048.84322 16.606 0.006
3049.78365 16.687 0.006
3049.79837 16.666 0.006
3049.80901 16.626 0.006
3049.81972 16.601 0.005
3049.83074 16.579 0.006
3050.76710 16.654 0.007
3050.77777 16.621 0.006
3050.78894 16.581 0.006
3050.79965 16.578 0.006
3050.81037 16.580 0.006
3050.82125 16.599 0.006
3050.83197 16.593 0.006
3051.78850 16.579 0.006
3051.79952 16.593 0.006
3051.81019 16.618 0.006
3051.82091 16.670 0.006
3051.83239 16.712 0.006
3052.78403 16.662 0.007
3052.79473 16.696 0.006
3052.80540 16.733 0.006
3052.81657 16.769 0.006
3052.82769 16.762 0.006
3053.76987 16.726 0.006
3053.78054 16.737 0.006
3053.79215 16.761 0.006
3053.80285 16.735 0.006
3053.81349 16.669 0.006
3054.76225 16.758 0.006
3054.77295 16.729 0.007
3054.77709 16.676 0.007
3054.78781 16.629 0.006
3054.79847 16.613 0.006
3054.82010 16.577 0.006
3054.83074 16.547 0.006
3055.78281 16.574 0.006
3055.79367 16.565 0.006
3055.80437 16.551 0.006
3055.81502 16.566 0.006
3055.82629 16.589 0.006
3056.78102 16.572 0.006
3056.78508 16.578 0.007
3056.80648 16.601 0.006
3056.81820 16.642 0.006
3057.79802 16.726 0.006
3058.78681 16.813 0.007
3058.80820 16.775 0.007
3059.77771 16.764 0.006
3059.79941 16.668 0.006
3060.79303 16.607 0.006
3060.80369 16.585 0.006
3060.81433 16.577 0.006
3061.76954 16.558 0.007
3061.78024 16.572 0.007
3061.79092 16.586 0.007
3061.80121 16.603 0.007
3061.82615 16.687 0.008
3062.75314 16.599 0.004
3062.76383 16.606 0.005
3062.78684 16.650 0.005
3062.79754 16.670 0.005
3064.78130 16.710 0.007
3064.79197 16.659 0.007
3064.80268 16.626 0.006
3066.77234 16.583 0.006
3066.78304 16.550 0.005
3067.75328 16.559 0.006
3067.76398 16.561 0.006
3067.77502 16.586 0.006
3068.76462 16.690 0.007
3068.77631 16.737 0.007
3069.76490 16.824 0.008
3069.77598 16.788 0.009
3069.78669 16.719 0.007
3069.79740 16.678 0.007
3070.74650 16.792 0.007
3070.75722 16.717 0.007
3070.76864 16.658 0.007
3071.75680 16.615 0.007
3071.76746 16.579 0.007
3073.77604 16.711 0.007
3074.75381 16.760 0.007
3379.85229 16.649 0.005
3379.86301 16.713 0.006
3381.86758 16.649 0.005
3382.82068 16.697 0.005
3382.84201 16.680 0.006
3382.86363 16.608 0.005
3382.87428 16.570 0.005
3384.79815 16.573 0.005
3385.86832 16.750 0.006
3385.87897 16.686 0.007
3386.85102 16.683 0.005
3386.87273 16.609 0.005
3387.81370 16.710 0.006
3387.82440 16.663 0.006
3387.83508 16.609 0.006
3387.85677 16.566 0.006
3387.86741 16.566 0.005
3388.84317 16.557 0.006
3388.85429 16.565 0.005
3388.86493 16.605 0.007
3388.87562 16.614 0.007
3389.82402 16.582 0.005
3389.84559 16.628 0.005
3389.85626 16.677 0.006
3389.86691 16.736 0.006
3389.87779 16.782 0.007
3390.82792 16.689 0.005
3390.83862 16.751 0.005
3390.84953 16.815 0.006
3390.86026 16.827 0.006
3390.87097 16.783 0.006
3391.80982 16.798 0.007
3391.86140 16.670 0.006
3391.87210 16.642 0.006
3392.83421 16.673 0.005
3392.84583 16.609 0.005
3392.85654 16.609 0.005
3392.86720 16.595 0.005
3393.83944 16.603 0.006
3393.85012 16.593 0.006
3393.86086 16.597 0.006
3394.86746 16.715 0.006
3394.87817 16.772 0.006
3395.85369 16.778 0.007
3395.86434 16.778 0.006
3395.87507 16.711 0.006
3396.86760 16.623 0.006
3397.85085 16.613 0.006
3397.87901 16.553 0.006
3398.86943 16.596 0.005
3398.88013 16.630 0.006
3399.87775 16.783 0.007
3400.83621 16.690 0.007
3400.85089 16.794 0.007
3400.86161 16.824 0.008
3400.87230 16.801 0.007
3402.88140 16.591 0.006
3410.78788 16.573 0.006
3410.80264 16.566 0.005
3410.83743 16.709 0.006
3410.87490 16.801 0.006
3422.77268 16.671 0.006
3422.79186 16.780 0.007
3422.80716 16.843 0.006
3422.82200 16.765 0.006
3422.83689 16.686 0.005
3470.64387 16.607 0.005
3470.69812 16.703 0.005
3470.71296 16.772 0.005
3470.72783 16.798 0.006
3474.57787 16.751 0.008
3474.59649 16.805 0.007
3474.60570 16.822 0.008
3474.61489 16.753 0.007
3474.63331 16.637 0.006
3474.64257 16.631 0.006
3474.65173 16.590 0.006
3474.66145 16.571 0.006
3474.67629 16.563 0.005
3474.69111 16.574 0.006
3474.70604 16.610 0.006
3474.72147 16.650 0.007
3478.62602 16.810 0.006
3478.63524 16.804 0.006
3478.64443 16.808 0.006
3478.65369 16.756 0.007
3478.66279 16.690 0.006
3478.67244 16.688 0.006
3478.68725 16.637 0.006
3478.70208 16.616 0.006
3482.62469 16.634 0.006
3482.64310 16.710 0.007
3482.65365 16.754 0.007
3482.66281 16.807 0.007
